10 38 4
0 0 -1 170 2 35 -1 -1 -1 -1 -1 2 134 
1 1 0 0 0 0 0 0 0 0 0 0 0 
2 1 -1 117 2 14 -1 -1 -1 -1 -1 1 7200 
3 2 0 0 0 0 0 0 0 0 0 0 0 
4 2 0 0 0 0 0 0 0 0 0 0 0 
5 2 -1 322 3 29 -1 -1 -1 -1 -1 2 -60 
6 2 -1 199 2 31 -1 -1 -1 -1 -1 3 181 
7 3 0 0 0 0 0 0 0 0 0 0 0 
8 3 0 0 0 0 0 0 0 0 0 0 0 
9 3 0 0 0 0 0 0 0 0 0 0 0 
10 3 0 0 0 0 0 0 0 0 0 0 0 
11 3 1 0 0 0 0 0 0 0 0 0 0 
12 3 -1 191 2 11 -1 -1 -1 -1 -1 2 6793 
13 3 29 0 0 0 0 0 0 0 0 0 0 
14 3 -1 171 3 26 -1 -1 -1 -1 -1 3 -43 
15 4 0 0 0 0 0 0 0 0 0 0 0 
16 4 0 0 0 0 0 0 0 0 0 0 0 
17 4 0 0 0 0 0 0 0 0 0 0 0 
18 4 0 0 0 0 0 0 0 0 0 0 0 
19 4 0 0 0 0 0 0 0 0 0 0 0 
20 4 0 0 0 0 0 0 0 0 0 0 0 
21 4 0 0 0 0 0 0 0 0 0 0 0 
22 4 0 0 0 0 0 0 0 0 0 0 0 
23 4 0 0 0 0 0 0 0 0 0 0 0 
24 4 0 0 0 0 0 0 0 0 0 0 0 
25 4 -1 260 4 28 -1 -1 -1 -1 -1 2 5598 
26 4 -1 293 1 12 -1 -1 -1 -1 -1 2 -26 
27 4 0 0 0 0 0 0 0 0 0 0 0 
28 4 0 0 0 0 0 0 0 0 0 0 0 
29 4 30 0 0 0 0 0 0 0 0 0 0 
30 4 -1 37 0 22 -1 -1 -1 -1 -1 0 -3 
31 5 0 0 0 0 0 0 0 0 0 0 0 
32 5 0 0 0 0 0 0 0 0 0 0 0 
33 5 0 0 0 0 0 0 0 0 0 0 0 
34 5 0 0 0 0 0 0 0 0 0 0 0 
35 5 0 0 0 0 0 0 0 0 0 0 0 
36 5 0 0 0 0 0 0 0 0 0 0 0 
37 5 0 0 0 0 0 0 0 0 0 0 0 
38 5 0 0 0 0 0 0 0 0 0 0 0 
39 5 0 0 0 0 0 0 0 0 0 0 0 
40 5 0 0 0 0 0 0 0 0 0 0 0 
41 5 0 0 0 0 0 0 0 0 0 0 0 
42 5 0 0 0 0 0 0 0 0 0 0 0 
43 5 0 0 0 0 0 0 0 0 0 0 0 
44 5 0 0 0 0 0 0 0 0 0 0 0 
45 5 0 0 0 0 0 0 0 0 0 0 0 
46 5 0 0 0 0 0 0 0 0 0 0 0 
47 5 0 0 0 0 0 0 0 0 0 0 0 
48 5 0 0 0 0 0 0 0 0 0 0 0 
49 5 0 0 0 0 0 0 0 0 0 0 0 
50 5 0 0 0 0 0 0 0 0 0 0 0 
51 5 2 0 0 0 0 0 0 0 0 0 0 
52 5 -1 93 4 23 -1 -1 -1 -1 -1 3 2154 
53 5 16 0 0 0 0 0 0 0 0 0 0 
54 5 -1 152 3 39 -1 -1 -1 -1 -1 1 51 
55 5 0 0 0 0 0 0 0 0 0 0 0 
56 5 0 0 0 0 0 0 0 0 0 0 0 
57 5 0 0 0 0 0 0 0 0 0 0 0 
58 5 0 0 0 0 0 0 0 0 0 0 0 
59 5 0 0 0 0 0 0 0 0 0 0 0 
60 5 0 0 0 0 0 0 0 0 0 0 0 
61 5 -1 352 1 10 -1 -1 -1 -1 -1 2 -73 
62 5 37 0 0 0 0 0 0 0 0 0 0 
63 6 0 0 0 0 0 0 0 0 0 0 0 
64 6 0 0 0 0 0 0 0 0 0 0 0 
65 6 0 0 0 0 0 0 0 0 0 0 0 
66 6 0 0 0 0 0 0 0 0 0 0 0 
67 6 0 0 0 0 0 0 0 0 0 0 0 
68 6 0 0 0 0 0 0 0 0 0 0 0 
69 6 0 0 0 0 0 0 0 0 0 0 0 
70 6 0 0 0 0 0 0 0 0 0 0 0 
71 6 0 0 0 0 0 0 0 0 0 0 0 
72 6 0 0 0 0 0 0 0 0 0 0 0 
73 6 0 0 0 0 0 0 0 0 0 0 0 
74 6 0 0 0 0 0 0 0 0 0 0 0 
75 6 0 0 0 0 0 0 0 0 0 0 0 
76 6 0 0 0 0 0 0 0 0 0 0 0 
77 6 0 0 0 0 0 0 0 0 0 0 0 
78 6 0 0 0 0 0 0 0 0 0 0 0 
79 6 0 0 0 0 0 0 0 0 0 0 0 
80 6 0 0 0 0 0 0 0 0 0 0 0 
81 6 0 0 0 0 0 0 0 0 0 0 0 
82 6 0 0 0 0 0 0 0 0 0 0 0 
83 6 0 0 0 0 0 0 0 0 0 0 0 
84 6 0 0 0 0 0 0 0 0 0 0 0 
85 6 0 0 0 0 0 0 0 0 0 0 0 
86 6 0 0 0 0 0 0 0 0 0 0 0 
87 6 0 0 0 0 0 0 0 0 0 0 0 
88 6 0 0 0 0 0 0 0 0 0 0 0 
89 6 0 0 0 0 0 0 0 0 0 0 0 
90 6 0 0 0 0 0 0 0 0 0 0 0 
91 6 0 0 0 0 0 0 0 0 0 0 0 
92 6 0 0 0 0 0 0 0 0 0 0 0 
93 6 0 0 0 0 0 0 0 0 0 0 0 
94 6 0 0 0 0 0 0 0 0 0 0 0 
95 6 0 0 0 0 0 0 0 0 0 0 0 
96 6 0 0 0 0 0 0 0 0 0 0 0 
97 6 0 0 0 0 0 0 0 0 0 0 0 
98 6 0 0 0 0 0 0 0 0 0 0 0 
99 6 0 0 0 0 0 0 0 0 0 0 0 
100 6 0 0 0 0 0 0 0 0 0 0 0 
101 6 0 0 0 0 0 0 0 0 0 0 0 
102 6 0 0 0 0 0 0 0 0 0 0 0 
103 6 0 0 0 0 0 0 0 0 0 0 0 
104 6 0 0 0 0 0 0 0 0 0 0 0 
105 6 -1 89 3 24 -1 -1 -1 -1 -1 1 4 
106 6 -1 20 0 14 -1 -1 -1 -1 -1 2 31 
107 6 0 0 0 0 0 0 0 0 0 0 0 
108 6 0 0 0 0 0 0 0 0 0 0 0 
109 6 -1 133 2 34 -1 -1 -1 -1 -1 3 167 
110 6 -1 45 2 21 -1 -1 -1 -1 -1 3 678 
111 6 0 0 0 0 0 0 0 0 0 0 0 
112 6 0 0 0 0 0 0 0 0 0 0 0 
113 6 0 0 0 0 0 0 0 0 0 0 0 
114 6 0 0 0 0 0 0 0 0 0 0 0 
115 6 0 0 0 0 0 0 0 0 0 0 0 
116 6 0 0 0 0 0 0 0 0 0 0 0 
117 6 0 0 0 0 0 0 0 0 0 0 0 
118 6 0 0 0 0 0 0 0 0 0 0 0 
119 6 0 0 0 0 0 0 0 0 0 0 0 
120 6 0 0 0 0 0 0 0 0 0 0 0 
121 6 0 0 0 0 0 0 0 0 0 0 0 
122 6 0 0 0 0 0 0 0 0 0 0 0 
123 6 -1 190 3 13 -1 -1 -1 -1 -1 1 -72 
124 6 36 0 0 0 0 0 0 0 0 0 0 
125 6 0 0 0 0 0 0 0 0 0 0 0 
126 6 0 0 0 0 0 0 0 0 0 0 0 
127 7 0 0 0 0 0 0 0 0 0 0 0 
128 7 0 0 0 0 0 0 0 0 0 0 0 
129 7 0 0 0 0 0 0 0 0 0 0 0 
130 7 0 0 0 0 0 0 0 0 0 0 0 
131 7 0 0 0 0 0 0 0 0 0 0 0 
132 7 0 0 0 0 0 0 0 0 0 0 0 
133 7 0 0 0 0 0 0 0 0 0 0 0 
134 7 0 0 0 0 0 0 0 0 0 0 0 
135 7 0 0 0 0 0 0 0 0 0 0 0 
136 7 0 0 0 0 0 0 0 0 0 0 0 
137 7 0 0 0 0 0 0 0 0 0 0 0 
138 7 0 0 0 0 0 0 0 0 0 0 0 
139 7 0 0 0 0 0 0 0 0 0 0 0 
140 7 0 0 0 0 0 0 0 0 0 0 0 
141 7 0 0 0 0 0 0 0 0 0 0 0 
142 7 0 0 0 0 0 0 0 0 0 0 0 
143 7 0 0 0 0 0 0 0 0 0 0 0 
144 7 0 0 0 0 0 0 0 0 0 0 0 
145 7 0 0 0 0 0 0 0 0 0 0 0 
146 7 0 0 0 0 0 0 0 0 0 0 0 
147 7 0 0 0 0 0 0 0 0 0 0 0 
148 7 0 0 0 0 0 0 0 0 0 0 0 
149 7 0 0 0 0 0 0 0 0 0 0 0 
150 7 0 0 0 0 0 0 0 0 0 0 0 
151 7 0 0 0 0 0 0 0 0 0 0 0 
152 7 0 0 0 0 0 0 0 0 0 0 0 
153 7 0 0 0 0 0 0 0 0 0 0 0 
154 7 0 0 0 0 0 0 0 0 0 0 0 
155 7 0 0 0 0 0 0 0 0 0 0 0 
156 7 0 0 0 0 0 0 0 0 0 0 0 
157 7 0 0 0 0 0 0 0 0 0 0 0 
158 7 0 0 0 0 0 0 0 0 0 0 0 
159 7 0 0 0 0 0 0 0 0 0 0 0 
160 7 0 0 0 0 0 0 0 0 0 0 0 
161 7 0 0 0 0 0 0 0 0 0 0 0 
162 7 0 0 0 0 0 0 0 0 0 0 0 
163 7 0 0 0 0 0 0 0 0 0 0 0 
164 7 0 0 0 0 0 0 0 0 0 0 0 
165 7 0 0 0 0 0 0 0 0 0 0 0 
166 7 0 0 0 0 0 0 0 0 0 0 0 
167 7 0 0 0 0 0 0 0 0 0 0 0 
168 7 0 0 0 0 0 0 0 0 0 0 0 
169 7 0 0 0 0 0 0 0 0 0 0 0 
170 7 0 0 0 0 0 0 0 0 0 0 0 
171 7 0 0 0 0 0 0 0 0 0 0 0 
172 7 0 0 0 0 0 0 0 0 0 0 0 
173 7 0 0 0 0 0 0 0 0 0 0 0 
174 7 0 0 0 0 0 0 0 0 0 0 0 
175 7 0 0 0 0 0 0 0 0 0 0 0 
176 7 0 0 0 0 0 0 0 0 0 0 0 
177 7 0 0 0 0 0 0 0 0 0 0 0 
178 7 0 0 0 0 0 0 0 0 0 0 0 
179 7 0 0 0 0 0 0 0 0 0 0 0 
180 7 0 0 0 0 0 0 0 0 0 0 0 
181 7 0 0 0 0 0 0 0 0 0 0 0 
182 7 0 0 0 0 0 0 0 0 0 0 0 
183 7 0 0 0 0 0 0 0 0 0 0 0 
184 7 0 0 0 0 0 0 0 0 0 0 0 
185 7 0 0 0 0 0 0 0 0 0 0 0 
186 7 0 0 0 0 0 0 0 0 0 0 0 
187 7 0 0 0 0 0 0 0 0 0 0 0 
188 7 0 0 0 0 0 0 0 0 0 0 0 
189 7 0 0 0 0 0 0 0 0 0 0 0 
190 7 0 0 0 0 0 0 0 0 0 0 0 
191 7 0 0 0 0 0 0 0 0 0 0 0 
192 7 0 0 0 0 0 0 0 0 0 0 0 
193 7 0 0 0 0 0 0 0 0 0 0 0 
194 7 0 0 0 0 0 0 0 0 0 0 0 
195 7 0 0 0 0 0 0 0 0 0 0 0 
196 7 0 0 0 0 0 0 0 0 0 0 0 
197 7 0 0 0 0 0 0 0 0 0 0 0 
198 7 0 0 0 0 0 0 0 0 0 0 0 
199 7 0 0 0 0 0 0 0 0 0 0 0 
200 7 0 0 0 0 0 0 0 0 0 0 0 
201 7 0 0 0 0 0 0 0 0 0 0 0 
202 7 0 0 0 0 0 0 0 0 0 0 0 
203 7 0 0 0 0 0 0 0 0 0 0 0 
204 7 0 0 0 0 0 0 0 0 0 0 0 
205 7 0 0 0 0 0 0 0 0 0 0 0 
206 7 0 0 0 0 0 0 0 0 0 0 0 
207 7 0 0 0 0 0 0 0 0 0 0 0 
208 7 0 0 0 0 0 0 0 0 0 0 0 
209 7 0 0 0 0 0 0 0 0 0 0 0 
210 7 0 0 0 0 0 0 0 0 0 0 0 
211 7 3 0 0 0 0 0 0 0 0 0 0 
212 7 -1 259 2 18 -1 -1 -1 -1 -1 0 1059 
213 7 -1 191 0 36 -1 -1 -1 -1 -1 0 -1 
214 7 15 0 0 0 0 0 0 0 0 0 0 
215 7 0 0 0 0 0 0 0 0 0 0 0 
216 7 0 0 0 0 0 0 0 0 0 0 0 
217 7 0 0 0 0 0 0 0 0 0 0 0 
218 7 0 0 0 0 0 0 0 0 0 0 0 
219 7 -1 125 2 11 -1 -1 -1 -1 -1 0 10548 
220 7 25 0 0 0 0 0 0 0 0 0 0 
221 7 26 0 0 0 0 0 0 0 0 0 0 
222 7 -1 206 3 24 -1 -1 -1 -1 -1 2 26 
223 7 0 0 0 0 0 0 0 0 0 0 0 
224 7 0 0 0 0 0 0 0 0 0 0 0 
225 7 0 0 0 0 0 0 0 0 0 0 0 
226 7 0 0 0 0 0 0 0 0 0 0 0 
227 7 0 0 0 0 0 0 0 0 0 0 0 
228 7 0 0 0 0 0 0 0 0 0 0 0 
229 7 0 0 0 0 0 0 0 0 0 0 0 
230 7 0 0 0 0 0 0 0 0 0 0 0 
231 7 0 0 0 0 0 0 0 0 0 0 0 
232 7 0 0 0 0 0 0 0 0 0 0 0 
233 7 0 0 0 0 0 0 0 0 0 0 0 
234 7 0 0 0 0 0 0 0 0 0 0 0 
235 7 0 0 0 0 0 0 0 0 0 0 0 
236 7 0 0 0 0 0 0 0 0 0 0 0 
237 7 0 0 0 0 0 0 0 0 0 0 0 
238 7 0 0 0 0 0 0 0 0 0 0 0 
239 7 0 0 0 0 0 0 0 0 0 0 0 
240 7 0 0 0 0 0 0 0 0 0 0 0 
241 7 0 0 0 0 0 0 0 0 0 0 0 
242 7 0 0 0 0 0 0 0 0 0 0 0 
243 7 0 0 0 0 0 0 0 0 0 0 0 
244 7 0 0 0 0 0 0 0 0 0 0 0 
245 7 0 0 0 0 0 0 0 0 0 0 0 
246 7 0 0 0 0 0 0 0 0 0 0 0 
247 7 31 0 0 0 0 0 0 0 0 0 0 
248 7 -1 16 1 38 -1 -1 -1 -1 -1 1 8 
249 7 0 0 0 0 0 0 0 0 0 0 0 
250 7 0 0 0 0 0 0 0 0 0 0 0 
251 7 0 0 0 0 0 0 0 0 0 0 0 
252 7 0 0 0 0 0 0 0 0 0 0 0 
253 7 0 0 0 0 0 0 0 0 0 0 0 
254 7 0 0 0 0 0 0 0 0 0 0 0 
255 8 0 0 0 0 0 0 0 0 0 0 0 
256 8 0 0 0 0 0 0 0 0 0 0 0 
257 8 0 0 0 0 0 0 0 0 0 0 0 
258 8 0 0 0 0 0 0 0 0 0 0 0 
259 8 0 0 0 0 0 0 0 0 0 0 0 
260 8 0 0 0 0 0 0 0 0 0 0 0 
261 8 0 0 0 0 0 0 0 0 0 0 0 
262 8 0 0 0 0 0 0 0 0 0 0 0 
263 8 0 0 0 0 0 0 0 0 0 0 0 
264 8 0 0 0 0 0 0 0 0 0 0 0 
265 8 0 0 0 0 0 0 0 0 0 0 0 
266 8 0 0 0 0 0 0 0 0 0 0 0 
267 8 0 0 0 0 0 0 0 0 0 0 0 
268 8 0 0 0 0 0 0 0 0 0 0 0 
269 8 0 0 0 0 0 0 0 0 0 0 0 
270 8 0 0 0 0 0 0 0 0 0 0 0 
271 8 0 0 0 0 0 0 0 0 0 0 0 
272 8 0 0 0 0 0 0 0 0 0 0 0 
273 8 0 0 0 0 0 0 0 0 0 0 0 
274 8 0 0 0 0 0 0 0 0 0 0 0 
275 8 0 0 0 0 0 0 0 0 0 0 0 
276 8 0 0 0 0 0 0 0 0 0 0 0 
277 8 0 0 0 0 0 0 0 0 0 0 0 
278 8 0 0 0 0 0 0 0 0 0 0 0 
279 8 0 0 0 0 0 0 0 0 0 0 0 
280 8 0 0 0 0 0 0 0 0 0 0 0 
281 8 0 0 0 0 0 0 0 0 0 0 0 
282 8 0 0 0 0 0 0 0 0 0 0 0 
283 8 0 0 0 0 0 0 0 0 0 0 0 
284 8 0 0 0 0 0 0 0 0 0 0 0 
285 8 0 0 0 0 0 0 0 0 0 0 0 
286 8 0 0 0 0 0 0 0 0 0 0 0 
287 8 0 0 0 0 0 0 0 0 0 0 0 
288 8 0 0 0 0 0 0 0 0 0 0 0 
289 8 0 0 0 0 0 0 0 0 0 0 0 
290 8 0 0 0 0 0 0 0 0 0 0 0 
291 8 0 0 0 0 0 0 0 0 0 0 0 
292 8 0 0 0 0 0 0 0 0 0 0 0 
293 8 0 0 0 0 0 0 0 0 0 0 0 
294 8 0 0 0 0 0 0 0 0 0 0 0 
295 8 0 0 0 0 0 0 0 0 0 0 0 
296 8 0 0 0 0 0 0 0 0 0 0 0 
297 8 0 0 0 0 0 0 0 0 0 0 0 
298 8 0 0 0 0 0 0 0 0 0 0 0 
299 8 0 0 0 0 0 0 0 0 0 0 0 
300 8 0 0 0 0 0 0 0 0 0 0 0 
301 8 0 0 0 0 0 0 0 0 0 0 0 
302 8 0 0 0 0 0 0 0 0 0 0 0 
303 8 0 0 0 0 0 0 0 0 0 0 0 
304 8 0 0 0 0 0 0 0 0 0 0 0 
305 8 0 0 0 0 0 0 0 0 0 0 0 
306 8 0 0 0 0 0 0 0 0 0 0 0 
307 8 0 0 0 0 0 0 0 0 0 0 0 
308 8 0 0 0 0 0 0 0 0 0 0 0 
309 8 0 0 0 0 0 0 0 0 0 0 0 
310 8 0 0 0 0 0 0 0 0 0 0 0 
311 8 0 0 0 0 0 0 0 0 0 0 0 
312 8 0 0 0 0 0 0 0 0 0 0 0 
313 8 0 0 0 0 0 0 0 0 0 0 0 
314 8 0 0 0 0 0 0 0 0 0 0 0 
315 8 0 0 0 0 0 0 0 0 0 0 0 
316 8 0 0 0 0 0 0 0 0 0 0 0 
317 8 0 0 0 0 0 0 0 0 0 0 0 
318 8 0 0 0 0 0 0 0 0 0 0 0 
319 8 0 0 0 0 0 0 0 0 0 0 0 
320 8 0 0 0 0 0 0 0 0 0 0 0 
321 8 0 0 0 0 0 0 0 0 0 0 0 
322 8 0 0 0 0 0 0 0 0 0 0 0 
323 8 0 0 0 0 0 0 0 0 0 0 0 
324 8 0 0 0 0 0 0 0 0 0 0 0 
325 8 0 0 0 0 0 0 0 0 0 0 0 
326 8 0 0 0 0 0 0 0 0 0 0 0 
327 8 0 0 0 0 0 0 0 0 0 0 0 
328 8 0 0 0 0 0 0 0 0 0 0 0 
329 8 0 0 0 0 0 0 0 0 0 0 0 
330 8 0 0 0 0 0 0 0 0 0 0 0 
331 8 0 0 0 0 0 0 0 0 0 0 0 
332 8 0 0 0 0 0 0 0 0 0 0 0 
333 8 0 0 0 0 0 0 0 0 0 0 0 
334 8 0 0 0 0 0 0 0 0 0 0 0 
335 8 0 0 0 0 0 0 0 0 0 0 0 
336 8 0 0 0 0 0 0 0 0 0 0 0 
337 8 0 0 0 0 0 0 0 0 0 0 0 
338 8 0 0 0 0 0 0 0 0 0 0 0 
339 8 0 0 0 0 0 0 0 0 0 0 0 
340 8 0 0 0 0 0 0 0 0 0 0 0 
341 8 0 0 0 0 0 0 0 0 0 0 0 
342 8 0 0 0 0 0 0 0 0 0 0 0 
343 8 0 0 0 0 0 0 0 0 0 0 0 
344 8 0 0 0 0 0 0 0 0 0 0 0 
345 8 0 0 0 0 0 0 0 0 0 0 0 
346 8 0 0 0 0 0 0 0 0 0 0 0 
347 8 0 0 0 0 0 0 0 0 0 0 0 
348 8 0 0 0 0 0 0 0 0 0 0 0 
349 8 0 0 0 0 0 0 0 0 0 0 0 
350 8 0 0 0 0 0 0 0 0 0 0 0 
351 8 0 0 0 0 0 0 0 0 0 0 0 
352 8 0 0 0 0 0 0 0 0 0 0 0 
353 8 0 0 0 0 0 0 0 0 0 0 0 
354 8 0 0 0 0 0 0 0 0 0 0 0 
355 8 0 0 0 0 0 0 0 0 0 0 0 
356 8 0 0 0 0 0 0 0 0 0 0 0 
357 8 0 0 0 0 0 0 0 0 0 0 0 
358 8 0 0 0 0 0 0 0 0 0 0 0 
359 8 0 0 0 0 0 0 0 0 0 0 0 
360 8 0 0 0 0 0 0 0 0 0 0 0 
361 8 0 0 0 0 0 0 0 0 0 0 0 
362 8 0 0 0 0 0 0 0 0 0 0 0 
363 8 0 0 0 0 0 0 0 0 0 0 0 
364 8 0 0 0 0 0 0 0 0 0 0 0 
365 8 0 0 0 0 0 0 0 0 0 0 0 
366 8 0 0 0 0 0 0 0 0 0 0 0 
367 8 0 0 0 0 0 0 0 0 0 0 0 
368 8 0 0 0 0 0 0 0 0 0 0 0 
369 8 0 0 0 0 0 0 0 0 0 0 0 
370 8 0 0 0 0 0 0 0 0 0 0 0 
371 8 0 0 0 0 0 0 0 0 0 0 0 
372 8 0 0 0 0 0 0 0 0 0 0 0 
373 8 0 0 0 0 0 0 0 0 0 0 0 
374 8 0 0 0 0 0 0 0 0 0 0 0 
375 8 0 0 0 0 0 0 0 0 0 0 0 
376 8 0 0 0 0 0 0 0 0 0 0 0 
377 8 0 0 0 0 0 0 0 0 0 0 0 
378 8 0 0 0 0 0 0 0 0 0 0 0 
379 8 0 0 0 0 0 0 0 0 0 0 0 
380 8 0 0 0 0 0 0 0 0 0 0 0 
381 8 0 0 0 0 0 0 0 0 0 0 0 
382 8 0 0 0 0 0 0 0 0 0 0 0 
383 8 0 0 0 0 0 0 0 0 0 0 0 
384 8 0 0 0 0 0 0 0 0 0 0 0 
385 8 0 0 0 0 0 0 0 0 0 0 0 
386 8 0 0 0 0 0 0 0 0 0 0 0 
387 8 0 0 0 0 0 0 0 0 0 0 0 
388 8 0 0 0 0 0 0 0 0 0 0 0 
389 8 0 0 0 0 0 0 0 0 0 0 0 
390 8 0 0 0 0 0 0 0 0 0 0 0 
391 8 0 0 0 0 0 0 0 0 0 0 0 
392 8 0 0 0 0 0 0 0 0 0 0 0 
393 8 0 0 0 0 0 0 0 0 0 0 0 
394 8 0 0 0 0 0 0 0 0 0 0 0 
395 8 0 0 0 0 0 0 0 0 0 0 0 
396 8 0 0 0 0 0 0 0 0 0 0 0 
397 8 0 0 0 0 0 0 0 0 0 0 0 
398 8 0 0 0 0 0 0 0 0 0 0 0 
399 8 0 0 0 0 0 0 0 0 0 0 0 
400 8 0 0 0 0 0 0 0 0 0 0 0 
401 8 0 0 0 0 0 0 0 0 0 0 0 
402 8 0 0 0 0 0 0 0 0 0 0 0 
403 8 0 0 0 0 0 0 0 0 0 0 0 
404 8 0 0 0 0 0 0 0 0 0 0 0 
405 8 0 0 0 0 0 0 0 0 0 0 0 
406 8 0 0 0 0 0 0 0 0 0 0 0 
407 8 0 0 0 0 0 0 0 0 0 0 0 
408 8 0 0 0 0 0 0 0 0 0 0 0 
409 8 0 0 0 0 0 0 0 0 0 0 0 
410 8 0 0 0 0 0 0 0 0 0 0 0 
411 8 0 0 0 0 0 0 0 0 0 0 0 
412 8 0 0 0 0 0 0 0 0 0 0 0 
413 8 0 0 0 0 0 0 0 0 0 0 0 
414 8 0 0 0 0 0 0 0 0 0 0 0 
415 8 0 0 0 0 0 0 0 0 0 0 0 
416 8 0 0 0 0 0 0 0 0 0 0 0 
417 8 0 0 0 0 0 0 0 0 0 0 0 
418 8 0 0 0 0 0 0 0 0 0 0 0 
419 8 0 0 0 0 0 0 0 0 0 0 0 
420 8 0 0 0 0 0 0 0 0 0 0 0 
421 8 0 0 0 0 0 0 0 0 0 0 0 
422 8 0 0 0 0 0 0 0 0 0 0 0 
423 8 0 0 0 0 0 0 0 0 0 0 0 
424 8 0 0 0 0 0 0 0 0 0 0 0 
425 8 4 0 0 0 0 0 0 0 0 0 0 
426 8 -1 237 3 15 -1 -1 -1 -1 -1 3 -3 
427 8 -1 221 2 27 -1 -1 -1 -1 -1 1 357 
428 8 -1 57 3 34 -1 -1 -1 -1 -1 0 -17 
429 8 0 0 0 0 0 0 0 0 0 0 0 
430 8 0 0 0 0 0 0 0 0 0 0 0 
431 8 0 0 0 0 0 0 0 0 0 0 0 
432 8 0 0 0 0 0 0 0 0 0 0 0 
433 8 0 0 0 0 0 0 0 0 0 0 0 
434 8 0 0 0 0 0 0 0 0 0 0 0 
435 8 0 0 0 0 0 0 0 0 0 0 0 
436 8 0 0 0 0 0 0 0 0 0 0 0 
437 8 0 0 0 0 0 0 0 0 0 0 0 
438 8 0 0 0 0 0 0 0 0 0 0 0 
439 8 -1 331 4 27 -1 -1 -1 -1 -1 2 5513 
440 8 -1 113 3 17 -1 -1 -1 -1 -1 3 -1 
441 8 0 0 0 0 0 0 0 0 0 0 0 
442 8 0 0 0 0 0 0 0 0 0 0 0 
443 8 0 0 0 0 0 0 0 0 0 0 0 
444 8 0 0 0 0 0 0 0 0 0 0 0 
445 8 27 0 0 0 0 0 0 0 0 0 0 
446 8 28 0 0 0 0 0 0 0 0 0 0 
447 8 0 0 0 0 0 0 0 0 0 0 0 
448 8 0 0 0 0 0 0 0 0 0 0 0 
449 8 0 0 0 0 0 0 0 0 0 0 0 
450 8 0 0 0 0 0 0 0 0 0 0 0 
451 8 0 0 0 0 0 0 0 0 0 0 0 
452 8 0 0 0 0 0 0 0 0 0 0 0 
453 8 0 0 0 0 0 0 0 0 0 0 0 
454 8 0 0 0 0 0 0 0 0 0 0 0 
455 8 0 0 0 0 0 0 0 0 0 0 0 
456 8 0 0 0 0 0 0 0 0 0 0 0 
457 8 0 0 0 0 0 0 0 0 0 0 0 
458 8 0 0 0 0 0 0 0 0 0 0 0 
459 8 0 0 0 0 0 0 0 0 0 0 0 
460 8 0 0 0 0 0 0 0 0 0 0 0 
461 8 0 0 0 0 0 0 0 0 0 0 0 
462 8 0 0 0 0 0 0 0 0 0 0 0 
463 8 0 0 0 0 0 0 0 0 0 0 0 
464 8 0 0 0 0 0 0 0 0 0 0 0 
465 8 0 0 0 0 0 0 0 0 0 0 0 
466 8 0 0 0 0 0 0 0 0 0 0 0 
467 8 0 0 0 0 0 0 0 0 0 0 0 
468 8 0 0 0 0 0 0 0 0 0 0 0 
469 8 0 0 0 0 0 0 0 0 0 0 0 
470 8 0 0 0 0 0 0 0 0 0 0 0 
471 8 0 0 0 0 0 0 0 0 0 0 0 
472 8 0 0 0 0 0 0 0 0 0 0 0 
473 8 0 0 0 0 0 0 0 0 0 0 0 
474 8 0 0 0 0 0 0 0 0 0 0 0 
475 8 0 0 0 0 0 0 0 0 0 0 0 
476 8 0 0 0 0 0 0 0 0 0 0 0 
477 8 0 0 0 0 0 0 0 0 0 0 0 
478 8 0 0 0 0 0 0 0 0 0 0 0 
479 8 0 0 0 0 0 0 0 0 0 0 0 
480 8 0 0 0 0 0 0 0 0 0 0 0 
481 8 0 0 0 0 0 0 0 0 0 0 0 
482 8 0 0 0 0 0 0 0 0 0 0 0 
483 8 0 0 0 0 0 0 0 0 0 0 0 
484 8 0 0 0 0 0 0 0 0 0 0 0 
485 8 0 0 0 0 0 0 0 0 0 0 0 
486 8 0 0 0 0 0 0 0 0 0 0 0 
487 8 0 0 0 0 0 0 0 0 0 0 0 
488 8 0 0 0 0 0 0 0 0 0 0 0 
489 8 0 0 0 0 0 0 0 0 0 0 0 
490 8 0 0 0 0 0 0 0 0 0 0 0 
491 8 0 0 0 0 0 0 0 0 0 0 0 
492 8 0 0 0 0 0 0 0 0 0 0 0 
493 8 0 0 0 0 0 0 0 0 0 0 0 
494 8 0 0 0 0 0 0 0 0 0 0 0 
495 8 0 0 0 0 0 0 0 0 0 0 0 
496 8 0 0 0 0 0 0 0 0 0 0 0 
497 8 -1 177 3 15 -1 -1 -1 -1 -1 0 -55 
498 8 35 0 0 0 0 0 0 0 0 0 0 
499 8 0 0 0 0 0 0 0 0 0 0 0 
500 8 0 0 0 0 0 0 0 0 0 0 0 
501 8 0 0 0 0 0 0 0 0 0 0 0 
502 8 0 0 0 0 0 0 0 0 0 0 0 
503 8 0 0 0 0 0 0 0 0 0 0 0 
504 8 0 0 0 0 0 0 0 0 0 0 0 
505 8 0 0 0 0 0 0 0 0 0 0 0 
506 8 0 0 0 0 0 0 0 0 0 0 0 
507 8 0 0 0 0 0 0 0 0 0 0 0 
508 8 0 0 0 0 0 0 0 0 0 0 0 
509 8 0 0 0 0 0 0 0 0 0 0 0 
510 8 0 0 0 0 0 0 0 0 0 0 0 
511 9 0 0 0 0 0 0 0 0 0 0 0 
512 9 0 0 0 0 0 0 0 0 0 0 0 
513 9 0 0 0 0 0 0 0 0 0 0 0 
514 9 0 0 0 0 0 0 0 0 0 0 0 
515 9 0 0 0 0 0 0 0 0 0 0 0 
516 9 0 0 0 0 0 0 0 0 0 0 0 
517 9 0 0 0 0 0 0 0 0 0 0 0 
518 9 0 0 0 0 0 0 0 0 0 0 0 
519 9 0 0 0 0 0 0 0 0 0 0 0 
520 9 0 0 0 0 0 0 0 0 0 0 0 
521 9 0 0 0 0 0 0 0 0 0 0 0 
522 9 0 0 0 0 0 0 0 0 0 0 0 
523 9 0 0 0 0 0 0 0 0 0 0 0 
524 9 0 0 0 0 0 0 0 0 0 0 0 
525 9 0 0 0 0 0 0 0 0 0 0 0 
526 9 0 0 0 0 0 0 0 0 0 0 0 
527 9 0 0 0 0 0 0 0 0 0 0 0 
528 9 0 0 0 0 0 0 0 0 0 0 0 
529 9 0 0 0 0 0 0 0 0 0 0 0 
530 9 0 0 0 0 0 0 0 0 0 0 0 
531 9 0 0 0 0 0 0 0 0 0 0 0 
532 9 0 0 0 0 0 0 0 0 0 0 0 
533 9 0 0 0 0 0 0 0 0 0 0 0 
534 9 0 0 0 0 0 0 0 0 0 0 0 
535 9 0 0 0 0 0 0 0 0 0 0 0 
536 9 0 0 0 0 0 0 0 0 0 0 0 
537 9 0 0 0 0 0 0 0 0 0 0 0 
538 9 0 0 0 0 0 0 0 0 0 0 0 
539 9 0 0 0 0 0 0 0 0 0 0 0 
540 9 0 0 0 0 0 0 0 0 0 0 0 
541 9 0 0 0 0 0 0 0 0 0 0 0 
542 9 0 0 0 0 0 0 0 0 0 0 0 
543 9 0 0 0 0 0 0 0 0 0 0 0 
544 9 0 0 0 0 0 0 0 0 0 0 0 
545 9 0 0 0 0 0 0 0 0 0 0 0 
546 9 0 0 0 0 0 0 0 0 0 0 0 
547 9 0 0 0 0 0 0 0 0 0 0 0 
548 9 0 0 0 0 0 0 0 0 0 0 0 
549 9 0 0 0 0 0 0 0 0 0 0 0 
550 9 0 0 0 0 0 0 0 0 0 0 0 
551 9 0 0 0 0 0 0 0 0 0 0 0 
552 9 0 0 0 0 0 0 0 0 0 0 0 
553 9 0 0 0 0 0 0 0 0 0 0 0 
554 9 0 0 0 0 0 0 0 0 0 0 0 
555 9 0 0 0 0 0 0 0 0 0 0 0 
556 9 0 0 0 0 0 0 0 0 0 0 0 
557 9 0 0 0 0 0 0 0 0 0 0 0 
558 9 0 0 0 0 0 0 0 0 0 0 0 
559 9 0 0 0 0 0 0 0 0 0 0 0 
560 9 0 0 0 0 0 0 0 0 0 0 0 
561 9 0 0 0 0 0 0 0 0 0 0 0 
562 9 0 0 0 0 0 0 0 0 0 0 0 
563 9 0 0 0 0 0 0 0 0 0 0 0 
564 9 0 0 0 0 0 0 0 0 0 0 0 
565 9 0 0 0 0 0 0 0 0 0 0 0 
566 9 0 0 0 0 0 0 0 0 0 0 0 
567 9 0 0 0 0 0 0 0 0 0 0 0 
568 9 0 0 0 0 0 0 0 0 0 0 0 
569 9 0 0 0 0 0 0 0 0 0 0 0 
570 9 0 0 0 0 0 0 0 0 0 0 0 
571 9 0 0 0 0 0 0 0 0 0 0 0 
572 9 0 0 0 0 0 0 0 0 0 0 0 
573 9 0 0 0 0 0 0 0 0 0 0 0 
574 9 0 0 0 0 0 0 0 0 0 0 0 
575 9 0 0 0 0 0 0 0 0 0 0 0 
576 9 0 0 0 0 0 0 0 0 0 0 0 
577 9 0 0 0 0 0 0 0 0 0 0 0 
578 9 0 0 0 0 0 0 0 0 0 0 0 
579 9 0 0 0 0 0 0 0 0 0 0 0 
580 9 0 0 0 0 0 0 0 0 0 0 0 
581 9 0 0 0 0 0 0 0 0 0 0 0 
582 9 0 0 0 0 0 0 0 0 0 0 0 
583 9 0 0 0 0 0 0 0 0 0 0 0 
584 9 0 0 0 0 0 0 0 0 0 0 0 
585 9 0 0 0 0 0 0 0 0 0 0 0 
586 9 0 0 0 0 0 0 0 0 0 0 0 
587 9 0 0 0 0 0 0 0 0 0 0 0 
588 9 0 0 0 0 0 0 0 0 0 0 0 
589 9 0 0 0 0 0 0 0 0 0 0 0 
590 9 0 0 0 0 0 0 0 0 0 0 0 
591 9 0 0 0 0 0 0 0 0 0 0 0 
592 9 0 0 0 0 0 0 0 0 0 0 0 
593 9 0 0 0 0 0 0 0 0 0 0 0 
594 9 0 0 0 0 0 0 0 0 0 0 0 
595 9 0 0 0 0 0 0 0 0 0 0 0 
596 9 0 0 0 0 0 0 0 0 0 0 0 
597 9 0 0 0 0 0 0 0 0 0 0 0 
598 9 0 0 0 0 0 0 0 0 0 0 0 
599 9 0 0 0 0 0 0 0 0 0 0 0 
600 9 0 0 0 0 0 0 0 0 0 0 0 
601 9 0 0 0 0 0 0 0 0 0 0 0 
602 9 0 0 0 0 0 0 0 0 0 0 0 
603 9 0 0 0 0 0 0 0 0 0 0 0 
604 9 0 0 0 0 0 0 0 0 0 0 0 
605 9 0 0 0 0 0 0 0 0 0 0 0 
606 9 0 0 0 0 0 0 0 0 0 0 0 
607 9 0 0 0 0 0 0 0 0 0 0 0 
608 9 0 0 0 0 0 0 0 0 0 0 0 
609 9 0 0 0 0 0 0 0 0 0 0 0 
610 9 0 0 0 0 0 0 0 0 0 0 0 
611 9 0 0 0 0 0 0 0 0 0 0 0 
612 9 0 0 0 0 0 0 0 0 0 0 0 
613 9 0 0 0 0 0 0 0 0 0 0 0 
614 9 0 0 0 0 0 0 0 0 0 0 0 
615 9 0 0 0 0 0 0 0 0 0 0 0 
616 9 0 0 0 0 0 0 0 0 0 0 0 
617 9 0 0 0 0 0 0 0 0 0 0 0 
618 9 0 0 0 0 0 0 0 0 0 0 0 
619 9 0 0 0 0 0 0 0 0 0 0 0 
620 9 0 0 0 0 0 0 0 0 0 0 0 
621 9 0 0 0 0 0 0 0 0 0 0 0 
622 9 0 0 0 0 0 0 0 0 0 0 0 
623 9 0 0 0 0 0 0 0 0 0 0 0 
624 9 0 0 0 0 0 0 0 0 0 0 0 
625 9 0 0 0 0 0 0 0 0 0 0 0 
626 9 0 0 0 0 0 0 0 0 0 0 0 
627 9 0 0 0 0 0 0 0 0 0 0 0 
628 9 0 0 0 0 0 0 0 0 0 0 0 
629 9 0 0 0 0 0 0 0 0 0 0 0 
630 9 0 0 0 0 0 0 0 0 0 0 0 
631 9 0 0 0 0 0 0 0 0 0 0 0 
632 9 0 0 0 0 0 0 0 0 0 0 0 
633 9 0 0 0 0 0 0 0 0 0 0 0 
634 9 0 0 0 0 0 0 0 0 0 0 0 
635 9 0 0 0 0 0 0 0 0 0 0 0 
636 9 0 0 0 0 0 0 0 0 0 0 0 
637 9 0 0 0 0 0 0 0 0 0 0 0 
638 9 0 0 0 0 0 0 0 0 0 0 0 
639 9 0 0 0 0 0 0 0 0 0 0 0 
640 9 0 0 0 0 0 0 0 0 0 0 0 
641 9 0 0 0 0 0 0 0 0 0 0 0 
642 9 0 0 0 0 0 0 0 0 0 0 0 
643 9 0 0 0 0 0 0 0 0 0 0 0 
644 9 0 0 0 0 0 0 0 0 0 0 0 
645 9 0 0 0 0 0 0 0 0 0 0 0 
646 9 0 0 0 0 0 0 0 0 0 0 0 
647 9 0 0 0 0 0 0 0 0 0 0 0 
648 9 0 0 0 0 0 0 0 0 0 0 0 
649 9 0 0 0 0 0 0 0 0 0 0 0 
650 9 0 0 0 0 0 0 0 0 0 0 0 
651 9 0 0 0 0 0 0 0 0 0 0 0 
652 9 0 0 0 0 0 0 0 0 0 0 0 
653 9 0 0 0 0 0 0 0 0 0 0 0 
654 9 0 0 0 0 0 0 0 0 0 0 0 
655 9 0 0 0 0 0 0 0 0 0 0 0 
656 9 0 0 0 0 0 0 0 0 0 0 0 
657 9 0 0 0 0 0 0 0 0 0 0 0 
658 9 0 0 0 0 0 0 0 0 0 0 0 
659 9 0 0 0 0 0 0 0 0 0 0 0 
660 9 0 0 0 0 0 0 0 0 0 0 0 
661 9 0 0 0 0 0 0 0 0 0 0 0 
662 9 0 0 0 0 0 0 0 0 0 0 0 
663 9 0 0 0 0 0 0 0 0 0 0 0 
664 9 0 0 0 0 0 0 0 0 0 0 0 
665 9 0 0 0 0 0 0 0 0 0 0 0 
666 9 0 0 0 0 0 0 0 0 0 0 0 
667 9 0 0 0 0 0 0 0 0 0 0 0 
668 9 0 0 0 0 0 0 0 0 0 0 0 
669 9 0 0 0 0 0 0 0 0 0 0 0 
670 9 0 0 0 0 0 0 0 0 0 0 0 
671 9 0 0 0 0 0 0 0 0 0 0 0 
672 9 0 0 0 0 0 0 0 0 0 0 0 
673 9 0 0 0 0 0 0 0 0 0 0 0 
674 9 0 0 0 0 0 0 0 0 0 0 0 
675 9 0 0 0 0 0 0 0 0 0 0 0 
676 9 0 0 0 0 0 0 0 0 0 0 0 
677 9 0 0 0 0 0 0 0 0 0 0 0 
678 9 0 0 0 0 0 0 0 0 0 0 0 
679 9 0 0 0 0 0 0 0 0 0 0 0 
680 9 0 0 0 0 0 0 0 0 0 0 0 
681 9 0 0 0 0 0 0 0 0 0 0 0 
682 9 0 0 0 0 0 0 0 0 0 0 0 
683 9 0 0 0 0 0 0 0 0 0 0 0 
684 9 0 0 0 0 0 0 0 0 0 0 0 
685 9 0 0 0 0 0 0 0 0 0 0 0 
686 9 0 0 0 0 0 0 0 0 0 0 0 
687 9 0 0 0 0 0 0 0 0 0 0 0 
688 9 0 0 0 0 0 0 0 0 0 0 0 
689 9 0 0 0 0 0 0 0 0 0 0 0 
690 9 0 0 0 0 0 0 0 0 0 0 0 
691 9 0 0 0 0 0 0 0 0 0 0 0 
692 9 0 0 0 0 0 0 0 0 0 0 0 
693 9 0 0 0 0 0 0 0 0 0 0 0 
694 9 0 0 0 0 0 0 0 0 0 0 0 
695 9 0 0 0 0 0 0 0 0 0 0 0 
696 9 0 0 0 0 0 0 0 0 0 0 0 
697 9 0 0 0 0 0 0 0 0 0 0 0 
698 9 0 0 0 0 0 0 0 0 0 0 0 
699 9 0 0 0 0 0 0 0 0 0 0 0 
700 9 0 0 0 0 0 0 0 0 0 0 0 
701 9 0 0 0 0 0 0 0 0 0 0 0 
702 9 0 0 0 0 0 0 0 0 0 0 0 
703 9 0 0 0 0 0 0 0 0 0 0 0 
704 9 0 0 0 0 0 0 0 0 0 0 0 
705 9 0 0 0 0 0 0 0 0 0 0 0 
706 9 0 0 0 0 0 0 0 0 0 0 0 
707 9 0 0 0 0 0 0 0 0 0 0 0 
708 9 0 0 0 0 0 0 0 0 0 0 0 
709 9 0 0 0 0 0 0 0 0 0 0 0 
710 9 0 0 0 0 0 0 0 0 0 0 0 
711 9 0 0 0 0 0 0 0 0 0 0 0 
712 9 0 0 0 0 0 0 0 0 0 0 0 
713 9 0 0 0 0 0 0 0 0 0 0 0 
714 9 0 0 0 0 0 0 0 0 0 0 0 
715 9 0 0 0 0 0 0 0 0 0 0 0 
716 9 0 0 0 0 0 0 0 0 0 0 0 
717 9 0 0 0 0 0 0 0 0 0 0 0 
718 9 0 0 0 0 0 0 0 0 0 0 0 
719 9 0 0 0 0 0 0 0 0 0 0 0 
720 9 0 0 0 0 0 0 0 0 0 0 0 
721 9 0 0 0 0 0 0 0 0 0 0 0 
722 9 0 0 0 0 0 0 0 0 0 0 0 
723 9 0 0 0 0 0 0 0 0 0 0 0 
724 9 0 0 0 0 0 0 0 0 0 0 0 
725 9 0 0 0 0 0 0 0 0 0 0 0 
726 9 0 0 0 0 0 0 0 0 0 0 0 
727 9 0 0 0 0 0 0 0 0 0 0 0 
728 9 0 0 0 0 0 0 0 0 0 0 0 
729 9 0 0 0 0 0 0 0 0 0 0 0 
730 9 0 0 0 0 0 0 0 0 0 0 0 
731 9 0 0 0 0 0 0 0 0 0 0 0 
732 9 0 0 0 0 0 0 0 0 0 0 0 
733 9 0 0 0 0 0 0 0 0 0 0 0 
734 9 0 0 0 0 0 0 0 0 0 0 0 
735 9 0 0 0 0 0 0 0 0 0 0 0 
736 9 0 0 0 0 0 0 0 0 0 0 0 
737 9 0 0 0 0 0 0 0 0 0 0 0 
738 9 0 0 0 0 0 0 0 0 0 0 0 
739 9 0 0 0 0 0 0 0 0 0 0 0 
740 9 0 0 0 0 0 0 0 0 0 0 0 
741 9 0 0 0 0 0 0 0 0 0 0 0 
742 9 0 0 0 0 0 0 0 0 0 0 0 
743 9 0 0 0 0 0 0 0 0 0 0 0 
744 9 0 0 0 0 0 0 0 0 0 0 0 
745 9 0 0 0 0 0 0 0 0 0 0 0 
746 9 0 0 0 0 0 0 0 0 0 0 0 
747 9 0 0 0 0 0 0 0 0 0 0 0 
748 9 0 0 0 0 0 0 0 0 0 0 0 
749 9 0 0 0 0 0 0 0 0 0 0 0 
750 9 0 0 0 0 0 0 0 0 0 0 0 
751 9 0 0 0 0 0 0 0 0 0 0 0 
752 9 0 0 0 0 0 0 0 0 0 0 0 
753 9 0 0 0 0 0 0 0 0 0 0 0 
754 9 0 0 0 0 0 0 0 0 0 0 0 
755 9 0 0 0 0 0 0 0 0 0 0 0 
756 9 0 0 0 0 0 0 0 0 0 0 0 
757 9 0 0 0 0 0 0 0 0 0 0 0 
758 9 0 0 0 0 0 0 0 0 0 0 0 
759 9 0 0 0 0 0 0 0 0 0 0 0 
760 9 0 0 0 0 0 0 0 0 0 0 0 
761 9 0 0 0 0 0 0 0 0 0 0 0 
762 9 0 0 0 0 0 0 0 0 0 0 0 
763 9 0 0 0 0 0 0 0 0 0 0 0 
764 9 0 0 0 0 0 0 0 0 0 0 0 
765 9 0 0 0 0 0 0 0 0 0 0 0 
766 9 0 0 0 0 0 0 0 0 0 0 0 
767 9 0 0 0 0 0 0 0 0 0 0 0 
768 9 0 0 0 0 0 0 0 0 0 0 0 
769 9 0 0 0 0 0 0 0 0 0 0 0 
770 9 0 0 0 0 0 0 0 0 0 0 0 
771 9 0 0 0 0 0 0 0 0 0 0 0 
772 9 0 0 0 0 0 0 0 0 0 0 0 
773 9 0 0 0 0 0 0 0 0 0 0 0 
774 9 0 0 0 0 0 0 0 0 0 0 0 
775 9 0 0 0 0 0 0 0 0 0 0 0 
776 9 0 0 0 0 0 0 0 0 0 0 0 
777 9 0 0 0 0 0 0 0 0 0 0 0 
778 9 0 0 0 0 0 0 0 0 0 0 0 
779 9 0 0 0 0 0 0 0 0 0 0 0 
780 9 0 0 0 0 0 0 0 0 0 0 0 
781 9 0 0 0 0 0 0 0 0 0 0 0 
782 9 0 0 0 0 0 0 0 0 0 0 0 
783 9 0 0 0 0 0 0 0 0 0 0 0 
784 9 0 0 0 0 0 0 0 0 0 0 0 
785 9 0 0 0 0 0 0 0 0 0 0 0 
786 9 0 0 0 0 0 0 0 0 0 0 0 
787 9 0 0 0 0 0 0 0 0 0 0 0 
788 9 0 0 0 0 0 0 0 0 0 0 0 
789 9 0 0 0 0 0 0 0 0 0 0 0 
790 9 0 0 0 0 0 0 0 0 0 0 0 
791 9 0 0 0 0 0 0 0 0 0 0 0 
792 9 0 0 0 0 0 0 0 0 0 0 0 
793 9 0 0 0 0 0 0 0 0 0 0 0 
794 9 0 0 0 0 0 0 0 0 0 0 0 
795 9 0 0 0 0 0 0 0 0 0 0 0 
796 9 0 0 0 0 0 0 0 0 0 0 0 
797 9 0 0 0 0 0 0 0 0 0 0 0 
798 9 0 0 0 0 0 0 0 0 0 0 0 
799 9 0 0 0 0 0 0 0 0 0 0 0 
800 9 0 0 0 0 0 0 0 0 0 0 0 
801 9 0 0 0 0 0 0 0 0 0 0 0 
802 9 0 0 0 0 0 0 0 0 0 0 0 
803 9 0 0 0 0 0 0 0 0 0 0 0 
804 9 0 0 0 0 0 0 0 0 0 0 0 
805 9 0 0 0 0 0 0 0 0 0 0 0 
806 9 0 0 0 0 0 0 0 0 0 0 0 
807 9 0 0 0 0 0 0 0 0 0 0 0 
808 9 0 0 0 0 0 0 0 0 0 0 0 
809 9 0 0 0 0 0 0 0 0 0 0 0 
810 9 0 0 0 0 0 0 0 0 0 0 0 
811 9 0 0 0 0 0 0 0 0 0 0 0 
812 9 0 0 0 0 0 0 0 0 0 0 0 
813 9 0 0 0 0 0 0 0 0 0 0 0 
814 9 0 0 0 0 0 0 0 0 0 0 0 
815 9 0 0 0 0 0 0 0 0 0 0 0 
816 9 0 0 0 0 0 0 0 0 0 0 0 
817 9 0 0 0 0 0 0 0 0 0 0 0 
818 9 0 0 0 0 0 0 0 0 0 0 0 
819 9 0 0 0 0 0 0 0 0 0 0 0 
820 9 0 0 0 0 0 0 0 0 0 0 0 
821 9 0 0 0 0 0 0 0 0 0 0 0 
822 9 0 0 0 0 0 0 0 0 0 0 0 
823 9 0 0 0 0 0 0 0 0 0 0 0 
824 9 0 0 0 0 0 0 0 0 0 0 0 
825 9 0 0 0 0 0 0 0 0 0 0 0 
826 9 0 0 0 0 0 0 0 0 0 0 0 
827 9 0 0 0 0 0 0 0 0 0 0 0 
828 9 0 0 0 0 0 0 0 0 0 0 0 
829 9 0 0 0 0 0 0 0 0 0 0 0 
830 9 0 0 0 0 0 0 0 0 0 0 0 
831 9 0 0 0 0 0 0 0 0 0 0 0 
832 9 0 0 0 0 0 0 0 0 0 0 0 
833 9 0 0 0 0 0 0 0 0 0 0 0 
834 9 0 0 0 0 0 0 0 0 0 0 0 
835 9 0 0 0 0 0 0 0 0 0 0 0 
836 9 0 0 0 0 0 0 0 0 0 0 0 
837 9 0 0 0 0 0 0 0 0 0 0 0 
838 9 0 0 0 0 0 0 0 0 0 0 0 
839 9 0 0 0 0 0 0 0 0 0 0 0 
840 9 0 0 0 0 0 0 0 0 0 0 0 
841 9 0 0 0 0 0 0 0 0 0 0 0 
842 9 0 0 0 0 0 0 0 0 0 0 0 
843 9 0 0 0 0 0 0 0 0 0 0 0 
844 9 0 0 0 0 0 0 0 0 0 0 0 
845 9 0 0 0 0 0 0 0 0 0 0 0 
846 9 0 0 0 0 0 0 0 0 0 0 0 
847 9 0 0 0 0 0 0 0 0 0 0 0 
848 9 0 0 0 0 0 0 0 0 0 0 0 
849 9 0 0 0 0 0 0 0 0 0 0 0 
850 9 0 0 0 0 0 0 0 0 0 0 0 
851 9 0 0 0 0 0 0 0 0 0 0 0 
852 9 0 0 0 0 0 0 0 0 0 0 0 
853 9 5 0 0 0 0 0 0 0 0 0 0 
854 9 -1 195 1 10 -1 -1 -1 -1 -1 3 -16 
855 9 -1 26 1 30 -1 -1 -1 -1 -1 2 -20 
856 9 -1 102 2 15 -1 -1 -1 -1 -1 3 826 
857 9 12 0 0 0 0 0 0 0 0 0 0 
858 9 -1 136 1 20 -1 -1 -1 -1 -1 1 -25 
859 9 0 0 0 0 0 0 0 0 0 0 0 
860 9 0 0 0 0 0 0 0 0 0 0 0 
861 9 0 0 0 0 0 0 0 0 0 0 0 
862 9 0 0 0 0 0 0 0 0 0 0 0 
863 9 0 0 0 0 0 0 0 0 0 0 0 
864 9 0 0 0 0 0 0 0 0 0 0 0 
865 9 0 0 0 0 0 0 0 0 0 0 0 
866 9 0 0 0 0 0 0 0 0 0 0 0 
867 9 0 0 0 0 0 0 0 0 0 0 0 
868 9 0 0 0 0 0 0 0 0 0 0 0 
869 9 0 0 0 0 0 0 0 0 0 0 0 
870 9 0 0 0 0 0 0 0 0 0 0 0 
871 9 0 0 0 0 0 0 0 0 0 0 0 
872 9 0 0 0 0 0 0 0 0 0 0 0 
873 9 0 0 0 0 0 0 0 0 0 0 0 
874 9 0 0 0 0 0 0 0 0 0 0 0 
875 9 0 0 0 0 0 0 0 0 0 0 0 
876 9 0 0 0 0 0 0 0 0 0 0 0 
877 9 0 0 0 0 0 0 0 0 0 0 0 
878 9 0 0 0 0 0 0 0 0 0 0 0 
879 9 -1 39 4 33 -1 -1 -1 -1 -1 3 1478 
880 9 -1 351 2 12 -1 -1 -1 -1 -1 0 7167 
881 9 -1 242 0 28 -1 -1 -1 -1 -1 3 -25 
882 9 -1 284 2 14 -1 -1 -1 -1 -1 0 6045 
883 9 0 0 0 0 0 0 0 0 0 0 0 
884 9 0 0 0 0 0 0 0 0 0 0 0 
885 9 0 0 0 0 0 0 0 0 0 0 0 
886 9 0 0 0 0 0 0 0 0 0 0 0 
887 9 0 0 0 0 0 0 0 0 0 0 0 
888 9 0 0 0 0 0 0 0 0 0 0 0 
889 9 0 0 0 0 0 0 0 0 0 0 0 
890 9 0 0 0 0 0 0 0 0 0 0 0 
891 9 0 0 0 0 0 0 0 0 0 0 0 
892 9 0 0 0 0 0 0 0 0 0 0 0 
893 9 0 0 0 0 0 0 0 0 0 0 0 
894 9 0 0 0 0 0 0 0 0 0 0 0 
895 9 0 0 0 0 0 0 0 0 0 0 0 
896 9 0 0 0 0 0 0 0 0 0 0 0 
897 9 0 0 0 0 0 0 0 0 0 0 0 
898 9 0 0 0 0 0 0 0 0 0 0 0 
899 9 0 0 0 0 0 0 0 0 0 0 0 
900 9 0 0 0 0 0 0 0 0 0 0 0 
901 9 0 0 0 0 0 0 0 0 0 0 0 
902 9 0 0 0 0 0 0 0 0 0 0 0 
903 9 0 0 0 0 0 0 0 0 0 0 0 
904 9 0 0 0 0 0 0 0 0 0 0 0 
905 9 0 0 0 0 0 0 0 0 0 0 0 
906 9 0 0 0 0 0 0 0 0 0 0 0 
907 9 0 0 0 0 0 0 0 0 0 0 0 
908 9 0 0 0 0 0 0 0 0 0 0 0 
909 9 0 0 0 0 0 0 0 0 0 0 0 
910 9 0 0 0 0 0 0 0 0 0 0 0 
911 9 0 0 0 0 0 0 0 0 0 0 0 
912 9 0 0 0 0 0 0 0 0 0 0 0 
913 9 0 0 0 0 0 0 0 0 0 0 0 
914 9 0 0 0 0 0 0 0 0 0 0 0 
915 9 0 0 0 0 0 0 0 0 0 0 0 
916 9 0 0 0 0 0 0 0 0 0 0 0 
917 9 0 0 0 0 0 0 0 0 0 0 0 
918 9 0 0 0 0 0 0 0 0 0 0 0 
919 9 0 0 0 0 0 0 0 0 0 0 0 
920 9 0 0 0 0 0 0 0 0 0 0 0 
921 9 0 0 0 0 0 0 0 0 0 0 0 
922 9 0 0 0 0 0 0 0 0 0 0 0 
923 9 0 0 0 0 0 0 0 0 0 0 0 
924 9 0 0 0 0 0 0 0 0 0 0 0 
925 9 0 0 0 0 0 0 0 0 0 0 0 
926 9 0 0 0 0 0 0 0 0 0 0 0 
927 9 0 0 0 0 0 0 0 0 0 0 0 
928 9 0 0 0 0 0 0 0 0 0 0 0 
929 9 0 0 0 0 0 0 0 0 0 0 0 
930 9 0 0 0 0 0 0 0 0 0 0 0 
931 9 0 0 0 0 0 0 0 0 0 0 0 
932 9 0 0 0 0 0 0 0 0 0 0 0 
933 9 0 0 0 0 0 0 0 0 0 0 0 
934 9 0 0 0 0 0 0 0 0 0 0 0 
935 9 0 0 0 0 0 0 0 0 0 0 0 
936 9 0 0 0 0 0 0 0 0 0 0 0 
937 9 0 0 0 0 0 0 0 0 0 0 0 
938 9 0 0 0 0 0 0 0 0 0 0 0 
939 9 0 0 0 0 0 0 0 0 0 0 0 
940 9 0 0 0 0 0 0 0 0 0 0 0 
941 9 0 0 0 0 0 0 0 0 0 0 0 
942 9 0 0 0 0 0 0 0 0 0 0 0 
943 9 0 0 0 0 0 0 0 0 0 0 0 
944 9 0 0 0 0 0 0 0 0 0 0 0 
945 9 0 0 0 0 0 0 0 0 0 0 0 
946 9 0 0 0 0 0 0 0 0 0 0 0 
947 9 0 0 0 0 0 0 0 0 0 0 0 
948 9 0 0 0 0 0 0 0 0 0 0 0 
949 9 0 0 0 0 0 0 0 0 0 0 0 
950 9 0 0 0 0 0 0 0 0 0 0 0 
951 9 0 0 0 0 0 0 0 0 0 0 0 
952 9 0 0 0 0 0 0 0 0 0 0 0 
953 9 0 0 0 0 0 0 0 0 0 0 0 
954 9 0 0 0 0 0 0 0 0 0 0 0 
955 9 0 0 0 0 0 0 0 0 0 0 0 
956 9 0 0 0 0 0 0 0 0 0 0 0 
957 9 0 0 0 0 0 0 0 0 0 0 0 
958 9 0 0 0 0 0 0 0 0 0 0 0 
959 9 0 0 0 0 0 0 0 0 0 0 0 
960 9 0 0 0 0 0 0 0 0 0 0 0 
961 9 0 0 0 0 0 0 0 0 0 0 0 
962 9 0 0 0 0 0 0 0 0 0 0 0 
963 9 0 0 0 0 0 0 0 0 0 0 0 
964 9 0 0 0 0 0 0 0 0 0 0 0 
965 9 0 0 0 0 0 0 0 0 0 0 0 
966 9 0 0 0 0 0 0 0 0 0 0 0 
967 9 0 0 0 0 0 0 0 0 0 0 0 
968 9 0 0 0 0 0 0 0 0 0 0 0 
969 9 0 0 0 0 0 0 0 0 0 0 0 
970 9 0 0 0 0 0 0 0 0 0 0 0 
971 9 0 0 0 0 0 0 0 0 0 0 0 
972 9 0 0 0 0 0 0 0 0 0 0 0 
973 9 0 0 0 0 0 0 0 0 0 0 0 
974 9 0 0 0 0 0 0 0 0 0 0 0 
975 9 0 0 0 0 0 0 0 0 0 0 0 
976 9 0 0 0 0 0 0 0 0 0 0 0 
977 9 0 0 0 0 0 0 0 0 0 0 0 
978 9 0 0 0 0 0 0 0 0 0 0 0 
979 9 0 0 0 0 0 0 0 0 0 0 0 
980 9 0 0 0 0 0 0 0 0 0 0 0 
981 9 0 0 0 0 0 0 0 0 0 0 0 
982 9 0 0 0 0 0 0 0 0 0 0 0 
983 9 0 0 0 0 0 0 0 0 0 0 0 
984 9 0 0 0 0 0 0 0 0 0 0 0 
985 9 0 0 0 0 0 0 0 0 0 0 0 
986 9 0 0 0 0 0 0 0 0 0 0 0 
987 9 0 0 0 0 0 0 0 0 0 0 0 
988 9 0 0 0 0 0 0 0 0 0 0 0 
989 9 0 0 0 0 0 0 0 0 0 0 0 
990 9 0 0 0 0 0 0 0 0 0 0 0 
991 9 0 0 0 0 0 0 0 0 0 0 0 
992 9 0 0 0 0 0 0 0 0 0 0 0 
993 9 0 0 0 0 0 0 0 0 0 0 0 
994 9 0 0 0 0 0 0 0 0 0 0 0 
995 9 32 0 0 0 0 0 0 0 0 0 0 
996 9 -1 349 4 31 -1 -1 -1 -1 -1 2 4222 
997 9 0 0 0 0 0 0 0 0 0 0 0 
998 9 0 0 0 0 0 0 0 0 0 0 0 
999 9 0 0 0 0 0 0 0 0 0 0 0 
1000 9 0 0 0 0 0 0 0 0 0 0 0 
1001 9 0 0 0 0 0 0 0 0 0 0 0 
1002 9 0 0 0 0 0 0 0 0 0 0 0 
1003 9 0 0 0 0 0 0 0 0 0 0 0 
1004 9 0 0 0 0 0 0 0 0 0 0 0 
1005 9 0 0 0 0 0 0 0 0 0 0 0 
1006 9 0 0 0 0 0 0 0 0 0 0 0 
1007 9 0 0 0 0 0 0 0 0 0 0 0 
1008 9 0 0 0 0 0 0 0 0 0 0 0 
1009 9 0 0 0 0 0 0 0 0 0 0 0 
1010 9 0 0 0 0 0 0 0 0 0 0 0 
1011 9 0 0 0 0 0 0 0 0 0 0 0 
1012 9 0 0 0 0 0 0 0 0 0 0 0 
1013 9 0 0 0 0 0 0 0 0 0 0 0 
1014 9 0 0 0 0 0 0 0 0 0 0 0 
1015 9 0 0 0 0 0 0 0 0 0 0 0 
1016 9 0 0 0 0 0 0 0 0 0 0 0 
1017 9 0 0 0 0 0 0 0 0 0 0 0 
1018 9 0 0 0 0 0 0 0 0 0 0 0 
1019 9 0 0 0 0 0 0 0 0 0 0 0 
1020 9 0 0 0 0 0 0 0 0 0 0 0 
1021 9 0 0 0 0 0 0 0 0 0 0 0 
1022 9 0 0 0 0 0 0 0 0 0 0 0 
1023 10 0 0 0 0 0 0 0 0 0 0 0 
1024 10 0 0 0 0 0 0 0 0 0 0 0 
1025 10 0 0 0 0 0 0 0 0 0 0 0 
1026 10 0 0 0 0 0 0 0 0 0 0 0 
1027 10 0 0 0 0 0 0 0 0 0 0 0 
1028 10 0 0 0 0 0 0 0 0 0 0 0 
1029 10 0 0 0 0 0 0 0 0 0 0 0 
1030 10 0 0 0 0 0 0 0 0 0 0 0 
1031 10 0 0 0 0 0 0 0 0 0 0 0 
1032 10 0 0 0 0 0 0 0 0 0 0 0 
1033 10 0 0 0 0 0 0 0 0 0 0 0 
1034 10 0 0 0 0 0 0 0 0 0 0 0 
1035 10 0 0 0 0 0 0 0 0 0 0 0 
1036 10 0 0 0 0 0 0 0 0 0 0 0 
1037 10 0 0 0 0 0 0 0 0 0 0 0 
1038 10 0 0 0 0 0 0 0 0 0 0 0 
1039 10 0 0 0 0 0 0 0 0 0 0 0 
1040 10 0 0 0 0 0 0 0 0 0 0 0 
1041 10 0 0 0 0 0 0 0 0 0 0 0 
1042 10 0 0 0 0 0 0 0 0 0 0 0 
1043 10 0 0 0 0 0 0 0 0 0 0 0 
1044 10 0 0 0 0 0 0 0 0 0 0 0 
1045 10 0 0 0 0 0 0 0 0 0 0 0 
1046 10 0 0 0 0 0 0 0 0 0 0 0 
1047 10 0 0 0 0 0 0 0 0 0 0 0 
1048 10 0 0 0 0 0 0 0 0 0 0 0 
1049 10 0 0 0 0 0 0 0 0 0 0 0 
1050 10 0 0 0 0 0 0 0 0 0 0 0 
1051 10 0 0 0 0 0 0 0 0 0 0 0 
1052 10 0 0 0 0 0 0 0 0 0 0 0 
1053 10 0 0 0 0 0 0 0 0 0 0 0 
1054 10 0 0 0 0 0 0 0 0 0 0 0 
1055 10 0 0 0 0 0 0 0 0 0 0 0 
1056 10 0 0 0 0 0 0 0 0 0 0 0 
1057 10 0 0 0 0 0 0 0 0 0 0 0 
1058 10 0 0 0 0 0 0 0 0 0 0 0 
1059 10 0 0 0 0 0 0 0 0 0 0 0 
1060 10 0 0 0 0 0 0 0 0 0 0 0 
1061 10 0 0 0 0 0 0 0 0 0 0 0 
1062 10 0 0 0 0 0 0 0 0 0 0 0 
1063 10 0 0 0 0 0 0 0 0 0 0 0 
1064 10 0 0 0 0 0 0 0 0 0 0 0 
1065 10 0 0 0 0 0 0 0 0 0 0 0 
1066 10 0 0 0 0 0 0 0 0 0 0 0 
1067 10 0 0 0 0 0 0 0 0 0 0 0 
1068 10 0 0 0 0 0 0 0 0 0 0 0 
1069 10 0 0 0 0 0 0 0 0 0 0 0 
1070 10 0 0 0 0 0 0 0 0 0 0 0 
1071 10 0 0 0 0 0 0 0 0 0 0 0 
1072 10 0 0 0 0 0 0 0 0 0 0 0 
1073 10 0 0 0 0 0 0 0 0 0 0 0 
1074 10 0 0 0 0 0 0 0 0 0 0 0 
1075 10 0 0 0 0 0 0 0 0 0 0 0 
1076 10 0 0 0 0 0 0 0 0 0 0 0 
1077 10 0 0 0 0 0 0 0 0 0 0 0 
1078 10 0 0 0 0 0 0 0 0 0 0 0 
1079 10 0 0 0 0 0 0 0 0 0 0 0 
1080 10 0 0 0 0 0 0 0 0 0 0 0 
1081 10 0 0 0 0 0 0 0 0 0 0 0 
1082 10 0 0 0 0 0 0 0 0 0 0 0 
1083 10 0 0 0 0 0 0 0 0 0 0 0 
1084 10 0 0 0 0 0 0 0 0 0 0 0 
1085 10 0 0 0 0 0 0 0 0 0 0 0 
1086 10 0 0 0 0 0 0 0 0 0 0 0 
1087 10 0 0 0 0 0 0 0 0 0 0 0 
1088 10 0 0 0 0 0 0 0 0 0 0 0 
1089 10 0 0 0 0 0 0 0 0 0 0 0 
1090 10 0 0 0 0 0 0 0 0 0 0 0 
1091 10 0 0 0 0 0 0 0 0 0 0 0 
1092 10 0 0 0 0 0 0 0 0 0 0 0 
1093 10 0 0 0 0 0 0 0 0 0 0 0 
1094 10 0 0 0 0 0 0 0 0 0 0 0 
1095 10 0 0 0 0 0 0 0 0 0 0 0 
1096 10 0 0 0 0 0 0 0 0 0 0 0 
1097 10 0 0 0 0 0 0 0 0 0 0 0 
1098 10 0 0 0 0 0 0 0 0 0 0 0 
1099 10 0 0 0 0 0 0 0 0 0 0 0 
1100 10 0 0 0 0 0 0 0 0 0 0 0 
1101 10 0 0 0 0 0 0 0 0 0 0 0 
1102 10 0 0 0 0 0 0 0 0 0 0 0 
1103 10 0 0 0 0 0 0 0 0 0 0 0 
1104 10 0 0 0 0 0 0 0 0 0 0 0 
1105 10 0 0 0 0 0 0 0 0 0 0 0 
1106 10 0 0 0 0 0 0 0 0 0 0 0 
1107 10 0 0 0 0 0 0 0 0 0 0 0 
1108 10 0 0 0 0 0 0 0 0 0 0 0 
1109 10 0 0 0 0 0 0 0 0 0 0 0 
1110 10 0 0 0 0 0 0 0 0 0 0 0 
1111 10 0 0 0 0 0 0 0 0 0 0 0 
1112 10 0 0 0 0 0 0 0 0 0 0 0 
1113 10 0 0 0 0 0 0 0 0 0 0 0 
1114 10 0 0 0 0 0 0 0 0 0 0 0 
1115 10 0 0 0 0 0 0 0 0 0 0 0 
1116 10 0 0 0 0 0 0 0 0 0 0 0 
1117 10 0 0 0 0 0 0 0 0 0 0 0 
1118 10 0 0 0 0 0 0 0 0 0 0 0 
1119 10 0 0 0 0 0 0 0 0 0 0 0 
1120 10 0 0 0 0 0 0 0 0 0 0 0 
1121 10 0 0 0 0 0 0 0 0 0 0 0 
1122 10 0 0 0 0 0 0 0 0 0 0 0 
1123 10 0 0 0 0 0 0 0 0 0 0 0 
1124 10 0 0 0 0 0 0 0 0 0 0 0 
1125 10 0 0 0 0 0 0 0 0 0 0 0 
1126 10 0 0 0 0 0 0 0 0 0 0 0 
1127 10 0 0 0 0 0 0 0 0 0 0 0 
1128 10 0 0 0 0 0 0 0 0 0 0 0 
1129 10 0 0 0 0 0 0 0 0 0 0 0 
1130 10 0 0 0 0 0 0 0 0 0 0 0 
1131 10 0 0 0 0 0 0 0 0 0 0 0 
1132 10 0 0 0 0 0 0 0 0 0 0 0 
1133 10 0 0 0 0 0 0 0 0 0 0 0 
1134 10 0 0 0 0 0 0 0 0 0 0 0 
1135 10 0 0 0 0 0 0 0 0 0 0 0 
1136 10 0 0 0 0 0 0 0 0 0 0 0 
1137 10 0 0 0 0 0 0 0 0 0 0 0 
1138 10 0 0 0 0 0 0 0 0 0 0 0 
1139 10 0 0 0 0 0 0 0 0 0 0 0 
1140 10 0 0 0 0 0 0 0 0 0 0 0 
1141 10 0 0 0 0 0 0 0 0 0 0 0 
1142 10 0 0 0 0 0 0 0 0 0 0 0 
1143 10 0 0 0 0 0 0 0 0 0 0 0 
1144 10 0 0 0 0 0 0 0 0 0 0 0 
1145 10 0 0 0 0 0 0 0 0 0 0 0 
1146 10 0 0 0 0 0 0 0 0 0 0 0 
1147 10 0 0 0 0 0 0 0 0 0 0 0 
1148 10 0 0 0 0 0 0 0 0 0 0 0 
1149 10 0 0 0 0 0 0 0 0 0 0 0 
1150 10 0 0 0 0 0 0 0 0 0 0 0 
1151 10 0 0 0 0 0 0 0 0 0 0 0 
1152 10 0 0 0 0 0 0 0 0 0 0 0 
1153 10 0 0 0 0 0 0 0 0 0 0 0 
1154 10 0 0 0 0 0 0 0 0 0 0 0 
1155 10 0 0 0 0 0 0 0 0 0 0 0 
1156 10 0 0 0 0 0 0 0 0 0 0 0 
1157 10 0 0 0 0 0 0 0 0 0 0 0 
1158 10 0 0 0 0 0 0 0 0 0 0 0 
1159 10 0 0 0 0 0 0 0 0 0 0 0 
1160 10 0 0 0 0 0 0 0 0 0 0 0 
1161 10 0 0 0 0 0 0 0 0 0 0 0 
1162 10 0 0 0 0 0 0 0 0 0 0 0 
1163 10 0 0 0 0 0 0 0 0 0 0 0 
1164 10 0 0 0 0 0 0 0 0 0 0 0 
1165 10 0 0 0 0 0 0 0 0 0 0 0 
1166 10 0 0 0 0 0 0 0 0 0 0 0 
1167 10 0 0 0 0 0 0 0 0 0 0 0 
1168 10 0 0 0 0 0 0 0 0 0 0 0 
1169 10 0 0 0 0 0 0 0 0 0 0 0 
1170 10 0 0 0 0 0 0 0 0 0 0 0 
1171 10 0 0 0 0 0 0 0 0 0 0 0 
1172 10 0 0 0 0 0 0 0 0 0 0 0 
1173 10 0 0 0 0 0 0 0 0 0 0 0 
1174 10 0 0 0 0 0 0 0 0 0 0 0 
1175 10 0 0 0 0 0 0 0 0 0 0 0 
1176 10 0 0 0 0 0 0 0 0 0 0 0 
1177 10 0 0 0 0 0 0 0 0 0 0 0 
1178 10 0 0 0 0 0 0 0 0 0 0 0 
1179 10 0 0 0 0 0 0 0 0 0 0 0 
1180 10 0 0 0 0 0 0 0 0 0 0 0 
1181 10 0 0 0 0 0 0 0 0 0 0 0 
1182 10 0 0 0 0 0 0 0 0 0 0 0 
1183 10 0 0 0 0 0 0 0 0 0 0 0 
1184 10 0 0 0 0 0 0 0 0 0 0 0 
1185 10 0 0 0 0 0 0 0 0 0 0 0 
1186 10 0 0 0 0 0 0 0 0 0 0 0 
1187 10 0 0 0 0 0 0 0 0 0 0 0 
1188 10 0 0 0 0 0 0 0 0 0 0 0 
1189 10 0 0 0 0 0 0 0 0 0 0 0 
1190 10 0 0 0 0 0 0 0 0 0 0 0 
1191 10 0 0 0 0 0 0 0 0 0 0 0 
1192 10 0 0 0 0 0 0 0 0 0 0 0 
1193 10 0 0 0 0 0 0 0 0 0 0 0 
1194 10 0 0 0 0 0 0 0 0 0 0 0 
1195 10 0 0 0 0 0 0 0 0 0 0 0 
1196 10 0 0 0 0 0 0 0 0 0 0 0 
1197 10 0 0 0 0 0 0 0 0 0 0 0 
1198 10 0 0 0 0 0 0 0 0 0 0 0 
1199 10 0 0 0 0 0 0 0 0 0 0 0 
1200 10 0 0 0 0 0 0 0 0 0 0 0 
1201 10 0 0 0 0 0 0 0 0 0 0 0 
1202 10 0 0 0 0 0 0 0 0 0 0 0 
1203 10 0 0 0 0 0 0 0 0 0 0 0 
1204 10 0 0 0 0 0 0 0 0 0 0 0 
1205 10 0 0 0 0 0 0 0 0 0 0 0 
1206 10 0 0 0 0 0 0 0 0 0 0 0 
1207 10 0 0 0 0 0 0 0 0 0 0 0 
1208 10 0 0 0 0 0 0 0 0 0 0 0 
1209 10 0 0 0 0 0 0 0 0 0 0 0 
1210 10 0 0 0 0 0 0 0 0 0 0 0 
1211 10 0 0 0 0 0 0 0 0 0 0 0 
1212 10 0 0 0 0 0 0 0 0 0 0 0 
1213 10 0 0 0 0 0 0 0 0 0 0 0 
1214 10 0 0 0 0 0 0 0 0 0 0 0 
1215 10 0 0 0 0 0 0 0 0 0 0 0 
1216 10 0 0 0 0 0 0 0 0 0 0 0 
1217 10 0 0 0 0 0 0 0 0 0 0 0 
1218 10 0 0 0 0 0 0 0 0 0 0 0 
1219 10 0 0 0 0 0 0 0 0 0 0 0 
1220 10 0 0 0 0 0 0 0 0 0 0 0 
1221 10 0 0 0 0 0 0 0 0 0 0 0 
1222 10 0 0 0 0 0 0 0 0 0 0 0 
1223 10 0 0 0 0 0 0 0 0 0 0 0 
1224 10 0 0 0 0 0 0 0 0 0 0 0 
1225 10 0 0 0 0 0 0 0 0 0 0 0 
1226 10 0 0 0 0 0 0 0 0 0 0 0 
1227 10 0 0 0 0 0 0 0 0 0 0 0 
1228 10 0 0 0 0 0 0 0 0 0 0 0 
1229 10 0 0 0 0 0 0 0 0 0 0 0 
1230 10 0 0 0 0 0 0 0 0 0 0 0 
1231 10 0 0 0 0 0 0 0 0 0 0 0 
1232 10 0 0 0 0 0 0 0 0 0 0 0 
1233 10 0 0 0 0 0 0 0 0 0 0 0 
1234 10 0 0 0 0 0 0 0 0 0 0 0 
1235 10 0 0 0 0 0 0 0 0 0 0 0 
1236 10 0 0 0 0 0 0 0 0 0 0 0 
1237 10 0 0 0 0 0 0 0 0 0 0 0 
1238 10 0 0 0 0 0 0 0 0 0 0 0 
1239 10 0 0 0 0 0 0 0 0 0 0 0 
1240 10 0 0 0 0 0 0 0 0 0 0 0 
1241 10 0 0 0 0 0 0 0 0 0 0 0 
1242 10 0 0 0 0 0 0 0 0 0 0 0 
1243 10 0 0 0 0 0 0 0 0 0 0 0 
1244 10 0 0 0 0 0 0 0 0 0 0 0 
1245 10 0 0 0 0 0 0 0 0 0 0 0 
1246 10 0 0 0 0 0 0 0 0 0 0 0 
1247 10 0 0 0 0 0 0 0 0 0 0 0 
1248 10 0 0 0 0 0 0 0 0 0 0 0 
1249 10 0 0 0 0 0 0 0 0 0 0 0 
1250 10 0 0 0 0 0 0 0 0 0 0 0 
1251 10 0 0 0 0 0 0 0 0 0 0 0 
1252 10 0 0 0 0 0 0 0 0 0 0 0 
1253 10 0 0 0 0 0 0 0 0 0 0 0 
1254 10 0 0 0 0 0 0 0 0 0 0 0 
1255 10 0 0 0 0 0 0 0 0 0 0 0 
1256 10 0 0 0 0 0 0 0 0 0 0 0 
1257 10 0 0 0 0 0 0 0 0 0 0 0 
1258 10 0 0 0 0 0 0 0 0 0 0 0 
1259 10 0 0 0 0 0 0 0 0 0 0 0 
1260 10 0 0 0 0 0 0 0 0 0 0 0 
1261 10 0 0 0 0 0 0 0 0 0 0 0 
1262 10 0 0 0 0 0 0 0 0 0 0 0 
1263 10 0 0 0 0 0 0 0 0 0 0 0 
1264 10 0 0 0 0 0 0 0 0 0 0 0 
1265 10 0 0 0 0 0 0 0 0 0 0 0 
1266 10 0 0 0 0 0 0 0 0 0 0 0 
1267 10 0 0 0 0 0 0 0 0 0 0 0 
1268 10 0 0 0 0 0 0 0 0 0 0 0 
1269 10 0 0 0 0 0 0 0 0 0 0 0 
1270 10 0 0 0 0 0 0 0 0 0 0 0 
1271 10 0 0 0 0 0 0 0 0 0 0 0 
1272 10 0 0 0 0 0 0 0 0 0 0 0 
1273 10 0 0 0 0 0 0 0 0 0 0 0 
1274 10 0 0 0 0 0 0 0 0 0 0 0 
1275 10 0 0 0 0 0 0 0 0 0 0 0 
1276 10 0 0 0 0 0 0 0 0 0 0 0 
1277 10 0 0 0 0 0 0 0 0 0 0 0 
1278 10 0 0 0 0 0 0 0 0 0 0 0 
1279 10 0 0 0 0 0 0 0 0 0 0 0 
1280 10 0 0 0 0 0 0 0 0 0 0 0 
1281 10 0 0 0 0 0 0 0 0 0 0 0 
1282 10 0 0 0 0 0 0 0 0 0 0 0 
1283 10 0 0 0 0 0 0 0 0 0 0 0 
1284 10 0 0 0 0 0 0 0 0 0 0 0 
1285 10 0 0 0 0 0 0 0 0 0 0 0 
1286 10 0 0 0 0 0 0 0 0 0 0 0 
1287 10 0 0 0 0 0 0 0 0 0 0 0 
1288 10 0 0 0 0 0 0 0 0 0 0 0 
1289 10 0 0 0 0 0 0 0 0 0 0 0 
1290 10 0 0 0 0 0 0 0 0 0 0 0 
1291 10 0 0 0 0 0 0 0 0 0 0 0 
1292 10 0 0 0 0 0 0 0 0 0 0 0 
1293 10 0 0 0 0 0 0 0 0 0 0 0 
1294 10 0 0 0 0 0 0 0 0 0 0 0 
1295 10 0 0 0 0 0 0 0 0 0 0 0 
1296 10 0 0 0 0 0 0 0 0 0 0 0 
1297 10 0 0 0 0 0 0 0 0 0 0 0 
1298 10 0 0 0 0 0 0 0 0 0 0 0 
1299 10 0 0 0 0 0 0 0 0 0 0 0 
1300 10 0 0 0 0 0 0 0 0 0 0 0 
1301 10 0 0 0 0 0 0 0 0 0 0 0 
1302 10 0 0 0 0 0 0 0 0 0 0 0 
1303 10 0 0 0 0 0 0 0 0 0 0 0 
1304 10 0 0 0 0 0 0 0 0 0 0 0 
1305 10 0 0 0 0 0 0 0 0 0 0 0 
1306 10 0 0 0 0 0 0 0 0 0 0 0 
1307 10 0 0 0 0 0 0 0 0 0 0 0 
1308 10 0 0 0 0 0 0 0 0 0 0 0 
1309 10 0 0 0 0 0 0 0 0 0 0 0 
1310 10 0 0 0 0 0 0 0 0 0 0 0 
1311 10 0 0 0 0 0 0 0 0 0 0 0 
1312 10 0 0 0 0 0 0 0 0 0 0 0 
1313 10 0 0 0 0 0 0 0 0 0 0 0 
1314 10 0 0 0 0 0 0 0 0 0 0 0 
1315 10 0 0 0 0 0 0 0 0 0 0 0 
1316 10 0 0 0 0 0 0 0 0 0 0 0 
1317 10 0 0 0 0 0 0 0 0 0 0 0 
1318 10 0 0 0 0 0 0 0 0 0 0 0 
1319 10 0 0 0 0 0 0 0 0 0 0 0 
1320 10 0 0 0 0 0 0 0 0 0 0 0 
1321 10 0 0 0 0 0 0 0 0 0 0 0 
1322 10 0 0 0 0 0 0 0 0 0 0 0 
1323 10 0 0 0 0 0 0 0 0 0 0 0 
1324 10 0 0 0 0 0 0 0 0 0 0 0 
1325 10 0 0 0 0 0 0 0 0 0 0 0 
1326 10 0 0 0 0 0 0 0 0 0 0 0 
1327 10 0 0 0 0 0 0 0 0 0 0 0 
1328 10 0 0 0 0 0 0 0 0 0 0 0 
1329 10 0 0 0 0 0 0 0 0 0 0 0 
1330 10 0 0 0 0 0 0 0 0 0 0 0 
1331 10 0 0 0 0 0 0 0 0 0 0 0 
1332 10 0 0 0 0 0 0 0 0 0 0 0 
1333 10 0 0 0 0 0 0 0 0 0 0 0 
1334 10 0 0 0 0 0 0 0 0 0 0 0 
1335 10 0 0 0 0 0 0 0 0 0 0 0 
1336 10 0 0 0 0 0 0 0 0 0 0 0 
1337 10 0 0 0 0 0 0 0 0 0 0 0 
1338 10 0 0 0 0 0 0 0 0 0 0 0 
1339 10 0 0 0 0 0 0 0 0 0 0 0 
1340 10 0 0 0 0 0 0 0 0 0 0 0 
1341 10 0 0 0 0 0 0 0 0 0 0 0 
1342 10 0 0 0 0 0 0 0 0 0 0 0 
1343 10 0 0 0 0 0 0 0 0 0 0 0 
1344 10 0 0 0 0 0 0 0 0 0 0 0 
1345 10 0 0 0 0 0 0 0 0 0 0 0 
1346 10 0 0 0 0 0 0 0 0 0 0 0 
1347 10 0 0 0 0 0 0 0 0 0 0 0 
1348 10 0 0 0 0 0 0 0 0 0 0 0 
1349 10 0 0 0 0 0 0 0 0 0 0 0 
1350 10 0 0 0 0 0 0 0 0 0 0 0 
1351 10 0 0 0 0 0 0 0 0 0 0 0 
1352 10 0 0 0 0 0 0 0 0 0 0 0 
1353 10 0 0 0 0 0 0 0 0 0 0 0 
1354 10 0 0 0 0 0 0 0 0 0 0 0 
1355 10 0 0 0 0 0 0 0 0 0 0 0 
1356 10 0 0 0 0 0 0 0 0 0 0 0 
1357 10 0 0 0 0 0 0 0 0 0 0 0 
1358 10 0 0 0 0 0 0 0 0 0 0 0 
1359 10 0 0 0 0 0 0 0 0 0 0 0 
1360 10 0 0 0 0 0 0 0 0 0 0 0 
1361 10 0 0 0 0 0 0 0 0 0 0 0 
1362 10 0 0 0 0 0 0 0 0 0 0 0 
1363 10 0 0 0 0 0 0 0 0 0 0 0 
1364 10 0 0 0 0 0 0 0 0 0 0 0 
1365 10 0 0 0 0 0 0 0 0 0 0 0 
1366 10 0 0 0 0 0 0 0 0 0 0 0 
1367 10 0 0 0 0 0 0 0 0 0 0 0 
1368 10 0 0 0 0 0 0 0 0 0 0 0 
1369 10 0 0 0 0 0 0 0 0 0 0 0 
1370 10 0 0 0 0 0 0 0 0 0 0 0 
1371 10 0 0 0 0 0 0 0 0 0 0 0 
1372 10 0 0 0 0 0 0 0 0 0 0 0 
1373 10 0 0 0 0 0 0 0 0 0 0 0 
1374 10 0 0 0 0 0 0 0 0 0 0 0 
1375 10 0 0 0 0 0 0 0 0 0 0 0 
1376 10 0 0 0 0 0 0 0 0 0 0 0 
1377 10 0 0 0 0 0 0 0 0 0 0 0 
1378 10 0 0 0 0 0 0 0 0 0 0 0 
1379 10 0 0 0 0 0 0 0 0 0 0 0 
1380 10 0 0 0 0 0 0 0 0 0 0 0 
1381 10 0 0 0 0 0 0 0 0 0 0 0 
1382 10 0 0 0 0 0 0 0 0 0 0 0 
1383 10 0 0 0 0 0 0 0 0 0 0 0 
1384 10 0 0 0 0 0 0 0 0 0 0 0 
1385 10 0 0 0 0 0 0 0 0 0 0 0 
1386 10 0 0 0 0 0 0 0 0 0 0 0 
1387 10 0 0 0 0 0 0 0 0 0 0 0 
1388 10 0 0 0 0 0 0 0 0 0 0 0 
1389 10 0 0 0 0 0 0 0 0 0 0 0 
1390 10 0 0 0 0 0 0 0 0 0 0 0 
1391 10 0 0 0 0 0 0 0 0 0 0 0 
1392 10 0 0 0 0 0 0 0 0 0 0 0 
1393 10 0 0 0 0 0 0 0 0 0 0 0 
1394 10 0 0 0 0 0 0 0 0 0 0 0 
1395 10 0 0 0 0 0 0 0 0 0 0 0 
1396 10 0 0 0 0 0 0 0 0 0 0 0 
1397 10 0 0 0 0 0 0 0 0 0 0 0 
1398 10 0 0 0 0 0 0 0 0 0 0 0 
1399 10 0 0 0 0 0 0 0 0 0 0 0 
1400 10 0 0 0 0 0 0 0 0 0 0 0 
1401 10 0 0 0 0 0 0 0 0 0 0 0 
1402 10 0 0 0 0 0 0 0 0 0 0 0 
1403 10 0 0 0 0 0 0 0 0 0 0 0 
1404 10 0 0 0 0 0 0 0 0 0 0 0 
1405 10 0 0 0 0 0 0 0 0 0 0 0 
1406 10 0 0 0 0 0 0 0 0 0 0 0 
1407 10 0 0 0 0 0 0 0 0 0 0 0 
1408 10 0 0 0 0 0 0 0 0 0 0 0 
1409 10 0 0 0 0 0 0 0 0 0 0 0 
1410 10 0 0 0 0 0 0 0 0 0 0 0 
1411 10 0 0 0 0 0 0 0 0 0 0 0 
1412 10 0 0 0 0 0 0 0 0 0 0 0 
1413 10 0 0 0 0 0 0 0 0 0 0 0 
1414 10 0 0 0 0 0 0 0 0 0 0 0 
1415 10 0 0 0 0 0 0 0 0 0 0 0 
1416 10 0 0 0 0 0 0 0 0 0 0 0 
1417 10 0 0 0 0 0 0 0 0 0 0 0 
1418 10 0 0 0 0 0 0 0 0 0 0 0 
1419 10 0 0 0 0 0 0 0 0 0 0 0 
1420 10 0 0 0 0 0 0 0 0 0 0 0 
1421 10 0 0 0 0 0 0 0 0 0 0 0 
1422 10 0 0 0 0 0 0 0 0 0 0 0 
1423 10 0 0 0 0 0 0 0 0 0 0 0 
1424 10 0 0 0 0 0 0 0 0 0 0 0 
1425 10 0 0 0 0 0 0 0 0 0 0 0 
1426 10 0 0 0 0 0 0 0 0 0 0 0 
1427 10 0 0 0 0 0 0 0 0 0 0 0 
1428 10 0 0 0 0 0 0 0 0 0 0 0 
1429 10 0 0 0 0 0 0 0 0 0 0 0 
1430 10 0 0 0 0 0 0 0 0 0 0 0 
1431 10 0 0 0 0 0 0 0 0 0 0 0 
1432 10 0 0 0 0 0 0 0 0 0 0 0 
1433 10 0 0 0 0 0 0 0 0 0 0 0 
1434 10 0 0 0 0 0 0 0 0 0 0 0 
1435 10 0 0 0 0 0 0 0 0 0 0 0 
1436 10 0 0 0 0 0 0 0 0 0 0 0 
1437 10 0 0 0 0 0 0 0 0 0 0 0 
1438 10 0 0 0 0 0 0 0 0 0 0 0 
1439 10 0 0 0 0 0 0 0 0 0 0 0 
1440 10 0 0 0 0 0 0 0 0 0 0 0 
1441 10 0 0 0 0 0 0 0 0 0 0 0 
1442 10 0 0 0 0 0 0 0 0 0 0 0 
1443 10 0 0 0 0 0 0 0 0 0 0 0 
1444 10 0 0 0 0 0 0 0 0 0 0 0 
1445 10 0 0 0 0 0 0 0 0 0 0 0 
1446 10 0 0 0 0 0 0 0 0 0 0 0 
1447 10 0 0 0 0 0 0 0 0 0 0 0 
1448 10 0 0 0 0 0 0 0 0 0 0 0 
1449 10 0 0 0 0 0 0 0 0 0 0 0 
1450 10 0 0 0 0 0 0 0 0 0 0 0 
1451 10 0 0 0 0 0 0 0 0 0 0 0 
1452 10 0 0 0 0 0 0 0 0 0 0 0 
1453 10 0 0 0 0 0 0 0 0 0 0 0 
1454 10 0 0 0 0 0 0 0 0 0 0 0 
1455 10 0 0 0 0 0 0 0 0 0 0 0 
1456 10 0 0 0 0 0 0 0 0 0 0 0 
1457 10 0 0 0 0 0 0 0 0 0 0 0 
1458 10 0 0 0 0 0 0 0 0 0 0 0 
1459 10 0 0 0 0 0 0 0 0 0 0 0 
1460 10 0 0 0 0 0 0 0 0 0 0 0 
1461 10 0 0 0 0 0 0 0 0 0 0 0 
1462 10 0 0 0 0 0 0 0 0 0 0 0 
1463 10 0 0 0 0 0 0 0 0 0 0 0 
1464 10 0 0 0 0 0 0 0 0 0 0 0 
1465 10 0 0 0 0 0 0 0 0 0 0 0 
1466 10 0 0 0 0 0 0 0 0 0 0 0 
1467 10 0 0 0 0 0 0 0 0 0 0 0 
1468 10 0 0 0 0 0 0 0 0 0 0 0 
1469 10 0 0 0 0 0 0 0 0 0 0 0 
1470 10 0 0 0 0 0 0 0 0 0 0 0 
1471 10 0 0 0 0 0 0 0 0 0 0 0 
1472 10 0 0 0 0 0 0 0 0 0 0 0 
1473 10 0 0 0 0 0 0 0 0 0 0 0 
1474 10 0 0 0 0 0 0 0 0 0 0 0 
1475 10 0 0 0 0 0 0 0 0 0 0 0 
1476 10 0 0 0 0 0 0 0 0 0 0 0 
1477 10 0 0 0 0 0 0 0 0 0 0 0 
1478 10 0 0 0 0 0 0 0 0 0 0 0 
1479 10 0 0 0 0 0 0 0 0 0 0 0 
1480 10 0 0 0 0 0 0 0 0 0 0 0 
1481 10 0 0 0 0 0 0 0 0 0 0 0 
1482 10 0 0 0 0 0 0 0 0 0 0 0 
1483 10 0 0 0 0 0 0 0 0 0 0 0 
1484 10 0 0 0 0 0 0 0 0 0 0 0 
1485 10 0 0 0 0 0 0 0 0 0 0 0 
1486 10 0 0 0 0 0 0 0 0 0 0 0 
1487 10 0 0 0 0 0 0 0 0 0 0 0 
1488 10 0 0 0 0 0 0 0 0 0 0 0 
1489 10 0 0 0 0 0 0 0 0 0 0 0 
1490 10 0 0 0 0 0 0 0 0 0 0 0 
1491 10 0 0 0 0 0 0 0 0 0 0 0 
1492 10 0 0 0 0 0 0 0 0 0 0 0 
1493 10 0 0 0 0 0 0 0 0 0 0 0 
1494 10 0 0 0 0 0 0 0 0 0 0 0 
1495 10 0 0 0 0 0 0 0 0 0 0 0 
1496 10 0 0 0 0 0 0 0 0 0 0 0 
1497 10 0 0 0 0 0 0 0 0 0 0 0 
1498 10 0 0 0 0 0 0 0 0 0 0 0 
1499 10 0 0 0 0 0 0 0 0 0 0 0 
1500 10 0 0 0 0 0 0 0 0 0 0 0 
1501 10 0 0 0 0 0 0 0 0 0 0 0 
1502 10 0 0 0 0 0 0 0 0 0 0 0 
1503 10 0 0 0 0 0 0 0 0 0 0 0 
1504 10 0 0 0 0 0 0 0 0 0 0 0 
1505 10 0 0 0 0 0 0 0 0 0 0 0 
1506 10 0 0 0 0 0 0 0 0 0 0 0 
1507 10 0 0 0 0 0 0 0 0 0 0 0 
1508 10 0 0 0 0 0 0 0 0 0 0 0 
1509 10 0 0 0 0 0 0 0 0 0 0 0 
1510 10 0 0 0 0 0 0 0 0 0 0 0 
1511 10 0 0 0 0 0 0 0 0 0 0 0 
1512 10 0 0 0 0 0 0 0 0 0 0 0 
1513 10 0 0 0 0 0 0 0 0 0 0 0 
1514 10 0 0 0 0 0 0 0 0 0 0 0 
1515 10 0 0 0 0 0 0 0 0 0 0 0 
1516 10 0 0 0 0 0 0 0 0 0 0 0 
1517 10 0 0 0 0 0 0 0 0 0 0 0 
1518 10 0 0 0 0 0 0 0 0 0 0 0 
1519 10 0 0 0 0 0 0 0 0 0 0 0 
1520 10 0 0 0 0 0 0 0 0 0 0 0 
1521 10 0 0 0 0 0 0 0 0 0 0 0 
1522 10 0 0 0 0 0 0 0 0 0 0 0 
1523 10 0 0 0 0 0 0 0 0 0 0 0 
1524 10 0 0 0 0 0 0 0 0 0 0 0 
1525 10 0 0 0 0 0 0 0 0 0 0 0 
1526 10 0 0 0 0 0 0 0 0 0 0 0 
1527 10 0 0 0 0 0 0 0 0 0 0 0 
1528 10 0 0 0 0 0 0 0 0 0 0 0 
1529 10 0 0 0 0 0 0 0 0 0 0 0 
1530 10 0 0 0 0 0 0 0 0 0 0 0 
1531 10 0 0 0 0 0 0 0 0 0 0 0 
1532 10 0 0 0 0 0 0 0 0 0 0 0 
1533 10 0 0 0 0 0 0 0 0 0 0 0 
1534 10 0 0 0 0 0 0 0 0 0 0 0 
1535 10 0 0 0 0 0 0 0 0 0 0 0 
1536 10 0 0 0 0 0 0 0 0 0 0 0 
1537 10 0 0 0 0 0 0 0 0 0 0 0 
1538 10 0 0 0 0 0 0 0 0 0 0 0 
1539 10 0 0 0 0 0 0 0 0 0 0 0 
1540 10 0 0 0 0 0 0 0 0 0 0 0 
1541 10 0 0 0 0 0 0 0 0 0 0 0 
1542 10 0 0 0 0 0 0 0 0 0 0 0 
1543 10 0 0 0 0 0 0 0 0 0 0 0 
1544 10 0 0 0 0 0 0 0 0 0 0 0 
1545 10 0 0 0 0 0 0 0 0 0 0 0 
1546 10 0 0 0 0 0 0 0 0 0 0 0 
1547 10 0 0 0 0 0 0 0 0 0 0 0 
1548 10 0 0 0 0 0 0 0 0 0 0 0 
1549 10 0 0 0 0 0 0 0 0 0 0 0 
1550 10 0 0 0 0 0 0 0 0 0 0 0 
1551 10 0 0 0 0 0 0 0 0 0 0 0 
1552 10 0 0 0 0 0 0 0 0 0 0 0 
1553 10 0 0 0 0 0 0 0 0 0 0 0 
1554 10 0 0 0 0 0 0 0 0 0 0 0 
1555 10 0 0 0 0 0 0 0 0 0 0 0 
1556 10 0 0 0 0 0 0 0 0 0 0 0 
1557 10 0 0 0 0 0 0 0 0 0 0 0 
1558 10 0 0 0 0 0 0 0 0 0 0 0 
1559 10 0 0 0 0 0 0 0 0 0 0 0 
1560 10 0 0 0 0 0 0 0 0 0 0 0 
1561 10 0 0 0 0 0 0 0 0 0 0 0 
1562 10 0 0 0 0 0 0 0 0 0 0 0 
1563 10 0 0 0 0 0 0 0 0 0 0 0 
1564 10 0 0 0 0 0 0 0 0 0 0 0 
1565 10 0 0 0 0 0 0 0 0 0 0 0 
1566 10 0 0 0 0 0 0 0 0 0 0 0 
1567 10 0 0 0 0 0 0 0 0 0 0 0 
1568 10 0 0 0 0 0 0 0 0 0 0 0 
1569 10 0 0 0 0 0 0 0 0 0 0 0 
1570 10 0 0 0 0 0 0 0 0 0 0 0 
1571 10 0 0 0 0 0 0 0 0 0 0 0 
1572 10 0 0 0 0 0 0 0 0 0 0 0 
1573 10 0 0 0 0 0 0 0 0 0 0 0 
1574 10 0 0 0 0 0 0 0 0 0 0 0 
1575 10 0 0 0 0 0 0 0 0 0 0 0 
1576 10 0 0 0 0 0 0 0 0 0 0 0 
1577 10 0 0 0 0 0 0 0 0 0 0 0 
1578 10 0 0 0 0 0 0 0 0 0 0 0 
1579 10 0 0 0 0 0 0 0 0 0 0 0 
1580 10 0 0 0 0 0 0 0 0 0 0 0 
1581 10 0 0 0 0 0 0 0 0 0 0 0 
1582 10 0 0 0 0 0 0 0 0 0 0 0 
1583 10 0 0 0 0 0 0 0 0 0 0 0 
1584 10 0 0 0 0 0 0 0 0 0 0 0 
1585 10 0 0 0 0 0 0 0 0 0 0 0 
1586 10 0 0 0 0 0 0 0 0 0 0 0 
1587 10 0 0 0 0 0 0 0 0 0 0 0 
1588 10 0 0 0 0 0 0 0 0 0 0 0 
1589 10 0 0 0 0 0 0 0 0 0 0 0 
1590 10 0 0 0 0 0 0 0 0 0 0 0 
1591 10 0 0 0 0 0 0 0 0 0 0 0 
1592 10 0 0 0 0 0 0 0 0 0 0 0 
1593 10 0 0 0 0 0 0 0 0 0 0 0 
1594 10 0 0 0 0 0 0 0 0 0 0 0 
1595 10 0 0 0 0 0 0 0 0 0 0 0 
1596 10 0 0 0 0 0 0 0 0 0 0 0 
1597 10 0 0 0 0 0 0 0 0 0 0 0 
1598 10 0 0 0 0 0 0 0 0 0 0 0 
1599 10 0 0 0 0 0 0 0 0 0 0 0 
1600 10 0 0 0 0 0 0 0 0 0 0 0 
1601 10 0 0 0 0 0 0 0 0 0 0 0 
1602 10 0 0 0 0 0 0 0 0 0 0 0 
1603 10 0 0 0 0 0 0 0 0 0 0 0 
1604 10 0 0 0 0 0 0 0 0 0 0 0 
1605 10 0 0 0 0 0 0 0 0 0 0 0 
1606 10 0 0 0 0 0 0 0 0 0 0 0 
1607 10 0 0 0 0 0 0 0 0 0 0 0 
1608 10 0 0 0 0 0 0 0 0 0 0 0 
1609 10 0 0 0 0 0 0 0 0 0 0 0 
1610 10 0 0 0 0 0 0 0 0 0 0 0 
1611 10 0 0 0 0 0 0 0 0 0 0 0 
1612 10 0 0 0 0 0 0 0 0 0 0 0 
1613 10 0 0 0 0 0 0 0 0 0 0 0 
1614 10 0 0 0 0 0 0 0 0 0 0 0 
1615 10 0 0 0 0 0 0 0 0 0 0 0 
1616 10 0 0 0 0 0 0 0 0 0 0 0 
1617 10 0 0 0 0 0 0 0 0 0 0 0 
1618 10 0 0 0 0 0 0 0 0 0 0 0 
1619 10 0 0 0 0 0 0 0 0 0 0 0 
1620 10 0 0 0 0 0 0 0 0 0 0 0 
1621 10 0 0 0 0 0 0 0 0 0 0 0 
1622 10 0 0 0 0 0 0 0 0 0 0 0 
1623 10 0 0 0 0 0 0 0 0 0 0 0 
1624 10 0 0 0 0 0 0 0 0 0 0 0 
1625 10 0 0 0 0 0 0 0 0 0 0 0 
1626 10 0 0 0 0 0 0 0 0 0 0 0 
1627 10 0 0 0 0 0 0 0 0 0 0 0 
1628 10 0 0 0 0 0 0 0 0 0 0 0 
1629 10 0 0 0 0 0 0 0 0 0 0 0 
1630 10 0 0 0 0 0 0 0 0 0 0 0 
1631 10 0 0 0 0 0 0 0 0 0 0 0 
1632 10 0 0 0 0 0 0 0 0 0 0 0 
1633 10 0 0 0 0 0 0 0 0 0 0 0 
1634 10 0 0 0 0 0 0 0 0 0 0 0 
1635 10 0 0 0 0 0 0 0 0 0 0 0 
1636 10 0 0 0 0 0 0 0 0 0 0 0 
1637 10 0 0 0 0 0 0 0 0 0 0 0 
1638 10 0 0 0 0 0 0 0 0 0 0 0 
1639 10 0 0 0 0 0 0 0 0 0 0 0 
1640 10 0 0 0 0 0 0 0 0 0 0 0 
1641 10 0 0 0 0 0 0 0 0 0 0 0 
1642 10 0 0 0 0 0 0 0 0 0 0 0 
1643 10 0 0 0 0 0 0 0 0 0 0 0 
1644 10 0 0 0 0 0 0 0 0 0 0 0 
1645 10 0 0 0 0 0 0 0 0 0 0 0 
1646 10 0 0 0 0 0 0 0 0 0 0 0 
1647 10 0 0 0 0 0 0 0 0 0 0 0 
1648 10 0 0 0 0 0 0 0 0 0 0 0 
1649 10 0 0 0 0 0 0 0 0 0 0 0 
1650 10 0 0 0 0 0 0 0 0 0 0 0 
1651 10 0 0 0 0 0 0 0 0 0 0 0 
1652 10 0 0 0 0 0 0 0 0 0 0 0 
1653 10 0 0 0 0 0 0 0 0 0 0 0 
1654 10 0 0 0 0 0 0 0 0 0 0 0 
1655 10 0 0 0 0 0 0 0 0 0 0 0 
1656 10 0 0 0 0 0 0 0 0 0 0 0 
1657 10 0 0 0 0 0 0 0 0 0 0 0 
1658 10 0 0 0 0 0 0 0 0 0 0 0 
1659 10 0 0 0 0 0 0 0 0 0 0 0 
1660 10 0 0 0 0 0 0 0 0 0 0 0 
1661 10 0 0 0 0 0 0 0 0 0 0 0 
1662 10 0 0 0 0 0 0 0 0 0 0 0 
1663 10 0 0 0 0 0 0 0 0 0 0 0 
1664 10 0 0 0 0 0 0 0 0 0 0 0 
1665 10 0 0 0 0 0 0 0 0 0 0 0 
1666 10 0 0 0 0 0 0 0 0 0 0 0 
1667 10 0 0 0 0 0 0 0 0 0 0 0 
1668 10 0 0 0 0 0 0 0 0 0 0 0 
1669 10 0 0 0 0 0 0 0 0 0 0 0 
1670 10 0 0 0 0 0 0 0 0 0 0 0 
1671 10 0 0 0 0 0 0 0 0 0 0 0 
1672 10 0 0 0 0 0 0 0 0 0 0 0 
1673 10 0 0 0 0 0 0 0 0 0 0 0 
1674 10 0 0 0 0 0 0 0 0 0 0 0 
1675 10 0 0 0 0 0 0 0 0 0 0 0 
1676 10 0 0 0 0 0 0 0 0 0 0 0 
1677 10 0 0 0 0 0 0 0 0 0 0 0 
1678 10 0 0 0 0 0 0 0 0 0 0 0 
1679 10 0 0 0 0 0 0 0 0 0 0 0 
1680 10 0 0 0 0 0 0 0 0 0 0 0 
1681 10 0 0 0 0 0 0 0 0 0 0 0 
1682 10 0 0 0 0 0 0 0 0 0 0 0 
1683 10 0 0 0 0 0 0 0 0 0 0 0 
1684 10 0 0 0 0 0 0 0 0 0 0 0 
1685 10 0 0 0 0 0 0 0 0 0 0 0 
1686 10 0 0 0 0 0 0 0 0 0 0 0 
1687 10 0 0 0 0 0 0 0 0 0 0 0 
1688 10 0 0 0 0 0 0 0 0 0 0 0 
1689 10 0 0 0 0 0 0 0 0 0 0 0 
1690 10 0 0 0 0 0 0 0 0 0 0 0 
1691 10 0 0 0 0 0 0 0 0 0 0 0 
1692 10 0 0 0 0 0 0 0 0 0 0 0 
1693 10 0 0 0 0 0 0 0 0 0 0 0 
1694 10 0 0 0 0 0 0 0 0 0 0 0 
1695 10 0 0 0 0 0 0 0 0 0 0 0 
1696 10 0 0 0 0 0 0 0 0 0 0 0 
1697 10 0 0 0 0 0 0 0 0 0 0 0 
1698 10 0 0 0 0 0 0 0 0 0 0 0 
1699 10 0 0 0 0 0 0 0 0 0 0 0 
1700 10 0 0 0 0 0 0 0 0 0 0 0 
1701 10 0 0 0 0 0 0 0 0 0 0 0 
1702 10 0 0 0 0 0 0 0 0 0 0 0 
1703 10 0 0 0 0 0 0 0 0 0 0 0 
1704 10 0 0 0 0 0 0 0 0 0 0 0 
1705 10 0 0 0 0 0 0 0 0 0 0 0 
1706 10 0 0 0 0 0 0 0 0 0 0 0 
1707 10 0 0 0 0 0 0 0 0 0 0 0 
1708 10 0 0 0 0 0 0 0 0 0 0 0 
1709 10 6 0 0 0 0 0 0 0 0 0 0 
1710 10 7 0 0 0 0 0 0 0 0 0 0 
1711 10 8 0 0 0 0 0 0 0 0 0 0 
1712 10 9 0 0 0 0 0 0 0 0 0 0 
1713 10 10 0 0 0 0 0 0 0 0 0 0 
1714 10 11 0 0 0 0 0 0 0 0 0 0 
1715 10 0 0 0 0 0 0 0 0 0 0 0 
1716 10 0 0 0 0 0 0 0 0 0 0 0 
1717 10 13 0 0 0 0 0 0 0 0 0 0 
1718 10 14 0 0 0 0 0 0 0 0 0 0 
1719 10 0 0 0 0 0 0 0 0 0 0 0 
1720 10 0 0 0 0 0 0 0 0 0 0 0 
1721 10 0 0 0 0 0 0 0 0 0 0 0 
1722 10 0 0 0 0 0 0 0 0 0 0 0 
1723 10 0 0 0 0 0 0 0 0 0 0 0 
1724 10 0 0 0 0 0 0 0 0 0 0 0 
1725 10 0 0 0 0 0 0 0 0 0 0 0 
1726 10 0 0 0 0 0 0 0 0 0 0 0 
1727 10 0 0 0 0 0 0 0 0 0 0 0 
1728 10 0 0 0 0 0 0 0 0 0 0 0 
1729 10 0 0 0 0 0 0 0 0 0 0 0 
1730 10 0 0 0 0 0 0 0 0 0 0 0 
1731 10 0 0 0 0 0 0 0 0 0 0 0 
1732 10 0 0 0 0 0 0 0 0 0 0 0 
1733 10 0 0 0 0 0 0 0 0 0 0 0 
1734 10 0 0 0 0 0 0 0 0 0 0 0 
1735 10 0 0 0 0 0 0 0 0 0 0 0 
1736 10 0 0 0 0 0 0 0 0 0 0 0 
1737 10 0 0 0 0 0 0 0 0 0 0 0 
1738 10 0 0 0 0 0 0 0 0 0 0 0 
1739 10 0 0 0 0 0 0 0 0 0 0 0 
1740 10 0 0 0 0 0 0 0 0 0 0 0 
1741 10 0 0 0 0 0 0 0 0 0 0 0 
1742 10 0 0 0 0 0 0 0 0 0 0 0 
1743 10 0 0 0 0 0 0 0 0 0 0 0 
1744 10 0 0 0 0 0 0 0 0 0 0 0 
1745 10 0 0 0 0 0 0 0 0 0 0 0 
1746 10 0 0 0 0 0 0 0 0 0 0 0 
1747 10 0 0 0 0 0 0 0 0 0 0 0 
1748 10 0 0 0 0 0 0 0 0 0 0 0 
1749 10 0 0 0 0 0 0 0 0 0 0 0 
1750 10 0 0 0 0 0 0 0 0 0 0 0 
1751 10 0 0 0 0 0 0 0 0 0 0 0 
1752 10 0 0 0 0 0 0 0 0 0 0 0 
1753 10 0 0 0 0 0 0 0 0 0 0 0 
1754 10 0 0 0 0 0 0 0 0 0 0 0 
1755 10 0 0 0 0 0 0 0 0 0 0 0 
1756 10 0 0 0 0 0 0 0 0 0 0 0 
1757 10 0 0 0 0 0 0 0 0 0 0 0 
1758 10 0 0 0 0 0 0 0 0 0 0 0 
1759 10 17 0 0 0 0 0 0 0 0 0 0 
1760 10 18 0 0 0 0 0 0 0 0 0 0 
1761 10 19 0 0 0 0 0 0 0 0 0 0 
1762 10 20 0 0 0 0 0 0 0 0 0 0 
1763 10 21 0 0 0 0 0 0 0 0 0 0 
1764 10 22 0 0 0 0 0 0 0 0 0 0 
1765 10 23 0 0 0 0 0 0 0 0 0 0 
1766 10 24 0 0 0 0 0 0 0 0 0 0 
1767 10 0 0 0 0 0 0 0 0 0 0 0 
1768 10 0 0 0 0 0 0 0 0 0 0 0 
1769 10 0 0 0 0 0 0 0 0 0 0 0 
1770 10 0 0 0 0 0 0 0 0 0 0 0 
1771 10 0 0 0 0 0 0 0 0 0 0 0 
1772 10 0 0 0 0 0 0 0 0 0 0 0 
1773 10 0 0 0 0 0 0 0 0 0 0 0 
1774 10 0 0 0 0 0 0 0 0 0 0 0 
1775 10 0 0 0 0 0 0 0 0 0 0 0 
1776 10 0 0 0 0 0 0 0 0 0 0 0 
1777 10 0 0 0 0 0 0 0 0 0 0 0 
1778 10 0 0 0 0 0 0 0 0 0 0 0 
1779 10 0 0 0 0 0 0 0 0 0 0 0 
1780 10 0 0 0 0 0 0 0 0 0 0 0 
1781 10 0 0 0 0 0 0 0 0 0 0 0 
1782 10 0 0 0 0 0 0 0 0 0 0 0 
1783 10 0 0 0 0 0 0 0 0 0 0 0 
1784 10 0 0 0 0 0 0 0 0 0 0 0 
1785 10 0 0 0 0 0 0 0 0 0 0 0 
1786 10 0 0 0 0 0 0 0 0 0 0 0 
1787 10 0 0 0 0 0 0 0 0 0 0 0 
1788 10 0 0 0 0 0 0 0 0 0 0 0 
1789 10 0 0 0 0 0 0 0 0 0 0 0 
1790 10 0 0 0 0 0 0 0 0 0 0 0 
1791 10 0 0 0 0 0 0 0 0 0 0 0 
1792 10 0 0 0 0 0 0 0 0 0 0 0 
1793 10 0 0 0 0 0 0 0 0 0 0 0 
1794 10 0 0 0 0 0 0 0 0 0 0 0 
1795 10 0 0 0 0 0 0 0 0 0 0 0 
1796 10 0 0 0 0 0 0 0 0 0 0 0 
1797 10 0 0 0 0 0 0 0 0 0 0 0 
1798 10 0 0 0 0 0 0 0 0 0 0 0 
1799 10 0 0 0 0 0 0 0 0 0 0 0 
1800 10 0 0 0 0 0 0 0 0 0 0 0 
1801 10 0 0 0 0 0 0 0 0 0 0 0 
1802 10 0 0 0 0 0 0 0 0 0 0 0 
1803 10 0 0 0 0 0 0 0 0 0 0 0 
1804 10 0 0 0 0 0 0 0 0 0 0 0 
1805 10 0 0 0 0 0 0 0 0 0 0 0 
1806 10 0 0 0 0 0 0 0 0 0 0 0 
1807 10 0 0 0 0 0 0 0 0 0 0 0 
1808 10 0 0 0 0 0 0 0 0 0 0 0 
1809 10 0 0 0 0 0 0 0 0 0 0 0 
1810 10 0 0 0 0 0 0 0 0 0 0 0 
1811 10 0 0 0 0 0 0 0 0 0 0 0 
1812 10 0 0 0 0 0 0 0 0 0 0 0 
1813 10 0 0 0 0 0 0 0 0 0 0 0 
1814 10 0 0 0 0 0 0 0 0 0 0 0 
1815 10 0 0 0 0 0 0 0 0 0 0 0 
1816 10 0 0 0 0 0 0 0 0 0 0 0 
1817 10 0 0 0 0 0 0 0 0 0 0 0 
1818 10 0 0 0 0 0 0 0 0 0 0 0 
1819 10 0 0 0 0 0 0 0 0 0 0 0 
1820 10 0 0 0 0 0 0 0 0 0 0 0 
1821 10 0 0 0 0 0 0 0 0 0 0 0 
1822 10 0 0 0 0 0 0 0 0 0 0 0 
1823 10 0 0 0 0 0 0 0 0 0 0 0 
1824 10 0 0 0 0 0 0 0 0 0 0 0 
1825 10 0 0 0 0 0 0 0 0 0 0 0 
1826 10 0 0 0 0 0 0 0 0 0 0 0 
1827 10 0 0 0 0 0 0 0 0 0 0 0 
1828 10 0 0 0 0 0 0 0 0 0 0 0 
1829 10 0 0 0 0 0 0 0 0 0 0 0 
1830 10 0 0 0 0 0 0 0 0 0 0 0 
1831 10 0 0 0 0 0 0 0 0 0 0 0 
1832 10 0 0 0 0 0 0 0 0 0 0 0 
1833 10 0 0 0 0 0 0 0 0 0 0 0 
1834 10 0 0 0 0 0 0 0 0 0 0 0 
1835 10 0 0 0 0 0 0 0 0 0 0 0 
1836 10 0 0 0 0 0 0 0 0 0 0 0 
1837 10 0 0 0 0 0 0 0 0 0 0 0 
1838 10 0 0 0 0 0 0 0 0 0 0 0 
1839 10 0 0 0 0 0 0 0 0 0 0 0 
1840 10 0 0 0 0 0 0 0 0 0 0 0 
1841 10 0 0 0 0 0 0 0 0 0 0 0 
1842 10 0 0 0 0 0 0 0 0 0 0 0 
1843 10 0 0 0 0 0 0 0 0 0 0 0 
1844 10 0 0 0 0 0 0 0 0 0 0 0 
1845 10 0 0 0 0 0 0 0 0 0 0 0 
1846 10 0 0 0 0 0 0 0 0 0 0 0 
1847 10 0 0 0 0 0 0 0 0 0 0 0 
1848 10 0 0 0 0 0 0 0 0 0 0 0 
1849 10 0 0 0 0 0 0 0 0 0 0 0 
1850 10 0 0 0 0 0 0 0 0 0 0 0 
1851 10 0 0 0 0 0 0 0 0 0 0 0 
1852 10 0 0 0 0 0 0 0 0 0 0 0 
1853 10 0 0 0 0 0 0 0 0 0 0 0 
1854 10 0 0 0 0 0 0 0 0 0 0 0 
1855 10 0 0 0 0 0 0 0 0 0 0 0 
1856 10 0 0 0 0 0 0 0 0 0 0 0 
1857 10 0 0 0 0 0 0 0 0 0 0 0 
1858 10 0 0 0 0 0 0 0 0 0 0 0 
1859 10 0 0 0 0 0 0 0 0 0 0 0 
1860 10 0 0 0 0 0 0 0 0 0 0 0 
1861 10 0 0 0 0 0 0 0 0 0 0 0 
1862 10 0 0 0 0 0 0 0 0 0 0 0 
1863 10 0 0 0 0 0 0 0 0 0 0 0 
1864 10 0 0 0 0 0 0 0 0 0 0 0 
1865 10 0 0 0 0 0 0 0 0 0 0 0 
1866 10 0 0 0 0 0 0 0 0 0 0 0 
1867 10 0 0 0 0 0 0 0 0 0 0 0 
1868 10 0 0 0 0 0 0 0 0 0 0 0 
1869 10 0 0 0 0 0 0 0 0 0 0 0 
1870 10 0 0 0 0 0 0 0 0 0 0 0 
1871 10 0 0 0 0 0 0 0 0 0 0 0 
1872 10 0 0 0 0 0 0 0 0 0 0 0 
1873 10 0 0 0 0 0 0 0 0 0 0 0 
1874 10 0 0 0 0 0 0 0 0 0 0 0 
1875 10 0 0 0 0 0 0 0 0 0 0 0 
1876 10 0 0 0 0 0 0 0 0 0 0 0 
1877 10 0 0 0 0 0 0 0 0 0 0 0 
1878 10 0 0 0 0 0 0 0 0 0 0 0 
1879 10 0 0 0 0 0 0 0 0 0 0 0 
1880 10 0 0 0 0 0 0 0 0 0 0 0 
1881 10 0 0 0 0 0 0 0 0 0 0 0 
1882 10 0 0 0 0 0 0 0 0 0 0 0 
1883 10 0 0 0 0 0 0 0 0 0 0 0 
1884 10 0 0 0 0 0 0 0 0 0 0 0 
1885 10 0 0 0 0 0 0 0 0 0 0 0 
1886 10 0 0 0 0 0 0 0 0 0 0 0 
1887 10 0 0 0 0 0 0 0 0 0 0 0 
1888 10 0 0 0 0 0 0 0 0 0 0 0 
1889 10 0 0 0 0 0 0 0 0 0 0 0 
1890 10 0 0 0 0 0 0 0 0 0 0 0 
1891 10 0 0 0 0 0 0 0 0 0 0 0 
1892 10 0 0 0 0 0 0 0 0 0 0 0 
1893 10 0 0 0 0 0 0 0 0 0 0 0 
1894 10 0 0 0 0 0 0 0 0 0 0 0 
1895 10 0 0 0 0 0 0 0 0 0 0 0 
1896 10 0 0 0 0 0 0 0 0 0 0 0 
1897 10 0 0 0 0 0 0 0 0 0 0 0 
1898 10 0 0 0 0 0 0 0 0 0 0 0 
1899 10 0 0 0 0 0 0 0 0 0 0 0 
1900 10 0 0 0 0 0 0 0 0 0 0 0 
1901 10 0 0 0 0 0 0 0 0 0 0 0 
1902 10 0 0 0 0 0 0 0 0 0 0 0 
1903 10 0 0 0 0 0 0 0 0 0 0 0 
1904 10 0 0 0 0 0 0 0 0 0 0 0 
1905 10 0 0 0 0 0 0 0 0 0 0 0 
1906 10 0 0 0 0 0 0 0 0 0 0 0 
1907 10 0 0 0 0 0 0 0 0 0 0 0 
1908 10 0 0 0 0 0 0 0 0 0 0 0 
1909 10 0 0 0 0 0 0 0 0 0 0 0 
1910 10 0 0 0 0 0 0 0 0 0 0 0 
1911 10 0 0 0 0 0 0 0 0 0 0 0 
1912 10 0 0 0 0 0 0 0 0 0 0 0 
1913 10 0 0 0 0 0 0 0 0 0 0 0 
1914 10 0 0 0 0 0 0 0 0 0 0 0 
1915 10 0 0 0 0 0 0 0 0 0 0 0 
1916 10 0 0 0 0 0 0 0 0 0 0 0 
1917 10 0 0 0 0 0 0 0 0 0 0 0 
1918 10 0 0 0 0 0 0 0 0 0 0 0 
1919 10 0 0 0 0 0 0 0 0 0 0 0 
1920 10 0 0 0 0 0 0 0 0 0 0 0 
1921 10 0 0 0 0 0 0 0 0 0 0 0 
1922 10 0 0 0 0 0 0 0 0 0 0 0 
1923 10 0 0 0 0 0 0 0 0 0 0 0 
1924 10 0 0 0 0 0 0 0 0 0 0 0 
1925 10 0 0 0 0 0 0 0 0 0 0 0 
1926 10 0 0 0 0 0 0 0 0 0 0 0 
1927 10 0 0 0 0 0 0 0 0 0 0 0 
1928 10 0 0 0 0 0 0 0 0 0 0 0 
1929 10 0 0 0 0 0 0 0 0 0 0 0 
1930 10 0 0 0 0 0 0 0 0 0 0 0 
1931 10 0 0 0 0 0 0 0 0 0 0 0 
1932 10 0 0 0 0 0 0 0 0 0 0 0 
1933 10 0 0 0 0 0 0 0 0 0 0 0 
1934 10 0 0 0 0 0 0 0 0 0 0 0 
1935 10 0 0 0 0 0 0 0 0 0 0 0 
1936 10 0 0 0 0 0 0 0 0 0 0 0 
1937 10 0 0 0 0 0 0 0 0 0 0 0 
1938 10 0 0 0 0 0 0 0 0 0 0 0 
1939 10 0 0 0 0 0 0 0 0 0 0 0 
1940 10 0 0 0 0 0 0 0 0 0 0 0 
1941 10 0 0 0 0 0 0 0 0 0 0 0 
1942 10 0 0 0 0 0 0 0 0 0 0 0 
1943 10 0 0 0 0 0 0 0 0 0 0 0 
1944 10 0 0 0 0 0 0 0 0 0 0 0 
1945 10 0 0 0 0 0 0 0 0 0 0 0 
1946 10 0 0 0 0 0 0 0 0 0 0 0 
1947 10 0 0 0 0 0 0 0 0 0 0 0 
1948 10 0 0 0 0 0 0 0 0 0 0 0 
1949 10 0 0 0 0 0 0 0 0 0 0 0 
1950 10 0 0 0 0 0 0 0 0 0 0 0 
1951 10 0 0 0 0 0 0 0 0 0 0 0 
1952 10 0 0 0 0 0 0 0 0 0 0 0 
1953 10 0 0 0 0 0 0 0 0 0 0 0 
1954 10 0 0 0 0 0 0 0 0 0 0 0 
1955 10 0 0 0 0 0 0 0 0 0 0 0 
1956 10 0 0 0 0 0 0 0 0 0 0 0 
1957 10 0 0 0 0 0 0 0 0 0 0 0 
1958 10 0 0 0 0 0 0 0 0 0 0 0 
1959 10 0 0 0 0 0 0 0 0 0 0 0 
1960 10 0 0 0 0 0 0 0 0 0 0 0 
1961 10 0 0 0 0 0 0 0 0 0 0 0 
1962 10 0 0 0 0 0 0 0 0 0 0 0 
1963 10 0 0 0 0 0 0 0 0 0 0 0 
1964 10 0 0 0 0 0 0 0 0 0 0 0 
1965 10 0 0 0 0 0 0 0 0 0 0 0 
1966 10 0 0 0 0 0 0 0 0 0 0 0 
1967 10 0 0 0 0 0 0 0 0 0 0 0 
1968 10 0 0 0 0 0 0 0 0 0 0 0 
1969 10 0 0 0 0 0 0 0 0 0 0 0 
1970 10 0 0 0 0 0 0 0 0 0 0 0 
1971 10 0 0 0 0 0 0 0 0 0 0 0 
1972 10 0 0 0 0 0 0 0 0 0 0 0 
1973 10 0 0 0 0 0 0 0 0 0 0 0 
1974 10 0 0 0 0 0 0 0 0 0 0 0 
1975 10 0 0 0 0 0 0 0 0 0 0 0 
1976 10 0 0 0 0 0 0 0 0 0 0 0 
1977 10 0 0 0 0 0 0 0 0 0 0 0 
1978 10 0 0 0 0 0 0 0 0 0 0 0 
1979 10 0 0 0 0 0 0 0 0 0 0 0 
1980 10 0 0 0 0 0 0 0 0 0 0 0 
1981 10 0 0 0 0 0 0 0 0 0 0 0 
1982 10 0 0 0 0 0 0 0 0 0 0 0 
1983 10 0 0 0 0 0 0 0 0 0 0 0 
1984 10 0 0 0 0 0 0 0 0 0 0 0 
1985 10 0 0 0 0 0 0 0 0 0 0 0 
1986 10 0 0 0 0 0 0 0 0 0 0 0 
1987 10 0 0 0 0 0 0 0 0 0 0 0 
1988 10 0 0 0 0 0 0 0 0 0 0 0 
1989 10 0 0 0 0 0 0 0 0 0 0 0 
1990 10 0 0 0 0 0 0 0 0 0 0 0 
1991 10 0 0 0 0 0 0 0 0 0 0 0 
1992 10 0 0 0 0 0 0 0 0 0 0 0 
1993 10 33 0 0 0 0 0 0 0 0 0 0 
1994 10 34 0 0 0 0 0 0 0 0 0 0 
1995 10 0 0 0 0 0 0 0 0 0 0 0 
1996 10 0 0 0 0 0 0 0 0 0 0 0 
1997 10 0 0 0 0 0 0 0 0 0 0 0 
1998 10 0 0 0 0 0 0 0 0 0 0 0 
1999 10 0 0 0 0 0 0 0 0 0 0 0 
2000 10 0 0 0 0 0 0 0 0 0 0 0 
2001 10 0 0 0 0 0 0 0 0 0 0 0 
2002 10 0 0 0 0 0 0 0 0 0 0 0 
2003 10 0 0 0 0 0 0 0 0 0 0 0 
2004 10 0 0 0 0 0 0 0 0 0 0 0 
2005 10 0 0 0 0 0 0 0 0 0 0 0 
2006 10 0 0 0 0 0 0 0 0 0 0 0 
2007 10 0 0 0 0 0 0 0 0 0 0 0 
2008 10 0 0 0 0 0 0 0 0 0 0 0 
2009 10 0 0 0 0 0 0 0 0 0 0 0 
2010 10 0 0 0 0 0 0 0 0 0 0 0 
2011 10 0 0 0 0 0 0 0 0 0 0 0 
2012 10 0 0 0 0 0 0 0 0 0 0 0 
2013 10 0 0 0 0 0 0 0 0 0 0 0 
2014 10 0 0 0 0 0 0 0 0 0 0 0 
2015 10 0 0 0 0 0 0 0 0 0 0 0 
2016 10 0 0 0 0 0 0 0 0 0 0 0 
2017 10 0 0 0 0 0 0 0 0 0 0 0 
2018 10 0 0 0 0 0 0 0 0 0 0 0 
2019 10 0 0 0 0 0 0 0 0 0 0 0 
2020 10 0 0 0 0 0 0 0 0 0 0 0 
2021 10 0 0 0 0 0 0 0 0 0 0 0 
2022 10 0 0 0 0 0 0 0 0 0 0 0 
2023 10 0 0 0 0 0 0 0 0 0 0 0 
2024 10 0 0 0 0 0 0 0 0 0 0 0 
2025 10 0 0 0 0 0 0 0 0 0 0 0 
2026 10 0 0 0 0 0 0 0 0 0 0 0 
2027 10 0 0 0 0 0 0 0 0 0 0 0 
2028 10 0 0 0 0 0 0 0 0 0 0 0 
2029 10 0 0 0 0 0 0 0 0 0 0 0 
2030 10 0 0 0 0 0 0 0 0 0 0 0 
2031 10 0 0 0 0 0 0 0 0 0 0 0 
2032 10 0 0 0 0 0 0 0 0 0 0 0 
2033 10 0 0 0 0 0 0 0 0 0 0 0 
2034 10 0 0 0 0 0 0 0 0 0 0 0 
2035 10 0 0 0 0 0 0 0 0 0 0 0 
2036 10 0 0 0 0 0 0 0 0 0 0 0 
2037 10 0 0 0 0 0 0 0 0 0 0 0 
2038 10 0 0 0 0 0 0 0 0 0 0 0 
2039 10 0 0 0 0 0 0 0 0 0 0 0 
2040 10 0 0 0 0 0 0 0 0 0 0 0 
2041 10 0 0 0 0 0 0 0 0 0 0 0 
2042 10 0 0 0 0 0 0 0 0 0 0 0 
2043 10 0 0 0 0 0 0 0 0 0 0 0 
2044 10 0 0 0 0 0 0 0 0 0 0 0 
2045 10 0 0 0 0 0 0 0 0 0 0 0 
2046 10 0 0 0 0 0 0 0 0 0 0 0 

0 4 1 3 pack_2 0.000600841 1 17 39 66 
1 4 1 3 pack_2 0.0692641 8 7 79 180 -28 84 186 -28 69 120 -38 84 186 12 79 186 -33 69 120 -13 84 144 7 84 186 
2 4 1 3 pack_2 0.0540541 9 7 64 180 22 64 348 27 59 348 17 44 66 7 39 78 12 39 66 12 34 78 2 44 342 -3 4 72 
3 4 1 3 pack_2 0.246575 3 27 -101 12 17 -106 12 32 -106 120 
4 4 1 3 pack_2 0.545455 1 -3 -61 72 
5 4 1 3 pack_2 1 2 12 -106 186 -28 -106 72 
6 4 1 3 pack_2 1 1 -33 -106 78 
7 4 1 3 pack_2 0.961832 21 -38 -111 78 -53 -111 126 -53 -111 132 27 -111 24 32 -111 24 27 -111 186 47 -111 222 47 -111 108 -48 -111 348 47 -111 12 37 -106 282 -53 -111 348 47 -111 132 52 -111 144 32 -111 72 32 -111 90 27 -111 120 37 -111 240 37 -111 132 37 -111 66 37 -111 72 
8 4 1 3 pack_2 1 1 17 -91 66 
9 4 1 3 pack_2 1 13 -3 -106 66 7 -106 132 12 -96 78 -23 -106 12 -18 -111 180 -23 -111 186 -3 -111 342 -18 -111 108 -13 -106 342 2 -101 78 12 -106 312 7 -106 120 -23 -106 72 
10 4 1 3 pack_2 1 9 -48 -111 144 -23 -101 180 17 -106 24 -43 -111 120 -18 -96 90 7 -106 282 -43 -111 186 -43 -111 24 -13 -111 12 
11 4 1 3 pack_2 1 44 7 -111 24 22 -111 222 -18 -111 24 2 -91 90 -28 -111 120 -18 -111 240 -43 -106 222 -23 -111 12 -18 -111 312 -3 -111 132 7 -111 126 2 -111 312 -23 -96 90 -33 -106 120 -13 -106 12 -3 -106 210 -3 -106 222 2 -106 120 -13 -106 144 -13 -56 90 -23 -106 282 -33 -96 180 -23 -96 72 -23 -91 72 -13 -86 66 -28 -101 78 -8 -96 66 -13 -96 108 2 -106 240 -8 -91 72 -8 -96 72 -8 -71 78 -3 -71 66 -13 -96 348 -3 -101 348 2 -71 132 -33 -96 108 12 -91 72 -28 -96 12 -33 -101 186 12 -96 312 2 -86 240 2 -101 240 12 -86 240 
12 4 1 3 pack_2 1 1 -28 -96 132 
13 4 1 3 pack_2 1 1 2 -106 108 
14 4 1 3 pack_2 1 58 -28 -111 144 32 -111 342 -18 -106 222 -28 -111 240 -3 -91 144 27 -106 342 -3 -91 72 22 -101 312 7 -101 144 7 -106 12 12 -106 342 22 -96 72 12 -91 90 -8 -106 186 -8 -101 78 32 -111 312 -13 -101 90 17 -101 132 -13 -101 108 17 -111 120 17 -96 342 7 -106 180 -3 -106 78 -13 -111 186 22 -111 144 -3 -66 72 12 -111 72 7 -101 180 -23 -106 126 7 -101 12 17 -106 144 7 -111 66 -28 -111 132 17 -106 342 22 -101 348 2 -111 78 -18 -111 126 -8 -106 90 7 -106 66 -23 -111 126 -28 -96 126 -3 -111 72 12 -106 66 17 -106 348 12 -101 66 -3 -111 186 -23 -106 132 17 -106 66 7 -96 66 -8 -101 108 12 -111 78 12 -96 66 12 -101 78 17 -96 78 -3 -101 186 17 -106 72 2 -91 186 17 -91 72 
15 4 0 
16 4 1 3 pack_2 0.0254237 1 -18 -41 120 
17 4 1 3 pack_2 0.876167 1533 57 69 186 42 74 222 57 24 66 57 69 132 42 19 186 52 69 78 42 14 282 47 69 72 52 69 66 47 74 348 47 69 66 47 14 108 52 69 186 52 24 78 37 69 12 37 14 90 -53 69 66 47 24 78 42 74 282 47 79 210 52 19 342 -53 79 210 52 24 186 -48 29 348 57 74 126 52 74 282 32 74 108 52 14 126 37 74 90 32 74 282 42 74 132 37 74 132 42 74 72 57 74 222 52 19 66 27 59 108 57 14 72 -53 19 78 47 14 12 -53 64 66 32 64 180 42 14 12 -48 64 348 52 -16 144 42 64 24 52 59 120 47 59 78 37 24 108 57 59 66 52 59 66 42 14 180 57 14 186 52 64 72 27 19 108 52 14 108 57 64 90 52 64 144 52 64 282 37 64 90 52 14 132 57 64 72 47 79 240 57 64 66 57 14 144 47 64 66 47 14 72 52 64 24 52 14 342 37 14 12 47 89 240 32 89 282 -33 89 240 37 89 126 -53 89 282 47 89 186 -28 89 66 12 89 282 37 89 24 27 89 90 22 89 132 27 89 240 2 89 108 37 89 210 -18 89 66 47 19 108 52 19 132 47 89 120 57 89 108 57 89 126 57 89 24 57 89 66 52 89 126 52 89 282 52 89 12 -48 89 66 57 84 282 47 89 312 47 89 282 -48 89 78 52 89 66 -53 89 222 -38 89 240 -33 89 66 42 79 126 37 84 186 37 84 210 32 84 186 42 19 78 52 79 132 57 79 342 57 79 66 42 79 120 -48 84 348 47 79 144 47 79 72 47 79 66 37 79 72 -53 79 72 37 24 180 47 79 186 -43 84 78 52 84 120 52 84 90 57 84 180 52 84 72 47 84 312 47 84 132 42 84 126 -48 84 72 42 29 186 -53 84 78 37 84 78 27 84 120 -53 84 210 -48 84 282 -48 84 210 47 84 210 57 4 222 52 4 210 57 44 348 47 -1 126 47 -11 282 32 39 108 52 44 186 47 44 186 57 34 282 57 44 66 -48 9 72 37 39 108 -53 44 72 42 -11 282 47 34 90 42 -1 90 52 39 126 42 44 78 47 44 90 47 44 144 -53 -1 348 57 44 90 47 -11 72 -48 -1 348 57 44 282 47 44 78 52 39 132 -53 49 342 37 -11 12 52 -11 90 57 44 342 52 -11 132 57 44 72 57 34 342 57 -1 210 57 39 348 47 -1 72 47 -6 144 32 34 108 57 -1 108 57 -1 144 37 -1 12 37 39 186 52 39 72 47 -6 132 52 -1 240 42 -6 108 37 39 180 52 -1 186 42 39 186 57 -1 180 57 34 312 52 -6 180 52 39 90 57 39 90 57 114 282 52 -1 120 52 -6 240 52 34 132 52 34 108 42 44 282 52 -1 108 57 -6 348 52 -6 66 52 -6 72 47 39 72 52 -6 78 52 34 126 -53 54 78 57 54 66 52 29 126 47 54 12 52 29 120 52 54 24 57 54 222 47 29 132 37 54 180 -53 34 72 47 9 186 -53 54 66 47 -16 282 47 -16 126 42 29 108 47 49 132 52 49 108 57 29 66 42 14 186 42 9 108 47 59 186 52 59 210 37 59 186 52 29 180 47 9 132 57 54 120 37 9 186 57 29 12 -48 19 342 52 9 144 47 54 282 47 9 78 52 9 78 42 54 78 37 44 108 47 4 12 52 34 12 32 44 108 57 34 348 -48 39 348 42 49 210 37 49 186 52 -11 342 57 4 132 52 -11 78 42 44 108 57 34 72 47 44 108 52 44 108 57 44 120 57 -11 144 47 4 282 37 34 186 -53 -6 72 37 34 180 37 29 282 57 34 210 47 4 120 -43 54 66 37 4 90 37 79 222 47 34 186 -48 39 342 47 49 12 52 34 180 37 49 12 42 49 12 47 49 180 42 99 348 57 99 180 47 109 186 37 109 78 -43 104 120 42 109 126 -53 99 66 -48 109 312 32 109 78 -48 99 222 42 109 144 -28 109 66 32 109 282 22 99 132 52 99 144 47 104 66 22 99 240 -33 104 222 -33 99 24 -23 99 72 7 99 108 17 99 120 32 99 66 32 99 126 37 99 132 -28 109 72 -33 109 66 57 109 342 -43 109 66 -53 109 90 -53 109 78 52 109 144 -43 109 72 -43 109 186 52 109 132 -38 109 66 -38 109 78 -48 109 282 -33 109 12 22 109 66 -38 109 108 57 99 90 -43 109 342 42 104 24 -43 109 120 -48 109 132 52 99 120 32 109 90 47 109 66 -33 109 72 -38 99 312 -48 99 12 -43 99 78 7 109 132 -53 99 132 27 99 108 52 99 132 42 99 78 -3 109 348 32 99 108 42 99 90 47 99 78 47 99 144 -53 99 282 -48 99 108 22 109 180 -8 109 348 -8 109 66 -53 104 282 52 99 348 47 99 90 47 99 108 47 104 12 -38 99 66 57 104 90 -53 104 240 57 104 126 -48 104 72 27 99 282 17 99 108 -28 99 72 22 109 240 -3 109 12 7 109 108 -13 109 12 42 109 240 -23 109 66 -53 99 72 -23 109 222 32 109 240 7 109 120 52 109 12 22 109 186 17 109 210 -33 104 90 17 109 132 37 104 90 47 104 132 -53 99 222 12 99 90 7 109 180 12 109 180 2 109 210 47 114 180 37 104 180 -23 104 66 -23 104 72 47 114 78 -48 114 132 47 104 222 47 94 240 -53 94 120 -33 114 72 42 104 342 -33 114 186 32 104 126 37 94 72 -53 94 312 -28 94 66 42 114 66 -38 114 342 37 114 24 -28 114 24 37 114 120 -23 114 12 42 114 132 -28 114 240 47 114 210 22 114 72 7 114 12 47 114 12 57 114 144 57 114 132 -53 114 24 -43 114 66 -48 114 186 -53 114 222 -23 104 282 -53 114 78 32 104 180 52 114 78 -43 114 210 -43 114 78 32 114 126 -53 114 108 27 94 222 -38 114 186 37 94 210 -38 94 210 -48 114 348 37 94 180 2 94 108 52 114 180 27 94 132 -18 104 66 47 114 90 47 104 348 27 104 282 57 109 126 22 114 210 37 104 72 22 104 108 32 114 342 -48 94 72 52 94 12 2 114 210 27 114 180 52 94 108 52 94 90 32 114 210 -8 114 222 57 94 144 -18 114 180 17 114 342 7 114 348 22 114 342 7 114 132 -8 114 90 42 104 72 -23 114 312 57 109 120 57 109 312 -33 94 66 2 104 132 52 94 210 17 114 24 7 114 90 -48 94 342 42 94 144 22 94 90 52 94 240 -38 94 222 -18 114 78 32 94 108 42 94 12 -48 94 240 52 94 186 47 94 78 12 114 282 37 104 24 -38 94 78 -38 94 240 42 114 222 32 114 186 37 104 126 -48 94 210 -53 69 240 -43 59 72 42 64 126 52 14 348 32 -11 186 -28 99 222 52 9 348 42 44 24 47 44 222 52 19 348 -48 4 66 27 89 72 -43 44 348 47 49 240 -18 109 348 42 79 342 -43 109 132 42 29 24 -23 109 348 17 109 66 -53 94 144 37 9 180 12 84 282 -48 39 78 7 99 132 47 -6 66 22 94 72 -13 104 240 -43 44 342 47 39 240 -28 114 120 47 4 222 -48 79 312 47 4 240 -18 109 342 42 4 24 -38 84 72 37 -6 180 42 9 24 27 89 66 17 79 120 37 64 210 47 69 342 -43 4 342 -43 24 342 32 79 72 42 49 126 -18 109 90 37 69 312 -43 109 144 -53 59 90 -43 34 348 12 104 72 -13 104 222 7 104 180 -33 94 90 -38 84 282 -53 84 186 -3 104 120 17 104 348 32 74 210 17 99 240 52 44 312 52 39 312 -53 59 282 -48 74 222 42 34 132 -43 84 90 37 94 348 37 64 126 52 29 312 52 -16 312 -43 94 120 52 19 312 52 -11 312 27 84 72 -28 84 240 -43 74 78 -8 109 90 -23 84 66 42 24 120 -18 84 72 -38 99 342 42 74 342 -33 109 120 -28 104 186 32 34 282 -38 79 72 42 19 126 47 54 348 37 59 210 -23 94 78 2 99 132 -53 44 282 -53 39 282 42 -11 120 32 24 282 -53 84 132 27 84 66 -18 104 90 32 -16 282 -28 84 72 -43 84 210 12 79 126 42 74 348 -38 109 144 -28 89 78 -38 59 66 -13 84 282 32 94 24 47 34 348 17 99 66 -38 84 312 47 24 348 -38 74 72 37 64 222 22 99 186 32 69 210 -28 104 108 -8 99 72 12 99 72 32 74 240 42 14 132 2 99 90 -3 99 126 2 94 126 37 59 78 22 94 210 42 69 348 27 79 180 -8 104 120 17 74 132 -3 99 132 -53 44 12 -13 104 90 32 -6 180 42 49 66 -43 24 72 -48 74 210 22 69 126 -43 59 78 27 74 186 -38 69 72 -43 79 12 -53 39 12 -23 84 282 42 -1 210 -38 89 108 32 49 12 2 94 90 -38 104 144 42 -6 210 -38 74 78 27 79 66 -23 94 90 32 44 12 27 39 186 -43 19 66 32 9 12 37 64 66 -28 84 78 -53 24 12 -43 89 126 12 94 72 12 94 240 -8 89 72 32 -16 12 12 99 66 -53 14 12 42 -11 132 -48 64 12 42 39 66 22 79 240 27 74 72 -8 99 132 42 34 222 -3 94 126 42 -6 72 -33 99 180 27 14 186 27 64 90 22 64 120 12 89 78 22 79 72 -3 99 186 -13 94 108 32 69 66 -38 99 144 42 44 240 -28 79 282 42 34 66 12 69 120 -3 94 132 47 39 342 17 59 108 -8 99 180 7 84 132 -18 104 126 -43 89 132 -53 49 240 22 69 144 22 64 126 -13 99 180 47 34 342 -18 104 120 12 69 108 42 59 348 17 89 222 -3 89 66 -43 69 90 37 39 120 17 69 282 -33 84 348 -18 84 78 -38 39 66 -38 74 312 -18 74 72 -48 54 282 17 54 108 22 69 90 32 54 210 27 84 12 -38 64 78 47 9 342 -38 49 348 -8 79 72 37 49 72 12 94 342 12 69 126 37 54 66 37 39 126 12 84 144 47 -11 342 22 79 180 27 74 12 -48 49 90 -3 89 72 2 94 186 27 69 240 27 44 282 -53 19 312 7 79 90 -28 64 66 12 84 78 -3 89 90 32 -16 90 17 64 132 7 94 210 37 54 312 -28 99 144 -18 89 108 27 54 120 42 9 240 -18 94 180 42 4 222 22 -21 108 27 69 66 -3 94 78 37 14 78 -43 24 78 27 49 90 -53 29 180 -13 94 144 27 64 222 -18 69 72 -3 79 66 -48 74 144 32 49 132 -8 69 66 12 89 186 2 89 66 22 64 312 17 84 180 -48 44 12 2 89 144 32 49 78 -43 19 78 -23 89 108 42 39 348 32 59 66 17 59 120 -13 94 132 32 54 72 32 64 24 -53 54 210 -8 84 78 -48 34 90 22 54 282 47 19 312 37 39 222 -53 24 240 12 89 210 -38 69 12 37 24 210 42 -11 66 -38 24 348 17 34 108 42 44 342 37 -1 78 -33 44 66 17 59 132 22 64 180 32 44 132 37 9 120 42 -16 66 -38 89 144 -33 94 144 37 -6 78 -23 94 120 12 54 108 37 39 66 -33 79 108 -28 84 108 -43 54 90 37 19 144 -33 59 348 42 24 348 32 54 66 -3 79 90 -28 69 342 27 59 72 37 -16 78 12 59 126 -18 64 282 17 69 78 32 39 210 -53 29 186 -33 49 72 37 9 126 32 39 132 2 79 72 27 9 180 27 54 78 -53 -6 180 -38 39 78 -48 39 240 -48 59 186 22 64 72 17 74 66 37 4 126 -48 24 12 -23 89 120 7 69 90 22 64 240 47 -11 312 -18 89 132 42 9 348 32 34 78 37 -16 120 -33 44 72 -38 84 144 -38 9 66 -23 69 78 -28 79 108 42 29 342 12 74 72 -13 69 240 37 29 66 -48 19 12 -3 79 78 27 59 66 17 69 240 32 39 24 27 -1 282 12 79 66 2 69 126 -53 -1 24 -3 79 312 -28 89 132 -13 84 312 -13 59 72 27 -6 282 7 84 222 17 74 210 42 24 342 -23 89 132 42 29 312 7 84 210 -23 79 312 22 64 66 27 19 12 37 9 72 32 39 72 -48 4 90 27 19 90 37 -6 126 17 49 120 -43 39 282 -38 79 132 37 24 66 -28 64 348 32 29 132 37 4 72 -48 -1 90 -23 74 108 32 29 24 32 24 78 7 54 282 27 9 12 -43 64 180 7 74 78 32 39 222 17 74 12 -3 64 72 32 59 348 22 44 180 -28 59 78 -53 4 186 -33 24 342 32 29 144 37 -16 126 2 69 72 -8 74 132 -28 49 72 -18 74 342 12 74 186 32 34 72 7 49 108 22 59 222 37 39 348 2 74 78 27 49 72 12 74 66 42 9 342 7 59 132 22 14 186 12 34 108 -18 54 66 2 74 240 32 19 120 -23 74 312 27 -6 12 -13 59 108 42 4 342 22 49 312 -23 49 66 -53 -6 186 17 64 66 -33 34 348 32 54 348 2 64 72 -23 79 144 -48 44 210 12 59 312 22 54 72 22 24 282 -43 34 12 42 14 312 22 4 186 7 64 312 -48 29 180 27 49 240 -38 74 144 32 34 66 -13 49 282 7 64 72 -38 44 282 -18 74 132 -18 49 72 -8 49 66 -43 49 210 37 4 240 -43 24 90 17 64 12 -43 39 24 17 54 78 12 54 90 32 49 348 -3 64 240 37 29 312 -48 34 222 -23 59 342 -13 64 222 42 -16 342 37 -1 66 17 54 72 -8 49 72 -43 29 240 27 24 120 32 14 210 -48 19 180 12 69 24 22 64 24 22 39 12 27 -16 90 -23 59 24 -18 54 78 -23 59 90 -48 9 240 -13 44 72 -3 44 108 -38 69 144 37 -6 66 32 24 222 -33 39 240 37 19 348 2 54 90 12 34 120 -33 54 12 2 44 108 2 64 240 7 69 210 -28 54 222 -28 29 66 7 64 240 -48 14 180 7 59 72 -48 9 24 32 9 132 -38 -1 78 22 9 282 -13 49 108 -3 64 210 32 44 348 37 24 342 -23 54 342 7 34 108 -8 64 144 2 59 312 7 44 126 -33 14 348 -3 59 312 -3 49 66 -8 59 132 32 4 144 -23 49 78 22 59 24 17 49 72 -38 34 282 22 44 72 -38 -6 78 27 54 348 -23 44 240 2 54 72 2 59 78 -23 54 222 -8 59 222 -3 39 108 37 -16 66 37 19 342 7 59 66 -18 39 66 -53 4 222 27 49 342 32 39 348 -8 39 66 27 29 210 32 -1 126 -38 39 12 42 -11 312 -43 44 186 17 34 132 -33 59 186 7 54 72 -13 44 108 -28 49 90 22 -1 282 7 29 108 7 64 222 -48 24 222 -23 54 108 27 24 144 -13 54 90 2 59 348 2 34 282 12 59 348 -28 59 186 27 14 120 7 59 24 -13 54 222 -33 4 348 -18 59 144 -3 44 66 -3 59 144 17 24 282 -48 -1 180 17 49 66 17 34 90 17 24 120 27 29 312 22 29 132 -8 59 180 -13 34 72 -3 34 108 27 34 240 -48 -6 24 22 34 78 7 54 66 37 14 312 -23 39 282 -28 19 66 -13 54 132 12 34 132 -23 29 66 -28 44 90 -28 44 222 -18 49 24 17 34 180 2 29 282 22 39 210 -8 49 132 7 34 126 -18 54 144 -3 39 66 -38 24 240 27 24 72 -18 34 282 2 54 210 12 54 342 -53 14 132 -8 49 312 -28 29 240 12 54 210 2 39 126 -23 34 240 -38 49 180 22 34 72 -43 -1 12 32 9 66 7 54 342 7 24 120 17 14 186 27 9 78 27 14 144 -23 29 72 27 39 342 -13 29 282 -8 39 120 -28 44 12 17 14 282 -48 14 222 22 34 240 -28 39 90 12 34 90 32 4 222 2 49 240 22 -11 180 17 34 78 27 9 126 -33 34 90 -18 54 180 -18 39 108 -53 9 132 17 24 132 -18 34 240 -18 49 120 32 -11 72 -8 44 132 12 24 126 12 49 12 -3 49 12 37 4 312 17 29 312 -3 44 240 -28 44 312 -28 44 108 -8 24 282 -18 34 78 12 49 24 -23 29 240 -38 44 180 -3 49 186 -33 29 282 7 14 108 2 39 72 2 44 78 12 44 180 27 39 348 -13 34 78 -23 39 222 37 -6 342 17 19 126 22 -6 90 32 -1 222 22 -6 12 -8 44 210 -18 49 186 32 -16 72 -13 24 282 -13 39 120 -33 4 78 27 14 210 17 4 186 -13 44 144 -48 14 210 -13 44 348 2 34 132 -33 44 186 12 24 132 -8 44 144 -18 44 120 2 44 348 -8 44 12 2 19 282 -38 24 312 12 44 342 -38 19 12 -18 29 78 12 44 24 -23 39 12 22 29 210 -18 19 66 27 9 24 2 39 78 -18 19 72 -13 39 126 -28 14 348 -23 44 144 -48 19 120 27 9 210 -28 24 282 -13 24 108 27 9 72 -33 29 312 -8 39 144 -23 34 108 7 39 186 12 39 12 7 44 222 -8 29 78 -3 24 66 7 34 144 12 14 126 2 39 210 17 -11 186 32 -11 66 -8 29 240 -38 9 240 7 29 312 -28 34 312 -13 14 66 -18 39 132 -23 34 12 -3 24 72 2 29 72 -38 19 24 12 34 240 -3 29 126 22 14 78 -13 34 126 27 29 348 -8 14 66 2 29 66 27 14 66 12 34 66 -38 24 108 17 9 126 12 4 120 -23 19 282 2 34 24 27 -6 126 -13 34 312 27 24 342 -48 19 132 -3 29 78 -33 -11 78 -33 24 312 -38 19 210 12 24 144 32 -16 66 -8 24 78 -48 -6 108 -28 4 348 -13 29 24 12 19 312 -18 14 282 22 24 24 -38 14 222 -23 24 90 -3 19 72 22 -1 120 2 29 78 -18 29 348 17 -11 282 -8 19 120 27 -21 120 2 24 66 27 24 348 -23 14 342 7 34 210 -43 -1 180 -48 14 132 -3 24 312 17 29 342 -13 24 90 -8 29 342 -38 14 210 7 29 186 -8 9 72 12 29 348 17 24 222 -3 4 282 27 -11 132 7 34 222 -23 29 312 -28 24 108 32 4 342 17 19 240 22 -6 120 -3 14 72 -23 9 240 12 19 72 -18 24 348 -8 14 120 27 -6 72 -33 19 108 12 24 66 -38 14 108 -13 29 180 -28 14 90 7 29 210 -28 14 24 -33 9 90 -3 19 312 -8 24 144 -8 24 12 -13 19 90 7 24 24 12 24 12 -8 4 72 7 29 222 -18 -1 66 7 24 12 17 19 222 -13 -1 66 -48 4 126 12 24 24 2 24 186 17 4 312 12 -1 282 22 9 66 2 14 72 12 19 180 -3 4 120 -8 9 120 12 24 222 -23 14 348 27 -1 66 -43 19 144 32 -11 348 -13 9 240 27 -21 132 -8 24 186 -23 14 222 -13 19 348 -18 24 186 -28 24 180 12 4 90 22 9 222 17 -11 180 -3 14 312 -8 19 12 -8 9 78 -23 4 78 -38 -16 90 32 -6 342 17 4 78 -18 19 126 -3 9 90 -43 14 132 -18 4 78 12 19 348 -38 4 210 -28 19 186 -13 14 24 -13 -6 66 -33 4 24 12 -6 126 -23 14 210 -18 -6 72 2 19 186 7 19 180 -23 -6 72 -23 19 120 -23 -1 240 22 4 66 27 -6 66 -8 19 180 2 19 342 -38 19 132 -33 19 180 17 14 210 -23 9 222 -33 -1 282 12 14 66 -13 14 342 -43 4 120 -8 14 144 2 4 132 7 19 210 7 9 72 -13 9 90 -3 14 12 -8 14 348 22 4 222 -18 -1 240 17 -16 120 -13 9 222 -28 -1 282 -3 14 348 17 -1 144 -18 -1 78 2 14 144 22 -21 120 12 14 24 -38 -1 210 7 9 144 -23 14 312 -23 -11 72 -8 -1 120 -28 19 144 -33 19 132 -23 9 12 -8 9 24 -13 -1 240 2 14 342 -18 9 210 -8 9 210 7 9 66 32 -16 342 -23 4 222 -13 9 348 -18 4 90 -38 9 126 22 -6 24 17 -21 120 -3 4 78 2 14 222 32 -16 312 7 4 72 -18 4 222 -3 -6 66 -18 4 24 -23 14 132 -3 9 348 -33 9 186 27 -1 342 -38 14 144 -18 -16 66 -43 4 132 -28 4 108 7 -1 312 2 9 186 -18 -11 282 27 -16 66 -18 4 210 -33 9 180 -33 -1 108 2 4 24 12 9 222 -8 -1 132 -13 4 348 -23 9 126 -3 4 210 12 -11 90 -38 -6 108 -8 -1 126 -23 -1 108 -8 4 348 -8 4 12 -23 9 180 -3 -11 66 -8 -16 72 7 -11 132 7 -16 126 -13 -21 66 -13 -21 72 2 4 210 7 -6 312 22 -6 210 27 -21 312 27 -21 66 -13 -1 210 17 -31 120 -23 4 186 17 -11 72 -18 -6 90 27 -6 348 -3 -1 24 -3 -6 78 7 -6 72 22 -21 312 -23 4 180 7 -21 126 -3 -1 222 12 -1 348 2 -1 210 -28 -1 186 -28 -1 120 -3 -6 240 -3 -1 180 22 -26 132 2 -11 66 2 -1 342 -28 4 132 2 -6 24 -33 -1 126 -18 -6 144 -13 -6 348 12 -1 222 -18 -1 186 17 -26 132 7 -6 348 -3 -21 66 -8 -26 72 12 -1 210 -18 -1 180 7 -21 132 -13 -21 78 2 -6 144 27 -16 342 17 -6 348 2 -16 72 2 -6 186 12 -26 132 2 -16 66 7 -6 342 -8 -6 186 17 -16 66 -3 -16 78 -13 -6 180 12 -11 66 -8 -11 348 12 -6 222 22 -11 348 2 -6 222 -8 -11 12 12 -11 240 7 -26 132 -33 -11 186 -13 -26 78 12 -11 348 27 -21 342 -3 -21 132 7 -21 312 -18 -16 348 -28 -11 186 12 -21 144 7 -11 240 -13 -16 342 27 -21 348 22 -26 66 -8 -26 78 7 -16 186 2 -16 240 22 -21 342 12 -16 342 2 -16 342 7 -11 222 12 -26 144 7 -21 66 -8 -16 186 -3 -21 348 17 -21 222 
18 4 1 3 pack_2 0.0789474 1 12 -26 66 
19 4 1 3 pack_2 0.964602 1090 17 -41 78 7 -31 90 -13 -26 120 -3 -31 108 -13 -11 126 22 -41 72 -23 -11 144 -13 -96 186 2 -76 144 -13 -91 186 7 -91 342 -28 -11 144 17 -41 66 -18 -11 132 12 -86 132 7 -81 132 7 -91 132 12 -41 78 -3 -76 186 17 -46 78 -18 -1 222 22 -46 66 -8 -36 108 -23 -31 132 -28 -86 180 2 -81 132 -8 -86 342 -13 -86 186 17 -76 348 2 -36 90 -8 -86 144 17 -81 144 -8 -96 186 -18 -81 210 -3 -16 120 -8 -36 66 -18 -76 180 -18 -21 132 17 -86 132 2 -11 24 -38 -76 210 12 -86 348 17 -76 132 -8 -66 144 27 -86 312 2 -16 24 -13 -26 126 -23 -86 222 -38 -101 222 -8 -76 12 -23 -56 180 -8 -16 132 17 -71 144 -23 -66 180 -3 -61 348 -18 -86 12 -3 -76 12 -8 -71 342 -8 -76 24 12 -46 72 7 -31 78 7 -61 132 -18 -81 24 -13 -36 72 -23 -76 24 7 -36 72 -28 -76 24 -13 -31 66 -28 -66 180 -18 -41 132 7 -21 12 -8 -66 342 7 -36 78 -18 -31 78 12 -51 90 -33 -26 144 -13 -26 66 12 -76 120 -28 -96 24 -28 -31 132 -18 -71 12 7 -66 342 7 -61 126 -33 -21 108 -13 -71 24 -38 -21 108 -33 -41 90 17 -66 342 12 -66 126 -28 -21 78 12 -81 78 -18 -46 132 -23 -31 78 -23 -36 78 7 -81 90 -33 -36 90 22 -86 66 -23 -26 78 -13 -91 342 2 -36 72 -13 -21 132 -23 -31 120 -33 -71 180 -23 -21 72 -8 -31 90 -23 -31 72 -8 -76 72 -33 -11 144 -3 -46 72 -28 -56 180 17 -51 72 -43 -26 120 22 -66 312 7 -76 90 2 -46 66 22 -81 66 7 -86 180 7 -31 66 -13 -66 186 27 -66 312 -33 -56 210 2 -31 66 -3 -31 72 -28 -46 144 -33 -81 240 17 -61 144 -38 -11 108 7 -61 342 12 -61 120 22 -86 132 22 -81 126 -33 -46 144 -28 -11 222 17 -26 342 -38 -11 24 12 -61 144 -28 -66 12 -43 -81 210 -33 -76 240 -3 -56 186 -33 -26 120 -43 -41 120 2 -91 126 17 -26 90 -43 -86 222 -8 -21 24 -3 -46 144 -43 -36 126 -13 -81 66 -28 -66 210 -18 -21 348 -8 -56 144 -38 -91 66 -8 -21 348 -3 -71 132 -23 -46 126 -43 -71 210 -48 -41 132 -13 -51 126 -33 -91 126 -8 -76 78 22 -96 126 7 -71 120 -13 -76 144 22 -76 144 -38 -46 108 -38 -81 186 17 -71 66 12 -61 342 22 -81 144 -28 -21 126 2 -46 78 22 -56 348 -13 -81 144 -28 -21 66 -18 -21 144 -28 -91 126 -43 -81 132 17 -51 66 17 -46 90 -38 -81 108 -23 -46 120 -18 -51 12 -13 -51 66 -13 -86 120 7 -91 12 12 -51 126 27 -26 72 -43 -101 222 -38 -11 222 2 -51 72 27 -71 342 -33 -86 126 -23 -21 12 22 -86 72 27 -26 348 -38 -26 90 -38 -91 186 -13 -61 186 -33 -11 66 22 -61 144 -38 -6 120 -43 -16 222 12 -46 132 -28 -26 186 12 -66 66 12 -71 66 -33 -91 144 2 -46 342 7 -81 186 2 -41 144 7 -51 126 -28 -21 72 -3 -26 144 -8 -81 90 -28 -26 180 -33 -46 126 -38 -16 144 -23 -86 132 2 -76 72 -23 -26 186 27 -46 72 7 -71 66 -3 -51 78 7 -26 186 -13 -51 78 -48 -51 126 -38 -11 240 7 -76 72 2 -36 342 -13 -31 186 -3 -56 66 12 -51 342 -3 -76 78 -13 -56 186 -3 -51 24 -8 -61 78 -23 -61 222 -38 -71 66 -18 -21 186 12 -51 348 -33 -61 222 -18 -51 186 -43 -81 120 2 -81 78 -48 -51 132 -13 -71 72 -18 -51 210 -13 -1 222 12 -76 90 7 -51 108 -3 -41 120 -28 -56 78 -8 -51 24 -13 -41 132 -33 -96 12 7 -91 186 32 -66 312 -8 -56 120 27 -56 66 22 -61 66 -33 -76 12 -8 -56 72 -3 -46 120 12 -26 108 -18 -56 66 12 -41 132 2 -61 120 -8 -31 126 7 -61 72 22 -61 126 -33 -71 108 -8 -56 24 -3 -51 120 -13 -101 210 -8 -56 66 -38 -81 132 7 -36 108 -33 -56 180 12 -46 144 -48 -46 108 -38 -71 120 -18 -76 126 -18 -56 90 -48 -91 132 12 -36 144 12 -71 180 -23 -26 66 -3 -26 12 -3 -71 108 -13 -36 186 -18 -66 222 -3 -16 210 -3 -96 24 -43 -16 24 -28 -51 120 -28 -71 108 12 -61 66 -23 -31 144 -3 -56 12 -8 -26 12 -18 -21 24 -38 -66 24 22 -66 72 -33 -16 210 -8 -31 186 22 -41 312 12 -36 126 -23 -81 348 -18 -81 66 17 -41 312 -3 -66 126 27 -76 348 -43 -81 144 12 -91 108 -28 -76 132 22 -101 108 -28 -86 240 32 -21 348 -8 -66 132 -23 -71 348 -23 -56 90 -38 -11 66 -43 -11 24 -13 -26 342 -33 -21 66 27 -86 348 27 -91 348 27 -21 78 -48 -86 126 -13 -51 12 27 -51 342 -43 -6 144 -3 -31 144 -23 -26 210 12 -86 108 -18 -41 12 -8 -31 348 -3 -36 342 -13 -76 108 -8 -61 240 2 -71 24 -33 -106 66 2 -81 24 -38 -21 66 27 -61 66 -23 -51 222 -18 -86 132 2 -96 312 -3 -61 240 -28 -91 144 -23 -81 72 7 -96 108 -3 -41 186 -3 -71 126 -33 -76 132 -3 -61 120 -28 -66 120 -43 -81 66 -48 -91 120 -8 -36 348 -13 -96 126 -33 -11 126 -3 -86 126 12 -96 180 -48 -86 144 -18 -56 108 -33 -51 132 2 -91 24 -28 -56 66 27 -91 132 -38 -61 66 7 -66 222 -38 -21 12 12 -61 78 -33 -71 144 -8 -86 132 -23 -41 66 -13 -56 240 -33 -51 72 -28 -76 120 27 -101 120 -18 -101 132 12 -36 348 27 -96 126 12 -66 186 27 -91 120 -33 -26 72 -8 -51 240 -18 -101 144 -33 -46 222 -23 -46 24 12 -51 24 22 -66 24 -3 -51 126 12 -91 24 -13 -46 210 -18 -91 144 27 -76 120 -3 -96 120 -33 -51 240 12 -41 24 -3 -66 120 -28 -71 120 12 -81 240 17 -76 24 2 -26 24 -33 -36 222 -48 -81 144 -23 -96 66 22 -101 282 -23 -36 66 -23 -61 348 -28 -91 66 17 -81 12 -38 -86 72 -53 -31 126 -13 -41 12 -18 -51 222 -28 -66 282 2 -41 12 -33 -36 210 17 -71 210 27 -91 72 -8 -51 132 2 -96 24 27 -41 312 -33 -66 66 -28 -76 144 7 -56 222 -23 -86 144 -8 -76 240 27 -66 120 -18 -61 66 32 -91 342 22 -96 282 22 -76 240 17 -71 282 -23 -71 78 -38 -71 108 27 -86 72 -28 -61 78 12 -36 24 17 -61 240 -43 -101 186 -43 -26 90 27 -81 72 12 -96 186 -33 -101 72 -28 -46 222 -18 -61 72 7 -96 24 -3 -46 126 -38 -26 24 32 -91 24 27 -56 132 -28 -56 240 -23 -36 210 17 -71 222 -28 -96 66 -13 -51 144 -23 -21 240 32 -106 66 2 -46 126 -38 -51 78 32 -46 24 27 -61 120 17 -101 180 -28 -26 240 7 -36 126 -23 -101 342 -38 -26 78 37 -61 312 -23 -11 342 27 -96 282 -38 -51 66 -23 -96 240 -18 -66 282 17 -81 210 37 -101 312 -53 -36 144 12 -101 282 -23 -26 348 -8 -91 240 32 -36 24 -43 -91 72 -38 -91 12 -28 -66 66 -43 -81 72 -43 -66 144 -3 -71 282 22 -31 108 17 -31 108 17 -86 222 -43 -106 72 32 -21 24 -48 -61 222 -18 -46 144 -33 -76 72 -33 -31 180 -23 -81 66 7 -76 210 -53 -56 120 -28 -76 66 -33 -46 24 -23 -61 126 27 -26 12 -18 -36 144 17 -56 222 -18 -41 144 7 -46 24 -33 -41 72 -3 -76 282 22 -81 222 -8 -96 282 -38 -61 144 32 -51 72 -38 -66 108 -33 -26 66 37 -106 24 22 -101 90 -33 -71 282 -23 -86 282 22 -96 222 27 -66 282 -38 -61 78 -43 -66 180 42 -106 312 17 -71 180 2 -76 282 32 -81 24 27 -36 342 32 -66 66 -43 -86 24 -53 -96 126 -43 -16 66 -33 -51 66 7 -46 240 -33 -66 90 32 -96 348 17 -81 180 22 -41 348 17 -66 180 17 -46 108 -13 -91 240 32 -91 348 22 -71 12 22 -101 180 -23 -51 282 27 -76 222 2 -96 282 32 -76 348 -8 -36 240 27 -76 108 -53 -106 210 32 -61 348 -53 -86 126 -38 -51 72 22 -91 222 37 -101 24 22 -56 282 22 -101 186 -3 -86 222 -3 -41 24 32 -26 126 -48 -81 66 -18 -36 210 -38 -66 78 -48 -21 240 32 -96 120 -38 -51 180 -43 -66 72 -48 -11 180 22 -46 210 37 -36 312 -23 -26 240 22 -91 90 37 -106 108 -43 -61 66 -28 -86 348 -48 -16 240 -43 -91 90 -3 -61 312 22 -96 180 -53 -81 132 -8 -31 240 12 -91 282 7 -41 282 17 -51 180 22 -41 108 42 -106 120 -18 -81 240 -38 -51 24 47 -106 312 -18 -91 240 17 -66 186 47 -106 210 -53 -11 108 -3 -36 132 37 -96 342 -53 -1 144 -18 -86 240 -38 -31 180 -8 -51 282 27 -76 78 52 -111 72 32 -86 120 32 -36 342 -48 -56 210 12 -46 282 12 -36 180 32 -76 240 27 -51 282 27 -56 210 -43 -56 72 57 -111 282 42 -106 78 32 -66 222 32 -81 282 32 -61 120 7 -36 12 32 -61 222 12 -26 222 -33 -86 282 -28 -36 12 37 -51 24 7 -36 24 37 -96 222 37 -31 66 -53 -106 186 -3 -6 312 -8 -26 240 37 -46 24 -43 -86 78 42 -101 222 -48 -31 222 37 -101 186 32 -96 108 42 -101 210 -48 -86 72 -48 -101 72 -48 -81 186 32 -26 12 32 -41 12 37 -81 24 37 -96 66 52 -106 312 57 -111 240 32 -86 222 37 -41 66 32 -51 222 57 -111 72 37 -46 66 32 -86 72 37 -21 24 47 -101 312 -48 -91 186 -23 -46 240 -38 -56 12 22 -81 186 32 -66 210 17 -26 210 2 -31 312 -8 -56 312 32 -96 90 32 -81 144 -53 -76 144 -43 -66 78 -38 -41 186 32 -46 240 32 -81 72 47 -101 222 27 -41 132 17 -36 282 27 -36 108 -43 -61 312 -3 -26 282 32 -76 72 47 -101 282 47 -101 24 -48 -61 186 47 -101 348 52 -106 120 -53 -106 312 -48 -71 180 -48 -71 120 37 -66 66 42 -96 120 -33 -51 312 -18 -71 312 37 -86 222 42 -96 78 -8 -76 312 47 -101 66 -23 -36 348 42 -36 312 12 -31 282 52 -106 72 17 -36 186 42 -96 180 32 -51 126 -48 -31 210 57 -106 12 37 -86 66 -13 -56 312 47 -96 24 42 -91 12 37 -86 240 -28 -96 312 -43 -36 210 -43 -91 12 27 -81 90 42 -91 342 -23 -81 312 42 -91 348 37 -76 348 -18 -66 312 37 -91 186 27 -51 90 -48 -56 66 7 -21 222 37 -86 12 37 -71 348 32 -36 126 47 -96 120 -43 -31 180 27 -46 90 57 -106 348 52 -101 24 47 -91 12 37 -81 66 7 -16 282 37 -66 348 -48 -6 66 37 -91 90 27 -41 90 -33 -71 342 -38 -41 66 37 -41 342 42 -91 240 37 -61 348 -53 -76 126 -33 -66 342 37 -86 282 37 -66 222 -53 -71 144 42 -91 120 -48 -76 24 52 -101 72 42 -91 90 52 -96 24 -53 -21 240 32 -36 120 -38 -66 342 -43 -36 180 -48 -81 282 42 -86 348 42 -91 132 -43 -71 342 -48 -96 282 32 -36 144 37 -81 210 37 -46 348 47 -86 24 22 -41 180 2 -21 222 27 -16 240 32 -81 186 52 -96 120 -43 -36 66 -48 -96 24 52 -96 78 52 -86 12 52 -86 312 7 -11 282 37 -71 210 57 -96 12 -38 -101 348 52 -86 24 57 -91 12 57 -101 312 47 -86 348 37 -26 72 52 -96 144 57 -76 12 -3 -36 210 42 -81 342 47 -91 180 47 -91 126 -48 -61 282 27 -16 222 37 -36 72 -53 -86 180 -43 -76 348 -8 -16 282 37 -31 72 37 -81 120 -28 -16 342 37 -61 210 42 -76 342 52 -91 180 57 -81 78 47 -81 12 52 -81 282 57 -91 210 47 -86 78 57 -81 222 -43 -71 348 -33 -76 342 52 -91 108 57 -91 240 32 -26 222 52 -76 282 52 -76 210 57 -96 186 -48 -31 66 47 -76 24 57 -96 180 -53 -81 66 37 -56 72 -48 -86 342 -38 -51 12 -28 -46 342 57 -96 66 42 -71 210 52 -91 132 -33 -36 66 47 -81 240 42 -51 342 57 -66 282 57 -81 342 -53 -81 342 42 -61 24 -48 -56 282 57 -96 120 37 -76 72 37 -51 282 -53 -86 66 -33 -46 348 57 -66 12 52 -71 348 57 -76 342 -48 -36 240 42 -71 240 42 -71 282 57 -81 126 52 -71 66 57 -86 120 -18 -36 312 57 -61 282 42 -31 342 -53 -61 240 -48 -56 78 57 -86 126 57 -76 126 57 -81 132 -48 -46 222 52 -86 126 57 -86 144 37 -31 12 37 -71 144 -43 -86 342 -48 -11 72 52 -76 72 52 -66 12 42 -61 222 32 -66 180 42 -66 282 37 -71 120 37 -66 144 52 -66 342 47 -81 72 57 -66 72 37 -41 210 32 -26 210 57 -96 126 42 -56 222 42 -51 24 52 -66 222 42 -46 342 37 -76 108 -43 -96 348 52 -56 348 -33 -21 348 -53 -81 72 42 -81 180 57 -46 222 -38 -31 282 47 -61 342 -48 -46 66 -53 -71 282 -48 -31 72 47 -76 120 -53 -86 72 42 -46 348 47 -81 132 -48 -86 12 -38 -96 348 42 -76 120 47 -81 144 -28 -36 240 42 -71 186 37 -21 282 47 -61 210 52 -41 222 32 -21 210 42 -76 90 57 -46 240 42 -51 240 47 -76 180 37 -71 108 57 -56 78 42 -51 210 47 -56 210 52 -36 312 42 -51 282 52 -56 66 42 -46 240 -53 -91 348 52 -66 90 57 -56 90 -48 -76 12 -53 -91 282 -43 -51 348 42 -41 222 52 -56 78 52 -61 72 57 -66 180 57 -66 126 -53 -86 312 42 -61 66 52 -56 72 52 -51 66 47 -66 186 -13 -86 312 -53 -66 312 37 -61 180 -38 -86 312 47 -46 210 52 -41 12 -53 -91 72 37 -56 144 42 -66 144 -53 -66 348 47 -66 120 57 -56 120 57 -61 132 57 -41 24 57 -56 144 37 -56 126 -53 -96 348 -53 -96 90 32 -41 186 42 -26 24 47 -66 144 -53 -96 282 57 -51 180 42 -36 240 52 -46 282 47 -41 342 32 -51 180 -53 -46 180 52 -36 342 52 -41 66 37 -56 120 -48 -81 312 57 -31 342 -28 -36 342 42 -26 12 -38 -96 342 -38 -46 342 47 -61 120 42 -61 120 -23 -46 312 37 -51 186 57 -26 12 42 -66 126 52 -36 240 47 -51 66 -38 -91 348 42 -61 180 47 -56 72 57 -31 72 -38 -86 342 47 -66 126 -53 -61 342 42 -56 78 52 -61 108 27 -26 180 37 -61 108 52 -56 186 52 -41 78 -48 -31 78 32 -26 186 -23 -41 312 47 -61 180 57 -46 108 57 -41 186 -48 -36 78 47 -41 66 42 -16 240 -38 -41 24 32 -41 180 52 -51 108 47 -31 240 -53 -56 342 47 -26 12 -53 -16 180 52 -56 132 37 -51 120 57 -26 210 42 -56 120 42 -21 348 42 -31 66 47 -16 12 57 -21 66 57 -46 120 42 -56 126 37 -36 126 42 -21 240 42 -36 66 42 -26 66 57 -16 12 57 -21 240 57 -41 108 42 -56 108 47 -56 144 57 -16 66 57 -16 72 57 -26 78 52 -26 240 42 -26 282 -13 -36 222 52 -21 348 -28 -41 312 52 -21 72 57 -16 348 52 -21 24 -38 -41 348 -53 -51 348 52 -21 240 37 -46 132 32 -31 180 -48 -31 342 47 -46 186 52 -16 24 57 -31 186 42 -51 90 -48 -41 348 37 -51 108 47 -26 72 52 -16 72 -53 -51 312 -53 -101 12 42 -51 132 57 -36 120 52 -36 186 -48 -31 348 47 -16 342 42 -26 72 -48 -36 66 52 -26 78 47 -21 72 52 -41 132 57 -31 120 52 -16 210 57 -26 186 57 -36 144 47 -36 186 42 -46 126 32 -36 90 52 -16 78 57 -31 180 52 -41 180 57 -31 144 47 -41 180 -53 -71 24 -53 -16 66 -53 -26 342 47 -36 120 -53 -26 66 47 -41 144 52 -36 126 -48 -56 24 42 -31 180 57 -21 120 -53 -41 78 47 -36 144 -53 -66 24 -53 -56 12 
20 4 1 3 pack_2 0.654545 30 42 -21 90 47 -31 144 47 -31 108 47 -16 180 52 -26 126 -33 -36 312 -53 -51 240 47 -26 132 42 -31 132 47 -31 126 42 -26 120 -53 -16 342 52 -21 126 -38 -31 348 -53 -51 66 -53 -16 90 42 -21 132 -53 -26 78 -53 -46 240 -53 -41 66 -43 -21 282 -28 -26 312 -43 -36 312 -43 -11 348 -33 -16 282 -38 -21 348 -43 -21 342 -8 -1 312 -33 -26 312 -43 -6 342 
21 4 1 3 pack_2 0.130435 1 22 89 342 
22 4 1 3 pack_2 0.861338 88 27 94 12 7 94 312 12 104 66 22 99 348 2 94 240 -23 69 132 7 104 72 2 109 78 -3 94 348 -3 99 342 -38 59 144 -33 64 108 -18 109 144 -43 39 144 -43 24 144 -33 59 144 -28 29 144 -43 49 126 -38 49 132 -43 49 132 -33 54 144 7 89 342 -38 59 132 -13 104 312 32 99 348 -23 54 132 -13 24 312 -33 34 120 -38 34 120 -38 39 108 -18 69 108 -43 64 132 -38 49 126 -38 64 108 -23 64 210 -18 59 126 -18 29 126 -18 24 132 -13 64 12 -13 59 126 -18 54 132 -8 64 120 -33 14 282 -13 64 108 -13 64 126 -8 29 312 -38 64 120 -43 64 126 -18 64 120 -48 29 126 -8 104 342 -23 89 186 2 89 222 -8 64 312 -3 94 210 -23 99 12 -8 94 222 -8 69 120 12 104 12 -33 94 210 -18 99 24 -8 94 66 -38 19 282 -43 -21 312 -33 89 222 -3 109 66 -28 94 210 -18 99 222 -48 54 108 -23 94 210 -48 64 108 -43 -1 312 -23 79 240 -53 59 126 -18 94 222 -33 84 24 -38 64 240 -33 99 348 -53 59 120 -23 84 240 -33 94 342 -33 64 342 -33 -6 342 -48 64 312 -33 14 342 -48 14 312 -33 9 342 -48 -1 312 
23 4 1 3 pack_2 0.791667 19 32 104 144 37 99 312 32 114 66 37 104 132 27 114 348 32 99 312 12 114 312 17 114 144 -8 114 24 2 109 342 -13 114 210 37 109 210 -8 109 24 27 109 342 7 114 312 22 114 132 -48 59 282 2 114 312 22 104 342 
24 4 1 3 pack_2 0.11215 8 -3 114 72 -13 109 282 -13 114 144 -38 69 66 -38 9 348 -38 4 342 -53 54 126 -48 54 120 
25 4 1 3 pack_2 0.0566038 2 -43 -46 240 12 89 180 
26 4 1 3 pack_2 0.0711462 3 -8 84 240 12 69 186 27 69 342 
27 4 1 3 pack_2 0.285714 2 -23 59 312 -28 59 282 
28 4 1 3 pack_2 0.923077 10 -28 -106 312 -23 -106 312 -33 64 186 -8 59 282 2 74 186 17 64 144 -3 64 180 17 64 348 -3 69 24 22 64 342 
29 4 1 3 pack_2 0.00177725 1 -28 89 210 
30 4 1 3 pack_2 0.230769 1 22 89 348 
31 4 1 3 pack_2 1 10 -8 79 180 -23 79 186 -3 79 180 2 79 180 7 79 348 12 79 342 17 79 342 -3 89 24 22 79 342 -13 84 186 
32 4 1 3 pack_2 0.893617 7 -13 79 24 -33 9 312 -13 89 342 -23 69 186 -8 89 342 -18 74 24 -38 -16 312 
33 4 1 3 pack_2 1 12 -28 84 180 -8 84 222 -13 84 342 2 79 24 -3 74 180 12 74 312 -23 74 222 12 74 348 -13 74 24 17 69 312 -13 69 12 -33 64 24 
34 4 1 3 pack_2 1 1 -38 -1 312 
35 4 1 3 pack_2 1 1 17 74 348 
36 4 1 3 pack_2 1 1 2 74 180 
37 4 1 3 pack_2 0.545455 5 -43 59 222 -8 74 348 -28 64 132 -38 69 210 -33 69 210 
