10 45 4
0 0 -1 130 2 10 -1 -1 -1 -1 -1 1 5036 
1 1 0 0 0 0 0 0 0 0 0 0 0 
2 1 -1 108 4 32 -1 -1 -1 -1 -1 0 4380 
3 2 0 0 0 0 0 0 0 0 0 0 0 
4 2 0 0 0 0 0 0 0 0 0 0 0 
5 2 -1 201 2 30 -1 -1 -1 -1 -1 1 998 
6 2 44 0 0 0 0 0 0 0 0 0 0 
7 3 0 0 0 0 0 0 0 0 0 0 0 
8 3 0 0 0 0 0 0 0 0 0 0 0 
9 3 0 0 0 0 0 0 0 0 0 0 0 
10 3 0 0 0 0 0 0 0 0 0 0 0 
11 3 -1 273 2 13 -1 -1 -1 -1 -1 2 5306 
12 3 -1 167 2 18 -1 -1 -1 -1 -1 3 481 
13 3 0 0 0 0 0 0 0 0 0 0 0 
14 3 0 0 0 0 0 0 0 0 0 0 0 
15 4 0 0 0 0 0 0 0 0 0 0 0 
16 4 0 0 0 0 0 0 0 0 0 0 0 
17 4 0 0 0 0 0 0 0 0 0 0 0 
18 4 0 0 0 0 0 0 0 0 0 0 0 
19 4 0 0 0 0 0 0 0 0 0 0 0 
20 4 0 0 0 0 0 0 0 0 0 0 0 
21 4 0 0 0 0 0 0 0 0 0 0 0 
22 4 0 0 0 0 0 0 0 0 0 0 0 
23 4 -1 44 2 11 -1 -1 -1 -1 -1 0 5320 
24 4 -1 279 3 29 -1 -1 -1 -1 -1 1 -67 
25 4 31 0 0 0 0 0 0 0 0 0 0 
26 4 -1 115 4 35 -1 -1 -1 -1 -1 2 2085 
27 4 0 0 0 0 0 0 0 0 0 0 0 
28 4 0 0 0 0 0 0 0 0 0 0 0 
29 4 0 0 0 0 0 0 0 0 0 0 0 
30 4 0 0 0 0 0 0 0 0 0 0 0 
31 5 0 0 0 0 0 0 0 0 0 0 0 
32 5 0 0 0 0 0 0 0 0 0 0 0 
33 5 0 0 0 0 0 0 0 0 0 0 0 
34 5 0 0 0 0 0 0 0 0 0 0 0 
35 5 0 0 0 0 0 0 0 0 0 0 0 
36 5 0 0 0 0 0 0 0 0 0 0 0 
37 5 0 0 0 0 0 0 0 0 0 0 0 
38 5 0 0 0 0 0 0 0 0 0 0 0 
39 5 0 0 0 0 0 0 0 0 0 0 0 
40 5 0 0 0 0 0 0 0 0 0 0 0 
41 5 0 0 0 0 0 0 0 0 0 0 0 
42 5 0 0 0 0 0 0 0 0 0 0 0 
43 5 0 0 0 0 0 0 0 0 0 0 0 
44 5 0 0 0 0 0 0 0 0 0 0 0 
45 5 0 0 0 0 0 0 0 0 0 0 0 
46 5 0 0 0 0 0 0 0 0 0 0 0 
47 5 -1 234 4 11 -1 -1 -1 -1 -1 0 6007 
48 5 -1 272 2 20 -1 -1 -1 -1 -1 3 72 
49 5 18 0 0 0 0 0 0 0 0 0 0 
50 5 -1 97 4 34 -1 -1 -1 -1 -1 3 1283 
51 5 0 0 0 0 0 0 0 0 0 0 0 
52 5 0 0 0 0 0 0 0 0 0 0 0 
53 5 -1 182 3 19 -1 -1 -1 -1 -1 2 -8 
54 5 -1 104 3 26 -1 -1 -1 -1 -1 3 -5 
55 5 0 0 0 0 0 0 0 0 0 0 0 
56 5 0 0 0 0 0 0 0 0 0 0 0 
57 5 0 0 0 0 0 0 0 0 0 0 0 
58 5 0 0 0 0 0 0 0 0 0 0 0 
59 5 0 0 0 0 0 0 0 0 0 0 0 
60 5 0 0 0 0 0 0 0 0 0 0 0 
61 5 0 0 0 0 0 0 0 0 0 0 0 
62 5 0 0 0 0 0 0 0 0 0 0 0 
63 6 0 0 0 0 0 0 0 0 0 0 0 
64 6 0 0 0 0 0 0 0 0 0 0 0 
65 6 0 0 0 0 0 0 0 0 0 0 0 
66 6 0 0 0 0 0 0 0 0 0 0 0 
67 6 0 0 0 0 0 0 0 0 0 0 0 
68 6 0 0 0 0 0 0 0 0 0 0 0 
69 6 0 0 0 0 0 0 0 0 0 0 0 
70 6 0 0 0 0 0 0 0 0 0 0 0 
71 6 0 0 0 0 0 0 0 0 0 0 0 
72 6 0 0 0 0 0 0 0 0 0 0 0 
73 6 0 0 0 0 0 0 0 0 0 0 0 
74 6 0 0 0 0 0 0 0 0 0 0 0 
75 6 0 0 0 0 0 0 0 0 0 0 0 
76 6 0 0 0 0 0 0 0 0 0 0 0 
77 6 0 0 0 0 0 0 0 0 0 0 0 
78 6 0 0 0 0 0 0 0 0 0 0 0 
79 6 0 0 0 0 0 0 0 0 0 0 0 
80 6 0 0 0 0 0 0 0 0 0 0 0 
81 6 0 0 0 0 0 0 0 0 0 0 0 
82 6 0 0 0 0 0 0 0 0 0 0 0 
83 6 0 0 0 0 0 0 0 0 0 0 0 
84 6 0 0 0 0 0 0 0 0 0 0 0 
85 6 0 0 0 0 0 0 0 0 0 0 0 
86 6 0 0 0 0 0 0 0 0 0 0 0 
87 6 0 0 0 0 0 0 0 0 0 0 0 
88 6 0 0 0 0 0 0 0 0 0 0 0 
89 6 0 0 0 0 0 0 0 0 0 0 0 
90 6 0 0 0 0 0 0 0 0 0 0 0 
91 6 0 0 0 0 0 0 0 0 0 0 0 
92 6 0 0 0 0 0 0 0 0 0 0 0 
93 6 0 0 0 0 0 0 0 0 0 0 0 
94 6 0 0 0 0 0 0 0 0 0 0 0 
95 6 1 0 0 0 0 0 0 0 0 0 0 
96 6 -1 275 1 11 -1 -1 -1 -1 -1 2 51 
97 6 -1 0 1 16 -1 -1 -1 -1 -1 2 8 
98 6 -1 263 2 38 -1 -1 -1 -1 -1 2 234 
99 6 0 0 0 0 0 0 0 0 0 0 0 
100 6 0 0 0 0 0 0 0 0 0 0 0 
101 6 -1 270 2 38 -1 -1 -1 -1 -1 3 133 
102 6 -1 137 2 14 -1 -1 -1 -1 -1 1 3466 
103 6 0 0 0 0 0 0 0 0 0 0 0 
104 6 0 0 0 0 0 0 0 0 0 0 0 
105 6 0 0 0 0 0 0 0 0 0 0 0 
106 6 0 0 0 0 0 0 0 0 0 0 0 
107 6 -1 254 3 22 -1 -1 -1 -1 -1 3 -3 
108 6 40 0 0 0 0 0 0 0 0 0 0 
109 6 -1 129 0 11 -1 -1 -1 -1 -1 2 -3 
110 6 43 0 0 0 0 0 0 0 0 0 0 
111 6 0 0 0 0 0 0 0 0 0 0 0 
112 6 0 0 0 0 0 0 0 0 0 0 0 
113 6 0 0 0 0 0 0 0 0 0 0 0 
114 6 0 0 0 0 0 0 0 0 0 0 0 
115 6 0 0 0 0 0 0 0 0 0 0 0 
116 6 0 0 0 0 0 0 0 0 0 0 0 
117 6 0 0 0 0 0 0 0 0 0 0 0 
118 6 0 0 0 0 0 0 0 0 0 0 0 
119 6 0 0 0 0 0 0 0 0 0 0 0 
120 6 0 0 0 0 0 0 0 0 0 0 0 
121 6 0 0 0 0 0 0 0 0 0 0 0 
122 6 0 0 0 0 0 0 0 0 0 0 0 
123 6 0 0 0 0 0 0 0 0 0 0 0 
124 6 0 0 0 0 0 0 0 0 0 0 0 
125 6 0 0 0 0 0 0 0 0 0 0 0 
126 6 0 0 0 0 0 0 0 0 0 0 0 
127 7 0 0 0 0 0 0 0 0 0 0 0 
128 7 0 0 0 0 0 0 0 0 0 0 0 
129 7 0 0 0 0 0 0 0 0 0 0 0 
130 7 0 0 0 0 0 0 0 0 0 0 0 
131 7 0 0 0 0 0 0 0 0 0 0 0 
132 7 0 0 0 0 0 0 0 0 0 0 0 
133 7 0 0 0 0 0 0 0 0 0 0 0 
134 7 0 0 0 0 0 0 0 0 0 0 0 
135 7 0 0 0 0 0 0 0 0 0 0 0 
136 7 0 0 0 0 0 0 0 0 0 0 0 
137 7 0 0 0 0 0 0 0 0 0 0 0 
138 7 0 0 0 0 0 0 0 0 0 0 0 
139 7 0 0 0 0 0 0 0 0 0 0 0 
140 7 0 0 0 0 0 0 0 0 0 0 0 
141 7 0 0 0 0 0 0 0 0 0 0 0 
142 7 0 0 0 0 0 0 0 0 0 0 0 
143 7 0 0 0 0 0 0 0 0 0 0 0 
144 7 0 0 0 0 0 0 0 0 0 0 0 
145 7 0 0 0 0 0 0 0 0 0 0 0 
146 7 0 0 0 0 0 0 0 0 0 0 0 
147 7 0 0 0 0 0 0 0 0 0 0 0 
148 7 0 0 0 0 0 0 0 0 0 0 0 
149 7 0 0 0 0 0 0 0 0 0 0 0 
150 7 0 0 0 0 0 0 0 0 0 0 0 
151 7 0 0 0 0 0 0 0 0 0 0 0 
152 7 0 0 0 0 0 0 0 0 0 0 0 
153 7 0 0 0 0 0 0 0 0 0 0 0 
154 7 0 0 0 0 0 0 0 0 0 0 0 
155 7 0 0 0 0 0 0 0 0 0 0 0 
156 7 0 0 0 0 0 0 0 0 0 0 0 
157 7 0 0 0 0 0 0 0 0 0 0 0 
158 7 0 0 0 0 0 0 0 0 0 0 0 
159 7 0 0 0 0 0 0 0 0 0 0 0 
160 7 0 0 0 0 0 0 0 0 0 0 0 
161 7 0 0 0 0 0 0 0 0 0 0 0 
162 7 0 0 0 0 0 0 0 0 0 0 0 
163 7 0 0 0 0 0 0 0 0 0 0 0 
164 7 0 0 0 0 0 0 0 0 0 0 0 
165 7 0 0 0 0 0 0 0 0 0 0 0 
166 7 0 0 0 0 0 0 0 0 0 0 0 
167 7 0 0 0 0 0 0 0 0 0 0 0 
168 7 0 0 0 0 0 0 0 0 0 0 0 
169 7 0 0 0 0 0 0 0 0 0 0 0 
170 7 0 0 0 0 0 0 0 0 0 0 0 
171 7 0 0 0 0 0 0 0 0 0 0 0 
172 7 0 0 0 0 0 0 0 0 0 0 0 
173 7 0 0 0 0 0 0 0 0 0 0 0 
174 7 0 0 0 0 0 0 0 0 0 0 0 
175 7 0 0 0 0 0 0 0 0 0 0 0 
176 7 0 0 0 0 0 0 0 0 0 0 0 
177 7 0 0 0 0 0 0 0 0 0 0 0 
178 7 0 0 0 0 0 0 0 0 0 0 0 
179 7 0 0 0 0 0 0 0 0 0 0 0 
180 7 0 0 0 0 0 0 0 0 0 0 0 
181 7 0 0 0 0 0 0 0 0 0 0 0 
182 7 0 0 0 0 0 0 0 0 0 0 0 
183 7 0 0 0 0 0 0 0 0 0 0 0 
184 7 0 0 0 0 0 0 0 0 0 0 0 
185 7 0 0 0 0 0 0 0 0 0 0 0 
186 7 0 0 0 0 0 0 0 0 0 0 0 
187 7 0 0 0 0 0 0 0 0 0 0 0 
188 7 0 0 0 0 0 0 0 0 0 0 0 
189 7 0 0 0 0 0 0 0 0 0 0 0 
190 7 0 0 0 0 0 0 0 0 0 0 0 
191 7 0 0 0 0 0 0 0 0 0 0 0 
192 7 0 0 0 0 0 0 0 0 0 0 0 
193 7 2 0 0 0 0 0 0 0 0 0 0 
194 7 -1 193 4 10 -1 -1 -1 -1 -1 1 9909 
195 7 7 0 0 0 0 0 0 0 0 0 0 
196 7 -1 152 1 33 -1 -1 -1 -1 -1 0 30 
197 7 -1 45 2 18 -1 -1 -1 -1 -1 0 2004 
198 7 17 0 0 0 0 0 0 0 0 0 0 
199 7 0 0 0 0 0 0 0 0 0 0 0 
200 7 0 0 0 0 0 0 0 0 0 0 0 
201 7 0 0 0 0 0 0 0 0 0 0 0 
202 7 0 0 0 0 0 0 0 0 0 0 0 
203 7 -1 61 4 23 -1 -1 -1 -1 -1 3 620 
204 7 27 0 0 0 0 0 0 0 0 0 0 
205 7 -1 285 4 23 -1 -1 -1 -1 -1 0 3641 
206 7 30 0 0 0 0 0 0 0 0 0 0 
207 7 0 0 0 0 0 0 0 0 0 0 0 
208 7 0 0 0 0 0 0 0 0 0 0 0 
209 7 0 0 0 0 0 0 0 0 0 0 0 
210 7 0 0 0 0 0 0 0 0 0 0 0 
211 7 0 0 0 0 0 0 0 0 0 0 0 
212 7 0 0 0 0 0 0 0 0 0 0 0 
213 7 0 0 0 0 0 0 0 0 0 0 0 
214 7 0 0 0 0 0 0 0 0 0 0 0 
215 7 -1 81 3 29 -1 -1 -1 -1 -1 3 -36 
216 7 -1 256 0 15 -1 -1 -1 -1 -1 2 -32 
217 7 0 0 0 0 0 0 0 0 0 0 0 
218 7 0 0 0 0 0 0 0 0 0 0 0 
219 7 41 0 0 0 0 0 0 0 0 0 0 
220 7 42 0 0 0 0 0 0 0 0 0 0 
221 7 0 0 0 0 0 0 0 0 0 0 0 
222 7 0 0 0 0 0 0 0 0 0 0 0 
223 7 0 0 0 0 0 0 0 0 0 0 0 
224 7 0 0 0 0 0 0 0 0 0 0 0 
225 7 0 0 0 0 0 0 0 0 0 0 0 
226 7 0 0 0 0 0 0 0 0 0 0 0 
227 7 0 0 0 0 0 0 0 0 0 0 0 
228 7 0 0 0 0 0 0 0 0 0 0 0 
229 7 0 0 0 0 0 0 0 0 0 0 0 
230 7 0 0 0 0 0 0 0 0 0 0 0 
231 7 0 0 0 0 0 0 0 0 0 0 0 
232 7 0 0 0 0 0 0 0 0 0 0 0 
233 7 0 0 0 0 0 0 0 0 0 0 0 
234 7 0 0 0 0 0 0 0 0 0 0 0 
235 7 0 0 0 0 0 0 0 0 0 0 0 
236 7 0 0 0 0 0 0 0 0 0 0 0 
237 7 0 0 0 0 0 0 0 0 0 0 0 
238 7 0 0 0 0 0 0 0 0 0 0 0 
239 7 0 0 0 0 0 0 0 0 0 0 0 
240 7 0 0 0 0 0 0 0 0 0 0 0 
241 7 0 0 0 0 0 0 0 0 0 0 0 
242 7 0 0 0 0 0 0 0 0 0 0 0 
243 7 0 0 0 0 0 0 0 0 0 0 0 
244 7 0 0 0 0 0 0 0 0 0 0 0 
245 7 0 0 0 0 0 0 0 0 0 0 0 
246 7 0 0 0 0 0 0 0 0 0 0 0 
247 7 0 0 0 0 0 0 0 0 0 0 0 
248 7 0 0 0 0 0 0 0 0 0 0 0 
249 7 0 0 0 0 0 0 0 0 0 0 0 
250 7 0 0 0 0 0 0 0 0 0 0 0 
251 7 0 0 0 0 0 0 0 0 0 0 0 
252 7 0 0 0 0 0 0 0 0 0 0 0 
253 7 0 0 0 0 0 0 0 0 0 0 0 
254 7 0 0 0 0 0 0 0 0 0 0 0 
255 8 0 0 0 0 0 0 0 0 0 0 0 
256 8 0 0 0 0 0 0 0 0 0 0 0 
257 8 0 0 0 0 0 0 0 0 0 0 0 
258 8 0 0 0 0 0 0 0 0 0 0 0 
259 8 0 0 0 0 0 0 0 0 0 0 0 
260 8 0 0 0 0 0 0 0 0 0 0 0 
261 8 0 0 0 0 0 0 0 0 0 0 0 
262 8 0 0 0 0 0 0 0 0 0 0 0 
263 8 0 0 0 0 0 0 0 0 0 0 0 
264 8 0 0 0 0 0 0 0 0 0 0 0 
265 8 0 0 0 0 0 0 0 0 0 0 0 
266 8 0 0 0 0 0 0 0 0 0 0 0 
267 8 0 0 0 0 0 0 0 0 0 0 0 
268 8 0 0 0 0 0 0 0 0 0 0 0 
269 8 0 0 0 0 0 0 0 0 0 0 0 
270 8 0 0 0 0 0 0 0 0 0 0 0 
271 8 0 0 0 0 0 0 0 0 0 0 0 
272 8 0 0 0 0 0 0 0 0 0 0 0 
273 8 0 0 0 0 0 0 0 0 0 0 0 
274 8 0 0 0 0 0 0 0 0 0 0 0 
275 8 0 0 0 0 0 0 0 0 0 0 0 
276 8 0 0 0 0 0 0 0 0 0 0 0 
277 8 0 0 0 0 0 0 0 0 0 0 0 
278 8 0 0 0 0 0 0 0 0 0 0 0 
279 8 0 0 0 0 0 0 0 0 0 0 0 
280 8 0 0 0 0 0 0 0 0 0 0 0 
281 8 0 0 0 0 0 0 0 0 0 0 0 
282 8 0 0 0 0 0 0 0 0 0 0 0 
283 8 0 0 0 0 0 0 0 0 0 0 0 
284 8 0 0 0 0 0 0 0 0 0 0 0 
285 8 0 0 0 0 0 0 0 0 0 0 0 
286 8 0 0 0 0 0 0 0 0 0 0 0 
287 8 0 0 0 0 0 0 0 0 0 0 0 
288 8 0 0 0 0 0 0 0 0 0 0 0 
289 8 0 0 0 0 0 0 0 0 0 0 0 
290 8 0 0 0 0 0 0 0 0 0 0 0 
291 8 0 0 0 0 0 0 0 0 0 0 0 
292 8 0 0 0 0 0 0 0 0 0 0 0 
293 8 0 0 0 0 0 0 0 0 0 0 0 
294 8 0 0 0 0 0 0 0 0 0 0 0 
295 8 0 0 0 0 0 0 0 0 0 0 0 
296 8 0 0 0 0 0 0 0 0 0 0 0 
297 8 0 0 0 0 0 0 0 0 0 0 0 
298 8 0 0 0 0 0 0 0 0 0 0 0 
299 8 0 0 0 0 0 0 0 0 0 0 0 
300 8 0 0 0 0 0 0 0 0 0 0 0 
301 8 0 0 0 0 0 0 0 0 0 0 0 
302 8 0 0 0 0 0 0 0 0 0 0 0 
303 8 0 0 0 0 0 0 0 0 0 0 0 
304 8 0 0 0 0 0 0 0 0 0 0 0 
305 8 0 0 0 0 0 0 0 0 0 0 0 
306 8 0 0 0 0 0 0 0 0 0 0 0 
307 8 0 0 0 0 0 0 0 0 0 0 0 
308 8 0 0 0 0 0 0 0 0 0 0 0 
309 8 0 0 0 0 0 0 0 0 0 0 0 
310 8 0 0 0 0 0 0 0 0 0 0 0 
311 8 0 0 0 0 0 0 0 0 0 0 0 
312 8 0 0 0 0 0 0 0 0 0 0 0 
313 8 0 0 0 0 0 0 0 0 0 0 0 
314 8 0 0 0 0 0 0 0 0 0 0 0 
315 8 0 0 0 0 0 0 0 0 0 0 0 
316 8 0 0 0 0 0 0 0 0 0 0 0 
317 8 0 0 0 0 0 0 0 0 0 0 0 
318 8 0 0 0 0 0 0 0 0 0 0 0 
319 8 0 0 0 0 0 0 0 0 0 0 0 
320 8 0 0 0 0 0 0 0 0 0 0 0 
321 8 0 0 0 0 0 0 0 0 0 0 0 
322 8 0 0 0 0 0 0 0 0 0 0 0 
323 8 0 0 0 0 0 0 0 0 0 0 0 
324 8 0 0 0 0 0 0 0 0 0 0 0 
325 8 0 0 0 0 0 0 0 0 0 0 0 
326 8 0 0 0 0 0 0 0 0 0 0 0 
327 8 0 0 0 0 0 0 0 0 0 0 0 
328 8 0 0 0 0 0 0 0 0 0 0 0 
329 8 0 0 0 0 0 0 0 0 0 0 0 
330 8 0 0 0 0 0 0 0 0 0 0 0 
331 8 0 0 0 0 0 0 0 0 0 0 0 
332 8 0 0 0 0 0 0 0 0 0 0 0 
333 8 0 0 0 0 0 0 0 0 0 0 0 
334 8 0 0 0 0 0 0 0 0 0 0 0 
335 8 0 0 0 0 0 0 0 0 0 0 0 
336 8 0 0 0 0 0 0 0 0 0 0 0 
337 8 0 0 0 0 0 0 0 0 0 0 0 
338 8 0 0 0 0 0 0 0 0 0 0 0 
339 8 0 0 0 0 0 0 0 0 0 0 0 
340 8 0 0 0 0 0 0 0 0 0 0 0 
341 8 0 0 0 0 0 0 0 0 0 0 0 
342 8 0 0 0 0 0 0 0 0 0 0 0 
343 8 0 0 0 0 0 0 0 0 0 0 0 
344 8 0 0 0 0 0 0 0 0 0 0 0 
345 8 0 0 0 0 0 0 0 0 0 0 0 
346 8 0 0 0 0 0 0 0 0 0 0 0 
347 8 0 0 0 0 0 0 0 0 0 0 0 
348 8 0 0 0 0 0 0 0 0 0 0 0 
349 8 0 0 0 0 0 0 0 0 0 0 0 
350 8 0 0 0 0 0 0 0 0 0 0 0 
351 8 0 0 0 0 0 0 0 0 0 0 0 
352 8 0 0 0 0 0 0 0 0 0 0 0 
353 8 0 0 0 0 0 0 0 0 0 0 0 
354 8 0 0 0 0 0 0 0 0 0 0 0 
355 8 0 0 0 0 0 0 0 0 0 0 0 
356 8 0 0 0 0 0 0 0 0 0 0 0 
357 8 0 0 0 0 0 0 0 0 0 0 0 
358 8 0 0 0 0 0 0 0 0 0 0 0 
359 8 0 0 0 0 0 0 0 0 0 0 0 
360 8 0 0 0 0 0 0 0 0 0 0 0 
361 8 0 0 0 0 0 0 0 0 0 0 0 
362 8 0 0 0 0 0 0 0 0 0 0 0 
363 8 0 0 0 0 0 0 0 0 0 0 0 
364 8 0 0 0 0 0 0 0 0 0 0 0 
365 8 0 0 0 0 0 0 0 0 0 0 0 
366 8 0 0 0 0 0 0 0 0 0 0 0 
367 8 0 0 0 0 0 0 0 0 0 0 0 
368 8 0 0 0 0 0 0 0 0 0 0 0 
369 8 0 0 0 0 0 0 0 0 0 0 0 
370 8 0 0 0 0 0 0 0 0 0 0 0 
371 8 0 0 0 0 0 0 0 0 0 0 0 
372 8 0 0 0 0 0 0 0 0 0 0 0 
373 8 0 0 0 0 0 0 0 0 0 0 0 
374 8 0 0 0 0 0 0 0 0 0 0 0 
375 8 0 0 0 0 0 0 0 0 0 0 0 
376 8 0 0 0 0 0 0 0 0 0 0 0 
377 8 0 0 0 0 0 0 0 0 0 0 0 
378 8 0 0 0 0 0 0 0 0 0 0 0 
379 8 0 0 0 0 0 0 0 0 0 0 0 
380 8 0 0 0 0 0 0 0 0 0 0 0 
381 8 0 0 0 0 0 0 0 0 0 0 0 
382 8 0 0 0 0 0 0 0 0 0 0 0 
383 8 0 0 0 0 0 0 0 0 0 0 0 
384 8 0 0 0 0 0 0 0 0 0 0 0 
385 8 0 0 0 0 0 0 0 0 0 0 0 
386 8 0 0 0 0 0 0 0 0 0 0 0 
387 8 0 0 0 0 0 0 0 0 0 0 0 
388 8 0 0 0 0 0 0 0 0 0 0 0 
389 8 -1 84 0 38 -1 -1 -1 -1 -1 3 2 
390 8 6 0 0 0 0 0 0 0 0 0 0 
391 8 0 0 0 0 0 0 0 0 0 0 0 
392 8 0 0 0 0 0 0 0 0 0 0 0 
393 8 -1 154 4 11 -1 -1 -1 -1 -1 1 6349 
394 8 10 0 0 0 0 0 0 0 0 0 0 
395 8 -1 103 3 13 -1 -1 -1 -1 -1 1 -2 
396 8 -1 33 4 32 -1 -1 -1 -1 -1 2 2362 
397 8 0 0 0 0 0 0 0 0 0 0 0 
398 8 0 0 0 0 0 0 0 0 0 0 0 
399 8 0 0 0 0 0 0 0 0 0 0 0 
400 8 0 0 0 0 0 0 0 0 0 0 0 
401 8 0 0 0 0 0 0 0 0 0 0 0 
402 8 0 0 0 0 0 0 0 0 0 0 0 
403 8 0 0 0 0 0 0 0 0 0 0 0 
404 8 0 0 0 0 0 0 0 0 0 0 0 
405 8 0 0 0 0 0 0 0 0 0 0 0 
406 8 0 0 0 0 0 0 0 0 0 0 0 
407 8 -1 11 3 17 -1 -1 -1 -1 -1 1 6 
408 8 -1 299 2 14 -1 -1 -1 -1 -1 3 1287 
409 8 0 0 0 0 0 0 0 0 0 0 0 
410 8 0 0 0 0 0 0 0 0 0 0 0 
411 8 28 0 0 0 0 0 0 0 0 0 0 
412 8 29 0 0 0 0 0 0 0 0 0 0 
413 8 0 0 0 0 0 0 0 0 0 0 0 
414 8 0 0 0 0 0 0 0 0 0 0 0 
415 8 0 0 0 0 0 0 0 0 0 0 0 
416 8 0 0 0 0 0 0 0 0 0 0 0 
417 8 0 0 0 0 0 0 0 0 0 0 0 
418 8 0 0 0 0 0 0 0 0 0 0 0 
419 8 0 0 0 0 0 0 0 0 0 0 0 
420 8 0 0 0 0 0 0 0 0 0 0 0 
421 8 0 0 0 0 0 0 0 0 0 0 0 
422 8 0 0 0 0 0 0 0 0 0 0 0 
423 8 0 0 0 0 0 0 0 0 0 0 0 
424 8 0 0 0 0 0 0 0 0 0 0 0 
425 8 0 0 0 0 0 0 0 0 0 0 0 
426 8 0 0 0 0 0 0 0 0 0 0 0 
427 8 0 0 0 0 0 0 0 0 0 0 0 
428 8 0 0 0 0 0 0 0 0 0 0 0 
429 8 0 0 0 0 0 0 0 0 0 0 0 
430 8 0 0 0 0 0 0 0 0 0 0 0 
431 8 32 0 0 0 0 0 0 0 0 0 0 
432 8 -1 138 2 18 -1 -1 -1 -1 -1 0 4874 
433 8 -1 100 1 16 -1 -1 -1 -1 -1 3 -28 
434 8 39 0 0 0 0 0 0 0 0 0 0 
435 8 0 0 0 0 0 0 0 0 0 0 0 
436 8 0 0 0 0 0 0 0 0 0 0 0 
437 8 0 0 0 0 0 0 0 0 0 0 0 
438 8 0 0 0 0 0 0 0 0 0 0 0 
439 8 0 0 0 0 0 0 0 0 0 0 0 
440 8 0 0 0 0 0 0 0 0 0 0 0 
441 8 0 0 0 0 0 0 0 0 0 0 0 
442 8 0 0 0 0 0 0 0 0 0 0 0 
443 8 0 0 0 0 0 0 0 0 0 0 0 
444 8 0 0 0 0 0 0 0 0 0 0 0 
445 8 0 0 0 0 0 0 0 0 0 0 0 
446 8 0 0 0 0 0 0 0 0 0 0 0 
447 8 0 0 0 0 0 0 0 0 0 0 0 
448 8 0 0 0 0 0 0 0 0 0 0 0 
449 8 0 0 0 0 0 0 0 0 0 0 0 
450 8 0 0 0 0 0 0 0 0 0 0 0 
451 8 0 0 0 0 0 0 0 0 0 0 0 
452 8 0 0 0 0 0 0 0 0 0 0 0 
453 8 0 0 0 0 0 0 0 0 0 0 0 
454 8 0 0 0 0 0 0 0 0 0 0 0 
455 8 0 0 0 0 0 0 0 0 0 0 0 
456 8 0 0 0 0 0 0 0 0 0 0 0 
457 8 0 0 0 0 0 0 0 0 0 0 0 
458 8 0 0 0 0 0 0 0 0 0 0 0 
459 8 0 0 0 0 0 0 0 0 0 0 0 
460 8 0 0 0 0 0 0 0 0 0 0 0 
461 8 0 0 0 0 0 0 0 0 0 0 0 
462 8 0 0 0 0 0 0 0 0 0 0 0 
463 8 0 0 0 0 0 0 0 0 0 0 0 
464 8 0 0 0 0 0 0 0 0 0 0 0 
465 8 0 0 0 0 0 0 0 0 0 0 0 
466 8 0 0 0 0 0 0 0 0 0 0 0 
467 8 0 0 0 0 0 0 0 0 0 0 0 
468 8 0 0 0 0 0 0 0 0 0 0 0 
469 8 0 0 0 0 0 0 0 0 0 0 0 
470 8 0 0 0 0 0 0 0 0 0 0 0 
471 8 0 0 0 0 0 0 0 0 0 0 0 
472 8 0 0 0 0 0 0 0 0 0 0 0 
473 8 0 0 0 0 0 0 0 0 0 0 0 
474 8 0 0 0 0 0 0 0 0 0 0 0 
475 8 0 0 0 0 0 0 0 0 0 0 0 
476 8 0 0 0 0 0 0 0 0 0 0 0 
477 8 0 0 0 0 0 0 0 0 0 0 0 
478 8 0 0 0 0 0 0 0 0 0 0 0 
479 8 0 0 0 0 0 0 0 0 0 0 0 
480 8 0 0 0 0 0 0 0 0 0 0 0 
481 8 0 0 0 0 0 0 0 0 0 0 0 
482 8 0 0 0 0 0 0 0 0 0 0 0 
483 8 0 0 0 0 0 0 0 0 0 0 0 
484 8 0 0 0 0 0 0 0 0 0 0 0 
485 8 0 0 0 0 0 0 0 0 0 0 0 
486 8 0 0 0 0 0 0 0 0 0 0 0 
487 8 0 0 0 0 0 0 0 0 0 0 0 
488 8 0 0 0 0 0 0 0 0 0 0 0 
489 8 0 0 0 0 0 0 0 0 0 0 0 
490 8 0 0 0 0 0 0 0 0 0 0 0 
491 8 0 0 0 0 0 0 0 0 0 0 0 
492 8 0 0 0 0 0 0 0 0 0 0 0 
493 8 0 0 0 0 0 0 0 0 0 0 0 
494 8 0 0 0 0 0 0 0 0 0 0 0 
495 8 0 0 0 0 0 0 0 0 0 0 0 
496 8 0 0 0 0 0 0 0 0 0 0 0 
497 8 0 0 0 0 0 0 0 0 0 0 0 
498 8 0 0 0 0 0 0 0 0 0 0 0 
499 8 0 0 0 0 0 0 0 0 0 0 0 
500 8 0 0 0 0 0 0 0 0 0 0 0 
501 8 0 0 0 0 0 0 0 0 0 0 0 
502 8 0 0 0 0 0 0 0 0 0 0 0 
503 8 0 0 0 0 0 0 0 0 0 0 0 
504 8 0 0 0 0 0 0 0 0 0 0 0 
505 8 0 0 0 0 0 0 0 0 0 0 0 
506 8 0 0 0 0 0 0 0 0 0 0 0 
507 8 0 0 0 0 0 0 0 0 0 0 0 
508 8 0 0 0 0 0 0 0 0 0 0 0 
509 8 0 0 0 0 0 0 0 0 0 0 0 
510 8 0 0 0 0 0 0 0 0 0 0 0 
511 9 0 0 0 0 0 0 0 0 0 0 0 
512 9 0 0 0 0 0 0 0 0 0 0 0 
513 9 0 0 0 0 0 0 0 0 0 0 0 
514 9 0 0 0 0 0 0 0 0 0 0 0 
515 9 0 0 0 0 0 0 0 0 0 0 0 
516 9 0 0 0 0 0 0 0 0 0 0 0 
517 9 0 0 0 0 0 0 0 0 0 0 0 
518 9 0 0 0 0 0 0 0 0 0 0 0 
519 9 0 0 0 0 0 0 0 0 0 0 0 
520 9 0 0 0 0 0 0 0 0 0 0 0 
521 9 0 0 0 0 0 0 0 0 0 0 0 
522 9 0 0 0 0 0 0 0 0 0 0 0 
523 9 0 0 0 0 0 0 0 0 0 0 0 
524 9 0 0 0 0 0 0 0 0 0 0 0 
525 9 0 0 0 0 0 0 0 0 0 0 0 
526 9 0 0 0 0 0 0 0 0 0 0 0 
527 9 0 0 0 0 0 0 0 0 0 0 0 
528 9 0 0 0 0 0 0 0 0 0 0 0 
529 9 0 0 0 0 0 0 0 0 0 0 0 
530 9 0 0 0 0 0 0 0 0 0 0 0 
531 9 0 0 0 0 0 0 0 0 0 0 0 
532 9 0 0 0 0 0 0 0 0 0 0 0 
533 9 0 0 0 0 0 0 0 0 0 0 0 
534 9 0 0 0 0 0 0 0 0 0 0 0 
535 9 0 0 0 0 0 0 0 0 0 0 0 
536 9 0 0 0 0 0 0 0 0 0 0 0 
537 9 0 0 0 0 0 0 0 0 0 0 0 
538 9 0 0 0 0 0 0 0 0 0 0 0 
539 9 0 0 0 0 0 0 0 0 0 0 0 
540 9 0 0 0 0 0 0 0 0 0 0 0 
541 9 0 0 0 0 0 0 0 0 0 0 0 
542 9 0 0 0 0 0 0 0 0 0 0 0 
543 9 0 0 0 0 0 0 0 0 0 0 0 
544 9 0 0 0 0 0 0 0 0 0 0 0 
545 9 0 0 0 0 0 0 0 0 0 0 0 
546 9 0 0 0 0 0 0 0 0 0 0 0 
547 9 0 0 0 0 0 0 0 0 0 0 0 
548 9 0 0 0 0 0 0 0 0 0 0 0 
549 9 0 0 0 0 0 0 0 0 0 0 0 
550 9 0 0 0 0 0 0 0 0 0 0 0 
551 9 0 0 0 0 0 0 0 0 0 0 0 
552 9 0 0 0 0 0 0 0 0 0 0 0 
553 9 0 0 0 0 0 0 0 0 0 0 0 
554 9 0 0 0 0 0 0 0 0 0 0 0 
555 9 0 0 0 0 0 0 0 0 0 0 0 
556 9 0 0 0 0 0 0 0 0 0 0 0 
557 9 0 0 0 0 0 0 0 0 0 0 0 
558 9 0 0 0 0 0 0 0 0 0 0 0 
559 9 0 0 0 0 0 0 0 0 0 0 0 
560 9 0 0 0 0 0 0 0 0 0 0 0 
561 9 0 0 0 0 0 0 0 0 0 0 0 
562 9 0 0 0 0 0 0 0 0 0 0 0 
563 9 0 0 0 0 0 0 0 0 0 0 0 
564 9 0 0 0 0 0 0 0 0 0 0 0 
565 9 0 0 0 0 0 0 0 0 0 0 0 
566 9 0 0 0 0 0 0 0 0 0 0 0 
567 9 0 0 0 0 0 0 0 0 0 0 0 
568 9 0 0 0 0 0 0 0 0 0 0 0 
569 9 0 0 0 0 0 0 0 0 0 0 0 
570 9 0 0 0 0 0 0 0 0 0 0 0 
571 9 0 0 0 0 0 0 0 0 0 0 0 
572 9 0 0 0 0 0 0 0 0 0 0 0 
573 9 0 0 0 0 0 0 0 0 0 0 0 
574 9 0 0 0 0 0 0 0 0 0 0 0 
575 9 0 0 0 0 0 0 0 0 0 0 0 
576 9 0 0 0 0 0 0 0 0 0 0 0 
577 9 0 0 0 0 0 0 0 0 0 0 0 
578 9 0 0 0 0 0 0 0 0 0 0 0 
579 9 0 0 0 0 0 0 0 0 0 0 0 
580 9 0 0 0 0 0 0 0 0 0 0 0 
581 9 0 0 0 0 0 0 0 0 0 0 0 
582 9 0 0 0 0 0 0 0 0 0 0 0 
583 9 0 0 0 0 0 0 0 0 0 0 0 
584 9 0 0 0 0 0 0 0 0 0 0 0 
585 9 0 0 0 0 0 0 0 0 0 0 0 
586 9 0 0 0 0 0 0 0 0 0 0 0 
587 9 0 0 0 0 0 0 0 0 0 0 0 
588 9 0 0 0 0 0 0 0 0 0 0 0 
589 9 0 0 0 0 0 0 0 0 0 0 0 
590 9 0 0 0 0 0 0 0 0 0 0 0 
591 9 0 0 0 0 0 0 0 0 0 0 0 
592 9 0 0 0 0 0 0 0 0 0 0 0 
593 9 0 0 0 0 0 0 0 0 0 0 0 
594 9 0 0 0 0 0 0 0 0 0 0 0 
595 9 0 0 0 0 0 0 0 0 0 0 0 
596 9 0 0 0 0 0 0 0 0 0 0 0 
597 9 0 0 0 0 0 0 0 0 0 0 0 
598 9 0 0 0 0 0 0 0 0 0 0 0 
599 9 0 0 0 0 0 0 0 0 0 0 0 
600 9 0 0 0 0 0 0 0 0 0 0 0 
601 9 0 0 0 0 0 0 0 0 0 0 0 
602 9 0 0 0 0 0 0 0 0 0 0 0 
603 9 0 0 0 0 0 0 0 0 0 0 0 
604 9 0 0 0 0 0 0 0 0 0 0 0 
605 9 0 0 0 0 0 0 0 0 0 0 0 
606 9 0 0 0 0 0 0 0 0 0 0 0 
607 9 0 0 0 0 0 0 0 0 0 0 0 
608 9 0 0 0 0 0 0 0 0 0 0 0 
609 9 0 0 0 0 0 0 0 0 0 0 0 
610 9 0 0 0 0 0 0 0 0 0 0 0 
611 9 0 0 0 0 0 0 0 0 0 0 0 
612 9 0 0 0 0 0 0 0 0 0 0 0 
613 9 0 0 0 0 0 0 0 0 0 0 0 
614 9 0 0 0 0 0 0 0 0 0 0 0 
615 9 0 0 0 0 0 0 0 0 0 0 0 
616 9 0 0 0 0 0 0 0 0 0 0 0 
617 9 0 0 0 0 0 0 0 0 0 0 0 
618 9 0 0 0 0 0 0 0 0 0 0 0 
619 9 0 0 0 0 0 0 0 0 0 0 0 
620 9 0 0 0 0 0 0 0 0 0 0 0 
621 9 0 0 0 0 0 0 0 0 0 0 0 
622 9 0 0 0 0 0 0 0 0 0 0 0 
623 9 0 0 0 0 0 0 0 0 0 0 0 
624 9 0 0 0 0 0 0 0 0 0 0 0 
625 9 0 0 0 0 0 0 0 0 0 0 0 
626 9 0 0 0 0 0 0 0 0 0 0 0 
627 9 0 0 0 0 0 0 0 0 0 0 0 
628 9 0 0 0 0 0 0 0 0 0 0 0 
629 9 0 0 0 0 0 0 0 0 0 0 0 
630 9 0 0 0 0 0 0 0 0 0 0 0 
631 9 0 0 0 0 0 0 0 0 0 0 0 
632 9 0 0 0 0 0 0 0 0 0 0 0 
633 9 0 0 0 0 0 0 0 0 0 0 0 
634 9 0 0 0 0 0 0 0 0 0 0 0 
635 9 0 0 0 0 0 0 0 0 0 0 0 
636 9 0 0 0 0 0 0 0 0 0 0 0 
637 9 0 0 0 0 0 0 0 0 0 0 0 
638 9 0 0 0 0 0 0 0 0 0 0 0 
639 9 0 0 0 0 0 0 0 0 0 0 0 
640 9 0 0 0 0 0 0 0 0 0 0 0 
641 9 0 0 0 0 0 0 0 0 0 0 0 
642 9 0 0 0 0 0 0 0 0 0 0 0 
643 9 0 0 0 0 0 0 0 0 0 0 0 
644 9 0 0 0 0 0 0 0 0 0 0 0 
645 9 0 0 0 0 0 0 0 0 0 0 0 
646 9 0 0 0 0 0 0 0 0 0 0 0 
647 9 0 0 0 0 0 0 0 0 0 0 0 
648 9 0 0 0 0 0 0 0 0 0 0 0 
649 9 0 0 0 0 0 0 0 0 0 0 0 
650 9 0 0 0 0 0 0 0 0 0 0 0 
651 9 0 0 0 0 0 0 0 0 0 0 0 
652 9 0 0 0 0 0 0 0 0 0 0 0 
653 9 0 0 0 0 0 0 0 0 0 0 0 
654 9 0 0 0 0 0 0 0 0 0 0 0 
655 9 0 0 0 0 0 0 0 0 0 0 0 
656 9 0 0 0 0 0 0 0 0 0 0 0 
657 9 0 0 0 0 0 0 0 0 0 0 0 
658 9 0 0 0 0 0 0 0 0 0 0 0 
659 9 0 0 0 0 0 0 0 0 0 0 0 
660 9 0 0 0 0 0 0 0 0 0 0 0 
661 9 0 0 0 0 0 0 0 0 0 0 0 
662 9 0 0 0 0 0 0 0 0 0 0 0 
663 9 0 0 0 0 0 0 0 0 0 0 0 
664 9 0 0 0 0 0 0 0 0 0 0 0 
665 9 0 0 0 0 0 0 0 0 0 0 0 
666 9 0 0 0 0 0 0 0 0 0 0 0 
667 9 0 0 0 0 0 0 0 0 0 0 0 
668 9 0 0 0 0 0 0 0 0 0 0 0 
669 9 0 0 0 0 0 0 0 0 0 0 0 
670 9 0 0 0 0 0 0 0 0 0 0 0 
671 9 0 0 0 0 0 0 0 0 0 0 0 
672 9 0 0 0 0 0 0 0 0 0 0 0 
673 9 0 0 0 0 0 0 0 0 0 0 0 
674 9 0 0 0 0 0 0 0 0 0 0 0 
675 9 0 0 0 0 0 0 0 0 0 0 0 
676 9 0 0 0 0 0 0 0 0 0 0 0 
677 9 0 0 0 0 0 0 0 0 0 0 0 
678 9 0 0 0 0 0 0 0 0 0 0 0 
679 9 0 0 0 0 0 0 0 0 0 0 0 
680 9 0 0 0 0 0 0 0 0 0 0 0 
681 9 0 0 0 0 0 0 0 0 0 0 0 
682 9 0 0 0 0 0 0 0 0 0 0 0 
683 9 0 0 0 0 0 0 0 0 0 0 0 
684 9 0 0 0 0 0 0 0 0 0 0 0 
685 9 0 0 0 0 0 0 0 0 0 0 0 
686 9 0 0 0 0 0 0 0 0 0 0 0 
687 9 0 0 0 0 0 0 0 0 0 0 0 
688 9 0 0 0 0 0 0 0 0 0 0 0 
689 9 0 0 0 0 0 0 0 0 0 0 0 
690 9 0 0 0 0 0 0 0 0 0 0 0 
691 9 0 0 0 0 0 0 0 0 0 0 0 
692 9 0 0 0 0 0 0 0 0 0 0 0 
693 9 0 0 0 0 0 0 0 0 0 0 0 
694 9 0 0 0 0 0 0 0 0 0 0 0 
695 9 0 0 0 0 0 0 0 0 0 0 0 
696 9 0 0 0 0 0 0 0 0 0 0 0 
697 9 0 0 0 0 0 0 0 0 0 0 0 
698 9 0 0 0 0 0 0 0 0 0 0 0 
699 9 0 0 0 0 0 0 0 0 0 0 0 
700 9 0 0 0 0 0 0 0 0 0 0 0 
701 9 0 0 0 0 0 0 0 0 0 0 0 
702 9 0 0 0 0 0 0 0 0 0 0 0 
703 9 0 0 0 0 0 0 0 0 0 0 0 
704 9 0 0 0 0 0 0 0 0 0 0 0 
705 9 0 0 0 0 0 0 0 0 0 0 0 
706 9 0 0 0 0 0 0 0 0 0 0 0 
707 9 0 0 0 0 0 0 0 0 0 0 0 
708 9 0 0 0 0 0 0 0 0 0 0 0 
709 9 0 0 0 0 0 0 0 0 0 0 0 
710 9 0 0 0 0 0 0 0 0 0 0 0 
711 9 0 0 0 0 0 0 0 0 0 0 0 
712 9 0 0 0 0 0 0 0 0 0 0 0 
713 9 0 0 0 0 0 0 0 0 0 0 0 
714 9 0 0 0 0 0 0 0 0 0 0 0 
715 9 0 0 0 0 0 0 0 0 0 0 0 
716 9 0 0 0 0 0 0 0 0 0 0 0 
717 9 0 0 0 0 0 0 0 0 0 0 0 
718 9 0 0 0 0 0 0 0 0 0 0 0 
719 9 0 0 0 0 0 0 0 0 0 0 0 
720 9 0 0 0 0 0 0 0 0 0 0 0 
721 9 0 0 0 0 0 0 0 0 0 0 0 
722 9 0 0 0 0 0 0 0 0 0 0 0 
723 9 0 0 0 0 0 0 0 0 0 0 0 
724 9 0 0 0 0 0 0 0 0 0 0 0 
725 9 0 0 0 0 0 0 0 0 0 0 0 
726 9 0 0 0 0 0 0 0 0 0 0 0 
727 9 0 0 0 0 0 0 0 0 0 0 0 
728 9 0 0 0 0 0 0 0 0 0 0 0 
729 9 0 0 0 0 0 0 0 0 0 0 0 
730 9 0 0 0 0 0 0 0 0 0 0 0 
731 9 0 0 0 0 0 0 0 0 0 0 0 
732 9 0 0 0 0 0 0 0 0 0 0 0 
733 9 0 0 0 0 0 0 0 0 0 0 0 
734 9 0 0 0 0 0 0 0 0 0 0 0 
735 9 0 0 0 0 0 0 0 0 0 0 0 
736 9 0 0 0 0 0 0 0 0 0 0 0 
737 9 0 0 0 0 0 0 0 0 0 0 0 
738 9 0 0 0 0 0 0 0 0 0 0 0 
739 9 0 0 0 0 0 0 0 0 0 0 0 
740 9 0 0 0 0 0 0 0 0 0 0 0 
741 9 0 0 0 0 0 0 0 0 0 0 0 
742 9 0 0 0 0 0 0 0 0 0 0 0 
743 9 0 0 0 0 0 0 0 0 0 0 0 
744 9 0 0 0 0 0 0 0 0 0 0 0 
745 9 0 0 0 0 0 0 0 0 0 0 0 
746 9 0 0 0 0 0 0 0 0 0 0 0 
747 9 0 0 0 0 0 0 0 0 0 0 0 
748 9 0 0 0 0 0 0 0 0 0 0 0 
749 9 0 0 0 0 0 0 0 0 0 0 0 
750 9 0 0 0 0 0 0 0 0 0 0 0 
751 9 0 0 0 0 0 0 0 0 0 0 0 
752 9 0 0 0 0 0 0 0 0 0 0 0 
753 9 0 0 0 0 0 0 0 0 0 0 0 
754 9 0 0 0 0 0 0 0 0 0 0 0 
755 9 0 0 0 0 0 0 0 0 0 0 0 
756 9 0 0 0 0 0 0 0 0 0 0 0 
757 9 0 0 0 0 0 0 0 0 0 0 0 
758 9 0 0 0 0 0 0 0 0 0 0 0 
759 9 0 0 0 0 0 0 0 0 0 0 0 
760 9 0 0 0 0 0 0 0 0 0 0 0 
761 9 0 0 0 0 0 0 0 0 0 0 0 
762 9 0 0 0 0 0 0 0 0 0 0 0 
763 9 0 0 0 0 0 0 0 0 0 0 0 
764 9 0 0 0 0 0 0 0 0 0 0 0 
765 9 0 0 0 0 0 0 0 0 0 0 0 
766 9 0 0 0 0 0 0 0 0 0 0 0 
767 9 0 0 0 0 0 0 0 0 0 0 0 
768 9 0 0 0 0 0 0 0 0 0 0 0 
769 9 0 0 0 0 0 0 0 0 0 0 0 
770 9 0 0 0 0 0 0 0 0 0 0 0 
771 9 0 0 0 0 0 0 0 0 0 0 0 
772 9 0 0 0 0 0 0 0 0 0 0 0 
773 9 0 0 0 0 0 0 0 0 0 0 0 
774 9 0 0 0 0 0 0 0 0 0 0 0 
775 9 0 0 0 0 0 0 0 0 0 0 0 
776 9 0 0 0 0 0 0 0 0 0 0 0 
777 9 0 0 0 0 0 0 0 0 0 0 0 
778 9 0 0 0 0 0 0 0 0 0 0 0 
779 9 -1 207 0 35 -1 -1 -1 -1 -1 3 -24 
780 9 5 0 0 0 0 0 0 0 0 0 0 
781 9 0 0 0 0 0 0 0 0 0 0 0 
782 9 0 0 0 0 0 0 0 0 0 0 0 
783 9 0 0 0 0 0 0 0 0 0 0 0 
784 9 0 0 0 0 0 0 0 0 0 0 0 
785 9 0 0 0 0 0 0 0 0 0 0 0 
786 9 0 0 0 0 0 0 0 0 0 0 0 
787 9 8 0 0 0 0 0 0 0 0 0 0 
788 9 9 0 0 0 0 0 0 0 0 0 0 
789 9 0 0 0 0 0 0 0 0 0 0 0 
790 9 0 0 0 0 0 0 0 0 0 0 0 
791 9 11 0 0 0 0 0 0 0 0 0 0 
792 9 12 0 0 0 0 0 0 0 0 0 0 
793 9 -1 223 4 39 -1 -1 -1 -1 -1 3 414 
794 9 -1 287 4 29 -1 -1 -1 -1 -1 1 3037 
795 9 0 0 0 0 0 0 0 0 0 0 0 
796 9 0 0 0 0 0 0 0 0 0 0 0 
797 9 0 0 0 0 0 0 0 0 0 0 0 
798 9 0 0 0 0 0 0 0 0 0 0 0 
799 9 0 0 0 0 0 0 0 0 0 0 0 
800 9 0 0 0 0 0 0 0 0 0 0 0 
801 9 0 0 0 0 0 0 0 0 0 0 0 
802 9 0 0 0 0 0 0 0 0 0 0 0 
803 9 0 0 0 0 0 0 0 0 0 0 0 
804 9 0 0 0 0 0 0 0 0 0 0 0 
805 9 0 0 0 0 0 0 0 0 0 0 0 
806 9 0 0 0 0 0 0 0 0 0 0 0 
807 9 0 0 0 0 0 0 0 0 0 0 0 
808 9 0 0 0 0 0 0 0 0 0 0 0 
809 9 0 0 0 0 0 0 0 0 0 0 0 
810 9 0 0 0 0 0 0 0 0 0 0 0 
811 9 0 0 0 0 0 0 0 0 0 0 0 
812 9 0 0 0 0 0 0 0 0 0 0 0 
813 9 0 0 0 0 0 0 0 0 0 0 0 
814 9 0 0 0 0 0 0 0 0 0 0 0 
815 9 -1 98 2 29 -1 -1 -1 -1 -1 0 852 
816 9 -1 134 2 19 -1 -1 -1 -1 -1 3 320 
817 9 -1 298 1 10 -1 -1 -1 -1 -1 2 -73 
818 9 -1 262 3 19 -1 -1 -1 -1 -1 0 -19 
819 9 0 0 0 0 0 0 0 0 0 0 0 
820 9 0 0 0 0 0 0 0 0 0 0 0 
821 9 0 0 0 0 0 0 0 0 0 0 0 
822 9 0 0 0 0 0 0 0 0 0 0 0 
823 9 0 0 0 0 0 0 0 0 0 0 0 
824 9 0 0 0 0 0 0 0 0 0 0 0 
825 9 0 0 0 0 0 0 0 0 0 0 0 
826 9 0 0 0 0 0 0 0 0 0 0 0 
827 9 0 0 0 0 0 0 0 0 0 0 0 
828 9 0 0 0 0 0 0 0 0 0 0 0 
829 9 0 0 0 0 0 0 0 0 0 0 0 
830 9 0 0 0 0 0 0 0 0 0 0 0 
831 9 0 0 0 0 0 0 0 0 0 0 0 
832 9 0 0 0 0 0 0 0 0 0 0 0 
833 9 0 0 0 0 0 0 0 0 0 0 0 
834 9 0 0 0 0 0 0 0 0 0 0 0 
835 9 0 0 0 0 0 0 0 0 0 0 0 
836 9 0 0 0 0 0 0 0 0 0 0 0 
837 9 0 0 0 0 0 0 0 0 0 0 0 
838 9 0 0 0 0 0 0 0 0 0 0 0 
839 9 0 0 0 0 0 0 0 0 0 0 0 
840 9 0 0 0 0 0 0 0 0 0 0 0 
841 9 0 0 0 0 0 0 0 0 0 0 0 
842 9 0 0 0 0 0 0 0 0 0 0 0 
843 9 0 0 0 0 0 0 0 0 0 0 0 
844 9 0 0 0 0 0 0 0 0 0 0 0 
845 9 0 0 0 0 0 0 0 0 0 0 0 
846 9 0 0 0 0 0 0 0 0 0 0 0 
847 9 0 0 0 0 0 0 0 0 0 0 0 
848 9 0 0 0 0 0 0 0 0 0 0 0 
849 9 0 0 0 0 0 0 0 0 0 0 0 
850 9 0 0 0 0 0 0 0 0 0 0 0 
851 9 0 0 0 0 0 0 0 0 0 0 0 
852 9 0 0 0 0 0 0 0 0 0 0 0 
853 9 0 0 0 0 0 0 0 0 0 0 0 
854 9 0 0 0 0 0 0 0 0 0 0 0 
855 9 0 0 0 0 0 0 0 0 0 0 0 
856 9 0 0 0 0 0 0 0 0 0 0 0 
857 9 0 0 0 0 0 0 0 0 0 0 0 
858 9 0 0 0 0 0 0 0 0 0 0 0 
859 9 0 0 0 0 0 0 0 0 0 0 0 
860 9 0 0 0 0 0 0 0 0 0 0 0 
861 9 0 0 0 0 0 0 0 0 0 0 0 
862 9 0 0 0 0 0 0 0 0 0 0 0 
863 9 0 0 0 0 0 0 0 0 0 0 0 
864 9 0 0 0 0 0 0 0 0 0 0 0 
865 9 -1 207 4 33 -1 -1 -1 -1 -1 1 1322 
866 9 35 0 0 0 0 0 0 0 0 0 0 
867 9 36 0 0 0 0 0 0 0 0 0 0 
868 9 -1 336 2 13 -1 -1 -1 -1 -1 3 1783 
869 9 0 0 0 0 0 0 0 0 0 0 0 
870 9 0 0 0 0 0 0 0 0 0 0 0 
871 9 0 0 0 0 0 0 0 0 0 0 0 
872 9 0 0 0 0 0 0 0 0 0 0 0 
873 9 0 0 0 0 0 0 0 0 0 0 0 
874 9 0 0 0 0 0 0 0 0 0 0 0 
875 9 0 0 0 0 0 0 0 0 0 0 0 
876 9 0 0 0 0 0 0 0 0 0 0 0 
877 9 0 0 0 0 0 0 0 0 0 0 0 
878 9 0 0 0 0 0 0 0 0 0 0 0 
879 9 0 0 0 0 0 0 0 0 0 0 0 
880 9 0 0 0 0 0 0 0 0 0 0 0 
881 9 0 0 0 0 0 0 0 0 0 0 0 
882 9 0 0 0 0 0 0 0 0 0 0 0 
883 9 0 0 0 0 0 0 0 0 0 0 0 
884 9 0 0 0 0 0 0 0 0 0 0 0 
885 9 0 0 0 0 0 0 0 0 0 0 0 
886 9 0 0 0 0 0 0 0 0 0 0 0 
887 9 0 0 0 0 0 0 0 0 0 0 0 
888 9 0 0 0 0 0 0 0 0 0 0 0 
889 9 0 0 0 0 0 0 0 0 0 0 0 
890 9 0 0 0 0 0 0 0 0 0 0 0 
891 9 0 0 0 0 0 0 0 0 0 0 0 
892 9 0 0 0 0 0 0 0 0 0 0 0 
893 9 0 0 0 0 0 0 0 0 0 0 0 
894 9 0 0 0 0 0 0 0 0 0 0 0 
895 9 0 0 0 0 0 0 0 0 0 0 0 
896 9 0 0 0 0 0 0 0 0 0 0 0 
897 9 0 0 0 0 0 0 0 0 0 0 0 
898 9 0 0 0 0 0 0 0 0 0 0 0 
899 9 0 0 0 0 0 0 0 0 0 0 0 
900 9 0 0 0 0 0 0 0 0 0 0 0 
901 9 0 0 0 0 0 0 0 0 0 0 0 
902 9 0 0 0 0 0 0 0 0 0 0 0 
903 9 0 0 0 0 0 0 0 0 0 0 0 
904 9 0 0 0 0 0 0 0 0 0 0 0 
905 9 0 0 0 0 0 0 0 0 0 0 0 
906 9 0 0 0 0 0 0 0 0 0 0 0 
907 9 0 0 0 0 0 0 0 0 0 0 0 
908 9 0 0 0 0 0 0 0 0 0 0 0 
909 9 0 0 0 0 0 0 0 0 0 0 0 
910 9 0 0 0 0 0 0 0 0 0 0 0 
911 9 0 0 0 0 0 0 0 0 0 0 0 
912 9 0 0 0 0 0 0 0 0 0 0 0 
913 9 0 0 0 0 0 0 0 0 0 0 0 
914 9 0 0 0 0 0 0 0 0 0 0 0 
915 9 0 0 0 0 0 0 0 0 0 0 0 
916 9 0 0 0 0 0 0 0 0 0 0 0 
917 9 0 0 0 0 0 0 0 0 0 0 0 
918 9 0 0 0 0 0 0 0 0 0 0 0 
919 9 0 0 0 0 0 0 0 0 0 0 0 
920 9 0 0 0 0 0 0 0 0 0 0 0 
921 9 0 0 0 0 0 0 0 0 0 0 0 
922 9 0 0 0 0 0 0 0 0 0 0 0 
923 9 0 0 0 0 0 0 0 0 0 0 0 
924 9 0 0 0 0 0 0 0 0 0 0 0 
925 9 0 0 0 0 0 0 0 0 0 0 0 
926 9 0 0 0 0 0 0 0 0 0 0 0 
927 9 0 0 0 0 0 0 0 0 0 0 0 
928 9 0 0 0 0 0 0 0 0 0 0 0 
929 9 0 0 0 0 0 0 0 0 0 0 0 
930 9 0 0 0 0 0 0 0 0 0 0 0 
931 9 0 0 0 0 0 0 0 0 0 0 0 
932 9 0 0 0 0 0 0 0 0 0 0 0 
933 9 0 0 0 0 0 0 0 0 0 0 0 
934 9 0 0 0 0 0 0 0 0 0 0 0 
935 9 0 0 0 0 0 0 0 0 0 0 0 
936 9 0 0 0 0 0 0 0 0 0 0 0 
937 9 0 0 0 0 0 0 0 0 0 0 0 
938 9 0 0 0 0 0 0 0 0 0 0 0 
939 9 0 0 0 0 0 0 0 0 0 0 0 
940 9 0 0 0 0 0 0 0 0 0 0 0 
941 9 0 0 0 0 0 0 0 0 0 0 0 
942 9 0 0 0 0 0 0 0 0 0 0 0 
943 9 0 0 0 0 0 0 0 0 0 0 0 
944 9 0 0 0 0 0 0 0 0 0 0 0 
945 9 0 0 0 0 0 0 0 0 0 0 0 
946 9 0 0 0 0 0 0 0 0 0 0 0 
947 9 0 0 0 0 0 0 0 0 0 0 0 
948 9 0 0 0 0 0 0 0 0 0 0 0 
949 9 0 0 0 0 0 0 0 0 0 0 0 
950 9 0 0 0 0 0 0 0 0 0 0 0 
951 9 0 0 0 0 0 0 0 0 0 0 0 
952 9 0 0 0 0 0 0 0 0 0 0 0 
953 9 0 0 0 0 0 0 0 0 0 0 0 
954 9 0 0 0 0 0 0 0 0 0 0 0 
955 9 0 0 0 0 0 0 0 0 0 0 0 
956 9 0 0 0 0 0 0 0 0 0 0 0 
957 9 0 0 0 0 0 0 0 0 0 0 0 
958 9 0 0 0 0 0 0 0 0 0 0 0 
959 9 0 0 0 0 0 0 0 0 0 0 0 
960 9 0 0 0 0 0 0 0 0 0 0 0 
961 9 0 0 0 0 0 0 0 0 0 0 0 
962 9 0 0 0 0 0 0 0 0 0 0 0 
963 9 0 0 0 0 0 0 0 0 0 0 0 
964 9 0 0 0 0 0 0 0 0 0 0 0 
965 9 0 0 0 0 0 0 0 0 0 0 0 
966 9 0 0 0 0 0 0 0 0 0 0 0 
967 9 0 0 0 0 0 0 0 0 0 0 0 
968 9 0 0 0 0 0 0 0 0 0 0 0 
969 9 0 0 0 0 0 0 0 0 0 0 0 
970 9 0 0 0 0 0 0 0 0 0 0 0 
971 9 0 0 0 0 0 0 0 0 0 0 0 
972 9 0 0 0 0 0 0 0 0 0 0 0 
973 9 0 0 0 0 0 0 0 0 0 0 0 
974 9 0 0 0 0 0 0 0 0 0 0 0 
975 9 0 0 0 0 0 0 0 0 0 0 0 
976 9 0 0 0 0 0 0 0 0 0 0 0 
977 9 0 0 0 0 0 0 0 0 0 0 0 
978 9 0 0 0 0 0 0 0 0 0 0 0 
979 9 0 0 0 0 0 0 0 0 0 0 0 
980 9 0 0 0 0 0 0 0 0 0 0 0 
981 9 0 0 0 0 0 0 0 0 0 0 0 
982 9 0 0 0 0 0 0 0 0 0 0 0 
983 9 0 0 0 0 0 0 0 0 0 0 0 
984 9 0 0 0 0 0 0 0 0 0 0 0 
985 9 0 0 0 0 0 0 0 0 0 0 0 
986 9 0 0 0 0 0 0 0 0 0 0 0 
987 9 0 0 0 0 0 0 0 0 0 0 0 
988 9 0 0 0 0 0 0 0 0 0 0 0 
989 9 0 0 0 0 0 0 0 0 0 0 0 
990 9 0 0 0 0 0 0 0 0 0 0 0 
991 9 0 0 0 0 0 0 0 0 0 0 0 
992 9 0 0 0 0 0 0 0 0 0 0 0 
993 9 0 0 0 0 0 0 0 0 0 0 0 
994 9 0 0 0 0 0 0 0 0 0 0 0 
995 9 0 0 0 0 0 0 0 0 0 0 0 
996 9 0 0 0 0 0 0 0 0 0 0 0 
997 9 0 0 0 0 0 0 0 0 0 0 0 
998 9 0 0 0 0 0 0 0 0 0 0 0 
999 9 0 0 0 0 0 0 0 0 0 0 0 
1000 9 0 0 0 0 0 0 0 0 0 0 0 
1001 9 0 0 0 0 0 0 0 0 0 0 0 
1002 9 0 0 0 0 0 0 0 0 0 0 0 
1003 9 0 0 0 0 0 0 0 0 0 0 0 
1004 9 0 0 0 0 0 0 0 0 0 0 0 
1005 9 0 0 0 0 0 0 0 0 0 0 0 
1006 9 0 0 0 0 0 0 0 0 0 0 0 
1007 9 0 0 0 0 0 0 0 0 0 0 0 
1008 9 0 0 0 0 0 0 0 0 0 0 0 
1009 9 0 0 0 0 0 0 0 0 0 0 0 
1010 9 0 0 0 0 0 0 0 0 0 0 0 
1011 9 0 0 0 0 0 0 0 0 0 0 0 
1012 9 0 0 0 0 0 0 0 0 0 0 0 
1013 9 0 0 0 0 0 0 0 0 0 0 0 
1014 9 0 0 0 0 0 0 0 0 0 0 0 
1015 9 0 0 0 0 0 0 0 0 0 0 0 
1016 9 0 0 0 0 0 0 0 0 0 0 0 
1017 9 0 0 0 0 0 0 0 0 0 0 0 
1018 9 0 0 0 0 0 0 0 0 0 0 0 
1019 9 0 0 0 0 0 0 0 0 0 0 0 
1020 9 0 0 0 0 0 0 0 0 0 0 0 
1021 9 0 0 0 0 0 0 0 0 0 0 0 
1022 9 0 0 0 0 0 0 0 0 0 0 0 
1023 10 0 0 0 0 0 0 0 0 0 0 0 
1024 10 0 0 0 0 0 0 0 0 0 0 0 
1025 10 0 0 0 0 0 0 0 0 0 0 0 
1026 10 0 0 0 0 0 0 0 0 0 0 0 
1027 10 0 0 0 0 0 0 0 0 0 0 0 
1028 10 0 0 0 0 0 0 0 0 0 0 0 
1029 10 0 0 0 0 0 0 0 0 0 0 0 
1030 10 0 0 0 0 0 0 0 0 0 0 0 
1031 10 0 0 0 0 0 0 0 0 0 0 0 
1032 10 0 0 0 0 0 0 0 0 0 0 0 
1033 10 0 0 0 0 0 0 0 0 0 0 0 
1034 10 0 0 0 0 0 0 0 0 0 0 0 
1035 10 0 0 0 0 0 0 0 0 0 0 0 
1036 10 0 0 0 0 0 0 0 0 0 0 0 
1037 10 0 0 0 0 0 0 0 0 0 0 0 
1038 10 0 0 0 0 0 0 0 0 0 0 0 
1039 10 0 0 0 0 0 0 0 0 0 0 0 
1040 10 0 0 0 0 0 0 0 0 0 0 0 
1041 10 0 0 0 0 0 0 0 0 0 0 0 
1042 10 0 0 0 0 0 0 0 0 0 0 0 
1043 10 0 0 0 0 0 0 0 0 0 0 0 
1044 10 0 0 0 0 0 0 0 0 0 0 0 
1045 10 0 0 0 0 0 0 0 0 0 0 0 
1046 10 0 0 0 0 0 0 0 0 0 0 0 
1047 10 0 0 0 0 0 0 0 0 0 0 0 
1048 10 0 0 0 0 0 0 0 0 0 0 0 
1049 10 0 0 0 0 0 0 0 0 0 0 0 
1050 10 0 0 0 0 0 0 0 0 0 0 0 
1051 10 0 0 0 0 0 0 0 0 0 0 0 
1052 10 0 0 0 0 0 0 0 0 0 0 0 
1053 10 0 0 0 0 0 0 0 0 0 0 0 
1054 10 0 0 0 0 0 0 0 0 0 0 0 
1055 10 0 0 0 0 0 0 0 0 0 0 0 
1056 10 0 0 0 0 0 0 0 0 0 0 0 
1057 10 0 0 0 0 0 0 0 0 0 0 0 
1058 10 0 0 0 0 0 0 0 0 0 0 0 
1059 10 0 0 0 0 0 0 0 0 0 0 0 
1060 10 0 0 0 0 0 0 0 0 0 0 0 
1061 10 0 0 0 0 0 0 0 0 0 0 0 
1062 10 0 0 0 0 0 0 0 0 0 0 0 
1063 10 0 0 0 0 0 0 0 0 0 0 0 
1064 10 0 0 0 0 0 0 0 0 0 0 0 
1065 10 0 0 0 0 0 0 0 0 0 0 0 
1066 10 0 0 0 0 0 0 0 0 0 0 0 
1067 10 0 0 0 0 0 0 0 0 0 0 0 
1068 10 0 0 0 0 0 0 0 0 0 0 0 
1069 10 0 0 0 0 0 0 0 0 0 0 0 
1070 10 0 0 0 0 0 0 0 0 0 0 0 
1071 10 0 0 0 0 0 0 0 0 0 0 0 
1072 10 0 0 0 0 0 0 0 0 0 0 0 
1073 10 0 0 0 0 0 0 0 0 0 0 0 
1074 10 0 0 0 0 0 0 0 0 0 0 0 
1075 10 0 0 0 0 0 0 0 0 0 0 0 
1076 10 0 0 0 0 0 0 0 0 0 0 0 
1077 10 0 0 0 0 0 0 0 0 0 0 0 
1078 10 0 0 0 0 0 0 0 0 0 0 0 
1079 10 0 0 0 0 0 0 0 0 0 0 0 
1080 10 0 0 0 0 0 0 0 0 0 0 0 
1081 10 0 0 0 0 0 0 0 0 0 0 0 
1082 10 0 0 0 0 0 0 0 0 0 0 0 
1083 10 0 0 0 0 0 0 0 0 0 0 0 
1084 10 0 0 0 0 0 0 0 0 0 0 0 
1085 10 0 0 0 0 0 0 0 0 0 0 0 
1086 10 0 0 0 0 0 0 0 0 0 0 0 
1087 10 0 0 0 0 0 0 0 0 0 0 0 
1088 10 0 0 0 0 0 0 0 0 0 0 0 
1089 10 0 0 0 0 0 0 0 0 0 0 0 
1090 10 0 0 0 0 0 0 0 0 0 0 0 
1091 10 0 0 0 0 0 0 0 0 0 0 0 
1092 10 0 0 0 0 0 0 0 0 0 0 0 
1093 10 0 0 0 0 0 0 0 0 0 0 0 
1094 10 0 0 0 0 0 0 0 0 0 0 0 
1095 10 0 0 0 0 0 0 0 0 0 0 0 
1096 10 0 0 0 0 0 0 0 0 0 0 0 
1097 10 0 0 0 0 0 0 0 0 0 0 0 
1098 10 0 0 0 0 0 0 0 0 0 0 0 
1099 10 0 0 0 0 0 0 0 0 0 0 0 
1100 10 0 0 0 0 0 0 0 0 0 0 0 
1101 10 0 0 0 0 0 0 0 0 0 0 0 
1102 10 0 0 0 0 0 0 0 0 0 0 0 
1103 10 0 0 0 0 0 0 0 0 0 0 0 
1104 10 0 0 0 0 0 0 0 0 0 0 0 
1105 10 0 0 0 0 0 0 0 0 0 0 0 
1106 10 0 0 0 0 0 0 0 0 0 0 0 
1107 10 0 0 0 0 0 0 0 0 0 0 0 
1108 10 0 0 0 0 0 0 0 0 0 0 0 
1109 10 0 0 0 0 0 0 0 0 0 0 0 
1110 10 0 0 0 0 0 0 0 0 0 0 0 
1111 10 0 0 0 0 0 0 0 0 0 0 0 
1112 10 0 0 0 0 0 0 0 0 0 0 0 
1113 10 0 0 0 0 0 0 0 0 0 0 0 
1114 10 0 0 0 0 0 0 0 0 0 0 0 
1115 10 0 0 0 0 0 0 0 0 0 0 0 
1116 10 0 0 0 0 0 0 0 0 0 0 0 
1117 10 0 0 0 0 0 0 0 0 0 0 0 
1118 10 0 0 0 0 0 0 0 0 0 0 0 
1119 10 0 0 0 0 0 0 0 0 0 0 0 
1120 10 0 0 0 0 0 0 0 0 0 0 0 
1121 10 0 0 0 0 0 0 0 0 0 0 0 
1122 10 0 0 0 0 0 0 0 0 0 0 0 
1123 10 0 0 0 0 0 0 0 0 0 0 0 
1124 10 0 0 0 0 0 0 0 0 0 0 0 
1125 10 0 0 0 0 0 0 0 0 0 0 0 
1126 10 0 0 0 0 0 0 0 0 0 0 0 
1127 10 0 0 0 0 0 0 0 0 0 0 0 
1128 10 0 0 0 0 0 0 0 0 0 0 0 
1129 10 0 0 0 0 0 0 0 0 0 0 0 
1130 10 0 0 0 0 0 0 0 0 0 0 0 
1131 10 0 0 0 0 0 0 0 0 0 0 0 
1132 10 0 0 0 0 0 0 0 0 0 0 0 
1133 10 0 0 0 0 0 0 0 0 0 0 0 
1134 10 0 0 0 0 0 0 0 0 0 0 0 
1135 10 0 0 0 0 0 0 0 0 0 0 0 
1136 10 0 0 0 0 0 0 0 0 0 0 0 
1137 10 0 0 0 0 0 0 0 0 0 0 0 
1138 10 0 0 0 0 0 0 0 0 0 0 0 
1139 10 0 0 0 0 0 0 0 0 0 0 0 
1140 10 0 0 0 0 0 0 0 0 0 0 0 
1141 10 0 0 0 0 0 0 0 0 0 0 0 
1142 10 0 0 0 0 0 0 0 0 0 0 0 
1143 10 0 0 0 0 0 0 0 0 0 0 0 
1144 10 0 0 0 0 0 0 0 0 0 0 0 
1145 10 0 0 0 0 0 0 0 0 0 0 0 
1146 10 0 0 0 0 0 0 0 0 0 0 0 
1147 10 0 0 0 0 0 0 0 0 0 0 0 
1148 10 0 0 0 0 0 0 0 0 0 0 0 
1149 10 0 0 0 0 0 0 0 0 0 0 0 
1150 10 0 0 0 0 0 0 0 0 0 0 0 
1151 10 0 0 0 0 0 0 0 0 0 0 0 
1152 10 0 0 0 0 0 0 0 0 0 0 0 
1153 10 0 0 0 0 0 0 0 0 0 0 0 
1154 10 0 0 0 0 0 0 0 0 0 0 0 
1155 10 0 0 0 0 0 0 0 0 0 0 0 
1156 10 0 0 0 0 0 0 0 0 0 0 0 
1157 10 0 0 0 0 0 0 0 0 0 0 0 
1158 10 0 0 0 0 0 0 0 0 0 0 0 
1159 10 0 0 0 0 0 0 0 0 0 0 0 
1160 10 0 0 0 0 0 0 0 0 0 0 0 
1161 10 0 0 0 0 0 0 0 0 0 0 0 
1162 10 0 0 0 0 0 0 0 0 0 0 0 
1163 10 0 0 0 0 0 0 0 0 0 0 0 
1164 10 0 0 0 0 0 0 0 0 0 0 0 
1165 10 0 0 0 0 0 0 0 0 0 0 0 
1166 10 0 0 0 0 0 0 0 0 0 0 0 
1167 10 0 0 0 0 0 0 0 0 0 0 0 
1168 10 0 0 0 0 0 0 0 0 0 0 0 
1169 10 0 0 0 0 0 0 0 0 0 0 0 
1170 10 0 0 0 0 0 0 0 0 0 0 0 
1171 10 0 0 0 0 0 0 0 0 0 0 0 
1172 10 0 0 0 0 0 0 0 0 0 0 0 
1173 10 0 0 0 0 0 0 0 0 0 0 0 
1174 10 0 0 0 0 0 0 0 0 0 0 0 
1175 10 0 0 0 0 0 0 0 0 0 0 0 
1176 10 0 0 0 0 0 0 0 0 0 0 0 
1177 10 0 0 0 0 0 0 0 0 0 0 0 
1178 10 0 0 0 0 0 0 0 0 0 0 0 
1179 10 0 0 0 0 0 0 0 0 0 0 0 
1180 10 0 0 0 0 0 0 0 0 0 0 0 
1181 10 0 0 0 0 0 0 0 0 0 0 0 
1182 10 0 0 0 0 0 0 0 0 0 0 0 
1183 10 0 0 0 0 0 0 0 0 0 0 0 
1184 10 0 0 0 0 0 0 0 0 0 0 0 
1185 10 0 0 0 0 0 0 0 0 0 0 0 
1186 10 0 0 0 0 0 0 0 0 0 0 0 
1187 10 0 0 0 0 0 0 0 0 0 0 0 
1188 10 0 0 0 0 0 0 0 0 0 0 0 
1189 10 0 0 0 0 0 0 0 0 0 0 0 
1190 10 0 0 0 0 0 0 0 0 0 0 0 
1191 10 0 0 0 0 0 0 0 0 0 0 0 
1192 10 0 0 0 0 0 0 0 0 0 0 0 
1193 10 0 0 0 0 0 0 0 0 0 0 0 
1194 10 0 0 0 0 0 0 0 0 0 0 0 
1195 10 0 0 0 0 0 0 0 0 0 0 0 
1196 10 0 0 0 0 0 0 0 0 0 0 0 
1197 10 0 0 0 0 0 0 0 0 0 0 0 
1198 10 0 0 0 0 0 0 0 0 0 0 0 
1199 10 0 0 0 0 0 0 0 0 0 0 0 
1200 10 0 0 0 0 0 0 0 0 0 0 0 
1201 10 0 0 0 0 0 0 0 0 0 0 0 
1202 10 0 0 0 0 0 0 0 0 0 0 0 
1203 10 0 0 0 0 0 0 0 0 0 0 0 
1204 10 0 0 0 0 0 0 0 0 0 0 0 
1205 10 0 0 0 0 0 0 0 0 0 0 0 
1206 10 0 0 0 0 0 0 0 0 0 0 0 
1207 10 0 0 0 0 0 0 0 0 0 0 0 
1208 10 0 0 0 0 0 0 0 0 0 0 0 
1209 10 0 0 0 0 0 0 0 0 0 0 0 
1210 10 0 0 0 0 0 0 0 0 0 0 0 
1211 10 0 0 0 0 0 0 0 0 0 0 0 
1212 10 0 0 0 0 0 0 0 0 0 0 0 
1213 10 0 0 0 0 0 0 0 0 0 0 0 
1214 10 0 0 0 0 0 0 0 0 0 0 0 
1215 10 0 0 0 0 0 0 0 0 0 0 0 
1216 10 0 0 0 0 0 0 0 0 0 0 0 
1217 10 0 0 0 0 0 0 0 0 0 0 0 
1218 10 0 0 0 0 0 0 0 0 0 0 0 
1219 10 0 0 0 0 0 0 0 0 0 0 0 
1220 10 0 0 0 0 0 0 0 0 0 0 0 
1221 10 0 0 0 0 0 0 0 0 0 0 0 
1222 10 0 0 0 0 0 0 0 0 0 0 0 
1223 10 0 0 0 0 0 0 0 0 0 0 0 
1224 10 0 0 0 0 0 0 0 0 0 0 0 
1225 10 0 0 0 0 0 0 0 0 0 0 0 
1226 10 0 0 0 0 0 0 0 0 0 0 0 
1227 10 0 0 0 0 0 0 0 0 0 0 0 
1228 10 0 0 0 0 0 0 0 0 0 0 0 
1229 10 0 0 0 0 0 0 0 0 0 0 0 
1230 10 0 0 0 0 0 0 0 0 0 0 0 
1231 10 0 0 0 0 0 0 0 0 0 0 0 
1232 10 0 0 0 0 0 0 0 0 0 0 0 
1233 10 0 0 0 0 0 0 0 0 0 0 0 
1234 10 0 0 0 0 0 0 0 0 0 0 0 
1235 10 0 0 0 0 0 0 0 0 0 0 0 
1236 10 0 0 0 0 0 0 0 0 0 0 0 
1237 10 0 0 0 0 0 0 0 0 0 0 0 
1238 10 0 0 0 0 0 0 0 0 0 0 0 
1239 10 0 0 0 0 0 0 0 0 0 0 0 
1240 10 0 0 0 0 0 0 0 0 0 0 0 
1241 10 0 0 0 0 0 0 0 0 0 0 0 
1242 10 0 0 0 0 0 0 0 0 0 0 0 
1243 10 0 0 0 0 0 0 0 0 0 0 0 
1244 10 0 0 0 0 0 0 0 0 0 0 0 
1245 10 0 0 0 0 0 0 0 0 0 0 0 
1246 10 0 0 0 0 0 0 0 0 0 0 0 
1247 10 0 0 0 0 0 0 0 0 0 0 0 
1248 10 0 0 0 0 0 0 0 0 0 0 0 
1249 10 0 0 0 0 0 0 0 0 0 0 0 
1250 10 0 0 0 0 0 0 0 0 0 0 0 
1251 10 0 0 0 0 0 0 0 0 0 0 0 
1252 10 0 0 0 0 0 0 0 0 0 0 0 
1253 10 0 0 0 0 0 0 0 0 0 0 0 
1254 10 0 0 0 0 0 0 0 0 0 0 0 
1255 10 0 0 0 0 0 0 0 0 0 0 0 
1256 10 0 0 0 0 0 0 0 0 0 0 0 
1257 10 0 0 0 0 0 0 0 0 0 0 0 
1258 10 0 0 0 0 0 0 0 0 0 0 0 
1259 10 0 0 0 0 0 0 0 0 0 0 0 
1260 10 0 0 0 0 0 0 0 0 0 0 0 
1261 10 0 0 0 0 0 0 0 0 0 0 0 
1262 10 0 0 0 0 0 0 0 0 0 0 0 
1263 10 0 0 0 0 0 0 0 0 0 0 0 
1264 10 0 0 0 0 0 0 0 0 0 0 0 
1265 10 0 0 0 0 0 0 0 0 0 0 0 
1266 10 0 0 0 0 0 0 0 0 0 0 0 
1267 10 0 0 0 0 0 0 0 0 0 0 0 
1268 10 0 0 0 0 0 0 0 0 0 0 0 
1269 10 0 0 0 0 0 0 0 0 0 0 0 
1270 10 0 0 0 0 0 0 0 0 0 0 0 
1271 10 0 0 0 0 0 0 0 0 0 0 0 
1272 10 0 0 0 0 0 0 0 0 0 0 0 
1273 10 0 0 0 0 0 0 0 0 0 0 0 
1274 10 0 0 0 0 0 0 0 0 0 0 0 
1275 10 0 0 0 0 0 0 0 0 0 0 0 
1276 10 0 0 0 0 0 0 0 0 0 0 0 
1277 10 0 0 0 0 0 0 0 0 0 0 0 
1278 10 0 0 0 0 0 0 0 0 0 0 0 
1279 10 0 0 0 0 0 0 0 0 0 0 0 
1280 10 0 0 0 0 0 0 0 0 0 0 0 
1281 10 0 0 0 0 0 0 0 0 0 0 0 
1282 10 0 0 0 0 0 0 0 0 0 0 0 
1283 10 0 0 0 0 0 0 0 0 0 0 0 
1284 10 0 0 0 0 0 0 0 0 0 0 0 
1285 10 0 0 0 0 0 0 0 0 0 0 0 
1286 10 0 0 0 0 0 0 0 0 0 0 0 
1287 10 0 0 0 0 0 0 0 0 0 0 0 
1288 10 0 0 0 0 0 0 0 0 0 0 0 
1289 10 0 0 0 0 0 0 0 0 0 0 0 
1290 10 0 0 0 0 0 0 0 0 0 0 0 
1291 10 0 0 0 0 0 0 0 0 0 0 0 
1292 10 0 0 0 0 0 0 0 0 0 0 0 
1293 10 0 0 0 0 0 0 0 0 0 0 0 
1294 10 0 0 0 0 0 0 0 0 0 0 0 
1295 10 0 0 0 0 0 0 0 0 0 0 0 
1296 10 0 0 0 0 0 0 0 0 0 0 0 
1297 10 0 0 0 0 0 0 0 0 0 0 0 
1298 10 0 0 0 0 0 0 0 0 0 0 0 
1299 10 0 0 0 0 0 0 0 0 0 0 0 
1300 10 0 0 0 0 0 0 0 0 0 0 0 
1301 10 0 0 0 0 0 0 0 0 0 0 0 
1302 10 0 0 0 0 0 0 0 0 0 0 0 
1303 10 0 0 0 0 0 0 0 0 0 0 0 
1304 10 0 0 0 0 0 0 0 0 0 0 0 
1305 10 0 0 0 0 0 0 0 0 0 0 0 
1306 10 0 0 0 0 0 0 0 0 0 0 0 
1307 10 0 0 0 0 0 0 0 0 0 0 0 
1308 10 0 0 0 0 0 0 0 0 0 0 0 
1309 10 0 0 0 0 0 0 0 0 0 0 0 
1310 10 0 0 0 0 0 0 0 0 0 0 0 
1311 10 0 0 0 0 0 0 0 0 0 0 0 
1312 10 0 0 0 0 0 0 0 0 0 0 0 
1313 10 0 0 0 0 0 0 0 0 0 0 0 
1314 10 0 0 0 0 0 0 0 0 0 0 0 
1315 10 0 0 0 0 0 0 0 0 0 0 0 
1316 10 0 0 0 0 0 0 0 0 0 0 0 
1317 10 0 0 0 0 0 0 0 0 0 0 0 
1318 10 0 0 0 0 0 0 0 0 0 0 0 
1319 10 0 0 0 0 0 0 0 0 0 0 0 
1320 10 0 0 0 0 0 0 0 0 0 0 0 
1321 10 0 0 0 0 0 0 0 0 0 0 0 
1322 10 0 0 0 0 0 0 0 0 0 0 0 
1323 10 0 0 0 0 0 0 0 0 0 0 0 
1324 10 0 0 0 0 0 0 0 0 0 0 0 
1325 10 0 0 0 0 0 0 0 0 0 0 0 
1326 10 0 0 0 0 0 0 0 0 0 0 0 
1327 10 0 0 0 0 0 0 0 0 0 0 0 
1328 10 0 0 0 0 0 0 0 0 0 0 0 
1329 10 0 0 0 0 0 0 0 0 0 0 0 
1330 10 0 0 0 0 0 0 0 0 0 0 0 
1331 10 0 0 0 0 0 0 0 0 0 0 0 
1332 10 0 0 0 0 0 0 0 0 0 0 0 
1333 10 0 0 0 0 0 0 0 0 0 0 0 
1334 10 0 0 0 0 0 0 0 0 0 0 0 
1335 10 0 0 0 0 0 0 0 0 0 0 0 
1336 10 0 0 0 0 0 0 0 0 0 0 0 
1337 10 0 0 0 0 0 0 0 0 0 0 0 
1338 10 0 0 0 0 0 0 0 0 0 0 0 
1339 10 0 0 0 0 0 0 0 0 0 0 0 
1340 10 0 0 0 0 0 0 0 0 0 0 0 
1341 10 0 0 0 0 0 0 0 0 0 0 0 
1342 10 0 0 0 0 0 0 0 0 0 0 0 
1343 10 0 0 0 0 0 0 0 0 0 0 0 
1344 10 0 0 0 0 0 0 0 0 0 0 0 
1345 10 0 0 0 0 0 0 0 0 0 0 0 
1346 10 0 0 0 0 0 0 0 0 0 0 0 
1347 10 0 0 0 0 0 0 0 0 0 0 0 
1348 10 0 0 0 0 0 0 0 0 0 0 0 
1349 10 0 0 0 0 0 0 0 0 0 0 0 
1350 10 0 0 0 0 0 0 0 0 0 0 0 
1351 10 0 0 0 0 0 0 0 0 0 0 0 
1352 10 0 0 0 0 0 0 0 0 0 0 0 
1353 10 0 0 0 0 0 0 0 0 0 0 0 
1354 10 0 0 0 0 0 0 0 0 0 0 0 
1355 10 0 0 0 0 0 0 0 0 0 0 0 
1356 10 0 0 0 0 0 0 0 0 0 0 0 
1357 10 0 0 0 0 0 0 0 0 0 0 0 
1358 10 0 0 0 0 0 0 0 0 0 0 0 
1359 10 0 0 0 0 0 0 0 0 0 0 0 
1360 10 0 0 0 0 0 0 0 0 0 0 0 
1361 10 0 0 0 0 0 0 0 0 0 0 0 
1362 10 0 0 0 0 0 0 0 0 0 0 0 
1363 10 0 0 0 0 0 0 0 0 0 0 0 
1364 10 0 0 0 0 0 0 0 0 0 0 0 
1365 10 0 0 0 0 0 0 0 0 0 0 0 
1366 10 0 0 0 0 0 0 0 0 0 0 0 
1367 10 0 0 0 0 0 0 0 0 0 0 0 
1368 10 0 0 0 0 0 0 0 0 0 0 0 
1369 10 0 0 0 0 0 0 0 0 0 0 0 
1370 10 0 0 0 0 0 0 0 0 0 0 0 
1371 10 0 0 0 0 0 0 0 0 0 0 0 
1372 10 0 0 0 0 0 0 0 0 0 0 0 
1373 10 0 0 0 0 0 0 0 0 0 0 0 
1374 10 0 0 0 0 0 0 0 0 0 0 0 
1375 10 0 0 0 0 0 0 0 0 0 0 0 
1376 10 0 0 0 0 0 0 0 0 0 0 0 
1377 10 0 0 0 0 0 0 0 0 0 0 0 
1378 10 0 0 0 0 0 0 0 0 0 0 0 
1379 10 0 0 0 0 0 0 0 0 0 0 0 
1380 10 0 0 0 0 0 0 0 0 0 0 0 
1381 10 0 0 0 0 0 0 0 0 0 0 0 
1382 10 0 0 0 0 0 0 0 0 0 0 0 
1383 10 0 0 0 0 0 0 0 0 0 0 0 
1384 10 0 0 0 0 0 0 0 0 0 0 0 
1385 10 0 0 0 0 0 0 0 0 0 0 0 
1386 10 0 0 0 0 0 0 0 0 0 0 0 
1387 10 0 0 0 0 0 0 0 0 0 0 0 
1388 10 0 0 0 0 0 0 0 0 0 0 0 
1389 10 0 0 0 0 0 0 0 0 0 0 0 
1390 10 0 0 0 0 0 0 0 0 0 0 0 
1391 10 0 0 0 0 0 0 0 0 0 0 0 
1392 10 0 0 0 0 0 0 0 0 0 0 0 
1393 10 0 0 0 0 0 0 0 0 0 0 0 
1394 10 0 0 0 0 0 0 0 0 0 0 0 
1395 10 0 0 0 0 0 0 0 0 0 0 0 
1396 10 0 0 0 0 0 0 0 0 0 0 0 
1397 10 0 0 0 0 0 0 0 0 0 0 0 
1398 10 0 0 0 0 0 0 0 0 0 0 0 
1399 10 0 0 0 0 0 0 0 0 0 0 0 
1400 10 0 0 0 0 0 0 0 0 0 0 0 
1401 10 0 0 0 0 0 0 0 0 0 0 0 
1402 10 0 0 0 0 0 0 0 0 0 0 0 
1403 10 0 0 0 0 0 0 0 0 0 0 0 
1404 10 0 0 0 0 0 0 0 0 0 0 0 
1405 10 0 0 0 0 0 0 0 0 0 0 0 
1406 10 0 0 0 0 0 0 0 0 0 0 0 
1407 10 0 0 0 0 0 0 0 0 0 0 0 
1408 10 0 0 0 0 0 0 0 0 0 0 0 
1409 10 0 0 0 0 0 0 0 0 0 0 0 
1410 10 0 0 0 0 0 0 0 0 0 0 0 
1411 10 0 0 0 0 0 0 0 0 0 0 0 
1412 10 0 0 0 0 0 0 0 0 0 0 0 
1413 10 0 0 0 0 0 0 0 0 0 0 0 
1414 10 0 0 0 0 0 0 0 0 0 0 0 
1415 10 0 0 0 0 0 0 0 0 0 0 0 
1416 10 0 0 0 0 0 0 0 0 0 0 0 
1417 10 0 0 0 0 0 0 0 0 0 0 0 
1418 10 0 0 0 0 0 0 0 0 0 0 0 
1419 10 0 0 0 0 0 0 0 0 0 0 0 
1420 10 0 0 0 0 0 0 0 0 0 0 0 
1421 10 0 0 0 0 0 0 0 0 0 0 0 
1422 10 0 0 0 0 0 0 0 0 0 0 0 
1423 10 0 0 0 0 0 0 0 0 0 0 0 
1424 10 0 0 0 0 0 0 0 0 0 0 0 
1425 10 0 0 0 0 0 0 0 0 0 0 0 
1426 10 0 0 0 0 0 0 0 0 0 0 0 
1427 10 0 0 0 0 0 0 0 0 0 0 0 
1428 10 0 0 0 0 0 0 0 0 0 0 0 
1429 10 0 0 0 0 0 0 0 0 0 0 0 
1430 10 0 0 0 0 0 0 0 0 0 0 0 
1431 10 0 0 0 0 0 0 0 0 0 0 0 
1432 10 0 0 0 0 0 0 0 0 0 0 0 
1433 10 0 0 0 0 0 0 0 0 0 0 0 
1434 10 0 0 0 0 0 0 0 0 0 0 0 
1435 10 0 0 0 0 0 0 0 0 0 0 0 
1436 10 0 0 0 0 0 0 0 0 0 0 0 
1437 10 0 0 0 0 0 0 0 0 0 0 0 
1438 10 0 0 0 0 0 0 0 0 0 0 0 
1439 10 0 0 0 0 0 0 0 0 0 0 0 
1440 10 0 0 0 0 0 0 0 0 0 0 0 
1441 10 0 0 0 0 0 0 0 0 0 0 0 
1442 10 0 0 0 0 0 0 0 0 0 0 0 
1443 10 0 0 0 0 0 0 0 0 0 0 0 
1444 10 0 0 0 0 0 0 0 0 0 0 0 
1445 10 0 0 0 0 0 0 0 0 0 0 0 
1446 10 0 0 0 0 0 0 0 0 0 0 0 
1447 10 0 0 0 0 0 0 0 0 0 0 0 
1448 10 0 0 0 0 0 0 0 0 0 0 0 
1449 10 0 0 0 0 0 0 0 0 0 0 0 
1450 10 0 0 0 0 0 0 0 0 0 0 0 
1451 10 0 0 0 0 0 0 0 0 0 0 0 
1452 10 0 0 0 0 0 0 0 0 0 0 0 
1453 10 0 0 0 0 0 0 0 0 0 0 0 
1454 10 0 0 0 0 0 0 0 0 0 0 0 
1455 10 0 0 0 0 0 0 0 0 0 0 0 
1456 10 0 0 0 0 0 0 0 0 0 0 0 
1457 10 0 0 0 0 0 0 0 0 0 0 0 
1458 10 0 0 0 0 0 0 0 0 0 0 0 
1459 10 0 0 0 0 0 0 0 0 0 0 0 
1460 10 0 0 0 0 0 0 0 0 0 0 0 
1461 10 0 0 0 0 0 0 0 0 0 0 0 
1462 10 0 0 0 0 0 0 0 0 0 0 0 
1463 10 0 0 0 0 0 0 0 0 0 0 0 
1464 10 0 0 0 0 0 0 0 0 0 0 0 
1465 10 0 0 0 0 0 0 0 0 0 0 0 
1466 10 0 0 0 0 0 0 0 0 0 0 0 
1467 10 0 0 0 0 0 0 0 0 0 0 0 
1468 10 0 0 0 0 0 0 0 0 0 0 0 
1469 10 0 0 0 0 0 0 0 0 0 0 0 
1470 10 0 0 0 0 0 0 0 0 0 0 0 
1471 10 0 0 0 0 0 0 0 0 0 0 0 
1472 10 0 0 0 0 0 0 0 0 0 0 0 
1473 10 0 0 0 0 0 0 0 0 0 0 0 
1474 10 0 0 0 0 0 0 0 0 0 0 0 
1475 10 0 0 0 0 0 0 0 0 0 0 0 
1476 10 0 0 0 0 0 0 0 0 0 0 0 
1477 10 0 0 0 0 0 0 0 0 0 0 0 
1478 10 0 0 0 0 0 0 0 0 0 0 0 
1479 10 0 0 0 0 0 0 0 0 0 0 0 
1480 10 0 0 0 0 0 0 0 0 0 0 0 
1481 10 0 0 0 0 0 0 0 0 0 0 0 
1482 10 0 0 0 0 0 0 0 0 0 0 0 
1483 10 0 0 0 0 0 0 0 0 0 0 0 
1484 10 0 0 0 0 0 0 0 0 0 0 0 
1485 10 0 0 0 0 0 0 0 0 0 0 0 
1486 10 0 0 0 0 0 0 0 0 0 0 0 
1487 10 0 0 0 0 0 0 0 0 0 0 0 
1488 10 0 0 0 0 0 0 0 0 0 0 0 
1489 10 0 0 0 0 0 0 0 0 0 0 0 
1490 10 0 0 0 0 0 0 0 0 0 0 0 
1491 10 0 0 0 0 0 0 0 0 0 0 0 
1492 10 0 0 0 0 0 0 0 0 0 0 0 
1493 10 0 0 0 0 0 0 0 0 0 0 0 
1494 10 0 0 0 0 0 0 0 0 0 0 0 
1495 10 0 0 0 0 0 0 0 0 0 0 0 
1496 10 0 0 0 0 0 0 0 0 0 0 0 
1497 10 0 0 0 0 0 0 0 0 0 0 0 
1498 10 0 0 0 0 0 0 0 0 0 0 0 
1499 10 0 0 0 0 0 0 0 0 0 0 0 
1500 10 0 0 0 0 0 0 0 0 0 0 0 
1501 10 0 0 0 0 0 0 0 0 0 0 0 
1502 10 0 0 0 0 0 0 0 0 0 0 0 
1503 10 0 0 0 0 0 0 0 0 0 0 0 
1504 10 0 0 0 0 0 0 0 0 0 0 0 
1505 10 0 0 0 0 0 0 0 0 0 0 0 
1506 10 0 0 0 0 0 0 0 0 0 0 0 
1507 10 0 0 0 0 0 0 0 0 0 0 0 
1508 10 0 0 0 0 0 0 0 0 0 0 0 
1509 10 0 0 0 0 0 0 0 0 0 0 0 
1510 10 0 0 0 0 0 0 0 0 0 0 0 
1511 10 0 0 0 0 0 0 0 0 0 0 0 
1512 10 0 0 0 0 0 0 0 0 0 0 0 
1513 10 0 0 0 0 0 0 0 0 0 0 0 
1514 10 0 0 0 0 0 0 0 0 0 0 0 
1515 10 0 0 0 0 0 0 0 0 0 0 0 
1516 10 0 0 0 0 0 0 0 0 0 0 0 
1517 10 0 0 0 0 0 0 0 0 0 0 0 
1518 10 0 0 0 0 0 0 0 0 0 0 0 
1519 10 0 0 0 0 0 0 0 0 0 0 0 
1520 10 0 0 0 0 0 0 0 0 0 0 0 
1521 10 0 0 0 0 0 0 0 0 0 0 0 
1522 10 0 0 0 0 0 0 0 0 0 0 0 
1523 10 0 0 0 0 0 0 0 0 0 0 0 
1524 10 0 0 0 0 0 0 0 0 0 0 0 
1525 10 0 0 0 0 0 0 0 0 0 0 0 
1526 10 0 0 0 0 0 0 0 0 0 0 0 
1527 10 0 0 0 0 0 0 0 0 0 0 0 
1528 10 0 0 0 0 0 0 0 0 0 0 0 
1529 10 0 0 0 0 0 0 0 0 0 0 0 
1530 10 0 0 0 0 0 0 0 0 0 0 0 
1531 10 0 0 0 0 0 0 0 0 0 0 0 
1532 10 0 0 0 0 0 0 0 0 0 0 0 
1533 10 0 0 0 0 0 0 0 0 0 0 0 
1534 10 0 0 0 0 0 0 0 0 0 0 0 
1535 10 0 0 0 0 0 0 0 0 0 0 0 
1536 10 0 0 0 0 0 0 0 0 0 0 0 
1537 10 0 0 0 0 0 0 0 0 0 0 0 
1538 10 0 0 0 0 0 0 0 0 0 0 0 
1539 10 0 0 0 0 0 0 0 0 0 0 0 
1540 10 0 0 0 0 0 0 0 0 0 0 0 
1541 10 0 0 0 0 0 0 0 0 0 0 0 
1542 10 0 0 0 0 0 0 0 0 0 0 0 
1543 10 0 0 0 0 0 0 0 0 0 0 0 
1544 10 0 0 0 0 0 0 0 0 0 0 0 
1545 10 0 0 0 0 0 0 0 0 0 0 0 
1546 10 0 0 0 0 0 0 0 0 0 0 0 
1547 10 0 0 0 0 0 0 0 0 0 0 0 
1548 10 0 0 0 0 0 0 0 0 0 0 0 
1549 10 0 0 0 0 0 0 0 0 0 0 0 
1550 10 0 0 0 0 0 0 0 0 0 0 0 
1551 10 0 0 0 0 0 0 0 0 0 0 0 
1552 10 0 0 0 0 0 0 0 0 0 0 0 
1553 10 0 0 0 0 0 0 0 0 0 0 0 
1554 10 0 0 0 0 0 0 0 0 0 0 0 
1555 10 0 0 0 0 0 0 0 0 0 0 0 
1556 10 0 0 0 0 0 0 0 0 0 0 0 
1557 10 0 0 0 0 0 0 0 0 0 0 0 
1558 10 0 0 0 0 0 0 0 0 0 0 0 
1559 10 3 0 0 0 0 0 0 0 0 0 0 
1560 10 4 0 0 0 0 0 0 0 0 0 0 
1561 10 0 0 0 0 0 0 0 0 0 0 0 
1562 10 0 0 0 0 0 0 0 0 0 0 0 
1563 10 0 0 0 0 0 0 0 0 0 0 0 
1564 10 0 0 0 0 0 0 0 0 0 0 0 
1565 10 0 0 0 0 0 0 0 0 0 0 0 
1566 10 0 0 0 0 0 0 0 0 0 0 0 
1567 10 0 0 0 0 0 0 0 0 0 0 0 
1568 10 0 0 0 0 0 0 0 0 0 0 0 
1569 10 0 0 0 0 0 0 0 0 0 0 0 
1570 10 0 0 0 0 0 0 0 0 0 0 0 
1571 10 0 0 0 0 0 0 0 0 0 0 0 
1572 10 0 0 0 0 0 0 0 0 0 0 0 
1573 10 0 0 0 0 0 0 0 0 0 0 0 
1574 10 0 0 0 0 0 0 0 0 0 0 0 
1575 10 0 0 0 0 0 0 0 0 0 0 0 
1576 10 0 0 0 0 0 0 0 0 0 0 0 
1577 10 0 0 0 0 0 0 0 0 0 0 0 
1578 10 0 0 0 0 0 0 0 0 0 0 0 
1579 10 0 0 0 0 0 0 0 0 0 0 0 
1580 10 0 0 0 0 0 0 0 0 0 0 0 
1581 10 0 0 0 0 0 0 0 0 0 0 0 
1582 10 0 0 0 0 0 0 0 0 0 0 0 
1583 10 0 0 0 0 0 0 0 0 0 0 0 
1584 10 0 0 0 0 0 0 0 0 0 0 0 
1585 10 0 0 0 0 0 0 0 0 0 0 0 
1586 10 0 0 0 0 0 0 0 0 0 0 0 
1587 10 13 0 0 0 0 0 0 0 0 0 0 
1588 10 14 0 0 0 0 0 0 0 0 0 0 
1589 10 15 0 0 0 0 0 0 0 0 0 0 
1590 10 16 0 0 0 0 0 0 0 0 0 0 
1591 10 0 0 0 0 0 0 0 0 0 0 0 
1592 10 0 0 0 0 0 0 0 0 0 0 0 
1593 10 0 0 0 0 0 0 0 0 0 0 0 
1594 10 0 0 0 0 0 0 0 0 0 0 0 
1595 10 0 0 0 0 0 0 0 0 0 0 0 
1596 10 0 0 0 0 0 0 0 0 0 0 0 
1597 10 0 0 0 0 0 0 0 0 0 0 0 
1598 10 0 0 0 0 0 0 0 0 0 0 0 
1599 10 0 0 0 0 0 0 0 0 0 0 0 
1600 10 0 0 0 0 0 0 0 0 0 0 0 
1601 10 0 0 0 0 0 0 0 0 0 0 0 
1602 10 0 0 0 0 0 0 0 0 0 0 0 
1603 10 0 0 0 0 0 0 0 0 0 0 0 
1604 10 0 0 0 0 0 0 0 0 0 0 0 
1605 10 0 0 0 0 0 0 0 0 0 0 0 
1606 10 0 0 0 0 0 0 0 0 0 0 0 
1607 10 0 0 0 0 0 0 0 0 0 0 0 
1608 10 0 0 0 0 0 0 0 0 0 0 0 
1609 10 0 0 0 0 0 0 0 0 0 0 0 
1610 10 0 0 0 0 0 0 0 0 0 0 0 
1611 10 0 0 0 0 0 0 0 0 0 0 0 
1612 10 0 0 0 0 0 0 0 0 0 0 0 
1613 10 0 0 0 0 0 0 0 0 0 0 0 
1614 10 0 0 0 0 0 0 0 0 0 0 0 
1615 10 0 0 0 0 0 0 0 0 0 0 0 
1616 10 0 0 0 0 0 0 0 0 0 0 0 
1617 10 0 0 0 0 0 0 0 0 0 0 0 
1618 10 0 0 0 0 0 0 0 0 0 0 0 
1619 10 0 0 0 0 0 0 0 0 0 0 0 
1620 10 0 0 0 0 0 0 0 0 0 0 0 
1621 10 0 0 0 0 0 0 0 0 0 0 0 
1622 10 0 0 0 0 0 0 0 0 0 0 0 
1623 10 0 0 0 0 0 0 0 0 0 0 0 
1624 10 0 0 0 0 0 0 0 0 0 0 0 
1625 10 0 0 0 0 0 0 0 0 0 0 0 
1626 10 0 0 0 0 0 0 0 0 0 0 0 
1627 10 0 0 0 0 0 0 0 0 0 0 0 
1628 10 0 0 0 0 0 0 0 0 0 0 0 
1629 10 0 0 0 0 0 0 0 0 0 0 0 
1630 10 0 0 0 0 0 0 0 0 0 0 0 
1631 10 19 0 0 0 0 0 0 0 0 0 0 
1632 10 20 0 0 0 0 0 0 0 0 0 0 
1633 10 21 0 0 0 0 0 0 0 0 0 0 
1634 10 22 0 0 0 0 0 0 0 0 0 0 
1635 10 23 0 0 0 0 0 0 0 0 0 0 
1636 10 24 0 0 0 0 0 0 0 0 0 0 
1637 10 25 0 0 0 0 0 0 0 0 0 0 
1638 10 26 0 0 0 0 0 0 0 0 0 0 
1639 10 0 0 0 0 0 0 0 0 0 0 0 
1640 10 0 0 0 0 0 0 0 0 0 0 0 
1641 10 0 0 0 0 0 0 0 0 0 0 0 
1642 10 0 0 0 0 0 0 0 0 0 0 0 
1643 10 0 0 0 0 0 0 0 0 0 0 0 
1644 10 0 0 0 0 0 0 0 0 0 0 0 
1645 10 0 0 0 0 0 0 0 0 0 0 0 
1646 10 0 0 0 0 0 0 0 0 0 0 0 
1647 10 0 0 0 0 0 0 0 0 0 0 0 
1648 10 0 0 0 0 0 0 0 0 0 0 0 
1649 10 0 0 0 0 0 0 0 0 0 0 0 
1650 10 0 0 0 0 0 0 0 0 0 0 0 
1651 10 0 0 0 0 0 0 0 0 0 0 0 
1652 10 0 0 0 0 0 0 0 0 0 0 0 
1653 10 0 0 0 0 0 0 0 0 0 0 0 
1654 10 0 0 0 0 0 0 0 0 0 0 0 
1655 10 0 0 0 0 0 0 0 0 0 0 0 
1656 10 0 0 0 0 0 0 0 0 0 0 0 
1657 10 0 0 0 0 0 0 0 0 0 0 0 
1658 10 0 0 0 0 0 0 0 0 0 0 0 
1659 10 0 0 0 0 0 0 0 0 0 0 0 
1660 10 0 0 0 0 0 0 0 0 0 0 0 
1661 10 0 0 0 0 0 0 0 0 0 0 0 
1662 10 0 0 0 0 0 0 0 0 0 0 0 
1663 10 0 0 0 0 0 0 0 0 0 0 0 
1664 10 0 0 0 0 0 0 0 0 0 0 0 
1665 10 0 0 0 0 0 0 0 0 0 0 0 
1666 10 0 0 0 0 0 0 0 0 0 0 0 
1667 10 0 0 0 0 0 0 0 0 0 0 0 
1668 10 0 0 0 0 0 0 0 0 0 0 0 
1669 10 0 0 0 0 0 0 0 0 0 0 0 
1670 10 0 0 0 0 0 0 0 0 0 0 0 
1671 10 0 0 0 0 0 0 0 0 0 0 0 
1672 10 0 0 0 0 0 0 0 0 0 0 0 
1673 10 0 0 0 0 0 0 0 0 0 0 0 
1674 10 0 0 0 0 0 0 0 0 0 0 0 
1675 10 0 0 0 0 0 0 0 0 0 0 0 
1676 10 0 0 0 0 0 0 0 0 0 0 0 
1677 10 0 0 0 0 0 0 0 0 0 0 0 
1678 10 0 0 0 0 0 0 0 0 0 0 0 
1679 10 0 0 0 0 0 0 0 0 0 0 0 
1680 10 0 0 0 0 0 0 0 0 0 0 0 
1681 10 0 0 0 0 0 0 0 0 0 0 0 
1682 10 0 0 0 0 0 0 0 0 0 0 0 
1683 10 0 0 0 0 0 0 0 0 0 0 0 
1684 10 0 0 0 0 0 0 0 0 0 0 0 
1685 10 0 0 0 0 0 0 0 0 0 0 0 
1686 10 0 0 0 0 0 0 0 0 0 0 0 
1687 10 0 0 0 0 0 0 0 0 0 0 0 
1688 10 0 0 0 0 0 0 0 0 0 0 0 
1689 10 0 0 0 0 0 0 0 0 0 0 0 
1690 10 0 0 0 0 0 0 0 0 0 0 0 
1691 10 0 0 0 0 0 0 0 0 0 0 0 
1692 10 0 0 0 0 0 0 0 0 0 0 0 
1693 10 0 0 0 0 0 0 0 0 0 0 0 
1694 10 0 0 0 0 0 0 0 0 0 0 0 
1695 10 0 0 0 0 0 0 0 0 0 0 0 
1696 10 0 0 0 0 0 0 0 0 0 0 0 
1697 10 0 0 0 0 0 0 0 0 0 0 0 
1698 10 0 0 0 0 0 0 0 0 0 0 0 
1699 10 0 0 0 0 0 0 0 0 0 0 0 
1700 10 0 0 0 0 0 0 0 0 0 0 0 
1701 10 0 0 0 0 0 0 0 0 0 0 0 
1702 10 0 0 0 0 0 0 0 0 0 0 0 
1703 10 0 0 0 0 0 0 0 0 0 0 0 
1704 10 0 0 0 0 0 0 0 0 0 0 0 
1705 10 0 0 0 0 0 0 0 0 0 0 0 
1706 10 0 0 0 0 0 0 0 0 0 0 0 
1707 10 0 0 0 0 0 0 0 0 0 0 0 
1708 10 0 0 0 0 0 0 0 0 0 0 0 
1709 10 0 0 0 0 0 0 0 0 0 0 0 
1710 10 0 0 0 0 0 0 0 0 0 0 0 
1711 10 0 0 0 0 0 0 0 0 0 0 0 
1712 10 0 0 0 0 0 0 0 0 0 0 0 
1713 10 0 0 0 0 0 0 0 0 0 0 0 
1714 10 0 0 0 0 0 0 0 0 0 0 0 
1715 10 0 0 0 0 0 0 0 0 0 0 0 
1716 10 0 0 0 0 0 0 0 0 0 0 0 
1717 10 0 0 0 0 0 0 0 0 0 0 0 
1718 10 0 0 0 0 0 0 0 0 0 0 0 
1719 10 0 0 0 0 0 0 0 0 0 0 0 
1720 10 0 0 0 0 0 0 0 0 0 0 0 
1721 10 0 0 0 0 0 0 0 0 0 0 0 
1722 10 0 0 0 0 0 0 0 0 0 0 0 
1723 10 0 0 0 0 0 0 0 0 0 0 0 
1724 10 0 0 0 0 0 0 0 0 0 0 0 
1725 10 0 0 0 0 0 0 0 0 0 0 0 
1726 10 0 0 0 0 0 0 0 0 0 0 0 
1727 10 0 0 0 0 0 0 0 0 0 0 0 
1728 10 0 0 0 0 0 0 0 0 0 0 0 
1729 10 0 0 0 0 0 0 0 0 0 0 0 
1730 10 0 0 0 0 0 0 0 0 0 0 0 
1731 10 33 0 0 0 0 0 0 0 0 0 0 
1732 10 34 0 0 0 0 0 0 0 0 0 0 
1733 10 0 0 0 0 0 0 0 0 0 0 0 
1734 10 0 0 0 0 0 0 0 0 0 0 0 
1735 10 0 0 0 0 0 0 0 0 0 0 0 
1736 10 0 0 0 0 0 0 0 0 0 0 0 
1737 10 37 0 0 0 0 0 0 0 0 0 0 
1738 10 38 0 0 0 0 0 0 0 0 0 0 
1739 10 0 0 0 0 0 0 0 0 0 0 0 
1740 10 0 0 0 0 0 0 0 0 0 0 0 
1741 10 0 0 0 0 0 0 0 0 0 0 0 
1742 10 0 0 0 0 0 0 0 0 0 0 0 
1743 10 0 0 0 0 0 0 0 0 0 0 0 
1744 10 0 0 0 0 0 0 0 0 0 0 0 
1745 10 0 0 0 0 0 0 0 0 0 0 0 
1746 10 0 0 0 0 0 0 0 0 0 0 0 
1747 10 0 0 0 0 0 0 0 0 0 0 0 
1748 10 0 0 0 0 0 0 0 0 0 0 0 
1749 10 0 0 0 0 0 0 0 0 0 0 0 
1750 10 0 0 0 0 0 0 0 0 0 0 0 
1751 10 0 0 0 0 0 0 0 0 0 0 0 
1752 10 0 0 0 0 0 0 0 0 0 0 0 
1753 10 0 0 0 0 0 0 0 0 0 0 0 
1754 10 0 0 0 0 0 0 0 0 0 0 0 
1755 10 0 0 0 0 0 0 0 0 0 0 0 
1756 10 0 0 0 0 0 0 0 0 0 0 0 
1757 10 0 0 0 0 0 0 0 0 0 0 0 
1758 10 0 0 0 0 0 0 0 0 0 0 0 
1759 10 0 0 0 0 0 0 0 0 0 0 0 
1760 10 0 0 0 0 0 0 0 0 0 0 0 
1761 10 0 0 0 0 0 0 0 0 0 0 0 
1762 10 0 0 0 0 0 0 0 0 0 0 0 
1763 10 0 0 0 0 0 0 0 0 0 0 0 
1764 10 0 0 0 0 0 0 0 0 0 0 0 
1765 10 0 0 0 0 0 0 0 0 0 0 0 
1766 10 0 0 0 0 0 0 0 0 0 0 0 
1767 10 0 0 0 0 0 0 0 0 0 0 0 
1768 10 0 0 0 0 0 0 0 0 0 0 0 
1769 10 0 0 0 0 0 0 0 0 0 0 0 
1770 10 0 0 0 0 0 0 0 0 0 0 0 
1771 10 0 0 0 0 0 0 0 0 0 0 0 
1772 10 0 0 0 0 0 0 0 0 0 0 0 
1773 10 0 0 0 0 0 0 0 0 0 0 0 
1774 10 0 0 0 0 0 0 0 0 0 0 0 
1775 10 0 0 0 0 0 0 0 0 0 0 0 
1776 10 0 0 0 0 0 0 0 0 0 0 0 
1777 10 0 0 0 0 0 0 0 0 0 0 0 
1778 10 0 0 0 0 0 0 0 0 0 0 0 
1779 10 0 0 0 0 0 0 0 0 0 0 0 
1780 10 0 0 0 0 0 0 0 0 0 0 0 
1781 10 0 0 0 0 0 0 0 0 0 0 0 
1782 10 0 0 0 0 0 0 0 0 0 0 0 
1783 10 0 0 0 0 0 0 0 0 0 0 0 
1784 10 0 0 0 0 0 0 0 0 0 0 0 
1785 10 0 0 0 0 0 0 0 0 0 0 0 
1786 10 0 0 0 0 0 0 0 0 0 0 0 
1787 10 0 0 0 0 0 0 0 0 0 0 0 
1788 10 0 0 0 0 0 0 0 0 0 0 0 
1789 10 0 0 0 0 0 0 0 0 0 0 0 
1790 10 0 0 0 0 0 0 0 0 0 0 0 
1791 10 0 0 0 0 0 0 0 0 0 0 0 
1792 10 0 0 0 0 0 0 0 0 0 0 0 
1793 10 0 0 0 0 0 0 0 0 0 0 0 
1794 10 0 0 0 0 0 0 0 0 0 0 0 
1795 10 0 0 0 0 0 0 0 0 0 0 0 
1796 10 0 0 0 0 0 0 0 0 0 0 0 
1797 10 0 0 0 0 0 0 0 0 0 0 0 
1798 10 0 0 0 0 0 0 0 0 0 0 0 
1799 10 0 0 0 0 0 0 0 0 0 0 0 
1800 10 0 0 0 0 0 0 0 0 0 0 0 
1801 10 0 0 0 0 0 0 0 0 0 0 0 
1802 10 0 0 0 0 0 0 0 0 0 0 0 
1803 10 0 0 0 0 0 0 0 0 0 0 0 
1804 10 0 0 0 0 0 0 0 0 0 0 0 
1805 10 0 0 0 0 0 0 0 0 0 0 0 
1806 10 0 0 0 0 0 0 0 0 0 0 0 
1807 10 0 0 0 0 0 0 0 0 0 0 0 
1808 10 0 0 0 0 0 0 0 0 0 0 0 
1809 10 0 0 0 0 0 0 0 0 0 0 0 
1810 10 0 0 0 0 0 0 0 0 0 0 0 
1811 10 0 0 0 0 0 0 0 0 0 0 0 
1812 10 0 0 0 0 0 0 0 0 0 0 0 
1813 10 0 0 0 0 0 0 0 0 0 0 0 
1814 10 0 0 0 0 0 0 0 0 0 0 0 
1815 10 0 0 0 0 0 0 0 0 0 0 0 
1816 10 0 0 0 0 0 0 0 0 0 0 0 
1817 10 0 0 0 0 0 0 0 0 0 0 0 
1818 10 0 0 0 0 0 0 0 0 0 0 0 
1819 10 0 0 0 0 0 0 0 0 0 0 0 
1820 10 0 0 0 0 0 0 0 0 0 0 0 
1821 10 0 0 0 0 0 0 0 0 0 0 0 
1822 10 0 0 0 0 0 0 0 0 0 0 0 
1823 10 0 0 0 0 0 0 0 0 0 0 0 
1824 10 0 0 0 0 0 0 0 0 0 0 0 
1825 10 0 0 0 0 0 0 0 0 0 0 0 
1826 10 0 0 0 0 0 0 0 0 0 0 0 
1827 10 0 0 0 0 0 0 0 0 0 0 0 
1828 10 0 0 0 0 0 0 0 0 0 0 0 
1829 10 0 0 0 0 0 0 0 0 0 0 0 
1830 10 0 0 0 0 0 0 0 0 0 0 0 
1831 10 0 0 0 0 0 0 0 0 0 0 0 
1832 10 0 0 0 0 0 0 0 0 0 0 0 
1833 10 0 0 0 0 0 0 0 0 0 0 0 
1834 10 0 0 0 0 0 0 0 0 0 0 0 
1835 10 0 0 0 0 0 0 0 0 0 0 0 
1836 10 0 0 0 0 0 0 0 0 0 0 0 
1837 10 0 0 0 0 0 0 0 0 0 0 0 
1838 10 0 0 0 0 0 0 0 0 0 0 0 
1839 10 0 0 0 0 0 0 0 0 0 0 0 
1840 10 0 0 0 0 0 0 0 0 0 0 0 
1841 10 0 0 0 0 0 0 0 0 0 0 0 
1842 10 0 0 0 0 0 0 0 0 0 0 0 
1843 10 0 0 0 0 0 0 0 0 0 0 0 
1844 10 0 0 0 0 0 0 0 0 0 0 0 
1845 10 0 0 0 0 0 0 0 0 0 0 0 
1846 10 0 0 0 0 0 0 0 0 0 0 0 
1847 10 0 0 0 0 0 0 0 0 0 0 0 
1848 10 0 0 0 0 0 0 0 0 0 0 0 
1849 10 0 0 0 0 0 0 0 0 0 0 0 
1850 10 0 0 0 0 0 0 0 0 0 0 0 
1851 10 0 0 0 0 0 0 0 0 0 0 0 
1852 10 0 0 0 0 0 0 0 0 0 0 0 
1853 10 0 0 0 0 0 0 0 0 0 0 0 
1854 10 0 0 0 0 0 0 0 0 0 0 0 
1855 10 0 0 0 0 0 0 0 0 0 0 0 
1856 10 0 0 0 0 0 0 0 0 0 0 0 
1857 10 0 0 0 0 0 0 0 0 0 0 0 
1858 10 0 0 0 0 0 0 0 0 0 0 0 
1859 10 0 0 0 0 0 0 0 0 0 0 0 
1860 10 0 0 0 0 0 0 0 0 0 0 0 
1861 10 0 0 0 0 0 0 0 0 0 0 0 
1862 10 0 0 0 0 0 0 0 0 0 0 0 
1863 10 0 0 0 0 0 0 0 0 0 0 0 
1864 10 0 0 0 0 0 0 0 0 0 0 0 
1865 10 0 0 0 0 0 0 0 0 0 0 0 
1866 10 0 0 0 0 0 0 0 0 0 0 0 
1867 10 0 0 0 0 0 0 0 0 0 0 0 
1868 10 0 0 0 0 0 0 0 0 0 0 0 
1869 10 0 0 0 0 0 0 0 0 0 0 0 
1870 10 0 0 0 0 0 0 0 0 0 0 0 
1871 10 0 0 0 0 0 0 0 0 0 0 0 
1872 10 0 0 0 0 0 0 0 0 0 0 0 
1873 10 0 0 0 0 0 0 0 0 0 0 0 
1874 10 0 0 0 0 0 0 0 0 0 0 0 
1875 10 0 0 0 0 0 0 0 0 0 0 0 
1876 10 0 0 0 0 0 0 0 0 0 0 0 
1877 10 0 0 0 0 0 0 0 0 0 0 0 
1878 10 0 0 0 0 0 0 0 0 0 0 0 
1879 10 0 0 0 0 0 0 0 0 0 0 0 
1880 10 0 0 0 0 0 0 0 0 0 0 0 
1881 10 0 0 0 0 0 0 0 0 0 0 0 
1882 10 0 0 0 0 0 0 0 0 0 0 0 
1883 10 0 0 0 0 0 0 0 0 0 0 0 
1884 10 0 0 0 0 0 0 0 0 0 0 0 
1885 10 0 0 0 0 0 0 0 0 0 0 0 
1886 10 0 0 0 0 0 0 0 0 0 0 0 
1887 10 0 0 0 0 0 0 0 0 0 0 0 
1888 10 0 0 0 0 0 0 0 0 0 0 0 
1889 10 0 0 0 0 0 0 0 0 0 0 0 
1890 10 0 0 0 0 0 0 0 0 0 0 0 
1891 10 0 0 0 0 0 0 0 0 0 0 0 
1892 10 0 0 0 0 0 0 0 0 0 0 0 
1893 10 0 0 0 0 0 0 0 0 0 0 0 
1894 10 0 0 0 0 0 0 0 0 0 0 0 
1895 10 0 0 0 0 0 0 0 0 0 0 0 
1896 10 0 0 0 0 0 0 0 0 0 0 0 
1897 10 0 0 0 0 0 0 0 0 0 0 0 
1898 10 0 0 0 0 0 0 0 0 0 0 0 
1899 10 0 0 0 0 0 0 0 0 0 0 0 
1900 10 0 0 0 0 0 0 0 0 0 0 0 
1901 10 0 0 0 0 0 0 0 0 0 0 0 
1902 10 0 0 0 0 0 0 0 0 0 0 0 
1903 10 0 0 0 0 0 0 0 0 0 0 0 
1904 10 0 0 0 0 0 0 0 0 0 0 0 
1905 10 0 0 0 0 0 0 0 0 0 0 0 
1906 10 0 0 0 0 0 0 0 0 0 0 0 
1907 10 0 0 0 0 0 0 0 0 0 0 0 
1908 10 0 0 0 0 0 0 0 0 0 0 0 
1909 10 0 0 0 0 0 0 0 0 0 0 0 
1910 10 0 0 0 0 0 0 0 0 0 0 0 
1911 10 0 0 0 0 0 0 0 0 0 0 0 
1912 10 0 0 0 0 0 0 0 0 0 0 0 
1913 10 0 0 0 0 0 0 0 0 0 0 0 
1914 10 0 0 0 0 0 0 0 0 0 0 0 
1915 10 0 0 0 0 0 0 0 0 0 0 0 
1916 10 0 0 0 0 0 0 0 0 0 0 0 
1917 10 0 0 0 0 0 0 0 0 0 0 0 
1918 10 0 0 0 0 0 0 0 0 0 0 0 
1919 10 0 0 0 0 0 0 0 0 0 0 0 
1920 10 0 0 0 0 0 0 0 0 0 0 0 
1921 10 0 0 0 0 0 0 0 0 0 0 0 
1922 10 0 0 0 0 0 0 0 0 0 0 0 
1923 10 0 0 0 0 0 0 0 0 0 0 0 
1924 10 0 0 0 0 0 0 0 0 0 0 0 
1925 10 0 0 0 0 0 0 0 0 0 0 0 
1926 10 0 0 0 0 0 0 0 0 0 0 0 
1927 10 0 0 0 0 0 0 0 0 0 0 0 
1928 10 0 0 0 0 0 0 0 0 0 0 0 
1929 10 0 0 0 0 0 0 0 0 0 0 0 
1930 10 0 0 0 0 0 0 0 0 0 0 0 
1931 10 0 0 0 0 0 0 0 0 0 0 0 
1932 10 0 0 0 0 0 0 0 0 0 0 0 
1933 10 0 0 0 0 0 0 0 0 0 0 0 
1934 10 0 0 0 0 0 0 0 0 0 0 0 
1935 10 0 0 0 0 0 0 0 0 0 0 0 
1936 10 0 0 0 0 0 0 0 0 0 0 0 
1937 10 0 0 0 0 0 0 0 0 0 0 0 
1938 10 0 0 0 0 0 0 0 0 0 0 0 
1939 10 0 0 0 0 0 0 0 0 0 0 0 
1940 10 0 0 0 0 0 0 0 0 0 0 0 
1941 10 0 0 0 0 0 0 0 0 0 0 0 
1942 10 0 0 0 0 0 0 0 0 0 0 0 
1943 10 0 0 0 0 0 0 0 0 0 0 0 
1944 10 0 0 0 0 0 0 0 0 0 0 0 
1945 10 0 0 0 0 0 0 0 0 0 0 0 
1946 10 0 0 0 0 0 0 0 0 0 0 0 
1947 10 0 0 0 0 0 0 0 0 0 0 0 
1948 10 0 0 0 0 0 0 0 0 0 0 0 
1949 10 0 0 0 0 0 0 0 0 0 0 0 
1950 10 0 0 0 0 0 0 0 0 0 0 0 
1951 10 0 0 0 0 0 0 0 0 0 0 0 
1952 10 0 0 0 0 0 0 0 0 0 0 0 
1953 10 0 0 0 0 0 0 0 0 0 0 0 
1954 10 0 0 0 0 0 0 0 0 0 0 0 
1955 10 0 0 0 0 0 0 0 0 0 0 0 
1956 10 0 0 0 0 0 0 0 0 0 0 0 
1957 10 0 0 0 0 0 0 0 0 0 0 0 
1958 10 0 0 0 0 0 0 0 0 0 0 0 
1959 10 0 0 0 0 0 0 0 0 0 0 0 
1960 10 0 0 0 0 0 0 0 0 0 0 0 
1961 10 0 0 0 0 0 0 0 0 0 0 0 
1962 10 0 0 0 0 0 0 0 0 0 0 0 
1963 10 0 0 0 0 0 0 0 0 0 0 0 
1964 10 0 0 0 0 0 0 0 0 0 0 0 
1965 10 0 0 0 0 0 0 0 0 0 0 0 
1966 10 0 0 0 0 0 0 0 0 0 0 0 
1967 10 0 0 0 0 0 0 0 0 0 0 0 
1968 10 0 0 0 0 0 0 0 0 0 0 0 
1969 10 0 0 0 0 0 0 0 0 0 0 0 
1970 10 0 0 0 0 0 0 0 0 0 0 0 
1971 10 0 0 0 0 0 0 0 0 0 0 0 
1972 10 0 0 0 0 0 0 0 0 0 0 0 
1973 10 0 0 0 0 0 0 0 0 0 0 0 
1974 10 0 0 0 0 0 0 0 0 0 0 0 
1975 10 0 0 0 0 0 0 0 0 0 0 0 
1976 10 0 0 0 0 0 0 0 0 0 0 0 
1977 10 0 0 0 0 0 0 0 0 0 0 0 
1978 10 0 0 0 0 0 0 0 0 0 0 0 
1979 10 0 0 0 0 0 0 0 0 0 0 0 
1980 10 0 0 0 0 0 0 0 0 0 0 0 
1981 10 0 0 0 0 0 0 0 0 0 0 0 
1982 10 0 0 0 0 0 0 0 0 0 0 0 
1983 10 0 0 0 0 0 0 0 0 0 0 0 
1984 10 0 0 0 0 0 0 0 0 0 0 0 
1985 10 0 0 0 0 0 0 0 0 0 0 0 
1986 10 0 0 0 0 0 0 0 0 0 0 0 
1987 10 0 0 0 0 0 0 0 0 0 0 0 
1988 10 0 0 0 0 0 0 0 0 0 0 0 
1989 10 0 0 0 0 0 0 0 0 0 0 0 
1990 10 0 0 0 0 0 0 0 0 0 0 0 
1991 10 0 0 0 0 0 0 0 0 0 0 0 
1992 10 0 0 0 0 0 0 0 0 0 0 0 
1993 10 0 0 0 0 0 0 0 0 0 0 0 
1994 10 0 0 0 0 0 0 0 0 0 0 0 
1995 10 0 0 0 0 0 0 0 0 0 0 0 
1996 10 0 0 0 0 0 0 0 0 0 0 0 
1997 10 0 0 0 0 0 0 0 0 0 0 0 
1998 10 0 0 0 0 0 0 0 0 0 0 0 
1999 10 0 0 0 0 0 0 0 0 0 0 0 
2000 10 0 0 0 0 0 0 0 0 0 0 0 
2001 10 0 0 0 0 0 0 0 0 0 0 0 
2002 10 0 0 0 0 0 0 0 0 0 0 0 
2003 10 0 0 0 0 0 0 0 0 0 0 0 
2004 10 0 0 0 0 0 0 0 0 0 0 0 
2005 10 0 0 0 0 0 0 0 0 0 0 0 
2006 10 0 0 0 0 0 0 0 0 0 0 0 
2007 10 0 0 0 0 0 0 0 0 0 0 0 
2008 10 0 0 0 0 0 0 0 0 0 0 0 
2009 10 0 0 0 0 0 0 0 0 0 0 0 
2010 10 0 0 0 0 0 0 0 0 0 0 0 
2011 10 0 0 0 0 0 0 0 0 0 0 0 
2012 10 0 0 0 0 0 0 0 0 0 0 0 
2013 10 0 0 0 0 0 0 0 0 0 0 0 
2014 10 0 0 0 0 0 0 0 0 0 0 0 
2015 10 0 0 0 0 0 0 0 0 0 0 0 
2016 10 0 0 0 0 0 0 0 0 0 0 0 
2017 10 0 0 0 0 0 0 0 0 0 0 0 
2018 10 0 0 0 0 0 0 0 0 0 0 0 
2019 10 0 0 0 0 0 0 0 0 0 0 0 
2020 10 0 0 0 0 0 0 0 0 0 0 0 
2021 10 0 0 0 0 0 0 0 0 0 0 0 
2022 10 0 0 0 0 0 0 0 0 0 0 0 
2023 10 0 0 0 0 0 0 0 0 0 0 0 
2024 10 0 0 0 0 0 0 0 0 0 0 0 
2025 10 0 0 0 0 0 0 0 0 0 0 0 
2026 10 0 0 0 0 0 0 0 0 0 0 0 
2027 10 0 0 0 0 0 0 0 0 0 0 0 
2028 10 0 0 0 0 0 0 0 0 0 0 0 
2029 10 0 0 0 0 0 0 0 0 0 0 0 
2030 10 0 0 0 0 0 0 0 0 0 0 0 
2031 10 0 0 0 0 0 0 0 0 0 0 0 
2032 10 0 0 0 0 0 0 0 0 0 0 0 
2033 10 0 0 0 0 0 0 0 0 0 0 0 
2034 10 0 0 0 0 0 0 0 0 0 0 0 
2035 10 0 0 0 0 0 0 0 0 0 0 0 
2036 10 0 0 0 0 0 0 0 0 0 0 0 
2037 10 0 0 0 0 0 0 0 0 0 0 0 
2038 10 0 0 0 0 0 0 0 0 0 0 0 
2039 10 0 0 0 0 0 0 0 0 0 0 0 
2040 10 0 0 0 0 0 0 0 0 0 0 0 
2041 10 0 0 0 0 0 0 0 0 0 0 0 
2042 10 0 0 0 0 0 0 0 0 0 0 0 
2043 10 0 0 0 0 0 0 0 0 0 0 0 
2044 10 0 0 0 0 0 0 0 0 0 0 0 
2045 10 0 0 0 0 0 0 0 0 0 0 0 
2046 10 0 0 0 0 0 0 0 0 0 0 0 

0 4 1 1 pack_1 0.010083 16 -1 33 114 4 33 96 -6 33 114 -1 28 288 -1 28 282 14 33 96 -16 33 138 14 28 96 -11 33 114 14 28 252 9 28 96 -16 33 144 -16 33 126 19 28 96 -6 28 114 -16 28 138 
1 4 1 1 pack_1 0.00788436 1 -1 33 282 
2 4 1 1 pack_1 0.0740741 2 -11 -57 360 39 -57 168 
3 4 1 1 pack_1 1 1 34 -57 360 
4 4 1 1 pack_1 0.966443 24 9 -57 192 -11 -27 360 -11 -32 360 29 -57 138 19 -57 192 -26 -17 30 -31 -17 216 -16 -17 192 -11 -12 360 4 -22 168 29 -57 360 -1 -57 174 9 -57 168 -1 -17 174 -6 -22 174 -6 -57 360 24 -47 36 9 -17 336 14 -57 198 14 -17 144 19 -22 138 14 -22 138 14 -22 144 24 -57 192 
5 4 1 1 pack_1 0.375 1 -1 -17 360 
6 4 1 1 pack_1 0.130435 1 4 -57 240 
7 4 1 1 pack_1 0.0441176 3 39 18 30 4 33 300 39 -57 30 
8 4 1 1 pack_1 0.929577 11 -6 43 96 -6 33 96 -6 33 288 -11 38 96 -6 33 282 -11 33 300 -11 33 288 -11 33 96 -11 33 282 -11 28 288 -31 28 174 
9 4 1 1 pack_1 0.545455 1 34 -37 30 
10 4 1 1 pack_1 0.255319 2 -6 38 300 -1 43 96 
11 4 1 1 pack_1 0.48 10 19 18 240 29 -37 30 29 -42 30 24 -42 36 14 -52 282 34 -52 252 4 28 114 24 -52 282 19 -2 360 24 23 252 
12 4 1 1 pack_1 0.935065 12 29 -57 96 -6 28 96 24 -17 318 -21 28 138 -1 -52 96 29 23 240 29 28 240 -16 28 300 -11 -12 174 19 28 282 4 -12 336 -6 -12 360 
13 4 1 1 pack_1 0.983444 99 4 43 96 -16 28 288 9 43 96 -21 28 288 -6 23 300 9 23 300 4 23 288 -16 23 288 14 38 96 19 38 96 -1 23 96 -31 33 174 34 23 96 -26 33 126 4 23 126 -11 43 114 19 28 114 -16 23 96 -6 23 282 -21 38 126 -6 43 114 14 18 300 -26 38 144 4 23 96 -16 18 288 -21 18 288 39 18 240 24 23 282 -1 18 96 -21 18 300 19 18 288 -31 28 144 34 33 30 19 23 114 34 13 216 -26 33 138 34 28 30 9 23 96 -11 18 96 -21 28 318 -1 18 282 4 23 114 14 23 282 34 18 30 -16 43 138 24 18 282 -1 23 114 34 13 30 -11 38 126 9 18 96 -21 23 114 -26 23 126 -21 28 126 34 18 240 34 8 30 -1 13 96 39 18 36 -26 28 138 -6 13 96 -26 28 174 -6 13 282 -26 28 144 -31 23 168 -21 33 138 -26 23 174 -16 23 114 -16 38 138 14 33 252 4 28 252 -31 18 144 -1 33 138 29 13 216 24 18 96 -21 18 114 -26 18 126 34 13 240 -21 28 336 -6 18 114 29 33 36 19 18 96 -11 8 96 24 28 216 9 28 240 -26 28 168 -26 13 126 -26 18 138 24 13 252 -11 18 318 29 13 30 9 23 240 24 18 216 29 13 240 -11 13 114 -11 23 138 -16 23 138 -26 18 168 -21 28 168 29 23 36 19 13 240 
14 4 1 1 pack_1 0.230769 1 29 13 36 
15 4 1 1 pack_1 1 5 14 -12 336 19 -12 138 -6 -32 96 4 -12 168 9 -32 96 
16 4 1 1 pack_1 0.98008 41 19 -17 144 9 -37 96 4 -37 282 -6 -32 114 -11 -12 192 19 -37 252 -1 -47 96 29 -32 36 -16 -32 96 -11 -42 114 -11 -42 96 -6 -52 96 -16 -37 126 9 -52 96 -11 -47 96 -21 -37 114 -26 -17 216 -11 -52 96 24 -52 252 -6 -52 114 19 -52 252 14 -57 96 -16 -52 96 -1 -52 114 -16 -47 126 29 -52 36 19 -57 96 24 -57 252 -21 -47 114 -16 -57 96 29 -57 240 19 -57 282 -1 -57 114 29 -57 36 34 -57 36 -26 -52 114 -21 -57 114 -16 -57 282 9 -52 240 -26 -57 114 -26 -52 126 
17 4 1 1 pack_1 0.375 7 -31 18 126 9 -57 252 14 18 114 -16 -42 126 24 -12 318 34 28 252 19 33 282 
18 4 1 1 pack_1 0.164384 10 4 18 126 -11 18 144 -6 18 138 19 18 114 14 33 174 24 18 114 -11 48 216 -6 48 216 -26 13 168 24 -7 336 
19 4 1 1 pack_1 0.932886 1112 34 -57 126 29 -37 126 34 -37 126 29 -47 114 34 -42 126 29 -57 114 29 -32 126 29 -32 300 29 3 318 34 -27 126 39 -57 126 29 -22 126 34 -47 114 39 -37 126 39 -47 126 4 8 252 9 8 252 -36 -22 36 34 -52 192 -11 8 282 -16 8 282 29 -42 288 29 3 252 19 8 282 -26 -37 96 24 8 252 39 -52 96 39 -42 96 29 -27 288 34 -47 192 39 -47 300 19 3 282 -31 -37 282 -6 8 300 -36 -22 198 34 3 126 39 -57 114 -41 -22 216 39 -27 96 34 -52 288 34 -42 288 34 8 252 44 -52 174 -36 -57 288 34 -37 288 -21 3 240 34 3 216 34 -37 192 -41 -27 240 39 -22 96 -31 -42 96 -31 -47 96 44 -52 126 39 -27 300 44 -37 360 -6 3 282 34 -32 198 -36 -37 114 44 -57 216 44 -42 168 44 -47 174 34 -22 282 -36 -32 114 -36 -57 192 39 -37 114 34 -17 96 39 3 252 44 -42 126 24 -2 282 -41 -47 36 -26 8 318 -1 8 318 -41 -47 252 39 -57 282 14 -2 288 34 8 216 39 -2 318 49 -37 336 -31 -22 96 49 -52 144 34 -22 198 34 -7 318 39 -52 288 -41 -37 252 44 -32 126 39 -52 30 19 -2 144 -31 -17 288 -36 -27 300 24 -17 288 -41 -22 300 -41 -42 126 -36 -32 300 -36 -17 288 44 -57 288 44 -57 114 44 -57 282 -41 -37 126 29 -12 300 44 -52 30 39 -17 96 -16 -2 282 49 -52 240 49 -57 198 34 -2 216 49 -52 138 34 -2 300 -36 -52 282 44 -37 174 49 -57 360 44 -27 126 39 -27 114 54 -57 318 -1 13 288 54 -57 168 34 -7 252 54 -57 96 24 3 126 -36 -37 282 44 -32 240 54 -57 198 39 -17 126 34 -12 96 -46 -47 138 49 -57 174 49 -47 36 39 8 240 -46 -47 318 54 -52 30 44 -32 300 39 -37 30 39 3 336 39 -47 282 39 -42 192 59 -57 114 29 -2 96 -41 -47 114 -46 -52 138 44 -52 114 9 13 282 59 -57 96 39 -37 36 -36 -32 282 39 -42 36 49 -52 96 39 -2 252 14 3 144 -41 -37 114 44 -42 30 -41 -52 114 59 -57 126 -11 -7 282 39 8 252 54 -52 318 29 -7 144 44 -47 96 -46 -37 144 49 -47 216 54 -52 192 29 -7 138 19 13 288 39 -2 300 54 -52 114 54 -52 126 59 -47 240 49 -37 318 59 -47 36 -36 -52 96 54 -52 336 59 -52 318 -46 -32 144 14 3 96 34 -12 138 29 -7 126 59 -47 216 59 -52 114 54 -52 138 -41 -37 30 49 -32 144 -36 -47 360 -1 -2 96 -46 -32 240 9 3 96 54 -47 168 49 -42 216 59 -47 282 54 -47 288 49 -47 288 -41 -47 198 44 -37 96 39 -7 252 59 -47 168 -26 -42 360 54 -47 318 59 -42 240 19 -2 138 14 -12 288 -41 -47 360 -16 13 300 -36 -37 96 9 -2 96 44 -42 288 49 -42 168 49 -47 126 54 -42 252 49 -37 30 34 -7 144 59 -47 318 34 -12 282 -21 -2 288 -46 -27 144 39 -2 126 54 -47 198 54 -47 114 -46 -32 318 -41 -42 282 44 -27 36 59 -47 126 59 -42 282 44 -42 114 -41 -52 192 49 -42 252 -36 -52 360 34 3 114 39 -22 282 -46 -47 174 39 -22 192 39 -27 30 49 -42 300 -36 -32 96 49 -42 114 49 -22 240 -41 -47 336 -41 -57 96 -46 -47 96 54 -37 36 -51 -52 168 49 -37 288 24 -2 126 54 -37 288 -46 -42 174 59 -42 114 49 -37 282 59 -42 144 -6 -12 288 -41 -57 288 9 -12 288 -31 8 318 59 -42 126 -1 8 96 -46 -52 96 -26 -12 96 -36 -17 282 -41 -22 30 54 -42 126 49 -37 252 59 -42 192 -46 -22 138 -46 -52 336 39 -22 216 39 3 114 54 -42 144 49 -32 216 -51 -42 360 -6 -2 300 59 -37 168 -56 -47 168 44 -2 318 34 -12 126 39 -17 30 39 -17 114 -51 -42 282 54 -37 168 44 -32 198 -56 -52 168 59 -37 318 39 -17 282 39 -22 36 54 -32 216 -51 -47 114 -46 -42 126 -51 -47 96 -26 -12 288 59 -37 114 44 -27 96 54 -37 318 -41 -52 168 19 -2 114 59 -32 36 -46 -57 300 39 8 216 54 -37 138 44 -17 240 14 8 96 49 -27 36 -56 -42 360 -51 -52 96 39 -12 288 49 -32 96 -46 -37 174 -46 -32 288 59 -37 126 34 -12 198 -51 -52 192 -11 -2 96 54 -32 300 54 -37 126 49 -37 192 -51 -47 336 -51 -52 282 59 -32 114 -51 -37 288 -46 -42 30 -41 -22 198 59 -27 240 59 -27 300 -56 -47 360 -41 -32 192 -56 -47 96 -41 -42 168 54 -27 300 -51 -57 288 54 -37 360 -51 -57 360 44 -7 318 49 -37 126 54 -32 138 49 -32 114 -41 -37 168 49 -17 138 -51 -57 174 -51 -52 198 39 -2 144 -56 -42 174 -51 -52 144 59 -27 168 -51 -52 126 -36 -22 96 44 -22 96 -56 -52 96 -16 -7 96 -46 -32 114 -51 -42 192 34 -17 216 59 -27 216 34 -2 114 44 -17 30 -56 -37 114 -56 -47 192 -41 -22 282 -51 -32 288 -51 -57 192 -56 -42 300 59 -22 300 -46 -27 288 -56 -47 318 -16 -2 96 39 -12 126 59 -22 318 -51 -57 114 39 -2 114 -56 -47 144 -46 -37 30 59 -27 36 -51 -37 300 -46 -57 30 -51 -57 126 49 -27 96 -51 -47 30 44 -12 36 -56 -37 174 -56 -42 252 44 -17 126 44 -22 288 39 -12 300 -51 -32 96 54 -27 138 59 -27 96 -41 -37 336 -46 -27 174 -51 -42 216 -56 -32 96 -51 -52 138 -41 -27 174 49 -22 282 -41 -27 360 59 -27 126 49 -22 300 -51 -37 252 -26 -37 360 -46 -37 36 -56 -52 318 -51 -32 174 54 -27 126 54 -32 144 -56 -47 30 -51 -32 318 49 -22 36 -51 -47 240 -51 -42 36 -46 -22 96 -41 -32 138 -51 -37 30 -46 -22 288 -46 -22 282 59 -22 138 -21 3 252 34 -22 30 49 -17 300 54 -22 318 59 -22 360 -56 -57 96 59 -32 174 -51 -22 288 -46 -57 36 -56 -27 282 -56 -42 240 59 -17 336 -36 -12 96 -31 -7 282 59 -32 192 -46 -22 198 -51 -37 144 54 -22 252 -51 -27 96 -51 -22 96 -56 -37 144 -56 -37 336 54 -22 216 -46 -17 96 -51 -52 36 29 -2 114 -56 -27 96 -51 -27 174 39 -12 216 44 -17 96 -56 -57 174 -56 -57 282 39 -7 36 -41 -12 282 54 -22 126 54 -22 288 59 -22 114 54 -12 300 49 -22 126 34 -2 288 34 -7 288 39 -7 138 -41 -12 96 44 3 252 -31 -12 114 49 -22 96 39 -7 288 -51 -32 138 -31 3 252 -56 -32 126 -46 -22 300 -46 -27 114 44 -22 192 -51 -32 144 59 -22 36 -51 -37 240 39 -2 288 54 -22 360 -51 -27 198 59 -17 240 39 -12 114 -56 -37 240 54 -27 174 -16 13 318 24 43 168 -41 -12 288 -46 -22 126 -26 13 318 -51 -17 282 54 -27 144 49 -17 288 54 -12 318 -56 -32 138 54 -22 144 44 -7 240 -56 -52 240 -51 -22 360 49 -12 318 -51 -32 252 -51 -22 126 34 3 288 -46 -27 30 -41 -17 192 59 -17 126 -56 -22 300 -56 -27 174 9 -7 300 -31 -12 96 -51 -12 282 -41 -27 138 -41 -7 288 -36 -12 300 44 -7 252 -56 -22 360 29 3 96 -26 -2 288 49 -12 288 49 -17 96 34 3 282 54 -17 96 -56 -17 282 49 -12 126 -46 -7 96 44 -12 114 -56 -22 336 -51 -22 336 59 -2 300 54 -12 126 54 -22 198 -51 -17 114 -41 -2 282 59 -12 126 -26 18 300 -56 -22 126 44 -7 36 -56 -12 288 54 43 300 59 -17 30 59 -17 96 -46 -27 36 -51 -7 282 -36 -27 360 54 -22 174 -36 -47 168 49 43 300 49 43 288 4 38 318 -51 -17 252 -16 8 114 -56 -57 240 54 -7 138 -41 3 282 54 38 318 59 -17 198 -56 -22 174 39 -12 192 -51 -7 96 49 38 300 -51 -12 300 49 -2 318 54 33 318 59 8 318 24 43 192 59 -7 126 44 -12 96 -51 -12 198 -46 -2 252 49 -17 30 59 43 300 -51 -22 240 29 38 300 49 -17 360 -51 -22 30 -46 -12 318 54 -2 318 49 -12 240 -36 -22 360 44 -12 138 -51 -17 138 44 -17 192 -51 -2 288 59 8 300 -56 -17 36 24 38 300 49 -7 138 54 -12 360 59 -12 36 59 3 168 -36 -17 360 -51 -22 144 49 -2 126 19 43 288 -56 -12 198 29 33 300 -56 -17 336 49 38 318 9 -12 300 29 38 288 -56 -22 216 -26 -7 288 -56 -17 252 54 38 336 19 48 282 39 38 300 59 48 300 -56 -12 36 -51 -7 252 59 3 288 -51 -22 36 24 38 288 59 38 336 54 58 300 29 -2 198 29 43 192 49 -7 336 59 38 300 54 -7 114 -56 -7 96 54 -12 36 24 43 300 29 43 288 49 -2 288 49 8 300 54 -17 192 -51 -12 138 59 -12 96 44 43 282 49 -12 216 39 48 282 59 -7 216 44 33 288 19 53 288 59 -7 360 -56 -2 96 -36 8 96 24 53 300 -1 -2 114 44 38 114 34 18 96 49 -12 36 29 53 282 -41 8 288 54 3 144 -46 -12 126 -56 -12 240 -56 -7 168 -56 -12 138 34 48 282 24 48 300 59 13 126 59 8 126 49 38 138 54 18 318 54 -7 240 44 -2 360 -51 3 96 -46 18 252 4 33 336 -41 13 282 14 53 288 44 -2 216 44 48 168 -56 3 288 49 -2 114 59 53 288 54 43 282 -51 8 288 -56 -7 360 49 48 336 54 -2 114 59 -7 96 24 58 300 44 43 114 49 38 114 -46 -2 168 -56 -12 30 44 -7 174 -56 -2 282 49 48 126 44 33 114 59 -7 192 -36 8 282 -11 -7 300 -56 -7 300 59 -2 360 -51 -7 174 -51 -7 30 -46 -2 198 39 33 318 49 28 336 24 48 288 39 -7 168 14 58 288 -21 -7 96 59 33 126 -46 -7 30 19 48 114 24 58 282 24 53 288 44 -2 336 59 38 282 54 53 282 59 13 138 -26 -27 360 59 3 174 39 43 138 49 33 336 49 -7 252 59 18 126 44 -2 126 -21 33 252 39 3 360 54 3 288 49 33 126 -41 -12 126 59 -2 240 44 58 282 59 13 144 19 58 300 39 33 114 14 58 300 59 53 336 44 43 126 54 -7 360 24 38 114 -51 -2 168 59 43 126 59 53 318 -51 -7 138 34 33 138 54 3 114 24 53 114 39 28 288 -36 13 282 59 38 126 54 28 336 29 48 114 39 -2 30 44 48 336 19 53 114 54 23 318 -46 18 282 -41 3 192 54 33 126 49 -7 216 59 33 282 44 33 126 49 23 144 34 53 114 -46 3 114 -21 43 168 34 43 126 49 53 336 29 33 126 -36 -2 360 -56 -2 360 19 53 96 39 48 138 24 48 126 54 53 114 29 58 288 -6 8 114 59 13 336 14 48 114 24 33 300 54 48 144 59 8 174 39 48 168 54 28 288 19 58 96 -56 -2 198 49 3 336 44 48 252 -56 -7 138 44 8 288 19 43 138 59 43 138 34 28 114 49 33 138 -41 -22 144 -51 8 252 29 48 126 29 58 114 -6 58 282 49 28 282 54 48 240 24 53 96 59 53 168 59 48 138 54 58 360 29 53 96 49 48 144 39 -2 174 44 28 288 54 43 252 49 48 360 54 58 336 39 43 144 -56 8 282 54 53 138 24 58 96 -46 13 36 14 48 300 -51 18 240 19 58 318 59 13 114 49 8 288 39 -2 96 54 28 126 39 43 336 39 38 96 59 23 282 49 43 360 29 43 96 54 -7 192 -56 3 216 44 28 144 49 23 126 49 -2 96 -31 3 300 49 48 96 59 53 114 -56 18 252 -46 13 192 39 58 126 44 38 144 29 28 114 44 3 360 59 18 144 -36 23 96 -46 18 96 59 28 144 39 38 252 44 -2 174 -56 3 192 59 43 96 54 38 360 39 58 114 -51 3 360 49 58 138 -51 18 282 54 33 96 34 48 138 49 38 252 59 43 114 44 3 282 54 23 336 -56 23 252 -51 13 96 59 58 114 49 8 114 44 53 96 29 48 252 54 28 114 29 58 336 54 -2 96 -56 -2 114 44 48 144 44 58 168 54 3 174 39 33 144 44 -7 198 -56 -2 240 54 53 252 54 23 138 34 58 126 59 53 126 59 53 240 -41 8 198 -56 13 282 19 38 144 49 58 114 14 58 126 39 53 240 49 53 138 49 58 252 54 38 216 14 58 318 -56 18 288 59 38 114 29 53 126 -36 3 288 34 58 336 49 58 30 59 48 96 34 33 126 54 18 336 59 23 114 -41 -2 114 54 58 30 39 58 240 49 -7 192 9 58 126 -51 3 216 44 28 168 54 -7 30 44 58 96 -56 3 360 54 33 174 49 -2 174 39 58 252 49 53 174 39 -2 168 -51 18 30 49 23 138 24 43 138 -51 13 300 59 33 360 -51 13 198 59 33 96 -51 8 30 29 18 288 49 33 240 59 3 96 34 43 198 59 -2 30 -56 8 174 54 53 192 34 53 144 54 43 174 49 43 174 39 48 240 -41 8 360 34 28 282 -46 -2 318 59 48 240 39 53 138 29 53 138 59 43 240 -1 58 240 -51 18 192 -56 8 36 9 58 282 59 53 144 -56 13 300 -11 53 282 19 58 126 -51 8 360 54 38 240 -41 23 282 34 48 168 9 53 126 54 58 36 -41 -17 168 -46 13 30 49 23 114 54 23 288 -46 8 300 -41 13 360 59 58 252 -56 13 30 -51 18 114 -11 58 282 -6 58 252 59 3 192 -56 -2 336 9 48 318 -6 58 240 54 58 96 39 53 198 59 8 252 -26 3 96 49 13 288 59 58 36 44 58 138 39 48 30 -46 23 288 44 48 216 39 8 30 59 8 96 54 38 192 59 53 96 -36 8 288 -51 -2 144 59 38 216 -51 13 114 -56 3 126 -46 23 96 34 53 138 -46 18 300 59 13 360 19 58 240 24 -2 114 29 53 336 39 53 30 -56 13 192 44 8 282 44 18 114 44 53 216 59 43 174 49 33 252 54 53 198 54 18 114 39 58 144 44 48 198 54 33 360 -51 13 36 59 58 126 -51 8 168 59 18 174 39 58 198 44 53 30 34 13 114 -56 -2 144 54 8 174 54 43 192 29 53 144 49 48 198 44 48 192 4 53 300 59 38 192 59 23 174 -6 58 96 59 48 174 59 58 174 -1 58 282 34 43 240 -56 13 96 44 -2 36 -56 18 198 59 8 192 39 58 216 -6 48 288 -41 -7 174 -31 23 360 19 53 138 49 13 114 -51 3 144 -56 13 174 49 38 36 9 48 360 -56 13 168 -41 -7 30 39 38 240 -56 18 36 59 28 96 -31 23 96 -51 13 138 -56 3 138 59 48 192 -56 3 318 59 48 30 -51 13 168 -56 3 114 39 8 96 -26 18 288 -51 18 36 59 48 198 -51 18 360 9 58 252 -41 18 360 59 18 360 -56 13 114 54 38 36 -1 58 198 -46 18 336 -46 28 252 59 23 360 -51 23 300 34 38 240 -56 13 360 59 53 198 -11 43 288 49 48 30 39 38 198 -56 8 318 4 53 336 49 43 30 34 58 198 49 13 144 39 28 96 -46 28 282 19 58 138 34 38 168 44 13 36 54 8 96 59 13 240 54 28 252 -51 8 318 49 38 198 -41 28 252 -56 3 144 54 38 30 39 13 282 19 48 138 -56 23 216 9 53 360 -56 23 114 44 -2 30 -41 23 252 49 28 360 -46 18 240 24 53 168 -56 8 114 -41 13 114 59 33 30 39 48 360 29 58 144 29 48 174 -1 58 30 -31 -37 360 -56 18 336 -41 18 114 59 28 198 -51 13 126 -46 23 30 -51 8 144 -46 23 192 54 -2 30 9 58 138 -56 13 138 29 48 192 59 23 216 54 33 198 -41 28 96 14 53 192 19 58 192 -26 -2 96 44 8 96 19 58 144 4 58 192 54 3 192 -11 53 96 -56 23 198 -16 48 282 49 18 318 
20 4 1 1 pack_1 0.85137 611 4 58 168 54 8 252 -56 18 318 54 3 216 4 53 318 -46 8 336 24 58 144 -6 53 360 59 23 240 44 23 138 54 13 96 9 53 138 34 58 174 54 13 360 59 38 36 19 53 360 49 8 96 -46 18 318 14 58 360 9 53 168 49 13 174 -56 18 126 54 23 252 -56 23 96 4 58 360 -6 58 36 4 58 198 -31 28 96 9 53 198 -56 28 240 54 3 198 14 58 174 34 3 192 54 28 192 39 18 282 34 53 216 54 8 216 34 53 360 9 58 174 34 53 174 44 28 240 -16 48 288 -46 18 126 -41 23 198 -51 8 336 34 58 30 -56 8 336 54 23 96 59 8 30 -11 58 216 -21 3 360 -56 23 336 39 18 96 54 3 36 14 43 138 -56 23 318 4 58 138 -46 13 216 -6 3 126 29 23 288 19 53 192 -26 -2 114 34 23 282 4 48 318 -21 38 252 19 13 216 49 3 192 39 33 216 -46 23 336 14 53 336 44 23 144 24 53 336 -36 28 174 54 18 360 -36 -12 126 39 3 198 24 53 192 34 23 288 14 48 168 -31 8 114 49 23 252 49 23 96 24 53 174 -36 18 360 19 58 252 -1 53 300 -51 23 174 59 18 36 -31 33 282 -16 38 96 -16 48 96 -36 23 360 -31 8 96 -46 23 318 44 33 360 9 48 282 49 18 360 49 3 216 -41 18 174 24 3 114 -46 28 168 -1 58 318 -36 -27 174 -26 3 360 -56 33 252 -16 53 114 44 18 96 -6 58 192 54 28 30 -16 53 96 -56 28 198 -16 53 252 19 18 300 -36 3 318 -11 53 336 -21 58 252 49 28 30 -11 58 198 14 8 114 -26 33 96 -16 43 300 -21 58 240 14 58 96 -41 3 174 -21 53 282 -6 58 360 -21 38 96 -1 48 282 19 43 336 -46 23 138 -51 33 96 24 58 36 -16 58 36 29 23 114 59 18 30 -26 38 288 29 53 216 49 3 36 44 3 36 44 13 30 -56 28 174 9 8 114 34 18 114 -41 -2 36 44 3 30 -21 8 126 -1 43 336 -36 28 360 39 28 198 -56 28 336 9 53 216 -41 18 30 -41 28 192 14 33 144 -41 33 114 -51 33 288 -6 58 318 -26 43 252 -31 13 318 4 53 138 -41 3 36 -26 23 96 9 53 36 -46 -7 144 -31 38 96 -41 28 174 -36 8 300 9 48 138 -36 -27 168 -1 58 138 -46 -2 144 -56 28 138 -26 48 282 -26 43 288 -56 28 126 44 28 30 -46 28 318 49 18 252 -6 58 168 -46 33 114 -46 33 30 -51 38 240 -41 33 30 19 3 126 54 18 30 -41 38 96 -56 33 96 -11 38 360 34 43 216 -46 38 96 -41 33 198 -21 53 96 49 23 36 39 13 198 -56 38 240 -56 33 198 -41 28 336 -41 38 288 -41 28 126 -51 38 96 9 38 360 -41 23 36 -56 33 174 -26 43 114 -56 28 144 -26 43 96 44 13 192 -51 33 192 -31 38 114 9 48 144 -36 38 288 -46 13 138 4 48 126 -51 43 240 -46 38 282 9 3 126 44 18 192 -41 33 216 14 53 96 -21 58 126 -41 43 252 -46 33 126 -36 38 168 -31 43 114 -51 48 240 -51 38 168 -36 -17 318 34 28 144 -46 38 168 -26 8 126 -31 33 114 -41 48 96 49 13 36 -1 53 192 -56 33 336 -6 8 126 -41 43 240 -41 48 240 -31 58 240 -26 48 114 34 38 30 -51 38 30 39 23 192 -6 53 30 -46 38 114 -46 38 360 -36 48 96 -51 33 336 -26 58 96 -51 33 126 -56 43 282 -56 38 216 4 38 360 -56 48 282 -56 33 318 -21 53 126 -16 58 336 -46 48 96 -36 43 288 -56 43 36 -21 53 318 -21 53 336 -56 38 288 -36 48 240 -36 43 240 -36 43 36 -51 43 36 -36 48 198 -56 43 30 -36 48 216 -31 -42 174 -51 58 240 -16 38 360 -51 38 360 -46 43 36 -46 48 30 -36 48 192 24 13 114 -51 53 192 -56 53 96 -6 58 144 -41 43 216 -36 53 96 -1 53 216 -41 48 168 -36 48 288 29 48 216 -16 53 168 29 18 114 -31 53 300 14 38 318 -41 3 126 -26 58 360 -41 33 336 -41 43 36 -46 48 282 -41 58 252 34 23 300 14 3 126 -41 8 126 -51 48 36 -26 58 30 -41 33 144 -56 48 36 -6 58 138 -51 53 36 -36 58 282 -16 58 168 -51 58 282 -46 38 300 -41 53 300 -26 53 36 -46 48 288 -41 48 288 -21 58 336 -31 48 216 -36 48 36 -51 58 192 -41 58 240 -56 53 174 -56 53 36 -46 53 300 -31 3 198 -36 48 114 -56 58 168 -36 58 300 -46 48 114 -21 53 30 -56 48 216 -56 38 114 -51 43 114 -46 38 318 34 18 198 -46 58 96 44 28 360 -51 53 360 -41 48 36 -46 58 30 -31 58 96 -31 53 216 44 13 174 -36 38 126 -46 43 192 -21 58 198 -26 53 30 -56 53 300 -36 53 30 -46 53 216 -41 53 216 -1 58 114 -16 58 174 -46 58 36 -46 38 174 -51 43 126 -51 53 114 -51 48 300 -6 58 114 -56 58 300 -36 48 168 -46 43 300 -41 43 300 -31 43 126 -41 58 300 -26 48 318 34 43 36 -26 3 126 -41 23 144 -31 58 36 -56 43 360 -31 23 288 -36 58 96 -56 53 360 -56 38 126 -46 48 126 -46 43 318 -36 -17 174 -36 33 138 4 48 192 -46 53 198 -41 48 198 -51 43 174 -26 23 288 -41 58 288 -31 58 30 34 23 126 14 33 318 -46 58 288 -41 43 360 -36 48 360 -51 53 174 -26 58 192 -46 58 198 -46 58 192 4 48 138 34 38 336 -41 58 198 -26 53 198 -41 58 360 -36 53 360 4 48 144 -26 53 174 -41 43 198 -31 38 318 -41 48 336 -56 48 360 -21 43 360 -51 53 318 -41 43 336 -31 -2 252 -56 43 336 -46 58 114 -41 43 174 -31 8 126 -31 53 126 -46 48 174 -41 8 318 -31 58 126 -41 53 318 -36 58 192 -31 43 360 -1 53 96 -41 23 240 14 23 126 -51 58 318 -31 18 114 -31 53 336 -56 38 144 -41 43 144 -36 43 138 -41 48 144 -21 18 360 -41 58 126 -6 53 192 -21 58 174 -26 58 174 -36 48 138 -1 53 126 -36 58 174 29 53 36 -51 43 144 44 13 318 -51 48 138 -51 58 138 -56 43 144 -46 58 138 -31 58 336 19 53 240 19 28 126 -41 58 318 -51 53 144 -31 43 138 9 43 174 -26 43 360 -56 58 138 -36 38 138 -1 8 126 -36 23 192 -36 58 138 -56 58 144 -36 33 216 4 48 198 -26 48 336 -36 3 126 29 38 192 -1 38 360 -26 -12 360 -26 38 360 34 23 198 -26 28 252 -26 53 216 -36 23 252 -21 58 138 -21 53 198 -31 48 168 -36 28 36 -36 3 30 -6 53 144 -41 18 318 -6 53 174 -36 -22 336 34 48 36 -31 53 168 -36 -17 168 -1 53 240 -41 13 252 -1 43 138 -31 48 192 -26 -17 174 -11 53 168 -36 -2 126 -16 53 198 4 53 252 4 23 138 -41 3 144 24 53 36 -1 48 198 4 48 36 -1 38 168 4 43 138 39 23 144 -16 58 138 9 53 252 -26 38 30 -1 48 138 -26 33 36 -11 53 126 -6 8 240 39 13 138 -36 13 168 14 53 252 -6 53 240 -11 8 252 24 33 318 -26 38 36 4 43 168 -1 53 114 -16 43 252 -21 43 36 -36 18 126 -36 8 174 -36 28 198 -26 33 360 -16 48 174 -36 18 198 -36 -7 318 44 18 360 29 28 144 -16 3 252 -36 -12 168 -21 53 144 -16 53 138 -16 48 36 -11 3 252 24 18 30 4 43 36 -31 3 138 -36 -7 336 9 28 336 -6 48 36 -21 18 174 4 38 168 19 23 216 -21 48 174 39 18 138 -21 48 192 -11 53 138 -16 48 240 14 38 168 29 23 126 24 28 138 39 28 336 24 33 216 24 18 300 -26 43 198 -31 13 174 4 8 138 -31 -12 174 34 23 138 9 28 144 -31 18 192 -6 43 30 -6 43 168 -11 13 126 34 18 192 19 23 126 -36 13 36 -16 18 360 -1 13 126 29 18 198 14 38 174 -41 8 240 19 28 138 19 38 192 19 18 126 -21 38 36 14 28 138 9 38 30 14 48 252 39 18 174 -36 13 138 24 23 126 -36 23 240 -16 48 216 -31 8 168 -1 8 144 -26 13 144 -36 -2 144 29 43 36 -36 18 252 24 38 336 -6 43 174 39 18 168 4 38 36 9 48 252 14 18 336 24 48 36 -1 13 138 14 18 138 9 23 144 14 38 192 29 18 174 19 18 138 29 23 138 19 38 216 29 18 138 19 23 36 4 23 336 24 18 138 34 33 360 39 23 336 19 28 36 
21 4 1 1 pack_1 0.350649 18 -11 43 300 -1 48 96 -16 38 300 39 -32 30 -6 43 300 9 38 300 39 -22 300 -36 -32 174 14 33 126 34 3 300 -36 -32 168 34 -17 300 19 33 288 34 -17 114 34 -17 198 24 33 282 34 33 240 -1 28 144 
22 4 1 1 pack_1 0.774495 83 -21 43 126 -46 -17 240 29 33 252 -31 43 168 14 38 282 -11 48 114 -1 33 144 39 33 36 -26 28 360 34 13 192 39 23 252 -21 38 318 -16 48 126 29 -12 114 -21 48 138 -31 -17 282 24 8 126 -41 -12 252 -26 13 96 29 8 198 -41 -17 252 -41 -12 216 9 28 318 -6 48 126 -6 43 126 -21 43 144 -6 28 336 -26 -17 96 9 33 240 4 33 138 44 8 318 -16 38 318 44 -27 144 19 43 252 44 13 336 -11 38 318 -21 38 336 -36 -17 36 9 38 252 24 -12 114 -16 48 138 -6 38 138 -1 38 138 -36 -12 252 -36 8 216 29 38 36 -36 -17 252 4 18 168 14 -7 126 19 -17 300 9 -7 126 -1 13 240 4 13 240 -11 48 138 -1 18 36 -11 13 252 -1 13 252 19 -12 126 19 -7 114 -21 -12 96 9 18 168 14 13 144 19 13 318 19 8 138 -36 8 240 -16 13 252 -21 13 282 19 8 144 39 8 318 -36 -12 240 -16 18 30 19 18 174 -21 8 36 -21 8 240 24 18 174 -31 8 216 -31 -7 30 -26 13 36 29 13 168 29 8 144 34 13 336 34 8 138 39 8 336 
23 4 1 1 pack_1 0.489796 4 -41 -57 240 -26 -52 360 14 -37 288 19 -22 198 
24 4 1 1 pack_1 0.964286 45 -26 -32 168 19 -27 192 44 -57 168 -26 -37 168 34 -7 36 9 -32 198 19 -32 30 14 -22 288 29 -22 198 14 -37 198 19 -37 192 -21 -12 174 -26 -47 96 14 -27 192 24 -32 192 29 -52 192 9 -47 198 44 -42 144 9 -32 192 14 -42 288 34 -57 216 34 -47 216 14 -42 114 19 -37 114 19 -37 288 29 -47 198 9 -47 192 24 -47 114 44 -52 138 44 -57 138 24 -27 30 44 -52 360 -21 -22 174 -36 -57 114 34 -52 282 44 -57 144 44 -57 360 19 -52 198 14 -47 288 19 -47 288 24 -27 288 29 -57 126 29 -22 30 24 -57 114 29 -32 30 
25 4 1 1 pack_1 0.954188 243 -16 3 336 -26 3 336 -6 3 318 -11 -2 30 -6 -2 36 -16 -2 30 -21 -2 216 -1 -2 36 -11 3 336 9 -2 192 -6 -7 36 -11 -7 30 14 -7 168 14 -2 198 -21 -2 30 4 3 252 9 -2 36 -6 -7 198 -1 -2 360 -11 -17 144 -16 -17 138 19 -7 168 -6 -2 240 -21 3 216 4 -7 30 -26 -7 318 -16 -7 336 9 -2 216 -6 -7 192 -16 23 168 -11 -17 114 24 -2 168 4 3 192 -16 -2 336 -11 -57 318 -21 -2 318 -16 -57 318 -6 -17 114 -1 -7 216 24 -17 96 -6 -17 126 -16 -2 318 29 -2 168 29 -2 174 19 -17 96 -1 -17 96 24 -7 240 19 -7 240 19 -7 282 29 -7 252 24 -7 168 -16 -22 144 14 -7 240 -21 3 30 4 -17 96 -11 3 240 -6 -2 126 9 -7 30 -6 -12 138 9 -7 282 9 -12 114 14 -17 96 -11 -22 144 -6 -22 126 4 -7 282 -31 -7 240 29 -12 216 -21 -52 318 -1 -57 300 -1 3 30 -11 -2 114 -26 -2 30 24 -7 282 -21 -2 144 -6 -57 300 -31 -2 144 19 -2 30 -26 3 198 -21 -2 114 -16 -17 300 -1 3 336 -16 -17 318 24 -2 252 39 -7 336 9 -2 240 -16 -2 126 9 3 192 -26 -2 126 -16 -57 300 19 -2 240 4 -7 168 -16 -52 336 -26 -52 318 14 -7 198 -1 -2 252 -6 -2 114 -21 -22 336 -11 -12 138 -26 -22 336 14 -2 216 -11 -12 282 24 -7 174 -11 -2 144 4 -32 126 -21 3 138 -26 3 30 -6 -27 138 -6 -17 300 -21 -57 300 24 -12 96 -11 -22 288 24 -7 318 14 -27 114 -21 -2 360 -31 -17 126 -31 -7 144 -16 -22 300 -6 -37 138 -11 -17 288 -6 -12 282 -6 -17 288 -16 -12 282 19 3 30 -26 -37 144 4 -12 114 -16 -12 138 19 -27 96 -6 -12 144 -16 13 336 -11 -12 126 -21 -37 138 -26 -42 126 -6 -32 318 -31 -37 144 -11 -27 138 4 -22 288 -21 -12 138 4 -27 126 -11 -37 138 -16 -27 336 -16 -32 174 -11 -32 336 24 -12 252 14 -7 336 -1 -7 174 34 -32 240 -11 -32 318 -16 -12 126 -21 -52 300 -6 -57 336 -31 -27 144 -26 -57 300 -41 -57 318 9 -17 252 -1 -22 300 -31 -27 138 -6 -37 126 -1 -32 138 29 -17 240 -6 -42 126 -26 -12 144 -11 -37 126 9 -22 96 -1 -37 126 14 -2 318 -11 3 114 -21 -27 138 9 3 138 -1 -52 282 -36 -47 144 -21 8 138 -31 -27 336 -1 -22 138 -36 -27 144 24 -17 240 -1 -2 336 4 -17 282 14 -17 282 -11 8 138 -11 8 144 24 -22 252 -21 -7 30 -1 -12 318 -1 -42 138 9 -12 282 9 -17 300 -6 -42 144 19 -32 282 -11 -2 360 4 -7 240 19 -12 114 -31 -12 138 -11 -12 114 -1 -52 138 4 3 144 -26 -32 192 -6 -47 138 29 -17 216 -36 -27 126 4 -52 318 29 3 36 -16 -22 288 -6 -22 282 9 3 36 34 3 360 34 -17 240 4 -12 282 -31 -12 144 -31 -32 336 -26 -7 138 34 -27 96 -11 -47 138 -16 -12 114 4 -27 114 -26 -12 126 14 -42 96 19 -17 282 9 -17 126 4 -22 96 39 -17 252 -31 -7 126 -16 -32 318 -6 3 138 34 -37 240 29 -37 282 -31 -57 300 -6 -7 252 -36 -57 300 -6 -27 126 9 -22 282 -21 -12 114 -21 -47 138 -1 8 240 -31 -42 114 -16 -27 114 -1 -47 138 9 -32 114 -21 -27 288 -21 -17 288 -1 -2 138 -16 -52 288 -36 -52 36 -16 -2 168 
26 4 1 1 pack_1 0.967427 495 -31 -47 114 -41 -42 240 -26 -2 192 4 -2 144 4 -52 138 4 -37 144 -31 -37 114 4 3 138 9 -2 138 -21 -32 168 29 -32 282 -1 -12 96 -21 -27 318 -36 -12 138 -31 -47 126 14 -37 126 4 -32 318 9 -22 126 -6 -57 126 4 -32 240 34 -37 96 14 -7 216 -16 -7 114 14 3 30 -1 -27 114 -11 -32 300 19 -47 96 29 -37 240 -16 -27 300 -16 -42 36 -1 -22 96 14 -52 300 -36 -52 216 -36 -22 318 -26 -17 300 24 -27 36 14 -27 96 29 3 192 -11 -27 114 4 3 216 -1 8 336 4 -52 36 19 -32 252 -1 -47 114 29 -22 96 -11 -12 96 -6 -12 96 24 -7 36 -16 -22 114 29 -27 240 -26 -52 96 34 -27 252 -31 -37 192 34 -27 240 -36 -47 36 -26 -7 36 39 -32 174 39 -52 252 29 -7 192 9 -27 282 29 -27 36 24 -27 216 -16 -42 168 4 -42 138 -1 -32 144 -31 -57 30 -21 -32 288 -6 -27 336 -6 -37 336 -16 -37 336 -26 -52 282 9 -27 252 19 18 36 -16 -32 282 -11 -27 96 -21 -7 126 29 3 174 14 -32 216 4 -2 138 -21 -42 96 -31 -17 114 -36 -57 216 9 -52 138 24 -52 96 14 -37 300 9 -52 318 24 -47 30 -16 -37 174 -31 -42 288 -31 -22 114 -31 -22 138 -21 -57 174 -1 -22 144 4 -42 192 34 -47 96 -21 -57 96 -21 -37 96 -11 -7 114 29 -37 216 -11 8 126 -36 -57 36 -1 -37 30 9 -52 126 -21 -42 240 4 -42 360 -21 -32 96 4 -57 126 9 -47 30 -16 -27 96 4 -37 300 24 -42 144 -6 -22 336 -6 -7 114 -1 -37 336 34 -42 144 -36 -37 252 34 -22 240 -36 -27 240 -6 -42 198 -21 -27 96 34 -22 96 -16 -32 288 -26 -52 198 19 -42 144 -26 -37 288 24 -32 96 -26 -47 282 19 -27 126 14 -57 318 -6 -32 240 -1 -42 240 29 -42 144 14 -32 240 -1 -32 252 -26 -22 114 14 8 216 4 -27 282 34 -32 96 -1 -27 282 -11 -52 252 19 -42 30 -31 -47 300 -11 -22 96 9 -57 138 -26 -57 192 -16 -37 360 9 -7 96 4 -32 252 -11 -47 168 -1 -57 144 39 -47 138 -31 -12 126 39 -47 144 -1 -7 114 34 -32 168 19 -37 36 -26 -42 252 -16 -22 168 19 -37 126 -31 -52 216 -21 -37 288 -11 -47 252 39 -32 360 -11 -32 282 19 -52 216 -11 -32 288 -1 -47 336 9 -47 216 -26 -27 192 19 -42 336 -26 -37 30 29 -32 96 9 -27 318 14 -32 36 -31 -47 318 -6 -37 216 -21 -37 318 34 -22 252 14 -42 36 24 -52 30 14 -7 96 -36 -47 252 -21 -47 360 -31 -27 30 44 -32 336 34 -47 144 34 -42 138 4 -7 114 -1 -37 282 34 -37 360 4 -37 288 -31 -37 318 39 -52 138 9 -27 144 34 -47 138 24 -2 96 29 -47 168 -26 -37 192 -26 -42 300 19 -47 144 14 -47 318 29 -47 126 29 -42 126 9 -47 336 -16 -27 360 -31 -57 36 19 -22 300 -21 -47 282 24 8 192 -6 -52 168 -26 -47 288 -21 -32 192 9 -42 144 -11 -37 300 39 -32 144 -6 -37 192 29 -47 174 14 -7 138 -16 -52 240 -31 -32 126 14 -47 216 39 -32 138 9 -7 336 14 -57 138 4 -52 240 -21 -37 192 -1 -42 336 -6 -42 252 -1 -37 216 -11 -7 144 34 -52 168 -16 -47 282 39 -32 336 29 -52 126 -21 -17 282 -6 -37 360 -16 -37 216 14 -47 336 -21 -47 288 -1 -7 126 14 -42 144 29 -12 318 19 -57 216 -31 -22 192 -1 -42 360 29 -42 240 9 -42 336 -6 -47 336 -11 -42 192 -16 -42 288 4 8 336 -1 -27 360 -26 -52 216 -6 -7 138 -1 -27 240 -26 -32 114 24 -42 138 -16 -12 96 9 -47 168 34 -37 144 -6 -32 168 -6 -37 174 39 -52 318 -6 -37 36 34 -17 318 -1 -7 336 -11 -42 288 -26 -37 252 -1 -22 336 -26 -42 192 19 -47 216 14 -42 336 14 -37 138 -16 -47 198 -21 -27 198 -21 -37 198 -31 -22 30 -16 -47 318 -26 -57 240 19 -42 138 24 -27 138 29 -32 174 -31 -57 240 19 -52 318 19 -27 336 -26 -42 198 14 -27 336 9 -42 282 -11 -47 336 24 -7 96 14 -47 360 19 -42 240 -6 -47 300 -6 -47 282 -26 -37 198 -21 -47 216 -26 -27 36 4 -47 240 4 -22 174 34 -12 144 -1 -47 288 39 -32 318 -26 -22 216 -21 -42 336 29 -37 174 34 -32 336 -21 -12 360 -26 -32 126 -1 -47 36 -6 -27 240 19 -7 96 -31 -7 198 -21 -47 36 9 -37 360 -16 -47 336 -6 -42 174 -21 -27 36 24 -47 240 34 -52 144 -11 -47 30 9 -12 174 -11 -12 30 19 -37 144 -11 -37 192 -1 -42 318 -16 -37 30 4 -12 192 34 -12 174 24 -27 336 39 -27 360 -6 -42 168 4 -7 138 -31 -52 240 19 -47 174 4 -27 30 -11 -42 318 29 -17 318 4 -52 168 9 -7 138 -16 -7 168 -16 -17 168 19 -32 318 -6 -12 252 29 -27 138 -6 -47 318 -6 -22 192 19 -12 36 14 -27 36 -6 -12 36 -21 -32 252 4 -12 360 19 -37 138 19 -32 174 -11 -52 36 -21 -32 138 -21 -27 240 29 -17 336 -26 -52 240 14 -27 30 -6 8 168 -16 -12 168 -31 -22 240 4 -27 198 24 -12 144 24 -17 336 -6 -32 216 -1 18 360 -6 -52 192 -26 -32 138 34 -27 174 19 -37 336 4 -17 360 -21 -12 252 -21 8 192 -1 -52 198 29 -27 168 19 -32 138 19 -12 198 24 -32 318 24 -17 144 -16 -12 240 -11 8 336 14 -37 336 29 -12 174 -6 -27 36 -6 -32 360 24 -22 144 4 -12 144 34 -17 336 9 -12 36 -11 18 198 39 -27 318 -31 -12 240 -1 -12 336 -31 -17 192 -6 -17 252 9 -17 174 34 -27 138 -6 -22 198 34 8 360 29 -27 336 4 -12 36 19 -12 168 24 -17 138 9 -22 174 39 -27 336 34 -27 336 14 -32 174 -16 -22 216 -1 18 192 -21 -17 216 9 -17 318 29 -12 168 9 -17 138 -6 -12 240 -1 -22 192 14 -22 168 -26 -32 216 -21 -32 240 19 -17 360 4 -17 144 -1 8 168 -1 -17 198 29 -17 192 -26 -12 192 19 18 360 -16 -12 252 -26 -17 240 4 18 192 -6 -17 30 -11 13 360 -26 8 216 -1 -17 336 34 -22 174 -21 8 198 -16 8 336 39 -22 138 -11 -32 36 -1 8 174 -1 8 360 14 -22 360 -26 -32 240 29 -17 174 29 -17 168 -11 -22 216 4 -32 168 9 -12 144 -26 -17 192 34 -22 168 -21 -17 36 -21 -22 240 19 -22 360 9 -22 216 -6 -22 36 -36 -17 216 -1 -22 30 19 13 198 24 -22 168 24 -17 192 -16 8 30 24 13 192 -16 -32 216 -6 -22 216 -16 -22 252 14 -22 198 29 -22 168 -21 -32 216 -11 -32 198 4 -22 216 -11 8 216 -6 13 360 4 8 360 9 -17 36 4 -22 30 -1 13 168 29 13 360 -1 -22 36 -1 -22 216 -1 8 198 19 8 336 4 -17 36 -1 -17 36 -11 8 30 -16 13 198 14 13 336 -16 13 30 -11 13 192 -6 13 216 4 13 30 4 13 198 9 13 198 -11 13 216 19 13 174 9 13 168 14 13 168 
27 4 1 1 pack_1 0.0659341 1 9 38 144 
28 4 1 1 pack_1 0.193548 1 9 -52 360 
29 4 1 1 pack_1 0.953271 17 4 -52 360 9 -52 174 -6 -52 174 -1 -57 30 29 -52 360 -11 -52 192 -6 -57 36 -11 -57 30 -1 -57 216 -16 -57 198 -6 -57 216 -11 -57 216 -21 -57 198 -16 -57 36 -16 -52 216 -16 -57 216 -11 -57 168 
30 4 1 1 pack_1 0.0361446 1 19 -52 36 
31 4 1 1 pack_1 0.004329 1 -26 -2 174 
32 4 1 1 pack_1 0.545455 1 -6 43 252 
33 4 1 1 pack_1 1 4 4 43 216 4 43 252 -6 43 198 -21 43 192 
34 4 1 1 pack_1 0.963504 22 -26 38 216 -11 38 252 -21 33 30 -31 33 216 -21 33 240 -26 33 216 24 28 336 34 28 360 -26 28 240 -31 28 216 14 23 144 34 23 336 24 23 168 -36 23 216 -31 23 240 9 23 168 -21 23 252 34 18 174 4 23 168 -26 23 240 14 23 216 -36 18 216 
35 4 1 1 pack_1 1 1 34 23 360 
36 4 1 1 pack_1 1 2 -26 38 198 -26 28 192 
37 4 1 1 pack_1 1 4 -26 28 36 -6 28 240 -21 33 36 -21 28 36 
38 4 1 1 pack_1 0.979592 40 29 23 192 14 23 336 -16 28 240 9 28 168 9 33 216 24 28 198 14 23 30 9 23 36 19 23 336 14 28 30 9 28 36 -1 23 360 -11 28 174 24 23 192 14 23 192 -1 33 216 9 23 174 -6 28 360 14 23 360 -21 28 192 14 23 174 -1 28 360 9 33 36 29 23 360 24 28 174 14 33 36 -11 38 174 14 28 174 -1 33 174 -21 33 198 -16 33 198 -6 33 192 -21 38 192 -6 33 198 9 33 192 -6 38 174 -1 33 192 -1 38 192 -11 38 216 -16 38 216 
39 4 1 1 pack_1 1 1 -11 23 168 
40 4 1 1 pack_1 1 3 4 33 240 -16 33 174 -1 33 252 
41 4 1 1 pack_1 0.957983 19 -26 -22 318 -26 18 216 4 23 198 -11 18 240 9 23 216 -16 23 198 -26 23 216 -11 18 36 -31 13 36 19 18 198 -11 23 36 -31 -7 336 -26 18 198 -21 18 192 -31 13 30 -26 18 36 -26 18 240 -21 23 216 -16 23 240 
42 4 1 1 pack_1 0.230769 1 -11 23 198 
43 4 1 1 pack_1 0.166667 1 -31 -22 168 
44 4 1 1 pack_1 0.036724 21 -6 -52 144 -6 -52 138 -56 -57 144 -26 -52 138 -36 -57 318 -21 -52 144 -36 -52 138 -26 -47 168 -36 -52 144 -11 -52 144 -21 -57 138 -11 -57 138 -26 -57 318 -21 -57 336 -31 -52 144 -6 -57 144 -31 -52 168 -26 -57 174 -31 -52 174 -31 -57 138 -31 -57 144 
