10 62 4
0 0 -1 276 2 23 -1 -1 -1 -1 -1 1 710 
1 1 0 0 0 0 0 0 0 0 0 0 0 
2 1 -1 256 2 24 -1 -1 -1 -1 -1 2 1305 
3 2 0 0 0 0 0 0 0 0 0 0 0 
4 2 0 0 0 0 0 0 0 0 0 0 0 
5 2 -1 73 2 11 -1 -1 -1 -1 -1 0 4127 
6 2 -1 296 4 14 -1 -1 -1 -1 -1 2 3371 
7 3 0 0 0 0 0 0 0 0 0 0 0 
8 3 0 0 0 0 0 0 0 0 0 0 0 
9 3 0 0 0 0 0 0 0 0 0 0 0 
10 3 0 0 0 0 0 0 0 0 0 0 0 
11 3 -1 321 4 17 -1 -1 -1 -1 -1 0 5909 
12 3 -1 263 2 14 -1 -1 -1 -1 -1 1 4198 
13 3 -1 276 2 11 -1 -1 -1 -1 -1 3 48 
14 3 61 0 0 0 0 0 0 0 0 0 0 
15 4 0 0 0 0 0 0 0 0 0 0 0 
16 4 0 0 0 0 0 0 0 0 0 0 0 
17 4 0 0 0 0 0 0 0 0 0 0 0 
18 4 0 0 0 0 0 0 0 0 0 0 0 
19 4 0 0 0 0 0 0 0 0 0 0 0 
20 4 0 0 0 0 0 0 0 0 0 0 0 
21 4 0 0 0 0 0 0 0 0 0 0 0 
22 4 0 0 0 0 0 0 0 0 0 0 0 
23 4 -1 337 2 26 -1 -1 -1 -1 -1 0 281 
24 4 -1 134 4 35 -1 -1 -1 -1 -1 2 5236 
25 4 -1 158 4 34 -1 -1 -1 -1 -1 3 595 
26 4 -1 252 4 39 -1 -1 -1 -1 -1 0 4913 
27 4 -1 169 3 35 -1 -1 -1 -1 -1 3 -1 
28 4 -1 25 2 27 -1 -1 -1 -1 -1 2 1276 
29 4 0 0 0 0 0 0 0 0 0 0 0 
30 4 0 0 0 0 0 0 0 0 0 0 0 
31 5 0 0 0 0 0 0 0 0 0 0 0 
32 5 0 0 0 0 0 0 0 0 0 0 0 
33 5 0 0 0 0 0 0 0 0 0 0 0 
34 5 0 0 0 0 0 0 0 0 0 0 0 
35 5 0 0 0 0 0 0 0 0 0 0 0 
36 5 0 0 0 0 0 0 0 0 0 0 0 
37 5 0 0 0 0 0 0 0 0 0 0 0 
38 5 0 0 0 0 0 0 0 0 0 0 0 
39 5 0 0 0 0 0 0 0 0 0 0 0 
40 5 0 0 0 0 0 0 0 0 0 0 0 
41 5 0 0 0 0 0 0 0 0 0 0 0 
42 5 0 0 0 0 0 0 0 0 0 0 0 
43 5 0 0 0 0 0 0 0 0 0 0 0 
44 5 0 0 0 0 0 0 0 0 0 0 0 
45 5 0 0 0 0 0 0 0 0 0 0 0 
46 5 0 0 0 0 0 0 0 0 0 0 0 
47 5 -1 212 1 27 -1 -1 -1 -1 -1 3 0 
48 5 -1 94 2 27 -1 -1 -1 -1 -1 2 747 
49 5 -1 307 2 20 -1 -1 -1 -1 -1 3 1105 
50 5 33 0 0 0 0 0 0 0 0 0 0 
51 5 34 0 0 0 0 0 0 0 0 0 0 
52 5 -1 196 4 17 -1 -1 -1 -1 -1 1 6599 
53 5 -1 39 1 31 -1 -1 -1 -1 -1 1 -46 
54 5 48 0 0 0 0 0 0 0 0 0 0 
55 5 -1 87 1 14 -1 -1 -1 -1 -1 3 5 
56 5 51 0 0 0 0 0 0 0 0 0 0 
57 5 -1 224 4 34 -1 -1 -1 -1 -1 3 190 
58 5 60 0 0 0 0 0 0 0 0 0 0 
59 5 0 0 0 0 0 0 0 0 0 0 0 
60 5 0 0 0 0 0 0 0 0 0 0 0 
61 5 0 0 0 0 0 0 0 0 0 0 0 
62 5 0 0 0 0 0 0 0 0 0 0 0 
63 6 0 0 0 0 0 0 0 0 0 0 0 
64 6 0 0 0 0 0 0 0 0 0 0 0 
65 6 0 0 0 0 0 0 0 0 0 0 0 
66 6 0 0 0 0 0 0 0 0 0 0 0 
67 6 0 0 0 0 0 0 0 0 0 0 0 
68 6 0 0 0 0 0 0 0 0 0 0 0 
69 6 0 0 0 0 0 0 0 0 0 0 0 
70 6 0 0 0 0 0 0 0 0 0 0 0 
71 6 0 0 0 0 0 0 0 0 0 0 0 
72 6 0 0 0 0 0 0 0 0 0 0 0 
73 6 0 0 0 0 0 0 0 0 0 0 0 
74 6 0 0 0 0 0 0 0 0 0 0 0 
75 6 0 0 0 0 0 0 0 0 0 0 0 
76 6 0 0 0 0 0 0 0 0 0 0 0 
77 6 0 0 0 0 0 0 0 0 0 0 0 
78 6 0 0 0 0 0 0 0 0 0 0 0 
79 6 0 0 0 0 0 0 0 0 0 0 0 
80 6 0 0 0 0 0 0 0 0 0 0 0 
81 6 0 0 0 0 0 0 0 0 0 0 0 
82 6 0 0 0 0 0 0 0 0 0 0 0 
83 6 0 0 0 0 0 0 0 0 0 0 0 
84 6 0 0 0 0 0 0 0 0 0 0 0 
85 6 0 0 0 0 0 0 0 0 0 0 0 
86 6 0 0 0 0 0 0 0 0 0 0 0 
87 6 0 0 0 0 0 0 0 0 0 0 0 
88 6 0 0 0 0 0 0 0 0 0 0 0 
89 6 0 0 0 0 0 0 0 0 0 0 0 
90 6 0 0 0 0 0 0 0 0 0 0 0 
91 6 0 0 0 0 0 0 0 0 0 0 0 
92 6 0 0 0 0 0 0 0 0 0 0 0 
93 6 0 0 0 0 0 0 0 0 0 0 0 
94 6 0 0 0 0 0 0 0 0 0 0 0 
95 6 -1 198 1 24 -1 -1 -1 -1 -1 0 50 
96 6 -1 219 2 16 -1 -1 -1 -1 -1 3 683 
97 6 -1 166 1 13 -1 -1 -1 -1 -1 1 42 
98 6 26 0 0 0 0 0 0 0 0 0 0 
99 6 -1 201 4 13 -1 -1 -1 -1 -1 0 8363 
100 6 32 0 0 0 0 0 0 0 0 0 0 
101 6 0 0 0 0 0 0 0 0 0 0 0 
102 6 0 0 0 0 0 0 0 0 0 0 0 
103 6 0 0 0 0 0 0 0 0 0 0 0 
104 6 0 0 0 0 0 0 0 0 0 0 0 
105 6 35 0 0 0 0 0 0 0 0 0 0 
106 6 -1 158 4 21 -1 -1 -1 -1 -1 2 6766 
107 6 41 0 0 0 0 0 0 0 0 0 0 
108 6 -1 4 3 18 -1 -1 -1 -1 -1 1 -55 
109 6 0 0 0 0 0 0 0 0 0 0 0 
110 6 0 0 0 0 0 0 0 0 0 0 0 
111 6 49 0 0 0 0 0 0 0 0 0 0 
112 6 50 0 0 0 0 0 0 0 0 0 0 
113 6 0 0 0 0 0 0 0 0 0 0 0 
114 6 0 0 0 0 0 0 0 0 0 0 0 
115 6 -1 13 1 23 -1 -1 -1 -1 -1 3 11 
116 6 59 0 0 0 0 0 0 0 0 0 0 
117 6 0 0 0 0 0 0 0 0 0 0 0 
118 6 0 0 0 0 0 0 0 0 0 0 0 
119 6 0 0 0 0 0 0 0 0 0 0 0 
120 6 0 0 0 0 0 0 0 0 0 0 0 
121 6 0 0 0 0 0 0 0 0 0 0 0 
122 6 0 0 0 0 0 0 0 0 0 0 0 
123 6 0 0 0 0 0 0 0 0 0 0 0 
124 6 0 0 0 0 0 0 0 0 0 0 0 
125 6 0 0 0 0 0 0 0 0 0 0 0 
126 6 0 0 0 0 0 0 0 0 0 0 0 
127 7 0 0 0 0 0 0 0 0 0 0 0 
128 7 0 0 0 0 0 0 0 0 0 0 0 
129 7 0 0 0 0 0 0 0 0 0 0 0 
130 7 0 0 0 0 0 0 0 0 0 0 0 
131 7 0 0 0 0 0 0 0 0 0 0 0 
132 7 0 0 0 0 0 0 0 0 0 0 0 
133 7 0 0 0 0 0 0 0 0 0 0 0 
134 7 0 0 0 0 0 0 0 0 0 0 0 
135 7 0 0 0 0 0 0 0 0 0 0 0 
136 7 0 0 0 0 0 0 0 0 0 0 0 
137 7 0 0 0 0 0 0 0 0 0 0 0 
138 7 0 0 0 0 0 0 0 0 0 0 0 
139 7 0 0 0 0 0 0 0 0 0 0 0 
140 7 0 0 0 0 0 0 0 0 0 0 0 
141 7 0 0 0 0 0 0 0 0 0 0 0 
142 7 0 0 0 0 0 0 0 0 0 0 0 
143 7 0 0 0 0 0 0 0 0 0 0 0 
144 7 0 0 0 0 0 0 0 0 0 0 0 
145 7 0 0 0 0 0 0 0 0 0 0 0 
146 7 0 0 0 0 0 0 0 0 0 0 0 
147 7 0 0 0 0 0 0 0 0 0 0 0 
148 7 0 0 0 0 0 0 0 0 0 0 0 
149 7 0 0 0 0 0 0 0 0 0 0 0 
150 7 0 0 0 0 0 0 0 0 0 0 0 
151 7 0 0 0 0 0 0 0 0 0 0 0 
152 7 0 0 0 0 0 0 0 0 0 0 0 
153 7 0 0 0 0 0 0 0 0 0 0 0 
154 7 0 0 0 0 0 0 0 0 0 0 0 
155 7 0 0 0 0 0 0 0 0 0 0 0 
156 7 0 0 0 0 0 0 0 0 0 0 0 
157 7 0 0 0 0 0 0 0 0 0 0 0 
158 7 0 0 0 0 0 0 0 0 0 0 0 
159 7 0 0 0 0 0 0 0 0 0 0 0 
160 7 0 0 0 0 0 0 0 0 0 0 0 
161 7 0 0 0 0 0 0 0 0 0 0 0 
162 7 0 0 0 0 0 0 0 0 0 0 0 
163 7 0 0 0 0 0 0 0 0 0 0 0 
164 7 0 0 0 0 0 0 0 0 0 0 0 
165 7 0 0 0 0 0 0 0 0 0 0 0 
166 7 0 0 0 0 0 0 0 0 0 0 0 
167 7 0 0 0 0 0 0 0 0 0 0 0 
168 7 0 0 0 0 0 0 0 0 0 0 0 
169 7 0 0 0 0 0 0 0 0 0 0 0 
170 7 0 0 0 0 0 0 0 0 0 0 0 
171 7 0 0 0 0 0 0 0 0 0 0 0 
172 7 0 0 0 0 0 0 0 0 0 0 0 
173 7 0 0 0 0 0 0 0 0 0 0 0 
174 7 0 0 0 0 0 0 0 0 0 0 0 
175 7 0 0 0 0 0 0 0 0 0 0 0 
176 7 0 0 0 0 0 0 0 0 0 0 0 
177 7 0 0 0 0 0 0 0 0 0 0 0 
178 7 0 0 0 0 0 0 0 0 0 0 0 
179 7 0 0 0 0 0 0 0 0 0 0 0 
180 7 0 0 0 0 0 0 0 0 0 0 0 
181 7 0 0 0 0 0 0 0 0 0 0 0 
182 7 0 0 0 0 0 0 0 0 0 0 0 
183 7 0 0 0 0 0 0 0 0 0 0 0 
184 7 0 0 0 0 0 0 0 0 0 0 0 
185 7 0 0 0 0 0 0 0 0 0 0 0 
186 7 0 0 0 0 0 0 0 0 0 0 0 
187 7 0 0 0 0 0 0 0 0 0 0 0 
188 7 0 0 0 0 0 0 0 0 0 0 0 
189 7 0 0 0 0 0 0 0 0 0 0 0 
190 7 0 0 0 0 0 0 0 0 0 0 0 
191 7 -1 270 1 34 -1 -1 -1 -1 -1 0 2 
192 7 -1 148 4 33 -1 -1 -1 -1 -1 0 1950 
193 7 12 0 0 0 0 0 0 0 0 0 0 
194 7 -1 204 0 28 -1 -1 -1 -1 -1 3 -11 
195 7 -1 140 2 39 -1 -1 -1 -1 -1 3 102 
196 7 -1 126 3 18 -1 -1 -1 -1 -1 1 3 
197 7 0 0 0 0 0 0 0 0 0 0 0 
198 7 0 0 0 0 0 0 0 0 0 0 0 
199 7 -1 180 1 36 -1 -1 -1 -1 -1 0 15 
200 7 31 0 0 0 0 0 0 0 0 0 0 
201 7 0 0 0 0 0 0 0 0 0 0 0 
202 7 0 0 0 0 0 0 0 0 0 0 0 
203 7 0 0 0 0 0 0 0 0 0 0 0 
204 7 0 0 0 0 0 0 0 0 0 0 0 
205 7 0 0 0 0 0 0 0 0 0 0 0 
206 7 0 0 0 0 0 0 0 0 0 0 0 
207 7 0 0 0 0 0 0 0 0 0 0 0 
208 7 0 0 0 0 0 0 0 0 0 0 0 
209 7 0 0 0 0 0 0 0 0 0 0 0 
210 7 0 0 0 0 0 0 0 0 0 0 0 
211 7 0 0 0 0 0 0 0 0 0 0 0 
212 7 0 0 0 0 0 0 0 0 0 0 0 
213 7 -1 260 2 21 -1 -1 -1 -1 -1 0 1298 
214 7 40 0 0 0 0 0 0 0 0 0 0 
215 7 0 0 0 0 0 0 0 0 0 0 0 
216 7 0 0 0 0 0 0 0 0 0 0 0 
217 7 42 0 0 0 0 0 0 0 0 0 0 
218 7 -1 349 3 31 -1 -1 -1 -1 -1 1 43 
219 7 0 0 0 0 0 0 0 0 0 0 0 
220 7 0 0 0 0 0 0 0 0 0 0 0 
221 7 0 0 0 0 0 0 0 0 0 0 0 
222 7 0 0 0 0 0 0 0 0 0 0 0 
223 7 0 0 0 0 0 0 0 0 0 0 0 
224 7 0 0 0 0 0 0 0 0 0 0 0 
225 7 0 0 0 0 0 0 0 0 0 0 0 
226 7 0 0 0 0 0 0 0 0 0 0 0 
227 7 0 0 0 0 0 0 0 0 0 0 0 
228 7 0 0 0 0 0 0 0 0 0 0 0 
229 7 0 0 0 0 0 0 0 0 0 0 0 
230 7 0 0 0 0 0 0 0 0 0 0 0 
231 7 -1 268 1 31 -1 -1 -1 -1 -1 3 -1 
232 7 58 0 0 0 0 0 0 0 0 0 0 
233 7 0 0 0 0 0 0 0 0 0 0 0 
234 7 0 0 0 0 0 0 0 0 0 0 0 
235 7 0 0 0 0 0 0 0 0 0 0 0 
236 7 0 0 0 0 0 0 0 0 0 0 0 
237 7 0 0 0 0 0 0 0 0 0 0 0 
238 7 0 0 0 0 0 0 0 0 0 0 0 
239 7 0 0 0 0 0 0 0 0 0 0 0 
240 7 0 0 0 0 0 0 0 0 0 0 0 
241 7 0 0 0 0 0 0 0 0 0 0 0 
242 7 0 0 0 0 0 0 0 0 0 0 0 
243 7 0 0 0 0 0 0 0 0 0 0 0 
244 7 0 0 0 0 0 0 0 0 0 0 0 
245 7 0 0 0 0 0 0 0 0 0 0 0 
246 7 0 0 0 0 0 0 0 0 0 0 0 
247 7 0 0 0 0 0 0 0 0 0 0 0 
248 7 0 0 0 0 0 0 0 0 0 0 0 
249 7 0 0 0 0 0 0 0 0 0 0 0 
250 7 0 0 0 0 0 0 0 0 0 0 0 
251 7 0 0 0 0 0 0 0 0 0 0 0 
252 7 0 0 0 0 0 0 0 0 0 0 0 
253 7 0 0 0 0 0 0 0 0 0 0 0 
254 7 0 0 0 0 0 0 0 0 0 0 0 
255 8 0 0 0 0 0 0 0 0 0 0 0 
256 8 0 0 0 0 0 0 0 0 0 0 0 
257 8 0 0 0 0 0 0 0 0 0 0 0 
258 8 0 0 0 0 0 0 0 0 0 0 0 
259 8 0 0 0 0 0 0 0 0 0 0 0 
260 8 0 0 0 0 0 0 0 0 0 0 0 
261 8 0 0 0 0 0 0 0 0 0 0 0 
262 8 0 0 0 0 0 0 0 0 0 0 0 
263 8 0 0 0 0 0 0 0 0 0 0 0 
264 8 0 0 0 0 0 0 0 0 0 0 0 
265 8 0 0 0 0 0 0 0 0 0 0 0 
266 8 0 0 0 0 0 0 0 0 0 0 0 
267 8 0 0 0 0 0 0 0 0 0 0 0 
268 8 0 0 0 0 0 0 0 0 0 0 0 
269 8 0 0 0 0 0 0 0 0 0 0 0 
270 8 0 0 0 0 0 0 0 0 0 0 0 
271 8 0 0 0 0 0 0 0 0 0 0 0 
272 8 0 0 0 0 0 0 0 0 0 0 0 
273 8 0 0 0 0 0 0 0 0 0 0 0 
274 8 0 0 0 0 0 0 0 0 0 0 0 
275 8 0 0 0 0 0 0 0 0 0 0 0 
276 8 0 0 0 0 0 0 0 0 0 0 0 
277 8 0 0 0 0 0 0 0 0 0 0 0 
278 8 0 0 0 0 0 0 0 0 0 0 0 
279 8 0 0 0 0 0 0 0 0 0 0 0 
280 8 0 0 0 0 0 0 0 0 0 0 0 
281 8 0 0 0 0 0 0 0 0 0 0 0 
282 8 0 0 0 0 0 0 0 0 0 0 0 
283 8 0 0 0 0 0 0 0 0 0 0 0 
284 8 0 0 0 0 0 0 0 0 0 0 0 
285 8 0 0 0 0 0 0 0 0 0 0 0 
286 8 0 0 0 0 0 0 0 0 0 0 0 
287 8 0 0 0 0 0 0 0 0 0 0 0 
288 8 0 0 0 0 0 0 0 0 0 0 0 
289 8 0 0 0 0 0 0 0 0 0 0 0 
290 8 0 0 0 0 0 0 0 0 0 0 0 
291 8 0 0 0 0 0 0 0 0 0 0 0 
292 8 0 0 0 0 0 0 0 0 0 0 0 
293 8 0 0 0 0 0 0 0 0 0 0 0 
294 8 0 0 0 0 0 0 0 0 0 0 0 
295 8 0 0 0 0 0 0 0 0 0 0 0 
296 8 0 0 0 0 0 0 0 0 0 0 0 
297 8 0 0 0 0 0 0 0 0 0 0 0 
298 8 0 0 0 0 0 0 0 0 0 0 0 
299 8 0 0 0 0 0 0 0 0 0 0 0 
300 8 0 0 0 0 0 0 0 0 0 0 0 
301 8 0 0 0 0 0 0 0 0 0 0 0 
302 8 0 0 0 0 0 0 0 0 0 0 0 
303 8 0 0 0 0 0 0 0 0 0 0 0 
304 8 0 0 0 0 0 0 0 0 0 0 0 
305 8 0 0 0 0 0 0 0 0 0 0 0 
306 8 0 0 0 0 0 0 0 0 0 0 0 
307 8 0 0 0 0 0 0 0 0 0 0 0 
308 8 0 0 0 0 0 0 0 0 0 0 0 
309 8 0 0 0 0 0 0 0 0 0 0 0 
310 8 0 0 0 0 0 0 0 0 0 0 0 
311 8 0 0 0 0 0 0 0 0 0 0 0 
312 8 0 0 0 0 0 0 0 0 0 0 0 
313 8 0 0 0 0 0 0 0 0 0 0 0 
314 8 0 0 0 0 0 0 0 0 0 0 0 
315 8 0 0 0 0 0 0 0 0 0 0 0 
316 8 0 0 0 0 0 0 0 0 0 0 0 
317 8 0 0 0 0 0 0 0 0 0 0 0 
318 8 0 0 0 0 0 0 0 0 0 0 0 
319 8 0 0 0 0 0 0 0 0 0 0 0 
320 8 0 0 0 0 0 0 0 0 0 0 0 
321 8 0 0 0 0 0 0 0 0 0 0 0 
322 8 0 0 0 0 0 0 0 0 0 0 0 
323 8 0 0 0 0 0 0 0 0 0 0 0 
324 8 0 0 0 0 0 0 0 0 0 0 0 
325 8 0 0 0 0 0 0 0 0 0 0 0 
326 8 0 0 0 0 0 0 0 0 0 0 0 
327 8 0 0 0 0 0 0 0 0 0 0 0 
328 8 0 0 0 0 0 0 0 0 0 0 0 
329 8 0 0 0 0 0 0 0 0 0 0 0 
330 8 0 0 0 0 0 0 0 0 0 0 0 
331 8 0 0 0 0 0 0 0 0 0 0 0 
332 8 0 0 0 0 0 0 0 0 0 0 0 
333 8 0 0 0 0 0 0 0 0 0 0 0 
334 8 0 0 0 0 0 0 0 0 0 0 0 
335 8 0 0 0 0 0 0 0 0 0 0 0 
336 8 0 0 0 0 0 0 0 0 0 0 0 
337 8 0 0 0 0 0 0 0 0 0 0 0 
338 8 0 0 0 0 0 0 0 0 0 0 0 
339 8 0 0 0 0 0 0 0 0 0 0 0 
340 8 0 0 0 0 0 0 0 0 0 0 0 
341 8 0 0 0 0 0 0 0 0 0 0 0 
342 8 0 0 0 0 0 0 0 0 0 0 0 
343 8 0 0 0 0 0 0 0 0 0 0 0 
344 8 0 0 0 0 0 0 0 0 0 0 0 
345 8 0 0 0 0 0 0 0 0 0 0 0 
346 8 0 0 0 0 0 0 0 0 0 0 0 
347 8 0 0 0 0 0 0 0 0 0 0 0 
348 8 0 0 0 0 0 0 0 0 0 0 0 
349 8 0 0 0 0 0 0 0 0 0 0 0 
350 8 0 0 0 0 0 0 0 0 0 0 0 
351 8 0 0 0 0 0 0 0 0 0 0 0 
352 8 0 0 0 0 0 0 0 0 0 0 0 
353 8 0 0 0 0 0 0 0 0 0 0 0 
354 8 0 0 0 0 0 0 0 0 0 0 0 
355 8 0 0 0 0 0 0 0 0 0 0 0 
356 8 0 0 0 0 0 0 0 0 0 0 0 
357 8 0 0 0 0 0 0 0 0 0 0 0 
358 8 0 0 0 0 0 0 0 0 0 0 0 
359 8 0 0 0 0 0 0 0 0 0 0 0 
360 8 0 0 0 0 0 0 0 0 0 0 0 
361 8 0 0 0 0 0 0 0 0 0 0 0 
362 8 0 0 0 0 0 0 0 0 0 0 0 
363 8 0 0 0 0 0 0 0 0 0 0 0 
364 8 0 0 0 0 0 0 0 0 0 0 0 
365 8 0 0 0 0 0 0 0 0 0 0 0 
366 8 0 0 0 0 0 0 0 0 0 0 0 
367 8 0 0 0 0 0 0 0 0 0 0 0 
368 8 0 0 0 0 0 0 0 0 0 0 0 
369 8 0 0 0 0 0 0 0 0 0 0 0 
370 8 0 0 0 0 0 0 0 0 0 0 0 
371 8 0 0 0 0 0 0 0 0 0 0 0 
372 8 0 0 0 0 0 0 0 0 0 0 0 
373 8 0 0 0 0 0 0 0 0 0 0 0 
374 8 0 0 0 0 0 0 0 0 0 0 0 
375 8 0 0 0 0 0 0 0 0 0 0 0 
376 8 0 0 0 0 0 0 0 0 0 0 0 
377 8 0 0 0 0 0 0 0 0 0 0 0 
378 8 0 0 0 0 0 0 0 0 0 0 0 
379 8 0 0 0 0 0 0 0 0 0 0 0 
380 8 0 0 0 0 0 0 0 0 0 0 0 
381 8 0 0 0 0 0 0 0 0 0 0 0 
382 8 0 0 0 0 0 0 0 0 0 0 0 
383 8 -1 14 2 37 -1 -1 -1 -1 -1 1 238 
384 8 -1 221 4 19 -1 -1 -1 -1 -1 0 1040 
385 8 8 0 0 0 0 0 0 0 0 0 0 
386 8 -1 281 1 17 -1 -1 -1 -1 -1 2 18 
387 8 0 0 0 0 0 0 0 0 0 0 0 
388 8 0 0 0 0 0 0 0 0 0 0 0 
389 8 13 0 0 0 0 0 0 0 0 0 0 
390 8 14 0 0 0 0 0 0 0 0 0 0 
391 8 -1 344 0 19 -1 -1 -1 -1 -1 3 -24 
392 8 -1 228 2 34 -1 -1 -1 -1 -1 0 185 
393 8 -1 120 1 13 -1 -1 -1 -1 -1 3 -12 
394 8 25 0 0 0 0 0 0 0 0 0 0 
395 8 0 0 0 0 0 0 0 0 0 0 0 
396 8 0 0 0 0 0 0 0 0 0 0 0 
397 8 0 0 0 0 0 0 0 0 0 0 0 
398 8 0 0 0 0 0 0 0 0 0 0 0 
399 8 27 0 0 0 0 0 0 0 0 0 0 
400 8 -1 60 0 29 -1 -1 -1 -1 -1 3 13 
401 8 0 0 0 0 0 0 0 0 0 0 0 
402 8 0 0 0 0 0 0 0 0 0 0 0 
403 8 0 0 0 0 0 0 0 0 0 0 0 
404 8 0 0 0 0 0 0 0 0 0 0 0 
405 8 0 0 0 0 0 0 0 0 0 0 0 
406 8 0 0 0 0 0 0 0 0 0 0 0 
407 8 0 0 0 0 0 0 0 0 0 0 0 
408 8 0 0 0 0 0 0 0 0 0 0 0 
409 8 0 0 0 0 0 0 0 0 0 0 0 
410 8 0 0 0 0 0 0 0 0 0 0 0 
411 8 0 0 0 0 0 0 0 0 0 0 0 
412 8 0 0 0 0 0 0 0 0 0 0 0 
413 8 0 0 0 0 0 0 0 0 0 0 0 
414 8 0 0 0 0 0 0 0 0 0 0 0 
415 8 0 0 0 0 0 0 0 0 0 0 0 
416 8 0 0 0 0 0 0 0 0 0 0 0 
417 8 0 0 0 0 0 0 0 0 0 0 0 
418 8 0 0 0 0 0 0 0 0 0 0 0 
419 8 0 0 0 0 0 0 0 0 0 0 0 
420 8 0 0 0 0 0 0 0 0 0 0 0 
421 8 0 0 0 0 0 0 0 0 0 0 0 
422 8 0 0 0 0 0 0 0 0 0 0 0 
423 8 0 0 0 0 0 0 0 0 0 0 0 
424 8 0 0 0 0 0 0 0 0 0 0 0 
425 8 0 0 0 0 0 0 0 0 0 0 0 
426 8 0 0 0 0 0 0 0 0 0 0 0 
427 8 -1 146 3 20 -1 -1 -1 -1 -1 1 -105 
428 8 39 0 0 0 0 0 0 0 0 0 0 
429 8 0 0 0 0 0 0 0 0 0 0 0 
430 8 0 0 0 0 0 0 0 0 0 0 0 
431 8 0 0 0 0 0 0 0 0 0 0 0 
432 8 0 0 0 0 0 0 0 0 0 0 0 
433 8 0 0 0 0 0 0 0 0 0 0 0 
434 8 0 0 0 0 0 0 0 0 0 0 0 
435 8 0 0 0 0 0 0 0 0 0 0 0 
436 8 0 0 0 0 0 0 0 0 0 0 0 
437 8 -1 31 2 14 -1 -1 -1 -1 -1 0 4264 
438 8 47 0 0 0 0 0 0 0 0 0 0 
439 8 0 0 0 0 0 0 0 0 0 0 0 
440 8 0 0 0 0 0 0 0 0 0 0 0 
441 8 0 0 0 0 0 0 0 0 0 0 0 
442 8 0 0 0 0 0 0 0 0 0 0 0 
443 8 0 0 0 0 0 0 0 0 0 0 0 
444 8 0 0 0 0 0 0 0 0 0 0 0 
445 8 0 0 0 0 0 0 0 0 0 0 0 
446 8 0 0 0 0 0 0 0 0 0 0 0 
447 8 0 0 0 0 0 0 0 0 0 0 0 
448 8 0 0 0 0 0 0 0 0 0 0 0 
449 8 0 0 0 0 0 0 0 0 0 0 0 
450 8 0 0 0 0 0 0 0 0 0 0 0 
451 8 0 0 0 0 0 0 0 0 0 0 0 
452 8 0 0 0 0 0 0 0 0 0 0 0 
453 8 0 0 0 0 0 0 0 0 0 0 0 
454 8 0 0 0 0 0 0 0 0 0 0 0 
455 8 0 0 0 0 0 0 0 0 0 0 0 
456 8 0 0 0 0 0 0 0 0 0 0 0 
457 8 0 0 0 0 0 0 0 0 0 0 0 
458 8 0 0 0 0 0 0 0 0 0 0 0 
459 8 0 0 0 0 0 0 0 0 0 0 0 
460 8 0 0 0 0 0 0 0 0 0 0 0 
461 8 0 0 0 0 0 0 0 0 0 0 0 
462 8 0 0 0 0 0 0 0 0 0 0 0 
463 8 -1 241 3 18 -1 -1 -1 -1 -1 2 15 
464 8 -1 152 4 33 -1 -1 -1 -1 -1 1 963 
465 8 0 0 0 0 0 0 0 0 0 0 0 
466 8 0 0 0 0 0 0 0 0 0 0 0 
467 8 0 0 0 0 0 0 0 0 0 0 0 
468 8 0 0 0 0 0 0 0 0 0 0 0 
469 8 0 0 0 0 0 0 0 0 0 0 0 
470 8 0 0 0 0 0 0 0 0 0 0 0 
471 8 0 0 0 0 0 0 0 0 0 0 0 
472 8 0 0 0 0 0 0 0 0 0 0 0 
473 8 0 0 0 0 0 0 0 0 0 0 0 
474 8 0 0 0 0 0 0 0 0 0 0 0 
475 8 0 0 0 0 0 0 0 0 0 0 0 
476 8 0 0 0 0 0 0 0 0 0 0 0 
477 8 0 0 0 0 0 0 0 0 0 0 0 
478 8 0 0 0 0 0 0 0 0 0 0 0 
479 8 0 0 0 0 0 0 0 0 0 0 0 
480 8 0 0 0 0 0 0 0 0 0 0 0 
481 8 0 0 0 0 0 0 0 0 0 0 0 
482 8 0 0 0 0 0 0 0 0 0 0 0 
483 8 0 0 0 0 0 0 0 0 0 0 0 
484 8 0 0 0 0 0 0 0 0 0 0 0 
485 8 0 0 0 0 0 0 0 0 0 0 0 
486 8 0 0 0 0 0 0 0 0 0 0 0 
487 8 0 0 0 0 0 0 0 0 0 0 0 
488 8 0 0 0 0 0 0 0 0 0 0 0 
489 8 0 0 0 0 0 0 0 0 0 0 0 
490 8 0 0 0 0 0 0 0 0 0 0 0 
491 8 0 0 0 0 0 0 0 0 0 0 0 
492 8 0 0 0 0 0 0 0 0 0 0 0 
493 8 0 0 0 0 0 0 0 0 0 0 0 
494 8 0 0 0 0 0 0 0 0 0 0 0 
495 8 0 0 0 0 0 0 0 0 0 0 0 
496 8 0 0 0 0 0 0 0 0 0 0 0 
497 8 0 0 0 0 0 0 0 0 0 0 0 
498 8 0 0 0 0 0 0 0 0 0 0 0 
499 8 0 0 0 0 0 0 0 0 0 0 0 
500 8 0 0 0 0 0 0 0 0 0 0 0 
501 8 0 0 0 0 0 0 0 0 0 0 0 
502 8 0 0 0 0 0 0 0 0 0 0 0 
503 8 0 0 0 0 0 0 0 0 0 0 0 
504 8 0 0 0 0 0 0 0 0 0 0 0 
505 8 0 0 0 0 0 0 0 0 0 0 0 
506 8 0 0 0 0 0 0 0 0 0 0 0 
507 8 0 0 0 0 0 0 0 0 0 0 0 
508 8 0 0 0 0 0 0 0 0 0 0 0 
509 8 0 0 0 0 0 0 0 0 0 0 0 
510 8 0 0 0 0 0 0 0 0 0 0 0 
511 9 0 0 0 0 0 0 0 0 0 0 0 
512 9 0 0 0 0 0 0 0 0 0 0 0 
513 9 0 0 0 0 0 0 0 0 0 0 0 
514 9 0 0 0 0 0 0 0 0 0 0 0 
515 9 0 0 0 0 0 0 0 0 0 0 0 
516 9 0 0 0 0 0 0 0 0 0 0 0 
517 9 0 0 0 0 0 0 0 0 0 0 0 
518 9 0 0 0 0 0 0 0 0 0 0 0 
519 9 0 0 0 0 0 0 0 0 0 0 0 
520 9 0 0 0 0 0 0 0 0 0 0 0 
521 9 0 0 0 0 0 0 0 0 0 0 0 
522 9 0 0 0 0 0 0 0 0 0 0 0 
523 9 0 0 0 0 0 0 0 0 0 0 0 
524 9 0 0 0 0 0 0 0 0 0 0 0 
525 9 0 0 0 0 0 0 0 0 0 0 0 
526 9 0 0 0 0 0 0 0 0 0 0 0 
527 9 0 0 0 0 0 0 0 0 0 0 0 
528 9 0 0 0 0 0 0 0 0 0 0 0 
529 9 0 0 0 0 0 0 0 0 0 0 0 
530 9 0 0 0 0 0 0 0 0 0 0 0 
531 9 0 0 0 0 0 0 0 0 0 0 0 
532 9 0 0 0 0 0 0 0 0 0 0 0 
533 9 0 0 0 0 0 0 0 0 0 0 0 
534 9 0 0 0 0 0 0 0 0 0 0 0 
535 9 0 0 0 0 0 0 0 0 0 0 0 
536 9 0 0 0 0 0 0 0 0 0 0 0 
537 9 0 0 0 0 0 0 0 0 0 0 0 
538 9 0 0 0 0 0 0 0 0 0 0 0 
539 9 0 0 0 0 0 0 0 0 0 0 0 
540 9 0 0 0 0 0 0 0 0 0 0 0 
541 9 0 0 0 0 0 0 0 0 0 0 0 
542 9 0 0 0 0 0 0 0 0 0 0 0 
543 9 0 0 0 0 0 0 0 0 0 0 0 
544 9 0 0 0 0 0 0 0 0 0 0 0 
545 9 0 0 0 0 0 0 0 0 0 0 0 
546 9 0 0 0 0 0 0 0 0 0 0 0 
547 9 0 0 0 0 0 0 0 0 0 0 0 
548 9 0 0 0 0 0 0 0 0 0 0 0 
549 9 0 0 0 0 0 0 0 0 0 0 0 
550 9 0 0 0 0 0 0 0 0 0 0 0 
551 9 0 0 0 0 0 0 0 0 0 0 0 
552 9 0 0 0 0 0 0 0 0 0 0 0 
553 9 0 0 0 0 0 0 0 0 0 0 0 
554 9 0 0 0 0 0 0 0 0 0 0 0 
555 9 0 0 0 0 0 0 0 0 0 0 0 
556 9 0 0 0 0 0 0 0 0 0 0 0 
557 9 0 0 0 0 0 0 0 0 0 0 0 
558 9 0 0 0 0 0 0 0 0 0 0 0 
559 9 0 0 0 0 0 0 0 0 0 0 0 
560 9 0 0 0 0 0 0 0 0 0 0 0 
561 9 0 0 0 0 0 0 0 0 0 0 0 
562 9 0 0 0 0 0 0 0 0 0 0 0 
563 9 0 0 0 0 0 0 0 0 0 0 0 
564 9 0 0 0 0 0 0 0 0 0 0 0 
565 9 0 0 0 0 0 0 0 0 0 0 0 
566 9 0 0 0 0 0 0 0 0 0 0 0 
567 9 0 0 0 0 0 0 0 0 0 0 0 
568 9 0 0 0 0 0 0 0 0 0 0 0 
569 9 0 0 0 0 0 0 0 0 0 0 0 
570 9 0 0 0 0 0 0 0 0 0 0 0 
571 9 0 0 0 0 0 0 0 0 0 0 0 
572 9 0 0 0 0 0 0 0 0 0 0 0 
573 9 0 0 0 0 0 0 0 0 0 0 0 
574 9 0 0 0 0 0 0 0 0 0 0 0 
575 9 0 0 0 0 0 0 0 0 0 0 0 
576 9 0 0 0 0 0 0 0 0 0 0 0 
577 9 0 0 0 0 0 0 0 0 0 0 0 
578 9 0 0 0 0 0 0 0 0 0 0 0 
579 9 0 0 0 0 0 0 0 0 0 0 0 
580 9 0 0 0 0 0 0 0 0 0 0 0 
581 9 0 0 0 0 0 0 0 0 0 0 0 
582 9 0 0 0 0 0 0 0 0 0 0 0 
583 9 0 0 0 0 0 0 0 0 0 0 0 
584 9 0 0 0 0 0 0 0 0 0 0 0 
585 9 0 0 0 0 0 0 0 0 0 0 0 
586 9 0 0 0 0 0 0 0 0 0 0 0 
587 9 0 0 0 0 0 0 0 0 0 0 0 
588 9 0 0 0 0 0 0 0 0 0 0 0 
589 9 0 0 0 0 0 0 0 0 0 0 0 
590 9 0 0 0 0 0 0 0 0 0 0 0 
591 9 0 0 0 0 0 0 0 0 0 0 0 
592 9 0 0 0 0 0 0 0 0 0 0 0 
593 9 0 0 0 0 0 0 0 0 0 0 0 
594 9 0 0 0 0 0 0 0 0 0 0 0 
595 9 0 0 0 0 0 0 0 0 0 0 0 
596 9 0 0 0 0 0 0 0 0 0 0 0 
597 9 0 0 0 0 0 0 0 0 0 0 0 
598 9 0 0 0 0 0 0 0 0 0 0 0 
599 9 0 0 0 0 0 0 0 0 0 0 0 
600 9 0 0 0 0 0 0 0 0 0 0 0 
601 9 0 0 0 0 0 0 0 0 0 0 0 
602 9 0 0 0 0 0 0 0 0 0 0 0 
603 9 0 0 0 0 0 0 0 0 0 0 0 
604 9 0 0 0 0 0 0 0 0 0 0 0 
605 9 0 0 0 0 0 0 0 0 0 0 0 
606 9 0 0 0 0 0 0 0 0 0 0 0 
607 9 0 0 0 0 0 0 0 0 0 0 0 
608 9 0 0 0 0 0 0 0 0 0 0 0 
609 9 0 0 0 0 0 0 0 0 0 0 0 
610 9 0 0 0 0 0 0 0 0 0 0 0 
611 9 0 0 0 0 0 0 0 0 0 0 0 
612 9 0 0 0 0 0 0 0 0 0 0 0 
613 9 0 0 0 0 0 0 0 0 0 0 0 
614 9 0 0 0 0 0 0 0 0 0 0 0 
615 9 0 0 0 0 0 0 0 0 0 0 0 
616 9 0 0 0 0 0 0 0 0 0 0 0 
617 9 0 0 0 0 0 0 0 0 0 0 0 
618 9 0 0 0 0 0 0 0 0 0 0 0 
619 9 0 0 0 0 0 0 0 0 0 0 0 
620 9 0 0 0 0 0 0 0 0 0 0 0 
621 9 0 0 0 0 0 0 0 0 0 0 0 
622 9 0 0 0 0 0 0 0 0 0 0 0 
623 9 0 0 0 0 0 0 0 0 0 0 0 
624 9 0 0 0 0 0 0 0 0 0 0 0 
625 9 0 0 0 0 0 0 0 0 0 0 0 
626 9 0 0 0 0 0 0 0 0 0 0 0 
627 9 0 0 0 0 0 0 0 0 0 0 0 
628 9 0 0 0 0 0 0 0 0 0 0 0 
629 9 0 0 0 0 0 0 0 0 0 0 0 
630 9 0 0 0 0 0 0 0 0 0 0 0 
631 9 0 0 0 0 0 0 0 0 0 0 0 
632 9 0 0 0 0 0 0 0 0 0 0 0 
633 9 0 0 0 0 0 0 0 0 0 0 0 
634 9 0 0 0 0 0 0 0 0 0 0 0 
635 9 0 0 0 0 0 0 0 0 0 0 0 
636 9 0 0 0 0 0 0 0 0 0 0 0 
637 9 0 0 0 0 0 0 0 0 0 0 0 
638 9 0 0 0 0 0 0 0 0 0 0 0 
639 9 0 0 0 0 0 0 0 0 0 0 0 
640 9 0 0 0 0 0 0 0 0 0 0 0 
641 9 0 0 0 0 0 0 0 0 0 0 0 
642 9 0 0 0 0 0 0 0 0 0 0 0 
643 9 0 0 0 0 0 0 0 0 0 0 0 
644 9 0 0 0 0 0 0 0 0 0 0 0 
645 9 0 0 0 0 0 0 0 0 0 0 0 
646 9 0 0 0 0 0 0 0 0 0 0 0 
647 9 0 0 0 0 0 0 0 0 0 0 0 
648 9 0 0 0 0 0 0 0 0 0 0 0 
649 9 0 0 0 0 0 0 0 0 0 0 0 
650 9 0 0 0 0 0 0 0 0 0 0 0 
651 9 0 0 0 0 0 0 0 0 0 0 0 
652 9 0 0 0 0 0 0 0 0 0 0 0 
653 9 0 0 0 0 0 0 0 0 0 0 0 
654 9 0 0 0 0 0 0 0 0 0 0 0 
655 9 0 0 0 0 0 0 0 0 0 0 0 
656 9 0 0 0 0 0 0 0 0 0 0 0 
657 9 0 0 0 0 0 0 0 0 0 0 0 
658 9 0 0 0 0 0 0 0 0 0 0 0 
659 9 0 0 0 0 0 0 0 0 0 0 0 
660 9 0 0 0 0 0 0 0 0 0 0 0 
661 9 0 0 0 0 0 0 0 0 0 0 0 
662 9 0 0 0 0 0 0 0 0 0 0 0 
663 9 0 0 0 0 0 0 0 0 0 0 0 
664 9 0 0 0 0 0 0 0 0 0 0 0 
665 9 0 0 0 0 0 0 0 0 0 0 0 
666 9 0 0 0 0 0 0 0 0 0 0 0 
667 9 0 0 0 0 0 0 0 0 0 0 0 
668 9 0 0 0 0 0 0 0 0 0 0 0 
669 9 0 0 0 0 0 0 0 0 0 0 0 
670 9 0 0 0 0 0 0 0 0 0 0 0 
671 9 0 0 0 0 0 0 0 0 0 0 0 
672 9 0 0 0 0 0 0 0 0 0 0 0 
673 9 0 0 0 0 0 0 0 0 0 0 0 
674 9 0 0 0 0 0 0 0 0 0 0 0 
675 9 0 0 0 0 0 0 0 0 0 0 0 
676 9 0 0 0 0 0 0 0 0 0 0 0 
677 9 0 0 0 0 0 0 0 0 0 0 0 
678 9 0 0 0 0 0 0 0 0 0 0 0 
679 9 0 0 0 0 0 0 0 0 0 0 0 
680 9 0 0 0 0 0 0 0 0 0 0 0 
681 9 0 0 0 0 0 0 0 0 0 0 0 
682 9 0 0 0 0 0 0 0 0 0 0 0 
683 9 0 0 0 0 0 0 0 0 0 0 0 
684 9 0 0 0 0 0 0 0 0 0 0 0 
685 9 0 0 0 0 0 0 0 0 0 0 0 
686 9 0 0 0 0 0 0 0 0 0 0 0 
687 9 0 0 0 0 0 0 0 0 0 0 0 
688 9 0 0 0 0 0 0 0 0 0 0 0 
689 9 0 0 0 0 0 0 0 0 0 0 0 
690 9 0 0 0 0 0 0 0 0 0 0 0 
691 9 0 0 0 0 0 0 0 0 0 0 0 
692 9 0 0 0 0 0 0 0 0 0 0 0 
693 9 0 0 0 0 0 0 0 0 0 0 0 
694 9 0 0 0 0 0 0 0 0 0 0 0 
695 9 0 0 0 0 0 0 0 0 0 0 0 
696 9 0 0 0 0 0 0 0 0 0 0 0 
697 9 0 0 0 0 0 0 0 0 0 0 0 
698 9 0 0 0 0 0 0 0 0 0 0 0 
699 9 0 0 0 0 0 0 0 0 0 0 0 
700 9 0 0 0 0 0 0 0 0 0 0 0 
701 9 0 0 0 0 0 0 0 0 0 0 0 
702 9 0 0 0 0 0 0 0 0 0 0 0 
703 9 0 0 0 0 0 0 0 0 0 0 0 
704 9 0 0 0 0 0 0 0 0 0 0 0 
705 9 0 0 0 0 0 0 0 0 0 0 0 
706 9 0 0 0 0 0 0 0 0 0 0 0 
707 9 0 0 0 0 0 0 0 0 0 0 0 
708 9 0 0 0 0 0 0 0 0 0 0 0 
709 9 0 0 0 0 0 0 0 0 0 0 0 
710 9 0 0 0 0 0 0 0 0 0 0 0 
711 9 0 0 0 0 0 0 0 0 0 0 0 
712 9 0 0 0 0 0 0 0 0 0 0 0 
713 9 0 0 0 0 0 0 0 0 0 0 0 
714 9 0 0 0 0 0 0 0 0 0 0 0 
715 9 0 0 0 0 0 0 0 0 0 0 0 
716 9 0 0 0 0 0 0 0 0 0 0 0 
717 9 0 0 0 0 0 0 0 0 0 0 0 
718 9 0 0 0 0 0 0 0 0 0 0 0 
719 9 0 0 0 0 0 0 0 0 0 0 0 
720 9 0 0 0 0 0 0 0 0 0 0 0 
721 9 0 0 0 0 0 0 0 0 0 0 0 
722 9 0 0 0 0 0 0 0 0 0 0 0 
723 9 0 0 0 0 0 0 0 0 0 0 0 
724 9 0 0 0 0 0 0 0 0 0 0 0 
725 9 0 0 0 0 0 0 0 0 0 0 0 
726 9 0 0 0 0 0 0 0 0 0 0 0 
727 9 0 0 0 0 0 0 0 0 0 0 0 
728 9 0 0 0 0 0 0 0 0 0 0 0 
729 9 0 0 0 0 0 0 0 0 0 0 0 
730 9 0 0 0 0 0 0 0 0 0 0 0 
731 9 0 0 0 0 0 0 0 0 0 0 0 
732 9 0 0 0 0 0 0 0 0 0 0 0 
733 9 0 0 0 0 0 0 0 0 0 0 0 
734 9 0 0 0 0 0 0 0 0 0 0 0 
735 9 0 0 0 0 0 0 0 0 0 0 0 
736 9 0 0 0 0 0 0 0 0 0 0 0 
737 9 0 0 0 0 0 0 0 0 0 0 0 
738 9 0 0 0 0 0 0 0 0 0 0 0 
739 9 0 0 0 0 0 0 0 0 0 0 0 
740 9 0 0 0 0 0 0 0 0 0 0 0 
741 9 0 0 0 0 0 0 0 0 0 0 0 
742 9 0 0 0 0 0 0 0 0 0 0 0 
743 9 0 0 0 0 0 0 0 0 0 0 0 
744 9 0 0 0 0 0 0 0 0 0 0 0 
745 9 0 0 0 0 0 0 0 0 0 0 0 
746 9 0 0 0 0 0 0 0 0 0 0 0 
747 9 0 0 0 0 0 0 0 0 0 0 0 
748 9 0 0 0 0 0 0 0 0 0 0 0 
749 9 0 0 0 0 0 0 0 0 0 0 0 
750 9 0 0 0 0 0 0 0 0 0 0 0 
751 9 0 0 0 0 0 0 0 0 0 0 0 
752 9 0 0 0 0 0 0 0 0 0 0 0 
753 9 0 0 0 0 0 0 0 0 0 0 0 
754 9 0 0 0 0 0 0 0 0 0 0 0 
755 9 0 0 0 0 0 0 0 0 0 0 0 
756 9 0 0 0 0 0 0 0 0 0 0 0 
757 9 0 0 0 0 0 0 0 0 0 0 0 
758 9 0 0 0 0 0 0 0 0 0 0 0 
759 9 0 0 0 0 0 0 0 0 0 0 0 
760 9 0 0 0 0 0 0 0 0 0 0 0 
761 9 0 0 0 0 0 0 0 0 0 0 0 
762 9 0 0 0 0 0 0 0 0 0 0 0 
763 9 0 0 0 0 0 0 0 0 0 0 0 
764 9 0 0 0 0 0 0 0 0 0 0 0 
765 9 0 0 0 0 0 0 0 0 0 0 0 
766 9 0 0 0 0 0 0 0 0 0 0 0 
767 9 -1 195 2 36 -1 -1 -1 -1 -1 2 126 
768 9 -1 224 2 32 -1 -1 -1 -1 -1 2 256 
769 9 5 0 0 0 0 0 0 0 0 0 0 
770 9 -1 7 3 13 -1 -1 -1 -1 -1 1 -18 
771 9 0 0 0 0 0 0 0 0 0 0 0 
772 9 0 0 0 0 0 0 0 0 0 0 0 
773 9 9 0 0 0 0 0 0 0 0 0 0 
774 9 -1 309 1 14 -1 -1 -1 -1 -1 2 45 
775 9 0 0 0 0 0 0 0 0 0 0 0 
776 9 0 0 0 0 0 0 0 0 0 0 0 
777 9 0 0 0 0 0 0 0 0 0 0 0 
778 9 0 0 0 0 0 0 0 0 0 0 0 
779 9 0 0 0 0 0 0 0 0 0 0 0 
780 9 0 0 0 0 0 0 0 0 0 0 0 
781 9 0 0 0 0 0 0 0 0 0 0 0 
782 9 0 0 0 0 0 0 0 0 0 0 0 
783 9 -1 341 3 35 -1 -1 -1 -1 -1 1 -1 
784 9 -1 221 4 16 -1 -1 -1 -1 -1 2 3073 
785 9 -1 120 4 26 -1 -1 -1 -1 -1 3 796 
786 9 21 0 0 0 0 0 0 0 0 0 0 
787 9 -1 160 4 10 -1 -1 -1 -1 -1 0 5291 
788 9 24 0 0 0 0 0 0 0 0 0 0 
789 9 0 0 0 0 0 0 0 0 0 0 0 
790 9 0 0 0 0 0 0 0 0 0 0 0 
791 9 0 0 0 0 0 0 0 0 0 0 0 
792 9 0 0 0 0 0 0 0 0 0 0 0 
793 9 0 0 0 0 0 0 0 0 0 0 0 
794 9 0 0 0 0 0 0 0 0 0 0 0 
795 9 0 0 0 0 0 0 0 0 0 0 0 
796 9 0 0 0 0 0 0 0 0 0 0 0 
797 9 0 0 0 0 0 0 0 0 0 0 0 
798 9 0 0 0 0 0 0 0 0 0 0 0 
799 9 0 0 0 0 0 0 0 0 0 0 0 
800 9 0 0 0 0 0 0 0 0 0 0 0 
801 9 -1 353 0 12 -1 -1 -1 -1 -1 2 -19 
802 9 30 0 0 0 0 0 0 0 0 0 0 
803 9 0 0 0 0 0 0 0 0 0 0 0 
804 9 0 0 0 0 0 0 0 0 0 0 0 
805 9 0 0 0 0 0 0 0 0 0 0 0 
806 9 0 0 0 0 0 0 0 0 0 0 0 
807 9 0 0 0 0 0 0 0 0 0 0 0 
808 9 0 0 0 0 0 0 0 0 0 0 0 
809 9 0 0 0 0 0 0 0 0 0 0 0 
810 9 0 0 0 0 0 0 0 0 0 0 0 
811 9 0 0 0 0 0 0 0 0 0 0 0 
812 9 0 0 0 0 0 0 0 0 0 0 0 
813 9 0 0 0 0 0 0 0 0 0 0 0 
814 9 0 0 0 0 0 0 0 0 0 0 0 
815 9 0 0 0 0 0 0 0 0 0 0 0 
816 9 0 0 0 0 0 0 0 0 0 0 0 
817 9 0 0 0 0 0 0 0 0 0 0 0 
818 9 0 0 0 0 0 0 0 0 0 0 0 
819 9 0 0 0 0 0 0 0 0 0 0 0 
820 9 0 0 0 0 0 0 0 0 0 0 0 
821 9 0 0 0 0 0 0 0 0 0 0 0 
822 9 0 0 0 0 0 0 0 0 0 0 0 
823 9 0 0 0 0 0 0 0 0 0 0 0 
824 9 0 0 0 0 0 0 0 0 0 0 0 
825 9 0 0 0 0 0 0 0 0 0 0 0 
826 9 0 0 0 0 0 0 0 0 0 0 0 
827 9 0 0 0 0 0 0 0 0 0 0 0 
828 9 0 0 0 0 0 0 0 0 0 0 0 
829 9 0 0 0 0 0 0 0 0 0 0 0 
830 9 0 0 0 0 0 0 0 0 0 0 0 
831 9 0 0 0 0 0 0 0 0 0 0 0 
832 9 0 0 0 0 0 0 0 0 0 0 0 
833 9 0 0 0 0 0 0 0 0 0 0 0 
834 9 0 0 0 0 0 0 0 0 0 0 0 
835 9 0 0 0 0 0 0 0 0 0 0 0 
836 9 0 0 0 0 0 0 0 0 0 0 0 
837 9 0 0 0 0 0 0 0 0 0 0 0 
838 9 0 0 0 0 0 0 0 0 0 0 0 
839 9 0 0 0 0 0 0 0 0 0 0 0 
840 9 0 0 0 0 0 0 0 0 0 0 0 
841 9 0 0 0 0 0 0 0 0 0 0 0 
842 9 0 0 0 0 0 0 0 0 0 0 0 
843 9 0 0 0 0 0 0 0 0 0 0 0 
844 9 0 0 0 0 0 0 0 0 0 0 0 
845 9 0 0 0 0 0 0 0 0 0 0 0 
846 9 0 0 0 0 0 0 0 0 0 0 0 
847 9 0 0 0 0 0 0 0 0 0 0 0 
848 9 0 0 0 0 0 0 0 0 0 0 0 
849 9 0 0 0 0 0 0 0 0 0 0 0 
850 9 0 0 0 0 0 0 0 0 0 0 0 
851 9 0 0 0 0 0 0 0 0 0 0 0 
852 9 0 0 0 0 0 0 0 0 0 0 0 
853 9 0 0 0 0 0 0 0 0 0 0 0 
854 9 0 0 0 0 0 0 0 0 0 0 0 
855 9 36 0 0 0 0 0 0 0 0 0 0 
856 9 -1 56 1 18 -1 -1 -1 -1 -1 3 6 
857 9 0 0 0 0 0 0 0 0 0 0 0 
858 9 0 0 0 0 0 0 0 0 0 0 0 
859 9 0 0 0 0 0 0 0 0 0 0 0 
860 9 0 0 0 0 0 0 0 0 0 0 0 
861 9 0 0 0 0 0 0 0 0 0 0 0 
862 9 0 0 0 0 0 0 0 0 0 0 0 
863 9 0 0 0 0 0 0 0 0 0 0 0 
864 9 0 0 0 0 0 0 0 0 0 0 0 
865 9 0 0 0 0 0 0 0 0 0 0 0 
866 9 0 0 0 0 0 0 0 0 0 0 0 
867 9 0 0 0 0 0 0 0 0 0 0 0 
868 9 0 0 0 0 0 0 0 0 0 0 0 
869 9 0 0 0 0 0 0 0 0 0 0 0 
870 9 0 0 0 0 0 0 0 0 0 0 0 
871 9 0 0 0 0 0 0 0 0 0 0 0 
872 9 0 0 0 0 0 0 0 0 0 0 0 
873 9 0 0 0 0 0 0 0 0 0 0 0 
874 9 0 0 0 0 0 0 0 0 0 0 0 
875 9 -1 52 2 25 -1 -1 -1 -1 -1 1 1011 
876 9 -1 270 4 16 -1 -1 -1 -1 -1 0 3110 
877 9 0 0 0 0 0 0 0 0 0 0 0 
878 9 0 0 0 0 0 0 0 0 0 0 0 
879 9 0 0 0 0 0 0 0 0 0 0 0 
880 9 0 0 0 0 0 0 0 0 0 0 0 
881 9 0 0 0 0 0 0 0 0 0 0 0 
882 9 0 0 0 0 0 0 0 0 0 0 0 
883 9 0 0 0 0 0 0 0 0 0 0 0 
884 9 0 0 0 0 0 0 0 0 0 0 0 
885 9 0 0 0 0 0 0 0 0 0 0 0 
886 9 0 0 0 0 0 0 0 0 0 0 0 
887 9 0 0 0 0 0 0 0 0 0 0 0 
888 9 0 0 0 0 0 0 0 0 0 0 0 
889 9 0 0 0 0 0 0 0 0 0 0 0 
890 9 0 0 0 0 0 0 0 0 0 0 0 
891 9 0 0 0 0 0 0 0 0 0 0 0 
892 9 0 0 0 0 0 0 0 0 0 0 0 
893 9 0 0 0 0 0 0 0 0 0 0 0 
894 9 0 0 0 0 0 0 0 0 0 0 0 
895 9 0 0 0 0 0 0 0 0 0 0 0 
896 9 0 0 0 0 0 0 0 0 0 0 0 
897 9 0 0 0 0 0 0 0 0 0 0 0 
898 9 0 0 0 0 0 0 0 0 0 0 0 
899 9 0 0 0 0 0 0 0 0 0 0 0 
900 9 0 0 0 0 0 0 0 0 0 0 0 
901 9 0 0 0 0 0 0 0 0 0 0 0 
902 9 0 0 0 0 0 0 0 0 0 0 0 
903 9 0 0 0 0 0 0 0 0 0 0 0 
904 9 0 0 0 0 0 0 0 0 0 0 0 
905 9 0 0 0 0 0 0 0 0 0 0 0 
906 9 0 0 0 0 0 0 0 0 0 0 0 
907 9 0 0 0 0 0 0 0 0 0 0 0 
908 9 0 0 0 0 0 0 0 0 0 0 0 
909 9 0 0 0 0 0 0 0 0 0 0 0 
910 9 0 0 0 0 0 0 0 0 0 0 0 
911 9 0 0 0 0 0 0 0 0 0 0 0 
912 9 0 0 0 0 0 0 0 0 0 0 0 
913 9 0 0 0 0 0 0 0 0 0 0 0 
914 9 0 0 0 0 0 0 0 0 0 0 0 
915 9 0 0 0 0 0 0 0 0 0 0 0 
916 9 0 0 0 0 0 0 0 0 0 0 0 
917 9 0 0 0 0 0 0 0 0 0 0 0 
918 9 0 0 0 0 0 0 0 0 0 0 0 
919 9 0 0 0 0 0 0 0 0 0 0 0 
920 9 0 0 0 0 0 0 0 0 0 0 0 
921 9 0 0 0 0 0 0 0 0 0 0 0 
922 9 0 0 0 0 0 0 0 0 0 0 0 
923 9 0 0 0 0 0 0 0 0 0 0 0 
924 9 0 0 0 0 0 0 0 0 0 0 0 
925 9 0 0 0 0 0 0 0 0 0 0 0 
926 9 0 0 0 0 0 0 0 0 0 0 0 
927 9 -1 126 0 31 -1 -1 -1 -1 -1 2 -9 
928 9 54 0 0 0 0 0 0 0 0 0 0 
929 9 -1 172 4 14 -1 -1 -1 -1 -1 3 21 
930 9 57 0 0 0 0 0 0 0 0 0 0 
931 9 0 0 0 0 0 0 0 0 0 0 0 
932 9 0 0 0 0 0 0 0 0 0 0 0 
933 9 0 0 0 0 0 0 0 0 0 0 0 
934 9 0 0 0 0 0 0 0 0 0 0 0 
935 9 0 0 0 0 0 0 0 0 0 0 0 
936 9 0 0 0 0 0 0 0 0 0 0 0 
937 9 0 0 0 0 0 0 0 0 0 0 0 
938 9 0 0 0 0 0 0 0 0 0 0 0 
939 9 0 0 0 0 0 0 0 0 0 0 0 
940 9 0 0 0 0 0 0 0 0 0 0 0 
941 9 0 0 0 0 0 0 0 0 0 0 0 
942 9 0 0 0 0 0 0 0 0 0 0 0 
943 9 0 0 0 0 0 0 0 0 0 0 0 
944 9 0 0 0 0 0 0 0 0 0 0 0 
945 9 0 0 0 0 0 0 0 0 0 0 0 
946 9 0 0 0 0 0 0 0 0 0 0 0 
947 9 0 0 0 0 0 0 0 0 0 0 0 
948 9 0 0 0 0 0 0 0 0 0 0 0 
949 9 0 0 0 0 0 0 0 0 0 0 0 
950 9 0 0 0 0 0 0 0 0 0 0 0 
951 9 0 0 0 0 0 0 0 0 0 0 0 
952 9 0 0 0 0 0 0 0 0 0 0 0 
953 9 0 0 0 0 0 0 0 0 0 0 0 
954 9 0 0 0 0 0 0 0 0 0 0 0 
955 9 0 0 0 0 0 0 0 0 0 0 0 
956 9 0 0 0 0 0 0 0 0 0 0 0 
957 9 0 0 0 0 0 0 0 0 0 0 0 
958 9 0 0 0 0 0 0 0 0 0 0 0 
959 9 0 0 0 0 0 0 0 0 0 0 0 
960 9 0 0 0 0 0 0 0 0 0 0 0 
961 9 0 0 0 0 0 0 0 0 0 0 0 
962 9 0 0 0 0 0 0 0 0 0 0 0 
963 9 0 0 0 0 0 0 0 0 0 0 0 
964 9 0 0 0 0 0 0 0 0 0 0 0 
965 9 0 0 0 0 0 0 0 0 0 0 0 
966 9 0 0 0 0 0 0 0 0 0 0 0 
967 9 0 0 0 0 0 0 0 0 0 0 0 
968 9 0 0 0 0 0 0 0 0 0 0 0 
969 9 0 0 0 0 0 0 0 0 0 0 0 
970 9 0 0 0 0 0 0 0 0 0 0 0 
971 9 0 0 0 0 0 0 0 0 0 0 0 
972 9 0 0 0 0 0 0 0 0 0 0 0 
973 9 0 0 0 0 0 0 0 0 0 0 0 
974 9 0 0 0 0 0 0 0 0 0 0 0 
975 9 0 0 0 0 0 0 0 0 0 0 0 
976 9 0 0 0 0 0 0 0 0 0 0 0 
977 9 0 0 0 0 0 0 0 0 0 0 0 
978 9 0 0 0 0 0 0 0 0 0 0 0 
979 9 0 0 0 0 0 0 0 0 0 0 0 
980 9 0 0 0 0 0 0 0 0 0 0 0 
981 9 0 0 0 0 0 0 0 0 0 0 0 
982 9 0 0 0 0 0 0 0 0 0 0 0 
983 9 0 0 0 0 0 0 0 0 0 0 0 
984 9 0 0 0 0 0 0 0 0 0 0 0 
985 9 0 0 0 0 0 0 0 0 0 0 0 
986 9 0 0 0 0 0 0 0 0 0 0 0 
987 9 0 0 0 0 0 0 0 0 0 0 0 
988 9 0 0 0 0 0 0 0 0 0 0 0 
989 9 0 0 0 0 0 0 0 0 0 0 0 
990 9 0 0 0 0 0 0 0 0 0 0 0 
991 9 0 0 0 0 0 0 0 0 0 0 0 
992 9 0 0 0 0 0 0 0 0 0 0 0 
993 9 0 0 0 0 0 0 0 0 0 0 0 
994 9 0 0 0 0 0 0 0 0 0 0 0 
995 9 0 0 0 0 0 0 0 0 0 0 0 
996 9 0 0 0 0 0 0 0 0 0 0 0 
997 9 0 0 0 0 0 0 0 0 0 0 0 
998 9 0 0 0 0 0 0 0 0 0 0 0 
999 9 0 0 0 0 0 0 0 0 0 0 0 
1000 9 0 0 0 0 0 0 0 0 0 0 0 
1001 9 0 0 0 0 0 0 0 0 0 0 0 
1002 9 0 0 0 0 0 0 0 0 0 0 0 
1003 9 0 0 0 0 0 0 0 0 0 0 0 
1004 9 0 0 0 0 0 0 0 0 0 0 0 
1005 9 0 0 0 0 0 0 0 0 0 0 0 
1006 9 0 0 0 0 0 0 0 0 0 0 0 
1007 9 0 0 0 0 0 0 0 0 0 0 0 
1008 9 0 0 0 0 0 0 0 0 0 0 0 
1009 9 0 0 0 0 0 0 0 0 0 0 0 
1010 9 0 0 0 0 0 0 0 0 0 0 0 
1011 9 0 0 0 0 0 0 0 0 0 0 0 
1012 9 0 0 0 0 0 0 0 0 0 0 0 
1013 9 0 0 0 0 0 0 0 0 0 0 0 
1014 9 0 0 0 0 0 0 0 0 0 0 0 
1015 9 0 0 0 0 0 0 0 0 0 0 0 
1016 9 0 0 0 0 0 0 0 0 0 0 0 
1017 9 0 0 0 0 0 0 0 0 0 0 0 
1018 9 0 0 0 0 0 0 0 0 0 0 0 
1019 9 0 0 0 0 0 0 0 0 0 0 0 
1020 9 0 0 0 0 0 0 0 0 0 0 0 
1021 9 0 0 0 0 0 0 0 0 0 0 0 
1022 9 0 0 0 0 0 0 0 0 0 0 0 
1023 10 0 0 0 0 0 0 0 0 0 0 0 
1024 10 0 0 0 0 0 0 0 0 0 0 0 
1025 10 0 0 0 0 0 0 0 0 0 0 0 
1026 10 0 0 0 0 0 0 0 0 0 0 0 
1027 10 0 0 0 0 0 0 0 0 0 0 0 
1028 10 0 0 0 0 0 0 0 0 0 0 0 
1029 10 0 0 0 0 0 0 0 0 0 0 0 
1030 10 0 0 0 0 0 0 0 0 0 0 0 
1031 10 0 0 0 0 0 0 0 0 0 0 0 
1032 10 0 0 0 0 0 0 0 0 0 0 0 
1033 10 0 0 0 0 0 0 0 0 0 0 0 
1034 10 0 0 0 0 0 0 0 0 0 0 0 
1035 10 0 0 0 0 0 0 0 0 0 0 0 
1036 10 0 0 0 0 0 0 0 0 0 0 0 
1037 10 0 0 0 0 0 0 0 0 0 0 0 
1038 10 0 0 0 0 0 0 0 0 0 0 0 
1039 10 0 0 0 0 0 0 0 0 0 0 0 
1040 10 0 0 0 0 0 0 0 0 0 0 0 
1041 10 0 0 0 0 0 0 0 0 0 0 0 
1042 10 0 0 0 0 0 0 0 0 0 0 0 
1043 10 0 0 0 0 0 0 0 0 0 0 0 
1044 10 0 0 0 0 0 0 0 0 0 0 0 
1045 10 0 0 0 0 0 0 0 0 0 0 0 
1046 10 0 0 0 0 0 0 0 0 0 0 0 
1047 10 0 0 0 0 0 0 0 0 0 0 0 
1048 10 0 0 0 0 0 0 0 0 0 0 0 
1049 10 0 0 0 0 0 0 0 0 0 0 0 
1050 10 0 0 0 0 0 0 0 0 0 0 0 
1051 10 0 0 0 0 0 0 0 0 0 0 0 
1052 10 0 0 0 0 0 0 0 0 0 0 0 
1053 10 0 0 0 0 0 0 0 0 0 0 0 
1054 10 0 0 0 0 0 0 0 0 0 0 0 
1055 10 0 0 0 0 0 0 0 0 0 0 0 
1056 10 0 0 0 0 0 0 0 0 0 0 0 
1057 10 0 0 0 0 0 0 0 0 0 0 0 
1058 10 0 0 0 0 0 0 0 0 0 0 0 
1059 10 0 0 0 0 0 0 0 0 0 0 0 
1060 10 0 0 0 0 0 0 0 0 0 0 0 
1061 10 0 0 0 0 0 0 0 0 0 0 0 
1062 10 0 0 0 0 0 0 0 0 0 0 0 
1063 10 0 0 0 0 0 0 0 0 0 0 0 
1064 10 0 0 0 0 0 0 0 0 0 0 0 
1065 10 0 0 0 0 0 0 0 0 0 0 0 
1066 10 0 0 0 0 0 0 0 0 0 0 0 
1067 10 0 0 0 0 0 0 0 0 0 0 0 
1068 10 0 0 0 0 0 0 0 0 0 0 0 
1069 10 0 0 0 0 0 0 0 0 0 0 0 
1070 10 0 0 0 0 0 0 0 0 0 0 0 
1071 10 0 0 0 0 0 0 0 0 0 0 0 
1072 10 0 0 0 0 0 0 0 0 0 0 0 
1073 10 0 0 0 0 0 0 0 0 0 0 0 
1074 10 0 0 0 0 0 0 0 0 0 0 0 
1075 10 0 0 0 0 0 0 0 0 0 0 0 
1076 10 0 0 0 0 0 0 0 0 0 0 0 
1077 10 0 0 0 0 0 0 0 0 0 0 0 
1078 10 0 0 0 0 0 0 0 0 0 0 0 
1079 10 0 0 0 0 0 0 0 0 0 0 0 
1080 10 0 0 0 0 0 0 0 0 0 0 0 
1081 10 0 0 0 0 0 0 0 0 0 0 0 
1082 10 0 0 0 0 0 0 0 0 0 0 0 
1083 10 0 0 0 0 0 0 0 0 0 0 0 
1084 10 0 0 0 0 0 0 0 0 0 0 0 
1085 10 0 0 0 0 0 0 0 0 0 0 0 
1086 10 0 0 0 0 0 0 0 0 0 0 0 
1087 10 0 0 0 0 0 0 0 0 0 0 0 
1088 10 0 0 0 0 0 0 0 0 0 0 0 
1089 10 0 0 0 0 0 0 0 0 0 0 0 
1090 10 0 0 0 0 0 0 0 0 0 0 0 
1091 10 0 0 0 0 0 0 0 0 0 0 0 
1092 10 0 0 0 0 0 0 0 0 0 0 0 
1093 10 0 0 0 0 0 0 0 0 0 0 0 
1094 10 0 0 0 0 0 0 0 0 0 0 0 
1095 10 0 0 0 0 0 0 0 0 0 0 0 
1096 10 0 0 0 0 0 0 0 0 0 0 0 
1097 10 0 0 0 0 0 0 0 0 0 0 0 
1098 10 0 0 0 0 0 0 0 0 0 0 0 
1099 10 0 0 0 0 0 0 0 0 0 0 0 
1100 10 0 0 0 0 0 0 0 0 0 0 0 
1101 10 0 0 0 0 0 0 0 0 0 0 0 
1102 10 0 0 0 0 0 0 0 0 0 0 0 
1103 10 0 0 0 0 0 0 0 0 0 0 0 
1104 10 0 0 0 0 0 0 0 0 0 0 0 
1105 10 0 0 0 0 0 0 0 0 0 0 0 
1106 10 0 0 0 0 0 0 0 0 0 0 0 
1107 10 0 0 0 0 0 0 0 0 0 0 0 
1108 10 0 0 0 0 0 0 0 0 0 0 0 
1109 10 0 0 0 0 0 0 0 0 0 0 0 
1110 10 0 0 0 0 0 0 0 0 0 0 0 
1111 10 0 0 0 0 0 0 0 0 0 0 0 
1112 10 0 0 0 0 0 0 0 0 0 0 0 
1113 10 0 0 0 0 0 0 0 0 0 0 0 
1114 10 0 0 0 0 0 0 0 0 0 0 0 
1115 10 0 0 0 0 0 0 0 0 0 0 0 
1116 10 0 0 0 0 0 0 0 0 0 0 0 
1117 10 0 0 0 0 0 0 0 0 0 0 0 
1118 10 0 0 0 0 0 0 0 0 0 0 0 
1119 10 0 0 0 0 0 0 0 0 0 0 0 
1120 10 0 0 0 0 0 0 0 0 0 0 0 
1121 10 0 0 0 0 0 0 0 0 0 0 0 
1122 10 0 0 0 0 0 0 0 0 0 0 0 
1123 10 0 0 0 0 0 0 0 0 0 0 0 
1124 10 0 0 0 0 0 0 0 0 0 0 0 
1125 10 0 0 0 0 0 0 0 0 0 0 0 
1126 10 0 0 0 0 0 0 0 0 0 0 0 
1127 10 0 0 0 0 0 0 0 0 0 0 0 
1128 10 0 0 0 0 0 0 0 0 0 0 0 
1129 10 0 0 0 0 0 0 0 0 0 0 0 
1130 10 0 0 0 0 0 0 0 0 0 0 0 
1131 10 0 0 0 0 0 0 0 0 0 0 0 
1132 10 0 0 0 0 0 0 0 0 0 0 0 
1133 10 0 0 0 0 0 0 0 0 0 0 0 
1134 10 0 0 0 0 0 0 0 0 0 0 0 
1135 10 0 0 0 0 0 0 0 0 0 0 0 
1136 10 0 0 0 0 0 0 0 0 0 0 0 
1137 10 0 0 0 0 0 0 0 0 0 0 0 
1138 10 0 0 0 0 0 0 0 0 0 0 0 
1139 10 0 0 0 0 0 0 0 0 0 0 0 
1140 10 0 0 0 0 0 0 0 0 0 0 0 
1141 10 0 0 0 0 0 0 0 0 0 0 0 
1142 10 0 0 0 0 0 0 0 0 0 0 0 
1143 10 0 0 0 0 0 0 0 0 0 0 0 
1144 10 0 0 0 0 0 0 0 0 0 0 0 
1145 10 0 0 0 0 0 0 0 0 0 0 0 
1146 10 0 0 0 0 0 0 0 0 0 0 0 
1147 10 0 0 0 0 0 0 0 0 0 0 0 
1148 10 0 0 0 0 0 0 0 0 0 0 0 
1149 10 0 0 0 0 0 0 0 0 0 0 0 
1150 10 0 0 0 0 0 0 0 0 0 0 0 
1151 10 0 0 0 0 0 0 0 0 0 0 0 
1152 10 0 0 0 0 0 0 0 0 0 0 0 
1153 10 0 0 0 0 0 0 0 0 0 0 0 
1154 10 0 0 0 0 0 0 0 0 0 0 0 
1155 10 0 0 0 0 0 0 0 0 0 0 0 
1156 10 0 0 0 0 0 0 0 0 0 0 0 
1157 10 0 0 0 0 0 0 0 0 0 0 0 
1158 10 0 0 0 0 0 0 0 0 0 0 0 
1159 10 0 0 0 0 0 0 0 0 0 0 0 
1160 10 0 0 0 0 0 0 0 0 0 0 0 
1161 10 0 0 0 0 0 0 0 0 0 0 0 
1162 10 0 0 0 0 0 0 0 0 0 0 0 
1163 10 0 0 0 0 0 0 0 0 0 0 0 
1164 10 0 0 0 0 0 0 0 0 0 0 0 
1165 10 0 0 0 0 0 0 0 0 0 0 0 
1166 10 0 0 0 0 0 0 0 0 0 0 0 
1167 10 0 0 0 0 0 0 0 0 0 0 0 
1168 10 0 0 0 0 0 0 0 0 0 0 0 
1169 10 0 0 0 0 0 0 0 0 0 0 0 
1170 10 0 0 0 0 0 0 0 0 0 0 0 
1171 10 0 0 0 0 0 0 0 0 0 0 0 
1172 10 0 0 0 0 0 0 0 0 0 0 0 
1173 10 0 0 0 0 0 0 0 0 0 0 0 
1174 10 0 0 0 0 0 0 0 0 0 0 0 
1175 10 0 0 0 0 0 0 0 0 0 0 0 
1176 10 0 0 0 0 0 0 0 0 0 0 0 
1177 10 0 0 0 0 0 0 0 0 0 0 0 
1178 10 0 0 0 0 0 0 0 0 0 0 0 
1179 10 0 0 0 0 0 0 0 0 0 0 0 
1180 10 0 0 0 0 0 0 0 0 0 0 0 
1181 10 0 0 0 0 0 0 0 0 0 0 0 
1182 10 0 0 0 0 0 0 0 0 0 0 0 
1183 10 0 0 0 0 0 0 0 0 0 0 0 
1184 10 0 0 0 0 0 0 0 0 0 0 0 
1185 10 0 0 0 0 0 0 0 0 0 0 0 
1186 10 0 0 0 0 0 0 0 0 0 0 0 
1187 10 0 0 0 0 0 0 0 0 0 0 0 
1188 10 0 0 0 0 0 0 0 0 0 0 0 
1189 10 0 0 0 0 0 0 0 0 0 0 0 
1190 10 0 0 0 0 0 0 0 0 0 0 0 
1191 10 0 0 0 0 0 0 0 0 0 0 0 
1192 10 0 0 0 0 0 0 0 0 0 0 0 
1193 10 0 0 0 0 0 0 0 0 0 0 0 
1194 10 0 0 0 0 0 0 0 0 0 0 0 
1195 10 0 0 0 0 0 0 0 0 0 0 0 
1196 10 0 0 0 0 0 0 0 0 0 0 0 
1197 10 0 0 0 0 0 0 0 0 0 0 0 
1198 10 0 0 0 0 0 0 0 0 0 0 0 
1199 10 0 0 0 0 0 0 0 0 0 0 0 
1200 10 0 0 0 0 0 0 0 0 0 0 0 
1201 10 0 0 0 0 0 0 0 0 0 0 0 
1202 10 0 0 0 0 0 0 0 0 0 0 0 
1203 10 0 0 0 0 0 0 0 0 0 0 0 
1204 10 0 0 0 0 0 0 0 0 0 0 0 
1205 10 0 0 0 0 0 0 0 0 0 0 0 
1206 10 0 0 0 0 0 0 0 0 0 0 0 
1207 10 0 0 0 0 0 0 0 0 0 0 0 
1208 10 0 0 0 0 0 0 0 0 0 0 0 
1209 10 0 0 0 0 0 0 0 0 0 0 0 
1210 10 0 0 0 0 0 0 0 0 0 0 0 
1211 10 0 0 0 0 0 0 0 0 0 0 0 
1212 10 0 0 0 0 0 0 0 0 0 0 0 
1213 10 0 0 0 0 0 0 0 0 0 0 0 
1214 10 0 0 0 0 0 0 0 0 0 0 0 
1215 10 0 0 0 0 0 0 0 0 0 0 0 
1216 10 0 0 0 0 0 0 0 0 0 0 0 
1217 10 0 0 0 0 0 0 0 0 0 0 0 
1218 10 0 0 0 0 0 0 0 0 0 0 0 
1219 10 0 0 0 0 0 0 0 0 0 0 0 
1220 10 0 0 0 0 0 0 0 0 0 0 0 
1221 10 0 0 0 0 0 0 0 0 0 0 0 
1222 10 0 0 0 0 0 0 0 0 0 0 0 
1223 10 0 0 0 0 0 0 0 0 0 0 0 
1224 10 0 0 0 0 0 0 0 0 0 0 0 
1225 10 0 0 0 0 0 0 0 0 0 0 0 
1226 10 0 0 0 0 0 0 0 0 0 0 0 
1227 10 0 0 0 0 0 0 0 0 0 0 0 
1228 10 0 0 0 0 0 0 0 0 0 0 0 
1229 10 0 0 0 0 0 0 0 0 0 0 0 
1230 10 0 0 0 0 0 0 0 0 0 0 0 
1231 10 0 0 0 0 0 0 0 0 0 0 0 
1232 10 0 0 0 0 0 0 0 0 0 0 0 
1233 10 0 0 0 0 0 0 0 0 0 0 0 
1234 10 0 0 0 0 0 0 0 0 0 0 0 
1235 10 0 0 0 0 0 0 0 0 0 0 0 
1236 10 0 0 0 0 0 0 0 0 0 0 0 
1237 10 0 0 0 0 0 0 0 0 0 0 0 
1238 10 0 0 0 0 0 0 0 0 0 0 0 
1239 10 0 0 0 0 0 0 0 0 0 0 0 
1240 10 0 0 0 0 0 0 0 0 0 0 0 
1241 10 0 0 0 0 0 0 0 0 0 0 0 
1242 10 0 0 0 0 0 0 0 0 0 0 0 
1243 10 0 0 0 0 0 0 0 0 0 0 0 
1244 10 0 0 0 0 0 0 0 0 0 0 0 
1245 10 0 0 0 0 0 0 0 0 0 0 0 
1246 10 0 0 0 0 0 0 0 0 0 0 0 
1247 10 0 0 0 0 0 0 0 0 0 0 0 
1248 10 0 0 0 0 0 0 0 0 0 0 0 
1249 10 0 0 0 0 0 0 0 0 0 0 0 
1250 10 0 0 0 0 0 0 0 0 0 0 0 
1251 10 0 0 0 0 0 0 0 0 0 0 0 
1252 10 0 0 0 0 0 0 0 0 0 0 0 
1253 10 0 0 0 0 0 0 0 0 0 0 0 
1254 10 0 0 0 0 0 0 0 0 0 0 0 
1255 10 0 0 0 0 0 0 0 0 0 0 0 
1256 10 0 0 0 0 0 0 0 0 0 0 0 
1257 10 0 0 0 0 0 0 0 0 0 0 0 
1258 10 0 0 0 0 0 0 0 0 0 0 0 
1259 10 0 0 0 0 0 0 0 0 0 0 0 
1260 10 0 0 0 0 0 0 0 0 0 0 0 
1261 10 0 0 0 0 0 0 0 0 0 0 0 
1262 10 0 0 0 0 0 0 0 0 0 0 0 
1263 10 0 0 0 0 0 0 0 0 0 0 0 
1264 10 0 0 0 0 0 0 0 0 0 0 0 
1265 10 0 0 0 0 0 0 0 0 0 0 0 
1266 10 0 0 0 0 0 0 0 0 0 0 0 
1267 10 0 0 0 0 0 0 0 0 0 0 0 
1268 10 0 0 0 0 0 0 0 0 0 0 0 
1269 10 0 0 0 0 0 0 0 0 0 0 0 
1270 10 0 0 0 0 0 0 0 0 0 0 0 
1271 10 0 0 0 0 0 0 0 0 0 0 0 
1272 10 0 0 0 0 0 0 0 0 0 0 0 
1273 10 0 0 0 0 0 0 0 0 0 0 0 
1274 10 0 0 0 0 0 0 0 0 0 0 0 
1275 10 0 0 0 0 0 0 0 0 0 0 0 
1276 10 0 0 0 0 0 0 0 0 0 0 0 
1277 10 0 0 0 0 0 0 0 0 0 0 0 
1278 10 0 0 0 0 0 0 0 0 0 0 0 
1279 10 0 0 0 0 0 0 0 0 0 0 0 
1280 10 0 0 0 0 0 0 0 0 0 0 0 
1281 10 0 0 0 0 0 0 0 0 0 0 0 
1282 10 0 0 0 0 0 0 0 0 0 0 0 
1283 10 0 0 0 0 0 0 0 0 0 0 0 
1284 10 0 0 0 0 0 0 0 0 0 0 0 
1285 10 0 0 0 0 0 0 0 0 0 0 0 
1286 10 0 0 0 0 0 0 0 0 0 0 0 
1287 10 0 0 0 0 0 0 0 0 0 0 0 
1288 10 0 0 0 0 0 0 0 0 0 0 0 
1289 10 0 0 0 0 0 0 0 0 0 0 0 
1290 10 0 0 0 0 0 0 0 0 0 0 0 
1291 10 0 0 0 0 0 0 0 0 0 0 0 
1292 10 0 0 0 0 0 0 0 0 0 0 0 
1293 10 0 0 0 0 0 0 0 0 0 0 0 
1294 10 0 0 0 0 0 0 0 0 0 0 0 
1295 10 0 0 0 0 0 0 0 0 0 0 0 
1296 10 0 0 0 0 0 0 0 0 0 0 0 
1297 10 0 0 0 0 0 0 0 0 0 0 0 
1298 10 0 0 0 0 0 0 0 0 0 0 0 
1299 10 0 0 0 0 0 0 0 0 0 0 0 
1300 10 0 0 0 0 0 0 0 0 0 0 0 
1301 10 0 0 0 0 0 0 0 0 0 0 0 
1302 10 0 0 0 0 0 0 0 0 0 0 0 
1303 10 0 0 0 0 0 0 0 0 0 0 0 
1304 10 0 0 0 0 0 0 0 0 0 0 0 
1305 10 0 0 0 0 0 0 0 0 0 0 0 
1306 10 0 0 0 0 0 0 0 0 0 0 0 
1307 10 0 0 0 0 0 0 0 0 0 0 0 
1308 10 0 0 0 0 0 0 0 0 0 0 0 
1309 10 0 0 0 0 0 0 0 0 0 0 0 
1310 10 0 0 0 0 0 0 0 0 0 0 0 
1311 10 0 0 0 0 0 0 0 0 0 0 0 
1312 10 0 0 0 0 0 0 0 0 0 0 0 
1313 10 0 0 0 0 0 0 0 0 0 0 0 
1314 10 0 0 0 0 0 0 0 0 0 0 0 
1315 10 0 0 0 0 0 0 0 0 0 0 0 
1316 10 0 0 0 0 0 0 0 0 0 0 0 
1317 10 0 0 0 0 0 0 0 0 0 0 0 
1318 10 0 0 0 0 0 0 0 0 0 0 0 
1319 10 0 0 0 0 0 0 0 0 0 0 0 
1320 10 0 0 0 0 0 0 0 0 0 0 0 
1321 10 0 0 0 0 0 0 0 0 0 0 0 
1322 10 0 0 0 0 0 0 0 0 0 0 0 
1323 10 0 0 0 0 0 0 0 0 0 0 0 
1324 10 0 0 0 0 0 0 0 0 0 0 0 
1325 10 0 0 0 0 0 0 0 0 0 0 0 
1326 10 0 0 0 0 0 0 0 0 0 0 0 
1327 10 0 0 0 0 0 0 0 0 0 0 0 
1328 10 0 0 0 0 0 0 0 0 0 0 0 
1329 10 0 0 0 0 0 0 0 0 0 0 0 
1330 10 0 0 0 0 0 0 0 0 0 0 0 
1331 10 0 0 0 0 0 0 0 0 0 0 0 
1332 10 0 0 0 0 0 0 0 0 0 0 0 
1333 10 0 0 0 0 0 0 0 0 0 0 0 
1334 10 0 0 0 0 0 0 0 0 0 0 0 
1335 10 0 0 0 0 0 0 0 0 0 0 0 
1336 10 0 0 0 0 0 0 0 0 0 0 0 
1337 10 0 0 0 0 0 0 0 0 0 0 0 
1338 10 0 0 0 0 0 0 0 0 0 0 0 
1339 10 0 0 0 0 0 0 0 0 0 0 0 
1340 10 0 0 0 0 0 0 0 0 0 0 0 
1341 10 0 0 0 0 0 0 0 0 0 0 0 
1342 10 0 0 0 0 0 0 0 0 0 0 0 
1343 10 0 0 0 0 0 0 0 0 0 0 0 
1344 10 0 0 0 0 0 0 0 0 0 0 0 
1345 10 0 0 0 0 0 0 0 0 0 0 0 
1346 10 0 0 0 0 0 0 0 0 0 0 0 
1347 10 0 0 0 0 0 0 0 0 0 0 0 
1348 10 0 0 0 0 0 0 0 0 0 0 0 
1349 10 0 0 0 0 0 0 0 0 0 0 0 
1350 10 0 0 0 0 0 0 0 0 0 0 0 
1351 10 0 0 0 0 0 0 0 0 0 0 0 
1352 10 0 0 0 0 0 0 0 0 0 0 0 
1353 10 0 0 0 0 0 0 0 0 0 0 0 
1354 10 0 0 0 0 0 0 0 0 0 0 0 
1355 10 0 0 0 0 0 0 0 0 0 0 0 
1356 10 0 0 0 0 0 0 0 0 0 0 0 
1357 10 0 0 0 0 0 0 0 0 0 0 0 
1358 10 0 0 0 0 0 0 0 0 0 0 0 
1359 10 0 0 0 0 0 0 0 0 0 0 0 
1360 10 0 0 0 0 0 0 0 0 0 0 0 
1361 10 0 0 0 0 0 0 0 0 0 0 0 
1362 10 0 0 0 0 0 0 0 0 0 0 0 
1363 10 0 0 0 0 0 0 0 0 0 0 0 
1364 10 0 0 0 0 0 0 0 0 0 0 0 
1365 10 0 0 0 0 0 0 0 0 0 0 0 
1366 10 0 0 0 0 0 0 0 0 0 0 0 
1367 10 0 0 0 0 0 0 0 0 0 0 0 
1368 10 0 0 0 0 0 0 0 0 0 0 0 
1369 10 0 0 0 0 0 0 0 0 0 0 0 
1370 10 0 0 0 0 0 0 0 0 0 0 0 
1371 10 0 0 0 0 0 0 0 0 0 0 0 
1372 10 0 0 0 0 0 0 0 0 0 0 0 
1373 10 0 0 0 0 0 0 0 0 0 0 0 
1374 10 0 0 0 0 0 0 0 0 0 0 0 
1375 10 0 0 0 0 0 0 0 0 0 0 0 
1376 10 0 0 0 0 0 0 0 0 0 0 0 
1377 10 0 0 0 0 0 0 0 0 0 0 0 
1378 10 0 0 0 0 0 0 0 0 0 0 0 
1379 10 0 0 0 0 0 0 0 0 0 0 0 
1380 10 0 0 0 0 0 0 0 0 0 0 0 
1381 10 0 0 0 0 0 0 0 0 0 0 0 
1382 10 0 0 0 0 0 0 0 0 0 0 0 
1383 10 0 0 0 0 0 0 0 0 0 0 0 
1384 10 0 0 0 0 0 0 0 0 0 0 0 
1385 10 0 0 0 0 0 0 0 0 0 0 0 
1386 10 0 0 0 0 0 0 0 0 0 0 0 
1387 10 0 0 0 0 0 0 0 0 0 0 0 
1388 10 0 0 0 0 0 0 0 0 0 0 0 
1389 10 0 0 0 0 0 0 0 0 0 0 0 
1390 10 0 0 0 0 0 0 0 0 0 0 0 
1391 10 0 0 0 0 0 0 0 0 0 0 0 
1392 10 0 0 0 0 0 0 0 0 0 0 0 
1393 10 0 0 0 0 0 0 0 0 0 0 0 
1394 10 0 0 0 0 0 0 0 0 0 0 0 
1395 10 0 0 0 0 0 0 0 0 0 0 0 
1396 10 0 0 0 0 0 0 0 0 0 0 0 
1397 10 0 0 0 0 0 0 0 0 0 0 0 
1398 10 0 0 0 0 0 0 0 0 0 0 0 
1399 10 0 0 0 0 0 0 0 0 0 0 0 
1400 10 0 0 0 0 0 0 0 0 0 0 0 
1401 10 0 0 0 0 0 0 0 0 0 0 0 
1402 10 0 0 0 0 0 0 0 0 0 0 0 
1403 10 0 0 0 0 0 0 0 0 0 0 0 
1404 10 0 0 0 0 0 0 0 0 0 0 0 
1405 10 0 0 0 0 0 0 0 0 0 0 0 
1406 10 0 0 0 0 0 0 0 0 0 0 0 
1407 10 0 0 0 0 0 0 0 0 0 0 0 
1408 10 0 0 0 0 0 0 0 0 0 0 0 
1409 10 0 0 0 0 0 0 0 0 0 0 0 
1410 10 0 0 0 0 0 0 0 0 0 0 0 
1411 10 0 0 0 0 0 0 0 0 0 0 0 
1412 10 0 0 0 0 0 0 0 0 0 0 0 
1413 10 0 0 0 0 0 0 0 0 0 0 0 
1414 10 0 0 0 0 0 0 0 0 0 0 0 
1415 10 0 0 0 0 0 0 0 0 0 0 0 
1416 10 0 0 0 0 0 0 0 0 0 0 0 
1417 10 0 0 0 0 0 0 0 0 0 0 0 
1418 10 0 0 0 0 0 0 0 0 0 0 0 
1419 10 0 0 0 0 0 0 0 0 0 0 0 
1420 10 0 0 0 0 0 0 0 0 0 0 0 
1421 10 0 0 0 0 0 0 0 0 0 0 0 
1422 10 0 0 0 0 0 0 0 0 0 0 0 
1423 10 0 0 0 0 0 0 0 0 0 0 0 
1424 10 0 0 0 0 0 0 0 0 0 0 0 
1425 10 0 0 0 0 0 0 0 0 0 0 0 
1426 10 0 0 0 0 0 0 0 0 0 0 0 
1427 10 0 0 0 0 0 0 0 0 0 0 0 
1428 10 0 0 0 0 0 0 0 0 0 0 0 
1429 10 0 0 0 0 0 0 0 0 0 0 0 
1430 10 0 0 0 0 0 0 0 0 0 0 0 
1431 10 0 0 0 0 0 0 0 0 0 0 0 
1432 10 0 0 0 0 0 0 0 0 0 0 0 
1433 10 0 0 0 0 0 0 0 0 0 0 0 
1434 10 0 0 0 0 0 0 0 0 0 0 0 
1435 10 0 0 0 0 0 0 0 0 0 0 0 
1436 10 0 0 0 0 0 0 0 0 0 0 0 
1437 10 0 0 0 0 0 0 0 0 0 0 0 
1438 10 0 0 0 0 0 0 0 0 0 0 0 
1439 10 0 0 0 0 0 0 0 0 0 0 0 
1440 10 0 0 0 0 0 0 0 0 0 0 0 
1441 10 0 0 0 0 0 0 0 0 0 0 0 
1442 10 0 0 0 0 0 0 0 0 0 0 0 
1443 10 0 0 0 0 0 0 0 0 0 0 0 
1444 10 0 0 0 0 0 0 0 0 0 0 0 
1445 10 0 0 0 0 0 0 0 0 0 0 0 
1446 10 0 0 0 0 0 0 0 0 0 0 0 
1447 10 0 0 0 0 0 0 0 0 0 0 0 
1448 10 0 0 0 0 0 0 0 0 0 0 0 
1449 10 0 0 0 0 0 0 0 0 0 0 0 
1450 10 0 0 0 0 0 0 0 0 0 0 0 
1451 10 0 0 0 0 0 0 0 0 0 0 0 
1452 10 0 0 0 0 0 0 0 0 0 0 0 
1453 10 0 0 0 0 0 0 0 0 0 0 0 
1454 10 0 0 0 0 0 0 0 0 0 0 0 
1455 10 0 0 0 0 0 0 0 0 0 0 0 
1456 10 0 0 0 0 0 0 0 0 0 0 0 
1457 10 0 0 0 0 0 0 0 0 0 0 0 
1458 10 0 0 0 0 0 0 0 0 0 0 0 
1459 10 0 0 0 0 0 0 0 0 0 0 0 
1460 10 0 0 0 0 0 0 0 0 0 0 0 
1461 10 0 0 0 0 0 0 0 0 0 0 0 
1462 10 0 0 0 0 0 0 0 0 0 0 0 
1463 10 0 0 0 0 0 0 0 0 0 0 0 
1464 10 0 0 0 0 0 0 0 0 0 0 0 
1465 10 0 0 0 0 0 0 0 0 0 0 0 
1466 10 0 0 0 0 0 0 0 0 0 0 0 
1467 10 0 0 0 0 0 0 0 0 0 0 0 
1468 10 0 0 0 0 0 0 0 0 0 0 0 
1469 10 0 0 0 0 0 0 0 0 0 0 0 
1470 10 0 0 0 0 0 0 0 0 0 0 0 
1471 10 0 0 0 0 0 0 0 0 0 0 0 
1472 10 0 0 0 0 0 0 0 0 0 0 0 
1473 10 0 0 0 0 0 0 0 0 0 0 0 
1474 10 0 0 0 0 0 0 0 0 0 0 0 
1475 10 0 0 0 0 0 0 0 0 0 0 0 
1476 10 0 0 0 0 0 0 0 0 0 0 0 
1477 10 0 0 0 0 0 0 0 0 0 0 0 
1478 10 0 0 0 0 0 0 0 0 0 0 0 
1479 10 0 0 0 0 0 0 0 0 0 0 0 
1480 10 0 0 0 0 0 0 0 0 0 0 0 
1481 10 0 0 0 0 0 0 0 0 0 0 0 
1482 10 0 0 0 0 0 0 0 0 0 0 0 
1483 10 0 0 0 0 0 0 0 0 0 0 0 
1484 10 0 0 0 0 0 0 0 0 0 0 0 
1485 10 0 0 0 0 0 0 0 0 0 0 0 
1486 10 0 0 0 0 0 0 0 0 0 0 0 
1487 10 0 0 0 0 0 0 0 0 0 0 0 
1488 10 0 0 0 0 0 0 0 0 0 0 0 
1489 10 0 0 0 0 0 0 0 0 0 0 0 
1490 10 0 0 0 0 0 0 0 0 0 0 0 
1491 10 0 0 0 0 0 0 0 0 0 0 0 
1492 10 0 0 0 0 0 0 0 0 0 0 0 
1493 10 0 0 0 0 0 0 0 0 0 0 0 
1494 10 0 0 0 0 0 0 0 0 0 0 0 
1495 10 0 0 0 0 0 0 0 0 0 0 0 
1496 10 0 0 0 0 0 0 0 0 0 0 0 
1497 10 0 0 0 0 0 0 0 0 0 0 0 
1498 10 0 0 0 0 0 0 0 0 0 0 0 
1499 10 0 0 0 0 0 0 0 0 0 0 0 
1500 10 0 0 0 0 0 0 0 0 0 0 0 
1501 10 0 0 0 0 0 0 0 0 0 0 0 
1502 10 0 0 0 0 0 0 0 0 0 0 0 
1503 10 0 0 0 0 0 0 0 0 0 0 0 
1504 10 0 0 0 0 0 0 0 0 0 0 0 
1505 10 0 0 0 0 0 0 0 0 0 0 0 
1506 10 0 0 0 0 0 0 0 0 0 0 0 
1507 10 0 0 0 0 0 0 0 0 0 0 0 
1508 10 0 0 0 0 0 0 0 0 0 0 0 
1509 10 0 0 0 0 0 0 0 0 0 0 0 
1510 10 0 0 0 0 0 0 0 0 0 0 0 
1511 10 0 0 0 0 0 0 0 0 0 0 0 
1512 10 0 0 0 0 0 0 0 0 0 0 0 
1513 10 0 0 0 0 0 0 0 0 0 0 0 
1514 10 0 0 0 0 0 0 0 0 0 0 0 
1515 10 0 0 0 0 0 0 0 0 0 0 0 
1516 10 0 0 0 0 0 0 0 0 0 0 0 
1517 10 0 0 0 0 0 0 0 0 0 0 0 
1518 10 0 0 0 0 0 0 0 0 0 0 0 
1519 10 0 0 0 0 0 0 0 0 0 0 0 
1520 10 0 0 0 0 0 0 0 0 0 0 0 
1521 10 0 0 0 0 0 0 0 0 0 0 0 
1522 10 0 0 0 0 0 0 0 0 0 0 0 
1523 10 0 0 0 0 0 0 0 0 0 0 0 
1524 10 0 0 0 0 0 0 0 0 0 0 0 
1525 10 0 0 0 0 0 0 0 0 0 0 0 
1526 10 0 0 0 0 0 0 0 0 0 0 0 
1527 10 0 0 0 0 0 0 0 0 0 0 0 
1528 10 0 0 0 0 0 0 0 0 0 0 0 
1529 10 0 0 0 0 0 0 0 0 0 0 0 
1530 10 0 0 0 0 0 0 0 0 0 0 0 
1531 10 0 0 0 0 0 0 0 0 0 0 0 
1532 10 0 0 0 0 0 0 0 0 0 0 0 
1533 10 0 0 0 0 0 0 0 0 0 0 0 
1534 10 0 0 0 0 0 0 0 0 0 0 0 
1535 10 1 0 0 0 0 0 0 0 0 0 0 
1536 10 2 0 0 0 0 0 0 0 0 0 0 
1537 10 3 0 0 0 0 0 0 0 0 0 0 
1538 10 4 0 0 0 0 0 0 0 0 0 0 
1539 10 0 0 0 0 0 0 0 0 0 0 0 
1540 10 0 0 0 0 0 0 0 0 0 0 0 
1541 10 6 0 0 0 0 0 0 0 0 0 0 
1542 10 7 0 0 0 0 0 0 0 0 0 0 
1543 10 0 0 0 0 0 0 0 0 0 0 0 
1544 10 0 0 0 0 0 0 0 0 0 0 0 
1545 10 0 0 0 0 0 0 0 0 0 0 0 
1546 10 0 0 0 0 0 0 0 0 0 0 0 
1547 10 0 0 0 0 0 0 0 0 0 0 0 
1548 10 0 0 0 0 0 0 0 0 0 0 0 
1549 10 10 0 0 0 0 0 0 0 0 0 0 
1550 10 11 0 0 0 0 0 0 0 0 0 0 
1551 10 0 0 0 0 0 0 0 0 0 0 0 
1552 10 0 0 0 0 0 0 0 0 0 0 0 
1553 10 0 0 0 0 0 0 0 0 0 0 0 
1554 10 0 0 0 0 0 0 0 0 0 0 0 
1555 10 0 0 0 0 0 0 0 0 0 0 0 
1556 10 0 0 0 0 0 0 0 0 0 0 0 
1557 10 0 0 0 0 0 0 0 0 0 0 0 
1558 10 0 0 0 0 0 0 0 0 0 0 0 
1559 10 0 0 0 0 0 0 0 0 0 0 0 
1560 10 0 0 0 0 0 0 0 0 0 0 0 
1561 10 0 0 0 0 0 0 0 0 0 0 0 
1562 10 0 0 0 0 0 0 0 0 0 0 0 
1563 10 0 0 0 0 0 0 0 0 0 0 0 
1564 10 0 0 0 0 0 0 0 0 0 0 0 
1565 10 0 0 0 0 0 0 0 0 0 0 0 
1566 10 0 0 0 0 0 0 0 0 0 0 0 
1567 10 15 0 0 0 0 0 0 0 0 0 0 
1568 10 16 0 0 0 0 0 0 0 0 0 0 
1569 10 17 0 0 0 0 0 0 0 0 0 0 
1570 10 18 0 0 0 0 0 0 0 0 0 0 
1571 10 19 0 0 0 0 0 0 0 0 0 0 
1572 10 20 0 0 0 0 0 0 0 0 0 0 
1573 10 0 0 0 0 0 0 0 0 0 0 0 
1574 10 0 0 0 0 0 0 0 0 0 0 0 
1575 10 22 0 0 0 0 0 0 0 0 0 0 
1576 10 23 0 0 0 0 0 0 0 0 0 0 
1577 10 0 0 0 0 0 0 0 0 0 0 0 
1578 10 0 0 0 0 0 0 0 0 0 0 0 
1579 10 0 0 0 0 0 0 0 0 0 0 0 
1580 10 0 0 0 0 0 0 0 0 0 0 0 
1581 10 0 0 0 0 0 0 0 0 0 0 0 
1582 10 0 0 0 0 0 0 0 0 0 0 0 
1583 10 0 0 0 0 0 0 0 0 0 0 0 
1584 10 0 0 0 0 0 0 0 0 0 0 0 
1585 10 0 0 0 0 0 0 0 0 0 0 0 
1586 10 0 0 0 0 0 0 0 0 0 0 0 
1587 10 0 0 0 0 0 0 0 0 0 0 0 
1588 10 0 0 0 0 0 0 0 0 0 0 0 
1589 10 0 0 0 0 0 0 0 0 0 0 0 
1590 10 0 0 0 0 0 0 0 0 0 0 0 
1591 10 0 0 0 0 0 0 0 0 0 0 0 
1592 10 0 0 0 0 0 0 0 0 0 0 0 
1593 10 0 0 0 0 0 0 0 0 0 0 0 
1594 10 0 0 0 0 0 0 0 0 0 0 0 
1595 10 0 0 0 0 0 0 0 0 0 0 0 
1596 10 0 0 0 0 0 0 0 0 0 0 0 
1597 10 0 0 0 0 0 0 0 0 0 0 0 
1598 10 0 0 0 0 0 0 0 0 0 0 0 
1599 10 0 0 0 0 0 0 0 0 0 0 0 
1600 10 0 0 0 0 0 0 0 0 0 0 0 
1601 10 0 0 0 0 0 0 0 0 0 0 0 
1602 10 0 0 0 0 0 0 0 0 0 0 0 
1603 10 28 0 0 0 0 0 0 0 0 0 0 
1604 10 29 0 0 0 0 0 0 0 0 0 0 
1605 10 0 0 0 0 0 0 0 0 0 0 0 
1606 10 0 0 0 0 0 0 0 0 0 0 0 
1607 10 0 0 0 0 0 0 0 0 0 0 0 
1608 10 0 0 0 0 0 0 0 0 0 0 0 
1609 10 0 0 0 0 0 0 0 0 0 0 0 
1610 10 0 0 0 0 0 0 0 0 0 0 0 
1611 10 0 0 0 0 0 0 0 0 0 0 0 
1612 10 0 0 0 0 0 0 0 0 0 0 0 
1613 10 0 0 0 0 0 0 0 0 0 0 0 
1614 10 0 0 0 0 0 0 0 0 0 0 0 
1615 10 0 0 0 0 0 0 0 0 0 0 0 
1616 10 0 0 0 0 0 0 0 0 0 0 0 
1617 10 0 0 0 0 0 0 0 0 0 0 0 
1618 10 0 0 0 0 0 0 0 0 0 0 0 
1619 10 0 0 0 0 0 0 0 0 0 0 0 
1620 10 0 0 0 0 0 0 0 0 0 0 0 
1621 10 0 0 0 0 0 0 0 0 0 0 0 
1622 10 0 0 0 0 0 0 0 0 0 0 0 
1623 10 0 0 0 0 0 0 0 0 0 0 0 
1624 10 0 0 0 0 0 0 0 0 0 0 0 
1625 10 0 0 0 0 0 0 0 0 0 0 0 
1626 10 0 0 0 0 0 0 0 0 0 0 0 
1627 10 0 0 0 0 0 0 0 0 0 0 0 
1628 10 0 0 0 0 0 0 0 0 0 0 0 
1629 10 0 0 0 0 0 0 0 0 0 0 0 
1630 10 0 0 0 0 0 0 0 0 0 0 0 
1631 10 0 0 0 0 0 0 0 0 0 0 0 
1632 10 0 0 0 0 0 0 0 0 0 0 0 
1633 10 0 0 0 0 0 0 0 0 0 0 0 
1634 10 0 0 0 0 0 0 0 0 0 0 0 
1635 10 0 0 0 0 0 0 0 0 0 0 0 
1636 10 0 0 0 0 0 0 0 0 0 0 0 
1637 10 0 0 0 0 0 0 0 0 0 0 0 
1638 10 0 0 0 0 0 0 0 0 0 0 0 
1639 10 0 0 0 0 0 0 0 0 0 0 0 
1640 10 0 0 0 0 0 0 0 0 0 0 0 
1641 10 0 0 0 0 0 0 0 0 0 0 0 
1642 10 0 0 0 0 0 0 0 0 0 0 0 
1643 10 0 0 0 0 0 0 0 0 0 0 0 
1644 10 0 0 0 0 0 0 0 0 0 0 0 
1645 10 0 0 0 0 0 0 0 0 0 0 0 
1646 10 0 0 0 0 0 0 0 0 0 0 0 
1647 10 0 0 0 0 0 0 0 0 0 0 0 
1648 10 0 0 0 0 0 0 0 0 0 0 0 
1649 10 0 0 0 0 0 0 0 0 0 0 0 
1650 10 0 0 0 0 0 0 0 0 0 0 0 
1651 10 0 0 0 0 0 0 0 0 0 0 0 
1652 10 0 0 0 0 0 0 0 0 0 0 0 
1653 10 0 0 0 0 0 0 0 0 0 0 0 
1654 10 0 0 0 0 0 0 0 0 0 0 0 
1655 10 0 0 0 0 0 0 0 0 0 0 0 
1656 10 0 0 0 0 0 0 0 0 0 0 0 
1657 10 0 0 0 0 0 0 0 0 0 0 0 
1658 10 0 0 0 0 0 0 0 0 0 0 0 
1659 10 0 0 0 0 0 0 0 0 0 0 0 
1660 10 0 0 0 0 0 0 0 0 0 0 0 
1661 10 0 0 0 0 0 0 0 0 0 0 0 
1662 10 0 0 0 0 0 0 0 0 0 0 0 
1663 10 0 0 0 0 0 0 0 0 0 0 0 
1664 10 0 0 0 0 0 0 0 0 0 0 0 
1665 10 0 0 0 0 0 0 0 0 0 0 0 
1666 10 0 0 0 0 0 0 0 0 0 0 0 
1667 10 0 0 0 0 0 0 0 0 0 0 0 
1668 10 0 0 0 0 0 0 0 0 0 0 0 
1669 10 0 0 0 0 0 0 0 0 0 0 0 
1670 10 0 0 0 0 0 0 0 0 0 0 0 
1671 10 0 0 0 0 0 0 0 0 0 0 0 
1672 10 0 0 0 0 0 0 0 0 0 0 0 
1673 10 0 0 0 0 0 0 0 0 0 0 0 
1674 10 0 0 0 0 0 0 0 0 0 0 0 
1675 10 0 0 0 0 0 0 0 0 0 0 0 
1676 10 0 0 0 0 0 0 0 0 0 0 0 
1677 10 0 0 0 0 0 0 0 0 0 0 0 
1678 10 0 0 0 0 0 0 0 0 0 0 0 
1679 10 0 0 0 0 0 0 0 0 0 0 0 
1680 10 0 0 0 0 0 0 0 0 0 0 0 
1681 10 0 0 0 0 0 0 0 0 0 0 0 
1682 10 0 0 0 0 0 0 0 0 0 0 0 
1683 10 0 0 0 0 0 0 0 0 0 0 0 
1684 10 0 0 0 0 0 0 0 0 0 0 0 
1685 10 0 0 0 0 0 0 0 0 0 0 0 
1686 10 0 0 0 0 0 0 0 0 0 0 0 
1687 10 0 0 0 0 0 0 0 0 0 0 0 
1688 10 0 0 0 0 0 0 0 0 0 0 0 
1689 10 0 0 0 0 0 0 0 0 0 0 0 
1690 10 0 0 0 0 0 0 0 0 0 0 0 
1691 10 0 0 0 0 0 0 0 0 0 0 0 
1692 10 0 0 0 0 0 0 0 0 0 0 0 
1693 10 0 0 0 0 0 0 0 0 0 0 0 
1694 10 0 0 0 0 0 0 0 0 0 0 0 
1695 10 0 0 0 0 0 0 0 0 0 0 0 
1696 10 0 0 0 0 0 0 0 0 0 0 0 
1697 10 0 0 0 0 0 0 0 0 0 0 0 
1698 10 0 0 0 0 0 0 0 0 0 0 0 
1699 10 0 0 0 0 0 0 0 0 0 0 0 
1700 10 0 0 0 0 0 0 0 0 0 0 0 
1701 10 0 0 0 0 0 0 0 0 0 0 0 
1702 10 0 0 0 0 0 0 0 0 0 0 0 
1703 10 0 0 0 0 0 0 0 0 0 0 0 
1704 10 0 0 0 0 0 0 0 0 0 0 0 
1705 10 0 0 0 0 0 0 0 0 0 0 0 
1706 10 0 0 0 0 0 0 0 0 0 0 0 
1707 10 0 0 0 0 0 0 0 0 0 0 0 
1708 10 0 0 0 0 0 0 0 0 0 0 0 
1709 10 0 0 0 0 0 0 0 0 0 0 0 
1710 10 0 0 0 0 0 0 0 0 0 0 0 
1711 10 0 0 0 0 0 0 0 0 0 0 0 
1712 10 0 0 0 0 0 0 0 0 0 0 0 
1713 10 37 0 0 0 0 0 0 0 0 0 0 
1714 10 38 0 0 0 0 0 0 0 0 0 0 
1715 10 0 0 0 0 0 0 0 0 0 0 0 
1716 10 0 0 0 0 0 0 0 0 0 0 0 
1717 10 0 0 0 0 0 0 0 0 0 0 0 
1718 10 0 0 0 0 0 0 0 0 0 0 0 
1719 10 0 0 0 0 0 0 0 0 0 0 0 
1720 10 0 0 0 0 0 0 0 0 0 0 0 
1721 10 0 0 0 0 0 0 0 0 0 0 0 
1722 10 0 0 0 0 0 0 0 0 0 0 0 
1723 10 0 0 0 0 0 0 0 0 0 0 0 
1724 10 0 0 0 0 0 0 0 0 0 0 0 
1725 10 0 0 0 0 0 0 0 0 0 0 0 
1726 10 0 0 0 0 0 0 0 0 0 0 0 
1727 10 0 0 0 0 0 0 0 0 0 0 0 
1728 10 0 0 0 0 0 0 0 0 0 0 0 
1729 10 0 0 0 0 0 0 0 0 0 0 0 
1730 10 0 0 0 0 0 0 0 0 0 0 0 
1731 10 0 0 0 0 0 0 0 0 0 0 0 
1732 10 0 0 0 0 0 0 0 0 0 0 0 
1733 10 0 0 0 0 0 0 0 0 0 0 0 
1734 10 0 0 0 0 0 0 0 0 0 0 0 
1735 10 0 0 0 0 0 0 0 0 0 0 0 
1736 10 0 0 0 0 0 0 0 0 0 0 0 
1737 10 0 0 0 0 0 0 0 0 0 0 0 
1738 10 0 0 0 0 0 0 0 0 0 0 0 
1739 10 0 0 0 0 0 0 0 0 0 0 0 
1740 10 0 0 0 0 0 0 0 0 0 0 0 
1741 10 0 0 0 0 0 0 0 0 0 0 0 
1742 10 0 0 0 0 0 0 0 0 0 0 0 
1743 10 0 0 0 0 0 0 0 0 0 0 0 
1744 10 0 0 0 0 0 0 0 0 0 0 0 
1745 10 0 0 0 0 0 0 0 0 0 0 0 
1746 10 0 0 0 0 0 0 0 0 0 0 0 
1747 10 0 0 0 0 0 0 0 0 0 0 0 
1748 10 0 0 0 0 0 0 0 0 0 0 0 
1749 10 0 0 0 0 0 0 0 0 0 0 0 
1750 10 0 0 0 0 0 0 0 0 0 0 0 
1751 10 43 0 0 0 0 0 0 0 0 0 0 
1752 10 44 0 0 0 0 0 0 0 0 0 0 
1753 10 45 0 0 0 0 0 0 0 0 0 0 
1754 10 46 0 0 0 0 0 0 0 0 0 0 
1755 10 0 0 0 0 0 0 0 0 0 0 0 
1756 10 0 0 0 0 0 0 0 0 0 0 0 
1757 10 0 0 0 0 0 0 0 0 0 0 0 
1758 10 0 0 0 0 0 0 0 0 0 0 0 
1759 10 0 0 0 0 0 0 0 0 0 0 0 
1760 10 0 0 0 0 0 0 0 0 0 0 0 
1761 10 0 0 0 0 0 0 0 0 0 0 0 
1762 10 0 0 0 0 0 0 0 0 0 0 0 
1763 10 0 0 0 0 0 0 0 0 0 0 0 
1764 10 0 0 0 0 0 0 0 0 0 0 0 
1765 10 0 0 0 0 0 0 0 0 0 0 0 
1766 10 0 0 0 0 0 0 0 0 0 0 0 
1767 10 0 0 0 0 0 0 0 0 0 0 0 
1768 10 0 0 0 0 0 0 0 0 0 0 0 
1769 10 0 0 0 0 0 0 0 0 0 0 0 
1770 10 0 0 0 0 0 0 0 0 0 0 0 
1771 10 0 0 0 0 0 0 0 0 0 0 0 
1772 10 0 0 0 0 0 0 0 0 0 0 0 
1773 10 0 0 0 0 0 0 0 0 0 0 0 
1774 10 0 0 0 0 0 0 0 0 0 0 0 
1775 10 0 0 0 0 0 0 0 0 0 0 0 
1776 10 0 0 0 0 0 0 0 0 0 0 0 
1777 10 0 0 0 0 0 0 0 0 0 0 0 
1778 10 0 0 0 0 0 0 0 0 0 0 0 
1779 10 0 0 0 0 0 0 0 0 0 0 0 
1780 10 0 0 0 0 0 0 0 0 0 0 0 
1781 10 0 0 0 0 0 0 0 0 0 0 0 
1782 10 0 0 0 0 0 0 0 0 0 0 0 
1783 10 0 0 0 0 0 0 0 0 0 0 0 
1784 10 0 0 0 0 0 0 0 0 0 0 0 
1785 10 0 0 0 0 0 0 0 0 0 0 0 
1786 10 0 0 0 0 0 0 0 0 0 0 0 
1787 10 0 0 0 0 0 0 0 0 0 0 0 
1788 10 0 0 0 0 0 0 0 0 0 0 0 
1789 10 0 0 0 0 0 0 0 0 0 0 0 
1790 10 0 0 0 0 0 0 0 0 0 0 0 
1791 10 0 0 0 0 0 0 0 0 0 0 0 
1792 10 0 0 0 0 0 0 0 0 0 0 0 
1793 10 0 0 0 0 0 0 0 0 0 0 0 
1794 10 0 0 0 0 0 0 0 0 0 0 0 
1795 10 0 0 0 0 0 0 0 0 0 0 0 
1796 10 0 0 0 0 0 0 0 0 0 0 0 
1797 10 0 0 0 0 0 0 0 0 0 0 0 
1798 10 0 0 0 0 0 0 0 0 0 0 0 
1799 10 0 0 0 0 0 0 0 0 0 0 0 
1800 10 0 0 0 0 0 0 0 0 0 0 0 
1801 10 0 0 0 0 0 0 0 0 0 0 0 
1802 10 0 0 0 0 0 0 0 0 0 0 0 
1803 10 0 0 0 0 0 0 0 0 0 0 0 
1804 10 0 0 0 0 0 0 0 0 0 0 0 
1805 10 0 0 0 0 0 0 0 0 0 0 0 
1806 10 0 0 0 0 0 0 0 0 0 0 0 
1807 10 0 0 0 0 0 0 0 0 0 0 0 
1808 10 0 0 0 0 0 0 0 0 0 0 0 
1809 10 0 0 0 0 0 0 0 0 0 0 0 
1810 10 0 0 0 0 0 0 0 0 0 0 0 
1811 10 0 0 0 0 0 0 0 0 0 0 0 
1812 10 0 0 0 0 0 0 0 0 0 0 0 
1813 10 0 0 0 0 0 0 0 0 0 0 0 
1814 10 0 0 0 0 0 0 0 0 0 0 0 
1815 10 0 0 0 0 0 0 0 0 0 0 0 
1816 10 0 0 0 0 0 0 0 0 0 0 0 
1817 10 0 0 0 0 0 0 0 0 0 0 0 
1818 10 0 0 0 0 0 0 0 0 0 0 0 
1819 10 0 0 0 0 0 0 0 0 0 0 0 
1820 10 0 0 0 0 0 0 0 0 0 0 0 
1821 10 0 0 0 0 0 0 0 0 0 0 0 
1822 10 0 0 0 0 0 0 0 0 0 0 0 
1823 10 0 0 0 0 0 0 0 0 0 0 0 
1824 10 0 0 0 0 0 0 0 0 0 0 0 
1825 10 0 0 0 0 0 0 0 0 0 0 0 
1826 10 0 0 0 0 0 0 0 0 0 0 0 
1827 10 0 0 0 0 0 0 0 0 0 0 0 
1828 10 0 0 0 0 0 0 0 0 0 0 0 
1829 10 0 0 0 0 0 0 0 0 0 0 0 
1830 10 0 0 0 0 0 0 0 0 0 0 0 
1831 10 0 0 0 0 0 0 0 0 0 0 0 
1832 10 0 0 0 0 0 0 0 0 0 0 0 
1833 10 0 0 0 0 0 0 0 0 0 0 0 
1834 10 0 0 0 0 0 0 0 0 0 0 0 
1835 10 0 0 0 0 0 0 0 0 0 0 0 
1836 10 0 0 0 0 0 0 0 0 0 0 0 
1837 10 0 0 0 0 0 0 0 0 0 0 0 
1838 10 0 0 0 0 0 0 0 0 0 0 0 
1839 10 0 0 0 0 0 0 0 0 0 0 0 
1840 10 0 0 0 0 0 0 0 0 0 0 0 
1841 10 0 0 0 0 0 0 0 0 0 0 0 
1842 10 0 0 0 0 0 0 0 0 0 0 0 
1843 10 0 0 0 0 0 0 0 0 0 0 0 
1844 10 0 0 0 0 0 0 0 0 0 0 0 
1845 10 0 0 0 0 0 0 0 0 0 0 0 
1846 10 0 0 0 0 0 0 0 0 0 0 0 
1847 10 0 0 0 0 0 0 0 0 0 0 0 
1848 10 0 0 0 0 0 0 0 0 0 0 0 
1849 10 0 0 0 0 0 0 0 0 0 0 0 
1850 10 0 0 0 0 0 0 0 0 0 0 0 
1851 10 0 0 0 0 0 0 0 0 0 0 0 
1852 10 0 0 0 0 0 0 0 0 0 0 0 
1853 10 0 0 0 0 0 0 0 0 0 0 0 
1854 10 0 0 0 0 0 0 0 0 0 0 0 
1855 10 52 0 0 0 0 0 0 0 0 0 0 
1856 10 53 0 0 0 0 0 0 0 0 0 0 
1857 10 0 0 0 0 0 0 0 0 0 0 0 
1858 10 0 0 0 0 0 0 0 0 0 0 0 
1859 10 55 0 0 0 0 0 0 0 0 0 0 
1860 10 56 0 0 0 0 0 0 0 0 0 0 
1861 10 0 0 0 0 0 0 0 0 0 0 0 
1862 10 0 0 0 0 0 0 0 0 0 0 0 
1863 10 0 0 0 0 0 0 0 0 0 0 0 
1864 10 0 0 0 0 0 0 0 0 0 0 0 
1865 10 0 0 0 0 0 0 0 0 0 0 0 
1866 10 0 0 0 0 0 0 0 0 0 0 0 
1867 10 0 0 0 0 0 0 0 0 0 0 0 
1868 10 0 0 0 0 0 0 0 0 0 0 0 
1869 10 0 0 0 0 0 0 0 0 0 0 0 
1870 10 0 0 0 0 0 0 0 0 0 0 0 
1871 10 0 0 0 0 0 0 0 0 0 0 0 
1872 10 0 0 0 0 0 0 0 0 0 0 0 
1873 10 0 0 0 0 0 0 0 0 0 0 0 
1874 10 0 0 0 0 0 0 0 0 0 0 0 
1875 10 0 0 0 0 0 0 0 0 0 0 0 
1876 10 0 0 0 0 0 0 0 0 0 0 0 
1877 10 0 0 0 0 0 0 0 0 0 0 0 
1878 10 0 0 0 0 0 0 0 0 0 0 0 
1879 10 0 0 0 0 0 0 0 0 0 0 0 
1880 10 0 0 0 0 0 0 0 0 0 0 0 
1881 10 0 0 0 0 0 0 0 0 0 0 0 
1882 10 0 0 0 0 0 0 0 0 0 0 0 
1883 10 0 0 0 0 0 0 0 0 0 0 0 
1884 10 0 0 0 0 0 0 0 0 0 0 0 
1885 10 0 0 0 0 0 0 0 0 0 0 0 
1886 10 0 0 0 0 0 0 0 0 0 0 0 
1887 10 0 0 0 0 0 0 0 0 0 0 0 
1888 10 0 0 0 0 0 0 0 0 0 0 0 
1889 10 0 0 0 0 0 0 0 0 0 0 0 
1890 10 0 0 0 0 0 0 0 0 0 0 0 
1891 10 0 0 0 0 0 0 0 0 0 0 0 
1892 10 0 0 0 0 0 0 0 0 0 0 0 
1893 10 0 0 0 0 0 0 0 0 0 0 0 
1894 10 0 0 0 0 0 0 0 0 0 0 0 
1895 10 0 0 0 0 0 0 0 0 0 0 0 
1896 10 0 0 0 0 0 0 0 0 0 0 0 
1897 10 0 0 0 0 0 0 0 0 0 0 0 
1898 10 0 0 0 0 0 0 0 0 0 0 0 
1899 10 0 0 0 0 0 0 0 0 0 0 0 
1900 10 0 0 0 0 0 0 0 0 0 0 0 
1901 10 0 0 0 0 0 0 0 0 0 0 0 
1902 10 0 0 0 0 0 0 0 0 0 0 0 
1903 10 0 0 0 0 0 0 0 0 0 0 0 
1904 10 0 0 0 0 0 0 0 0 0 0 0 
1905 10 0 0 0 0 0 0 0 0 0 0 0 
1906 10 0 0 0 0 0 0 0 0 0 0 0 
1907 10 0 0 0 0 0 0 0 0 0 0 0 
1908 10 0 0 0 0 0 0 0 0 0 0 0 
1909 10 0 0 0 0 0 0 0 0 0 0 0 
1910 10 0 0 0 0 0 0 0 0 0 0 0 
1911 10 0 0 0 0 0 0 0 0 0 0 0 
1912 10 0 0 0 0 0 0 0 0 0 0 0 
1913 10 0 0 0 0 0 0 0 0 0 0 0 
1914 10 0 0 0 0 0 0 0 0 0 0 0 
1915 10 0 0 0 0 0 0 0 0 0 0 0 
1916 10 0 0 0 0 0 0 0 0 0 0 0 
1917 10 0 0 0 0 0 0 0 0 0 0 0 
1918 10 0 0 0 0 0 0 0 0 0 0 0 
1919 10 0 0 0 0 0 0 0 0 0 0 0 
1920 10 0 0 0 0 0 0 0 0 0 0 0 
1921 10 0 0 0 0 0 0 0 0 0 0 0 
1922 10 0 0 0 0 0 0 0 0 0 0 0 
1923 10 0 0 0 0 0 0 0 0 0 0 0 
1924 10 0 0 0 0 0 0 0 0 0 0 0 
1925 10 0 0 0 0 0 0 0 0 0 0 0 
1926 10 0 0 0 0 0 0 0 0 0 0 0 
1927 10 0 0 0 0 0 0 0 0 0 0 0 
1928 10 0 0 0 0 0 0 0 0 0 0 0 
1929 10 0 0 0 0 0 0 0 0 0 0 0 
1930 10 0 0 0 0 0 0 0 0 0 0 0 
1931 10 0 0 0 0 0 0 0 0 0 0 0 
1932 10 0 0 0 0 0 0 0 0 0 0 0 
1933 10 0 0 0 0 0 0 0 0 0 0 0 
1934 10 0 0 0 0 0 0 0 0 0 0 0 
1935 10 0 0 0 0 0 0 0 0 0 0 0 
1936 10 0 0 0 0 0 0 0 0 0 0 0 
1937 10 0 0 0 0 0 0 0 0 0 0 0 
1938 10 0 0 0 0 0 0 0 0 0 0 0 
1939 10 0 0 0 0 0 0 0 0 0 0 0 
1940 10 0 0 0 0 0 0 0 0 0 0 0 
1941 10 0 0 0 0 0 0 0 0 0 0 0 
1942 10 0 0 0 0 0 0 0 0 0 0 0 
1943 10 0 0 0 0 0 0 0 0 0 0 0 
1944 10 0 0 0 0 0 0 0 0 0 0 0 
1945 10 0 0 0 0 0 0 0 0 0 0 0 
1946 10 0 0 0 0 0 0 0 0 0 0 0 
1947 10 0 0 0 0 0 0 0 0 0 0 0 
1948 10 0 0 0 0 0 0 0 0 0 0 0 
1949 10 0 0 0 0 0 0 0 0 0 0 0 
1950 10 0 0 0 0 0 0 0 0 0 0 0 
1951 10 0 0 0 0 0 0 0 0 0 0 0 
1952 10 0 0 0 0 0 0 0 0 0 0 0 
1953 10 0 0 0 0 0 0 0 0 0 0 0 
1954 10 0 0 0 0 0 0 0 0 0 0 0 
1955 10 0 0 0 0 0 0 0 0 0 0 0 
1956 10 0 0 0 0 0 0 0 0 0 0 0 
1957 10 0 0 0 0 0 0 0 0 0 0 0 
1958 10 0 0 0 0 0 0 0 0 0 0 0 
1959 10 0 0 0 0 0 0 0 0 0 0 0 
1960 10 0 0 0 0 0 0 0 0 0 0 0 
1961 10 0 0 0 0 0 0 0 0 0 0 0 
1962 10 0 0 0 0 0 0 0 0 0 0 0 
1963 10 0 0 0 0 0 0 0 0 0 0 0 
1964 10 0 0 0 0 0 0 0 0 0 0 0 
1965 10 0 0 0 0 0 0 0 0 0 0 0 
1966 10 0 0 0 0 0 0 0 0 0 0 0 
1967 10 0 0 0 0 0 0 0 0 0 0 0 
1968 10 0 0 0 0 0 0 0 0 0 0 0 
1969 10 0 0 0 0 0 0 0 0 0 0 0 
1970 10 0 0 0 0 0 0 0 0 0 0 0 
1971 10 0 0 0 0 0 0 0 0 0 0 0 
1972 10 0 0 0 0 0 0 0 0 0 0 0 
1973 10 0 0 0 0 0 0 0 0 0 0 0 
1974 10 0 0 0 0 0 0 0 0 0 0 0 
1975 10 0 0 0 0 0 0 0 0 0 0 0 
1976 10 0 0 0 0 0 0 0 0 0 0 0 
1977 10 0 0 0 0 0 0 0 0 0 0 0 
1978 10 0 0 0 0 0 0 0 0 0 0 0 
1979 10 0 0 0 0 0 0 0 0 0 0 0 
1980 10 0 0 0 0 0 0 0 0 0 0 0 
1981 10 0 0 0 0 0 0 0 0 0 0 0 
1982 10 0 0 0 0 0 0 0 0 0 0 0 
1983 10 0 0 0 0 0 0 0 0 0 0 0 
1984 10 0 0 0 0 0 0 0 0 0 0 0 
1985 10 0 0 0 0 0 0 0 0 0 0 0 
1986 10 0 0 0 0 0 0 0 0 0 0 0 
1987 10 0 0 0 0 0 0 0 0 0 0 0 
1988 10 0 0 0 0 0 0 0 0 0 0 0 
1989 10 0 0 0 0 0 0 0 0 0 0 0 
1990 10 0 0 0 0 0 0 0 0 0 0 0 
1991 10 0 0 0 0 0 0 0 0 0 0 0 
1992 10 0 0 0 0 0 0 0 0 0 0 0 
1993 10 0 0 0 0 0 0 0 0 0 0 0 
1994 10 0 0 0 0 0 0 0 0 0 0 0 
1995 10 0 0 0 0 0 0 0 0 0 0 0 
1996 10 0 0 0 0 0 0 0 0 0 0 0 
1997 10 0 0 0 0 0 0 0 0 0 0 0 
1998 10 0 0 0 0 0 0 0 0 0 0 0 
1999 10 0 0 0 0 0 0 0 0 0 0 0 
2000 10 0 0 0 0 0 0 0 0 0 0 0 
2001 10 0 0 0 0 0 0 0 0 0 0 0 
2002 10 0 0 0 0 0 0 0 0 0 0 0 
2003 10 0 0 0 0 0 0 0 0 0 0 0 
2004 10 0 0 0 0 0 0 0 0 0 0 0 
2005 10 0 0 0 0 0 0 0 0 0 0 0 
2006 10 0 0 0 0 0 0 0 0 0 0 0 
2007 10 0 0 0 0 0 0 0 0 0 0 0 
2008 10 0 0 0 0 0 0 0 0 0 0 0 
2009 10 0 0 0 0 0 0 0 0 0 0 0 
2010 10 0 0 0 0 0 0 0 0 0 0 0 
2011 10 0 0 0 0 0 0 0 0 0 0 0 
2012 10 0 0 0 0 0 0 0 0 0 0 0 
2013 10 0 0 0 0 0 0 0 0 0 0 0 
2014 10 0 0 0 0 0 0 0 0 0 0 0 
2015 10 0 0 0 0 0 0 0 0 0 0 0 
2016 10 0 0 0 0 0 0 0 0 0 0 0 
2017 10 0 0 0 0 0 0 0 0 0 0 0 
2018 10 0 0 0 0 0 0 0 0 0 0 0 
2019 10 0 0 0 0 0 0 0 0 0 0 0 
2020 10 0 0 0 0 0 0 0 0 0 0 0 
2021 10 0 0 0 0 0 0 0 0 0 0 0 
2022 10 0 0 0 0 0 0 0 0 0 0 0 
2023 10 0 0 0 0 0 0 0 0 0 0 0 
2024 10 0 0 0 0 0 0 0 0 0 0 0 
2025 10 0 0 0 0 0 0 0 0 0 0 0 
2026 10 0 0 0 0 0 0 0 0 0 0 0 
2027 10 0 0 0 0 0 0 0 0 0 0 0 
2028 10 0 0 0 0 0 0 0 0 0 0 0 
2029 10 0 0 0 0 0 0 0 0 0 0 0 
2030 10 0 0 0 0 0 0 0 0 0 0 0 
2031 10 0 0 0 0 0 0 0 0 0 0 0 
2032 10 0 0 0 0 0 0 0 0 0 0 0 
2033 10 0 0 0 0 0 0 0 0 0 0 0 
2034 10 0 0 0 0 0 0 0 0 0 0 0 
2035 10 0 0 0 0 0 0 0 0 0 0 0 
2036 10 0 0 0 0 0 0 0 0 0 0 0 
2037 10 0 0 0 0 0 0 0 0 0 0 0 
2038 10 0 0 0 0 0 0 0 0 0 0 0 
2039 10 0 0 0 0 0 0 0 0 0 0 0 
2040 10 0 0 0 0 0 0 0 0 0 0 0 
2041 10 0 0 0 0 0 0 0 0 0 0 0 
2042 10 0 0 0 0 0 0 0 0 0 0 0 
2043 10 0 0 0 0 0 0 0 0 0 0 0 
2044 10 0 0 0 0 0 0 0 0 0 0 0 
2045 10 0 0 0 0 0 0 0 0 0 0 0 
2046 10 0 0 0 0 0 0 0 0 0 0 0 

0 4 1 0 bottle_1 0.00662584 11 12 -59 72 12 -54 72 2 -59 102 17 -59 66 -8 -59 120 12 -39 72 17 -54 66 2 -9 318 2 -9 312 17 -59 72 -8 -54 114 
1 4 1 0 bottle_1 1 22 12 -34 72 7 -79 72 7 -79 48 2 -79 204 2 -79 168 2 -79 36 -8 -79 318 -8 -79 264 -13 -79 306 7 -84 342 -3 -34 102 -13 -79 240 12 -79 102 12 -39 66 7 -79 102 2 -79 120 -8 -34 114 7 -84 36 2 -84 72 -3 -79 114 -13 -79 72 2 -79 114 
2 4 1 0 bottle_1 0.989879 163 12 -59 66 2 -84 42 2 -89 42 2 -89 72 2 -89 246 2 -89 306 12 -89 312 2 -84 222 2 -89 312 -3 -89 36 12 -84 174 -3 -89 264 12 -29 72 2 -89 222 -13 -84 312 -8 -89 312 2 -84 204 -8 -89 342 12 -74 66 12 -89 174 12 -64 66 12 -24 120 2 -74 246 -3 -84 204 7 -49 72 2 -74 204 2 -74 36 2 -4 42 -8 -89 240 17 31 174 -8 -84 36 -13 -89 66 7 -54 72 -8 -29 114 17 -84 114 -8 -44 102 12 -84 102 -13 -89 306 2 -84 114 17 -29 48 7 -74 42 7 31 264 17 -89 114 17 -24 102 -3 -4 48 2 -34 66 -3 -89 204 2 -74 120 12 -74 120 -13 -84 246 -8 -89 204 7 -34 240 7 -14 264 7 -74 120 -8 -74 342 -8 -74 312 7 -24 120 7 -9 264 12 -34 222 7 1 264 2 -9 264 -3 -4 264 -3 26 306 -3 31 312 2 -29 240 -3 31 204 12 -44 222 -13 -54 318 12 -14 246 12 -29 318 2 -29 312 -8 31 312 7 -59 66 7 -64 72 7 1 240 -3 -29 264 2 -24 312 -8 -89 222 12 6 66 7 -14 342 7 6 72 2 -39 246 12 -14 114 7 11 72 2 -24 318 2 -14 66 2 1 246 -8 26 312 2 36 168 2 -34 318 -3 -9 72 2 31 204 2 -9 66 12 -39 312 7 21 264 -3 -44 318 2 -44 306 12 -49 174 -3 -44 264 12 6 72 -3 -29 246 -8 -84 138 7 -34 306 2 -29 306 7 -29 342 7 -24 204 12 -49 312 -3 -19 312 2 -34 342 2 -19 168 -3 1 264 2 -4 342 17 -19 174 2 -19 318 7 26 222 -13 31 240 7 21 42 -3 -24 246 7 31 342 2 -39 306 -8 -34 342 12 1 114 7 26 318 12 16 66 2 6 102 2 -49 240 2 -14 168 -3 -19 318 12 16 72 2 31 342 12 26 312 12 1 318 2 16 102 2 11 48 2 -14 312 2 -14 318 -8 1 66 -3 16 66 12 -39 318 2 -54 42 2 26 48 2 -14 174 2 11 246 2 26 240 -3 6 48 7 31 36 -3 21 102 -8 16 72 2 -54 36 -8 -9 204 -3 26 102 2 26 36 7 -9 306 2 -9 306 -8 16 66 -8 -9 342 -3 -9 318 -13 31 72 -8 31 66 -8 26 66 -3 -54 42 -3 -59 42 -3 31 48 
3 4 1 0 bottle_1 1 48 -3 -14 48 -8 6 312 -8 1 312 -3 -14 42 7 -24 66 -13 -29 114 2 -24 36 -13 -34 312 2 -29 36 -13 -74 66 -18 36 246 2 -44 36 -13 -59 318 -3 -19 48 -8 36 306 12 -59 168 -18 36 36 12 36 66 7 -64 264 -13 11 306 12 -64 312 -8 16 174 7 -14 102 -8 1 168 -3 1 102 -3 -29 48 -18 31 240 -8 36 318 -8 26 342 12 -59 306 -13 6 312 -13 -9 312 -8 -34 264 -8 -39 264 -8 -44 72 12 -54 312 -8 -29 66 -13 -24 306 -13 -4 306 7 -24 342 12 36 114 12 41 120 -3 -44 48 7 -19 102 -3 -34 48 12 -59 312 -3 -44 42 -13 -14 306 
4 4 1 0 bottle_1 1 68 -8 -39 66 7 -9 66 -3 -14 114 -8 -14 222 -13 -19 306 -3 -19 222 -8 -44 66 12 6 312 2 -9 204 -3 -29 36 -8 -24 204 12 41 114 2 -14 114 7 11 114 2 -59 342 7 41 306 2 21 138 2 -54 72 12 11 102 -8 -24 222 2 -54 342 7 36 120 7 -69 66 7 16 114 2 11 120 -8 -49 66 -3 -24 36 2 -19 114 2 -9 114 -8 -9 222 -8 -19 222 2 21 102 -3 -9 120 12 26 120 7 -4 102 2 -59 66 7 31 120 -3 -69 306 -3 -19 120 -13 1 114 2 36 138 2 26 138 7 -69 42 -3 -69 342 17 21 102 2 -4 114 -8 16 114 17 26 318 -3 21 204 17 26 66 -8 -69 312 2 36 102 -8 21 114 -8 26 222 -8 -9 102 -13 -9 114 -3 31 102 -8 36 120 -13 -4 114 -8 26 120 -13 31 168 -18 26 240 -13 -9 120 -18 31 138 -13 36 120 -8 31 114 -8 -4 138 -8 -64 246 
5 4 0 
6 4 1 0 bottle_1 0.996957 546 -8 -64 264 -13 -64 66 -3 -64 246 2 -64 42 -13 -64 72 -18 -64 264 -8 -69 48 -3 -59 246 7 -24 312 7 -64 240 7 -64 36 -3 36 240 -3 -74 114 -13 -59 264 2 -59 246 -18 -74 138 7 -24 318 -8 -69 66 -8 -69 42 -13 -69 72 -23 -64 306 -3 -24 174 2 -69 102 -13 -64 312 -3 36 72 -13 -64 318 2 36 114 -18 -69 66 -13 36 264 -23 -84 246 12 -24 174 -8 36 102 -18 -64 342 -8 36 168 -8 -59 240 -13 -59 204 -18 -84 42 -3 36 66 -13 36 222 -8 -59 204 -3 -69 114 -23 -64 318 -13 26 42 -8 -69 72 -18 -19 222 -18 26 72 -18 -84 48 -23 -64 264 -18 26 174 -13 -84 36 -3 -74 120 -13 36 114 -3 -24 204 7 -64 204 -18 -84 138 7 -54 174 -18 26 318 -13 26 48 -18 26 138 12 -64 42 22 -74 66 -3 36 312 17 -74 66 -18 26 204 -13 -59 306 17 -74 72 -23 -59 264 12 -64 264 17 -69 72 22 26 102 17 -69 66 -8 -59 342 2 36 222 -8 -39 36 2 -64 66 -3 -4 102 7 36 138 -3 36 204 -18 -64 246 -8 -64 342 -18 11 138 -8 -59 318 -3 -64 174 -18 6 168 22 21 102 -13 1 72 -3 -59 72 -3 -59 312 -3 -44 72 12 -24 138 7 -59 306 -13 26 174 -3 -19 204 17 21 246 -13 26 66 -8 21 42 22 31 312 12 -4 36 -3 36 318 22 26 66 -18 -84 120 -13 26 72 -13 26 342 -13 -9 72 2 36 72 -13 -24 48 2 -74 114 7 -4 42 7 -19 318 17 21 264 -18 11 168 -18 1 312 17 -69 342 -8 -19 48 -3 -14 174 -13 -84 204 -3 26 204 17 -9 342 12 -4 66 7 1 42 2 -4 246 -18 11 174 22 31 264 -13 26 102 -13 6 168 -18 1 318 -18 -19 204 -13 -9 264 22 -74 72 -3 36 342 -8 -4 48 -13 -84 114 7 -64 306 7 1 36 22 -69 72 17 -19 168 12 -19 306 -8 1 114 22 26 138 2 -64 168 17 21 342 12 -59 240 -13 -19 102 -13 -29 66 17 11 66 17 -64 42 -8 -49 342 12 -59 36 -13 -4 168 -18 -14 306 -13 -59 102 12 -4 222 17 -4 48 12 -9 342 -8 26 246 12 -9 204 -13 1 174 -18 -9 318 22 21 66 12 -59 246 -8 -39 72 -18 11 318 -3 -54 318 17 -29 114 12 -54 42 7 -54 204 -8 6 174 22 16 102 22 16 66 -13 -14 138 2 -19 42 -8 36 42 -18 11 204 2 1 72 -13 16 114 -18 -39 342 -8 11 102 12 36 240 -18 -9 174 17 -64 318 -18 6 312 7 -4 120 -3 -9 36 17 -64 72 -13 -44 102 -18 -14 204 -8 -9 36 -13 -19 318 2 -54 312 7 -49 48 12 -39 204 -18 -14 168 17 -19 264 -23 36 204 -3 21 36 2 -39 222 22 31 42 -8 16 102 -8 -34 318 2 1 264 -13 11 168 -18 16 138 -13 -29 72 12 1 66 17 -24 120 -18 21 318 22 31 114 12 -64 306 -3 1 114 -13 11 222 -13 -14 66 12 -4 102 -18 16 174 -8 -9 246 -18 -19 174 2 -9 222 -3 -14 204 -3 -24 66 17 -34 168 -3 -19 240 -13 -14 264 2 -64 342 -8 -14 66 -8 -9 240 -3 -34 306 2 -29 48 -3 -9 66 -13 -39 318 2 -14 42 7 -69 48 -3 -19 264 -8 11 174 17 -24 342 22 -4 114 -13 11 66 2 -9 36 -8 -14 306 -13 11 72 -3 -39 66 -8 -14 318 2 -4 138 -18 -34 306 -13 -9 318 -13 6 114 -3 26 342 -13 16 138 7 6 102 2 26 222 17 26 42 17 6 72 -18 -54 312 17 1 48 -8 -89 36 17 -9 42 -3 -39 342 17 1 66 -13 -29 222 -13 11 102 17 11 48 -3 -69 72 17 6 66 12 21 246 17 1 36 17 26 48 17 16 240 22 26 342 -8 -34 36 7 -4 222 7 11 66 17 21 114 7 -29 36 7 21 174 7 1 222 7 -9 114 17 -4 102 -13 21 204 22 31 204 -3 -14 72 -8 26 48 7 16 72 -18 -24 312 -8 -24 246 -13 16 102 -8 -84 240 12 -9 42 12 1 120 -8 -29 246 7 -49 168 7 -44 306 -13 -69 36 17 6 36 -8 -19 306 -3 6 114 -3 -34 204 17 -39 246 2 -19 48 7 -54 48 -3 -39 246 2 -24 48 7 -24 42 12 -14 264 2 16 174 2 21 264 22 1 114 17 16 72 7 26 102 -13 -34 264 12 -39 168 -8 -74 102 2 21 312 -3 -9 138 -8 -44 306 -8 -44 36 22 -24 114 -13 1 48 -8 11 318 -3 -14 102 -3 -84 42 7 -14 36 -13 21 174 12 -9 66 17 -9 72 -3 -44 204 17 -9 66 7 11 102 17 -9 222 -3 -29 72 -18 -29 306 -13 -44 72 17 -29 264 12 26 222 -8 -24 66 12 -19 66 -8 -34 240 17 -9 240 22 41 66 2 1 240 17 31 246 22 16 72 12 46 246 12 -14 72 12 -44 48 17 41 66 -13 -44 48 7 21 306 2 -24 120 -18 21 138 -3 26 120 12 -44 246 7 -19 114 -8 11 264 7 -24 246 7 -19 42 2 16 222 12 -69 42 2 21 120 17 11 264 17 -34 264 -3 11 36 2 26 264 7 -24 114 12 -54 264 7 11 306 17 1 102 22 11 102 -13 6 72 -8 -14 246 17 6 114 12 11 120 -8 -29 306 -8 -24 240 22 -84 174 17 21 120 22 -84 72 22 1 120 2 11 138 7 -34 264 7 -24 36 -3 21 312 -8 11 204 22 -84 66 -3 -34 66 -8 1 36 2 26 120 12 -14 174 17 -19 72 -8 -59 72 12 -19 72 12 -39 240 17 1 246 -13 -19 174 -3 21 240 17 -34 204 12 -9 36 17 11 102 22 -84 102 -8 -9 306 7 -14 114 -13 16 342 17 -19 120 17 -19 222 7 -14 42 12 -74 102 2 11 114 -13 -49 318 17 -9 114 7 1 138 2 -69 306 22 -84 120 22 -84 114 12 6 264 -13 6 264 17 21 36 7 -59 42 17 -29 246 12 21 48 -8 -44 48 -3 -9 240 -13 11 342 -8 1 246 17 -44 48 17 11 138 -3 -44 312 -8 -39 318 12 -19 48 17 -84 312 7 -29 312 12 6 42 -3 26 240 12 -14 48 -3 6 174 -8 -59 36 17 -14 204 7 11 318 12 -29 246 12 -14 42 17 -19 102 2 11 306 7 -19 48 7 -14 312 12 -19 36 2 6 264 7 -29 48 -3 21 120 7 6 48 17 -84 102 -3 26 72 7 -44 36 -18 -49 306 2 21 168 17 -19 36 17 -9 120 17 -74 48 17 -44 342 2 1 222 -8 6 264 -13 -89 114 -3 21 168 17 6 222 17 -14 48 17 -14 120 17 -19 240 22 41 102 -13 -69 312 -18 16 312 12 -19 114 -13 21 114 -3 -84 102 2 -84 102 17 -59 48 12 11 264 2 11 318 12 36 138 7 -49 264 17 -84 246 -3 11 318 -3 16 306 17 1 264 7 -14 222 -3 -84 66 17 31 120 17 -54 36 -13 -89 102 -8 6 318 12 11 240 7 -89 72 17 -84 168 12 -29 312 -3 -4 240 7 -84 120 2 -69 342 -18 -69 342 -8 16 246 -8 -34 48 2 11 174 -3 -84 174 22 -84 36 7 6 168 12 6 246 7 -29 264 -13 -49 48 12 1 204 -3 1 168 12 26 48 12 1 264 12 -44 168 -13 -89 120 -3 11 42 -8 31 168 12 -54 36 12 -29 306 12 -69 246 -13 -69 318 -18 -69 312 17 -84 66 17 -69 222 17 -69 264 -8 -89 306 -8 -89 66 17 -84 204 12 -89 66 -13 -69 246 12 6 168 7 36 66 2 16 168 7 11 138 12 6 204 17 -69 306 2 -89 102 17 -69 312 7 -39 66 7 -34 48 17 -24 42 -13 6 204 -3 16 168 -8 -89 246 -13 -89 264 2 16 66 7 -49 42 12 -4 264 -23 36 240 17 41 246 17 -54 42 12 16 240 7 -69 222 12 16 246 
7 4 1 0 bottle_1 0.984046 257 7 -89 138 -18 -59 72 -3 -69 264 2 16 240 7 -49 204 17 -89 342 -23 -69 264 2 -89 168 17 46 120 12 -24 48 17 -84 72 -18 -89 120 17 -89 168 17 -89 318 -13 -69 204 17 -69 204 17 -89 138 -3 -9 342 17 11 204 22 -89 48 12 11 36 -18 -89 306 -13 -59 66 -13 16 66 -13 16 264 -3 -69 222 12 -89 204 -13 -89 204 2 -89 264 2 -24 72 -13 -69 222 -3 16 72 2 -24 114 -3 16 42 17 -34 342 -8 -49 318 7 -89 222 -18 -4 204 -3 1 174 2 -89 240 -3 -49 312 12 -34 342 -3 11 240 12 -84 312 -3 11 66 -13 -34 102 7 6 174 -3 -24 120 22 -74 36 7 16 222 -3 -49 306 12 31 306 22 -74 342 12 -4 138 -3 -89 138 -18 -89 66 12 -29 42 2 -84 66 7 11 42 12 41 318 7 -9 312 12 -84 66 -18 -69 222 12 -84 306 -8 -54 246 -3 16 246 -3 6 246 12 -84 318 12 -69 312 2 -44 222 -23 31 204 22 -69 138 12 -84 222 7 6 222 17 -89 312 22 -89 72 -23 -89 342 17 41 240 22 -69 120 12 16 204 12 -59 342 17 -24 66 2 6 306 2 -84 318 -3 31 174 12 1 168 7 -84 72 12 -54 204 17 -4 138 -23 36 306 12 -34 42 17 41 138 17 46 240 -8 -54 72 -3 -44 246 22 -89 120 -8 -4 240 2 -29 120 12 -9 138 -23 -89 312 2 31 222 -18 -89 204 -8 -54 36 -23 -89 246 17 46 222 17 36 120 -3 -24 114 17 -69 138 12 -69 138 17 36 222 -13 36 48 7 31 222 -18 -9 222 -13 1 222 7 6 306 2 -34 72 -13 -9 222 2 -54 48 -13 31 204 12 36 264 12 46 342 2 -4 168 17 36 138 12 36 36 12 -4 174 17 -39 48 7 31 168 2 1 306 7 31 312 2 31 318 17 36 240 12 31 42 -18 -4 222 -23 -74 342 12 -4 306 12 -54 66 -3 -49 36 7 31 72 12 41 240 2 -54 246 -18 -74 66 -3 31 342 -13 31 114 7 6 312 -8 -54 264 -18 -74 72 17 36 204 -3 31 318 12 -74 318 -18 31 114 2 -74 342 2 31 312 -18 -74 36 -18 31 48 7 1 312 -13 -54 66 17 -74 240 -13 31 306 7 -74 306 7 -4 306 22 -74 102 -18 31 102 22 36 102 -18 -74 342 7 31 66 -8 -74 318 -3 -29 120 -8 -54 48 22 46 120 -8 31 318 7 -4 318 -8 -74 48 -13 31 312 -18 -74 318 17 36 246 22 36 312 -18 31 318 2 31 66 12 -74 222 -23 -74 264 2 -74 66 -18 -74 306 22 36 318 -18 31 306 -18 -74 240 22 36 66 22 36 72 -3 -74 48 -3 -74 66 -23 -74 222 7 -74 168 -3 -74 264 2 -74 42 22 36 36 22 36 42 -13 -74 264 -18 31 312 12 36 342 22 46 102 22 36 48 7 -34 102 -13 31 342 -3 31 72 2 31 48 12 41 168 -18 31 66 -3 31 42 12 -74 138 7 -34 72 22 36 342 17 36 42 17 -34 66 -8 31 48 -13 31 48 17 46 36 17 -34 72 -3 -74 174 -3 41 312 2 -34 102 -18 -79 36 -13 -79 36 -8 -79 36 22 -79 42 22 -79 138 22 -79 72 -18 -79 222 -18 -79 102 -13 -79 174 -3 41 222 -18 -79 72 -3 41 204 17 -79 240 -18 -79 138 -3 41 174 -8 -79 168 -8 -79 174 17 -79 174 17 -79 168 17 -79 306 -8 -79 246 17 -79 120 7 -79 120 -13 -79 264 -3 -79 72 -13 -79 114 -8 -79 66 12 -79 138 -8 -79 72 12 -79 72 -8 -79 114 2 -79 102 12 -79 264 12 -79 306 12 -79 318 7 -79 306 -3 -79 318 2 -79 318 
8 4 1 0 bottle_1 1 4 -23 36 342 -23 31 312 -23 31 342 -23 26 306 
9 4 1 0 bottle_1 0.94382 14 -23 -59 318 -23 -4 222 17 -64 138 -23 21 312 -23 21 306 -23 21 318 -23 11 204 -18 21 102 -18 -49 102 -23 21 342 -18 16 102 -23 -54 342 -18 -54 114 -18 -34 102 
10 4 1 0 bottle_1 1 1 17 -9 204 
11 4 1 0 bottle_1 1 11 17 -54 138 -18 -34 114 2 -54 168 -18 -9 120 -18 11 114 -18 16 114 -18 -19 120 -18 6 120 -18 -29 120 -18 -39 120 -18 16 120 
12 4 1 0 bottle_1 0.545455 1 22 -89 204 
13 4 1 0 bottle_1 1 3 17 -54 264 22 -69 204 17 -49 264 
14 4 1 0 bottle_1 0.953271 17 -13 -14 72 -13 -19 72 -13 -9 342 -13 -4 342 -13 1 342 -13 11 120 -13 16 120 7 -89 306 12 -89 102 12 -89 36 7 -89 102 -13 -19 204 -8 -24 114 -3 -89 342 -3 -89 318 -3 -89 312 -3 -89 66 
15 4 1 0 bottle_1 1 54 22 21 168 27 -69 48 22 26 264 22 -4 204 22 -84 312 22 -64 120 22 -29 102 22 1 204 27 31 120 22 -29 120 22 -64 168 17 -54 306 22 -4 72 22 11 66 22 1 36 22 -19 342 22 -9 204 22 -34 138 22 6 72 22 -14 120 22 -19 66 22 -34 222 22 -14 72 22 -54 240 22 -44 42 17 -39 168 22 -69 318 22 -39 342 22 -19 120 22 6 48 22 16 222 22 -9 114 22 -19 36 17 -44 168 22 6 222 22 -24 36 22 -59 36 22 6 342 17 -34 306 22 -69 246 22 -24 48 22 -59 342 27 -69 138 27 -69 120 22 -24 72 22 36 264 22 -54 204 22 -49 342 27 -79 138 22 46 342 22 -79 222 22 -79 264 22 -79 240 22 -34 72 
16 4 1 0 bottle_1 1 5 22 -79 306 22 -29 66 22 -49 204 22 -34 66 22 -74 246 
17 4 0 
18 4 1 0 bottle_1 0.994583 153 12 46 102 7 46 168 12 46 66 7 46 246 7 46 312 -18 46 318 2 46 204 7 46 114 2 46 174 -13 46 204 -13 46 246 2 46 240 12 41 36 12 41 102 12 41 42 2 46 342 2 46 246 7 46 42 -13 46 342 -3 46 204 -8 46 120 -8 46 114 -18 41 168 2 46 114 -18 41 204 -8 46 306 -3 46 240 -8 46 342 -8 46 318 -8 46 246 2 46 66 -3 46 312 -8 46 42 -3 46 264 7 41 102 -13 41 120 -13 41 138 2 46 48 2 41 342 -13 41 168 -3 46 36 -13 41 246 -13 41 318 2 41 240 -13 41 312 -3 46 66 -8 41 102 -8 41 120 -8 41 36 -8 41 114 -28 36 264 -8 41 42 17 21 174 12 21 312 12 21 342 12 21 318 -23 26 168 -13 26 36 2 26 342 12 16 312 7 16 204 2 21 342 -3 21 222 7 16 342 -13 21 36 2 16 204 12 11 318 7 11 204 -23 21 114 -3 16 222 -18 16 264 -13 16 240 2 11 204 -3 16 342 -18 11 246 -18 11 240 -8 16 36 -8 11 222 -8 11 240 7 1 342 -13 6 240 7 -4 342 -3 1 222 2 -4 204 -18 1 168 -13 1 240 7 -9 342 -13 -4 246 -8 -4 222 -3 -9 222 -18 -9 246 -13 -9 240 12 -29 120 -18 -19 240 -18 -19 264 7 -29 114 -13 -24 240 7 -29 120 -18 -29 204 12 -44 138 7 -34 114 2 -39 204 7 -44 204 2 -39 168 -3 -34 174 -3 -34 222 -3 -34 168 -8 -29 138 7 -44 342 2 -34 114 -13 -34 240 -8 -34 222 -18 -34 246 -13 -39 246 -3 -39 114 -18 -39 246 -8 -49 102 -13 -44 246 -13 -44 240 12 -59 138 7 -59 342 7 -54 102 -23 -39 312 12 -64 138 7 -59 102 -13 -59 114 -3 -54 168 -3 -54 120 2 -64 102 -23 -44 306 2 -59 114 -18 -54 264 -3 -59 120 17 -69 114 7 -69 138 -13 -59 138 -3 -64 120 -3 -64 168 12 -69 114 7 -69 114 -13 -59 42 7 -69 120 -13 -64 36 -8 -69 174 -8 -69 138 -13 -69 48 -3 -69 138 2 -74 138 -13 -74 174 22 -89 246 -23 -69 120 22 -89 264 22 -89 312 
19 4 1 0 bottle_1 1 33 22 46 174 22 46 66 -23 41 342 -23 41 312 -23 36 114 27 36 66 -23 31 72 -18 41 66 -23 31 120 -18 41 102 -23 31 66 -23 31 168 -18 41 36 -23 31 42 12 46 36 -23 31 36 22 26 312 -23 26 174 -23 21 174 -23 16 174 22 21 174 22 16 42 -18 21 72 -18 21 48 -23 11 342 -18 16 72 17 16 312 -18 11 72 -18 11 66 17 16 318 -13 16 48 -23 6 246 -13 16 42 
20 4 1 0 bottle_1 0.985591 57 17 6 312 22 -9 48 -18 6 36 -18 1 48 -13 11 42 -18 -4 72 -23 -14 318 -23 -4 204 -13 6 36 -18 -9 72 22 -9 66 22 -9 102 -18 -4 42 -23 -19 342 22 -14 66 -13 1 36 17 -4 318 -23 -14 204 -23 -24 342 17 -9 312 17 -9 174 17 -9 318 -23 -29 342 -13 -4 42 -23 -34 318 -18 -29 102 -23 -34 342 -23 -24 204 -13 -9 36 -23 -34 306 -23 -44 318 -13 -14 42 -18 -24 36 -18 -34 72 -18 -34 48 -18 -29 36 -18 -44 72 17 -39 174 17 -34 318 -13 -29 36 -18 -49 66 -23 -54 240 17 -44 174 -13 -34 36 -18 -44 36 17 -39 72 -23 -54 246 17 -44 318 17 -44 72 -18 -59 42 -18 -64 120 17 -49 72 12 -44 318 -13 -49 36 -13 -49 42 17 -69 102 -18 -84 174 
21 4 1 0 bottle_1 1 2 -18 21 36 -18 -54 42 
22 4 1 0 bottle_1 1 2 -23 16 306 -23 16 318 
23 4 1 0 bottle_1 1 14 -23 11 240 -23 6 318 -18 -4 138 -23 1 312 -23 1 306 -23 1 240 -18 -9 102 -23 -14 222 -23 -4 240 -18 -14 138 -23 -19 222 -18 -9 48 -18 -24 138 -23 -14 264 
24 4 1 0 bottle_1 1 9 17 -49 66 12 -49 66 22 -54 42 -3 -64 102 -8 46 36 -8 -49 114 -8 -44 114 -3 -44 102 -13 -49 120 
25 4 1 0 bottle_1 1 1 -13 -34 138 
26 4 1 0 bottle_1 0.230769 4 -8 41 48 7 41 36 -8 46 264 -13 46 264 
27 4 1 0 bottle_1 0.939759 13 27 -74 66 27 -79 48 27 -89 48 27 -84 42 27 -79 66 27 -84 48 27 -74 36 27 -89 72 27 -89 120 27 -84 72 27 -79 72 27 -79 102 27 -89 114 
28 4 1 0 bottle_1 1 25 -28 -84 318 -28 -84 312 -28 -84 222 -23 -79 114 -28 -74 306 -23 -84 114 -23 -79 72 -23 -84 66 -28 -84 246 -23 -84 72 -23 -79 36 -28 -89 318 -23 -79 48 -23 -84 120 -23 -84 48 -28 -69 264 -23 -79 42 -28 -69 240 -28 -74 264 -23 -89 72 -28 -89 312 -23 -74 36 -23 -69 66 -23 -69 42 -23 -89 174 
29 4 1 0 bottle_1 1 1 -23 -84 168 
30 4 1 0 bottle_1 1 3 -28 -84 342 -28 -79 312 -23 -69 72 
31 4 1 0 bottle_1 1 1 -28 -89 264 
32 4 0 
33 4 1 0 bottle_1 0.130435 2 -28 -84 204 -28 -89 204 
34 4 1 0 bottle_1 0.0400668 4 27 -89 246 27 -84 204 27 -89 204 27 -89 222 
35 4 1 0 bottle_1 0.0609137 2 17 -39 120 12 -39 102 
36 4 0 
37 4 1 0 bottle_1 1 32 22 -59 66 22 -39 66 22 -44 66 22 -49 66 22 -59 72 2 -44 114 -3 -54 138 7 -49 120 12 -49 114 -8 -49 138 -3 -44 120 -8 -49 120 7 -44 138 2 -44 120 12 -49 102 12 -44 102 2 -39 120 12 -39 114 -3 -39 138 2 -49 138 12 -54 114 12 -59 120 2 -59 120 -8 -59 138 -13 -54 138 12 -49 120 -3 -49 138 -13 -44 138 22 -39 72 22 -54 72 27 -69 66 27 -79 168 
38 4 1 0 bottle_1 1 6 27 -64 42 27 -64 36 27 -79 174 27 -64 48 27 -49 36 27 -44 36 
39 4 1 0 bottle_1 1 4 27 -54 48 27 -59 66 2 -39 138 2 -54 138 
40 4 1 0 bottle_1 0.204545 3 27 -89 174 27 -89 342 27 -89 312 
41 4 1 0 bottle_1 0.0983607 3 -18 -59 168 32 21 342 -18 -64 168 
42 4 1 0 bottle_1 0.0425532 1 -8 56 138 
43 4 1 0 bottle_1 0.941176 280 12 -59 114 7 -59 120 -13 -39 168 -23 -49 168 22 -59 318 27 -79 318 27 -74 102 22 -54 246 27 -79 306 -13 -44 174 27 -84 222 -23 -44 174 27 -79 264 32 -79 102 27 -74 342 32 -79 66 -3 -59 138 32 -74 36 32 -79 120 27 -64 66 -18 -54 168 32 -79 72 22 -44 204 32 -84 102 22 -39 102 32 -79 138 32 -89 66 27 -34 36 22 -49 246 22 -49 168 27 -54 72 27 -49 72 32 -79 48 22 -54 306 27 -74 312 32 -84 66 22 -54 168 32 -84 36 22 -34 120 32 -89 48 32 -89 120 27 -69 318 32 -89 42 22 -54 114 -28 -79 174 32 -74 114 27 -54 318 32 -74 138 27 -34 48 27 -54 168 32 -74 72 27 -44 66 32 -84 42 22 -44 318 22 -34 174 -3 -44 168 -3 -39 168 27 -54 342 22 -44 114 -23 -34 138 12 -34 114 22 -39 174 22 -34 114 27 -69 312 27 -54 312 27 -54 120 27 -59 306 22 -44 246 22 -49 264 -28 -9 240 27 -49 114 32 -74 168 -28 -79 66 -28 -89 48 32 -69 318 27 -59 204 32 -64 48 -23 -4 246 -28 -89 66 -28 -89 42 27 -64 204 22 -34 318 -28 -84 138 32 -59 42 32 -69 114 32 -69 222 27 -54 306 22 -39 246 32 -74 342 32 -84 168 -28 -89 72 32 -69 168 27 -64 264 27 -34 120 27 -64 240 32 -69 240 22 -29 240 32 -74 264 27 -59 102 32 -64 138 32 -59 102 32 -64 120 22 -9 174 22 -39 312 32 -69 66 32 -64 240 32 -69 72 22 -29 318 27 -64 120 27 -54 204 22 -14 168 32 -59 318 32 -59 120 27 -14 120 32 -54 102 -28 -84 36 27 -64 138 32 -79 246 32 -54 42 32 -54 66 27 -49 342 27 -49 312 -28 36 306 32 -59 168 32 -79 318 32 -64 66 22 1 168 27 -54 240 27 -19 120 22 -9 168 27 -29 42 -3 -34 138 22 -19 222 32 -79 312 32 -84 222 27 -34 138 -28 -84 66 32 -54 138 22 -29 264 -13 -59 168 -18 -34 168 22 -19 246 27 -49 102 27 -49 204 27 -54 264 32 -54 246 27 -39 174 32 -49 102 32 -49 48 27 -14 114 32 -54 240 32 -89 306 27 -19 102 32 -54 264 27 -39 168 32 -49 318 32 -89 222 -28 -64 168 32 -49 66 27 -34 174 27 -44 312 27 -49 264 32 -49 72 32 -49 312 22 -19 312 27 -34 66 22 -9 318 32 -49 264 32 -44 102 27 -34 168 32 -44 42 22 -64 102 32 -44 120 22 1 264 27 -24 72 22 -14 306 27 -39 102 27 -64 102 -13 -59 174 27 -39 318 32 -39 36 27 -39 312 27 -29 174 22 16 174 27 -34 72 -28 -74 36 32 -44 48 27 -34 204 32 -39 120 27 -29 72 32 -44 240 27 1 114 7 -64 114 -13 11 36 32 -39 114 27 -24 42 32 -44 174 -23 -34 174 27 -19 72 32 -34 120 -13 16 36 27 -19 36 32 -39 222 -8 -59 174 27 -44 246 27 -39 240 27 -19 66 32 -29 36 27 -19 168 32 -29 120 -23 -14 36 -23 -59 102 -23 -29 138 32 -39 174 27 -9 174 -28 31 264 32 -34 72 27 -24 204 27 -29 318 27 -39 246 32 -34 66 27 -14 72 -28 -39 174 27 6 120 27 1 102 27 -24 342 27 -4 168 -13 -29 168 32 -24 120 27 -34 246 32 -29 114 27 -19 342 32 -29 72 27 36 204 32 -24 42 27 -24 312 -28 16 306 27 -9 66 27 -19 306 32 -24 102 27 11 120 27 -19 264 -23 -64 168 22 6 246 27 -14 222 -23 -54 102 22 11 318 27 11 114 -28 -49 306 32 -24 114 27 -29 246 -23 -54 72 32 -24 48 32 -19 102 -23 6 102 27 -14 204 27 -9 312 27 -9 42 -13 -34 174 7 -64 138 -23 26 72 32 -24 168 27 -9 342 -18 -34 66 -28 21 318 27 16 120 -28 31 342 -28 36 102 27 -19 240 -18 11 42 -28 31 102 27 -9 222 27 -9 204 22 21 318 27 -4 42 -23 6 114 -28 26 246 27 1 72 -18 -29 66 -28 26 222 
44 4 1 0 bottle_1 0.982847 382 -28 -59 312 22 16 264 -23 26 66 -28 11 306 27 1 312 27 16 342 -18 -44 42 32 -19 72 27 -4 204 -18 -39 204 27 -14 240 32 -14 114 -23 -39 240 32 -14 138 -18 -39 66 27 11 174 -18 21 42 -28 -49 312 -23 26 42 32 -14 48 -18 11 36 27 1 66 -28 -64 174 27 6 36 27 -9 240 -28 -9 36 32 -14 66 -28 31 114 32 -9 138 -28 11 312 32 -9 42 -18 -39 36 32 -9 114 22 16 312 -23 -29 240 -18 -34 204 27 -14 246 27 36 36 27 -4 240 32 -9 66 27 6 72 -28 26 264 22 46 36 -23 1 102 32 -9 72 27 41 102 -23 -54 66 -23 -49 72 -23 -34 246 -28 31 120 27 6 66 27 41 342 -28 36 48 32 -4 114 27 6 312 27 1 264 -18 -19 66 27 21 102 32 1 102 -28 21 102 -23 -39 114 -28 31 42 -28 -9 264 -8 41 72 -23 21 72 -28 31 174 -28 36 72 -23 11 138 -28 41 306 -28 6 312 27 6 222 -28 31 168 -23 -29 114 -23 -24 114 -23 -54 114 -28 26 138 32 1 48 -23 -44 102 -23 -34 120 -28 -49 246 -28 26 120 -23 -39 120 27 36 306 27 11 66 27 36 312 -23 -69 102 -23 -4 114 -23 -44 72 -28 31 66 -23 -4 102 -28 -44 318 -28 -59 114 -23 -29 120 27 21 174 27 1 246 -23 -34 102 -28 21 342 -23 16 168 -23 -39 72 -28 -69 66 -23 21 66 -28 -69 72 -23 -24 120 32 6 102 -28 6 246 27 11 318 -28 21 204 -23 -19 102 -23 -44 120 32 31 120 27 11 138 -23 -34 66 27 16 72 -23 -9 114 -23 -24 102 27 41 36 27 41 48 -28 16 342 -28 -49 138 -23 41 168 -28 26 48 -23 -34 48 27 16 138 -28 -49 342 27 21 72 -28 -69 48 27 16 42 27 31 240 -28 -69 42 -23 -29 102 27 31 246 -28 1 312 -28 11 114 -23 -19 120 32 31 114 -23 -54 36 -23 -24 42 -23 11 72 -28 -39 312 27 41 42 -28 -44 342 -23 11 48 -23 -49 36 -23 11 168 -23 -29 204 -23 -64 72 -28 -59 36 -23 -54 48 32 36 114 -23 -59 36 -28 -54 36 -28 11 342 -28 21 264 -23 16 48 -23 -24 168 -28 -39 138 -28 6 222 -23 -54 42 -28 11 120 -23 -29 42 -23 -4 174 27 46 102 -28 -24 222 -23 6 72 -23 -24 72 -28 -29 318 -23 -4 120 -23 -4 138 -28 -14 222 -28 -49 264 32 36 138 27 41 318 27 16 48 -28 -59 222 -28 16 138 -23 -9 138 -23 -39 36 -28 -4 306 -23 -59 42 27 26 246 -18 -69 168 32 6 72 -28 -69 222 -28 26 174 -28 -24 318 27 41 312 32 36 102 -28 41 168 -23 -39 42 -28 41 174 27 41 222 32 11 102 -23 -24 66 -13 41 66 -28 -4 312 -28 -4 222 -23 16 42 -23 -19 66 -28 1 264 -28 -19 318 -23 -4 72 27 16 318 -28 -34 138 27 46 72 -18 41 72 -28 -59 66 -23 41 120 -28 6 120 -28 41 342 -28 -54 42 -28 -49 42 27 16 240 -28 21 42 -28 -59 42 32 11 120 -23 -64 66 27 41 264 -23 -4 168 -28 -34 264 32 26 102 -28 46 102 -28 -44 42 -28 -64 66 -28 -24 36 -28 21 48 -28 -9 342 32 41 114 -23 41 66 -28 -34 240 -18 -69 174 -28 16 42 -28 -64 72 -28 -34 36 -28 -29 264 27 46 36 32 21 120 -28 -64 48 -28 46 306 32 16 102 -28 1 42 -28 1 120 32 36 48 -28 21 66 -28 11 168 -28 1 204 -28 11 174 -28 6 138 -28 -24 120 -28 46 312 -28 -9 204 -28 -24 42 22 51 306 17 51 222 22 51 318 -28 46 114 32 26 48 32 26 72 22 51 240 2 51 174 -28 46 66 -28 -24 138 -28 6 42 32 26 66 -3 51 174 22 51 246 22 51 264 -28 46 120 -28 -34 222 27 51 168 27 46 246 -28 -29 42 32 16 72 7 51 168 27 51 114 -28 46 246 -23 41 42 27 51 66 -28 1 168 27 51 102 32 21 72 22 51 42 -23 46 66 -3 51 204 32 21 66 -28 46 42 7 51 174 22 51 114 -23 -64 36 17 56 246 17 56 240 -23 46 306 17 56 168 12 51 168 2 51 240 -23 46 318 -23 46 114 17 56 36 -28 -64 222 -3 51 246 17 51 36 12 56 222 -8 46 72 -23 46 240 -23 46 138 17 56 72 12 51 264 -8 51 222 -28 51 174 -23 46 222 -3 51 264 17 51 42 17 51 48 -18 46 312 -23 46 168 -18 46 72 17 56 120 17 56 114 -8 51 174 17 51 72 7 51 264 12 56 342 12 51 138 12 51 306 -28 51 204 -13 46 72 12 51 318 -18 46 138 12 51 312 -8 51 264 -18 46 120 -28 51 240 -3 51 138 -23 51 102 -3 51 306 2 51 114 12 56 102 -13 46 102 -23 51 48 -23 56 264 7 51 342 7 51 114 12 51 102 -23 51 138 -23 51 42 12 51 66 12 51 72 -3 51 102 7 56 36 -18 56 306 -23 51 174 7 51 72 7 51 36 -18 56 168 -23 51 222 -23 51 246 -23 51 306 -8 51 342 -23 51 312 -3 51 72 -8 51 114 7 56 102 -18 51 240 -18 51 204 -13 56 114 -18 56 222 -13 56 120 7 56 120 -18 51 168 -18 51 138 -8 56 72 -8 51 102 -18 51 120 -18 51 72 -18 51 36 -18 51 48 -18 51 318 -18 51 342 -8 51 66 -13 51 342 -13 51 102 -8 51 48 -13 51 66 
45 4 1 0 bottle_1 0.954792 440 -23 91 174 -28 91 174 -28 91 204 -28 91 120 -28 91 222 -23 91 342 -23 91 312 -23 91 138 -23 91 66 -28 91 312 -23 91 72 -23 91 114 -23 91 48 -28 91 48 -28 91 72 22 91 264 22 91 222 -23 91 306 -28 91 264 27 91 204 32 91 204 -23 91 42 27 91 102 27 91 66 22 91 306 32 91 312 22 91 138 32 91 264 22 91 246 27 91 246 27 91 114 -23 91 240 -23 91 246 27 91 174 32 91 102 22 91 318 27 91 306 32 91 66 27 91 48 22 91 342 27 91 342 22 91 42 27 91 72 22 91 66 32 91 174 -18 91 120 32 91 72 22 91 114 -18 91 72 17 91 204 -18 91 66 17 91 36 17 91 168 17 91 318 -18 91 36 17 91 42 17 91 114 17 91 66 17 91 72 -23 86 174 -23 86 120 -23 86 168 -23 86 312 -28 86 102 -28 86 168 -23 86 48 -23 86 306 -28 86 240 -28 86 72 -28 86 114 -28 86 342 -28 86 48 -28 86 66 22 86 36 27 86 204 27 86 120 22 86 312 32 86 36 32 86 204 22 86 168 22 86 306 27 86 102 32 86 120 32 86 138 32 86 222 27 86 246 32 86 66 22 86 120 32 86 48 32 86 102 32 86 246 27 86 342 32 86 306 27 86 318 32 86 72 -18 86 120 -18 86 114 17 86 240 -18 86 66 17 86 204 17 86 246 -18 86 138 -18 86 48 17 86 42 -23 81 312 -23 81 102 -28 81 168 -28 81 138 -23 81 66 -28 81 114 -23 81 306 -23 81 222 -28 81 48 -28 81 240 -23 81 72 -28 81 246 -28 81 306 22 81 264 22 81 168 22 81 204 22 81 36 22 81 120 27 81 204 -23 81 246 17 81 264 22 81 306 17 81 222 27 81 66 32 81 120 32 81 168 17 81 342 -18 81 72 22 81 102 27 81 174 27 81 114 32 81 66 32 81 312 32 81 240 22 81 42 27 81 318 32 81 174 17 81 36 12 81 312 17 81 102 -18 81 48 12 81 240 17 81 66 17 81 72 17 81 42 -23 76 36 -23 76 168 -23 76 102 -28 76 102 -23 76 66 -28 76 264 -28 76 342 -28 76 48 -23 76 72 -28 76 72 -23 76 114 -28 76 114 -28 76 246 -23 76 264 -18 76 102 -23 76 240 17 76 306 22 76 222 22 76 204 22 76 138 -23 76 246 22 76 102 17 76 174 27 76 168 -18 76 66 12 76 312 22 76 72 22 76 114 22 76 42 32 76 222 27 76 174 27 76 114 17 76 66 27 76 342 12 76 264 12 76 204 12 76 168 12 76 318 32 76 102 32 76 246 32 76 240 12 76 306 27 76 318 32 76 342 -18 76 168 12 76 114 12 76 66 12 76 72 -18 76 264 -18 76 240 7 76 306 7 76 168 7 76 318 -18 76 246 7 76 48 -13 76 48 7 76 42 7 76 120 7 76 114 7 76 102 2 76 240 2 76 222 2 76 264 -23 71 312 -28 71 168 -23 71 342 -28 71 342 -28 71 246 -23 71 264 -18 71 102 -23 71 240 22 71 36 17 71 222 22 71 168 17 71 204 -23 71 246 17 71 36 17 71 240 22 71 138 22 71 306 17 71 318 22 71 102 -18 71 114 -18 71 66 12 71 312 17 71 48 27 71 168 27 71 312 17 71 102 22 71 72 27 71 138 32 71 204 27 71 246 22 71 114 27 71 48 12 71 342 27 71 174 27 71 114 17 71 72 32 71 66 27 71 342 32 71 312 -18 71 168 12 71 174 12 71 66 12 71 114 -13 71 72 12 71 42 -18 71 222 12 71 102 7 71 342 -18 71 240 7 71 312 7 71 222 7 71 240 7 71 306 -18 71 246 7 71 48 7 71 168 7 71 102 -13 71 342 7 71 72 -13 71 204 -8 71 102 2 71 246 -8 71 120 2 71 222 2 71 174 -28 66 36 2 71 66 -3 71 36 -23 66 102 -8 71 174 -28 66 102 -28 66 114 -28 66 264 -28 66 246 -8 71 306 -3 71 66 -23 66 42 -28 66 318 -8 71 318 -8 71 264 -3 71 138 -3 71 102 22 66 36 -3 71 114 22 66 222 -3 71 312 22 66 264 17 66 168 -18 66 120 -3 71 174 22 66 204 27 66 36 17 66 240 22 66 246 22 66 66 17 66 120 27 66 312 27 66 102 17 66 48 -18 66 138 32 66 204 22 66 318 27 66 264 32 66 138 27 66 114 32 66 66 32 66 168 27 66 42 17 66 66 27 66 318 17 66 114 32 66 114 17 66 72 17 66 42 32 66 42 32 66 342 32 66 72 12 66 246 -13 66 72 -18 66 246 -13 66 120 7 66 264 7 66 222 7 66 204 -13 66 36 -23 61 204 17 61 204 -23 61 264 -28 61 204 -23 61 102 -28 61 168 -28 61 240 17 61 246 -23 61 72 17 61 36 22 61 120 -28 61 102 22 61 102 -8 66 72 22 61 204 22 61 36 -8 66 66 22 61 72 22 61 114 -8 66 102 22 61 264 7 66 72 17 61 42 22 61 48 -8 66 36 27 61 120 27 61 168 27 61 138 27 61 114 27 61 66 27 61 72 27 61 246 32 61 36 32 61 66 27 61 318 32 61 174 32 61 72 -23 56 174 22 56 72 22 56 222 22 56 204 -18 56 102 -23 56 240 -23 56 318 22 56 306 22 56 264 -23 56 114 -28 56 246 -28 56 168 -28 56 342 -18 56 36 -28 56 138 27 56 102 -28 56 114 -28 56 48 -28 56 66 -18 56 42 7 56 48 -28 56 42 27 56 204 27 56 222 27 56 342 -13 56 174 27 56 240 27 56 264 -13 56 42 32 56 138 32 56 102 -13 56 342 -13 56 318 32 56 174 2 56 138 32 56 222 32 56 42 32 56 312 -8 56 66 2 56 48 -8 56 114 -8 56 36 -8 56 174 -28 51 168 -8 56 312 2 56 42 -28 51 36 -8 56 342 -3 56 246 -3 56 222 -3 56 36 -3 56 168 -8 56 318 27 51 174 -28 51 114 -28 51 102 -3 56 72 27 51 222 27 51 312 -3 56 42 27 51 318 27 51 240 27 51 306 27 51 264 32 51 120 32 51 312 
46 4 1 0 bottle_1 0.551495 83 32 46 138 32 46 72 32 46 48 32 46 42 32 46 342 32 46 318 32 46 246 32 41 36 32 41 306 32 36 36 32 36 342 32 36 264 32 31 342 32 31 222 32 26 312 32 26 306 32 21 48 32 26 264 -28 16 66 32 16 66 32 21 312 32 16 48 32 21 306 32 16 168 32 11 66 -28 11 72 32 11 72 32 11 48 32 16 318 32 11 168 32 11 36 32 16 240 32 6 66 -28 6 102 -28 6 66 -28 1 114 32 11 312 32 11 246 32 6 318 32 6 306 -28 -4 102 -28 -4 66 -28 -9 114 32 -4 168 32 1 312 32 1 246 -28 -9 66 32 -4 204 -28 -14 102 -28 -19 114 32 -9 240 32 -9 264 32 -9 246 -28 -19 72 32 -14 204 -28 -19 66 -28 -39 204 -28 -24 102 32 -19 318 32 -19 204 32 -19 306 -28 -29 48 -28 -29 72 -28 -49 204 32 -24 306 -28 -44 174 32 -29 342 -28 -34 48 32 -29 222 -28 -34 72 32 -34 342 32 -29 240 32 -34 318 -28 -39 72 -28 -59 204 32 -34 264 -28 -44 102 32 -34 246 32 -44 342 -28 -44 66 -28 -49 102 -28 -54 72 -28 -54 66 
47 4 1 0 bottle_1 0.130435 3 -3 51 42 -3 51 36 2 51 36 
48 4 1 0 bottle_1 0.0192926 1 32 -89 240 
49 4 1 0 bottle_1 0.950495 16 2 91 48 -8 91 36 -8 91 72 -13 91 312 7 91 42 2 91 36 -13 91 72 -13 91 138 -18 91 222 -13 91 114 -18 91 240 -18 91 168 12 91 138 12 91 102 12 91 72 12 91 114 
50 4 1 0 bottle_1 0.285714 1 12 91 66 
51 4 1 0 bottle_1 0.021164 2 12 91 36 -18 91 342 
52 4 1 0 bottle_1 0.977064 142 -3 86 318 -3 86 306 -3 86 174 7 86 42 2 66 42 -3 91 222 2 86 102 -3 91 168 2 91 66 7 86 72 -3 91 312 -3 86 246 7 86 66 -3 91 342 -3 81 312 -3 91 306 -3 91 264 2 66 174 2 66 66 -3 86 42 7 86 318 2 81 312 -3 81 264 -3 86 102 2 91 246 2 66 114 2 86 312 -3 76 240 7 86 102 2 86 66 -3 81 36 7 66 174 -3 86 48 7 86 174 -3 76 246 7 86 168 -3 91 114 7 86 342 -3 91 102 -3 91 66 2 81 246 7 81 222 7 81 102 2 81 72 7 61 342 -3 81 168 7 76 66 7 86 138 7 81 66 7 81 138 2 81 66 2 76 120 7 86 120 7 81 204 -8 81 264 -3 81 114 -3 66 264 7 81 42 2 86 264 2 61 66 -8 86 174 7 61 114 12 81 120 2 86 204 7 81 36 2 61 138 2 81 42 2 81 48 7 61 42 -3 81 48 2 61 120 12 81 36 2 81 36 2 61 114 -3 81 66 -8 81 312 -3 81 72 -3 61 264 -8 81 42 -8 91 174 -8 76 246 12 61 114 -8 76 318 -3 76 120 -3 76 102 -3 76 114 12 61 66 -8 76 48 12 61 342 -3 61 312 -3 61 174 12 61 204 -3 61 342 -8 61 138 -13 61 174 -8 86 66 -8 76 174 -18 61 114 -8 61 42 -13 66 204 -18 61 222 -8 61 174 -23 61 306 -3 66 48 -8 61 36 -8 61 114 -13 66 240 -13 61 168 -8 91 114 -13 61 72 -18 61 48 -18 61 240 -18 61 168 -18 61 72 -8 66 138 -8 76 114 -18 61 264 -8 61 168 -18 61 66 -13 61 114 -3 66 120 -3 61 120 -8 81 102 -13 61 318 -13 76 264 -13 66 168 17 61 318 -8 76 72 -13 66 306 -13 81 264 -8 61 318 -3 61 66 -3 66 66 -13 81 222 -8 66 114 -13 81 306 -13 81 318 -3 66 72 -13 81 36 -13 86 312 -13 86 318 -13 81 72 
53 4 1 0 bottle_1 1 3 -18 81 204 -13 86 138 -18 81 264 
54 4 1 0 bottle_1 0.782609 6 -3 76 174 -3 76 222 2 76 66 2 76 48 -3 76 48 -3 76 36 
55 4 1 0 bottle_1 0.545455 1 -18 86 36 
56 4 1 0 bottle_1 0.968944 26 12 91 174 -13 91 342 -13 91 174 -13 91 222 -18 86 174 -18 81 174 -18 81 306 17 86 138 7 91 114 -13 91 240 -13 86 102 17 86 72 -13 86 48 -13 86 72 12 86 246 12 81 168 12 86 48 12 86 168 -18 81 318 12 86 138 12 81 102 12 86 318 -13 81 312 7 81 240 12 81 66 12 81 72 
57 4 1 0 bottle_1 0.606742 9 7 66 120 2 66 36 2 66 204 2 66 138 17 61 66 2 66 102 -8 66 246 -3 66 168 -3 66 342 
58 4 1 0 bottle_1 0.324324 2 2 66 306 2 61 264 
59 4 1 0 bottle_1 0.107143 1 2 61 342 
60 4 1 0 bottle_1 0.0566038 1 -8 86 318 
61 4 1 0 bottle_1 0.00124974 1 -3 56 342 
