10 62 4
0 0 -1 46 3 10 -1 -1 -1 -1 -1 3 -2 
1 1 -1 287 2 27 -1 -1 -1 -1 -1 1 474 
2 1 -1 152 2 36 -1 -1 -1 -1 -1 1 207 
3 2 0 0 0 0 0 0 0 0 0 0 0 
4 2 -1 330 2 23 -1 -1 -1 -1 -1 2 1098 
5 2 34 0 0 0 0 0 0 0 0 0 0 
6 2 -1 280 2 39 -1 -1 -1 -1 -1 1 277 
7 3 0 0 0 0 0 0 0 0 0 0 0 
8 3 0 0 0 0 0 0 0 0 0 0 0 
9 3 -1 263 1 34 -1 -1 -1 -1 -1 0 43 
10 3 -1 312 2 20 -1 -1 -1 -1 -1 3 748 
11 3 0 0 0 0 0 0 0 0 0 0 0 
12 3 0 0 0 0 0 0 0 0 0 0 0 
13 3 -1 114 0 18 -1 -1 -1 -1 -1 3 0 
14 3 61 0 0 0 0 0 0 0 0 0 0 
15 4 0 0 0 0 0 0 0 0 0 0 0 
16 4 0 0 0 0 0 0 0 0 0 0 0 
17 4 0 0 0 0 0 0 0 0 0 0 0 
18 4 0 0 0 0 0 0 0 0 0 0 0 
19 4 -1 285 0 19 -1 -1 -1 -1 -1 1 13 
20 4 -1 90 1 36 -1 -1 -1 -1 -1 1 35 
21 4 -1 25 4 28 -1 -1 -1 -1 -1 2 5472 
22 4 -1 234 3 32 -1 -1 -1 -1 -1 2 40 
23 4 0 0 0 0 0 0 0 0 0 0 0 
24 4 0 0 0 0 0 0 0 0 0 0 0 
25 4 0 0 0 0 0 0 0 0 0 0 0 
26 4 0 0 0 0 0 0 0 0 0 0 0 
27 4 -1 48 4 24 -1 -1 -1 -1 -1 2 7031 
28 4 -1 308 4 20 -1 -1 -1 -1 -1 0 2211 
29 4 0 0 0 0 0 0 0 0 0 0 0 
30 4 0 0 0 0 0 0 0 0 0 0 0 
31 5 0 0 0 0 0 0 0 0 0 0 0 
32 5 0 0 0 0 0 0 0 0 0 0 0 
33 5 0 0 0 0 0 0 0 0 0 0 0 
34 5 0 0 0 0 0 0 0 0 0 0 0 
35 5 0 0 0 0 0 0 0 0 0 0 0 
36 5 0 0 0 0 0 0 0 0 0 0 0 
37 5 0 0 0 0 0 0 0 0 0 0 0 
38 5 0 0 0 0 0 0 0 0 0 0 0 
39 5 -1 187 2 32 -1 -1 -1 -1 -1 2 386 
40 5 8 0 0 0 0 0 0 0 0 0 0 
41 5 -1 208 0 27 -1 -1 -1 -1 -1 2 34 
42 5 17 0 0 0 0 0 0 0 0 0 0 
43 5 -1 266 3 29 -1 -1 -1 -1 -1 1 22 
44 5 24 0 0 0 0 0 0 0 0 0 0 
45 5 -1 225 2 28 -1 -1 -1 -1 -1 2 811 
46 5 -1 95 2 19 -1 -1 -1 -1 -1 3 1035 
47 5 0 0 0 0 0 0 0 0 0 0 0 
48 5 0 0 0 0 0 0 0 0 0 0 0 
49 5 0 0 0 0 0 0 0 0 0 0 0 
50 5 0 0 0 0 0 0 0 0 0 0 0 
51 5 0 0 0 0 0 0 0 0 0 0 0 
52 5 0 0 0 0 0 0 0 0 0 0 0 
53 5 0 0 0 0 0 0 0 0 0 0 0 
54 5 0 0 0 0 0 0 0 0 0 0 0 
55 5 -1 356 0 19 -1 -1 -1 -1 -1 0 -28 
56 5 48 0 0 0 0 0 0 0 0 0 0 
57 5 -1 148 2 24 -1 -1 -1 -1 -1 2 1206 
58 5 -1 102 2 23 -1 -1 -1 -1 -1 3 51 
59 5 0 0 0 0 0 0 0 0 0 0 0 
60 5 0 0 0 0 0 0 0 0 0 0 0 
61 5 0 0 0 0 0 0 0 0 0 0 0 
62 5 0 0 0 0 0 0 0 0 0 0 0 
63 6 0 0 0 0 0 0 0 0 0 0 0 
64 6 0 0 0 0 0 0 0 0 0 0 0 
65 6 0 0 0 0 0 0 0 0 0 0 0 
66 6 0 0 0 0 0 0 0 0 0 0 0 
67 6 0 0 0 0 0 0 0 0 0 0 0 
68 6 0 0 0 0 0 0 0 0 0 0 0 
69 6 0 0 0 0 0 0 0 0 0 0 0 
70 6 0 0 0 0 0 0 0 0 0 0 0 
71 6 0 0 0 0 0 0 0 0 0 0 0 
72 6 0 0 0 0 0 0 0 0 0 0 0 
73 6 0 0 0 0 0 0 0 0 0 0 0 
74 6 0 0 0 0 0 0 0 0 0 0 0 
75 6 0 0 0 0 0 0 0 0 0 0 0 
76 6 0 0 0 0 0 0 0 0 0 0 0 
77 6 0 0 0 0 0 0 0 0 0 0 0 
78 6 0 0 0 0 0 0 0 0 0 0 0 
79 6 -1 323 1 19 -1 -1 -1 -1 -1 3 -33 
80 6 7 0 0 0 0 0 0 0 0 0 0 
81 6 0 0 0 0 0 0 0 0 0 0 0 
82 6 0 0 0 0 0 0 0 0 0 0 0 
83 6 -1 135 0 30 -1 -1 -1 -1 -1 2 -50 
84 6 16 0 0 0 0 0 0 0 0 0 0 
85 6 0 0 0 0 0 0 0 0 0 0 0 
86 6 0 0 0 0 0 0 0 0 0 0 0 
87 6 -1 323 1 32 -1 -1 -1 -1 -1 1 5 
88 6 23 0 0 0 0 0 0 0 0 0 0 
89 6 0 0 0 0 0 0 0 0 0 0 0 
90 6 0 0 0 0 0 0 0 0 0 0 0 
91 6 -1 184 2 32 -1 -1 -1 -1 -1 1 386 
92 6 27 0 0 0 0 0 0 0 0 0 0 
93 6 -1 315 3 13 -1 -1 -1 -1 -1 3 -21 
94 6 33 0 0 0 0 0 0 0 0 0 0 
95 6 0 0 0 0 0 0 0 0 0 0 0 
96 6 0 0 0 0 0 0 0 0 0 0 0 
97 6 0 0 0 0 0 0 0 0 0 0 0 
98 6 0 0 0 0 0 0 0 0 0 0 0 
99 6 0 0 0 0 0 0 0 0 0 0 0 
100 6 0 0 0 0 0 0 0 0 0 0 0 
101 6 0 0 0 0 0 0 0 0 0 0 0 
102 6 0 0 0 0 0 0 0 0 0 0 0 
103 6 0 0 0 0 0 0 0 0 0 0 0 
104 6 0 0 0 0 0 0 0 0 0 0 0 
105 6 0 0 0 0 0 0 0 0 0 0 0 
106 6 0 0 0 0 0 0 0 0 0 0 0 
107 6 0 0 0 0 0 0 0 0 0 0 0 
108 6 0 0 0 0 0 0 0 0 0 0 0 
109 6 0 0 0 0 0 0 0 0 0 0 0 
110 6 0 0 0 0 0 0 0 0 0 0 0 
111 6 -1 35 1 18 -1 -1 -1 -1 -1 3 7 
112 6 -1 42 2 27 -1 -1 -1 -1 -1 1 688 
113 6 0 0 0 0 0 0 0 0 0 0 0 
114 6 0 0 0 0 0 0 0 0 0 0 0 
115 6 49 0 0 0 0 0 0 0 0 0 0 
116 6 -1 323 2 18 -1 -1 -1 -1 -1 2 3336 
117 6 57 0 0 0 0 0 0 0 0 0 0 
118 6 -1 126 1 22 -1 -1 -1 -1 -1 0 6 
119 6 0 0 0 0 0 0 0 0 0 0 0 
120 6 0 0 0 0 0 0 0 0 0 0 0 
121 6 0 0 0 0 0 0 0 0 0 0 0 
122 6 0 0 0 0 0 0 0 0 0 0 0 
123 6 0 0 0 0 0 0 0 0 0 0 0 
124 6 0 0 0 0 0 0 0 0 0 0 0 
125 6 0 0 0 0 0 0 0 0 0 0 0 
126 6 0 0 0 0 0 0 0 0 0 0 0 
127 7 0 0 0 0 0 0 0 0 0 0 0 
128 7 0 0 0 0 0 0 0 0 0 0 0 
129 7 0 0 0 0 0 0 0 0 0 0 0 
130 7 0 0 0 0 0 0 0 0 0 0 0 
131 7 0 0 0 0 0 0 0 0 0 0 0 
132 7 0 0 0 0 0 0 0 0 0 0 0 
133 7 0 0 0 0 0 0 0 0 0 0 0 
134 7 0 0 0 0 0 0 0 0 0 0 0 
135 7 0 0 0 0 0 0 0 0 0 0 0 
136 7 0 0 0 0 0 0 0 0 0 0 0 
137 7 0 0 0 0 0 0 0 0 0 0 0 
138 7 0 0 0 0 0 0 0 0 0 0 0 
139 7 0 0 0 0 0 0 0 0 0 0 0 
140 7 0 0 0 0 0 0 0 0 0 0 0 
141 7 0 0 0 0 0 0 0 0 0 0 0 
142 7 0 0 0 0 0 0 0 0 0 0 0 
143 7 0 0 0 0 0 0 0 0 0 0 0 
144 7 0 0 0 0 0 0 0 0 0 0 0 
145 7 0 0 0 0 0 0 0 0 0 0 0 
146 7 0 0 0 0 0 0 0 0 0 0 0 
147 7 0 0 0 0 0 0 0 0 0 0 0 
148 7 0 0 0 0 0 0 0 0 0 0 0 
149 7 0 0 0 0 0 0 0 0 0 0 0 
150 7 0 0 0 0 0 0 0 0 0 0 0 
151 7 0 0 0 0 0 0 0 0 0 0 0 
152 7 0 0 0 0 0 0 0 0 0 0 0 
153 7 0 0 0 0 0 0 0 0 0 0 0 
154 7 0 0 0 0 0 0 0 0 0 0 0 
155 7 0 0 0 0 0 0 0 0 0 0 0 
156 7 0 0 0 0 0 0 0 0 0 0 0 
157 7 0 0 0 0 0 0 0 0 0 0 0 
158 7 0 0 0 0 0 0 0 0 0 0 0 
159 7 -1 194 1 38 -1 -1 -1 -1 -1 1 14 
160 7 -1 227 1 28 -1 -1 -1 -1 -1 1 -73 
161 7 0 0 0 0 0 0 0 0 0 0 0 
162 7 0 0 0 0 0 0 0 0 0 0 0 
163 7 0 0 0 0 0 0 0 0 0 0 0 
164 7 0 0 0 0 0 0 0 0 0 0 0 
165 7 0 0 0 0 0 0 0 0 0 0 0 
166 7 0 0 0 0 0 0 0 0 0 0 0 
167 7 9 0 0 0 0 0 0 0 0 0 0 
168 7 -1 19 2 24 -1 -1 -1 -1 -1 3 413 
169 7 0 0 0 0 0 0 0 0 0 0 0 
170 7 0 0 0 0 0 0 0 0 0 0 0 
171 7 0 0 0 0 0 0 0 0 0 0 0 
172 7 0 0 0 0 0 0 0 0 0 0 0 
173 7 0 0 0 0 0 0 0 0 0 0 0 
174 7 0 0 0 0 0 0 0 0 0 0 0 
175 7 18 0 0 0 0 0 0 0 0 0 0 
176 7 -1 198 2 18 -1 -1 -1 -1 -1 2 4174 
177 7 0 0 0 0 0 0 0 0 0 0 0 
178 7 0 0 0 0 0 0 0 0 0 0 0 
179 7 0 0 0 0 0 0 0 0 0 0 0 
180 7 0 0 0 0 0 0 0 0 0 0 0 
181 7 0 0 0 0 0 0 0 0 0 0 0 
182 7 0 0 0 0 0 0 0 0 0 0 0 
183 7 25 0 0 0 0 0 0 0 0 0 0 
184 7 26 0 0 0 0 0 0 0 0 0 0 
185 7 0 0 0 0 0 0 0 0 0 0 0 
186 7 0 0 0 0 0 0 0 0 0 0 0 
187 7 -1 250 4 37 -1 -1 -1 -1 -1 1 1856 
188 7 32 0 0 0 0 0 0 0 0 0 0 
189 7 0 0 0 0 0 0 0 0 0 0 0 
190 7 0 0 0 0 0 0 0 0 0 0 0 
191 7 0 0 0 0 0 0 0 0 0 0 0 
192 7 0 0 0 0 0 0 0 0 0 0 0 
193 7 0 0 0 0 0 0 0 0 0 0 0 
194 7 0 0 0 0 0 0 0 0 0 0 0 
195 7 0 0 0 0 0 0 0 0 0 0 0 
196 7 0 0 0 0 0 0 0 0 0 0 0 
197 7 0 0 0 0 0 0 0 0 0 0 0 
198 7 0 0 0 0 0 0 0 0 0 0 0 
199 7 0 0 0 0 0 0 0 0 0 0 0 
200 7 0 0 0 0 0 0 0 0 0 0 0 
201 7 0 0 0 0 0 0 0 0 0 0 0 
202 7 0 0 0 0 0 0 0 0 0 0 0 
203 7 0 0 0 0 0 0 0 0 0 0 0 
204 7 0 0 0 0 0 0 0 0 0 0 0 
205 7 0 0 0 0 0 0 0 0 0 0 0 
206 7 0 0 0 0 0 0 0 0 0 0 0 
207 7 0 0 0 0 0 0 0 0 0 0 0 
208 7 0 0 0 0 0 0 0 0 0 0 0 
209 7 0 0 0 0 0 0 0 0 0 0 0 
210 7 0 0 0 0 0 0 0 0 0 0 0 
211 7 0 0 0 0 0 0 0 0 0 0 0 
212 7 0 0 0 0 0 0 0 0 0 0 0 
213 7 0 0 0 0 0 0 0 0 0 0 0 
214 7 0 0 0 0 0 0 0 0 0 0 0 
215 7 0 0 0 0 0 0 0 0 0 0 0 
216 7 0 0 0 0 0 0 0 0 0 0 0 
217 7 0 0 0 0 0 0 0 0 0 0 0 
218 7 0 0 0 0 0 0 0 0 0 0 0 
219 7 0 0 0 0 0 0 0 0 0 0 0 
220 7 0 0 0 0 0 0 0 0 0 0 0 
221 7 0 0 0 0 0 0 0 0 0 0 0 
222 7 0 0 0 0 0 0 0 0 0 0 0 
223 7 -1 340 4 14 -1 -1 -1 -1 -1 2 1400 
224 7 37 0 0 0 0 0 0 0 0 0 0 
225 7 -1 85 1 29 -1 -1 -1 -1 -1 3 5 
226 7 -1 288 2 32 -1 -1 -1 -1 -1 2 466 
227 7 0 0 0 0 0 0 0 0 0 0 0 
228 7 0 0 0 0 0 0 0 0 0 0 0 
229 7 0 0 0 0 0 0 0 0 0 0 0 
230 7 0 0 0 0 0 0 0 0 0 0 0 
231 7 0 0 0 0 0 0 0 0 0 0 0 
232 7 0 0 0 0 0 0 0 0 0 0 0 
233 7 -1 189 3 38 -1 -1 -1 -1 -1 1 -105 
234 7 -1 152 2 37 -1 -1 -1 -1 -1 0 308 
235 7 0 0 0 0 0 0 0 0 0 0 0 
236 7 0 0 0 0 0 0 0 0 0 0 0 
237 7 58 0 0 0 0 0 0 0 0 0 0 
238 7 -1 331 2 16 -1 -1 -1 -1 -1 3 377 
239 7 0 0 0 0 0 0 0 0 0 0 0 
240 7 0 0 0 0 0 0 0 0 0 0 0 
241 7 0 0 0 0 0 0 0 0 0 0 0 
242 7 0 0 0 0 0 0 0 0 0 0 0 
243 7 0 0 0 0 0 0 0 0 0 0 0 
244 7 0 0 0 0 0 0 0 0 0 0 0 
245 7 0 0 0 0 0 0 0 0 0 0 0 
246 7 0 0 0 0 0 0 0 0 0 0 0 
247 7 0 0 0 0 0 0 0 0 0 0 0 
248 7 0 0 0 0 0 0 0 0 0 0 0 
249 7 0 0 0 0 0 0 0 0 0 0 0 
250 7 0 0 0 0 0 0 0 0 0 0 0 
251 7 0 0 0 0 0 0 0 0 0 0 0 
252 7 0 0 0 0 0 0 0 0 0 0 0 
253 7 0 0 0 0 0 0 0 0 0 0 0 
254 7 0 0 0 0 0 0 0 0 0 0 0 
255 8 0 0 0 0 0 0 0 0 0 0 0 
256 8 0 0 0 0 0 0 0 0 0 0 0 
257 8 0 0 0 0 0 0 0 0 0 0 0 
258 8 0 0 0 0 0 0 0 0 0 0 0 
259 8 0 0 0 0 0 0 0 0 0 0 0 
260 8 0 0 0 0 0 0 0 0 0 0 0 
261 8 0 0 0 0 0 0 0 0 0 0 0 
262 8 0 0 0 0 0 0 0 0 0 0 0 
263 8 0 0 0 0 0 0 0 0 0 0 0 
264 8 0 0 0 0 0 0 0 0 0 0 0 
265 8 0 0 0 0 0 0 0 0 0 0 0 
266 8 0 0 0 0 0 0 0 0 0 0 0 
267 8 0 0 0 0 0 0 0 0 0 0 0 
268 8 0 0 0 0 0 0 0 0 0 0 0 
269 8 0 0 0 0 0 0 0 0 0 0 0 
270 8 0 0 0 0 0 0 0 0 0 0 0 
271 8 0 0 0 0 0 0 0 0 0 0 0 
272 8 0 0 0 0 0 0 0 0 0 0 0 
273 8 0 0 0 0 0 0 0 0 0 0 0 
274 8 0 0 0 0 0 0 0 0 0 0 0 
275 8 0 0 0 0 0 0 0 0 0 0 0 
276 8 0 0 0 0 0 0 0 0 0 0 0 
277 8 0 0 0 0 0 0 0 0 0 0 0 
278 8 0 0 0 0 0 0 0 0 0 0 0 
279 8 0 0 0 0 0 0 0 0 0 0 0 
280 8 0 0 0 0 0 0 0 0 0 0 0 
281 8 0 0 0 0 0 0 0 0 0 0 0 
282 8 0 0 0 0 0 0 0 0 0 0 0 
283 8 0 0 0 0 0 0 0 0 0 0 0 
284 8 0 0 0 0 0 0 0 0 0 0 0 
285 8 0 0 0 0 0 0 0 0 0 0 0 
286 8 0 0 0 0 0 0 0 0 0 0 0 
287 8 0 0 0 0 0 0 0 0 0 0 0 
288 8 0 0 0 0 0 0 0 0 0 0 0 
289 8 0 0 0 0 0 0 0 0 0 0 0 
290 8 0 0 0 0 0 0 0 0 0 0 0 
291 8 0 0 0 0 0 0 0 0 0 0 0 
292 8 0 0 0 0 0 0 0 0 0 0 0 
293 8 0 0 0 0 0 0 0 0 0 0 0 
294 8 0 0 0 0 0 0 0 0 0 0 0 
295 8 0 0 0 0 0 0 0 0 0 0 0 
296 8 0 0 0 0 0 0 0 0 0 0 0 
297 8 0 0 0 0 0 0 0 0 0 0 0 
298 8 0 0 0 0 0 0 0 0 0 0 0 
299 8 0 0 0 0 0 0 0 0 0 0 0 
300 8 0 0 0 0 0 0 0 0 0 0 0 
301 8 0 0 0 0 0 0 0 0 0 0 0 
302 8 0 0 0 0 0 0 0 0 0 0 0 
303 8 0 0 0 0 0 0 0 0 0 0 0 
304 8 0 0 0 0 0 0 0 0 0 0 0 
305 8 0 0 0 0 0 0 0 0 0 0 0 
306 8 0 0 0 0 0 0 0 0 0 0 0 
307 8 0 0 0 0 0 0 0 0 0 0 0 
308 8 0 0 0 0 0 0 0 0 0 0 0 
309 8 0 0 0 0 0 0 0 0 0 0 0 
310 8 0 0 0 0 0 0 0 0 0 0 0 
311 8 0 0 0 0 0 0 0 0 0 0 0 
312 8 0 0 0 0 0 0 0 0 0 0 0 
313 8 0 0 0 0 0 0 0 0 0 0 0 
314 8 0 0 0 0 0 0 0 0 0 0 0 
315 8 0 0 0 0 0 0 0 0 0 0 0 
316 8 0 0 0 0 0 0 0 0 0 0 0 
317 8 0 0 0 0 0 0 0 0 0 0 0 
318 8 0 0 0 0 0 0 0 0 0 0 0 
319 8 1 0 0 0 0 0 0 0 0 0 0 
320 8 2 0 0 0 0 0 0 0 0 0 0 
321 8 3 0 0 0 0 0 0 0 0 0 0 
322 8 -1 288 3 28 -1 -1 -1 -1 -1 3 -55 
323 8 0 0 0 0 0 0 0 0 0 0 0 
324 8 0 0 0 0 0 0 0 0 0 0 0 
325 8 0 0 0 0 0 0 0 0 0 0 0 
326 8 0 0 0 0 0 0 0 0 0 0 0 
327 8 0 0 0 0 0 0 0 0 0 0 0 
328 8 0 0 0 0 0 0 0 0 0 0 0 
329 8 0 0 0 0 0 0 0 0 0 0 0 
330 8 0 0 0 0 0 0 0 0 0 0 0 
331 8 0 0 0 0 0 0 0 0 0 0 0 
332 8 0 0 0 0 0 0 0 0 0 0 0 
333 8 0 0 0 0 0 0 0 0 0 0 0 
334 8 0 0 0 0 0 0 0 0 0 0 0 
335 8 0 0 0 0 0 0 0 0 0 0 0 
336 8 0 0 0 0 0 0 0 0 0 0 0 
337 8 -1 333 1 14 -1 -1 -1 -1 -1 3 -16 
338 8 -1 309 2 31 -1 -1 -1 -1 -1 0 94 
339 8 0 0 0 0 0 0 0 0 0 0 0 
340 8 0 0 0 0 0 0 0 0 0 0 0 
341 8 0 0 0 0 0 0 0 0 0 0 0 
342 8 0 0 0 0 0 0 0 0 0 0 0 
343 8 0 0 0 0 0 0 0 0 0 0 0 
344 8 0 0 0 0 0 0 0 0 0 0 0 
345 8 0 0 0 0 0 0 0 0 0 0 0 
346 8 0 0 0 0 0 0 0 0 0 0 0 
347 8 0 0 0 0 0 0 0 0 0 0 0 
348 8 0 0 0 0 0 0 0 0 0 0 0 
349 8 0 0 0 0 0 0 0 0 0 0 0 
350 8 0 0 0 0 0 0 0 0 0 0 0 
351 8 0 0 0 0 0 0 0 0 0 0 0 
352 8 0 0 0 0 0 0 0 0 0 0 0 
353 8 -1 285 2 35 -1 -1 -1 -1 -1 1 300 
354 8 22 0 0 0 0 0 0 0 0 0 0 
355 8 0 0 0 0 0 0 0 0 0 0 0 
356 8 0 0 0 0 0 0 0 0 0 0 0 
357 8 0 0 0 0 0 0 0 0 0 0 0 
358 8 0 0 0 0 0 0 0 0 0 0 0 
359 8 0 0 0 0 0 0 0 0 0 0 0 
360 8 0 0 0 0 0 0 0 0 0 0 0 
361 8 0 0 0 0 0 0 0 0 0 0 0 
362 8 0 0 0 0 0 0 0 0 0 0 0 
363 8 0 0 0 0 0 0 0 0 0 0 0 
364 8 0 0 0 0 0 0 0 0 0 0 0 
365 8 0 0 0 0 0 0 0 0 0 0 0 
366 8 0 0 0 0 0 0 0 0 0 0 0 
367 8 0 0 0 0 0 0 0 0 0 0 0 
368 8 0 0 0 0 0 0 0 0 0 0 0 
369 8 0 0 0 0 0 0 0 0 0 0 0 
370 8 0 0 0 0 0 0 0 0 0 0 0 
371 8 0 0 0 0 0 0 0 0 0 0 0 
372 8 0 0 0 0 0 0 0 0 0 0 0 
373 8 0 0 0 0 0 0 0 0 0 0 0 
374 8 0 0 0 0 0 0 0 0 0 0 0 
375 8 28 0 0 0 0 0 0 0 0 0 0 
376 8 -1 260 2 12 -1 -1 -1 -1 -1 2 7144 
377 8 0 0 0 0 0 0 0 0 0 0 0 
378 8 0 0 0 0 0 0 0 0 0 0 0 
379 8 0 0 0 0 0 0 0 0 0 0 0 
380 8 0 0 0 0 0 0 0 0 0 0 0 
381 8 0 0 0 0 0 0 0 0 0 0 0 
382 8 0 0 0 0 0 0 0 0 0 0 0 
383 8 0 0 0 0 0 0 0 0 0 0 0 
384 8 0 0 0 0 0 0 0 0 0 0 0 
385 8 0 0 0 0 0 0 0 0 0 0 0 
386 8 0 0 0 0 0 0 0 0 0 0 0 
387 8 0 0 0 0 0 0 0 0 0 0 0 
388 8 0 0 0 0 0 0 0 0 0 0 0 
389 8 0 0 0 0 0 0 0 0 0 0 0 
390 8 0 0 0 0 0 0 0 0 0 0 0 
391 8 0 0 0 0 0 0 0 0 0 0 0 
392 8 0 0 0 0 0 0 0 0 0 0 0 
393 8 0 0 0 0 0 0 0 0 0 0 0 
394 8 0 0 0 0 0 0 0 0 0 0 0 
395 8 0 0 0 0 0 0 0 0 0 0 0 
396 8 0 0 0 0 0 0 0 0 0 0 0 
397 8 0 0 0 0 0 0 0 0 0 0 0 
398 8 0 0 0 0 0 0 0 0 0 0 0 
399 8 0 0 0 0 0 0 0 0 0 0 0 
400 8 0 0 0 0 0 0 0 0 0 0 0 
401 8 0 0 0 0 0 0 0 0 0 0 0 
402 8 0 0 0 0 0 0 0 0 0 0 0 
403 8 0 0 0 0 0 0 0 0 0 0 0 
404 8 0 0 0 0 0 0 0 0 0 0 0 
405 8 0 0 0 0 0 0 0 0 0 0 0 
406 8 0 0 0 0 0 0 0 0 0 0 0 
407 8 0 0 0 0 0 0 0 0 0 0 0 
408 8 0 0 0 0 0 0 0 0 0 0 0 
409 8 0 0 0 0 0 0 0 0 0 0 0 
410 8 0 0 0 0 0 0 0 0 0 0 0 
411 8 0 0 0 0 0 0 0 0 0 0 0 
412 8 0 0 0 0 0 0 0 0 0 0 0 
413 8 0 0 0 0 0 0 0 0 0 0 0 
414 8 0 0 0 0 0 0 0 0 0 0 0 
415 8 0 0 0 0 0 0 0 0 0 0 0 
416 8 0 0 0 0 0 0 0 0 0 0 0 
417 8 0 0 0 0 0 0 0 0 0 0 0 
418 8 0 0 0 0 0 0 0 0 0 0 0 
419 8 0 0 0 0 0 0 0 0 0 0 0 
420 8 0 0 0 0 0 0 0 0 0 0 0 
421 8 0 0 0 0 0 0 0 0 0 0 0 
422 8 0 0 0 0 0 0 0 0 0 0 0 
423 8 0 0 0 0 0 0 0 0 0 0 0 
424 8 0 0 0 0 0 0 0 0 0 0 0 
425 8 0 0 0 0 0 0 0 0 0 0 0 
426 8 0 0 0 0 0 0 0 0 0 0 0 
427 8 0 0 0 0 0 0 0 0 0 0 0 
428 8 0 0 0 0 0 0 0 0 0 0 0 
429 8 0 0 0 0 0 0 0 0 0 0 0 
430 8 0 0 0 0 0 0 0 0 0 0 0 
431 8 0 0 0 0 0 0 0 0 0 0 0 
432 8 0 0 0 0 0 0 0 0 0 0 0 
433 8 0 0 0 0 0 0 0 0 0 0 0 
434 8 0 0 0 0 0 0 0 0 0 0 0 
435 8 0 0 0 0 0 0 0 0 0 0 0 
436 8 0 0 0 0 0 0 0 0 0 0 0 
437 8 0 0 0 0 0 0 0 0 0 0 0 
438 8 0 0 0 0 0 0 0 0 0 0 0 
439 8 0 0 0 0 0 0 0 0 0 0 0 
440 8 0 0 0 0 0 0 0 0 0 0 0 
441 8 0 0 0 0 0 0 0 0 0 0 0 
442 8 0 0 0 0 0 0 0 0 0 0 0 
443 8 0 0 0 0 0 0 0 0 0 0 0 
444 8 0 0 0 0 0 0 0 0 0 0 0 
445 8 0 0 0 0 0 0 0 0 0 0 0 
446 8 0 0 0 0 0 0 0 0 0 0 0 
447 8 35 0 0 0 0 0 0 0 0 0 0 
448 8 36 0 0 0 0 0 0 0 0 0 0 
449 8 0 0 0 0 0 0 0 0 0 0 0 
450 8 0 0 0 0 0 0 0 0 0 0 0 
451 8 -1 2 3 26 -1 -1 -1 -1 -1 2 -34 
452 8 41 0 0 0 0 0 0 0 0 0 0 
453 8 -1 45 0 11 -1 -1 -1 -1 -1 2 29 
454 8 -1 208 0 16 -1 -1 -1 -1 -1 3 -2 
455 8 0 0 0 0 0 0 0 0 0 0 0 
456 8 0 0 0 0 0 0 0 0 0 0 0 
457 8 0 0 0 0 0 0 0 0 0 0 0 
458 8 0 0 0 0 0 0 0 0 0 0 0 
459 8 0 0 0 0 0 0 0 0 0 0 0 
460 8 0 0 0 0 0 0 0 0 0 0 0 
461 8 0 0 0 0 0 0 0 0 0 0 0 
462 8 0 0 0 0 0 0 0 0 0 0 0 
463 8 0 0 0 0 0 0 0 0 0 0 0 
464 8 0 0 0 0 0 0 0 0 0 0 0 
465 8 0 0 0 0 0 0 0 0 0 0 0 
466 8 0 0 0 0 0 0 0 0 0 0 0 
467 8 50 0 0 0 0 0 0 0 0 0 0 
468 8 -1 213 4 12 -1 -1 -1 -1 -1 1 1761 
469 8 55 0 0 0 0 0 0 0 0 0 0 
470 8 56 0 0 0 0 0 0 0 0 0 0 
471 8 0 0 0 0 0 0 0 0 0 0 0 
472 8 0 0 0 0 0 0 0 0 0 0 0 
473 8 0 0 0 0 0 0 0 0 0 0 0 
474 8 0 0 0 0 0 0 0 0 0 0 0 
475 8 0 0 0 0 0 0 0 0 0 0 0 
476 8 0 0 0 0 0 0 0 0 0 0 0 
477 8 59 0 0 0 0 0 0 0 0 0 0 
478 8 60 0 0 0 0 0 0 0 0 0 0 
479 8 0 0 0 0 0 0 0 0 0 0 0 
480 8 0 0 0 0 0 0 0 0 0 0 0 
481 8 0 0 0 0 0 0 0 0 0 0 0 
482 8 0 0 0 0 0 0 0 0 0 0 0 
483 8 0 0 0 0 0 0 0 0 0 0 0 
484 8 0 0 0 0 0 0 0 0 0 0 0 
485 8 0 0 0 0 0 0 0 0 0 0 0 
486 8 0 0 0 0 0 0 0 0 0 0 0 
487 8 0 0 0 0 0 0 0 0 0 0 0 
488 8 0 0 0 0 0 0 0 0 0 0 0 
489 8 0 0 0 0 0 0 0 0 0 0 0 
490 8 0 0 0 0 0 0 0 0 0 0 0 
491 8 0 0 0 0 0 0 0 0 0 0 0 
492 8 0 0 0 0 0 0 0 0 0 0 0 
493 8 0 0 0 0 0 0 0 0 0 0 0 
494 8 0 0 0 0 0 0 0 0 0 0 0 
495 8 0 0 0 0 0 0 0 0 0 0 0 
496 8 0 0 0 0 0 0 0 0 0 0 0 
497 8 0 0 0 0 0 0 0 0 0 0 0 
498 8 0 0 0 0 0 0 0 0 0 0 0 
499 8 0 0 0 0 0 0 0 0 0 0 0 
500 8 0 0 0 0 0 0 0 0 0 0 0 
501 8 0 0 0 0 0 0 0 0 0 0 0 
502 8 0 0 0 0 0 0 0 0 0 0 0 
503 8 0 0 0 0 0 0 0 0 0 0 0 
504 8 0 0 0 0 0 0 0 0 0 0 0 
505 8 0 0 0 0 0 0 0 0 0 0 0 
506 8 0 0 0 0 0 0 0 0 0 0 0 
507 8 0 0 0 0 0 0 0 0 0 0 0 
508 8 0 0 0 0 0 0 0 0 0 0 0 
509 8 0 0 0 0 0 0 0 0 0 0 0 
510 8 0 0 0 0 0 0 0 0 0 0 0 
511 9 0 0 0 0 0 0 0 0 0 0 0 
512 9 0 0 0 0 0 0 0 0 0 0 0 
513 9 0 0 0 0 0 0 0 0 0 0 0 
514 9 0 0 0 0 0 0 0 0 0 0 0 
515 9 0 0 0 0 0 0 0 0 0 0 0 
516 9 0 0 0 0 0 0 0 0 0 0 0 
517 9 0 0 0 0 0 0 0 0 0 0 0 
518 9 0 0 0 0 0 0 0 0 0 0 0 
519 9 0 0 0 0 0 0 0 0 0 0 0 
520 9 0 0 0 0 0 0 0 0 0 0 0 
521 9 0 0 0 0 0 0 0 0 0 0 0 
522 9 0 0 0 0 0 0 0 0 0 0 0 
523 9 0 0 0 0 0 0 0 0 0 0 0 
524 9 0 0 0 0 0 0 0 0 0 0 0 
525 9 0 0 0 0 0 0 0 0 0 0 0 
526 9 0 0 0 0 0 0 0 0 0 0 0 
527 9 0 0 0 0 0 0 0 0 0 0 0 
528 9 0 0 0 0 0 0 0 0 0 0 0 
529 9 0 0 0 0 0 0 0 0 0 0 0 
530 9 0 0 0 0 0 0 0 0 0 0 0 
531 9 0 0 0 0 0 0 0 0 0 0 0 
532 9 0 0 0 0 0 0 0 0 0 0 0 
533 9 0 0 0 0 0 0 0 0 0 0 0 
534 9 0 0 0 0 0 0 0 0 0 0 0 
535 9 0 0 0 0 0 0 0 0 0 0 0 
536 9 0 0 0 0 0 0 0 0 0 0 0 
537 9 0 0 0 0 0 0 0 0 0 0 0 
538 9 0 0 0 0 0 0 0 0 0 0 0 
539 9 0 0 0 0 0 0 0 0 0 0 0 
540 9 0 0 0 0 0 0 0 0 0 0 0 
541 9 0 0 0 0 0 0 0 0 0 0 0 
542 9 0 0 0 0 0 0 0 0 0 0 0 
543 9 0 0 0 0 0 0 0 0 0 0 0 
544 9 0 0 0 0 0 0 0 0 0 0 0 
545 9 0 0 0 0 0 0 0 0 0 0 0 
546 9 0 0 0 0 0 0 0 0 0 0 0 
547 9 0 0 0 0 0 0 0 0 0 0 0 
548 9 0 0 0 0 0 0 0 0 0 0 0 
549 9 0 0 0 0 0 0 0 0 0 0 0 
550 9 0 0 0 0 0 0 0 0 0 0 0 
551 9 0 0 0 0 0 0 0 0 0 0 0 
552 9 0 0 0 0 0 0 0 0 0 0 0 
553 9 0 0 0 0 0 0 0 0 0 0 0 
554 9 0 0 0 0 0 0 0 0 0 0 0 
555 9 0 0 0 0 0 0 0 0 0 0 0 
556 9 0 0 0 0 0 0 0 0 0 0 0 
557 9 0 0 0 0 0 0 0 0 0 0 0 
558 9 0 0 0 0 0 0 0 0 0 0 0 
559 9 0 0 0 0 0 0 0 0 0 0 0 
560 9 0 0 0 0 0 0 0 0 0 0 0 
561 9 0 0 0 0 0 0 0 0 0 0 0 
562 9 0 0 0 0 0 0 0 0 0 0 0 
563 9 0 0 0 0 0 0 0 0 0 0 0 
564 9 0 0 0 0 0 0 0 0 0 0 0 
565 9 0 0 0 0 0 0 0 0 0 0 0 
566 9 0 0 0 0 0 0 0 0 0 0 0 
567 9 0 0 0 0 0 0 0 0 0 0 0 
568 9 0 0 0 0 0 0 0 0 0 0 0 
569 9 0 0 0 0 0 0 0 0 0 0 0 
570 9 0 0 0 0 0 0 0 0 0 0 0 
571 9 0 0 0 0 0 0 0 0 0 0 0 
572 9 0 0 0 0 0 0 0 0 0 0 0 
573 9 0 0 0 0 0 0 0 0 0 0 0 
574 9 0 0 0 0 0 0 0 0 0 0 0 
575 9 0 0 0 0 0 0 0 0 0 0 0 
576 9 0 0 0 0 0 0 0 0 0 0 0 
577 9 0 0 0 0 0 0 0 0 0 0 0 
578 9 0 0 0 0 0 0 0 0 0 0 0 
579 9 0 0 0 0 0 0 0 0 0 0 0 
580 9 0 0 0 0 0 0 0 0 0 0 0 
581 9 0 0 0 0 0 0 0 0 0 0 0 
582 9 0 0 0 0 0 0 0 0 0 0 0 
583 9 0 0 0 0 0 0 0 0 0 0 0 
584 9 0 0 0 0 0 0 0 0 0 0 0 
585 9 0 0 0 0 0 0 0 0 0 0 0 
586 9 0 0 0 0 0 0 0 0 0 0 0 
587 9 0 0 0 0 0 0 0 0 0 0 0 
588 9 0 0 0 0 0 0 0 0 0 0 0 
589 9 0 0 0 0 0 0 0 0 0 0 0 
590 9 0 0 0 0 0 0 0 0 0 0 0 
591 9 0 0 0 0 0 0 0 0 0 0 0 
592 9 0 0 0 0 0 0 0 0 0 0 0 
593 9 0 0 0 0 0 0 0 0 0 0 0 
594 9 0 0 0 0 0 0 0 0 0 0 0 
595 9 0 0 0 0 0 0 0 0 0 0 0 
596 9 0 0 0 0 0 0 0 0 0 0 0 
597 9 0 0 0 0 0 0 0 0 0 0 0 
598 9 0 0 0 0 0 0 0 0 0 0 0 
599 9 0 0 0 0 0 0 0 0 0 0 0 
600 9 0 0 0 0 0 0 0 0 0 0 0 
601 9 0 0 0 0 0 0 0 0 0 0 0 
602 9 0 0 0 0 0 0 0 0 0 0 0 
603 9 0 0 0 0 0 0 0 0 0 0 0 
604 9 0 0 0 0 0 0 0 0 0 0 0 
605 9 0 0 0 0 0 0 0 0 0 0 0 
606 9 0 0 0 0 0 0 0 0 0 0 0 
607 9 0 0 0 0 0 0 0 0 0 0 0 
608 9 0 0 0 0 0 0 0 0 0 0 0 
609 9 0 0 0 0 0 0 0 0 0 0 0 
610 9 0 0 0 0 0 0 0 0 0 0 0 
611 9 0 0 0 0 0 0 0 0 0 0 0 
612 9 0 0 0 0 0 0 0 0 0 0 0 
613 9 0 0 0 0 0 0 0 0 0 0 0 
614 9 0 0 0 0 0 0 0 0 0 0 0 
615 9 0 0 0 0 0 0 0 0 0 0 0 
616 9 0 0 0 0 0 0 0 0 0 0 0 
617 9 0 0 0 0 0 0 0 0 0 0 0 
618 9 0 0 0 0 0 0 0 0 0 0 0 
619 9 0 0 0 0 0 0 0 0 0 0 0 
620 9 0 0 0 0 0 0 0 0 0 0 0 
621 9 0 0 0 0 0 0 0 0 0 0 0 
622 9 0 0 0 0 0 0 0 0 0 0 0 
623 9 0 0 0 0 0 0 0 0 0 0 0 
624 9 0 0 0 0 0 0 0 0 0 0 0 
625 9 0 0 0 0 0 0 0 0 0 0 0 
626 9 0 0 0 0 0 0 0 0 0 0 0 
627 9 0 0 0 0 0 0 0 0 0 0 0 
628 9 0 0 0 0 0 0 0 0 0 0 0 
629 9 0 0 0 0 0 0 0 0 0 0 0 
630 9 0 0 0 0 0 0 0 0 0 0 0 
631 9 0 0 0 0 0 0 0 0 0 0 0 
632 9 0 0 0 0 0 0 0 0 0 0 0 
633 9 0 0 0 0 0 0 0 0 0 0 0 
634 9 0 0 0 0 0 0 0 0 0 0 0 
635 9 0 0 0 0 0 0 0 0 0 0 0 
636 9 0 0 0 0 0 0 0 0 0 0 0 
637 9 0 0 0 0 0 0 0 0 0 0 0 
638 9 0 0 0 0 0 0 0 0 0 0 0 
639 9 0 0 0 0 0 0 0 0 0 0 0 
640 9 0 0 0 0 0 0 0 0 0 0 0 
641 9 0 0 0 0 0 0 0 0 0 0 0 
642 9 0 0 0 0 0 0 0 0 0 0 0 
643 9 0 0 0 0 0 0 0 0 0 0 0 
644 9 0 0 0 0 0 0 0 0 0 0 0 
645 9 4 0 0 0 0 0 0 0 0 0 0 
646 9 -1 270 3 23 -1 -1 -1 -1 -1 2 -38 
647 9 0 0 0 0 0 0 0 0 0 0 0 
648 9 0 0 0 0 0 0 0 0 0 0 0 
649 9 0 0 0 0 0 0 0 0 0 0 0 
650 9 0 0 0 0 0 0 0 0 0 0 0 
651 9 0 0 0 0 0 0 0 0 0 0 0 
652 9 0 0 0 0 0 0 0 0 0 0 0 
653 9 0 0 0 0 0 0 0 0 0 0 0 
654 9 0 0 0 0 0 0 0 0 0 0 0 
655 9 0 0 0 0 0 0 0 0 0 0 0 
656 9 0 0 0 0 0 0 0 0 0 0 0 
657 9 0 0 0 0 0 0 0 0 0 0 0 
658 9 0 0 0 0 0 0 0 0 0 0 0 
659 9 0 0 0 0 0 0 0 0 0 0 0 
660 9 0 0 0 0 0 0 0 0 0 0 0 
661 9 0 0 0 0 0 0 0 0 0 0 0 
662 9 0 0 0 0 0 0 0 0 0 0 0 
663 9 0 0 0 0 0 0 0 0 0 0 0 
664 9 0 0 0 0 0 0 0 0 0 0 0 
665 9 0 0 0 0 0 0 0 0 0 0 0 
666 9 0 0 0 0 0 0 0 0 0 0 0 
667 9 0 0 0 0 0 0 0 0 0 0 0 
668 9 0 0 0 0 0 0 0 0 0 0 0 
669 9 0 0 0 0 0 0 0 0 0 0 0 
670 9 0 0 0 0 0 0 0 0 0 0 0 
671 9 0 0 0 0 0 0 0 0 0 0 0 
672 9 0 0 0 0 0 0 0 0 0 0 0 
673 9 0 0 0 0 0 0 0 0 0 0 0 
674 9 0 0 0 0 0 0 0 0 0 0 0 
675 9 -1 205 0 13 -1 -1 -1 -1 -1 0 -34 
676 9 12 0 0 0 0 0 0 0 0 0 0 
677 9 13 0 0 0 0 0 0 0 0 0 0 
678 9 -1 42 0 13 -1 -1 -1 -1 -1 3 -42 
679 9 0 0 0 0 0 0 0 0 0 0 0 
680 9 0 0 0 0 0 0 0 0 0 0 0 
681 9 0 0 0 0 0 0 0 0 0 0 0 
682 9 0 0 0 0 0 0 0 0 0 0 0 
683 9 0 0 0 0 0 0 0 0 0 0 0 
684 9 0 0 0 0 0 0 0 0 0 0 0 
685 9 0 0 0 0 0 0 0 0 0 0 0 
686 9 0 0 0 0 0 0 0 0 0 0 0 
687 9 0 0 0 0 0 0 0 0 0 0 0 
688 9 0 0 0 0 0 0 0 0 0 0 0 
689 9 0 0 0 0 0 0 0 0 0 0 0 
690 9 0 0 0 0 0 0 0 0 0 0 0 
691 9 0 0 0 0 0 0 0 0 0 0 0 
692 9 0 0 0 0 0 0 0 0 0 0 0 
693 9 0 0 0 0 0 0 0 0 0 0 0 
694 9 0 0 0 0 0 0 0 0 0 0 0 
695 9 0 0 0 0 0 0 0 0 0 0 0 
696 9 0 0 0 0 0 0 0 0 0 0 0 
697 9 0 0 0 0 0 0 0 0 0 0 0 
698 9 0 0 0 0 0 0 0 0 0 0 0 
699 9 0 0 0 0 0 0 0 0 0 0 0 
700 9 0 0 0 0 0 0 0 0 0 0 0 
701 9 0 0 0 0 0 0 0 0 0 0 0 
702 9 0 0 0 0 0 0 0 0 0 0 0 
703 9 0 0 0 0 0 0 0 0 0 0 0 
704 9 0 0 0 0 0 0 0 0 0 0 0 
705 9 0 0 0 0 0 0 0 0 0 0 0 
706 9 0 0 0 0 0 0 0 0 0 0 0 
707 9 19 0 0 0 0 0 0 0 0 0 0 
708 9 -1 57 2 12 -1 -1 -1 -1 -1 2 8006 
709 9 0 0 0 0 0 0 0 0 0 0 0 
710 9 0 0 0 0 0 0 0 0 0 0 0 
711 9 0 0 0 0 0 0 0 0 0 0 0 
712 9 0 0 0 0 0 0 0 0 0 0 0 
713 9 0 0 0 0 0 0 0 0 0 0 0 
714 9 0 0 0 0 0 0 0 0 0 0 0 
715 9 0 0 0 0 0 0 0 0 0 0 0 
716 9 0 0 0 0 0 0 0 0 0 0 0 
717 9 0 0 0 0 0 0 0 0 0 0 0 
718 9 0 0 0 0 0 0 0 0 0 0 0 
719 9 0 0 0 0 0 0 0 0 0 0 0 
720 9 0 0 0 0 0 0 0 0 0 0 0 
721 9 0 0 0 0 0 0 0 0 0 0 0 
722 9 0 0 0 0 0 0 0 0 0 0 0 
723 9 0 0 0 0 0 0 0 0 0 0 0 
724 9 0 0 0 0 0 0 0 0 0 0 0 
725 9 0 0 0 0 0 0 0 0 0 0 0 
726 9 0 0 0 0 0 0 0 0 0 0 0 
727 9 0 0 0 0 0 0 0 0 0 0 0 
728 9 0 0 0 0 0 0 0 0 0 0 0 
729 9 0 0 0 0 0 0 0 0 0 0 0 
730 9 0 0 0 0 0 0 0 0 0 0 0 
731 9 0 0 0 0 0 0 0 0 0 0 0 
732 9 0 0 0 0 0 0 0 0 0 0 0 
733 9 0 0 0 0 0 0 0 0 0 0 0 
734 9 0 0 0 0 0 0 0 0 0 0 0 
735 9 0 0 0 0 0 0 0 0 0 0 0 
736 9 0 0 0 0 0 0 0 0 0 0 0 
737 9 0 0 0 0 0 0 0 0 0 0 0 
738 9 0 0 0 0 0 0 0 0 0 0 0 
739 9 0 0 0 0 0 0 0 0 0 0 0 
740 9 0 0 0 0 0 0 0 0 0 0 0 
741 9 0 0 0 0 0 0 0 0 0 0 0 
742 9 0 0 0 0 0 0 0 0 0 0 0 
743 9 0 0 0 0 0 0 0 0 0 0 0 
744 9 0 0 0 0 0 0 0 0 0 0 0 
745 9 0 0 0 0 0 0 0 0 0 0 0 
746 9 0 0 0 0 0 0 0 0 0 0 0 
747 9 0 0 0 0 0 0 0 0 0 0 0 
748 9 0 0 0 0 0 0 0 0 0 0 0 
749 9 0 0 0 0 0 0 0 0 0 0 0 
750 9 0 0 0 0 0 0 0 0 0 0 0 
751 9 0 0 0 0 0 0 0 0 0 0 0 
752 9 0 0 0 0 0 0 0 0 0 0 0 
753 9 -1 228 1 33 -1 -1 -1 -1 -1 2 29 
754 9 31 0 0 0 0 0 0 0 0 0 0 
755 9 0 0 0 0 0 0 0 0 0 0 0 
756 9 0 0 0 0 0 0 0 0 0 0 0 
757 9 0 0 0 0 0 0 0 0 0 0 0 
758 9 0 0 0 0 0 0 0 0 0 0 0 
759 9 0 0 0 0 0 0 0 0 0 0 0 
760 9 0 0 0 0 0 0 0 0 0 0 0 
761 9 0 0 0 0 0 0 0 0 0 0 0 
762 9 0 0 0 0 0 0 0 0 0 0 0 
763 9 0 0 0 0 0 0 0 0 0 0 0 
764 9 0 0 0 0 0 0 0 0 0 0 0 
765 9 0 0 0 0 0 0 0 0 0 0 0 
766 9 0 0 0 0 0 0 0 0 0 0 0 
767 9 0 0 0 0 0 0 0 0 0 0 0 
768 9 0 0 0 0 0 0 0 0 0 0 0 
769 9 0 0 0 0 0 0 0 0 0 0 0 
770 9 0 0 0 0 0 0 0 0 0 0 0 
771 9 0 0 0 0 0 0 0 0 0 0 0 
772 9 0 0 0 0 0 0 0 0 0 0 0 
773 9 0 0 0 0 0 0 0 0 0 0 0 
774 9 0 0 0 0 0 0 0 0 0 0 0 
775 9 0 0 0 0 0 0 0 0 0 0 0 
776 9 0 0 0 0 0 0 0 0 0 0 0 
777 9 0 0 0 0 0 0 0 0 0 0 0 
778 9 0 0 0 0 0 0 0 0 0 0 0 
779 9 0 0 0 0 0 0 0 0 0 0 0 
780 9 0 0 0 0 0 0 0 0 0 0 0 
781 9 0 0 0 0 0 0 0 0 0 0 0 
782 9 0 0 0 0 0 0 0 0 0 0 0 
783 9 0 0 0 0 0 0 0 0 0 0 0 
784 9 0 0 0 0 0 0 0 0 0 0 0 
785 9 0 0 0 0 0 0 0 0 0 0 0 
786 9 0 0 0 0 0 0 0 0 0 0 0 
787 9 0 0 0 0 0 0 0 0 0 0 0 
788 9 0 0 0 0 0 0 0 0 0 0 0 
789 9 0 0 0 0 0 0 0 0 0 0 0 
790 9 0 0 0 0 0 0 0 0 0 0 0 
791 9 0 0 0 0 0 0 0 0 0 0 0 
792 9 0 0 0 0 0 0 0 0 0 0 0 
793 9 0 0 0 0 0 0 0 0 0 0 0 
794 9 0 0 0 0 0 0 0 0 0 0 0 
795 9 0 0 0 0 0 0 0 0 0 0 0 
796 9 0 0 0 0 0 0 0 0 0 0 0 
797 9 0 0 0 0 0 0 0 0 0 0 0 
798 9 0 0 0 0 0 0 0 0 0 0 0 
799 9 0 0 0 0 0 0 0 0 0 0 0 
800 9 0 0 0 0 0 0 0 0 0 0 0 
801 9 0 0 0 0 0 0 0 0 0 0 0 
802 9 0 0 0 0 0 0 0 0 0 0 0 
803 9 0 0 0 0 0 0 0 0 0 0 0 
804 9 0 0 0 0 0 0 0 0 0 0 0 
805 9 0 0 0 0 0 0 0 0 0 0 0 
806 9 0 0 0 0 0 0 0 0 0 0 0 
807 9 0 0 0 0 0 0 0 0 0 0 0 
808 9 0 0 0 0 0 0 0 0 0 0 0 
809 9 0 0 0 0 0 0 0 0 0 0 0 
810 9 0 0 0 0 0 0 0 0 0 0 0 
811 9 0 0 0 0 0 0 0 0 0 0 0 
812 9 0 0 0 0 0 0 0 0 0 0 0 
813 9 0 0 0 0 0 0 0 0 0 0 0 
814 9 0 0 0 0 0 0 0 0 0 0 0 
815 9 0 0 0 0 0 0 0 0 0 0 0 
816 9 0 0 0 0 0 0 0 0 0 0 0 
817 9 0 0 0 0 0 0 0 0 0 0 0 
818 9 0 0 0 0 0 0 0 0 0 0 0 
819 9 0 0 0 0 0 0 0 0 0 0 0 
820 9 0 0 0 0 0 0 0 0 0 0 0 
821 9 0 0 0 0 0 0 0 0 0 0 0 
822 9 0 0 0 0 0 0 0 0 0 0 0 
823 9 0 0 0 0 0 0 0 0 0 0 0 
824 9 0 0 0 0 0 0 0 0 0 0 0 
825 9 0 0 0 0 0 0 0 0 0 0 0 
826 9 0 0 0 0 0 0 0 0 0 0 0 
827 9 0 0 0 0 0 0 0 0 0 0 0 
828 9 0 0 0 0 0 0 0 0 0 0 0 
829 9 0 0 0 0 0 0 0 0 0 0 0 
830 9 0 0 0 0 0 0 0 0 0 0 0 
831 9 0 0 0 0 0 0 0 0 0 0 0 
832 9 0 0 0 0 0 0 0 0 0 0 0 
833 9 0 0 0 0 0 0 0 0 0 0 0 
834 9 0 0 0 0 0 0 0 0 0 0 0 
835 9 0 0 0 0 0 0 0 0 0 0 0 
836 9 0 0 0 0 0 0 0 0 0 0 0 
837 9 0 0 0 0 0 0 0 0 0 0 0 
838 9 0 0 0 0 0 0 0 0 0 0 0 
839 9 0 0 0 0 0 0 0 0 0 0 0 
840 9 0 0 0 0 0 0 0 0 0 0 0 
841 9 0 0 0 0 0 0 0 0 0 0 0 
842 9 0 0 0 0 0 0 0 0 0 0 0 
843 9 0 0 0 0 0 0 0 0 0 0 0 
844 9 0 0 0 0 0 0 0 0 0 0 0 
845 9 0 0 0 0 0 0 0 0 0 0 0 
846 9 0 0 0 0 0 0 0 0 0 0 0 
847 9 0 0 0 0 0 0 0 0 0 0 0 
848 9 0 0 0 0 0 0 0 0 0 0 0 
849 9 0 0 0 0 0 0 0 0 0 0 0 
850 9 0 0 0 0 0 0 0 0 0 0 0 
851 9 0 0 0 0 0 0 0 0 0 0 0 
852 9 0 0 0 0 0 0 0 0 0 0 0 
853 9 0 0 0 0 0 0 0 0 0 0 0 
854 9 0 0 0 0 0 0 0 0 0 0 0 
855 9 0 0 0 0 0 0 0 0 0 0 0 
856 9 0 0 0 0 0 0 0 0 0 0 0 
857 9 0 0 0 0 0 0 0 0 0 0 0 
858 9 0 0 0 0 0 0 0 0 0 0 0 
859 9 0 0 0 0 0 0 0 0 0 0 0 
860 9 0 0 0 0 0 0 0 0 0 0 0 
861 9 0 0 0 0 0 0 0 0 0 0 0 
862 9 0 0 0 0 0 0 0 0 0 0 0 
863 9 0 0 0 0 0 0 0 0 0 0 0 
864 9 0 0 0 0 0 0 0 0 0 0 0 
865 9 0 0 0 0 0 0 0 0 0 0 0 
866 9 0 0 0 0 0 0 0 0 0 0 0 
867 9 0 0 0 0 0 0 0 0 0 0 0 
868 9 0 0 0 0 0 0 0 0 0 0 0 
869 9 0 0 0 0 0 0 0 0 0 0 0 
870 9 0 0 0 0 0 0 0 0 0 0 0 
871 9 0 0 0 0 0 0 0 0 0 0 0 
872 9 0 0 0 0 0 0 0 0 0 0 0 
873 9 0 0 0 0 0 0 0 0 0 0 0 
874 9 0 0 0 0 0 0 0 0 0 0 0 
875 9 0 0 0 0 0 0 0 0 0 0 0 
876 9 0 0 0 0 0 0 0 0 0 0 0 
877 9 0 0 0 0 0 0 0 0 0 0 0 
878 9 0 0 0 0 0 0 0 0 0 0 0 
879 9 0 0 0 0 0 0 0 0 0 0 0 
880 9 0 0 0 0 0 0 0 0 0 0 0 
881 9 0 0 0 0 0 0 0 0 0 0 0 
882 9 0 0 0 0 0 0 0 0 0 0 0 
883 9 0 0 0 0 0 0 0 0 0 0 0 
884 9 0 0 0 0 0 0 0 0 0 0 0 
885 9 0 0 0 0 0 0 0 0 0 0 0 
886 9 0 0 0 0 0 0 0 0 0 0 0 
887 9 0 0 0 0 0 0 0 0 0 0 0 
888 9 0 0 0 0 0 0 0 0 0 0 0 
889 9 0 0 0 0 0 0 0 0 0 0 0 
890 9 0 0 0 0 0 0 0 0 0 0 0 
891 9 0 0 0 0 0 0 0 0 0 0 0 
892 9 0 0 0 0 0 0 0 0 0 0 0 
893 9 0 0 0 0 0 0 0 0 0 0 0 
894 9 0 0 0 0 0 0 0 0 0 0 0 
895 9 0 0 0 0 0 0 0 0 0 0 0 
896 9 0 0 0 0 0 0 0 0 0 0 0 
897 9 0 0 0 0 0 0 0 0 0 0 0 
898 9 0 0 0 0 0 0 0 0 0 0 0 
899 9 0 0 0 0 0 0 0 0 0 0 0 
900 9 0 0 0 0 0 0 0 0 0 0 0 
901 9 0 0 0 0 0 0 0 0 0 0 0 
902 9 0 0 0 0 0 0 0 0 0 0 0 
903 9 38 0 0 0 0 0 0 0 0 0 0 
904 9 -1 276 0 28 -1 -1 -1 -1 -1 3 -28 
905 9 0 0 0 0 0 0 0 0 0 0 0 
906 9 0 0 0 0 0 0 0 0 0 0 0 
907 9 -1 187 4 35 -1 -1 -1 -1 -1 3 1724 
908 9 44 0 0 0 0 0 0 0 0 0 0 
909 9 45 0 0 0 0 0 0 0 0 0 0 
910 9 -1 208 4 33 -1 -1 -1 -1 -1 3 64 
911 9 0 0 0 0 0 0 0 0 0 0 0 
912 9 0 0 0 0 0 0 0 0 0 0 0 
913 9 0 0 0 0 0 0 0 0 0 0 0 
914 9 0 0 0 0 0 0 0 0 0 0 0 
915 9 0 0 0 0 0 0 0 0 0 0 0 
916 9 0 0 0 0 0 0 0 0 0 0 0 
917 9 0 0 0 0 0 0 0 0 0 0 0 
918 9 0 0 0 0 0 0 0 0 0 0 0 
919 9 0 0 0 0 0 0 0 0 0 0 0 
920 9 0 0 0 0 0 0 0 0 0 0 0 
921 9 0 0 0 0 0 0 0 0 0 0 0 
922 9 0 0 0 0 0 0 0 0 0 0 0 
923 9 0 0 0 0 0 0 0 0 0 0 0 
924 9 0 0 0 0 0 0 0 0 0 0 0 
925 9 0 0 0 0 0 0 0 0 0 0 0 
926 9 0 0 0 0 0 0 0 0 0 0 0 
927 9 0 0 0 0 0 0 0 0 0 0 0 
928 9 0 0 0 0 0 0 0 0 0 0 0 
929 9 0 0 0 0 0 0 0 0 0 0 0 
930 9 0 0 0 0 0 0 0 0 0 0 0 
931 9 0 0 0 0 0 0 0 0 0 0 0 
932 9 0 0 0 0 0 0 0 0 0 0 0 
933 9 0 0 0 0 0 0 0 0 0 0 0 
934 9 0 0 0 0 0 0 0 0 0 0 0 
935 9 0 0 0 0 0 0 0 0 0 0 0 
936 9 0 0 0 0 0 0 0 0 0 0 0 
937 9 -1 101 1 18 -1 -1 -1 -1 -1 2 -18 
938 9 -1 229 3 23 -1 -1 -1 -1 -1 1 -28 
939 9 0 0 0 0 0 0 0 0 0 0 0 
940 9 0 0 0 0 0 0 0 0 0 0 0 
941 9 0 0 0 0 0 0 0 0 0 0 0 
942 9 0 0 0 0 0 0 0 0 0 0 0 
943 9 0 0 0 0 0 0 0 0 0 0 0 
944 9 0 0 0 0 0 0 0 0 0 0 0 
945 9 0 0 0 0 0 0 0 0 0 0 0 
946 9 0 0 0 0 0 0 0 0 0 0 0 
947 9 0 0 0 0 0 0 0 0 0 0 0 
948 9 0 0 0 0 0 0 0 0 0 0 0 
949 9 0 0 0 0 0 0 0 0 0 0 0 
950 9 0 0 0 0 0 0 0 0 0 0 0 
951 9 0 0 0 0 0 0 0 0 0 0 0 
952 9 0 0 0 0 0 0 0 0 0 0 0 
953 9 0 0 0 0 0 0 0 0 0 0 0 
954 9 0 0 0 0 0 0 0 0 0 0 0 
955 9 0 0 0 0 0 0 0 0 0 0 0 
956 9 0 0 0 0 0 0 0 0 0 0 0 
957 9 0 0 0 0 0 0 0 0 0 0 0 
958 9 0 0 0 0 0 0 0 0 0 0 0 
959 9 0 0 0 0 0 0 0 0 0 0 0 
960 9 0 0 0 0 0 0 0 0 0 0 0 
961 9 0 0 0 0 0 0 0 0 0 0 0 
962 9 0 0 0 0 0 0 0 0 0 0 0 
963 9 0 0 0 0 0 0 0 0 0 0 0 
964 9 0 0 0 0 0 0 0 0 0 0 0 
965 9 0 0 0 0 0 0 0 0 0 0 0 
966 9 0 0 0 0 0 0 0 0 0 0 0 
967 9 0 0 0 0 0 0 0 0 0 0 0 
968 9 0 0 0 0 0 0 0 0 0 0 0 
969 9 0 0 0 0 0 0 0 0 0 0 0 
970 9 0 0 0 0 0 0 0 0 0 0 0 
971 9 0 0 0 0 0 0 0 0 0 0 0 
972 9 0 0 0 0 0 0 0 0 0 0 0 
973 9 0 0 0 0 0 0 0 0 0 0 0 
974 9 0 0 0 0 0 0 0 0 0 0 0 
975 9 0 0 0 0 0 0 0 0 0 0 0 
976 9 0 0 0 0 0 0 0 0 0 0 0 
977 9 0 0 0 0 0 0 0 0 0 0 0 
978 9 0 0 0 0 0 0 0 0 0 0 0 
979 9 0 0 0 0 0 0 0 0 0 0 0 
980 9 0 0 0 0 0 0 0 0 0 0 0 
981 9 0 0 0 0 0 0 0 0 0 0 0 
982 9 0 0 0 0 0 0 0 0 0 0 0 
983 9 0 0 0 0 0 0 0 0 0 0 0 
984 9 0 0 0 0 0 0 0 0 0 0 0 
985 9 0 0 0 0 0 0 0 0 0 0 0 
986 9 0 0 0 0 0 0 0 0 0 0 0 
987 9 0 0 0 0 0 0 0 0 0 0 0 
988 9 0 0 0 0 0 0 0 0 0 0 0 
989 9 0 0 0 0 0 0 0 0 0 0 0 
990 9 0 0 0 0 0 0 0 0 0 0 0 
991 9 0 0 0 0 0 0 0 0 0 0 0 
992 9 0 0 0 0 0 0 0 0 0 0 0 
993 9 0 0 0 0 0 0 0 0 0 0 0 
994 9 0 0 0 0 0 0 0 0 0 0 0 
995 9 0 0 0 0 0 0 0 0 0 0 0 
996 9 0 0 0 0 0 0 0 0 0 0 0 
997 9 0 0 0 0 0 0 0 0 0 0 0 
998 9 0 0 0 0 0 0 0 0 0 0 0 
999 9 0 0 0 0 0 0 0 0 0 0 0 
1000 9 0 0 0 0 0 0 0 0 0 0 0 
1001 9 0 0 0 0 0 0 0 0 0 0 0 
1002 9 0 0 0 0 0 0 0 0 0 0 0 
1003 9 0 0 0 0 0 0 0 0 0 0 0 
1004 9 0 0 0 0 0 0 0 0 0 0 0 
1005 9 0 0 0 0 0 0 0 0 0 0 0 
1006 9 0 0 0 0 0 0 0 0 0 0 0 
1007 9 0 0 0 0 0 0 0 0 0 0 0 
1008 9 0 0 0 0 0 0 0 0 0 0 0 
1009 9 0 0 0 0 0 0 0 0 0 0 0 
1010 9 0 0 0 0 0 0 0 0 0 0 0 
1011 9 0 0 0 0 0 0 0 0 0 0 0 
1012 9 0 0 0 0 0 0 0 0 0 0 0 
1013 9 0 0 0 0 0 0 0 0 0 0 0 
1014 9 0 0 0 0 0 0 0 0 0 0 0 
1015 9 0 0 0 0 0 0 0 0 0 0 0 
1016 9 0 0 0 0 0 0 0 0 0 0 0 
1017 9 0 0 0 0 0 0 0 0 0 0 0 
1018 9 0 0 0 0 0 0 0 0 0 0 0 
1019 9 0 0 0 0 0 0 0 0 0 0 0 
1020 9 0 0 0 0 0 0 0 0 0 0 0 
1021 9 0 0 0 0 0 0 0 0 0 0 0 
1022 9 0 0 0 0 0 0 0 0 0 0 0 
1023 10 0 0 0 0 0 0 0 0 0 0 0 
1024 10 0 0 0 0 0 0 0 0 0 0 0 
1025 10 0 0 0 0 0 0 0 0 0 0 0 
1026 10 0 0 0 0 0 0 0 0 0 0 0 
1027 10 0 0 0 0 0 0 0 0 0 0 0 
1028 10 0 0 0 0 0 0 0 0 0 0 0 
1029 10 0 0 0 0 0 0 0 0 0 0 0 
1030 10 0 0 0 0 0 0 0 0 0 0 0 
1031 10 0 0 0 0 0 0 0 0 0 0 0 
1032 10 0 0 0 0 0 0 0 0 0 0 0 
1033 10 0 0 0 0 0 0 0 0 0 0 0 
1034 10 0 0 0 0 0 0 0 0 0 0 0 
1035 10 0 0 0 0 0 0 0 0 0 0 0 
1036 10 0 0 0 0 0 0 0 0 0 0 0 
1037 10 0 0 0 0 0 0 0 0 0 0 0 
1038 10 0 0 0 0 0 0 0 0 0 0 0 
1039 10 0 0 0 0 0 0 0 0 0 0 0 
1040 10 0 0 0 0 0 0 0 0 0 0 0 
1041 10 0 0 0 0 0 0 0 0 0 0 0 
1042 10 0 0 0 0 0 0 0 0 0 0 0 
1043 10 0 0 0 0 0 0 0 0 0 0 0 
1044 10 0 0 0 0 0 0 0 0 0 0 0 
1045 10 0 0 0 0 0 0 0 0 0 0 0 
1046 10 0 0 0 0 0 0 0 0 0 0 0 
1047 10 0 0 0 0 0 0 0 0 0 0 0 
1048 10 0 0 0 0 0 0 0 0 0 0 0 
1049 10 0 0 0 0 0 0 0 0 0 0 0 
1050 10 0 0 0 0 0 0 0 0 0 0 0 
1051 10 0 0 0 0 0 0 0 0 0 0 0 
1052 10 0 0 0 0 0 0 0 0 0 0 0 
1053 10 0 0 0 0 0 0 0 0 0 0 0 
1054 10 0 0 0 0 0 0 0 0 0 0 0 
1055 10 0 0 0 0 0 0 0 0 0 0 0 
1056 10 0 0 0 0 0 0 0 0 0 0 0 
1057 10 0 0 0 0 0 0 0 0 0 0 0 
1058 10 0 0 0 0 0 0 0 0 0 0 0 
1059 10 0 0 0 0 0 0 0 0 0 0 0 
1060 10 0 0 0 0 0 0 0 0 0 0 0 
1061 10 0 0 0 0 0 0 0 0 0 0 0 
1062 10 0 0 0 0 0 0 0 0 0 0 0 
1063 10 0 0 0 0 0 0 0 0 0 0 0 
1064 10 0 0 0 0 0 0 0 0 0 0 0 
1065 10 0 0 0 0 0 0 0 0 0 0 0 
1066 10 0 0 0 0 0 0 0 0 0 0 0 
1067 10 0 0 0 0 0 0 0 0 0 0 0 
1068 10 0 0 0 0 0 0 0 0 0 0 0 
1069 10 0 0 0 0 0 0 0 0 0 0 0 
1070 10 0 0 0 0 0 0 0 0 0 0 0 
1071 10 0 0 0 0 0 0 0 0 0 0 0 
1072 10 0 0 0 0 0 0 0 0 0 0 0 
1073 10 0 0 0 0 0 0 0 0 0 0 0 
1074 10 0 0 0 0 0 0 0 0 0 0 0 
1075 10 0 0 0 0 0 0 0 0 0 0 0 
1076 10 0 0 0 0 0 0 0 0 0 0 0 
1077 10 0 0 0 0 0 0 0 0 0 0 0 
1078 10 0 0 0 0 0 0 0 0 0 0 0 
1079 10 0 0 0 0 0 0 0 0 0 0 0 
1080 10 0 0 0 0 0 0 0 0 0 0 0 
1081 10 0 0 0 0 0 0 0 0 0 0 0 
1082 10 0 0 0 0 0 0 0 0 0 0 0 
1083 10 0 0 0 0 0 0 0 0 0 0 0 
1084 10 0 0 0 0 0 0 0 0 0 0 0 
1085 10 0 0 0 0 0 0 0 0 0 0 0 
1086 10 0 0 0 0 0 0 0 0 0 0 0 
1087 10 0 0 0 0 0 0 0 0 0 0 0 
1088 10 0 0 0 0 0 0 0 0 0 0 0 
1089 10 0 0 0 0 0 0 0 0 0 0 0 
1090 10 0 0 0 0 0 0 0 0 0 0 0 
1091 10 0 0 0 0 0 0 0 0 0 0 0 
1092 10 0 0 0 0 0 0 0 0 0 0 0 
1093 10 0 0 0 0 0 0 0 0 0 0 0 
1094 10 0 0 0 0 0 0 0 0 0 0 0 
1095 10 0 0 0 0 0 0 0 0 0 0 0 
1096 10 0 0 0 0 0 0 0 0 0 0 0 
1097 10 0 0 0 0 0 0 0 0 0 0 0 
1098 10 0 0 0 0 0 0 0 0 0 0 0 
1099 10 0 0 0 0 0 0 0 0 0 0 0 
1100 10 0 0 0 0 0 0 0 0 0 0 0 
1101 10 0 0 0 0 0 0 0 0 0 0 0 
1102 10 0 0 0 0 0 0 0 0 0 0 0 
1103 10 0 0 0 0 0 0 0 0 0 0 0 
1104 10 0 0 0 0 0 0 0 0 0 0 0 
1105 10 0 0 0 0 0 0 0 0 0 0 0 
1106 10 0 0 0 0 0 0 0 0 0 0 0 
1107 10 0 0 0 0 0 0 0 0 0 0 0 
1108 10 0 0 0 0 0 0 0 0 0 0 0 
1109 10 0 0 0 0 0 0 0 0 0 0 0 
1110 10 0 0 0 0 0 0 0 0 0 0 0 
1111 10 0 0 0 0 0 0 0 0 0 0 0 
1112 10 0 0 0 0 0 0 0 0 0 0 0 
1113 10 0 0 0 0 0 0 0 0 0 0 0 
1114 10 0 0 0 0 0 0 0 0 0 0 0 
1115 10 0 0 0 0 0 0 0 0 0 0 0 
1116 10 0 0 0 0 0 0 0 0 0 0 0 
1117 10 0 0 0 0 0 0 0 0 0 0 0 
1118 10 0 0 0 0 0 0 0 0 0 0 0 
1119 10 0 0 0 0 0 0 0 0 0 0 0 
1120 10 0 0 0 0 0 0 0 0 0 0 0 
1121 10 0 0 0 0 0 0 0 0 0 0 0 
1122 10 0 0 0 0 0 0 0 0 0 0 0 
1123 10 0 0 0 0 0 0 0 0 0 0 0 
1124 10 0 0 0 0 0 0 0 0 0 0 0 
1125 10 0 0 0 0 0 0 0 0 0 0 0 
1126 10 0 0 0 0 0 0 0 0 0 0 0 
1127 10 0 0 0 0 0 0 0 0 0 0 0 
1128 10 0 0 0 0 0 0 0 0 0 0 0 
1129 10 0 0 0 0 0 0 0 0 0 0 0 
1130 10 0 0 0 0 0 0 0 0 0 0 0 
1131 10 0 0 0 0 0 0 0 0 0 0 0 
1132 10 0 0 0 0 0 0 0 0 0 0 0 
1133 10 0 0 0 0 0 0 0 0 0 0 0 
1134 10 0 0 0 0 0 0 0 0 0 0 0 
1135 10 0 0 0 0 0 0 0 0 0 0 0 
1136 10 0 0 0 0 0 0 0 0 0 0 0 
1137 10 0 0 0 0 0 0 0 0 0 0 0 
1138 10 0 0 0 0 0 0 0 0 0 0 0 
1139 10 0 0 0 0 0 0 0 0 0 0 0 
1140 10 0 0 0 0 0 0 0 0 0 0 0 
1141 10 0 0 0 0 0 0 0 0 0 0 0 
1142 10 0 0 0 0 0 0 0 0 0 0 0 
1143 10 0 0 0 0 0 0 0 0 0 0 0 
1144 10 0 0 0 0 0 0 0 0 0 0 0 
1145 10 0 0 0 0 0 0 0 0 0 0 0 
1146 10 0 0 0 0 0 0 0 0 0 0 0 
1147 10 0 0 0 0 0 0 0 0 0 0 0 
1148 10 0 0 0 0 0 0 0 0 0 0 0 
1149 10 0 0 0 0 0 0 0 0 0 0 0 
1150 10 0 0 0 0 0 0 0 0 0 0 0 
1151 10 0 0 0 0 0 0 0 0 0 0 0 
1152 10 0 0 0 0 0 0 0 0 0 0 0 
1153 10 0 0 0 0 0 0 0 0 0 0 0 
1154 10 0 0 0 0 0 0 0 0 0 0 0 
1155 10 0 0 0 0 0 0 0 0 0 0 0 
1156 10 0 0 0 0 0 0 0 0 0 0 0 
1157 10 0 0 0 0 0 0 0 0 0 0 0 
1158 10 0 0 0 0 0 0 0 0 0 0 0 
1159 10 0 0 0 0 0 0 0 0 0 0 0 
1160 10 0 0 0 0 0 0 0 0 0 0 0 
1161 10 0 0 0 0 0 0 0 0 0 0 0 
1162 10 0 0 0 0 0 0 0 0 0 0 0 
1163 10 0 0 0 0 0 0 0 0 0 0 0 
1164 10 0 0 0 0 0 0 0 0 0 0 0 
1165 10 0 0 0 0 0 0 0 0 0 0 0 
1166 10 0 0 0 0 0 0 0 0 0 0 0 
1167 10 0 0 0 0 0 0 0 0 0 0 0 
1168 10 0 0 0 0 0 0 0 0 0 0 0 
1169 10 0 0 0 0 0 0 0 0 0 0 0 
1170 10 0 0 0 0 0 0 0 0 0 0 0 
1171 10 0 0 0 0 0 0 0 0 0 0 0 
1172 10 0 0 0 0 0 0 0 0 0 0 0 
1173 10 0 0 0 0 0 0 0 0 0 0 0 
1174 10 0 0 0 0 0 0 0 0 0 0 0 
1175 10 0 0 0 0 0 0 0 0 0 0 0 
1176 10 0 0 0 0 0 0 0 0 0 0 0 
1177 10 0 0 0 0 0 0 0 0 0 0 0 
1178 10 0 0 0 0 0 0 0 0 0 0 0 
1179 10 0 0 0 0 0 0 0 0 0 0 0 
1180 10 0 0 0 0 0 0 0 0 0 0 0 
1181 10 0 0 0 0 0 0 0 0 0 0 0 
1182 10 0 0 0 0 0 0 0 0 0 0 0 
1183 10 0 0 0 0 0 0 0 0 0 0 0 
1184 10 0 0 0 0 0 0 0 0 0 0 0 
1185 10 0 0 0 0 0 0 0 0 0 0 0 
1186 10 0 0 0 0 0 0 0 0 0 0 0 
1187 10 0 0 0 0 0 0 0 0 0 0 0 
1188 10 0 0 0 0 0 0 0 0 0 0 0 
1189 10 0 0 0 0 0 0 0 0 0 0 0 
1190 10 0 0 0 0 0 0 0 0 0 0 0 
1191 10 0 0 0 0 0 0 0 0 0 0 0 
1192 10 0 0 0 0 0 0 0 0 0 0 0 
1193 10 0 0 0 0 0 0 0 0 0 0 0 
1194 10 0 0 0 0 0 0 0 0 0 0 0 
1195 10 0 0 0 0 0 0 0 0 0 0 0 
1196 10 0 0 0 0 0 0 0 0 0 0 0 
1197 10 0 0 0 0 0 0 0 0 0 0 0 
1198 10 0 0 0 0 0 0 0 0 0 0 0 
1199 10 0 0 0 0 0 0 0 0 0 0 0 
1200 10 0 0 0 0 0 0 0 0 0 0 0 
1201 10 0 0 0 0 0 0 0 0 0 0 0 
1202 10 0 0 0 0 0 0 0 0 0 0 0 
1203 10 0 0 0 0 0 0 0 0 0 0 0 
1204 10 0 0 0 0 0 0 0 0 0 0 0 
1205 10 0 0 0 0 0 0 0 0 0 0 0 
1206 10 0 0 0 0 0 0 0 0 0 0 0 
1207 10 0 0 0 0 0 0 0 0 0 0 0 
1208 10 0 0 0 0 0 0 0 0 0 0 0 
1209 10 0 0 0 0 0 0 0 0 0 0 0 
1210 10 0 0 0 0 0 0 0 0 0 0 0 
1211 10 0 0 0 0 0 0 0 0 0 0 0 
1212 10 0 0 0 0 0 0 0 0 0 0 0 
1213 10 0 0 0 0 0 0 0 0 0 0 0 
1214 10 0 0 0 0 0 0 0 0 0 0 0 
1215 10 0 0 0 0 0 0 0 0 0 0 0 
1216 10 0 0 0 0 0 0 0 0 0 0 0 
1217 10 0 0 0 0 0 0 0 0 0 0 0 
1218 10 0 0 0 0 0 0 0 0 0 0 0 
1219 10 0 0 0 0 0 0 0 0 0 0 0 
1220 10 0 0 0 0 0 0 0 0 0 0 0 
1221 10 0 0 0 0 0 0 0 0 0 0 0 
1222 10 0 0 0 0 0 0 0 0 0 0 0 
1223 10 0 0 0 0 0 0 0 0 0 0 0 
1224 10 0 0 0 0 0 0 0 0 0 0 0 
1225 10 0 0 0 0 0 0 0 0 0 0 0 
1226 10 0 0 0 0 0 0 0 0 0 0 0 
1227 10 0 0 0 0 0 0 0 0 0 0 0 
1228 10 0 0 0 0 0 0 0 0 0 0 0 
1229 10 0 0 0 0 0 0 0 0 0 0 0 
1230 10 0 0 0 0 0 0 0 0 0 0 0 
1231 10 0 0 0 0 0 0 0 0 0 0 0 
1232 10 0 0 0 0 0 0 0 0 0 0 0 
1233 10 0 0 0 0 0 0 0 0 0 0 0 
1234 10 0 0 0 0 0 0 0 0 0 0 0 
1235 10 0 0 0 0 0 0 0 0 0 0 0 
1236 10 0 0 0 0 0 0 0 0 0 0 0 
1237 10 0 0 0 0 0 0 0 0 0 0 0 
1238 10 0 0 0 0 0 0 0 0 0 0 0 
1239 10 0 0 0 0 0 0 0 0 0 0 0 
1240 10 0 0 0 0 0 0 0 0 0 0 0 
1241 10 0 0 0 0 0 0 0 0 0 0 0 
1242 10 0 0 0 0 0 0 0 0 0 0 0 
1243 10 0 0 0 0 0 0 0 0 0 0 0 
1244 10 0 0 0 0 0 0 0 0 0 0 0 
1245 10 0 0 0 0 0 0 0 0 0 0 0 
1246 10 0 0 0 0 0 0 0 0 0 0 0 
1247 10 0 0 0 0 0 0 0 0 0 0 0 
1248 10 0 0 0 0 0 0 0 0 0 0 0 
1249 10 0 0 0 0 0 0 0 0 0 0 0 
1250 10 0 0 0 0 0 0 0 0 0 0 0 
1251 10 0 0 0 0 0 0 0 0 0 0 0 
1252 10 0 0 0 0 0 0 0 0 0 0 0 
1253 10 0 0 0 0 0 0 0 0 0 0 0 
1254 10 0 0 0 0 0 0 0 0 0 0 0 
1255 10 0 0 0 0 0 0 0 0 0 0 0 
1256 10 0 0 0 0 0 0 0 0 0 0 0 
1257 10 0 0 0 0 0 0 0 0 0 0 0 
1258 10 0 0 0 0 0 0 0 0 0 0 0 
1259 10 0 0 0 0 0 0 0 0 0 0 0 
1260 10 0 0 0 0 0 0 0 0 0 0 0 
1261 10 0 0 0 0 0 0 0 0 0 0 0 
1262 10 0 0 0 0 0 0 0 0 0 0 0 
1263 10 0 0 0 0 0 0 0 0 0 0 0 
1264 10 0 0 0 0 0 0 0 0 0 0 0 
1265 10 0 0 0 0 0 0 0 0 0 0 0 
1266 10 0 0 0 0 0 0 0 0 0 0 0 
1267 10 0 0 0 0 0 0 0 0 0 0 0 
1268 10 0 0 0 0 0 0 0 0 0 0 0 
1269 10 0 0 0 0 0 0 0 0 0 0 0 
1270 10 0 0 0 0 0 0 0 0 0 0 0 
1271 10 0 0 0 0 0 0 0 0 0 0 0 
1272 10 0 0 0 0 0 0 0 0 0 0 0 
1273 10 0 0 0 0 0 0 0 0 0 0 0 
1274 10 0 0 0 0 0 0 0 0 0 0 0 
1275 10 0 0 0 0 0 0 0 0 0 0 0 
1276 10 0 0 0 0 0 0 0 0 0 0 0 
1277 10 0 0 0 0 0 0 0 0 0 0 0 
1278 10 0 0 0 0 0 0 0 0 0 0 0 
1279 10 0 0 0 0 0 0 0 0 0 0 0 
1280 10 0 0 0 0 0 0 0 0 0 0 0 
1281 10 0 0 0 0 0 0 0 0 0 0 0 
1282 10 0 0 0 0 0 0 0 0 0 0 0 
1283 10 0 0 0 0 0 0 0 0 0 0 0 
1284 10 0 0 0 0 0 0 0 0 0 0 0 
1285 10 0 0 0 0 0 0 0 0 0 0 0 
1286 10 0 0 0 0 0 0 0 0 0 0 0 
1287 10 0 0 0 0 0 0 0 0 0 0 0 
1288 10 0 0 0 0 0 0 0 0 0 0 0 
1289 10 0 0 0 0 0 0 0 0 0 0 0 
1290 10 0 0 0 0 0 0 0 0 0 0 0 
1291 10 0 0 0 0 0 0 0 0 0 0 0 
1292 10 0 0 0 0 0 0 0 0 0 0 0 
1293 10 5 0 0 0 0 0 0 0 0 0 0 
1294 10 6 0 0 0 0 0 0 0 0 0 0 
1295 10 0 0 0 0 0 0 0 0 0 0 0 
1296 10 0 0 0 0 0 0 0 0 0 0 0 
1297 10 0 0 0 0 0 0 0 0 0 0 0 
1298 10 0 0 0 0 0 0 0 0 0 0 0 
1299 10 0 0 0 0 0 0 0 0 0 0 0 
1300 10 0 0 0 0 0 0 0 0 0 0 0 
1301 10 0 0 0 0 0 0 0 0 0 0 0 
1302 10 0 0 0 0 0 0 0 0 0 0 0 
1303 10 0 0 0 0 0 0 0 0 0 0 0 
1304 10 0 0 0 0 0 0 0 0 0 0 0 
1305 10 0 0 0 0 0 0 0 0 0 0 0 
1306 10 0 0 0 0 0 0 0 0 0 0 0 
1307 10 0 0 0 0 0 0 0 0 0 0 0 
1308 10 0 0 0 0 0 0 0 0 0 0 0 
1309 10 0 0 0 0 0 0 0 0 0 0 0 
1310 10 0 0 0 0 0 0 0 0 0 0 0 
1311 10 0 0 0 0 0 0 0 0 0 0 0 
1312 10 0 0 0 0 0 0 0 0 0 0 0 
1313 10 0 0 0 0 0 0 0 0 0 0 0 
1314 10 0 0 0 0 0 0 0 0 0 0 0 
1315 10 0 0 0 0 0 0 0 0 0 0 0 
1316 10 0 0 0 0 0 0 0 0 0 0 0 
1317 10 0 0 0 0 0 0 0 0 0 0 0 
1318 10 0 0 0 0 0 0 0 0 0 0 0 
1319 10 0 0 0 0 0 0 0 0 0 0 0 
1320 10 0 0 0 0 0 0 0 0 0 0 0 
1321 10 0 0 0 0 0 0 0 0 0 0 0 
1322 10 0 0 0 0 0 0 0 0 0 0 0 
1323 10 0 0 0 0 0 0 0 0 0 0 0 
1324 10 0 0 0 0 0 0 0 0 0 0 0 
1325 10 0 0 0 0 0 0 0 0 0 0 0 
1326 10 0 0 0 0 0 0 0 0 0 0 0 
1327 10 0 0 0 0 0 0 0 0 0 0 0 
1328 10 0 0 0 0 0 0 0 0 0 0 0 
1329 10 0 0 0 0 0 0 0 0 0 0 0 
1330 10 0 0 0 0 0 0 0 0 0 0 0 
1331 10 0 0 0 0 0 0 0 0 0 0 0 
1332 10 0 0 0 0 0 0 0 0 0 0 0 
1333 10 0 0 0 0 0 0 0 0 0 0 0 
1334 10 0 0 0 0 0 0 0 0 0 0 0 
1335 10 0 0 0 0 0 0 0 0 0 0 0 
1336 10 0 0 0 0 0 0 0 0 0 0 0 
1337 10 0 0 0 0 0 0 0 0 0 0 0 
1338 10 0 0 0 0 0 0 0 0 0 0 0 
1339 10 0 0 0 0 0 0 0 0 0 0 0 
1340 10 0 0 0 0 0 0 0 0 0 0 0 
1341 10 0 0 0 0 0 0 0 0 0 0 0 
1342 10 0 0 0 0 0 0 0 0 0 0 0 
1343 10 0 0 0 0 0 0 0 0 0 0 0 
1344 10 0 0 0 0 0 0 0 0 0 0 0 
1345 10 0 0 0 0 0 0 0 0 0 0 0 
1346 10 0 0 0 0 0 0 0 0 0 0 0 
1347 10 0 0 0 0 0 0 0 0 0 0 0 
1348 10 0 0 0 0 0 0 0 0 0 0 0 
1349 10 0 0 0 0 0 0 0 0 0 0 0 
1350 10 0 0 0 0 0 0 0 0 0 0 0 
1351 10 10 0 0 0 0 0 0 0 0 0 0 
1352 10 11 0 0 0 0 0 0 0 0 0 0 
1353 10 0 0 0 0 0 0 0 0 0 0 0 
1354 10 0 0 0 0 0 0 0 0 0 0 0 
1355 10 0 0 0 0 0 0 0 0 0 0 0 
1356 10 0 0 0 0 0 0 0 0 0 0 0 
1357 10 14 0 0 0 0 0 0 0 0 0 0 
1358 10 15 0 0 0 0 0 0 0 0 0 0 
1359 10 0 0 0 0 0 0 0 0 0 0 0 
1360 10 0 0 0 0 0 0 0 0 0 0 0 
1361 10 0 0 0 0 0 0 0 0 0 0 0 
1362 10 0 0 0 0 0 0 0 0 0 0 0 
1363 10 0 0 0 0 0 0 0 0 0 0 0 
1364 10 0 0 0 0 0 0 0 0 0 0 0 
1365 10 0 0 0 0 0 0 0 0 0 0 0 
1366 10 0 0 0 0 0 0 0 0 0 0 0 
1367 10 0 0 0 0 0 0 0 0 0 0 0 
1368 10 0 0 0 0 0 0 0 0 0 0 0 
1369 10 0 0 0 0 0 0 0 0 0 0 0 
1370 10 0 0 0 0 0 0 0 0 0 0 0 
1371 10 0 0 0 0 0 0 0 0 0 0 0 
1372 10 0 0 0 0 0 0 0 0 0 0 0 
1373 10 0 0 0 0 0 0 0 0 0 0 0 
1374 10 0 0 0 0 0 0 0 0 0 0 0 
1375 10 0 0 0 0 0 0 0 0 0 0 0 
1376 10 0 0 0 0 0 0 0 0 0 0 0 
1377 10 0 0 0 0 0 0 0 0 0 0 0 
1378 10 0 0 0 0 0 0 0 0 0 0 0 
1379 10 0 0 0 0 0 0 0 0 0 0 0 
1380 10 0 0 0 0 0 0 0 0 0 0 0 
1381 10 0 0 0 0 0 0 0 0 0 0 0 
1382 10 0 0 0 0 0 0 0 0 0 0 0 
1383 10 0 0 0 0 0 0 0 0 0 0 0 
1384 10 0 0 0 0 0 0 0 0 0 0 0 
1385 10 0 0 0 0 0 0 0 0 0 0 0 
1386 10 0 0 0 0 0 0 0 0 0 0 0 
1387 10 0 0 0 0 0 0 0 0 0 0 0 
1388 10 0 0 0 0 0 0 0 0 0 0 0 
1389 10 0 0 0 0 0 0 0 0 0 0 0 
1390 10 0 0 0 0 0 0 0 0 0 0 0 
1391 10 0 0 0 0 0 0 0 0 0 0 0 
1392 10 0 0 0 0 0 0 0 0 0 0 0 
1393 10 0 0 0 0 0 0 0 0 0 0 0 
1394 10 0 0 0 0 0 0 0 0 0 0 0 
1395 10 0 0 0 0 0 0 0 0 0 0 0 
1396 10 0 0 0 0 0 0 0 0 0 0 0 
1397 10 0 0 0 0 0 0 0 0 0 0 0 
1398 10 0 0 0 0 0 0 0 0 0 0 0 
1399 10 0 0 0 0 0 0 0 0 0 0 0 
1400 10 0 0 0 0 0 0 0 0 0 0 0 
1401 10 0 0 0 0 0 0 0 0 0 0 0 
1402 10 0 0 0 0 0 0 0 0 0 0 0 
1403 10 0 0 0 0 0 0 0 0 0 0 0 
1404 10 0 0 0 0 0 0 0 0 0 0 0 
1405 10 0 0 0 0 0 0 0 0 0 0 0 
1406 10 0 0 0 0 0 0 0 0 0 0 0 
1407 10 0 0 0 0 0 0 0 0 0 0 0 
1408 10 0 0 0 0 0 0 0 0 0 0 0 
1409 10 0 0 0 0 0 0 0 0 0 0 0 
1410 10 0 0 0 0 0 0 0 0 0 0 0 
1411 10 0 0 0 0 0 0 0 0 0 0 0 
1412 10 0 0 0 0 0 0 0 0 0 0 0 
1413 10 0 0 0 0 0 0 0 0 0 0 0 
1414 10 0 0 0 0 0 0 0 0 0 0 0 
1415 10 0 0 0 0 0 0 0 0 0 0 0 
1416 10 0 0 0 0 0 0 0 0 0 0 0 
1417 10 20 0 0 0 0 0 0 0 0 0 0 
1418 10 21 0 0 0 0 0 0 0 0 0 0 
1419 10 0 0 0 0 0 0 0 0 0 0 0 
1420 10 0 0 0 0 0 0 0 0 0 0 0 
1421 10 0 0 0 0 0 0 0 0 0 0 0 
1422 10 0 0 0 0 0 0 0 0 0 0 0 
1423 10 0 0 0 0 0 0 0 0 0 0 0 
1424 10 0 0 0 0 0 0 0 0 0 0 0 
1425 10 0 0 0 0 0 0 0 0 0 0 0 
1426 10 0 0 0 0 0 0 0 0 0 0 0 
1427 10 0 0 0 0 0 0 0 0 0 0 0 
1428 10 0 0 0 0 0 0 0 0 0 0 0 
1429 10 0 0 0 0 0 0 0 0 0 0 0 
1430 10 0 0 0 0 0 0 0 0 0 0 0 
1431 10 0 0 0 0 0 0 0 0 0 0 0 
1432 10 0 0 0 0 0 0 0 0 0 0 0 
1433 10 0 0 0 0 0 0 0 0 0 0 0 
1434 10 0 0 0 0 0 0 0 0 0 0 0 
1435 10 0 0 0 0 0 0 0 0 0 0 0 
1436 10 0 0 0 0 0 0 0 0 0 0 0 
1437 10 0 0 0 0 0 0 0 0 0 0 0 
1438 10 0 0 0 0 0 0 0 0 0 0 0 
1439 10 0 0 0 0 0 0 0 0 0 0 0 
1440 10 0 0 0 0 0 0 0 0 0 0 0 
1441 10 0 0 0 0 0 0 0 0 0 0 0 
1442 10 0 0 0 0 0 0 0 0 0 0 0 
1443 10 0 0 0 0 0 0 0 0 0 0 0 
1444 10 0 0 0 0 0 0 0 0 0 0 0 
1445 10 0 0 0 0 0 0 0 0 0 0 0 
1446 10 0 0 0 0 0 0 0 0 0 0 0 
1447 10 0 0 0 0 0 0 0 0 0 0 0 
1448 10 0 0 0 0 0 0 0 0 0 0 0 
1449 10 0 0 0 0 0 0 0 0 0 0 0 
1450 10 0 0 0 0 0 0 0 0 0 0 0 
1451 10 0 0 0 0 0 0 0 0 0 0 0 
1452 10 0 0 0 0 0 0 0 0 0 0 0 
1453 10 0 0 0 0 0 0 0 0 0 0 0 
1454 10 0 0 0 0 0 0 0 0 0 0 0 
1455 10 0 0 0 0 0 0 0 0 0 0 0 
1456 10 0 0 0 0 0 0 0 0 0 0 0 
1457 10 0 0 0 0 0 0 0 0 0 0 0 
1458 10 0 0 0 0 0 0 0 0 0 0 0 
1459 10 0 0 0 0 0 0 0 0 0 0 0 
1460 10 0 0 0 0 0 0 0 0 0 0 0 
1461 10 0 0 0 0 0 0 0 0 0 0 0 
1462 10 0 0 0 0 0 0 0 0 0 0 0 
1463 10 0 0 0 0 0 0 0 0 0 0 0 
1464 10 0 0 0 0 0 0 0 0 0 0 0 
1465 10 0 0 0 0 0 0 0 0 0 0 0 
1466 10 0 0 0 0 0 0 0 0 0 0 0 
1467 10 0 0 0 0 0 0 0 0 0 0 0 
1468 10 0 0 0 0 0 0 0 0 0 0 0 
1469 10 0 0 0 0 0 0 0 0 0 0 0 
1470 10 0 0 0 0 0 0 0 0 0 0 0 
1471 10 0 0 0 0 0 0 0 0 0 0 0 
1472 10 0 0 0 0 0 0 0 0 0 0 0 
1473 10 0 0 0 0 0 0 0 0 0 0 0 
1474 10 0 0 0 0 0 0 0 0 0 0 0 
1475 10 0 0 0 0 0 0 0 0 0 0 0 
1476 10 0 0 0 0 0 0 0 0 0 0 0 
1477 10 0 0 0 0 0 0 0 0 0 0 0 
1478 10 0 0 0 0 0 0 0 0 0 0 0 
1479 10 0 0 0 0 0 0 0 0 0 0 0 
1480 10 0 0 0 0 0 0 0 0 0 0 0 
1481 10 0 0 0 0 0 0 0 0 0 0 0 
1482 10 0 0 0 0 0 0 0 0 0 0 0 
1483 10 0 0 0 0 0 0 0 0 0 0 0 
1484 10 0 0 0 0 0 0 0 0 0 0 0 
1485 10 0 0 0 0 0 0 0 0 0 0 0 
1486 10 0 0 0 0 0 0 0 0 0 0 0 
1487 10 0 0 0 0 0 0 0 0 0 0 0 
1488 10 0 0 0 0 0 0 0 0 0 0 0 
1489 10 0 0 0 0 0 0 0 0 0 0 0 
1490 10 0 0 0 0 0 0 0 0 0 0 0 
1491 10 0 0 0 0 0 0 0 0 0 0 0 
1492 10 0 0 0 0 0 0 0 0 0 0 0 
1493 10 0 0 0 0 0 0 0 0 0 0 0 
1494 10 0 0 0 0 0 0 0 0 0 0 0 
1495 10 0 0 0 0 0 0 0 0 0 0 0 
1496 10 0 0 0 0 0 0 0 0 0 0 0 
1497 10 0 0 0 0 0 0 0 0 0 0 0 
1498 10 0 0 0 0 0 0 0 0 0 0 0 
1499 10 0 0 0 0 0 0 0 0 0 0 0 
1500 10 0 0 0 0 0 0 0 0 0 0 0 
1501 10 0 0 0 0 0 0 0 0 0 0 0 
1502 10 0 0 0 0 0 0 0 0 0 0 0 
1503 10 0 0 0 0 0 0 0 0 0 0 0 
1504 10 0 0 0 0 0 0 0 0 0 0 0 
1505 10 0 0 0 0 0 0 0 0 0 0 0 
1506 10 0 0 0 0 0 0 0 0 0 0 0 
1507 10 29 0 0 0 0 0 0 0 0 0 0 
1508 10 30 0 0 0 0 0 0 0 0 0 0 
1509 10 0 0 0 0 0 0 0 0 0 0 0 
1510 10 0 0 0 0 0 0 0 0 0 0 0 
1511 10 0 0 0 0 0 0 0 0 0 0 0 
1512 10 0 0 0 0 0 0 0 0 0 0 0 
1513 10 0 0 0 0 0 0 0 0 0 0 0 
1514 10 0 0 0 0 0 0 0 0 0 0 0 
1515 10 0 0 0 0 0 0 0 0 0 0 0 
1516 10 0 0 0 0 0 0 0 0 0 0 0 
1517 10 0 0 0 0 0 0 0 0 0 0 0 
1518 10 0 0 0 0 0 0 0 0 0 0 0 
1519 10 0 0 0 0 0 0 0 0 0 0 0 
1520 10 0 0 0 0 0 0 0 0 0 0 0 
1521 10 0 0 0 0 0 0 0 0 0 0 0 
1522 10 0 0 0 0 0 0 0 0 0 0 0 
1523 10 0 0 0 0 0 0 0 0 0 0 0 
1524 10 0 0 0 0 0 0 0 0 0 0 0 
1525 10 0 0 0 0 0 0 0 0 0 0 0 
1526 10 0 0 0 0 0 0 0 0 0 0 0 
1527 10 0 0 0 0 0 0 0 0 0 0 0 
1528 10 0 0 0 0 0 0 0 0 0 0 0 
1529 10 0 0 0 0 0 0 0 0 0 0 0 
1530 10 0 0 0 0 0 0 0 0 0 0 0 
1531 10 0 0 0 0 0 0 0 0 0 0 0 
1532 10 0 0 0 0 0 0 0 0 0 0 0 
1533 10 0 0 0 0 0 0 0 0 0 0 0 
1534 10 0 0 0 0 0 0 0 0 0 0 0 
1535 10 0 0 0 0 0 0 0 0 0 0 0 
1536 10 0 0 0 0 0 0 0 0 0 0 0 
1537 10 0 0 0 0 0 0 0 0 0 0 0 
1538 10 0 0 0 0 0 0 0 0 0 0 0 
1539 10 0 0 0 0 0 0 0 0 0 0 0 
1540 10 0 0 0 0 0 0 0 0 0 0 0 
1541 10 0 0 0 0 0 0 0 0 0 0 0 
1542 10 0 0 0 0 0 0 0 0 0 0 0 
1543 10 0 0 0 0 0 0 0 0 0 0 0 
1544 10 0 0 0 0 0 0 0 0 0 0 0 
1545 10 0 0 0 0 0 0 0 0 0 0 0 
1546 10 0 0 0 0 0 0 0 0 0 0 0 
1547 10 0 0 0 0 0 0 0 0 0 0 0 
1548 10 0 0 0 0 0 0 0 0 0 0 0 
1549 10 0 0 0 0 0 0 0 0 0 0 0 
1550 10 0 0 0 0 0 0 0 0 0 0 0 
1551 10 0 0 0 0 0 0 0 0 0 0 0 
1552 10 0 0 0 0 0 0 0 0 0 0 0 
1553 10 0 0 0 0 0 0 0 0 0 0 0 
1554 10 0 0 0 0 0 0 0 0 0 0 0 
1555 10 0 0 0 0 0 0 0 0 0 0 0 
1556 10 0 0 0 0 0 0 0 0 0 0 0 
1557 10 0 0 0 0 0 0 0 0 0 0 0 
1558 10 0 0 0 0 0 0 0 0 0 0 0 
1559 10 0 0 0 0 0 0 0 0 0 0 0 
1560 10 0 0 0 0 0 0 0 0 0 0 0 
1561 10 0 0 0 0 0 0 0 0 0 0 0 
1562 10 0 0 0 0 0 0 0 0 0 0 0 
1563 10 0 0 0 0 0 0 0 0 0 0 0 
1564 10 0 0 0 0 0 0 0 0 0 0 0 
1565 10 0 0 0 0 0 0 0 0 0 0 0 
1566 10 0 0 0 0 0 0 0 0 0 0 0 
1567 10 0 0 0 0 0 0 0 0 0 0 0 
1568 10 0 0 0 0 0 0 0 0 0 0 0 
1569 10 0 0 0 0 0 0 0 0 0 0 0 
1570 10 0 0 0 0 0 0 0 0 0 0 0 
1571 10 0 0 0 0 0 0 0 0 0 0 0 
1572 10 0 0 0 0 0 0 0 0 0 0 0 
1573 10 0 0 0 0 0 0 0 0 0 0 0 
1574 10 0 0 0 0 0 0 0 0 0 0 0 
1575 10 0 0 0 0 0 0 0 0 0 0 0 
1576 10 0 0 0 0 0 0 0 0 0 0 0 
1577 10 0 0 0 0 0 0 0 0 0 0 0 
1578 10 0 0 0 0 0 0 0 0 0 0 0 
1579 10 0 0 0 0 0 0 0 0 0 0 0 
1580 10 0 0 0 0 0 0 0 0 0 0 0 
1581 10 0 0 0 0 0 0 0 0 0 0 0 
1582 10 0 0 0 0 0 0 0 0 0 0 0 
1583 10 0 0 0 0 0 0 0 0 0 0 0 
1584 10 0 0 0 0 0 0 0 0 0 0 0 
1585 10 0 0 0 0 0 0 0 0 0 0 0 
1586 10 0 0 0 0 0 0 0 0 0 0 0 
1587 10 0 0 0 0 0 0 0 0 0 0 0 
1588 10 0 0 0 0 0 0 0 0 0 0 0 
1589 10 0 0 0 0 0 0 0 0 0 0 0 
1590 10 0 0 0 0 0 0 0 0 0 0 0 
1591 10 0 0 0 0 0 0 0 0 0 0 0 
1592 10 0 0 0 0 0 0 0 0 0 0 0 
1593 10 0 0 0 0 0 0 0 0 0 0 0 
1594 10 0 0 0 0 0 0 0 0 0 0 0 
1595 10 0 0 0 0 0 0 0 0 0 0 0 
1596 10 0 0 0 0 0 0 0 0 0 0 0 
1597 10 0 0 0 0 0 0 0 0 0 0 0 
1598 10 0 0 0 0 0 0 0 0 0 0 0 
1599 10 0 0 0 0 0 0 0 0 0 0 0 
1600 10 0 0 0 0 0 0 0 0 0 0 0 
1601 10 0 0 0 0 0 0 0 0 0 0 0 
1602 10 0 0 0 0 0 0 0 0 0 0 0 
1603 10 0 0 0 0 0 0 0 0 0 0 0 
1604 10 0 0 0 0 0 0 0 0 0 0 0 
1605 10 0 0 0 0 0 0 0 0 0 0 0 
1606 10 0 0 0 0 0 0 0 0 0 0 0 
1607 10 0 0 0 0 0 0 0 0 0 0 0 
1608 10 0 0 0 0 0 0 0 0 0 0 0 
1609 10 0 0 0 0 0 0 0 0 0 0 0 
1610 10 0 0 0 0 0 0 0 0 0 0 0 
1611 10 0 0 0 0 0 0 0 0 0 0 0 
1612 10 0 0 0 0 0 0 0 0 0 0 0 
1613 10 0 0 0 0 0 0 0 0 0 0 0 
1614 10 0 0 0 0 0 0 0 0 0 0 0 
1615 10 0 0 0 0 0 0 0 0 0 0 0 
1616 10 0 0 0 0 0 0 0 0 0 0 0 
1617 10 0 0 0 0 0 0 0 0 0 0 0 
1618 10 0 0 0 0 0 0 0 0 0 0 0 
1619 10 0 0 0 0 0 0 0 0 0 0 0 
1620 10 0 0 0 0 0 0 0 0 0 0 0 
1621 10 0 0 0 0 0 0 0 0 0 0 0 
1622 10 0 0 0 0 0 0 0 0 0 0 0 
1623 10 0 0 0 0 0 0 0 0 0 0 0 
1624 10 0 0 0 0 0 0 0 0 0 0 0 
1625 10 0 0 0 0 0 0 0 0 0 0 0 
1626 10 0 0 0 0 0 0 0 0 0 0 0 
1627 10 0 0 0 0 0 0 0 0 0 0 0 
1628 10 0 0 0 0 0 0 0 0 0 0 0 
1629 10 0 0 0 0 0 0 0 0 0 0 0 
1630 10 0 0 0 0 0 0 0 0 0 0 0 
1631 10 0 0 0 0 0 0 0 0 0 0 0 
1632 10 0 0 0 0 0 0 0 0 0 0 0 
1633 10 0 0 0 0 0 0 0 0 0 0 0 
1634 10 0 0 0 0 0 0 0 0 0 0 0 
1635 10 0 0 0 0 0 0 0 0 0 0 0 
1636 10 0 0 0 0 0 0 0 0 0 0 0 
1637 10 0 0 0 0 0 0 0 0 0 0 0 
1638 10 0 0 0 0 0 0 0 0 0 0 0 
1639 10 0 0 0 0 0 0 0 0 0 0 0 
1640 10 0 0 0 0 0 0 0 0 0 0 0 
1641 10 0 0 0 0 0 0 0 0 0 0 0 
1642 10 0 0 0 0 0 0 0 0 0 0 0 
1643 10 0 0 0 0 0 0 0 0 0 0 0 
1644 10 0 0 0 0 0 0 0 0 0 0 0 
1645 10 0 0 0 0 0 0 0 0 0 0 0 
1646 10 0 0 0 0 0 0 0 0 0 0 0 
1647 10 0 0 0 0 0 0 0 0 0 0 0 
1648 10 0 0 0 0 0 0 0 0 0 0 0 
1649 10 0 0 0 0 0 0 0 0 0 0 0 
1650 10 0 0 0 0 0 0 0 0 0 0 0 
1651 10 0 0 0 0 0 0 0 0 0 0 0 
1652 10 0 0 0 0 0 0 0 0 0 0 0 
1653 10 0 0 0 0 0 0 0 0 0 0 0 
1654 10 0 0 0 0 0 0 0 0 0 0 0 
1655 10 0 0 0 0 0 0 0 0 0 0 0 
1656 10 0 0 0 0 0 0 0 0 0 0 0 
1657 10 0 0 0 0 0 0 0 0 0 0 0 
1658 10 0 0 0 0 0 0 0 0 0 0 0 
1659 10 0 0 0 0 0 0 0 0 0 0 0 
1660 10 0 0 0 0 0 0 0 0 0 0 0 
1661 10 0 0 0 0 0 0 0 0 0 0 0 
1662 10 0 0 0 0 0 0 0 0 0 0 0 
1663 10 0 0 0 0 0 0 0 0 0 0 0 
1664 10 0 0 0 0 0 0 0 0 0 0 0 
1665 10 0 0 0 0 0 0 0 0 0 0 0 
1666 10 0 0 0 0 0 0 0 0 0 0 0 
1667 10 0 0 0 0 0 0 0 0 0 0 0 
1668 10 0 0 0 0 0 0 0 0 0 0 0 
1669 10 0 0 0 0 0 0 0 0 0 0 0 
1670 10 0 0 0 0 0 0 0 0 0 0 0 
1671 10 0 0 0 0 0 0 0 0 0 0 0 
1672 10 0 0 0 0 0 0 0 0 0 0 0 
1673 10 0 0 0 0 0 0 0 0 0 0 0 
1674 10 0 0 0 0 0 0 0 0 0 0 0 
1675 10 0 0 0 0 0 0 0 0 0 0 0 
1676 10 0 0 0 0 0 0 0 0 0 0 0 
1677 10 0 0 0 0 0 0 0 0 0 0 0 
1678 10 0 0 0 0 0 0 0 0 0 0 0 
1679 10 0 0 0 0 0 0 0 0 0 0 0 
1680 10 0 0 0 0 0 0 0 0 0 0 0 
1681 10 0 0 0 0 0 0 0 0 0 0 0 
1682 10 0 0 0 0 0 0 0 0 0 0 0 
1683 10 0 0 0 0 0 0 0 0 0 0 0 
1684 10 0 0 0 0 0 0 0 0 0 0 0 
1685 10 0 0 0 0 0 0 0 0 0 0 0 
1686 10 0 0 0 0 0 0 0 0 0 0 0 
1687 10 0 0 0 0 0 0 0 0 0 0 0 
1688 10 0 0 0 0 0 0 0 0 0 0 0 
1689 10 0 0 0 0 0 0 0 0 0 0 0 
1690 10 0 0 0 0 0 0 0 0 0 0 0 
1691 10 0 0 0 0 0 0 0 0 0 0 0 
1692 10 0 0 0 0 0 0 0 0 0 0 0 
1693 10 0 0 0 0 0 0 0 0 0 0 0 
1694 10 0 0 0 0 0 0 0 0 0 0 0 
1695 10 0 0 0 0 0 0 0 0 0 0 0 
1696 10 0 0 0 0 0 0 0 0 0 0 0 
1697 10 0 0 0 0 0 0 0 0 0 0 0 
1698 10 0 0 0 0 0 0 0 0 0 0 0 
1699 10 0 0 0 0 0 0 0 0 0 0 0 
1700 10 0 0 0 0 0 0 0 0 0 0 0 
1701 10 0 0 0 0 0 0 0 0 0 0 0 
1702 10 0 0 0 0 0 0 0 0 0 0 0 
1703 10 0 0 0 0 0 0 0 0 0 0 0 
1704 10 0 0 0 0 0 0 0 0 0 0 0 
1705 10 0 0 0 0 0 0 0 0 0 0 0 
1706 10 0 0 0 0 0 0 0 0 0 0 0 
1707 10 0 0 0 0 0 0 0 0 0 0 0 
1708 10 0 0 0 0 0 0 0 0 0 0 0 
1709 10 0 0 0 0 0 0 0 0 0 0 0 
1710 10 0 0 0 0 0 0 0 0 0 0 0 
1711 10 0 0 0 0 0 0 0 0 0 0 0 
1712 10 0 0 0 0 0 0 0 0 0 0 0 
1713 10 0 0 0 0 0 0 0 0 0 0 0 
1714 10 0 0 0 0 0 0 0 0 0 0 0 
1715 10 0 0 0 0 0 0 0 0 0 0 0 
1716 10 0 0 0 0 0 0 0 0 0 0 0 
1717 10 0 0 0 0 0 0 0 0 0 0 0 
1718 10 0 0 0 0 0 0 0 0 0 0 0 
1719 10 0 0 0 0 0 0 0 0 0 0 0 
1720 10 0 0 0 0 0 0 0 0 0 0 0 
1721 10 0 0 0 0 0 0 0 0 0 0 0 
1722 10 0 0 0 0 0 0 0 0 0 0 0 
1723 10 0 0 0 0 0 0 0 0 0 0 0 
1724 10 0 0 0 0 0 0 0 0 0 0 0 
1725 10 0 0 0 0 0 0 0 0 0 0 0 
1726 10 0 0 0 0 0 0 0 0 0 0 0 
1727 10 0 0 0 0 0 0 0 0 0 0 0 
1728 10 0 0 0 0 0 0 0 0 0 0 0 
1729 10 0 0 0 0 0 0 0 0 0 0 0 
1730 10 0 0 0 0 0 0 0 0 0 0 0 
1731 10 0 0 0 0 0 0 0 0 0 0 0 
1732 10 0 0 0 0 0 0 0 0 0 0 0 
1733 10 0 0 0 0 0 0 0 0 0 0 0 
1734 10 0 0 0 0 0 0 0 0 0 0 0 
1735 10 0 0 0 0 0 0 0 0 0 0 0 
1736 10 0 0 0 0 0 0 0 0 0 0 0 
1737 10 0 0 0 0 0 0 0 0 0 0 0 
1738 10 0 0 0 0 0 0 0 0 0 0 0 
1739 10 0 0 0 0 0 0 0 0 0 0 0 
1740 10 0 0 0 0 0 0 0 0 0 0 0 
1741 10 0 0 0 0 0 0 0 0 0 0 0 
1742 10 0 0 0 0 0 0 0 0 0 0 0 
1743 10 0 0 0 0 0 0 0 0 0 0 0 
1744 10 0 0 0 0 0 0 0 0 0 0 0 
1745 10 0 0 0 0 0 0 0 0 0 0 0 
1746 10 0 0 0 0 0 0 0 0 0 0 0 
1747 10 0 0 0 0 0 0 0 0 0 0 0 
1748 10 0 0 0 0 0 0 0 0 0 0 0 
1749 10 0 0 0 0 0 0 0 0 0 0 0 
1750 10 0 0 0 0 0 0 0 0 0 0 0 
1751 10 0 0 0 0 0 0 0 0 0 0 0 
1752 10 0 0 0 0 0 0 0 0 0 0 0 
1753 10 0 0 0 0 0 0 0 0 0 0 0 
1754 10 0 0 0 0 0 0 0 0 0 0 0 
1755 10 0 0 0 0 0 0 0 0 0 0 0 
1756 10 0 0 0 0 0 0 0 0 0 0 0 
1757 10 0 0 0 0 0 0 0 0 0 0 0 
1758 10 0 0 0 0 0 0 0 0 0 0 0 
1759 10 0 0 0 0 0 0 0 0 0 0 0 
1760 10 0 0 0 0 0 0 0 0 0 0 0 
1761 10 0 0 0 0 0 0 0 0 0 0 0 
1762 10 0 0 0 0 0 0 0 0 0 0 0 
1763 10 0 0 0 0 0 0 0 0 0 0 0 
1764 10 0 0 0 0 0 0 0 0 0 0 0 
1765 10 0 0 0 0 0 0 0 0 0 0 0 
1766 10 0 0 0 0 0 0 0 0 0 0 0 
1767 10 0 0 0 0 0 0 0 0 0 0 0 
1768 10 0 0 0 0 0 0 0 0 0 0 0 
1769 10 0 0 0 0 0 0 0 0 0 0 0 
1770 10 0 0 0 0 0 0 0 0 0 0 0 
1771 10 0 0 0 0 0 0 0 0 0 0 0 
1772 10 0 0 0 0 0 0 0 0 0 0 0 
1773 10 0 0 0 0 0 0 0 0 0 0 0 
1774 10 0 0 0 0 0 0 0 0 0 0 0 
1775 10 0 0 0 0 0 0 0 0 0 0 0 
1776 10 0 0 0 0 0 0 0 0 0 0 0 
1777 10 0 0 0 0 0 0 0 0 0 0 0 
1778 10 0 0 0 0 0 0 0 0 0 0 0 
1779 10 0 0 0 0 0 0 0 0 0 0 0 
1780 10 0 0 0 0 0 0 0 0 0 0 0 
1781 10 0 0 0 0 0 0 0 0 0 0 0 
1782 10 0 0 0 0 0 0 0 0 0 0 0 
1783 10 0 0 0 0 0 0 0 0 0 0 0 
1784 10 0 0 0 0 0 0 0 0 0 0 0 
1785 10 0 0 0 0 0 0 0 0 0 0 0 
1786 10 0 0 0 0 0 0 0 0 0 0 0 
1787 10 0 0 0 0 0 0 0 0 0 0 0 
1788 10 0 0 0 0 0 0 0 0 0 0 0 
1789 10 0 0 0 0 0 0 0 0 0 0 0 
1790 10 0 0 0 0 0 0 0 0 0 0 0 
1791 10 0 0 0 0 0 0 0 0 0 0 0 
1792 10 0 0 0 0 0 0 0 0 0 0 0 
1793 10 0 0 0 0 0 0 0 0 0 0 0 
1794 10 0 0 0 0 0 0 0 0 0 0 0 
1795 10 0 0 0 0 0 0 0 0 0 0 0 
1796 10 0 0 0 0 0 0 0 0 0 0 0 
1797 10 0 0 0 0 0 0 0 0 0 0 0 
1798 10 0 0 0 0 0 0 0 0 0 0 0 
1799 10 0 0 0 0 0 0 0 0 0 0 0 
1800 10 0 0 0 0 0 0 0 0 0 0 0 
1801 10 0 0 0 0 0 0 0 0 0 0 0 
1802 10 0 0 0 0 0 0 0 0 0 0 0 
1803 10 0 0 0 0 0 0 0 0 0 0 0 
1804 10 0 0 0 0 0 0 0 0 0 0 0 
1805 10 0 0 0 0 0 0 0 0 0 0 0 
1806 10 0 0 0 0 0 0 0 0 0 0 0 
1807 10 0 0 0 0 0 0 0 0 0 0 0 
1808 10 0 0 0 0 0 0 0 0 0 0 0 
1809 10 39 0 0 0 0 0 0 0 0 0 0 
1810 10 40 0 0 0 0 0 0 0 0 0 0 
1811 10 0 0 0 0 0 0 0 0 0 0 0 
1812 10 0 0 0 0 0 0 0 0 0 0 0 
1813 10 0 0 0 0 0 0 0 0 0 0 0 
1814 10 0 0 0 0 0 0 0 0 0 0 0 
1815 10 42 0 0 0 0 0 0 0 0 0 0 
1816 10 43 0 0 0 0 0 0 0 0 0 0 
1817 10 0 0 0 0 0 0 0 0 0 0 0 
1818 10 0 0 0 0 0 0 0 0 0 0 0 
1819 10 0 0 0 0 0 0 0 0 0 0 0 
1820 10 0 0 0 0 0 0 0 0 0 0 0 
1821 10 46 0 0 0 0 0 0 0 0 0 0 
1822 10 47 0 0 0 0 0 0 0 0 0 0 
1823 10 0 0 0 0 0 0 0 0 0 0 0 
1824 10 0 0 0 0 0 0 0 0 0 0 0 
1825 10 0 0 0 0 0 0 0 0 0 0 0 
1826 10 0 0 0 0 0 0 0 0 0 0 0 
1827 10 0 0 0 0 0 0 0 0 0 0 0 
1828 10 0 0 0 0 0 0 0 0 0 0 0 
1829 10 0 0 0 0 0 0 0 0 0 0 0 
1830 10 0 0 0 0 0 0 0 0 0 0 0 
1831 10 0 0 0 0 0 0 0 0 0 0 0 
1832 10 0 0 0 0 0 0 0 0 0 0 0 
1833 10 0 0 0 0 0 0 0 0 0 0 0 
1834 10 0 0 0 0 0 0 0 0 0 0 0 
1835 10 0 0 0 0 0 0 0 0 0 0 0 
1836 10 0 0 0 0 0 0 0 0 0 0 0 
1837 10 0 0 0 0 0 0 0 0 0 0 0 
1838 10 0 0 0 0 0 0 0 0 0 0 0 
1839 10 0 0 0 0 0 0 0 0 0 0 0 
1840 10 0 0 0 0 0 0 0 0 0 0 0 
1841 10 0 0 0 0 0 0 0 0 0 0 0 
1842 10 0 0 0 0 0 0 0 0 0 0 0 
1843 10 0 0 0 0 0 0 0 0 0 0 0 
1844 10 0 0 0 0 0 0 0 0 0 0 0 
1845 10 0 0 0 0 0 0 0 0 0 0 0 
1846 10 0 0 0 0 0 0 0 0 0 0 0 
1847 10 0 0 0 0 0 0 0 0 0 0 0 
1848 10 0 0 0 0 0 0 0 0 0 0 0 
1849 10 0 0 0 0 0 0 0 0 0 0 0 
1850 10 0 0 0 0 0 0 0 0 0 0 0 
1851 10 0 0 0 0 0 0 0 0 0 0 0 
1852 10 0 0 0 0 0 0 0 0 0 0 0 
1853 10 0 0 0 0 0 0 0 0 0 0 0 
1854 10 0 0 0 0 0 0 0 0 0 0 0 
1855 10 0 0 0 0 0 0 0 0 0 0 0 
1856 10 0 0 0 0 0 0 0 0 0 0 0 
1857 10 0 0 0 0 0 0 0 0 0 0 0 
1858 10 0 0 0 0 0 0 0 0 0 0 0 
1859 10 0 0 0 0 0 0 0 0 0 0 0 
1860 10 0 0 0 0 0 0 0 0 0 0 0 
1861 10 0 0 0 0 0 0 0 0 0 0 0 
1862 10 0 0 0 0 0 0 0 0 0 0 0 
1863 10 0 0 0 0 0 0 0 0 0 0 0 
1864 10 0 0 0 0 0 0 0 0 0 0 0 
1865 10 0 0 0 0 0 0 0 0 0 0 0 
1866 10 0 0 0 0 0 0 0 0 0 0 0 
1867 10 0 0 0 0 0 0 0 0 0 0 0 
1868 10 0 0 0 0 0 0 0 0 0 0 0 
1869 10 0 0 0 0 0 0 0 0 0 0 0 
1870 10 0 0 0 0 0 0 0 0 0 0 0 
1871 10 0 0 0 0 0 0 0 0 0 0 0 
1872 10 0 0 0 0 0 0 0 0 0 0 0 
1873 10 0 0 0 0 0 0 0 0 0 0 0 
1874 10 0 0 0 0 0 0 0 0 0 0 0 
1875 10 51 0 0 0 0 0 0 0 0 0 0 
1876 10 52 0 0 0 0 0 0 0 0 0 0 
1877 10 53 0 0 0 0 0 0 0 0 0 0 
1878 10 54 0 0 0 0 0 0 0 0 0 0 
1879 10 0 0 0 0 0 0 0 0 0 0 0 
1880 10 0 0 0 0 0 0 0 0 0 0 0 
1881 10 0 0 0 0 0 0 0 0 0 0 0 
1882 10 0 0 0 0 0 0 0 0 0 0 0 
1883 10 0 0 0 0 0 0 0 0 0 0 0 
1884 10 0 0 0 0 0 0 0 0 0 0 0 
1885 10 0 0 0 0 0 0 0 0 0 0 0 
1886 10 0 0 0 0 0 0 0 0 0 0 0 
1887 10 0 0 0 0 0 0 0 0 0 0 0 
1888 10 0 0 0 0 0 0 0 0 0 0 0 
1889 10 0 0 0 0 0 0 0 0 0 0 0 
1890 10 0 0 0 0 0 0 0 0 0 0 0 
1891 10 0 0 0 0 0 0 0 0 0 0 0 
1892 10 0 0 0 0 0 0 0 0 0 0 0 
1893 10 0 0 0 0 0 0 0 0 0 0 0 
1894 10 0 0 0 0 0 0 0 0 0 0 0 
1895 10 0 0 0 0 0 0 0 0 0 0 0 
1896 10 0 0 0 0 0 0 0 0 0 0 0 
1897 10 0 0 0 0 0 0 0 0 0 0 0 
1898 10 0 0 0 0 0 0 0 0 0 0 0 
1899 10 0 0 0 0 0 0 0 0 0 0 0 
1900 10 0 0 0 0 0 0 0 0 0 0 0 
1901 10 0 0 0 0 0 0 0 0 0 0 0 
1902 10 0 0 0 0 0 0 0 0 0 0 0 
1903 10 0 0 0 0 0 0 0 0 0 0 0 
1904 10 0 0 0 0 0 0 0 0 0 0 0 
1905 10 0 0 0 0 0 0 0 0 0 0 0 
1906 10 0 0 0 0 0 0 0 0 0 0 0 
1907 10 0 0 0 0 0 0 0 0 0 0 0 
1908 10 0 0 0 0 0 0 0 0 0 0 0 
1909 10 0 0 0 0 0 0 0 0 0 0 0 
1910 10 0 0 0 0 0 0 0 0 0 0 0 
1911 10 0 0 0 0 0 0 0 0 0 0 0 
1912 10 0 0 0 0 0 0 0 0 0 0 0 
1913 10 0 0 0 0 0 0 0 0 0 0 0 
1914 10 0 0 0 0 0 0 0 0 0 0 0 
1915 10 0 0 0 0 0 0 0 0 0 0 0 
1916 10 0 0 0 0 0 0 0 0 0 0 0 
1917 10 0 0 0 0 0 0 0 0 0 0 0 
1918 10 0 0 0 0 0 0 0 0 0 0 0 
1919 10 0 0 0 0 0 0 0 0 0 0 0 
1920 10 0 0 0 0 0 0 0 0 0 0 0 
1921 10 0 0 0 0 0 0 0 0 0 0 0 
1922 10 0 0 0 0 0 0 0 0 0 0 0 
1923 10 0 0 0 0 0 0 0 0 0 0 0 
1924 10 0 0 0 0 0 0 0 0 0 0 0 
1925 10 0 0 0 0 0 0 0 0 0 0 0 
1926 10 0 0 0 0 0 0 0 0 0 0 0 
1927 10 0 0 0 0 0 0 0 0 0 0 0 
1928 10 0 0 0 0 0 0 0 0 0 0 0 
1929 10 0 0 0 0 0 0 0 0 0 0 0 
1930 10 0 0 0 0 0 0 0 0 0 0 0 
1931 10 0 0 0 0 0 0 0 0 0 0 0 
1932 10 0 0 0 0 0 0 0 0 0 0 0 
1933 10 0 0 0 0 0 0 0 0 0 0 0 
1934 10 0 0 0 0 0 0 0 0 0 0 0 
1935 10 0 0 0 0 0 0 0 0 0 0 0 
1936 10 0 0 0 0 0 0 0 0 0 0 0 
1937 10 0 0 0 0 0 0 0 0 0 0 0 
1938 10 0 0 0 0 0 0 0 0 0 0 0 
1939 10 0 0 0 0 0 0 0 0 0 0 0 
1940 10 0 0 0 0 0 0 0 0 0 0 0 
1941 10 0 0 0 0 0 0 0 0 0 0 0 
1942 10 0 0 0 0 0 0 0 0 0 0 0 
1943 10 0 0 0 0 0 0 0 0 0 0 0 
1944 10 0 0 0 0 0 0 0 0 0 0 0 
1945 10 0 0 0 0 0 0 0 0 0 0 0 
1946 10 0 0 0 0 0 0 0 0 0 0 0 
1947 10 0 0 0 0 0 0 0 0 0 0 0 
1948 10 0 0 0 0 0 0 0 0 0 0 0 
1949 10 0 0 0 0 0 0 0 0 0 0 0 
1950 10 0 0 0 0 0 0 0 0 0 0 0 
1951 10 0 0 0 0 0 0 0 0 0 0 0 
1952 10 0 0 0 0 0 0 0 0 0 0 0 
1953 10 0 0 0 0 0 0 0 0 0 0 0 
1954 10 0 0 0 0 0 0 0 0 0 0 0 
1955 10 0 0 0 0 0 0 0 0 0 0 0 
1956 10 0 0 0 0 0 0 0 0 0 0 0 
1957 10 0 0 0 0 0 0 0 0 0 0 0 
1958 10 0 0 0 0 0 0 0 0 0 0 0 
1959 10 0 0 0 0 0 0 0 0 0 0 0 
1960 10 0 0 0 0 0 0 0 0 0 0 0 
1961 10 0 0 0 0 0 0 0 0 0 0 0 
1962 10 0 0 0 0 0 0 0 0 0 0 0 
1963 10 0 0 0 0 0 0 0 0 0 0 0 
1964 10 0 0 0 0 0 0 0 0 0 0 0 
1965 10 0 0 0 0 0 0 0 0 0 0 0 
1966 10 0 0 0 0 0 0 0 0 0 0 0 
1967 10 0 0 0 0 0 0 0 0 0 0 0 
1968 10 0 0 0 0 0 0 0 0 0 0 0 
1969 10 0 0 0 0 0 0 0 0 0 0 0 
1970 10 0 0 0 0 0 0 0 0 0 0 0 
1971 10 0 0 0 0 0 0 0 0 0 0 0 
1972 10 0 0 0 0 0 0 0 0 0 0 0 
1973 10 0 0 0 0 0 0 0 0 0 0 0 
1974 10 0 0 0 0 0 0 0 0 0 0 0 
1975 10 0 0 0 0 0 0 0 0 0 0 0 
1976 10 0 0 0 0 0 0 0 0 0 0 0 
1977 10 0 0 0 0 0 0 0 0 0 0 0 
1978 10 0 0 0 0 0 0 0 0 0 0 0 
1979 10 0 0 0 0 0 0 0 0 0 0 0 
1980 10 0 0 0 0 0 0 0 0 0 0 0 
1981 10 0 0 0 0 0 0 0 0 0 0 0 
1982 10 0 0 0 0 0 0 0 0 0 0 0 
1983 10 0 0 0 0 0 0 0 0 0 0 0 
1984 10 0 0 0 0 0 0 0 0 0 0 0 
1985 10 0 0 0 0 0 0 0 0 0 0 0 
1986 10 0 0 0 0 0 0 0 0 0 0 0 
1987 10 0 0 0 0 0 0 0 0 0 0 0 
1988 10 0 0 0 0 0 0 0 0 0 0 0 
1989 10 0 0 0 0 0 0 0 0 0 0 0 
1990 10 0 0 0 0 0 0 0 0 0 0 0 
1991 10 0 0 0 0 0 0 0 0 0 0 0 
1992 10 0 0 0 0 0 0 0 0 0 0 0 
1993 10 0 0 0 0 0 0 0 0 0 0 0 
1994 10 0 0 0 0 0 0 0 0 0 0 0 
1995 10 0 0 0 0 0 0 0 0 0 0 0 
1996 10 0 0 0 0 0 0 0 0 0 0 0 
1997 10 0 0 0 0 0 0 0 0 0 0 0 
1998 10 0 0 0 0 0 0 0 0 0 0 0 
1999 10 0 0 0 0 0 0 0 0 0 0 0 
2000 10 0 0 0 0 0 0 0 0 0 0 0 
2001 10 0 0 0 0 0 0 0 0 0 0 0 
2002 10 0 0 0 0 0 0 0 0 0 0 0 
2003 10 0 0 0 0 0 0 0 0 0 0 0 
2004 10 0 0 0 0 0 0 0 0 0 0 0 
2005 10 0 0 0 0 0 0 0 0 0 0 0 
2006 10 0 0 0 0 0 0 0 0 0 0 0 
2007 10 0 0 0 0 0 0 0 0 0 0 0 
2008 10 0 0 0 0 0 0 0 0 0 0 0 
2009 10 0 0 0 0 0 0 0 0 0 0 0 
2010 10 0 0 0 0 0 0 0 0 0 0 0 
2011 10 0 0 0 0 0 0 0 0 0 0 0 
2012 10 0 0 0 0 0 0 0 0 0 0 0 
2013 10 0 0 0 0 0 0 0 0 0 0 0 
2014 10 0 0 0 0 0 0 0 0 0 0 0 
2015 10 0 0 0 0 0 0 0 0 0 0 0 
2016 10 0 0 0 0 0 0 0 0 0 0 0 
2017 10 0 0 0 0 0 0 0 0 0 0 0 
2018 10 0 0 0 0 0 0 0 0 0 0 0 
2019 10 0 0 0 0 0 0 0 0 0 0 0 
2020 10 0 0 0 0 0 0 0 0 0 0 0 
2021 10 0 0 0 0 0 0 0 0 0 0 0 
2022 10 0 0 0 0 0 0 0 0 0 0 0 
2023 10 0 0 0 0 0 0 0 0 0 0 0 
2024 10 0 0 0 0 0 0 0 0 0 0 0 
2025 10 0 0 0 0 0 0 0 0 0 0 0 
2026 10 0 0 0 0 0 0 0 0 0 0 0 
2027 10 0 0 0 0 0 0 0 0 0 0 0 
2028 10 0 0 0 0 0 0 0 0 0 0 0 
2029 10 0 0 0 0 0 0 0 0 0 0 0 
2030 10 0 0 0 0 0 0 0 0 0 0 0 
2031 10 0 0 0 0 0 0 0 0 0 0 0 
2032 10 0 0 0 0 0 0 0 0 0 0 0 
2033 10 0 0 0 0 0 0 0 0 0 0 0 
2034 10 0 0 0 0 0 0 0 0 0 0 0 
2035 10 0 0 0 0 0 0 0 0 0 0 0 
2036 10 0 0 0 0 0 0 0 0 0 0 0 
2037 10 0 0 0 0 0 0 0 0 0 0 0 
2038 10 0 0 0 0 0 0 0 0 0 0 0 
2039 10 0 0 0 0 0 0 0 0 0 0 0 
2040 10 0 0 0 0 0 0 0 0 0 0 0 
2041 10 0 0 0 0 0 0 0 0 0 0 0 
2042 10 0 0 0 0 0 0 0 0 0 0 0 
2043 10 0 0 0 0 0 0 0 0 0 0 0 
2044 10 0 0 0 0 0 0 0 0 0 0 0 
2045 10 0 0 0 0 0 0 0 0 0 0 0 
2046 10 0 0 0 0 0 0 0 0 0 0 0 

0 4 1 0 bottle_1 0.0248105 6 12 -54 78 7 -59 84 7 -54 84 7 -39 84 7 -49 84 12 -64 78 
1 4 1 0 bottle_1 0.939759 13 -18 -29 78 -23 21 252 -18 -44 54 -18 -24 78 -23 -49 276 -18 1 54 -18 -29 360 -18 -4 312 -23 -29 276 -23 31 312 -18 26 78 -18 -49 78 -23 31 294 
2 4 1 0 bottle_1 0.375 1 -18 -59 78 
3 4 0 
4 4 0 
5 4 1 0 bottle_1 0.166667 1 -8 -34 168 
6 4 1 0 bottle_1 0.984254 1719 2 46 30 -8 -29 168 -8 -29 162 -3 46 252 2 -29 144 2 46 246 7 46 246 -23 -29 198 -13 26 24 7 46 24 -3 46 30 -13 -29 168 -13 -4 18 -3 -54 12 12 -34 144 2 -34 162 -8 26 24 -18 -29 198 -23 26 252 22 21 168 22 21 162 2 -54 12 -3 26 360 22 21 306 -23 -44 162 -13 -54 24 -18 -44 144 2 26 360 -28 26 276 -13 -84 168 -8 -59 168 27 26 168 -18 -44 162 -18 -84 24 -3 46 276 -3 -29 168 7 -59 144 -23 26 78 -23 21 54 2 21 210 -8 -49 252 -13 -84 246 12 -44 78 -8 46 24 -3 46 12 -8 -24 162 12 26 336 -23 -84 294 -8 -34 144 -8 -54 54 12 -44 84 -18 -84 276 -8 -4 336 -28 26 312 -23 -84 312 -28 21 246 -8 46 18 -3 -54 360 -13 -49 252 -18 -84 336 2 46 276 27 26 78 -8 46 312 -13 -84 360 -23 21 78 27 26 144 -8 -4 198 2 46 312 -28 21 24 12 -54 360 2 46 294 7 46 78 -3 46 360 -13 46 336 27 31 84 -13 -4 30 22 26 54 -8 -54 360 -18 -84 78 -13 -54 12 -3 46 294 -13 -59 84 2 26 210 -8 46 30 27 -34 84 -3 -39 360 7 -54 18 27 31 162 7 -34 162 -28 26 210 -13 -39 24 -13 46 24 2 -24 144 -3 -49 252 -3 46 78 27 31 78 -3 -64 312 2 -4 168 22 26 198 17 -39 84 7 46 276 -3 -4 312 -28 26 360 -13 -39 30 7 26 360 -28 -84 198 -8 36 18 -8 -84 30 -13 -29 198 2 26 336 7 -44 78 -3 -64 306 -8 -84 24 -3 26 24 22 21 276 -13 -49 276 17 26 294 -8 -64 306 -23 26 144 22 26 210 22 26 144 22 -84 78 17 -84 84 -23 -54 54 2 26 12 27 31 168 -23 21 84 12 -54 12 -3 36 360 2 36 144 22 -39 78 -18 -4 246 -13 46 12 7 -4 294 12 -54 336 2 26 198 -28 -84 306 -13 -64 306 22 26 246 -23 -84 78 -18 -24 198 -8 -59 312 -8 36 144 27 -84 78 -3 -59 312 -13 -84 312 2 -64 276 7 46 198 -18 -39 30 -13 -54 84 7 -54 30 2 36 84 -3 -4 360 12 -64 276 -8 21 210 -13 -59 312 12 -39 336 22 -84 168 -8 -59 84 22 26 30 -18 26 312 12 -64 252 22 21 198 12 46 30 27 -34 78 -18 -24 210 -13 36 18 -23 -84 84 -28 -84 144 27 31 30 22 31 294 -8 46 144 2 -39 336 12 -4 306 -13 1 336 7 46 168 17 -49 54 22 -34 84 27 -44 54 -13 -24 198 2 -4 162 12 -39 84 12 -49 12 -3 -54 252 -13 31 144 17 31 78 -18 -29 168 7 -69 84 -3 -84 144 12 46 210 -18 1 24 17 -49 210 22 -44 54 -8 -49 54 12 -84 84 -8 -49 84 -23 -39 78 27 -29 84 7 21 210 2 36 12 27 -84 162 7 36 78 -23 1 144 -18 -54 294 -18 -39 24 17 21 246 -23 -39 144 12 -29 144 -8 36 78 -3 36 162 12 -39 78 -18 26 336 -18 -59 336 -8 36 252 7 -49 30 12 26 306 2 -49 18 2 -4 84 -3 -84 24 12 -59 18 7 -4 78 2 -59 294 2 36 336 22 -49 198 -3 -4 210 22 -54 198 -3 -49 78 -23 6 168 -3 46 144 -18 1 30 2 46 210 -8 -54 78 7 -59 168 17 31 84 22 31 168 27 31 144 7 -59 12 -3 -39 18 2 1 168 -23 31 198 12 36 84 7 -64 252 -13 -54 210 17 -49 30 -3 -49 12 -8 -39 360 17 -59 360 27 -44 78 -8 -24 144 12 -4 162 -3 26 336 22 16 162 -13 21 54 -8 -84 276 7 -59 162 -23 -9 84 17 21 252 -8 36 294 -3 -59 78 -3 -84 54 22 -9 162 -8 36 276 12 -84 162 -28 21 306 27 21 84 32 -84 168 2 36 78 22 -84 144 12 -69 78 -18 -59 168 -18 1 198 7 36 144 22 -54 162 2 -49 252 2 -54 54 12 26 210 17 -49 360 -28 -24 294 -13 26 312 -13 26 294 -3 -39 210 17 -54 210 -3 -49 18 7 -54 54 -3 -14 252 -3 36 336 -8 -19 246 -13 -49 84 -13 26 78 -18 -59 12 -28 16 18 -13 1 18 17 -59 12 -3 26 30 -23 -29 30 -8 -49 210 2 -4 336 -3 -54 78 -3 -59 30 -8 -44 78 -8 46 162 27 26 360 7 -59 306 -8 -34 198 -13 -59 54 -8 -54 198 -18 11 246 -28 -9 306 -3 46 162 -28 36 144 -18 -64 312 -8 -59 294 -3 -44 78 -3 36 312 -28 -24 252 -3 -64 84 2 1 306 22 -4 276 7 -9 306 -3 36 84 -3 -19 12 -13 1 360 -8 -29 144 -8 26 294 27 31 12 17 -64 252 17 21 12 -13 -39 78 -18 -39 210 -28 36 162 -3 -24 30 -13 -44 252 22 31 198 17 -64 246 17 -59 336 -3 -59 276 -13 -24 78 -13 21 30 2 36 276 12 21 12 22 -84 252 -23 1 162 27 -84 198 22 21 24 22 -84 210 -3 -29 360 2 -44 84 -8 -49 24 12 -59 294 22 -29 312 27 -4 30 -18 -34 24 -13 -34 336 -18 -49 306 -8 36 84 -3 -9 306 22 -19 198 32 -64 78 12 26 162 12 46 198 2 36 294 27 -29 162 -18 -49 84 -3 -84 252 -3 -44 84 -23 -49 78 17 -84 144 27 -54 168 7 -84 30 12 -84 144 2 -84 54 -28 -39 306 17 26 78 -8 36 336 7 -39 78 22 -49 12 27 -49 54 22 31 30 -3 -64 78 7 16 210 2 -84 144 -23 -64 210 -8 21 336 -28 21 198 2 36 162 2 -64 78 27 -44 30 -13 16 78 22 -9 168 12 -39 144 -8 -44 162 22 -54 360 -8 21 54 2 -44 54 17 -49 18 2 21 30 12 -59 246 7 -64 54 -8 26 306 17 -44 210 17 26 84 17 16 336 2 1 162 17 -14 210 -3 31 144 -18 6 198 12 -9 312 2 -19 246 -8 31 144 7 21 306 7 1 168 -8 -19 54 32 -59 84 22 -49 210 2 -49 84 -8 -39 78 22 26 18 22 -4 144 -23 -44 276 17 16 306 12 31 84 -3 -44 246 -18 6 12 -13 -44 24 -3 -39 336 -8 -54 294 27 -4 78 7 -34 306 12 -4 78 27 -54 360 -28 -54 246 27 -44 24 -18 21 306 12 -9 144 -18 21 18 -28 -14 294 -3 -44 24 2 -84 78 -28 -39 312 -3 -44 30 -28 -64 162 -18 -54 312 -13 36 84 -13 -64 12 17 -84 54 17 -44 12 -18 -19 306 27 -54 144 12 -4 276 17 -59 144 7 -34 312 -23 -14 78 17 -54 306 2 36 312 -13 1 144 7 -84 252 7 36 54 17 26 144 2 -19 18 -3 -84 294 22 1 78 12 -54 306 -28 -59 18 2 -64 84 -3 -84 276 22 16 198 -23 31 210 -23 -19 144 22 -29 84 12 -44 24 27 -4 12 2 1 78 7 21 252 -3 -64 168 7 1 312 -3 21 252 22 11 312 -28 -29 294 -23 -39 168 -18 1 168 -23 -14 144 2 -19 210 -8 -19 12 -18 -69 144 -13 -64 294 -8 36 210 12 21 276 7 26 276 -8 46 168 -18 -59 306 -13 36 276 2 -54 78 27 -4 18 -18 -9 294 7 -4 144 12 -54 312 12 -59 162 17 -44 30 7 -64 312 -3 -34 306 -13 -19 294 7 -59 312 -8 -44 54 7 -24 24 22 31 144 -13 46 168 12 -59 312 2 -9 294 17 -64 24 17 -39 306 -23 16 144 -18 21 336 17 -4 78 22 -29 306 -8 -19 18 -13 -44 78 22 -39 54 22 21 78 22 1 30 22 -44 210 12 21 336 -13 36 252 -8 -9 276 -13 -39 294 27 -19 162 2 -54 312 2 -9 162 -8 -24 252 2 -39 78 -23 -29 78 -18 -4 162 12 1 168 -18 -34 252 -18 11 336 12 -29 162 17 6 54 2 -44 18 2 -24 252 7 -24 162 -23 -44 18 -28 31 24 17 -49 78 22 -44 24 22 6 54 -13 11 246 17 31 252 -28 -14 210 -23 -59 246 22 -54 12 22 -4 246 17 -59 246 22 -59 312 -23 -34 84 -23 -39 18 -13 -44 246 -18 -34 312 27 -24 144 7 -54 306 12 -59 306 27 -24 162 -13 -9 24 22 -44 276 27 -9 24 22 -44 360 27 -64 246 2 -89 252 -18 31 252 2 -84 312 22 11 276 7 -84 306 22 16 306 27 6 78 32 -79 84 22 11 294 27 -29 198 -8 -34 30 27 -9 360 -8 -34 294 -23 -44 78 22 -54 312 27 -29 312 27 6 54 -8 -39 246 22 -44 18 -28 -64 168 -28 -54 252 17 11 306 12 26 78 22 16 210 -8 26 198 2 21 312 7 -14 30 -3 -19 24 27 1 18 -18 -39 294 -18 -19 294 -23 -19 162 -18 11 276 -18 -59 246 27 -34 210 -28 -29 312 -18 -49 144 12 -59 54 -8 -39 84 17 36 84 12 1 54 12 46 78 17 16 294 -3 -44 54 27 -34 144 17 21 18 2 -59 12 -8 31 12 27 -29 168 -23 -24 18 -8 -44 30 17 -9 252 32 -59 78 -18 11 360 2 -24 246 -18 -29 162 -13 -34 360 7 36 12 -13 1 162 22 -29 336 2 -24 30 22 -4 84 17 -64 30 2 -24 18 7 1 162 -13 36 336 -18 -19 252 -18 21 30 -13 -34 294 2 21 18 2 -19 54 -13 11 84 -8 -34 306 32 -64 360 7 -44 24 27 -49 78 -3 1 78 2 -54 210 2 26 246 -13 11 162 -8 -9 252 -3 11 54 -13 -19 144 2 -9 276 -23 -49 162 -13 -49 30 -13 -29 78 22 -9 246 7 -49 336 -13 -9 312 -13 26 198 -3 26 84 22 11 168 22 1 144 27 -44 168 22 1 12 -3 -39 54 17 1 30 -13 -9 84 -18 -34 84 27 -19 54 12 -24 18 22 -19 306 22 6 84 2 11 54 22 -24 336 27 -19 78 -13 -34 54 -18 46 162 27 -64 360 -13 -14 312 22 -34 294 2 -4 12 -18 6 336 2 26 78 -28 -39 246 27 16 78 27 -9 12 17 11 336 17 -44 306 -13 -29 54 22 -59 18 27 -59 84 22 1 306 7 16 24 12 -39 294 22 -39 360 17 -39 246 27 -19 360 -28 -19 210 27 -9 54 -3 21 30 22 1 24 12 -24 198 32 -74 210 -28 -49 360 -18 11 30 -23 -49 144 12 -44 12 27 -44 162 -18 36 24 -18 11 12 27 11 84 22 -69 54 2 -24 198 12 -54 294 -23 -29 24 17 -49 162 -3 11 144 -8 -9 312 -13 -44 54 7 -84 78 -13 -39 306 12 36 24 7 -84 54 22 -24 276 -28 -59 306 -18 -24 306 22 -64 276 -8 11 84 22 -84 360 7 -89 168 12 1 84 -18 36 276 12 31 198 2 -39 246 12 -19 360 -13 11 210 -23 -19 24 -18 -9 336 7 36 168 -3 6 144 22 16 24 7 -44 210 22 16 18 12 -64 84 17 11 12 17 -24 12 2 -64 168 22 11 162 -13 -29 84 -18 -14 294 7 -29 360 17 -54 294 -13 -54 336 -8 -14 84 -3 -34 24 -3 -19 210 32 -79 54 17 -29 360 22 -24 252 2 -89 360 -8 -89 252 2 -89 306 27 -9 78 -18 11 294 27 -34 312 -18 -24 246 17 -84 360 -23 -14 12 27 1 84 22 6 30 2 31 144 12 36 162 -18 -34 276 -13 -14 78 7 6 78 2 21 12 -8 -59 144 -3 -4 78 -3 36 198 -13 -9 78 -3 1 162 2 21 306 -18 16 162 7 -34 18 12 11 312 -8 6 12 -3 -29 18 -13 1 306 -8 -29 24 -13 -24 18 17 -24 162 -8 1 84 -18 -14 162 27 -34 162 -28 31 18 27 -59 18 -18 16 306 22 -4 18 27 -14 54 27 -64 30 17 -39 12 7 -44 246 27 -9 30 12 36 18 17 -14 246 -13 -4 168 22 -24 246 17 11 162 -23 -9 162 -18 -54 246 12 -64 30 -3 -89 360 27 -64 12 -28 -49 336 -8 -29 54 -28 36 294 2 6 162 -28 6 252 22 -9 24 12 -19 246 -3 31 12 -8 -4 294 22 -19 18 12 36 210 7 -34 30 -18 -19 162 17 -14 360 -28 -64 144 -3 26 306 32 -74 336 -13 -9 246 32 -69 54 22 -24 78 12 6 144 -3 -14 84 22 -14 84 -8 -9 306 2 -29 24 -8 -34 12 -28 -69 144 -8 11 312 -13 -34 78 22 -19 78 7 -24 210 7 -9 30 12 -44 198 -13 -9 30 2 6 144 2 -59 246 -23 31 276 2 -9 198 -18 1 246 7 26 162 -13 1 24 17 -64 18 -3 16 144 -13 6 336 -3 -34 54 2 -39 276 7 -14 246 7 -39 252 -3 -19 276 -8 -19 84 2 -44 336 2 -19 336 22 -54 294 -18 -54 336 17 -24 276 2 -4 276 12 -24 168 -3 -34 18 -13 -59 246 -3 -4 162 -3 -54 306 -13 -54 306 17 -29 294 -8 11 168 17 -39 276 12 11 84 2 1 360 17 -34 84 27 -69 30 12 -34 276 -3 -34 12 17 -29 252 2 -29 198 -3 21 84 22 -44 336 -18 46 54 17 21 84 7 -14 84 -3 6 78 12 11 210 -13 -34 144 12 -54 144 17 -39 30 -28 36 276 7 -19 84 -13 -34 276 22 -9 210 32 -69 168 -8 1 24 22 -54 246 -8 1 78 12 26 144 27 -24 12 12 -14 252 -8 16 246 17 31 168 -18 -64 294 22 -34 312 12 36 54 32 -79 30 7 -29 168 2 -14 84 22 -4 12 -13 31 18 -8 11 162 12 -49 168 -18 36 336 7 16 198 17 -44 246 2 -39 312 12 36 168 12 -29 294 7 -9 78 17 -14 78 22 -19 30 17 26 24 -8 31 210 7 -39 306 -8 11 210 27 6 24 17 -64 54 -3 11 78 12 -14 84 22 -59 210 2 31 198 12 -44 360 -3 -44 294 2 6 78 -13 21 360 7 -44 198 2 -24 294 -3 -14 162 12 11 168 -3 -9 30 17 -9 210 -13 -49 168 -13 -19 162 22 -49 168 22 -14 12 2 -9 336 2 -29 18 2 -9 210 7 -9 198 12 26 12 22 -29 12 22 -14 18 -23 1 276 22 -29 144 7 11 306 -8 21 360 7 21 54 12 -64 24 12 -9 246 17 11 78 22 -44 162 32 -79 24 17 -19 78 27 6 360 7 -9 144 -3 -89 168 12 -44 246 27 -49 144 12 -39 306 17 -64 162 -8 21 84 -8 -14 168 -13 -49 24 -3 -9 84 17 -19 84 27 -29 12 7 -14 12 2 26 84 -3 -69 84 -23 6 276 17 -39 210 -3 31 162 2 -49 276 2 -14 78 7 31 84 -13 -14 144 -13 -64 78 17 1 84 7 -34 336 -8 -24 360 2 -14 54 22 -9 84 12 -34 12 -18 36 78 -8 11 276 7 -9 84 27 -54 252 -3 26 144 12 -44 252 -3 1 276 2 -9 54 7 -54 276 12 16 294 -13 -49 360 17 -9 78 17 11 30 -18 16 18 2 -24 210 -8 -29 294 2 21 84 -3 21 144 -28 31 306 27 -19 144 2 -9 144 -18 1 312 12 -59 210 -18 -9 168 -3 -19 84 -28 -64 306 12 -29 24 -13 -69 144 12 -14 360 -13 -14 198 -8 -59 18 -18 -79 168 -13 16 336 7 11 84 17 -9 12 -18 1 306 7 -14 360 7 6 162 22 -59 198 -13 -29 252 2 -29 54 -3 -59 360 -13 -14 246 -18 -14 198 -28 -4 306 2 11 168 2 -19 84 2 -29 306 -13 -4 252 32 -64 162 7 -39 294 -13 -49 306 2 -24 276 7 16 12 12 -9 210 12 6 84 17 31 360 17 31 210 2 -29 30 7 11 168 22 -29 78 2 26 144 7 31 78 -3 -24 78 22 -14 30 -3 -29 276 -3 16 78 2 -59 252 -13 31 12 -8 -14 144 22 1 360 -18 36 360 -8 -34 84 -23 -64 306 32 -69 78 12 36 252 12 -44 336 22 6 12 27 -29 30 2 6 294 12 11 360 -13 -59 18 -8 -9 168 17 -54 276 -28 -59 276 12 21 84 12 -44 306 12 11 198 17 -9 54 22 -54 252 32 -74 12 7 -34 246 7 6 54 -8 -29 246 12 -29 276 12 -14 246 -28 36 336 27 -64 144 -3 -24 294 27 -69 294 -13 1 294 -13 21 276 12 -34 168 -8 6 84 -3 31 18 -3 -9 78 12 21 78 -3 -34 198 2 -44 144 -8 -24 12 17 -64 12 22 41 360 -8 31 294 27 -79 84 12 31 360 -18 16 360 22 -69 78 2 -19 78 -28 -44 246 7 -64 30 22 -49 246 -3 -19 162 -8 16 162 27 -14 144 -3 -14 312 12 16 144 12 16 210 -23 -49 18 -8 6 360 12 -64 360 2 -29 246 12 -49 162 2 26 54 7 -64 360 7 -29 252 -13 -79 162 12 -9 18 -8 -49 306 12 -24 336 -3 -69 312 27 -69 210 27 -69 198 2 16 24 -13 -14 168 -3 -14 18 7 11 276 7 -24 276 27 -34 30 22 -49 144 -8 11 294 -13 1 30 -13 21 198 2 -64 252 -8 16 306 12 46 336 -3 11 168 12 -34 336 -8 -9 162 17 11 360 -8 -19 168 22 -29 24 2 -29 252 7 11 144 -8 11 246 7 -29 210 12 -4 336 -8 -19 210 17 -64 294 -3 21 162 -8 -44 360 2 -44 276 2 16 18 7 -69 294 -8 -9 144 -13 -14 336 -13 -9 168 7 -14 54 17 16 54 -13 -19 312 17 -59 162 12 11 246 17 -34 360 2 21 168 -28 46 198 2 -14 312 2 -29 12 17 11 54 12 11 294 12 26 24 17 -24 54 22 41 12 27 -74 312 -8 6 198 22 -64 162 22 -59 162 -3 6 294 -18 -79 162 12 46 294 12 -74 78 22 1 198 2 1 54 -3 -9 360 -18 -14 210 2 -44 294 2 -44 306 -8 16 276 27 -79 162 12 21 30 7 -4 210 -13 -14 210 17 31 144 -3 16 312 12 1 18 7 6 168 7 -29 30 27 -69 162 2 16 78 2 21 144 -8 -49 198 27 -29 54 17 21 78 -8 -24 18 17 16 78 2 -64 210 27 -69 168 12 -9 360 2 6 306 27 -64 54 -8 -69 306 22 41 336 2 -44 162 -8 -69 336 -28 -79 12 -18 21 198 7 11 162 2 11 162 -28 -64 246 -3 -69 294 7 21 144 -3 16 84 17 36 162 12 -64 336 27 -54 78 27 36 54 2 -69 336 -23 -64 54 -13 16 312 12 -44 162 -8 21 168 12 -74 84 17 -4 312 -13 -69 306 -13 31 294 -28 36 54 7 16 276 -8 6 18 7 -49 312 -28 46 210 22 -34 30 -23 46 24 12 16 78 7 26 30 7 21 30 -18 -64 78 12 1 198 2 -9 360 22 -64 210 2 31 276 2 6 54 17 -19 162 -13 6 78 -13 16 12 22 -14 144 -13 11 12 -8 11 360 -8 -19 312 -3 -29 78 -8 -4 78 12 31 162 -18 36 54 -3 -89 162 17 -49 294 17 1 360 12 31 54 12 -4 30 12 16 30 7 1 30 -3 -44 198 -18 16 12 2 -64 30 -3 11 30 17 -34 30 27 -64 162 -18 -49 30 22 -4 198 -28 -79 84 -3 6 12 2 31 162 -23 -14 30 12 31 144 17 -19 294 2 -24 78 27 -34 54 12 6 210 -18 6 294 -8 -64 30 7 -69 168 -3 -69 252 17 31 12 12 31 276 7 -69 246 -28 -79 306 17 41 360 7 16 84 -8 6 276 2 6 360 -3 31 294 -18 -64 276 -18 31 276 -8 16 12 7 16 78 -23 46 12 27 -79 312 17 36 18 -3 16 162 -8 16 24 -18 -79 246 22 -14 162 -28 -79 336 -28 -69 30 12 6 30 -18 -49 210 17 36 360 -13 31 312 12 -49 276 27 -79 18 27 -74 210 17 46 168 22 41 294 27 -74 336 12 -69 198 22 -69 198 17 1 312 27 -59 78 17 -34 78 -13 -14 30 12 -59 198 12 -69 168 -13 -19 210 12 -19 144 7 6 246 12 -24 84 27 -79 30 -8 -69 276 -8 31 306 -3 11 18 -18 -69 294 2 -49 144 -8 -69 252 -13 -44 198 17 -69 246 12 -69 162 22 36 246 -3 -19 306 12 6 168 12 -44 168 2 6 24 17 -14 168 -13 -4 84 -28 -79 294 -3 6 24 -13 -49 198 12 -19 162 -3 -69 198 12 6 12 -3 16 360 7 6 252 7 1 360 -3 6 54 -3 -64 246 17 6 168 7 1 336 12 -4 24 -13 1 276 2 -49 306 -13 -14 24 -13 -79 144 7 -54 144 2 6 246 -23 -69 252 -3 -49 162 17 46 162 7 31 306 -8 31 252 -8 11 30 7 -19 162 22 -69 312 22 -69 84 -23 -69 336 27 41 162 12 -69 312 -3 6 210 27 -79 336 22 41 54 2 -49 294 22 36 360 -13 -4 78 22 36 162 2 6 336 -3 -29 84 22 41 252 -3 -79 144 12 6 294 -13 -19 198 27 36 12 -23 -79 84 22 -64 198 22 -69 162 17 36 312 -3 -14 198 -28 -74 144 22 -14 306 22 36 168 17 36 12 12 6 336 17 31 18 2 6 252 -8 6 54 -8 -69 246 -18 -19 210 -3 -64 24 -3 31 306 2 -39 144 -8 -69 78 -18 -79 252 17 -29 78 -28 -69 246 2 -14 360 -13 -64 54 7 -24 78 7 6 336 2 -64 24 2 -64 12 -3 -69 360 22 46 198 22 -29 54 -13 6 30 7 6 18 17 36 306 7 1 18 -3 -14 360 -13 -79 18 22 -79 210 7 -4 18 -23 -69 294 -18 -64 54 12 -69 30 -8 31 84 7 -69 360 17 -69 18 17 -14 306 22 -79 78 -13 -79 12 -8 -54 168 -8 -89 144 22 36 30 7 31 252 12 -14 336 17 -69 306 -28 41 24 2 -69 162 2 6 30 12 -19 294 17 -49 144 -8 -79 30 22 -74 306 7 6 24 22 36 24 17 -74 78 22 -74 276 -28 41 18 22 -34 54 -3 -69 24 2 -69 12 7 -69 144 2 -29 78 -8 -14 210 -3 -79 18 2 -79 144 -13 -54 168 -13 -69 30 -18 -79 210 -13 -69 198 22 -79 294 12 -69 336 32 -74 78 12 -69 18 22 41 78 -13 -69 84 7 -69 30 22 -69 336 2 -34 78 7 -69 24 -23 -69 54 -18 -69 210 2 31 246 22 -74 246 -13 -79 198 17 46 84 22 41 84 -28 41 360 -3 -54 144 -23 -69 78 2 -79 30 -3 31 252 7 -79 198 17 41 306 12 -34 54 -3 -69 168 -28 41 162 -18 -79 312 -28 -74 78 -23 -69 84 2 -29 84 22 46 162 17 41 54 -18 -69 168 17 -79 168 17 -79 162 2 -79 24 -18 -54 144 22 -74 360 17 46 78 -18 -69 84 22 -74 78 27 46 162 12 31 30 -13 -79 276 2 -79 162 -13 -69 54 22 -59 78 -28 -74 54 22 46 144 7 -79 168 -13 -79 84 -28 41 312 22 41 162 12 -79 162 12 -79 12 22 -74 24 2 -34 84 -8 -79 78 12 -79 144 17 41 210 -13 -79 312 -8 -79 276 7 31 24 -23 -69 198 -8 31 54 7 31 30 17 -79 18 12 -34 78 17 -54 84 17 -79 12 -13 -79 336 22 -74 162 -8 -79 306 22 -74 18 -8 -79 312 17 -74 306 -3 -69 144 17 -79 30 7 -29 84 -8 -69 162 12 41 18 2 -79 54 -8 -54 144 12 -79 252 17 -74 252 -8 -79 336 22 -74 144 7 -34 84 -28 41 198 7 -79 54 22 46 306 2 -79 84 12 -79 276 -3 -79 312 12 -74 312 22 46 336 2 -79 294 22 46 12 12 41 306 17 41 162 2 -79 306 7 -79 294 -13 -69 168 -8 -79 360 27 -74 84 -23 -74 84 -23 -74 78 2 -74 360 -28 -74 294 17 -74 210 -28 -74 276 -28 -74 312 7 -79 312 7 -74 294 2 -74 336 -13 -74 144 2 -79 336 17 -79 336 12 41 276 -3 -79 360 17 -74 24 12 -74 246 17 -74 144 17 -74 168 22 46 78 17 -74 162 12 -74 210 2 -74 276 -3 -74 84 17 -74 12 -3 -74 312 12 41 252 -8 -74 360 -13 -74 360 7 41 336 7 41 12 12 41 78 -28 -74 210 -8 -74 306 -8 -74 312 2 -74 246 12 -74 24 -13 -74 336 7 41 54 -18 -74 336 -18 -74 54 -8 -74 276 -18 -74 78 -23 -74 294 -18 -74 84 -3 -74 252 12 41 168 -13 -74 294 2 -74 54 -18 -74 294 -18 -74 312 12 -74 144 -13 -74 78 7 -74 18 -13 -74 276 -18 -74 162 -8 -74 210 -18 -74 18 -23 41 306 -18 -74 246 -18 -74 12 -13 -74 252 -13 -74 246 7 41 78 7 41 162 -3 -74 18 -3 -74 12 -3 -74 30 7 41 210 2 41 306 -13 -74 30 7 -74 144 -23 41 198 -13 -74 24 2 41 12 2 41 168 -8 -74 12 -3 -74 168 22 51 168 2 41 276 -18 41 30 22 51 144 -13 41 84 -3 41 360 -3 41 168 -18 41 336 -3 41 306 -18 41 144 2 -74 144 -3 41 294 2 41 246 -18 41 306 -18 41 312 -13 41 144 -8 -74 162 -3 41 78 -8 41 162 -13 -74 162 -13 41 198 -8 41 360 -8 41 312 -18 41 246 -3 41 252 -13 41 252 17 51 162 12 51 276 -13 51 198 -8 51 162 12 51 198 -13 51 210 -8 51 252 7 51 246 12 51 162 -8 51 246 7 51 276 -3 51 252 -8 51 276 -3 51 144 2 51 162 7 51 210 2 51 144 2 51 276 -8 51 294 
7 4 0 
8 4 1 0 bottle_1 0.0909091 1 12 -59 84 
9 4 1 0 bottle_1 1 1 -23 11 360 
10 4 1 0 bottle_1 1 6 -23 6 336 -18 -19 84 -23 11 312 -23 -44 312 -23 36 84 -23 -54 12 
11 4 1 0 bottle_1 1 13 -23 -84 30 -23 36 78 -23 6 18 -23 -9 30 -23 -54 30 -23 -34 30 -23 6 30 -23 -9 24 -23 -39 24 -23 11 30 -23 6 24 -23 -34 162 -23 -39 162 
12 4 1 0 bottle_1 1 5 -23 -39 360 -23 -9 360 -23 -44 360 -23 -84 18 17 6 210 
13 4 1 0 bottle_1 1 1 2 -59 168 
14 4 1 0 bottle_1 1 3 17 1 336 17 -34 198 17 6 336 
15 4 1 0 bottle_1 1 86 17 -9 198 17 11 198 17 -39 144 2 -49 168 -18 -49 12 -18 11 144 -18 -14 12 -23 26 306 -18 -24 12 -18 -29 12 -23 -9 210 -18 -9 18 -23 21 246 -23 -4 252 -18 1 144 -18 6 144 -23 -19 210 -18 -29 144 -23 16 210 -23 -14 252 -18 -9 144 -18 11 78 -23 -34 246 -18 6 78 -23 -49 246 -23 -19 252 -23 31 30 -23 -29 252 -23 -9 294 -23 -79 12 -23 -49 252 -18 1 78 -23 -64 360 -23 -64 162 -23 31 12 -23 -24 246 -23 -34 294 -23 31 336 -23 36 18 -23 -39 294 -23 -14 294 -23 -44 252 -23 16 294 -23 36 360 -18 -4 78 -18 -4 84 -18 -9 78 -23 26 24 -23 21 12 -23 36 336 -18 -29 54 -23 -9 198 -23 26 162 -23 41 336 -23 21 162 -23 -64 12 -23 16 162 -23 -74 24 -23 -64 24 -23 -39 252 -23 -44 336 -23 -34 306 -23 21 18 -23 -49 336 -23 -34 336 -23 -24 306 -23 -74 54 -23 6 198 -23 21 312 -18 -59 84 -23 16 312 -18 -54 84 -23 16 336 -23 46 360 -23 -79 54 -18 -9 84 -23 16 306 -23 -59 18 -23 21 168 -23 -59 24 -23 -59 12 -23 -9 306 -23 16 30 -23 36 168 -28 -79 252 -23 -29 312 
16 4 1 0 bottle_1 1 5 17 -24 336 17 -34 336 22 36 12 22 31 336 17 6 252 
17 4 1 0 bottle_1 0.545455 1 -18 -9 12 
18 4 1 0 bottle_1 0.159292 3 -8 86 168 -8 86 162 -8 86 312 
19 4 1 0 bottle_1 0.390244 8 -23 -9 12 -23 -59 84 -28 -9 246 -28 -49 168 -28 -54 294 -23 -54 84 32 -54 210 32 -54 198 
20 4 1 0 bottle_1 0.98164 401 27 -39 78 27 -9 312 27 11 12 27 11 18 27 -34 276 -28 -54 144 32 -54 168 -28 -49 306 -28 -24 306 -28 -29 306 27 26 12 -23 -24 78 27 -14 210 27 1 162 27 -4 312 -28 -59 24 -23 -39 84 -28 -19 294 -28 -44 336 -28 41 30 32 -49 78 27 -39 84 -28 -19 312 32 -44 144 27 46 168 32 -29 84 -28 16 312 -28 -54 24 27 16 18 27 16 30 -23 -19 78 27 36 306 32 -39 18 27 41 360 -28 41 306 32 -34 84 -23 -24 54 -28 -64 12 27 -34 294 32 -39 24 -28 -29 162 -28 -44 360 32 -24 84 27 -29 294 -28 -54 30 27 6 144 -23 1 84 -23 16 84 -28 -39 360 -28 -19 252 27 -29 246 -23 -44 54 -28 -64 24 27 31 312 27 41 18 -28 31 78 -23 -49 84 -28 -49 12 -23 -49 54 -28 -29 336 -28 -29 276 27 31 336 -28 11 360 -28 26 168 -28 21 30 27 41 12 27 21 168 -28 -49 24 27 6 162 -23 -64 78 -23 -64 84 27 -24 252 -23 1 54 22 51 84 32 -44 336 -28 31 84 27 -14 246 -28 6 306 32 -19 54 32 -19 78 -28 -44 144 17 51 18 27 11 144 27 46 54 27 31 198 32 -39 198 32 -29 360 -28 6 360 22 51 78 -23 41 84 -28 21 162 -28 -14 336 27 1 306 32 -14 78 -28 -39 144 27 -4 276 -28 46 12 32 -19 12 -23 -4 54 -28 6 30 27 21 336 27 26 198 32 -19 144 -28 1 276 -28 -24 162 -28 -39 12 -23 -9 54 22 51 54 -28 26 54 -28 1 12 -28 26 84 27 1 246 -28 11 162 -28 1 198 27 26 306 32 -4 54 32 -9 144 32 -19 162 32 -14 360 27 6 306 -28 -29 12 -28 46 144 32 -14 18 27 46 360 32 36 84 22 51 336 27 6 252 32 36 144 27 21 252 32 31 84 22 51 312 27 21 246 22 51 306 22 51 246 -28 -39 30 -23 51 210 27 46 336 -28 -39 18 32 -4 12 -28 46 294 -23 51 246 -23 51 252 32 -4 18 22 51 252 27 46 18 -28 -34 30 32 41 84 -28 -19 162 27 46 198 32 36 162 -28 -19 168 17 56 162 27 46 12 32 41 78 32 -14 198 17 56 210 -28 -29 18 -28 -14 168 27 46 312 32 -9 312 -28 -4 162 12 56 198 27 16 312 27 21 306 32 1 168 -28 -9 168 32 36 168 32 26 144 27 46 246 32 -4 312 -28 -54 78 17 56 144 32 11 78 -23 51 168 -28 -4 24 32 26 78 32 31 360 -28 -24 144 32 -4 336 17 56 252 17 56 306 -28 -54 84 32 -4 276 12 56 276 17 56 336 -28 -44 84 27 51 84 12 56 162 12 56 294 32 36 360 32 6 168 17 56 276 32 41 54 12 56 306 32 26 162 32 6 162 27 51 78 17 56 84 -28 51 276 -28 -39 84 12 56 312 12 56 12 32 1 198 32 41 168 -23 51 144 -28 -4 18 27 16 294 -23 51 312 12 56 336 17 56 78 32 11 30 -28 21 54 -28 16 84 17 56 54 -28 -44 54 22 56 144 -28 -34 78 32 21 78 27 51 54 -28 51 336 -28 51 168 -28 51 162 -28 -29 84 32 36 24 32 21 54 -28 -9 30 32 31 24 -28 -49 198 -28 -4 144 32 31 18 -18 51 360 -28 -39 54 32 46 84 -23 51 360 32 31 12 -28 11 84 27 51 30 -28 51 312 32 21 162 -23 51 24 32 6 312 32 36 12 -28 51 12 27 51 24 7 56 246 27 51 336 32 16 162 -23 51 12 -23 51 18 -18 51 24 27 51 18 -28 1 54 32 26 12 -18 51 54 22 56 306 22 56 312 22 56 336 27 51 12 -28 -9 84 -28 -9 18 -28 -9 78 -28 -4 78 -28 -34 198 12 56 84 32 31 306 22 56 276 32 36 198 -28 1 78 32 36 312 32 46 168 27 51 246 -23 51 78 32 31 294 32 36 336 32 41 12 -28 -14 54 -28 56 252 -28 56 12 -28 56 162 -28 56 30 7 56 168 -23 56 78 -28 56 276 -28 -9 54 7 56 12 32 26 198 -28 56 144 -23 56 294 -23 56 30 -23 56 252 -23 51 84 32 11 276 -23 56 84 32 41 336 -23 56 360 -23 56 162 -18 56 30 7 56 24 32 21 198 17 66 12 27 56 78 7 56 336 32 51 144 27 56 30 32 41 294 32 46 24 32 51 78 -18 56 312 2 56 198 7 56 360 2 56 246 -18 56 144 27 56 360 -13 51 78 32 46 12 32 26 276 -18 56 18 12 76 336 2 56 12 27 56 246 2 56 252 17 66 312 32 51 168 32 21 252 -18 56 210 -23 71 18 7 76 360 -23 71 24 -28 61 144 32 21 246 -23 66 18 -28 61 18 2 56 18 -28 61 168 -23 71 210 2 56 294 7 56 78 17 66 210 32 51 360 17 76 360 -28 61 294 -18 66 84 12 66 360 12 76 198 -13 56 54 17 76 30 17 66 144 7 76 306 12 61 210 7 76 312 32 46 294 17 76 198 22 76 30 32 56 162 12 66 210 32 46 246 17 76 246 32 56 78 22 81 30 22 66 168 7 76 252 22 66 210 32 56 168 -23 61 78 17 61 162 12 76 168 -8 56 198 12 76 162 7 76 246 17 61 18 17 81 294 22 76 84 2 76 360 12 61 168 12 61 252 -3 56 12 -3 56 276 22 61 24 -13 66 84 12 76 144 17 81 336 27 66 84 17 61 24 2 56 144 27 61 210 -18 61 144 17 61 30 -23 61 360 -23 61 306 12 81 336 -3 56 30 -23 61 336 -13 56 360 -8 56 246 -3 56 24 17 81 360 -23 61 12 22 61 144 22 81 78 27 61 144 27 61 360 
21 4 1 0 bottle_1 0.851301 229 2 56 84 -3 56 252 7 76 24 2 76 336 27 61 84 12 61 18 -8 56 252 12 61 294 27 61 78 2 56 78 22 61 84 -18 61 84 22 61 336 17 61 84 17 81 144 -8 56 144 17 61 54 7 76 168 -3 56 78 22 61 360 -8 56 162 12 76 54 -13 56 168 12 81 12 -18 76 210 -18 66 306 -18 61 210 12 61 144 2 76 294 7 61 210 -18 76 18 7 76 144 7 66 276 -18 66 276 2 76 246 12 61 336 17 81 54 -13 61 144 -18 61 336 17 86 360 -18 76 252 -13 76 144 -13 61 168 -13 61 162 17 86 54 -13 61 78 -18 66 246 -13 61 246 -13 66 144 12 86 306 2 76 168 -3 76 360 7 76 84 -18 81 30 17 86 78 7 81 12 7 61 294 12 86 294 12 86 312 2 76 144 12 86 336 -18 81 24 12 86 360 -13 61 54 -13 76 24 7 81 276 12 86 276 -13 76 336 7 81 198 -8 61 162 2 61 210 2 61 198 -8 76 54 -8 61 84 12 81 84 -3 76 336 7 81 24 12 91 162 -18 81 306 -13 76 18 -8 61 198 -13 66 162 -3 76 18 7 81 30 -8 61 78 -18 86 30 -8 76 84 -3 76 24 12 86 30 2 61 168 -3 76 312 -3 76 306 -13 76 312 -18 81 18 -3 76 162 12 91 144 -3 76 294 -13 61 360 12 86 162 -18 81 12 7 81 162 -13 81 78 -8 61 306 -8 61 24 -8 61 18 12 86 144 7 81 144 -3 61 246 7 61 336 -8 76 24 7 61 54 -3 61 168 -18 86 18 7 66 144 2 61 30 2 76 84 -8 76 18 -8 61 312 -3 61 84 -8 76 276 -8 61 360 -13 81 144 -3 61 12 -18 86 306 12 86 78 2 81 294 2 81 252 2 81 246 2 61 84 -3 61 54 2 61 78 7 86 198 7 91 210 7 91 246 7 86 12 7 86 276 7 91 24 7 81 78 2 61 336 2 81 162 7 91 276 2 61 360 -13 81 30 7 86 24 2 66 360 7 86 30 7 91 312 7 86 162 2 81 144 2 66 198 -18 86 252 -3 81 18 7 91 168 7 91 162 -13 81 336 -3 61 360 -13 91 144 2 66 162 7 91 54 -3 61 336 -8 81 78 -8 66 246 -13 81 312 -3 81 360 -13 81 276 -3 66 360 -13 86 54 -8 81 162 -3 81 198 -3 66 252 7 91 84 2 81 84 7 91 78 -3 81 252 2 86 306 -3 81 276 -3 81 246 2 86 210 -3 81 168 2 86 168 -8 81 30 -3 81 144 2 86 18 7 86 84 -13 91 312 -13 86 24 2 91 246 2 91 306 -3 81 78 -13 91 246 -8 81 276 2 91 312 2 91 336 -13 86 12 2 91 168 2 86 54 -13 86 294 -8 91 84 2 91 54 -8 91 54 -13 86 276 -8 86 84 -8 91 30 -3 86 168 -13 86 252 -3 86 294 -3 86 162 -3 86 12 -8 91 24 -3 86 30 -3 86 312 -3 91 210 -8 91 168 -8 91 336 -3 91 18 -3 91 276 -3 91 306 -3 91 30 -3 86 144 -8 91 294 -8 91 12 -8 91 312 -3 91 336 -3 91 162 -3 91 360 -8 91 210 -8 91 246 -8 86 210 -8 86 12 
22 4 1 0 bottle_1 0.117647 2 -3 91 78 -8 86 252 
23 4 1 0 bottle_1 0.123711 2 -3 76 210 -3 76 198 
24 4 1 0 bottle_1 0.104804 4 -28 -59 84 -28 -69 198 -28 -64 84 32 -79 210 
25 4 1 0 bottle_1 0.0697674 2 -13 -44 162 -13 -39 168 
26 4 1 0 bottle_1 0.915254 9 -13 -34 168 -18 -44 198 -23 41 78 -13 46 276 -13 -64 162 -18 46 276 -23 46 294 -18 46 84 -13 46 78 
27 4 1 0 bottle_1 0.00798935 1 -13 56 276 
28 4 1 0 bottle_1 1 10 17 51 84 12 51 30 12 51 306 -8 56 210 12 51 360 -18 51 18 7 51 12 -18 51 12 12 51 84 7 51 294 
29 4 1 0 bottle_1 1 13 7 51 84 7 51 78 2 51 312 -13 51 312 -13 51 306 -8 51 144 2 51 78 -8 51 24 -8 51 312 2 51 84 -8 51 336 -3 51 18 -3 51 12 
30 4 1 0 bottle_1 1 1 -3 51 24 
31 4 1 0 bottle_1 1 2 2 51 30 2 51 54 
32 4 1 0 bottle_1 0.782609 3 -13 51 276 2 51 24 -3 41 54 
33 4 1 0 bottle_1 0.230769 1 -18 41 78 
34 4 1 0 bottle_1 0.00339175 5 12 -89 30 12 -89 18 12 -89 12 7 -89 12 7 -89 78 
35 4 1 0 bottle_1 0.545455 2 17 91 162 17 91 360 
36 4 1 0 bottle_1 0.957983 19 17 86 210 27 76 84 7 71 168 7 71 144 2 71 18 2 71 252 2 71 312 -8 71 360 2 71 84 -3 71 336 12 66 78 7 66 12 7 66 30 7 66 336 7 66 54 2 66 18 2 66 312 -3 66 18 2 66 84 
37 4 1 0 bottle_1 0.166667 1 22 86 144 
38 4 0 
39 4 1 0 bottle_1 1 1 22 -84 312 
40 4 1 0 bottle_1 1 36 17 -89 306 17 -89 312 22 -89 162 22 -89 24 22 -89 168 22 -89 336 22 -89 78 22 -89 12 22 -89 246 22 -89 252 17 -89 210 17 -89 198 27 -89 24 27 -89 30 17 -89 360 12 -89 246 17 -89 144 17 -89 84 12 -89 168 12 -89 78 12 -89 252 12 -89 144 7 -89 294 2 -89 30 2 -89 12 -8 -89 78 -8 -89 312 -18 -89 198 -13 -89 210 -13 -89 78 -13 -89 336 -13 -89 306 -13 -89 84 -13 -89 246 -13 -89 54 -8 -89 18 
41 4 1 0 bottle_1 0.545455 1 22 -89 294 
42 4 1 0 bottle_1 0.983766 101 22 81 18 22 66 312 22 66 24 27 61 12 27 61 24 17 76 12 17 81 252 17 76 312 22 66 54 22 71 360 22 66 360 17 71 168 17 71 294 22 71 84 17 71 162 17 71 144 17 66 54 17 71 84 12 71 306 12 71 12 17 66 360 12 71 294 17 66 336 12 71 162 32 6 210 7 71 276 32 1 276 32 -64 306 12 71 24 12 71 336 -13 71 360 12 66 198 12 71 78 7 71 306 32 -64 246 -13 66 360 32 6 252 32 1 252 32 1 336 32 -49 276 12 66 336 12 66 30 32 -79 246 32 -64 252 7 71 30 32 -64 276 32 -74 252 32 21 24 32 -84 252 7 71 336 32 16 24 7 71 24 32 -74 294 -8 71 294 32 -84 210 32 -29 336 32 1 24 32 -34 336 32 -49 336 32 -54 336 32 -59 336 32 -19 24 32 -29 30 32 -9 168 32 -19 168 32 -54 24 32 -29 168 32 -24 168 32 -34 168 32 -39 312 32 -44 312 32 6 84 32 -44 30 32 -4 84 32 1 78 32 -9 162 27 -14 306 32 -14 144 27 -29 306 27 -34 306 32 -44 84 27 -44 306 32 -54 84 32 -69 12 32 -84 18 32 -69 162 27 -29 252 32 -84 12 32 -89 162 32 -84 84 32 -49 54 32 -59 54 32 -89 78 32 -84 144 27 -64 210 27 -84 252 27 -89 276 27 -49 312 27 -89 336 27 -89 84 27 -89 78 
43 4 1 0 bottle_1 1 1 -13 -89 144 
44 4 0 
45 4 1 0 bottle_1 1 3 22 71 78 -8 66 360 -3 66 84 
46 4 1 0 bottle_1 1 16 32 61 78 22 86 168 22 81 168 32 56 18 32 61 162 32 56 276 22 76 54 32 61 144 27 86 84 22 86 162 32 56 312 22 76 336 32 51 252 27 61 54 27 61 336 27 71 84 
47 4 1 0 bottle_1 1 1 -13 66 198 
48 4 1 0 bottle_1 0.130435 1 32 -89 246 
49 4 1 0 bottle_1 0.0234375 1 -13 71 210 
50 4 0 
51 4 1 0 bottle_1 0.954128 52 27 86 78 27 86 336 27 91 276 27 91 306 22 91 252 22 91 246 -23 86 144 22 86 246 27 86 168 27 86 162 27 91 144 32 91 294 32 91 360 32 86 30 27 91 360 27 91 168 32 91 54 32 91 252 32 91 84 32 86 18 32 86 12 32 86 336 32 86 78 32 86 246 32 86 168 -23 91 360 -23 91 54 32 86 84 -28 86 210 -28 86 162 -28 86 84 -28 86 78 -28 91 24 -28 86 336 -28 86 276 -28 86 198 32 86 24 22 86 294 32 86 198 -28 86 168 -23 91 336 -28 91 168 -23 91 84 22 91 18 -28 91 78 22 91 24 -28 91 306 -28 91 276 -28 91 336 22 91 198 22 91 294 -28 86 24 
52 4 1 0 bottle_1 1 12 22 91 168 22 91 54 -23 91 312 22 91 78 -23 91 306 17 91 30 17 91 198 17 91 306 -23 91 294 -23 86 12 -23 86 294 -23 86 198 
53 4 1 0 bottle_1 1 3 -13 66 24 -13 66 78 -18 66 360 
54 4 1 0 bottle_1 0.980843 128 -18 66 24 -23 66 294 -18 66 78 -18 66 54 -23 66 336 -23 66 12 -23 66 360 -23 66 30 32 61 294 27 71 78 27 71 210 32 71 12 32 71 24 32 76 210 32 71 336 32 71 144 32 71 78 32 71 84 27 76 360 27 66 294 27 66 30 27 66 276 27 66 336 -23 81 24 32 66 54 32 66 306 32 66 276 32 66 168 -28 61 84 32 61 18 32 61 198 32 61 306 32 61 168 32 61 312 32 81 198 32 81 294 32 81 306 -23 76 144 32 71 312 32 81 162 32 81 12 27 81 18 27 71 312 32 71 306 32 81 312 32 66 360 -28 76 168 22 71 312 -28 76 144 32 71 18 22 71 12 22 81 312 27 81 246 27 71 18 27 81 198 27 81 144 27 81 78 -28 66 18 27 81 168 32 81 168 32 81 360 32 66 24 22 66 12 27 81 162 27 66 24 27 76 144 32 76 168 -28 76 276 32 76 336 32 76 360 32 76 252 27 76 162 27 76 168 27 76 78 -28 81 24 27 76 252 27 76 18 22 76 312 32 76 24 32 76 30 22 76 210 27 76 12 -23 81 162 -28 71 276 -28 71 336 -28 71 360 -28 71 252 -28 71 84 -28 71 144 32 61 30 -23 81 144 -23 71 360 -23 71 54 -23 71 144 -28 81 18 -23 81 210 -28 81 54 -28 81 84 22 81 306 -23 81 18 -23 81 84 -28 81 168 -28 66 30 22 76 12 -23 71 168 -23 71 162 -23 71 336 -28 71 210 -28 71 246 -28 76 294 -23 76 54 -18 81 78 -18 81 84 2 71 24 -23 71 198 -18 71 78 -18 76 84 -18 71 54 -18 71 144 -3 71 246 -18 71 252 -13 71 30 -13 71 144 -3 71 144 -13 71 246 -18 71 306 -3 71 84 -13 71 306 
55 4 1 0 bottle_1 0.929577 11 -8 66 78 -8 66 84 2 66 30 -3 66 24 7 66 78 -18 66 252 -18 86 54 -18 86 78 -18 91 360 -18 91 168 -18 86 162 
56 4 1 0 bottle_1 0.179104 2 -18 91 30 -18 91 162 
57 4 1 0 bottle_1 0.0594059 9 32 -29 306 32 -89 252 32 -44 306 32 -34 306 32 -29 246 32 -39 168 32 56 12 32 -24 246 32 -19 210 
58 4 1 0 bottle_1 1 2 -13 -89 12 -13 -89 30 
59 4 1 0 bottle_1 1 4 -28 -14 84 -28 -89 84 -28 -89 78 -28 -89 30 
60 4 1 0 bottle_1 0.950495 16 -28 -89 162 -28 -89 168 -28 -89 246 -23 -89 84 -23 -89 30 -23 -89 54 -23 -89 336 -23 -89 312 -23 -89 294 -23 -89 162 -23 -89 144 -23 -89 246 -18 -89 12 -18 -89 336 -18 -89 276 -18 -89 210 
61 4 1 0 bottle_1 0.0254521 19 17 91 78 32 51 306 32 51 198 32 91 312 32 26 336 32 16 312 32 21 312 12 91 24 12 91 30 -18 91 198 -18 91 276 12 91 78 -8 76 162 12 91 84 -13 91 84 -13 91 78 -13 91 54 -13 91 30 -13 91 24 
