10 39 4
0 0 -1 282 2 38 -1 -1 -1 -1 -1 2 116 
1 1 0 0 0 0 0 0 0 0 0 0 0 
2 1 -1 325 2 29 -1 -1 -1 -1 -1 0 1075 
3 2 0 0 0 0 0 0 0 0 0 0 0 
4 2 0 0 0 0 0 0 0 0 0 0 0 
5 2 -1 54 3 30 -1 -1 -1 -1 -1 2 -66 
6 2 -1 327 1 20 -1 -1 -1 -1 -1 3 -6 
7 3 0 0 0 0 0 0 0 0 0 0 0 
8 3 0 0 0 0 0 0 0 0 0 0 0 
9 3 0 0 0 0 0 0 0 0 0 0 0 
10 3 0 0 0 0 0 0 0 0 0 0 0 
11 3 1 0 0 0 0 0 0 0 0 0 0 
12 3 -1 130 2 14 -1 -1 -1 -1 -1 2 3952 
13 3 -1 2 1 30 -1 -1 -1 -1 -1 1 -29 
14 3 38 0 0 0 0 0 0 0 0 0 0 
15 4 0 0 0 0 0 0 0 0 0 0 0 
16 4 0 0 0 0 0 0 0 0 0 0 0 
17 4 0 0 0 0 0 0 0 0 0 0 0 
18 4 0 0 0 0 0 0 0 0 0 0 0 
19 4 0 0 0 0 0 0 0 0 0 0 0 
20 4 0 0 0 0 0 0 0 0 0 0 0 
21 4 0 0 0 0 0 0 0 0 0 0 0 
22 4 0 0 0 0 0 0 0 0 0 0 0 
23 4 0 0 0 0 0 0 0 0 0 0 0 
24 4 0 0 0 0 0 0 0 0 0 0 0 
25 4 -1 327 4 25 -1 -1 -1 -1 -1 2 6482 
26 4 -1 207 3 29 -1 -1 -1 -1 -1 2 53 
27 4 -1 333 2 13 -1 -1 -1 -1 -1 2 9207 
28 4 37 0 0 0 0 0 0 0 0 0 0 
29 4 0 0 0 0 0 0 0 0 0 0 0 
30 4 0 0 0 0 0 0 0 0 0 0 0 
31 5 0 0 0 0 0 0 0 0 0 0 0 
32 5 0 0 0 0 0 0 0 0 0 0 0 
33 5 0 0 0 0 0 0 0 0 0 0 0 
34 5 0 0 0 0 0 0 0 0 0 0 0 
35 5 0 0 0 0 0 0 0 0 0 0 0 
36 5 0 0 0 0 0 0 0 0 0 0 0 
37 5 0 0 0 0 0 0 0 0 0 0 0 
38 5 0 0 0 0 0 0 0 0 0 0 0 
39 5 0 0 0 0 0 0 0 0 0 0 0 
40 5 0 0 0 0 0 0 0 0 0 0 0 
41 5 0 0 0 0 0 0 0 0 0 0 0 
42 5 0 0 0 0 0 0 0 0 0 0 0 
43 5 0 0 0 0 0 0 0 0 0 0 0 
44 5 0 0 0 0 0 0 0 0 0 0 0 
45 5 0 0 0 0 0 0 0 0 0 0 0 
46 5 0 0 0 0 0 0 0 0 0 0 0 
47 5 0 0 0 0 0 0 0 0 0 0 0 
48 5 0 0 0 0 0 0 0 0 0 0 0 
49 5 0 0 0 0 0 0 0 0 0 0 0 
50 5 0 0 0 0 0 0 0 0 0 0 0 
51 5 -1 195 1 11 -1 -1 -1 -1 -1 2 61 
52 5 -1 293 4 25 -1 -1 -1 -1 -1 3 2147 
53 5 -1 266 2 23 -1 -1 -1 -1 -1 3 547 
54 5 29 0 0 0 0 0 0 0 0 0 0 
55 5 30 0 0 0 0 0 0 0 0 0 0 
56 5 -1 166 2 28 -1 -1 -1 -1 -1 1 1431 
57 5 0 0 0 0 0 0 0 0 0 0 0 
58 5 0 0 0 0 0 0 0 0 0 0 0 
59 5 0 0 0 0 0 0 0 0 0 0 0 
60 5 0 0 0 0 0 0 0 0 0 0 0 
61 5 0 0 0 0 0 0 0 0 0 0 0 
62 5 0 0 0 0 0 0 0 0 0 0 0 
63 6 0 0 0 0 0 0 0 0 0 0 0 
64 6 0 0 0 0 0 0 0 0 0 0 0 
65 6 0 0 0 0 0 0 0 0 0 0 0 
66 6 0 0 0 0 0 0 0 0 0 0 0 
67 6 0 0 0 0 0 0 0 0 0 0 0 
68 6 0 0 0 0 0 0 0 0 0 0 0 
69 6 0 0 0 0 0 0 0 0 0 0 0 
70 6 0 0 0 0 0 0 0 0 0 0 0 
71 6 0 0 0 0 0 0 0 0 0 0 0 
72 6 0 0 0 0 0 0 0 0 0 0 0 
73 6 0 0 0 0 0 0 0 0 0 0 0 
74 6 0 0 0 0 0 0 0 0 0 0 0 
75 6 0 0 0 0 0 0 0 0 0 0 0 
76 6 0 0 0 0 0 0 0 0 0 0 0 
77 6 0 0 0 0 0 0 0 0 0 0 0 
78 6 0 0 0 0 0 0 0 0 0 0 0 
79 6 0 0 0 0 0 0 0 0 0 0 0 
80 6 0 0 0 0 0 0 0 0 0 0 0 
81 6 0 0 0 0 0 0 0 0 0 0 0 
82 6 0 0 0 0 0 0 0 0 0 0 0 
83 6 0 0 0 0 0 0 0 0 0 0 0 
84 6 0 0 0 0 0 0 0 0 0 0 0 
85 6 0 0 0 0 0 0 0 0 0 0 0 
86 6 0 0 0 0 0 0 0 0 0 0 0 
87 6 0 0 0 0 0 0 0 0 0 0 0 
88 6 0 0 0 0 0 0 0 0 0 0 0 
89 6 0 0 0 0 0 0 0 0 0 0 0 
90 6 0 0 0 0 0 0 0 0 0 0 0 
91 6 0 0 0 0 0 0 0 0 0 0 0 
92 6 0 0 0 0 0 0 0 0 0 0 0 
93 6 0 0 0 0 0 0 0 0 0 0 0 
94 6 0 0 0 0 0 0 0 0 0 0 0 
95 6 0 0 0 0 0 0 0 0 0 0 0 
96 6 0 0 0 0 0 0 0 0 0 0 0 
97 6 0 0 0 0 0 0 0 0 0 0 0 
98 6 0 0 0 0 0 0 0 0 0 0 0 
99 6 0 0 0 0 0 0 0 0 0 0 0 
100 6 0 0 0 0 0 0 0 0 0 0 0 
101 6 0 0 0 0 0 0 0 0 0 0 0 
102 6 0 0 0 0 0 0 0 0 0 0 0 
103 6 2 0 0 0 0 0 0 0 0 0 0 
104 6 -1 284 1 28 -1 -1 -1 -1 -1 0 4 
105 6 -1 149 3 39 -1 -1 -1 -1 -1 0 3 
106 6 -1 135 2 13 -1 -1 -1 -1 -1 3 2098 
107 6 -1 101 1 12 -1 -1 -1 -1 -1 2 -9 
108 6 28 0 0 0 0 0 0 0 0 0 0 
109 6 0 0 0 0 0 0 0 0 0 0 0 
110 6 0 0 0 0 0 0 0 0 0 0 0 
111 6 0 0 0 0 0 0 0 0 0 0 0 
112 6 0 0 0 0 0 0 0 0 0 0 0 
113 6 -1 274 3 12 -1 -1 -1 -1 -1 3 -24 
114 6 36 0 0 0 0 0 0 0 0 0 0 
115 6 0 0 0 0 0 0 0 0 0 0 0 
116 6 0 0 0 0 0 0 0 0 0 0 0 
117 6 0 0 0 0 0 0 0 0 0 0 0 
118 6 0 0 0 0 0 0 0 0 0 0 0 
119 6 0 0 0 0 0 0 0 0 0 0 0 
120 6 0 0 0 0 0 0 0 0 0 0 0 
121 6 0 0 0 0 0 0 0 0 0 0 0 
122 6 0 0 0 0 0 0 0 0 0 0 0 
123 6 0 0 0 0 0 0 0 0 0 0 0 
124 6 0 0 0 0 0 0 0 0 0 0 0 
125 6 0 0 0 0 0 0 0 0 0 0 0 
126 6 0 0 0 0 0 0 0 0 0 0 0 
127 7 0 0 0 0 0 0 0 0 0 0 0 
128 7 0 0 0 0 0 0 0 0 0 0 0 
129 7 0 0 0 0 0 0 0 0 0 0 0 
130 7 0 0 0 0 0 0 0 0 0 0 0 
131 7 0 0 0 0 0 0 0 0 0 0 0 
132 7 0 0 0 0 0 0 0 0 0 0 0 
133 7 0 0 0 0 0 0 0 0 0 0 0 
134 7 0 0 0 0 0 0 0 0 0 0 0 
135 7 0 0 0 0 0 0 0 0 0 0 0 
136 7 0 0 0 0 0 0 0 0 0 0 0 
137 7 0 0 0 0 0 0 0 0 0 0 0 
138 7 0 0 0 0 0 0 0 0 0 0 0 
139 7 0 0 0 0 0 0 0 0 0 0 0 
140 7 0 0 0 0 0 0 0 0 0 0 0 
141 7 0 0 0 0 0 0 0 0 0 0 0 
142 7 0 0 0 0 0 0 0 0 0 0 0 
143 7 0 0 0 0 0 0 0 0 0 0 0 
144 7 0 0 0 0 0 0 0 0 0 0 0 
145 7 0 0 0 0 0 0 0 0 0 0 0 
146 7 0 0 0 0 0 0 0 0 0 0 0 
147 7 0 0 0 0 0 0 0 0 0 0 0 
148 7 0 0 0 0 0 0 0 0 0 0 0 
149 7 0 0 0 0 0 0 0 0 0 0 0 
150 7 0 0 0 0 0 0 0 0 0 0 0 
151 7 0 0 0 0 0 0 0 0 0 0 0 
152 7 0 0 0 0 0 0 0 0 0 0 0 
153 7 0 0 0 0 0 0 0 0 0 0 0 
154 7 0 0 0 0 0 0 0 0 0 0 0 
155 7 0 0 0 0 0 0 0 0 0 0 0 
156 7 0 0 0 0 0 0 0 0 0 0 0 
157 7 0 0 0 0 0 0 0 0 0 0 0 
158 7 0 0 0 0 0 0 0 0 0 0 0 
159 7 0 0 0 0 0 0 0 0 0 0 0 
160 7 0 0 0 0 0 0 0 0 0 0 0 
161 7 0 0 0 0 0 0 0 0 0 0 0 
162 7 0 0 0 0 0 0 0 0 0 0 0 
163 7 0 0 0 0 0 0 0 0 0 0 0 
164 7 0 0 0 0 0 0 0 0 0 0 0 
165 7 0 0 0 0 0 0 0 0 0 0 0 
166 7 0 0 0 0 0 0 0 0 0 0 0 
167 7 0 0 0 0 0 0 0 0 0 0 0 
168 7 0 0 0 0 0 0 0 0 0 0 0 
169 7 0 0 0 0 0 0 0 0 0 0 0 
170 7 0 0 0 0 0 0 0 0 0 0 0 
171 7 0 0 0 0 0 0 0 0 0 0 0 
172 7 0 0 0 0 0 0 0 0 0 0 0 
173 7 0 0 0 0 0 0 0 0 0 0 0 
174 7 0 0 0 0 0 0 0 0 0 0 0 
175 7 0 0 0 0 0 0 0 0 0 0 0 
176 7 0 0 0 0 0 0 0 0 0 0 0 
177 7 0 0 0 0 0 0 0 0 0 0 0 
178 7 0 0 0 0 0 0 0 0 0 0 0 
179 7 0 0 0 0 0 0 0 0 0 0 0 
180 7 0 0 0 0 0 0 0 0 0 0 0 
181 7 0 0 0 0 0 0 0 0 0 0 0 
182 7 0 0 0 0 0 0 0 0 0 0 0 
183 7 0 0 0 0 0 0 0 0 0 0 0 
184 7 0 0 0 0 0 0 0 0 0 0 0 
185 7 0 0 0 0 0 0 0 0 0 0 0 
186 7 0 0 0 0 0 0 0 0 0 0 0 
187 7 0 0 0 0 0 0 0 0 0 0 0 
188 7 0 0 0 0 0 0 0 0 0 0 0 
189 7 0 0 0 0 0 0 0 0 0 0 0 
190 7 0 0 0 0 0 0 0 0 0 0 0 
191 7 0 0 0 0 0 0 0 0 0 0 0 
192 7 0 0 0 0 0 0 0 0 0 0 0 
193 7 0 0 0 0 0 0 0 0 0 0 0 
194 7 0 0 0 0 0 0 0 0 0 0 0 
195 7 0 0 0 0 0 0 0 0 0 0 0 
196 7 0 0 0 0 0 0 0 0 0 0 0 
197 7 0 0 0 0 0 0 0 0 0 0 0 
198 7 0 0 0 0 0 0 0 0 0 0 0 
199 7 0 0 0 0 0 0 0 0 0 0 0 
200 7 0 0 0 0 0 0 0 0 0 0 0 
201 7 0 0 0 0 0 0 0 0 0 0 0 
202 7 0 0 0 0 0 0 0 0 0 0 0 
203 7 0 0 0 0 0 0 0 0 0 0 0 
204 7 0 0 0 0 0 0 0 0 0 0 0 
205 7 0 0 0 0 0 0 0 0 0 0 0 
206 7 0 0 0 0 0 0 0 0 0 0 0 
207 7 0 0 0 0 0 0 0 0 0 0 0 
208 7 0 0 0 0 0 0 0 0 0 0 0 
209 7 -1 80 3 28 -1 -1 -1 -1 -1 3 -3 
210 7 5 0 0 0 0 0 0 0 0 0 0 
211 7 6 0 0 0 0 0 0 0 0 0 0 
212 7 -1 341 2 26 -1 -1 -1 -1 -1 3 11 
213 7 -1 148 1 26 -1 -1 -1 -1 -1 0 -25 
214 7 -1 35 3 33 -1 -1 -1 -1 -1 0 -1 
215 7 20 0 0 0 0 0 0 0 0 0 0 
216 7 -1 4 2 10 -1 -1 -1 -1 -1 0 13611 
217 7 0 0 0 0 0 0 0 0 0 0 0 
218 7 0 0 0 0 0 0 0 0 0 0 0 
219 7 0 0 0 0 0 0 0 0 0 0 0 
220 7 0 0 0 0 0 0 0 0 0 0 0 
221 7 0 0 0 0 0 0 0 0 0 0 0 
222 7 0 0 0 0 0 0 0 0 0 0 0 
223 7 0 0 0 0 0 0 0 0 0 0 0 
224 7 0 0 0 0 0 0 0 0 0 0 0 
225 7 0 0 0 0 0 0 0 0 0 0 0 
226 7 0 0 0 0 0 0 0 0 0 0 0 
227 7 31 0 0 0 0 0 0 0 0 0 0 
228 7 -1 222 0 39 -1 -1 -1 -1 -1 0 13 
229 7 0 0 0 0 0 0 0 0 0 0 0 
230 7 0 0 0 0 0 0 0 0 0 0 0 
231 7 0 0 0 0 0 0 0 0 0 0 0 
232 7 0 0 0 0 0 0 0 0 0 0 0 
233 7 0 0 0 0 0 0 0 0 0 0 0 
234 7 0 0 0 0 0 0 0 0 0 0 0 
235 7 0 0 0 0 0 0 0 0 0 0 0 
236 7 0 0 0 0 0 0 0 0 0 0 0 
237 7 0 0 0 0 0 0 0 0 0 0 0 
238 7 0 0 0 0 0 0 0 0 0 0 0 
239 7 0 0 0 0 0 0 0 0 0 0 0 
240 7 0 0 0 0 0 0 0 0 0 0 0 
241 7 0 0 0 0 0 0 0 0 0 0 0 
242 7 0 0 0 0 0 0 0 0 0 0 0 
243 7 0 0 0 0 0 0 0 0 0 0 0 
244 7 0 0 0 0 0 0 0 0 0 0 0 
245 7 0 0 0 0 0 0 0 0 0 0 0 
246 7 0 0 0 0 0 0 0 0 0 0 0 
247 7 0 0 0 0 0 0 0 0 0 0 0 
248 7 0 0 0 0 0 0 0 0 0 0 0 
249 7 0 0 0 0 0 0 0 0 0 0 0 
250 7 0 0 0 0 0 0 0 0 0 0 0 
251 7 0 0 0 0 0 0 0 0 0 0 0 
252 7 0 0 0 0 0 0 0 0 0 0 0 
253 7 0 0 0 0 0 0 0 0 0 0 0 
254 7 0 0 0 0 0 0 0 0 0 0 0 
255 8 0 0 0 0 0 0 0 0 0 0 0 
256 8 0 0 0 0 0 0 0 0 0 0 0 
257 8 0 0 0 0 0 0 0 0 0 0 0 
258 8 0 0 0 0 0 0 0 0 0 0 0 
259 8 0 0 0 0 0 0 0 0 0 0 0 
260 8 0 0 0 0 0 0 0 0 0 0 0 
261 8 0 0 0 0 0 0 0 0 0 0 0 
262 8 0 0 0 0 0 0 0 0 0 0 0 
263 8 0 0 0 0 0 0 0 0 0 0 0 
264 8 0 0 0 0 0 0 0 0 0 0 0 
265 8 0 0 0 0 0 0 0 0 0 0 0 
266 8 0 0 0 0 0 0 0 0 0 0 0 
267 8 0 0 0 0 0 0 0 0 0 0 0 
268 8 0 0 0 0 0 0 0 0 0 0 0 
269 8 0 0 0 0 0 0 0 0 0 0 0 
270 8 0 0 0 0 0 0 0 0 0 0 0 
271 8 0 0 0 0 0 0 0 0 0 0 0 
272 8 0 0 0 0 0 0 0 0 0 0 0 
273 8 0 0 0 0 0 0 0 0 0 0 0 
274 8 0 0 0 0 0 0 0 0 0 0 0 
275 8 0 0 0 0 0 0 0 0 0 0 0 
276 8 0 0 0 0 0 0 0 0 0 0 0 
277 8 0 0 0 0 0 0 0 0 0 0 0 
278 8 0 0 0 0 0 0 0 0 0 0 0 
279 8 0 0 0 0 0 0 0 0 0 0 0 
280 8 0 0 0 0 0 0 0 0 0 0 0 
281 8 0 0 0 0 0 0 0 0 0 0 0 
282 8 0 0 0 0 0 0 0 0 0 0 0 
283 8 0 0 0 0 0 0 0 0 0 0 0 
284 8 0 0 0 0 0 0 0 0 0 0 0 
285 8 0 0 0 0 0 0 0 0 0 0 0 
286 8 0 0 0 0 0 0 0 0 0 0 0 
287 8 0 0 0 0 0 0 0 0 0 0 0 
288 8 0 0 0 0 0 0 0 0 0 0 0 
289 8 0 0 0 0 0 0 0 0 0 0 0 
290 8 0 0 0 0 0 0 0 0 0 0 0 
291 8 0 0 0 0 0 0 0 0 0 0 0 
292 8 0 0 0 0 0 0 0 0 0 0 0 
293 8 0 0 0 0 0 0 0 0 0 0 0 
294 8 0 0 0 0 0 0 0 0 0 0 0 
295 8 0 0 0 0 0 0 0 0 0 0 0 
296 8 0 0 0 0 0 0 0 0 0 0 0 
297 8 0 0 0 0 0 0 0 0 0 0 0 
298 8 0 0 0 0 0 0 0 0 0 0 0 
299 8 0 0 0 0 0 0 0 0 0 0 0 
300 8 0 0 0 0 0 0 0 0 0 0 0 
301 8 0 0 0 0 0 0 0 0 0 0 0 
302 8 0 0 0 0 0 0 0 0 0 0 0 
303 8 0 0 0 0 0 0 0 0 0 0 0 
304 8 0 0 0 0 0 0 0 0 0 0 0 
305 8 0 0 0 0 0 0 0 0 0 0 0 
306 8 0 0 0 0 0 0 0 0 0 0 0 
307 8 0 0 0 0 0 0 0 0 0 0 0 
308 8 0 0 0 0 0 0 0 0 0 0 0 
309 8 0 0 0 0 0 0 0 0 0 0 0 
310 8 0 0 0 0 0 0 0 0 0 0 0 
311 8 0 0 0 0 0 0 0 0 0 0 0 
312 8 0 0 0 0 0 0 0 0 0 0 0 
313 8 0 0 0 0 0 0 0 0 0 0 0 
314 8 0 0 0 0 0 0 0 0 0 0 0 
315 8 0 0 0 0 0 0 0 0 0 0 0 
316 8 0 0 0 0 0 0 0 0 0 0 0 
317 8 0 0 0 0 0 0 0 0 0 0 0 
318 8 0 0 0 0 0 0 0 0 0 0 0 
319 8 0 0 0 0 0 0 0 0 0 0 0 
320 8 0 0 0 0 0 0 0 0 0 0 0 
321 8 0 0 0 0 0 0 0 0 0 0 0 
322 8 0 0 0 0 0 0 0 0 0 0 0 
323 8 0 0 0 0 0 0 0 0 0 0 0 
324 8 0 0 0 0 0 0 0 0 0 0 0 
325 8 0 0 0 0 0 0 0 0 0 0 0 
326 8 0 0 0 0 0 0 0 0 0 0 0 
327 8 0 0 0 0 0 0 0 0 0 0 0 
328 8 0 0 0 0 0 0 0 0 0 0 0 
329 8 0 0 0 0 0 0 0 0 0 0 0 
330 8 0 0 0 0 0 0 0 0 0 0 0 
331 8 0 0 0 0 0 0 0 0 0 0 0 
332 8 0 0 0 0 0 0 0 0 0 0 0 
333 8 0 0 0 0 0 0 0 0 0 0 0 
334 8 0 0 0 0 0 0 0 0 0 0 0 
335 8 0 0 0 0 0 0 0 0 0 0 0 
336 8 0 0 0 0 0 0 0 0 0 0 0 
337 8 0 0 0 0 0 0 0 0 0 0 0 
338 8 0 0 0 0 0 0 0 0 0 0 0 
339 8 0 0 0 0 0 0 0 0 0 0 0 
340 8 0 0 0 0 0 0 0 0 0 0 0 
341 8 0 0 0 0 0 0 0 0 0 0 0 
342 8 0 0 0 0 0 0 0 0 0 0 0 
343 8 0 0 0 0 0 0 0 0 0 0 0 
344 8 0 0 0 0 0 0 0 0 0 0 0 
345 8 0 0 0 0 0 0 0 0 0 0 0 
346 8 0 0 0 0 0 0 0 0 0 0 0 
347 8 0 0 0 0 0 0 0 0 0 0 0 
348 8 0 0 0 0 0 0 0 0 0 0 0 
349 8 0 0 0 0 0 0 0 0 0 0 0 
350 8 0 0 0 0 0 0 0 0 0 0 0 
351 8 0 0 0 0 0 0 0 0 0 0 0 
352 8 0 0 0 0 0 0 0 0 0 0 0 
353 8 0 0 0 0 0 0 0 0 0 0 0 
354 8 0 0 0 0 0 0 0 0 0 0 0 
355 8 0 0 0 0 0 0 0 0 0 0 0 
356 8 0 0 0 0 0 0 0 0 0 0 0 
357 8 0 0 0 0 0 0 0 0 0 0 0 
358 8 0 0 0 0 0 0 0 0 0 0 0 
359 8 0 0 0 0 0 0 0 0 0 0 0 
360 8 0 0 0 0 0 0 0 0 0 0 0 
361 8 0 0 0 0 0 0 0 0 0 0 0 
362 8 0 0 0 0 0 0 0 0 0 0 0 
363 8 0 0 0 0 0 0 0 0 0 0 0 
364 8 0 0 0 0 0 0 0 0 0 0 0 
365 8 0 0 0 0 0 0 0 0 0 0 0 
366 8 0 0 0 0 0 0 0 0 0 0 0 
367 8 0 0 0 0 0 0 0 0 0 0 0 
368 8 0 0 0 0 0 0 0 0 0 0 0 
369 8 0 0 0 0 0 0 0 0 0 0 0 
370 8 0 0 0 0 0 0 0 0 0 0 0 
371 8 0 0 0 0 0 0 0 0 0 0 0 
372 8 0 0 0 0 0 0 0 0 0 0 0 
373 8 0 0 0 0 0 0 0 0 0 0 0 
374 8 0 0 0 0 0 0 0 0 0 0 0 
375 8 0 0 0 0 0 0 0 0 0 0 0 
376 8 0 0 0 0 0 0 0 0 0 0 0 
377 8 0 0 0 0 0 0 0 0 0 0 0 
378 8 0 0 0 0 0 0 0 0 0 0 0 
379 8 0 0 0 0 0 0 0 0 0 0 0 
380 8 0 0 0 0 0 0 0 0 0 0 0 
381 8 0 0 0 0 0 0 0 0 0 0 0 
382 8 0 0 0 0 0 0 0 0 0 0 0 
383 8 0 0 0 0 0 0 0 0 0 0 0 
384 8 0 0 0 0 0 0 0 0 0 0 0 
385 8 0 0 0 0 0 0 0 0 0 0 0 
386 8 0 0 0 0 0 0 0 0 0 0 0 
387 8 0 0 0 0 0 0 0 0 0 0 0 
388 8 0 0 0 0 0 0 0 0 0 0 0 
389 8 0 0 0 0 0 0 0 0 0 0 0 
390 8 0 0 0 0 0 0 0 0 0 0 0 
391 8 0 0 0 0 0 0 0 0 0 0 0 
392 8 0 0 0 0 0 0 0 0 0 0 0 
393 8 0 0 0 0 0 0 0 0 0 0 0 
394 8 0 0 0 0 0 0 0 0 0 0 0 
395 8 0 0 0 0 0 0 0 0 0 0 0 
396 8 0 0 0 0 0 0 0 0 0 0 0 
397 8 0 0 0 0 0 0 0 0 0 0 0 
398 8 0 0 0 0 0 0 0 0 0 0 0 
399 8 0 0 0 0 0 0 0 0 0 0 0 
400 8 0 0 0 0 0 0 0 0 0 0 0 
401 8 0 0 0 0 0 0 0 0 0 0 0 
402 8 0 0 0 0 0 0 0 0 0 0 0 
403 8 0 0 0 0 0 0 0 0 0 0 0 
404 8 0 0 0 0 0 0 0 0 0 0 0 
405 8 0 0 0 0 0 0 0 0 0 0 0 
406 8 0 0 0 0 0 0 0 0 0 0 0 
407 8 0 0 0 0 0 0 0 0 0 0 0 
408 8 0 0 0 0 0 0 0 0 0 0 0 
409 8 0 0 0 0 0 0 0 0 0 0 0 
410 8 0 0 0 0 0 0 0 0 0 0 0 
411 8 0 0 0 0 0 0 0 0 0 0 0 
412 8 0 0 0 0 0 0 0 0 0 0 0 
413 8 0 0 0 0 0 0 0 0 0 0 0 
414 8 0 0 0 0 0 0 0 0 0 0 0 
415 8 0 0 0 0 0 0 0 0 0 0 0 
416 8 0 0 0 0 0 0 0 0 0 0 0 
417 8 0 0 0 0 0 0 0 0 0 0 0 
418 8 0 0 0 0 0 0 0 0 0 0 0 
419 8 3 0 0 0 0 0 0 0 0 0 0 
420 8 4 0 0 0 0 0 0 0 0 0 0 
421 8 0 0 0 0 0 0 0 0 0 0 0 
422 8 0 0 0 0 0 0 0 0 0 0 0 
423 8 0 0 0 0 0 0 0 0 0 0 0 
424 8 0 0 0 0 0 0 0 0 0 0 0 
425 8 7 0 0 0 0 0 0 0 0 0 0 
426 8 8 0 0 0 0 0 0 0 0 0 0 
427 8 9 0 0 0 0 0 0 0 0 0 0 
428 8 -1 189 4 36 -1 -1 -1 -1 -1 3 1929 
429 8 -1 221 3 22 -1 -1 -1 -1 -1 0 -6 
430 8 -1 159 1 28 -1 -1 -1 -1 -1 2 11 
431 8 0 0 0 0 0 0 0 0 0 0 0 
432 8 0 0 0 0 0 0 0 0 0 0 0 
433 8 -1 6 2 30 -1 -1 -1 -1 -1 1 434 
434 8 -1 191 2 12 -1 -1 -1 -1 -1 3 319 
435 8 0 0 0 0 0 0 0 0 0 0 0 
436 8 0 0 0 0 0 0 0 0 0 0 0 
437 8 0 0 0 0 0 0 0 0 0 0 0 
438 8 0 0 0 0 0 0 0 0 0 0 0 
439 8 0 0 0 0 0 0 0 0 0 0 0 
440 8 0 0 0 0 0 0 0 0 0 0 0 
441 8 0 0 0 0 0 0 0 0 0 0 0 
442 8 0 0 0 0 0 0 0 0 0 0 0 
443 8 0 0 0 0 0 0 0 0 0 0 0 
444 8 0 0 0 0 0 0 0 0 0 0 0 
445 8 0 0 0 0 0 0 0 0 0 0 0 
446 8 0 0 0 0 0 0 0 0 0 0 0 
447 8 0 0 0 0 0 0 0 0 0 0 0 
448 8 0 0 0 0 0 0 0 0 0 0 0 
449 8 0 0 0 0 0 0 0 0 0 0 0 
450 8 0 0 0 0 0 0 0 0 0 0 0 
451 8 0 0 0 0 0 0 0 0 0 0 0 
452 8 0 0 0 0 0 0 0 0 0 0 0 
453 8 0 0 0 0 0 0 0 0 0 0 0 
454 8 0 0 0 0 0 0 0 0 0 0 0 
455 8 0 0 0 0 0 0 0 0 0 0 0 
456 8 0 0 0 0 0 0 0 0 0 0 0 
457 8 -1 170 2 17 -1 -1 -1 -1 -1 1 4913 
458 8 35 0 0 0 0 0 0 0 0 0 0 
459 8 0 0 0 0 0 0 0 0 0 0 0 
460 8 0 0 0 0 0 0 0 0 0 0 0 
461 8 0 0 0 0 0 0 0 0 0 0 0 
462 8 0 0 0 0 0 0 0 0 0 0 0 
463 8 0 0 0 0 0 0 0 0 0 0 0 
464 8 0 0 0 0 0 0 0 0 0 0 0 
465 8 0 0 0 0 0 0 0 0 0 0 0 
466 8 0 0 0 0 0 0 0 0 0 0 0 
467 8 0 0 0 0 0 0 0 0 0 0 0 
468 8 0 0 0 0 0 0 0 0 0 0 0 
469 8 0 0 0 0 0 0 0 0 0 0 0 
470 8 0 0 0 0 0 0 0 0 0 0 0 
471 8 0 0 0 0 0 0 0 0 0 0 0 
472 8 0 0 0 0 0 0 0 0 0 0 0 
473 8 0 0 0 0 0 0 0 0 0 0 0 
474 8 0 0 0 0 0 0 0 0 0 0 0 
475 8 0 0 0 0 0 0 0 0 0 0 0 
476 8 0 0 0 0 0 0 0 0 0 0 0 
477 8 0 0 0 0 0 0 0 0 0 0 0 
478 8 0 0 0 0 0 0 0 0 0 0 0 
479 8 0 0 0 0 0 0 0 0 0 0 0 
480 8 0 0 0 0 0 0 0 0 0 0 0 
481 8 0 0 0 0 0 0 0 0 0 0 0 
482 8 0 0 0 0 0 0 0 0 0 0 0 
483 8 0 0 0 0 0 0 0 0 0 0 0 
484 8 0 0 0 0 0 0 0 0 0 0 0 
485 8 0 0 0 0 0 0 0 0 0 0 0 
486 8 0 0 0 0 0 0 0 0 0 0 0 
487 8 0 0 0 0 0 0 0 0 0 0 0 
488 8 0 0 0 0 0 0 0 0 0 0 0 
489 8 0 0 0 0 0 0 0 0 0 0 0 
490 8 0 0 0 0 0 0 0 0 0 0 0 
491 8 0 0 0 0 0 0 0 0 0 0 0 
492 8 0 0 0 0 0 0 0 0 0 0 0 
493 8 0 0 0 0 0 0 0 0 0 0 0 
494 8 0 0 0 0 0 0 0 0 0 0 0 
495 8 0 0 0 0 0 0 0 0 0 0 0 
496 8 0 0 0 0 0 0 0 0 0 0 0 
497 8 0 0 0 0 0 0 0 0 0 0 0 
498 8 0 0 0 0 0 0 0 0 0 0 0 
499 8 0 0 0 0 0 0 0 0 0 0 0 
500 8 0 0 0 0 0 0 0 0 0 0 0 
501 8 0 0 0 0 0 0 0 0 0 0 0 
502 8 0 0 0 0 0 0 0 0 0 0 0 
503 8 0 0 0 0 0 0 0 0 0 0 0 
504 8 0 0 0 0 0 0 0 0 0 0 0 
505 8 0 0 0 0 0 0 0 0 0 0 0 
506 8 0 0 0 0 0 0 0 0 0 0 0 
507 8 0 0 0 0 0 0 0 0 0 0 0 
508 8 0 0 0 0 0 0 0 0 0 0 0 
509 8 0 0 0 0 0 0 0 0 0 0 0 
510 8 0 0 0 0 0 0 0 0 0 0 0 
511 9 0 0 0 0 0 0 0 0 0 0 0 
512 9 0 0 0 0 0 0 0 0 0 0 0 
513 9 0 0 0 0 0 0 0 0 0 0 0 
514 9 0 0 0 0 0 0 0 0 0 0 0 
515 9 0 0 0 0 0 0 0 0 0 0 0 
516 9 0 0 0 0 0 0 0 0 0 0 0 
517 9 0 0 0 0 0 0 0 0 0 0 0 
518 9 0 0 0 0 0 0 0 0 0 0 0 
519 9 0 0 0 0 0 0 0 0 0 0 0 
520 9 0 0 0 0 0 0 0 0 0 0 0 
521 9 0 0 0 0 0 0 0 0 0 0 0 
522 9 0 0 0 0 0 0 0 0 0 0 0 
523 9 0 0 0 0 0 0 0 0 0 0 0 
524 9 0 0 0 0 0 0 0 0 0 0 0 
525 9 0 0 0 0 0 0 0 0 0 0 0 
526 9 0 0 0 0 0 0 0 0 0 0 0 
527 9 0 0 0 0 0 0 0 0 0 0 0 
528 9 0 0 0 0 0 0 0 0 0 0 0 
529 9 0 0 0 0 0 0 0 0 0 0 0 
530 9 0 0 0 0 0 0 0 0 0 0 0 
531 9 0 0 0 0 0 0 0 0 0 0 0 
532 9 0 0 0 0 0 0 0 0 0 0 0 
533 9 0 0 0 0 0 0 0 0 0 0 0 
534 9 0 0 0 0 0 0 0 0 0 0 0 
535 9 0 0 0 0 0 0 0 0 0 0 0 
536 9 0 0 0 0 0 0 0 0 0 0 0 
537 9 0 0 0 0 0 0 0 0 0 0 0 
538 9 0 0 0 0 0 0 0 0 0 0 0 
539 9 0 0 0 0 0 0 0 0 0 0 0 
540 9 0 0 0 0 0 0 0 0 0 0 0 
541 9 0 0 0 0 0 0 0 0 0 0 0 
542 9 0 0 0 0 0 0 0 0 0 0 0 
543 9 0 0 0 0 0 0 0 0 0 0 0 
544 9 0 0 0 0 0 0 0 0 0 0 0 
545 9 0 0 0 0 0 0 0 0 0 0 0 
546 9 0 0 0 0 0 0 0 0 0 0 0 
547 9 0 0 0 0 0 0 0 0 0 0 0 
548 9 0 0 0 0 0 0 0 0 0 0 0 
549 9 0 0 0 0 0 0 0 0 0 0 0 
550 9 0 0 0 0 0 0 0 0 0 0 0 
551 9 0 0 0 0 0 0 0 0 0 0 0 
552 9 0 0 0 0 0 0 0 0 0 0 0 
553 9 0 0 0 0 0 0 0 0 0 0 0 
554 9 0 0 0 0 0 0 0 0 0 0 0 
555 9 0 0 0 0 0 0 0 0 0 0 0 
556 9 0 0 0 0 0 0 0 0 0 0 0 
557 9 0 0 0 0 0 0 0 0 0 0 0 
558 9 0 0 0 0 0 0 0 0 0 0 0 
559 9 0 0 0 0 0 0 0 0 0 0 0 
560 9 0 0 0 0 0 0 0 0 0 0 0 
561 9 0 0 0 0 0 0 0 0 0 0 0 
562 9 0 0 0 0 0 0 0 0 0 0 0 
563 9 0 0 0 0 0 0 0 0 0 0 0 
564 9 0 0 0 0 0 0 0 0 0 0 0 
565 9 0 0 0 0 0 0 0 0 0 0 0 
566 9 0 0 0 0 0 0 0 0 0 0 0 
567 9 0 0 0 0 0 0 0 0 0 0 0 
568 9 0 0 0 0 0 0 0 0 0 0 0 
569 9 0 0 0 0 0 0 0 0 0 0 0 
570 9 0 0 0 0 0 0 0 0 0 0 0 
571 9 0 0 0 0 0 0 0 0 0 0 0 
572 9 0 0 0 0 0 0 0 0 0 0 0 
573 9 0 0 0 0 0 0 0 0 0 0 0 
574 9 0 0 0 0 0 0 0 0 0 0 0 
575 9 0 0 0 0 0 0 0 0 0 0 0 
576 9 0 0 0 0 0 0 0 0 0 0 0 
577 9 0 0 0 0 0 0 0 0 0 0 0 
578 9 0 0 0 0 0 0 0 0 0 0 0 
579 9 0 0 0 0 0 0 0 0 0 0 0 
580 9 0 0 0 0 0 0 0 0 0 0 0 
581 9 0 0 0 0 0 0 0 0 0 0 0 
582 9 0 0 0 0 0 0 0 0 0 0 0 
583 9 0 0 0 0 0 0 0 0 0 0 0 
584 9 0 0 0 0 0 0 0 0 0 0 0 
585 9 0 0 0 0 0 0 0 0 0 0 0 
586 9 0 0 0 0 0 0 0 0 0 0 0 
587 9 0 0 0 0 0 0 0 0 0 0 0 
588 9 0 0 0 0 0 0 0 0 0 0 0 
589 9 0 0 0 0 0 0 0 0 0 0 0 
590 9 0 0 0 0 0 0 0 0 0 0 0 
591 9 0 0 0 0 0 0 0 0 0 0 0 
592 9 0 0 0 0 0 0 0 0 0 0 0 
593 9 0 0 0 0 0 0 0 0 0 0 0 
594 9 0 0 0 0 0 0 0 0 0 0 0 
595 9 0 0 0 0 0 0 0 0 0 0 0 
596 9 0 0 0 0 0 0 0 0 0 0 0 
597 9 0 0 0 0 0 0 0 0 0 0 0 
598 9 0 0 0 0 0 0 0 0 0 0 0 
599 9 0 0 0 0 0 0 0 0 0 0 0 
600 9 0 0 0 0 0 0 0 0 0 0 0 
601 9 0 0 0 0 0 0 0 0 0 0 0 
602 9 0 0 0 0 0 0 0 0 0 0 0 
603 9 0 0 0 0 0 0 0 0 0 0 0 
604 9 0 0 0 0 0 0 0 0 0 0 0 
605 9 0 0 0 0 0 0 0 0 0 0 0 
606 9 0 0 0 0 0 0 0 0 0 0 0 
607 9 0 0 0 0 0 0 0 0 0 0 0 
608 9 0 0 0 0 0 0 0 0 0 0 0 
609 9 0 0 0 0 0 0 0 0 0 0 0 
610 9 0 0 0 0 0 0 0 0 0 0 0 
611 9 0 0 0 0 0 0 0 0 0 0 0 
612 9 0 0 0 0 0 0 0 0 0 0 0 
613 9 0 0 0 0 0 0 0 0 0 0 0 
614 9 0 0 0 0 0 0 0 0 0 0 0 
615 9 0 0 0 0 0 0 0 0 0 0 0 
616 9 0 0 0 0 0 0 0 0 0 0 0 
617 9 0 0 0 0 0 0 0 0 0 0 0 
618 9 0 0 0 0 0 0 0 0 0 0 0 
619 9 0 0 0 0 0 0 0 0 0 0 0 
620 9 0 0 0 0 0 0 0 0 0 0 0 
621 9 0 0 0 0 0 0 0 0 0 0 0 
622 9 0 0 0 0 0 0 0 0 0 0 0 
623 9 0 0 0 0 0 0 0 0 0 0 0 
624 9 0 0 0 0 0 0 0 0 0 0 0 
625 9 0 0 0 0 0 0 0 0 0 0 0 
626 9 0 0 0 0 0 0 0 0 0 0 0 
627 9 0 0 0 0 0 0 0 0 0 0 0 
628 9 0 0 0 0 0 0 0 0 0 0 0 
629 9 0 0 0 0 0 0 0 0 0 0 0 
630 9 0 0 0 0 0 0 0 0 0 0 0 
631 9 0 0 0 0 0 0 0 0 0 0 0 
632 9 0 0 0 0 0 0 0 0 0 0 0 
633 9 0 0 0 0 0 0 0 0 0 0 0 
634 9 0 0 0 0 0 0 0 0 0 0 0 
635 9 0 0 0 0 0 0 0 0 0 0 0 
636 9 0 0 0 0 0 0 0 0 0 0 0 
637 9 0 0 0 0 0 0 0 0 0 0 0 
638 9 0 0 0 0 0 0 0 0 0 0 0 
639 9 0 0 0 0 0 0 0 0 0 0 0 
640 9 0 0 0 0 0 0 0 0 0 0 0 
641 9 0 0 0 0 0 0 0 0 0 0 0 
642 9 0 0 0 0 0 0 0 0 0 0 0 
643 9 0 0 0 0 0 0 0 0 0 0 0 
644 9 0 0 0 0 0 0 0 0 0 0 0 
645 9 0 0 0 0 0 0 0 0 0 0 0 
646 9 0 0 0 0 0 0 0 0 0 0 0 
647 9 0 0 0 0 0 0 0 0 0 0 0 
648 9 0 0 0 0 0 0 0 0 0 0 0 
649 9 0 0 0 0 0 0 0 0 0 0 0 
650 9 0 0 0 0 0 0 0 0 0 0 0 
651 9 0 0 0 0 0 0 0 0 0 0 0 
652 9 0 0 0 0 0 0 0 0 0 0 0 
653 9 0 0 0 0 0 0 0 0 0 0 0 
654 9 0 0 0 0 0 0 0 0 0 0 0 
655 9 0 0 0 0 0 0 0 0 0 0 0 
656 9 0 0 0 0 0 0 0 0 0 0 0 
657 9 0 0 0 0 0 0 0 0 0 0 0 
658 9 0 0 0 0 0 0 0 0 0 0 0 
659 9 0 0 0 0 0 0 0 0 0 0 0 
660 9 0 0 0 0 0 0 0 0 0 0 0 
661 9 0 0 0 0 0 0 0 0 0 0 0 
662 9 0 0 0 0 0 0 0 0 0 0 0 
663 9 0 0 0 0 0 0 0 0 0 0 0 
664 9 0 0 0 0 0 0 0 0 0 0 0 
665 9 0 0 0 0 0 0 0 0 0 0 0 
666 9 0 0 0 0 0 0 0 0 0 0 0 
667 9 0 0 0 0 0 0 0 0 0 0 0 
668 9 0 0 0 0 0 0 0 0 0 0 0 
669 9 0 0 0 0 0 0 0 0 0 0 0 
670 9 0 0 0 0 0 0 0 0 0 0 0 
671 9 0 0 0 0 0 0 0 0 0 0 0 
672 9 0 0 0 0 0 0 0 0 0 0 0 
673 9 0 0 0 0 0 0 0 0 0 0 0 
674 9 0 0 0 0 0 0 0 0 0 0 0 
675 9 0 0 0 0 0 0 0 0 0 0 0 
676 9 0 0 0 0 0 0 0 0 0 0 0 
677 9 0 0 0 0 0 0 0 0 0 0 0 
678 9 0 0 0 0 0 0 0 0 0 0 0 
679 9 0 0 0 0 0 0 0 0 0 0 0 
680 9 0 0 0 0 0 0 0 0 0 0 0 
681 9 0 0 0 0 0 0 0 0 0 0 0 
682 9 0 0 0 0 0 0 0 0 0 0 0 
683 9 0 0 0 0 0 0 0 0 0 0 0 
684 9 0 0 0 0 0 0 0 0 0 0 0 
685 9 0 0 0 0 0 0 0 0 0 0 0 
686 9 0 0 0 0 0 0 0 0 0 0 0 
687 9 0 0 0 0 0 0 0 0 0 0 0 
688 9 0 0 0 0 0 0 0 0 0 0 0 
689 9 0 0 0 0 0 0 0 0 0 0 0 
690 9 0 0 0 0 0 0 0 0 0 0 0 
691 9 0 0 0 0 0 0 0 0 0 0 0 
692 9 0 0 0 0 0 0 0 0 0 0 0 
693 9 0 0 0 0 0 0 0 0 0 0 0 
694 9 0 0 0 0 0 0 0 0 0 0 0 
695 9 0 0 0 0 0 0 0 0 0 0 0 
696 9 0 0 0 0 0 0 0 0 0 0 0 
697 9 0 0 0 0 0 0 0 0 0 0 0 
698 9 0 0 0 0 0 0 0 0 0 0 0 
699 9 0 0 0 0 0 0 0 0 0 0 0 
700 9 0 0 0 0 0 0 0 0 0 0 0 
701 9 0 0 0 0 0 0 0 0 0 0 0 
702 9 0 0 0 0 0 0 0 0 0 0 0 
703 9 0 0 0 0 0 0 0 0 0 0 0 
704 9 0 0 0 0 0 0 0 0 0 0 0 
705 9 0 0 0 0 0 0 0 0 0 0 0 
706 9 0 0 0 0 0 0 0 0 0 0 0 
707 9 0 0 0 0 0 0 0 0 0 0 0 
708 9 0 0 0 0 0 0 0 0 0 0 0 
709 9 0 0 0 0 0 0 0 0 0 0 0 
710 9 0 0 0 0 0 0 0 0 0 0 0 
711 9 0 0 0 0 0 0 0 0 0 0 0 
712 9 0 0 0 0 0 0 0 0 0 0 0 
713 9 0 0 0 0 0 0 0 0 0 0 0 
714 9 0 0 0 0 0 0 0 0 0 0 0 
715 9 0 0 0 0 0 0 0 0 0 0 0 
716 9 0 0 0 0 0 0 0 0 0 0 0 
717 9 0 0 0 0 0 0 0 0 0 0 0 
718 9 0 0 0 0 0 0 0 0 0 0 0 
719 9 0 0 0 0 0 0 0 0 0 0 0 
720 9 0 0 0 0 0 0 0 0 0 0 0 
721 9 0 0 0 0 0 0 0 0 0 0 0 
722 9 0 0 0 0 0 0 0 0 0 0 0 
723 9 0 0 0 0 0 0 0 0 0 0 0 
724 9 0 0 0 0 0 0 0 0 0 0 0 
725 9 0 0 0 0 0 0 0 0 0 0 0 
726 9 0 0 0 0 0 0 0 0 0 0 0 
727 9 0 0 0 0 0 0 0 0 0 0 0 
728 9 0 0 0 0 0 0 0 0 0 0 0 
729 9 0 0 0 0 0 0 0 0 0 0 0 
730 9 0 0 0 0 0 0 0 0 0 0 0 
731 9 0 0 0 0 0 0 0 0 0 0 0 
732 9 0 0 0 0 0 0 0 0 0 0 0 
733 9 0 0 0 0 0 0 0 0 0 0 0 
734 9 0 0 0 0 0 0 0 0 0 0 0 
735 9 0 0 0 0 0 0 0 0 0 0 0 
736 9 0 0 0 0 0 0 0 0 0 0 0 
737 9 0 0 0 0 0 0 0 0 0 0 0 
738 9 0 0 0 0 0 0 0 0 0 0 0 
739 9 0 0 0 0 0 0 0 0 0 0 0 
740 9 0 0 0 0 0 0 0 0 0 0 0 
741 9 0 0 0 0 0 0 0 0 0 0 0 
742 9 0 0 0 0 0 0 0 0 0 0 0 
743 9 0 0 0 0 0 0 0 0 0 0 0 
744 9 0 0 0 0 0 0 0 0 0 0 0 
745 9 0 0 0 0 0 0 0 0 0 0 0 
746 9 0 0 0 0 0 0 0 0 0 0 0 
747 9 0 0 0 0 0 0 0 0 0 0 0 
748 9 0 0 0 0 0 0 0 0 0 0 0 
749 9 0 0 0 0 0 0 0 0 0 0 0 
750 9 0 0 0 0 0 0 0 0 0 0 0 
751 9 0 0 0 0 0 0 0 0 0 0 0 
752 9 0 0 0 0 0 0 0 0 0 0 0 
753 9 0 0 0 0 0 0 0 0 0 0 0 
754 9 0 0 0 0 0 0 0 0 0 0 0 
755 9 0 0 0 0 0 0 0 0 0 0 0 
756 9 0 0 0 0 0 0 0 0 0 0 0 
757 9 0 0 0 0 0 0 0 0 0 0 0 
758 9 0 0 0 0 0 0 0 0 0 0 0 
759 9 0 0 0 0 0 0 0 0 0 0 0 
760 9 0 0 0 0 0 0 0 0 0 0 0 
761 9 0 0 0 0 0 0 0 0 0 0 0 
762 9 0 0 0 0 0 0 0 0 0 0 0 
763 9 0 0 0 0 0 0 0 0 0 0 0 
764 9 0 0 0 0 0 0 0 0 0 0 0 
765 9 0 0 0 0 0 0 0 0 0 0 0 
766 9 0 0 0 0 0 0 0 0 0 0 0 
767 9 0 0 0 0 0 0 0 0 0 0 0 
768 9 0 0 0 0 0 0 0 0 0 0 0 
769 9 0 0 0 0 0 0 0 0 0 0 0 
770 9 0 0 0 0 0 0 0 0 0 0 0 
771 9 0 0 0 0 0 0 0 0 0 0 0 
772 9 0 0 0 0 0 0 0 0 0 0 0 
773 9 0 0 0 0 0 0 0 0 0 0 0 
774 9 0 0 0 0 0 0 0 0 0 0 0 
775 9 0 0 0 0 0 0 0 0 0 0 0 
776 9 0 0 0 0 0 0 0 0 0 0 0 
777 9 0 0 0 0 0 0 0 0 0 0 0 
778 9 0 0 0 0 0 0 0 0 0 0 0 
779 9 0 0 0 0 0 0 0 0 0 0 0 
780 9 0 0 0 0 0 0 0 0 0 0 0 
781 9 0 0 0 0 0 0 0 0 0 0 0 
782 9 0 0 0 0 0 0 0 0 0 0 0 
783 9 0 0 0 0 0 0 0 0 0 0 0 
784 9 0 0 0 0 0 0 0 0 0 0 0 
785 9 0 0 0 0 0 0 0 0 0 0 0 
786 9 0 0 0 0 0 0 0 0 0 0 0 
787 9 0 0 0 0 0 0 0 0 0 0 0 
788 9 0 0 0 0 0 0 0 0 0 0 0 
789 9 0 0 0 0 0 0 0 0 0 0 0 
790 9 0 0 0 0 0 0 0 0 0 0 0 
791 9 0 0 0 0 0 0 0 0 0 0 0 
792 9 0 0 0 0 0 0 0 0 0 0 0 
793 9 0 0 0 0 0 0 0 0 0 0 0 
794 9 0 0 0 0 0 0 0 0 0 0 0 
795 9 0 0 0 0 0 0 0 0 0 0 0 
796 9 0 0 0 0 0 0 0 0 0 0 0 
797 9 0 0 0 0 0 0 0 0 0 0 0 
798 9 0 0 0 0 0 0 0 0 0 0 0 
799 9 0 0 0 0 0 0 0 0 0 0 0 
800 9 0 0 0 0 0 0 0 0 0 0 0 
801 9 0 0 0 0 0 0 0 0 0 0 0 
802 9 0 0 0 0 0 0 0 0 0 0 0 
803 9 0 0 0 0 0 0 0 0 0 0 0 
804 9 0 0 0 0 0 0 0 0 0 0 0 
805 9 0 0 0 0 0 0 0 0 0 0 0 
806 9 0 0 0 0 0 0 0 0 0 0 0 
807 9 0 0 0 0 0 0 0 0 0 0 0 
808 9 0 0 0 0 0 0 0 0 0 0 0 
809 9 0 0 0 0 0 0 0 0 0 0 0 
810 9 0 0 0 0 0 0 0 0 0 0 0 
811 9 0 0 0 0 0 0 0 0 0 0 0 
812 9 0 0 0 0 0 0 0 0 0 0 0 
813 9 0 0 0 0 0 0 0 0 0 0 0 
814 9 0 0 0 0 0 0 0 0 0 0 0 
815 9 0 0 0 0 0 0 0 0 0 0 0 
816 9 0 0 0 0 0 0 0 0 0 0 0 
817 9 0 0 0 0 0 0 0 0 0 0 0 
818 9 0 0 0 0 0 0 0 0 0 0 0 
819 9 0 0 0 0 0 0 0 0 0 0 0 
820 9 0 0 0 0 0 0 0 0 0 0 0 
821 9 0 0 0 0 0 0 0 0 0 0 0 
822 9 0 0 0 0 0 0 0 0 0 0 0 
823 9 0 0 0 0 0 0 0 0 0 0 0 
824 9 0 0 0 0 0 0 0 0 0 0 0 
825 9 0 0 0 0 0 0 0 0 0 0 0 
826 9 0 0 0 0 0 0 0 0 0 0 0 
827 9 0 0 0 0 0 0 0 0 0 0 0 
828 9 0 0 0 0 0 0 0 0 0 0 0 
829 9 0 0 0 0 0 0 0 0 0 0 0 
830 9 0 0 0 0 0 0 0 0 0 0 0 
831 9 0 0 0 0 0 0 0 0 0 0 0 
832 9 0 0 0 0 0 0 0 0 0 0 0 
833 9 0 0 0 0 0 0 0 0 0 0 0 
834 9 0 0 0 0 0 0 0 0 0 0 0 
835 9 0 0 0 0 0 0 0 0 0 0 0 
836 9 0 0 0 0 0 0 0 0 0 0 0 
837 9 0 0 0 0 0 0 0 0 0 0 0 
838 9 0 0 0 0 0 0 0 0 0 0 0 
839 9 0 0 0 0 0 0 0 0 0 0 0 
840 9 0 0 0 0 0 0 0 0 0 0 0 
841 9 0 0 0 0 0 0 0 0 0 0 0 
842 9 0 0 0 0 0 0 0 0 0 0 0 
843 9 0 0 0 0 0 0 0 0 0 0 0 
844 9 0 0 0 0 0 0 0 0 0 0 0 
845 9 0 0 0 0 0 0 0 0 0 0 0 
846 9 0 0 0 0 0 0 0 0 0 0 0 
847 9 0 0 0 0 0 0 0 0 0 0 0 
848 9 0 0 0 0 0 0 0 0 0 0 0 
849 9 0 0 0 0 0 0 0 0 0 0 0 
850 9 0 0 0 0 0 0 0 0 0 0 0 
851 9 0 0 0 0 0 0 0 0 0 0 0 
852 9 0 0 0 0 0 0 0 0 0 0 0 
853 9 0 0 0 0 0 0 0 0 0 0 0 
854 9 0 0 0 0 0 0 0 0 0 0 0 
855 9 0 0 0 0 0 0 0 0 0 0 0 
856 9 0 0 0 0 0 0 0 0 0 0 0 
857 9 10 0 0 0 0 0 0 0 0 0 0 
858 9 -1 157 3 11 -1 -1 -1 -1 -1 2 61 
859 9 -1 150 4 19 -1 -1 -1 -1 -1 2 10101 
860 9 -1 111 4 30 -1 -1 -1 -1 -1 3 2380 
861 9 -1 247 2 16 -1 -1 -1 -1 -1 1 1467 
862 9 19 0 0 0 0 0 0 0 0 0 0 
863 9 0 0 0 0 0 0 0 0 0 0 0 
864 9 0 0 0 0 0 0 0 0 0 0 0 
865 9 0 0 0 0 0 0 0 0 0 0 0 
866 9 0 0 0 0 0 0 0 0 0 0 0 
867 9 -1 283 2 11 -1 -1 -1 -1 -1 0 1204 
868 9 -1 96 4 33 -1 -1 -1 -1 -1 0 7543 
869 9 25 0 0 0 0 0 0 0 0 0 0 
870 9 -1 190 3 28 -1 -1 -1 -1 -1 0 6 
871 9 0 0 0 0 0 0 0 0 0 0 0 
872 9 0 0 0 0 0 0 0 0 0 0 0 
873 9 0 0 0 0 0 0 0 0 0 0 0 
874 9 0 0 0 0 0 0 0 0 0 0 0 
875 9 0 0 0 0 0 0 0 0 0 0 0 
876 9 0 0 0 0 0 0 0 0 0 0 0 
877 9 0 0 0 0 0 0 0 0 0 0 0 
878 9 0 0 0 0 0 0 0 0 0 0 0 
879 9 0 0 0 0 0 0 0 0 0 0 0 
880 9 0 0 0 0 0 0 0 0 0 0 0 
881 9 0 0 0 0 0 0 0 0 0 0 0 
882 9 0 0 0 0 0 0 0 0 0 0 0 
883 9 0 0 0 0 0 0 0 0 0 0 0 
884 9 0 0 0 0 0 0 0 0 0 0 0 
885 9 0 0 0 0 0 0 0 0 0 0 0 
886 9 0 0 0 0 0 0 0 0 0 0 0 
887 9 0 0 0 0 0 0 0 0 0 0 0 
888 9 0 0 0 0 0 0 0 0 0 0 0 
889 9 0 0 0 0 0 0 0 0 0 0 0 
890 9 0 0 0 0 0 0 0 0 0 0 0 
891 9 0 0 0 0 0 0 0 0 0 0 0 
892 9 0 0 0 0 0 0 0 0 0 0 0 
893 9 0 0 0 0 0 0 0 0 0 0 0 
894 9 0 0 0 0 0 0 0 0 0 0 0 
895 9 0 0 0 0 0 0 0 0 0 0 0 
896 9 0 0 0 0 0 0 0 0 0 0 0 
897 9 0 0 0 0 0 0 0 0 0 0 0 
898 9 0 0 0 0 0 0 0 0 0 0 0 
899 9 0 0 0 0 0 0 0 0 0 0 0 
900 9 0 0 0 0 0 0 0 0 0 0 0 
901 9 0 0 0 0 0 0 0 0 0 0 0 
902 9 0 0 0 0 0 0 0 0 0 0 0 
903 9 0 0 0 0 0 0 0 0 0 0 0 
904 9 0 0 0 0 0 0 0 0 0 0 0 
905 9 0 0 0 0 0 0 0 0 0 0 0 
906 9 0 0 0 0 0 0 0 0 0 0 0 
907 9 0 0 0 0 0 0 0 0 0 0 0 
908 9 0 0 0 0 0 0 0 0 0 0 0 
909 9 0 0 0 0 0 0 0 0 0 0 0 
910 9 0 0 0 0 0 0 0 0 0 0 0 
911 9 0 0 0 0 0 0 0 0 0 0 0 
912 9 0 0 0 0 0 0 0 0 0 0 0 
913 9 0 0 0 0 0 0 0 0 0 0 0 
914 9 0 0 0 0 0 0 0 0 0 0 0 
915 9 32 0 0 0 0 0 0 0 0 0 0 
916 9 -1 216 0 24 -1 -1 -1 -1 -1 1 -29 
917 9 0 0 0 0 0 0 0 0 0 0 0 
918 9 0 0 0 0 0 0 0 0 0 0 0 
919 9 0 0 0 0 0 0 0 0 0 0 0 
920 9 0 0 0 0 0 0 0 0 0 0 0 
921 9 0 0 0 0 0 0 0 0 0 0 0 
922 9 0 0 0 0 0 0 0 0 0 0 0 
923 9 0 0 0 0 0 0 0 0 0 0 0 
924 9 0 0 0 0 0 0 0 0 0 0 0 
925 9 0 0 0 0 0 0 0 0 0 0 0 
926 9 0 0 0 0 0 0 0 0 0 0 0 
927 9 0 0 0 0 0 0 0 0 0 0 0 
928 9 0 0 0 0 0 0 0 0 0 0 0 
929 9 0 0 0 0 0 0 0 0 0 0 0 
930 9 0 0 0 0 0 0 0 0 0 0 0 
931 9 0 0 0 0 0 0 0 0 0 0 0 
932 9 0 0 0 0 0 0 0 0 0 0 0 
933 9 0 0 0 0 0 0 0 0 0 0 0 
934 9 0 0 0 0 0 0 0 0 0 0 0 
935 9 0 0 0 0 0 0 0 0 0 0 0 
936 9 0 0 0 0 0 0 0 0 0 0 0 
937 9 0 0 0 0 0 0 0 0 0 0 0 
938 9 0 0 0 0 0 0 0 0 0 0 0 
939 9 0 0 0 0 0 0 0 0 0 0 0 
940 9 0 0 0 0 0 0 0 0 0 0 0 
941 9 0 0 0 0 0 0 0 0 0 0 0 
942 9 0 0 0 0 0 0 0 0 0 0 0 
943 9 0 0 0 0 0 0 0 0 0 0 0 
944 9 0 0 0 0 0 0 0 0 0 0 0 
945 9 0 0 0 0 0 0 0 0 0 0 0 
946 9 0 0 0 0 0 0 0 0 0 0 0 
947 9 0 0 0 0 0 0 0 0 0 0 0 
948 9 0 0 0 0 0 0 0 0 0 0 0 
949 9 0 0 0 0 0 0 0 0 0 0 0 
950 9 0 0 0 0 0 0 0 0 0 0 0 
951 9 0 0 0 0 0 0 0 0 0 0 0 
952 9 0 0 0 0 0 0 0 0 0 0 0 
953 9 0 0 0 0 0 0 0 0 0 0 0 
954 9 0 0 0 0 0 0 0 0 0 0 0 
955 9 0 0 0 0 0 0 0 0 0 0 0 
956 9 0 0 0 0 0 0 0 0 0 0 0 
957 9 0 0 0 0 0 0 0 0 0 0 0 
958 9 0 0 0 0 0 0 0 0 0 0 0 
959 9 0 0 0 0 0 0 0 0 0 0 0 
960 9 0 0 0 0 0 0 0 0 0 0 0 
961 9 0 0 0 0 0 0 0 0 0 0 0 
962 9 0 0 0 0 0 0 0 0 0 0 0 
963 9 0 0 0 0 0 0 0 0 0 0 0 
964 9 0 0 0 0 0 0 0 0 0 0 0 
965 9 0 0 0 0 0 0 0 0 0 0 0 
966 9 0 0 0 0 0 0 0 0 0 0 0 
967 9 0 0 0 0 0 0 0 0 0 0 0 
968 9 0 0 0 0 0 0 0 0 0 0 0 
969 9 0 0 0 0 0 0 0 0 0 0 0 
970 9 0 0 0 0 0 0 0 0 0 0 0 
971 9 0 0 0 0 0 0 0 0 0 0 0 
972 9 0 0 0 0 0 0 0 0 0 0 0 
973 9 0 0 0 0 0 0 0 0 0 0 0 
974 9 0 0 0 0 0 0 0 0 0 0 0 
975 9 0 0 0 0 0 0 0 0 0 0 0 
976 9 0 0 0 0 0 0 0 0 0 0 0 
977 9 0 0 0 0 0 0 0 0 0 0 0 
978 9 0 0 0 0 0 0 0 0 0 0 0 
979 9 0 0 0 0 0 0 0 0 0 0 0 
980 9 0 0 0 0 0 0 0 0 0 0 0 
981 9 0 0 0 0 0 0 0 0 0 0 0 
982 9 0 0 0 0 0 0 0 0 0 0 0 
983 9 0 0 0 0 0 0 0 0 0 0 0 
984 9 0 0 0 0 0 0 0 0 0 0 0 
985 9 0 0 0 0 0 0 0 0 0 0 0 
986 9 0 0 0 0 0 0 0 0 0 0 0 
987 9 0 0 0 0 0 0 0 0 0 0 0 
988 9 0 0 0 0 0 0 0 0 0 0 0 
989 9 0 0 0 0 0 0 0 0 0 0 0 
990 9 0 0 0 0 0 0 0 0 0 0 0 
991 9 0 0 0 0 0 0 0 0 0 0 0 
992 9 0 0 0 0 0 0 0 0 0 0 0 
993 9 0 0 0 0 0 0 0 0 0 0 0 
994 9 0 0 0 0 0 0 0 0 0 0 0 
995 9 0 0 0 0 0 0 0 0 0 0 0 
996 9 0 0 0 0 0 0 0 0 0 0 0 
997 9 0 0 0 0 0 0 0 0 0 0 0 
998 9 0 0 0 0 0 0 0 0 0 0 0 
999 9 0 0 0 0 0 0 0 0 0 0 0 
1000 9 0 0 0 0 0 0 0 0 0 0 0 
1001 9 0 0 0 0 0 0 0 0 0 0 0 
1002 9 0 0 0 0 0 0 0 0 0 0 0 
1003 9 0 0 0 0 0 0 0 0 0 0 0 
1004 9 0 0 0 0 0 0 0 0 0 0 0 
1005 9 0 0 0 0 0 0 0 0 0 0 0 
1006 9 0 0 0 0 0 0 0 0 0 0 0 
1007 9 0 0 0 0 0 0 0 0 0 0 0 
1008 9 0 0 0 0 0 0 0 0 0 0 0 
1009 9 0 0 0 0 0 0 0 0 0 0 0 
1010 9 0 0 0 0 0 0 0 0 0 0 0 
1011 9 0 0 0 0 0 0 0 0 0 0 0 
1012 9 0 0 0 0 0 0 0 0 0 0 0 
1013 9 0 0 0 0 0 0 0 0 0 0 0 
1014 9 0 0 0 0 0 0 0 0 0 0 0 
1015 9 0 0 0 0 0 0 0 0 0 0 0 
1016 9 0 0 0 0 0 0 0 0 0 0 0 
1017 9 0 0 0 0 0 0 0 0 0 0 0 
1018 9 0 0 0 0 0 0 0 0 0 0 0 
1019 9 0 0 0 0 0 0 0 0 0 0 0 
1020 9 0 0 0 0 0 0 0 0 0 0 0 
1021 9 0 0 0 0 0 0 0 0 0 0 0 
1022 9 0 0 0 0 0 0 0 0 0 0 0 
1023 10 0 0 0 0 0 0 0 0 0 0 0 
1024 10 0 0 0 0 0 0 0 0 0 0 0 
1025 10 0 0 0 0 0 0 0 0 0 0 0 
1026 10 0 0 0 0 0 0 0 0 0 0 0 
1027 10 0 0 0 0 0 0 0 0 0 0 0 
1028 10 0 0 0 0 0 0 0 0 0 0 0 
1029 10 0 0 0 0 0 0 0 0 0 0 0 
1030 10 0 0 0 0 0 0 0 0 0 0 0 
1031 10 0 0 0 0 0 0 0 0 0 0 0 
1032 10 0 0 0 0 0 0 0 0 0 0 0 
1033 10 0 0 0 0 0 0 0 0 0 0 0 
1034 10 0 0 0 0 0 0 0 0 0 0 0 
1035 10 0 0 0 0 0 0 0 0 0 0 0 
1036 10 0 0 0 0 0 0 0 0 0 0 0 
1037 10 0 0 0 0 0 0 0 0 0 0 0 
1038 10 0 0 0 0 0 0 0 0 0 0 0 
1039 10 0 0 0 0 0 0 0 0 0 0 0 
1040 10 0 0 0 0 0 0 0 0 0 0 0 
1041 10 0 0 0 0 0 0 0 0 0 0 0 
1042 10 0 0 0 0 0 0 0 0 0 0 0 
1043 10 0 0 0 0 0 0 0 0 0 0 0 
1044 10 0 0 0 0 0 0 0 0 0 0 0 
1045 10 0 0 0 0 0 0 0 0 0 0 0 
1046 10 0 0 0 0 0 0 0 0 0 0 0 
1047 10 0 0 0 0 0 0 0 0 0 0 0 
1048 10 0 0 0 0 0 0 0 0 0 0 0 
1049 10 0 0 0 0 0 0 0 0 0 0 0 
1050 10 0 0 0 0 0 0 0 0 0 0 0 
1051 10 0 0 0 0 0 0 0 0 0 0 0 
1052 10 0 0 0 0 0 0 0 0 0 0 0 
1053 10 0 0 0 0 0 0 0 0 0 0 0 
1054 10 0 0 0 0 0 0 0 0 0 0 0 
1055 10 0 0 0 0 0 0 0 0 0 0 0 
1056 10 0 0 0 0 0 0 0 0 0 0 0 
1057 10 0 0 0 0 0 0 0 0 0 0 0 
1058 10 0 0 0 0 0 0 0 0 0 0 0 
1059 10 0 0 0 0 0 0 0 0 0 0 0 
1060 10 0 0 0 0 0 0 0 0 0 0 0 
1061 10 0 0 0 0 0 0 0 0 0 0 0 
1062 10 0 0 0 0 0 0 0 0 0 0 0 
1063 10 0 0 0 0 0 0 0 0 0 0 0 
1064 10 0 0 0 0 0 0 0 0 0 0 0 
1065 10 0 0 0 0 0 0 0 0 0 0 0 
1066 10 0 0 0 0 0 0 0 0 0 0 0 
1067 10 0 0 0 0 0 0 0 0 0 0 0 
1068 10 0 0 0 0 0 0 0 0 0 0 0 
1069 10 0 0 0 0 0 0 0 0 0 0 0 
1070 10 0 0 0 0 0 0 0 0 0 0 0 
1071 10 0 0 0 0 0 0 0 0 0 0 0 
1072 10 0 0 0 0 0 0 0 0 0 0 0 
1073 10 0 0 0 0 0 0 0 0 0 0 0 
1074 10 0 0 0 0 0 0 0 0 0 0 0 
1075 10 0 0 0 0 0 0 0 0 0 0 0 
1076 10 0 0 0 0 0 0 0 0 0 0 0 
1077 10 0 0 0 0 0 0 0 0 0 0 0 
1078 10 0 0 0 0 0 0 0 0 0 0 0 
1079 10 0 0 0 0 0 0 0 0 0 0 0 
1080 10 0 0 0 0 0 0 0 0 0 0 0 
1081 10 0 0 0 0 0 0 0 0 0 0 0 
1082 10 0 0 0 0 0 0 0 0 0 0 0 
1083 10 0 0 0 0 0 0 0 0 0 0 0 
1084 10 0 0 0 0 0 0 0 0 0 0 0 
1085 10 0 0 0 0 0 0 0 0 0 0 0 
1086 10 0 0 0 0 0 0 0 0 0 0 0 
1087 10 0 0 0 0 0 0 0 0 0 0 0 
1088 10 0 0 0 0 0 0 0 0 0 0 0 
1089 10 0 0 0 0 0 0 0 0 0 0 0 
1090 10 0 0 0 0 0 0 0 0 0 0 0 
1091 10 0 0 0 0 0 0 0 0 0 0 0 
1092 10 0 0 0 0 0 0 0 0 0 0 0 
1093 10 0 0 0 0 0 0 0 0 0 0 0 
1094 10 0 0 0 0 0 0 0 0 0 0 0 
1095 10 0 0 0 0 0 0 0 0 0 0 0 
1096 10 0 0 0 0 0 0 0 0 0 0 0 
1097 10 0 0 0 0 0 0 0 0 0 0 0 
1098 10 0 0 0 0 0 0 0 0 0 0 0 
1099 10 0 0 0 0 0 0 0 0 0 0 0 
1100 10 0 0 0 0 0 0 0 0 0 0 0 
1101 10 0 0 0 0 0 0 0 0 0 0 0 
1102 10 0 0 0 0 0 0 0 0 0 0 0 
1103 10 0 0 0 0 0 0 0 0 0 0 0 
1104 10 0 0 0 0 0 0 0 0 0 0 0 
1105 10 0 0 0 0 0 0 0 0 0 0 0 
1106 10 0 0 0 0 0 0 0 0 0 0 0 
1107 10 0 0 0 0 0 0 0 0 0 0 0 
1108 10 0 0 0 0 0 0 0 0 0 0 0 
1109 10 0 0 0 0 0 0 0 0 0 0 0 
1110 10 0 0 0 0 0 0 0 0 0 0 0 
1111 10 0 0 0 0 0 0 0 0 0 0 0 
1112 10 0 0 0 0 0 0 0 0 0 0 0 
1113 10 0 0 0 0 0 0 0 0 0 0 0 
1114 10 0 0 0 0 0 0 0 0 0 0 0 
1115 10 0 0 0 0 0 0 0 0 0 0 0 
1116 10 0 0 0 0 0 0 0 0 0 0 0 
1117 10 0 0 0 0 0 0 0 0 0 0 0 
1118 10 0 0 0 0 0 0 0 0 0 0 0 
1119 10 0 0 0 0 0 0 0 0 0 0 0 
1120 10 0 0 0 0 0 0 0 0 0 0 0 
1121 10 0 0 0 0 0 0 0 0 0 0 0 
1122 10 0 0 0 0 0 0 0 0 0 0 0 
1123 10 0 0 0 0 0 0 0 0 0 0 0 
1124 10 0 0 0 0 0 0 0 0 0 0 0 
1125 10 0 0 0 0 0 0 0 0 0 0 0 
1126 10 0 0 0 0 0 0 0 0 0 0 0 
1127 10 0 0 0 0 0 0 0 0 0 0 0 
1128 10 0 0 0 0 0 0 0 0 0 0 0 
1129 10 0 0 0 0 0 0 0 0 0 0 0 
1130 10 0 0 0 0 0 0 0 0 0 0 0 
1131 10 0 0 0 0 0 0 0 0 0 0 0 
1132 10 0 0 0 0 0 0 0 0 0 0 0 
1133 10 0 0 0 0 0 0 0 0 0 0 0 
1134 10 0 0 0 0 0 0 0 0 0 0 0 
1135 10 0 0 0 0 0 0 0 0 0 0 0 
1136 10 0 0 0 0 0 0 0 0 0 0 0 
1137 10 0 0 0 0 0 0 0 0 0 0 0 
1138 10 0 0 0 0 0 0 0 0 0 0 0 
1139 10 0 0 0 0 0 0 0 0 0 0 0 
1140 10 0 0 0 0 0 0 0 0 0 0 0 
1141 10 0 0 0 0 0 0 0 0 0 0 0 
1142 10 0 0 0 0 0 0 0 0 0 0 0 
1143 10 0 0 0 0 0 0 0 0 0 0 0 
1144 10 0 0 0 0 0 0 0 0 0 0 0 
1145 10 0 0 0 0 0 0 0 0 0 0 0 
1146 10 0 0 0 0 0 0 0 0 0 0 0 
1147 10 0 0 0 0 0 0 0 0 0 0 0 
1148 10 0 0 0 0 0 0 0 0 0 0 0 
1149 10 0 0 0 0 0 0 0 0 0 0 0 
1150 10 0 0 0 0 0 0 0 0 0 0 0 
1151 10 0 0 0 0 0 0 0 0 0 0 0 
1152 10 0 0 0 0 0 0 0 0 0 0 0 
1153 10 0 0 0 0 0 0 0 0 0 0 0 
1154 10 0 0 0 0 0 0 0 0 0 0 0 
1155 10 0 0 0 0 0 0 0 0 0 0 0 
1156 10 0 0 0 0 0 0 0 0 0 0 0 
1157 10 0 0 0 0 0 0 0 0 0 0 0 
1158 10 0 0 0 0 0 0 0 0 0 0 0 
1159 10 0 0 0 0 0 0 0 0 0 0 0 
1160 10 0 0 0 0 0 0 0 0 0 0 0 
1161 10 0 0 0 0 0 0 0 0 0 0 0 
1162 10 0 0 0 0 0 0 0 0 0 0 0 
1163 10 0 0 0 0 0 0 0 0 0 0 0 
1164 10 0 0 0 0 0 0 0 0 0 0 0 
1165 10 0 0 0 0 0 0 0 0 0 0 0 
1166 10 0 0 0 0 0 0 0 0 0 0 0 
1167 10 0 0 0 0 0 0 0 0 0 0 0 
1168 10 0 0 0 0 0 0 0 0 0 0 0 
1169 10 0 0 0 0 0 0 0 0 0 0 0 
1170 10 0 0 0 0 0 0 0 0 0 0 0 
1171 10 0 0 0 0 0 0 0 0 0 0 0 
1172 10 0 0 0 0 0 0 0 0 0 0 0 
1173 10 0 0 0 0 0 0 0 0 0 0 0 
1174 10 0 0 0 0 0 0 0 0 0 0 0 
1175 10 0 0 0 0 0 0 0 0 0 0 0 
1176 10 0 0 0 0 0 0 0 0 0 0 0 
1177 10 0 0 0 0 0 0 0 0 0 0 0 
1178 10 0 0 0 0 0 0 0 0 0 0 0 
1179 10 0 0 0 0 0 0 0 0 0 0 0 
1180 10 0 0 0 0 0 0 0 0 0 0 0 
1181 10 0 0 0 0 0 0 0 0 0 0 0 
1182 10 0 0 0 0 0 0 0 0 0 0 0 
1183 10 0 0 0 0 0 0 0 0 0 0 0 
1184 10 0 0 0 0 0 0 0 0 0 0 0 
1185 10 0 0 0 0 0 0 0 0 0 0 0 
1186 10 0 0 0 0 0 0 0 0 0 0 0 
1187 10 0 0 0 0 0 0 0 0 0 0 0 
1188 10 0 0 0 0 0 0 0 0 0 0 0 
1189 10 0 0 0 0 0 0 0 0 0 0 0 
1190 10 0 0 0 0 0 0 0 0 0 0 0 
1191 10 0 0 0 0 0 0 0 0 0 0 0 
1192 10 0 0 0 0 0 0 0 0 0 0 0 
1193 10 0 0 0 0 0 0 0 0 0 0 0 
1194 10 0 0 0 0 0 0 0 0 0 0 0 
1195 10 0 0 0 0 0 0 0 0 0 0 0 
1196 10 0 0 0 0 0 0 0 0 0 0 0 
1197 10 0 0 0 0 0 0 0 0 0 0 0 
1198 10 0 0 0 0 0 0 0 0 0 0 0 
1199 10 0 0 0 0 0 0 0 0 0 0 0 
1200 10 0 0 0 0 0 0 0 0 0 0 0 
1201 10 0 0 0 0 0 0 0 0 0 0 0 
1202 10 0 0 0 0 0 0 0 0 0 0 0 
1203 10 0 0 0 0 0 0 0 0 0 0 0 
1204 10 0 0 0 0 0 0 0 0 0 0 0 
1205 10 0 0 0 0 0 0 0 0 0 0 0 
1206 10 0 0 0 0 0 0 0 0 0 0 0 
1207 10 0 0 0 0 0 0 0 0 0 0 0 
1208 10 0 0 0 0 0 0 0 0 0 0 0 
1209 10 0 0 0 0 0 0 0 0 0 0 0 
1210 10 0 0 0 0 0 0 0 0 0 0 0 
1211 10 0 0 0 0 0 0 0 0 0 0 0 
1212 10 0 0 0 0 0 0 0 0 0 0 0 
1213 10 0 0 0 0 0 0 0 0 0 0 0 
1214 10 0 0 0 0 0 0 0 0 0 0 0 
1215 10 0 0 0 0 0 0 0 0 0 0 0 
1216 10 0 0 0 0 0 0 0 0 0 0 0 
1217 10 0 0 0 0 0 0 0 0 0 0 0 
1218 10 0 0 0 0 0 0 0 0 0 0 0 
1219 10 0 0 0 0 0 0 0 0 0 0 0 
1220 10 0 0 0 0 0 0 0 0 0 0 0 
1221 10 0 0 0 0 0 0 0 0 0 0 0 
1222 10 0 0 0 0 0 0 0 0 0 0 0 
1223 10 0 0 0 0 0 0 0 0 0 0 0 
1224 10 0 0 0 0 0 0 0 0 0 0 0 
1225 10 0 0 0 0 0 0 0 0 0 0 0 
1226 10 0 0 0 0 0 0 0 0 0 0 0 
1227 10 0 0 0 0 0 0 0 0 0 0 0 
1228 10 0 0 0 0 0 0 0 0 0 0 0 
1229 10 0 0 0 0 0 0 0 0 0 0 0 
1230 10 0 0 0 0 0 0 0 0 0 0 0 
1231 10 0 0 0 0 0 0 0 0 0 0 0 
1232 10 0 0 0 0 0 0 0 0 0 0 0 
1233 10 0 0 0 0 0 0 0 0 0 0 0 
1234 10 0 0 0 0 0 0 0 0 0 0 0 
1235 10 0 0 0 0 0 0 0 0 0 0 0 
1236 10 0 0 0 0 0 0 0 0 0 0 0 
1237 10 0 0 0 0 0 0 0 0 0 0 0 
1238 10 0 0 0 0 0 0 0 0 0 0 0 
1239 10 0 0 0 0 0 0 0 0 0 0 0 
1240 10 0 0 0 0 0 0 0 0 0 0 0 
1241 10 0 0 0 0 0 0 0 0 0 0 0 
1242 10 0 0 0 0 0 0 0 0 0 0 0 
1243 10 0 0 0 0 0 0 0 0 0 0 0 
1244 10 0 0 0 0 0 0 0 0 0 0 0 
1245 10 0 0 0 0 0 0 0 0 0 0 0 
1246 10 0 0 0 0 0 0 0 0 0 0 0 
1247 10 0 0 0 0 0 0 0 0 0 0 0 
1248 10 0 0 0 0 0 0 0 0 0 0 0 
1249 10 0 0 0 0 0 0 0 0 0 0 0 
1250 10 0 0 0 0 0 0 0 0 0 0 0 
1251 10 0 0 0 0 0 0 0 0 0 0 0 
1252 10 0 0 0 0 0 0 0 0 0 0 0 
1253 10 0 0 0 0 0 0 0 0 0 0 0 
1254 10 0 0 0 0 0 0 0 0 0 0 0 
1255 10 0 0 0 0 0 0 0 0 0 0 0 
1256 10 0 0 0 0 0 0 0 0 0 0 0 
1257 10 0 0 0 0 0 0 0 0 0 0 0 
1258 10 0 0 0 0 0 0 0 0 0 0 0 
1259 10 0 0 0 0 0 0 0 0 0 0 0 
1260 10 0 0 0 0 0 0 0 0 0 0 0 
1261 10 0 0 0 0 0 0 0 0 0 0 0 
1262 10 0 0 0 0 0 0 0 0 0 0 0 
1263 10 0 0 0 0 0 0 0 0 0 0 0 
1264 10 0 0 0 0 0 0 0 0 0 0 0 
1265 10 0 0 0 0 0 0 0 0 0 0 0 
1266 10 0 0 0 0 0 0 0 0 0 0 0 
1267 10 0 0 0 0 0 0 0 0 0 0 0 
1268 10 0 0 0 0 0 0 0 0 0 0 0 
1269 10 0 0 0 0 0 0 0 0 0 0 0 
1270 10 0 0 0 0 0 0 0 0 0 0 0 
1271 10 0 0 0 0 0 0 0 0 0 0 0 
1272 10 0 0 0 0 0 0 0 0 0 0 0 
1273 10 0 0 0 0 0 0 0 0 0 0 0 
1274 10 0 0 0 0 0 0 0 0 0 0 0 
1275 10 0 0 0 0 0 0 0 0 0 0 0 
1276 10 0 0 0 0 0 0 0 0 0 0 0 
1277 10 0 0 0 0 0 0 0 0 0 0 0 
1278 10 0 0 0 0 0 0 0 0 0 0 0 
1279 10 0 0 0 0 0 0 0 0 0 0 0 
1280 10 0 0 0 0 0 0 0 0 0 0 0 
1281 10 0 0 0 0 0 0 0 0 0 0 0 
1282 10 0 0 0 0 0 0 0 0 0 0 0 
1283 10 0 0 0 0 0 0 0 0 0 0 0 
1284 10 0 0 0 0 0 0 0 0 0 0 0 
1285 10 0 0 0 0 0 0 0 0 0 0 0 
1286 10 0 0 0 0 0 0 0 0 0 0 0 
1287 10 0 0 0 0 0 0 0 0 0 0 0 
1288 10 0 0 0 0 0 0 0 0 0 0 0 
1289 10 0 0 0 0 0 0 0 0 0 0 0 
1290 10 0 0 0 0 0 0 0 0 0 0 0 
1291 10 0 0 0 0 0 0 0 0 0 0 0 
1292 10 0 0 0 0 0 0 0 0 0 0 0 
1293 10 0 0 0 0 0 0 0 0 0 0 0 
1294 10 0 0 0 0 0 0 0 0 0 0 0 
1295 10 0 0 0 0 0 0 0 0 0 0 0 
1296 10 0 0 0 0 0 0 0 0 0 0 0 
1297 10 0 0 0 0 0 0 0 0 0 0 0 
1298 10 0 0 0 0 0 0 0 0 0 0 0 
1299 10 0 0 0 0 0 0 0 0 0 0 0 
1300 10 0 0 0 0 0 0 0 0 0 0 0 
1301 10 0 0 0 0 0 0 0 0 0 0 0 
1302 10 0 0 0 0 0 0 0 0 0 0 0 
1303 10 0 0 0 0 0 0 0 0 0 0 0 
1304 10 0 0 0 0 0 0 0 0 0 0 0 
1305 10 0 0 0 0 0 0 0 0 0 0 0 
1306 10 0 0 0 0 0 0 0 0 0 0 0 
1307 10 0 0 0 0 0 0 0 0 0 0 0 
1308 10 0 0 0 0 0 0 0 0 0 0 0 
1309 10 0 0 0 0 0 0 0 0 0 0 0 
1310 10 0 0 0 0 0 0 0 0 0 0 0 
1311 10 0 0 0 0 0 0 0 0 0 0 0 
1312 10 0 0 0 0 0 0 0 0 0 0 0 
1313 10 0 0 0 0 0 0 0 0 0 0 0 
1314 10 0 0 0 0 0 0 0 0 0 0 0 
1315 10 0 0 0 0 0 0 0 0 0 0 0 
1316 10 0 0 0 0 0 0 0 0 0 0 0 
1317 10 0 0 0 0 0 0 0 0 0 0 0 
1318 10 0 0 0 0 0 0 0 0 0 0 0 
1319 10 0 0 0 0 0 0 0 0 0 0 0 
1320 10 0 0 0 0 0 0 0 0 0 0 0 
1321 10 0 0 0 0 0 0 0 0 0 0 0 
1322 10 0 0 0 0 0 0 0 0 0 0 0 
1323 10 0 0 0 0 0 0 0 0 0 0 0 
1324 10 0 0 0 0 0 0 0 0 0 0 0 
1325 10 0 0 0 0 0 0 0 0 0 0 0 
1326 10 0 0 0 0 0 0 0 0 0 0 0 
1327 10 0 0 0 0 0 0 0 0 0 0 0 
1328 10 0 0 0 0 0 0 0 0 0 0 0 
1329 10 0 0 0 0 0 0 0 0 0 0 0 
1330 10 0 0 0 0 0 0 0 0 0 0 0 
1331 10 0 0 0 0 0 0 0 0 0 0 0 
1332 10 0 0 0 0 0 0 0 0 0 0 0 
1333 10 0 0 0 0 0 0 0 0 0 0 0 
1334 10 0 0 0 0 0 0 0 0 0 0 0 
1335 10 0 0 0 0 0 0 0 0 0 0 0 
1336 10 0 0 0 0 0 0 0 0 0 0 0 
1337 10 0 0 0 0 0 0 0 0 0 0 0 
1338 10 0 0 0 0 0 0 0 0 0 0 0 
1339 10 0 0 0 0 0 0 0 0 0 0 0 
1340 10 0 0 0 0 0 0 0 0 0 0 0 
1341 10 0 0 0 0 0 0 0 0 0 0 0 
1342 10 0 0 0 0 0 0 0 0 0 0 0 
1343 10 0 0 0 0 0 0 0 0 0 0 0 
1344 10 0 0 0 0 0 0 0 0 0 0 0 
1345 10 0 0 0 0 0 0 0 0 0 0 0 
1346 10 0 0 0 0 0 0 0 0 0 0 0 
1347 10 0 0 0 0 0 0 0 0 0 0 0 
1348 10 0 0 0 0 0 0 0 0 0 0 0 
1349 10 0 0 0 0 0 0 0 0 0 0 0 
1350 10 0 0 0 0 0 0 0 0 0 0 0 
1351 10 0 0 0 0 0 0 0 0 0 0 0 
1352 10 0 0 0 0 0 0 0 0 0 0 0 
1353 10 0 0 0 0 0 0 0 0 0 0 0 
1354 10 0 0 0 0 0 0 0 0 0 0 0 
1355 10 0 0 0 0 0 0 0 0 0 0 0 
1356 10 0 0 0 0 0 0 0 0 0 0 0 
1357 10 0 0 0 0 0 0 0 0 0 0 0 
1358 10 0 0 0 0 0 0 0 0 0 0 0 
1359 10 0 0 0 0 0 0 0 0 0 0 0 
1360 10 0 0 0 0 0 0 0 0 0 0 0 
1361 10 0 0 0 0 0 0 0 0 0 0 0 
1362 10 0 0 0 0 0 0 0 0 0 0 0 
1363 10 0 0 0 0 0 0 0 0 0 0 0 
1364 10 0 0 0 0 0 0 0 0 0 0 0 
1365 10 0 0 0 0 0 0 0 0 0 0 0 
1366 10 0 0 0 0 0 0 0 0 0 0 0 
1367 10 0 0 0 0 0 0 0 0 0 0 0 
1368 10 0 0 0 0 0 0 0 0 0 0 0 
1369 10 0 0 0 0 0 0 0 0 0 0 0 
1370 10 0 0 0 0 0 0 0 0 0 0 0 
1371 10 0 0 0 0 0 0 0 0 0 0 0 
1372 10 0 0 0 0 0 0 0 0 0 0 0 
1373 10 0 0 0 0 0 0 0 0 0 0 0 
1374 10 0 0 0 0 0 0 0 0 0 0 0 
1375 10 0 0 0 0 0 0 0 0 0 0 0 
1376 10 0 0 0 0 0 0 0 0 0 0 0 
1377 10 0 0 0 0 0 0 0 0 0 0 0 
1378 10 0 0 0 0 0 0 0 0 0 0 0 
1379 10 0 0 0 0 0 0 0 0 0 0 0 
1380 10 0 0 0 0 0 0 0 0 0 0 0 
1381 10 0 0 0 0 0 0 0 0 0 0 0 
1382 10 0 0 0 0 0 0 0 0 0 0 0 
1383 10 0 0 0 0 0 0 0 0 0 0 0 
1384 10 0 0 0 0 0 0 0 0 0 0 0 
1385 10 0 0 0 0 0 0 0 0 0 0 0 
1386 10 0 0 0 0 0 0 0 0 0 0 0 
1387 10 0 0 0 0 0 0 0 0 0 0 0 
1388 10 0 0 0 0 0 0 0 0 0 0 0 
1389 10 0 0 0 0 0 0 0 0 0 0 0 
1390 10 0 0 0 0 0 0 0 0 0 0 0 
1391 10 0 0 0 0 0 0 0 0 0 0 0 
1392 10 0 0 0 0 0 0 0 0 0 0 0 
1393 10 0 0 0 0 0 0 0 0 0 0 0 
1394 10 0 0 0 0 0 0 0 0 0 0 0 
1395 10 0 0 0 0 0 0 0 0 0 0 0 
1396 10 0 0 0 0 0 0 0 0 0 0 0 
1397 10 0 0 0 0 0 0 0 0 0 0 0 
1398 10 0 0 0 0 0 0 0 0 0 0 0 
1399 10 0 0 0 0 0 0 0 0 0 0 0 
1400 10 0 0 0 0 0 0 0 0 0 0 0 
1401 10 0 0 0 0 0 0 0 0 0 0 0 
1402 10 0 0 0 0 0 0 0 0 0 0 0 
1403 10 0 0 0 0 0 0 0 0 0 0 0 
1404 10 0 0 0 0 0 0 0 0 0 0 0 
1405 10 0 0 0 0 0 0 0 0 0 0 0 
1406 10 0 0 0 0 0 0 0 0 0 0 0 
1407 10 0 0 0 0 0 0 0 0 0 0 0 
1408 10 0 0 0 0 0 0 0 0 0 0 0 
1409 10 0 0 0 0 0 0 0 0 0 0 0 
1410 10 0 0 0 0 0 0 0 0 0 0 0 
1411 10 0 0 0 0 0 0 0 0 0 0 0 
1412 10 0 0 0 0 0 0 0 0 0 0 0 
1413 10 0 0 0 0 0 0 0 0 0 0 0 
1414 10 0 0 0 0 0 0 0 0 0 0 0 
1415 10 0 0 0 0 0 0 0 0 0 0 0 
1416 10 0 0 0 0 0 0 0 0 0 0 0 
1417 10 0 0 0 0 0 0 0 0 0 0 0 
1418 10 0 0 0 0 0 0 0 0 0 0 0 
1419 10 0 0 0 0 0 0 0 0 0 0 0 
1420 10 0 0 0 0 0 0 0 0 0 0 0 
1421 10 0 0 0 0 0 0 0 0 0 0 0 
1422 10 0 0 0 0 0 0 0 0 0 0 0 
1423 10 0 0 0 0 0 0 0 0 0 0 0 
1424 10 0 0 0 0 0 0 0 0 0 0 0 
1425 10 0 0 0 0 0 0 0 0 0 0 0 
1426 10 0 0 0 0 0 0 0 0 0 0 0 
1427 10 0 0 0 0 0 0 0 0 0 0 0 
1428 10 0 0 0 0 0 0 0 0 0 0 0 
1429 10 0 0 0 0 0 0 0 0 0 0 0 
1430 10 0 0 0 0 0 0 0 0 0 0 0 
1431 10 0 0 0 0 0 0 0 0 0 0 0 
1432 10 0 0 0 0 0 0 0 0 0 0 0 
1433 10 0 0 0 0 0 0 0 0 0 0 0 
1434 10 0 0 0 0 0 0 0 0 0 0 0 
1435 10 0 0 0 0 0 0 0 0 0 0 0 
1436 10 0 0 0 0 0 0 0 0 0 0 0 
1437 10 0 0 0 0 0 0 0 0 0 0 0 
1438 10 0 0 0 0 0 0 0 0 0 0 0 
1439 10 0 0 0 0 0 0 0 0 0 0 0 
1440 10 0 0 0 0 0 0 0 0 0 0 0 
1441 10 0 0 0 0 0 0 0 0 0 0 0 
1442 10 0 0 0 0 0 0 0 0 0 0 0 
1443 10 0 0 0 0 0 0 0 0 0 0 0 
1444 10 0 0 0 0 0 0 0 0 0 0 0 
1445 10 0 0 0 0 0 0 0 0 0 0 0 
1446 10 0 0 0 0 0 0 0 0 0 0 0 
1447 10 0 0 0 0 0 0 0 0 0 0 0 
1448 10 0 0 0 0 0 0 0 0 0 0 0 
1449 10 0 0 0 0 0 0 0 0 0 0 0 
1450 10 0 0 0 0 0 0 0 0 0 0 0 
1451 10 0 0 0 0 0 0 0 0 0 0 0 
1452 10 0 0 0 0 0 0 0 0 0 0 0 
1453 10 0 0 0 0 0 0 0 0 0 0 0 
1454 10 0 0 0 0 0 0 0 0 0 0 0 
1455 10 0 0 0 0 0 0 0 0 0 0 0 
1456 10 0 0 0 0 0 0 0 0 0 0 0 
1457 10 0 0 0 0 0 0 0 0 0 0 0 
1458 10 0 0 0 0 0 0 0 0 0 0 0 
1459 10 0 0 0 0 0 0 0 0 0 0 0 
1460 10 0 0 0 0 0 0 0 0 0 0 0 
1461 10 0 0 0 0 0 0 0 0 0 0 0 
1462 10 0 0 0 0 0 0 0 0 0 0 0 
1463 10 0 0 0 0 0 0 0 0 0 0 0 
1464 10 0 0 0 0 0 0 0 0 0 0 0 
1465 10 0 0 0 0 0 0 0 0 0 0 0 
1466 10 0 0 0 0 0 0 0 0 0 0 0 
1467 10 0 0 0 0 0 0 0 0 0 0 0 
1468 10 0 0 0 0 0 0 0 0 0 0 0 
1469 10 0 0 0 0 0 0 0 0 0 0 0 
1470 10 0 0 0 0 0 0 0 0 0 0 0 
1471 10 0 0 0 0 0 0 0 0 0 0 0 
1472 10 0 0 0 0 0 0 0 0 0 0 0 
1473 10 0 0 0 0 0 0 0 0 0 0 0 
1474 10 0 0 0 0 0 0 0 0 0 0 0 
1475 10 0 0 0 0 0 0 0 0 0 0 0 
1476 10 0 0 0 0 0 0 0 0 0 0 0 
1477 10 0 0 0 0 0 0 0 0 0 0 0 
1478 10 0 0 0 0 0 0 0 0 0 0 0 
1479 10 0 0 0 0 0 0 0 0 0 0 0 
1480 10 0 0 0 0 0 0 0 0 0 0 0 
1481 10 0 0 0 0 0 0 0 0 0 0 0 
1482 10 0 0 0 0 0 0 0 0 0 0 0 
1483 10 0 0 0 0 0 0 0 0 0 0 0 
1484 10 0 0 0 0 0 0 0 0 0 0 0 
1485 10 0 0 0 0 0 0 0 0 0 0 0 
1486 10 0 0 0 0 0 0 0 0 0 0 0 
1487 10 0 0 0 0 0 0 0 0 0 0 0 
1488 10 0 0 0 0 0 0 0 0 0 0 0 
1489 10 0 0 0 0 0 0 0 0 0 0 0 
1490 10 0 0 0 0 0 0 0 0 0 0 0 
1491 10 0 0 0 0 0 0 0 0 0 0 0 
1492 10 0 0 0 0 0 0 0 0 0 0 0 
1493 10 0 0 0 0 0 0 0 0 0 0 0 
1494 10 0 0 0 0 0 0 0 0 0 0 0 
1495 10 0 0 0 0 0 0 0 0 0 0 0 
1496 10 0 0 0 0 0 0 0 0 0 0 0 
1497 10 0 0 0 0 0 0 0 0 0 0 0 
1498 10 0 0 0 0 0 0 0 0 0 0 0 
1499 10 0 0 0 0 0 0 0 0 0 0 0 
1500 10 0 0 0 0 0 0 0 0 0 0 0 
1501 10 0 0 0 0 0 0 0 0 0 0 0 
1502 10 0 0 0 0 0 0 0 0 0 0 0 
1503 10 0 0 0 0 0 0 0 0 0 0 0 
1504 10 0 0 0 0 0 0 0 0 0 0 0 
1505 10 0 0 0 0 0 0 0 0 0 0 0 
1506 10 0 0 0 0 0 0 0 0 0 0 0 
1507 10 0 0 0 0 0 0 0 0 0 0 0 
1508 10 0 0 0 0 0 0 0 0 0 0 0 
1509 10 0 0 0 0 0 0 0 0 0 0 0 
1510 10 0 0 0 0 0 0 0 0 0 0 0 
1511 10 0 0 0 0 0 0 0 0 0 0 0 
1512 10 0 0 0 0 0 0 0 0 0 0 0 
1513 10 0 0 0 0 0 0 0 0 0 0 0 
1514 10 0 0 0 0 0 0 0 0 0 0 0 
1515 10 0 0 0 0 0 0 0 0 0 0 0 
1516 10 0 0 0 0 0 0 0 0 0 0 0 
1517 10 0 0 0 0 0 0 0 0 0 0 0 
1518 10 0 0 0 0 0 0 0 0 0 0 0 
1519 10 0 0 0 0 0 0 0 0 0 0 0 
1520 10 0 0 0 0 0 0 0 0 0 0 0 
1521 10 0 0 0 0 0 0 0 0 0 0 0 
1522 10 0 0 0 0 0 0 0 0 0 0 0 
1523 10 0 0 0 0 0 0 0 0 0 0 0 
1524 10 0 0 0 0 0 0 0 0 0 0 0 
1525 10 0 0 0 0 0 0 0 0 0 0 0 
1526 10 0 0 0 0 0 0 0 0 0 0 0 
1527 10 0 0 0 0 0 0 0 0 0 0 0 
1528 10 0 0 0 0 0 0 0 0 0 0 0 
1529 10 0 0 0 0 0 0 0 0 0 0 0 
1530 10 0 0 0 0 0 0 0 0 0 0 0 
1531 10 0 0 0 0 0 0 0 0 0 0 0 
1532 10 0 0 0 0 0 0 0 0 0 0 0 
1533 10 0 0 0 0 0 0 0 0 0 0 0 
1534 10 0 0 0 0 0 0 0 0 0 0 0 
1535 10 0 0 0 0 0 0 0 0 0 0 0 
1536 10 0 0 0 0 0 0 0 0 0 0 0 
1537 10 0 0 0 0 0 0 0 0 0 0 0 
1538 10 0 0 0 0 0 0 0 0 0 0 0 
1539 10 0 0 0 0 0 0 0 0 0 0 0 
1540 10 0 0 0 0 0 0 0 0 0 0 0 
1541 10 0 0 0 0 0 0 0 0 0 0 0 
1542 10 0 0 0 0 0 0 0 0 0 0 0 
1543 10 0 0 0 0 0 0 0 0 0 0 0 
1544 10 0 0 0 0 0 0 0 0 0 0 0 
1545 10 0 0 0 0 0 0 0 0 0 0 0 
1546 10 0 0 0 0 0 0 0 0 0 0 0 
1547 10 0 0 0 0 0 0 0 0 0 0 0 
1548 10 0 0 0 0 0 0 0 0 0 0 0 
1549 10 0 0 0 0 0 0 0 0 0 0 0 
1550 10 0 0 0 0 0 0 0 0 0 0 0 
1551 10 0 0 0 0 0 0 0 0 0 0 0 
1552 10 0 0 0 0 0 0 0 0 0 0 0 
1553 10 0 0 0 0 0 0 0 0 0 0 0 
1554 10 0 0 0 0 0 0 0 0 0 0 0 
1555 10 0 0 0 0 0 0 0 0 0 0 0 
1556 10 0 0 0 0 0 0 0 0 0 0 0 
1557 10 0 0 0 0 0 0 0 0 0 0 0 
1558 10 0 0 0 0 0 0 0 0 0 0 0 
1559 10 0 0 0 0 0 0 0 0 0 0 0 
1560 10 0 0 0 0 0 0 0 0 0 0 0 
1561 10 0 0 0 0 0 0 0 0 0 0 0 
1562 10 0 0 0 0 0 0 0 0 0 0 0 
1563 10 0 0 0 0 0 0 0 0 0 0 0 
1564 10 0 0 0 0 0 0 0 0 0 0 0 
1565 10 0 0 0 0 0 0 0 0 0 0 0 
1566 10 0 0 0 0 0 0 0 0 0 0 0 
1567 10 0 0 0 0 0 0 0 0 0 0 0 
1568 10 0 0 0 0 0 0 0 0 0 0 0 
1569 10 0 0 0 0 0 0 0 0 0 0 0 
1570 10 0 0 0 0 0 0 0 0 0 0 0 
1571 10 0 0 0 0 0 0 0 0 0 0 0 
1572 10 0 0 0 0 0 0 0 0 0 0 0 
1573 10 0 0 0 0 0 0 0 0 0 0 0 
1574 10 0 0 0 0 0 0 0 0 0 0 0 
1575 10 0 0 0 0 0 0 0 0 0 0 0 
1576 10 0 0 0 0 0 0 0 0 0 0 0 
1577 10 0 0 0 0 0 0 0 0 0 0 0 
1578 10 0 0 0 0 0 0 0 0 0 0 0 
1579 10 0 0 0 0 0 0 0 0 0 0 0 
1580 10 0 0 0 0 0 0 0 0 0 0 0 
1581 10 0 0 0 0 0 0 0 0 0 0 0 
1582 10 0 0 0 0 0 0 0 0 0 0 0 
1583 10 0 0 0 0 0 0 0 0 0 0 0 
1584 10 0 0 0 0 0 0 0 0 0 0 0 
1585 10 0 0 0 0 0 0 0 0 0 0 0 
1586 10 0 0 0 0 0 0 0 0 0 0 0 
1587 10 0 0 0 0 0 0 0 0 0 0 0 
1588 10 0 0 0 0 0 0 0 0 0 0 0 
1589 10 0 0 0 0 0 0 0 0 0 0 0 
1590 10 0 0 0 0 0 0 0 0 0 0 0 
1591 10 0 0 0 0 0 0 0 0 0 0 0 
1592 10 0 0 0 0 0 0 0 0 0 0 0 
1593 10 0 0 0 0 0 0 0 0 0 0 0 
1594 10 0 0 0 0 0 0 0 0 0 0 0 
1595 10 0 0 0 0 0 0 0 0 0 0 0 
1596 10 0 0 0 0 0 0 0 0 0 0 0 
1597 10 0 0 0 0 0 0 0 0 0 0 0 
1598 10 0 0 0 0 0 0 0 0 0 0 0 
1599 10 0 0 0 0 0 0 0 0 0 0 0 
1600 10 0 0 0 0 0 0 0 0 0 0 0 
1601 10 0 0 0 0 0 0 0 0 0 0 0 
1602 10 0 0 0 0 0 0 0 0 0 0 0 
1603 10 0 0 0 0 0 0 0 0 0 0 0 
1604 10 0 0 0 0 0 0 0 0 0 0 0 
1605 10 0 0 0 0 0 0 0 0 0 0 0 
1606 10 0 0 0 0 0 0 0 0 0 0 0 
1607 10 0 0 0 0 0 0 0 0 0 0 0 
1608 10 0 0 0 0 0 0 0 0 0 0 0 
1609 10 0 0 0 0 0 0 0 0 0 0 0 
1610 10 0 0 0 0 0 0 0 0 0 0 0 
1611 10 0 0 0 0 0 0 0 0 0 0 0 
1612 10 0 0 0 0 0 0 0 0 0 0 0 
1613 10 0 0 0 0 0 0 0 0 0 0 0 
1614 10 0 0 0 0 0 0 0 0 0 0 0 
1615 10 0 0 0 0 0 0 0 0 0 0 0 
1616 10 0 0 0 0 0 0 0 0 0 0 0 
1617 10 0 0 0 0 0 0 0 0 0 0 0 
1618 10 0 0 0 0 0 0 0 0 0 0 0 
1619 10 0 0 0 0 0 0 0 0 0 0 0 
1620 10 0 0 0 0 0 0 0 0 0 0 0 
1621 10 0 0 0 0 0 0 0 0 0 0 0 
1622 10 0 0 0 0 0 0 0 0 0 0 0 
1623 10 0 0 0 0 0 0 0 0 0 0 0 
1624 10 0 0 0 0 0 0 0 0 0 0 0 
1625 10 0 0 0 0 0 0 0 0 0 0 0 
1626 10 0 0 0 0 0 0 0 0 0 0 0 
1627 10 0 0 0 0 0 0 0 0 0 0 0 
1628 10 0 0 0 0 0 0 0 0 0 0 0 
1629 10 0 0 0 0 0 0 0 0 0 0 0 
1630 10 0 0 0 0 0 0 0 0 0 0 0 
1631 10 0 0 0 0 0 0 0 0 0 0 0 
1632 10 0 0 0 0 0 0 0 0 0 0 0 
1633 10 0 0 0 0 0 0 0 0 0 0 0 
1634 10 0 0 0 0 0 0 0 0 0 0 0 
1635 10 0 0 0 0 0 0 0 0 0 0 0 
1636 10 0 0 0 0 0 0 0 0 0 0 0 
1637 10 0 0 0 0 0 0 0 0 0 0 0 
1638 10 0 0 0 0 0 0 0 0 0 0 0 
1639 10 0 0 0 0 0 0 0 0 0 0 0 
1640 10 0 0 0 0 0 0 0 0 0 0 0 
1641 10 0 0 0 0 0 0 0 0 0 0 0 
1642 10 0 0 0 0 0 0 0 0 0 0 0 
1643 10 0 0 0 0 0 0 0 0 0 0 0 
1644 10 0 0 0 0 0 0 0 0 0 0 0 
1645 10 0 0 0 0 0 0 0 0 0 0 0 
1646 10 0 0 0 0 0 0 0 0 0 0 0 
1647 10 0 0 0 0 0 0 0 0 0 0 0 
1648 10 0 0 0 0 0 0 0 0 0 0 0 
1649 10 0 0 0 0 0 0 0 0 0 0 0 
1650 10 0 0 0 0 0 0 0 0 0 0 0 
1651 10 0 0 0 0 0 0 0 0 0 0 0 
1652 10 0 0 0 0 0 0 0 0 0 0 0 
1653 10 0 0 0 0 0 0 0 0 0 0 0 
1654 10 0 0 0 0 0 0 0 0 0 0 0 
1655 10 0 0 0 0 0 0 0 0 0 0 0 
1656 10 0 0 0 0 0 0 0 0 0 0 0 
1657 10 0 0 0 0 0 0 0 0 0 0 0 
1658 10 0 0 0 0 0 0 0 0 0 0 0 
1659 10 0 0 0 0 0 0 0 0 0 0 0 
1660 10 0 0 0 0 0 0 0 0 0 0 0 
1661 10 0 0 0 0 0 0 0 0 0 0 0 
1662 10 0 0 0 0 0 0 0 0 0 0 0 
1663 10 0 0 0 0 0 0 0 0 0 0 0 
1664 10 0 0 0 0 0 0 0 0 0 0 0 
1665 10 0 0 0 0 0 0 0 0 0 0 0 
1666 10 0 0 0 0 0 0 0 0 0 0 0 
1667 10 0 0 0 0 0 0 0 0 0 0 0 
1668 10 0 0 0 0 0 0 0 0 0 0 0 
1669 10 0 0 0 0 0 0 0 0 0 0 0 
1670 10 0 0 0 0 0 0 0 0 0 0 0 
1671 10 0 0 0 0 0 0 0 0 0 0 0 
1672 10 0 0 0 0 0 0 0 0 0 0 0 
1673 10 0 0 0 0 0 0 0 0 0 0 0 
1674 10 0 0 0 0 0 0 0 0 0 0 0 
1675 10 0 0 0 0 0 0 0 0 0 0 0 
1676 10 0 0 0 0 0 0 0 0 0 0 0 
1677 10 0 0 0 0 0 0 0 0 0 0 0 
1678 10 0 0 0 0 0 0 0 0 0 0 0 
1679 10 0 0 0 0 0 0 0 0 0 0 0 
1680 10 0 0 0 0 0 0 0 0 0 0 0 
1681 10 0 0 0 0 0 0 0 0 0 0 0 
1682 10 0 0 0 0 0 0 0 0 0 0 0 
1683 10 0 0 0 0 0 0 0 0 0 0 0 
1684 10 0 0 0 0 0 0 0 0 0 0 0 
1685 10 0 0 0 0 0 0 0 0 0 0 0 
1686 10 0 0 0 0 0 0 0 0 0 0 0 
1687 10 0 0 0 0 0 0 0 0 0 0 0 
1688 10 0 0 0 0 0 0 0 0 0 0 0 
1689 10 0 0 0 0 0 0 0 0 0 0 0 
1690 10 0 0 0 0 0 0 0 0 0 0 0 
1691 10 0 0 0 0 0 0 0 0 0 0 0 
1692 10 0 0 0 0 0 0 0 0 0 0 0 
1693 10 0 0 0 0 0 0 0 0 0 0 0 
1694 10 0 0 0 0 0 0 0 0 0 0 0 
1695 10 0 0 0 0 0 0 0 0 0 0 0 
1696 10 0 0 0 0 0 0 0 0 0 0 0 
1697 10 0 0 0 0 0 0 0 0 0 0 0 
1698 10 0 0 0 0 0 0 0 0 0 0 0 
1699 10 0 0 0 0 0 0 0 0 0 0 0 
1700 10 0 0 0 0 0 0 0 0 0 0 0 
1701 10 0 0 0 0 0 0 0 0 0 0 0 
1702 10 0 0 0 0 0 0 0 0 0 0 0 
1703 10 0 0 0 0 0 0 0 0 0 0 0 
1704 10 0 0 0 0 0 0 0 0 0 0 0 
1705 10 0 0 0 0 0 0 0 0 0 0 0 
1706 10 0 0 0 0 0 0 0 0 0 0 0 
1707 10 0 0 0 0 0 0 0 0 0 0 0 
1708 10 0 0 0 0 0 0 0 0 0 0 0 
1709 10 0 0 0 0 0 0 0 0 0 0 0 
1710 10 0 0 0 0 0 0 0 0 0 0 0 
1711 10 0 0 0 0 0 0 0 0 0 0 0 
1712 10 0 0 0 0 0 0 0 0 0 0 0 
1713 10 0 0 0 0 0 0 0 0 0 0 0 
1714 10 0 0 0 0 0 0 0 0 0 0 0 
1715 10 0 0 0 0 0 0 0 0 0 0 0 
1716 10 0 0 0 0 0 0 0 0 0 0 0 
1717 10 11 0 0 0 0 0 0 0 0 0 0 
1718 10 12 0 0 0 0 0 0 0 0 0 0 
1719 10 13 0 0 0 0 0 0 0 0 0 0 
1720 10 14 0 0 0 0 0 0 0 0 0 0 
1721 10 15 0 0 0 0 0 0 0 0 0 0 
1722 10 16 0 0 0 0 0 0 0 0 0 0 
1723 10 17 0 0 0 0 0 0 0 0 0 0 
1724 10 18 0 0 0 0 0 0 0 0 0 0 
1725 10 0 0 0 0 0 0 0 0 0 0 0 
1726 10 0 0 0 0 0 0 0 0 0 0 0 
1727 10 0 0 0 0 0 0 0 0 0 0 0 
1728 10 0 0 0 0 0 0 0 0 0 0 0 
1729 10 0 0 0 0 0 0 0 0 0 0 0 
1730 10 0 0 0 0 0 0 0 0 0 0 0 
1731 10 0 0 0 0 0 0 0 0 0 0 0 
1732 10 0 0 0 0 0 0 0 0 0 0 0 
1733 10 0 0 0 0 0 0 0 0 0 0 0 
1734 10 0 0 0 0 0 0 0 0 0 0 0 
1735 10 21 0 0 0 0 0 0 0 0 0 0 
1736 10 22 0 0 0 0 0 0 0 0 0 0 
1737 10 23 0 0 0 0 0 0 0 0 0 0 
1738 10 24 0 0 0 0 0 0 0 0 0 0 
1739 10 0 0 0 0 0 0 0 0 0 0 0 
1740 10 0 0 0 0 0 0 0 0 0 0 0 
1741 10 26 0 0 0 0 0 0 0 0 0 0 
1742 10 27 0 0 0 0 0 0 0 0 0 0 
1743 10 0 0 0 0 0 0 0 0 0 0 0 
1744 10 0 0 0 0 0 0 0 0 0 0 0 
1745 10 0 0 0 0 0 0 0 0 0 0 0 
1746 10 0 0 0 0 0 0 0 0 0 0 0 
1747 10 0 0 0 0 0 0 0 0 0 0 0 
1748 10 0 0 0 0 0 0 0 0 0 0 0 
1749 10 0 0 0 0 0 0 0 0 0 0 0 
1750 10 0 0 0 0 0 0 0 0 0 0 0 
1751 10 0 0 0 0 0 0 0 0 0 0 0 
1752 10 0 0 0 0 0 0 0 0 0 0 0 
1753 10 0 0 0 0 0 0 0 0 0 0 0 
1754 10 0 0 0 0 0 0 0 0 0 0 0 
1755 10 0 0 0 0 0 0 0 0 0 0 0 
1756 10 0 0 0 0 0 0 0 0 0 0 0 
1757 10 0 0 0 0 0 0 0 0 0 0 0 
1758 10 0 0 0 0 0 0 0 0 0 0 0 
1759 10 0 0 0 0 0 0 0 0 0 0 0 
1760 10 0 0 0 0 0 0 0 0 0 0 0 
1761 10 0 0 0 0 0 0 0 0 0 0 0 
1762 10 0 0 0 0 0 0 0 0 0 0 0 
1763 10 0 0 0 0 0 0 0 0 0 0 0 
1764 10 0 0 0 0 0 0 0 0 0 0 0 
1765 10 0 0 0 0 0 0 0 0 0 0 0 
1766 10 0 0 0 0 0 0 0 0 0 0 0 
1767 10 0 0 0 0 0 0 0 0 0 0 0 
1768 10 0 0 0 0 0 0 0 0 0 0 0 
1769 10 0 0 0 0 0 0 0 0 0 0 0 
1770 10 0 0 0 0 0 0 0 0 0 0 0 
1771 10 0 0 0 0 0 0 0 0 0 0 0 
1772 10 0 0 0 0 0 0 0 0 0 0 0 
1773 10 0 0 0 0 0 0 0 0 0 0 0 
1774 10 0 0 0 0 0 0 0 0 0 0 0 
1775 10 0 0 0 0 0 0 0 0 0 0 0 
1776 10 0 0 0 0 0 0 0 0 0 0 0 
1777 10 0 0 0 0 0 0 0 0 0 0 0 
1778 10 0 0 0 0 0 0 0 0 0 0 0 
1779 10 0 0 0 0 0 0 0 0 0 0 0 
1780 10 0 0 0 0 0 0 0 0 0 0 0 
1781 10 0 0 0 0 0 0 0 0 0 0 0 
1782 10 0 0 0 0 0 0 0 0 0 0 0 
1783 10 0 0 0 0 0 0 0 0 0 0 0 
1784 10 0 0 0 0 0 0 0 0 0 0 0 
1785 10 0 0 0 0 0 0 0 0 0 0 0 
1786 10 0 0 0 0 0 0 0 0 0 0 0 
1787 10 0 0 0 0 0 0 0 0 0 0 0 
1788 10 0 0 0 0 0 0 0 0 0 0 0 
1789 10 0 0 0 0 0 0 0 0 0 0 0 
1790 10 0 0 0 0 0 0 0 0 0 0 0 
1791 10 0 0 0 0 0 0 0 0 0 0 0 
1792 10 0 0 0 0 0 0 0 0 0 0 0 
1793 10 0 0 0 0 0 0 0 0 0 0 0 
1794 10 0 0 0 0 0 0 0 0 0 0 0 
1795 10 0 0 0 0 0 0 0 0 0 0 0 
1796 10 0 0 0 0 0 0 0 0 0 0 0 
1797 10 0 0 0 0 0 0 0 0 0 0 0 
1798 10 0 0 0 0 0 0 0 0 0 0 0 
1799 10 0 0 0 0 0 0 0 0 0 0 0 
1800 10 0 0 0 0 0 0 0 0 0 0 0 
1801 10 0 0 0 0 0 0 0 0 0 0 0 
1802 10 0 0 0 0 0 0 0 0 0 0 0 
1803 10 0 0 0 0 0 0 0 0 0 0 0 
1804 10 0 0 0 0 0 0 0 0 0 0 0 
1805 10 0 0 0 0 0 0 0 0 0 0 0 
1806 10 0 0 0 0 0 0 0 0 0 0 0 
1807 10 0 0 0 0 0 0 0 0 0 0 0 
1808 10 0 0 0 0 0 0 0 0 0 0 0 
1809 10 0 0 0 0 0 0 0 0 0 0 0 
1810 10 0 0 0 0 0 0 0 0 0 0 0 
1811 10 0 0 0 0 0 0 0 0 0 0 0 
1812 10 0 0 0 0 0 0 0 0 0 0 0 
1813 10 0 0 0 0 0 0 0 0 0 0 0 
1814 10 0 0 0 0 0 0 0 0 0 0 0 
1815 10 0 0 0 0 0 0 0 0 0 0 0 
1816 10 0 0 0 0 0 0 0 0 0 0 0 
1817 10 0 0 0 0 0 0 0 0 0 0 0 
1818 10 0 0 0 0 0 0 0 0 0 0 0 
1819 10 0 0 0 0 0 0 0 0 0 0 0 
1820 10 0 0 0 0 0 0 0 0 0 0 0 
1821 10 0 0 0 0 0 0 0 0 0 0 0 
1822 10 0 0 0 0 0 0 0 0 0 0 0 
1823 10 0 0 0 0 0 0 0 0 0 0 0 
1824 10 0 0 0 0 0 0 0 0 0 0 0 
1825 10 0 0 0 0 0 0 0 0 0 0 0 
1826 10 0 0 0 0 0 0 0 0 0 0 0 
1827 10 0 0 0 0 0 0 0 0 0 0 0 
1828 10 0 0 0 0 0 0 0 0 0 0 0 
1829 10 0 0 0 0 0 0 0 0 0 0 0 
1830 10 0 0 0 0 0 0 0 0 0 0 0 
1831 10 0 0 0 0 0 0 0 0 0 0 0 
1832 10 0 0 0 0 0 0 0 0 0 0 0 
1833 10 33 0 0 0 0 0 0 0 0 0 0 
1834 10 34 0 0 0 0 0 0 0 0 0 0 
1835 10 0 0 0 0 0 0 0 0 0 0 0 
1836 10 0 0 0 0 0 0 0 0 0 0 0 
1837 10 0 0 0 0 0 0 0 0 0 0 0 
1838 10 0 0 0 0 0 0 0 0 0 0 0 
1839 10 0 0 0 0 0 0 0 0 0 0 0 
1840 10 0 0 0 0 0 0 0 0 0 0 0 
1841 10 0 0 0 0 0 0 0 0 0 0 0 
1842 10 0 0 0 0 0 0 0 0 0 0 0 
1843 10 0 0 0 0 0 0 0 0 0 0 0 
1844 10 0 0 0 0 0 0 0 0 0 0 0 
1845 10 0 0 0 0 0 0 0 0 0 0 0 
1846 10 0 0 0 0 0 0 0 0 0 0 0 
1847 10 0 0 0 0 0 0 0 0 0 0 0 
1848 10 0 0 0 0 0 0 0 0 0 0 0 
1849 10 0 0 0 0 0 0 0 0 0 0 0 
1850 10 0 0 0 0 0 0 0 0 0 0 0 
1851 10 0 0 0 0 0 0 0 0 0 0 0 
1852 10 0 0 0 0 0 0 0 0 0 0 0 
1853 10 0 0 0 0 0 0 0 0 0 0 0 
1854 10 0 0 0 0 0 0 0 0 0 0 0 
1855 10 0 0 0 0 0 0 0 0 0 0 0 
1856 10 0 0 0 0 0 0 0 0 0 0 0 
1857 10 0 0 0 0 0 0 0 0 0 0 0 
1858 10 0 0 0 0 0 0 0 0 0 0 0 
1859 10 0 0 0 0 0 0 0 0 0 0 0 
1860 10 0 0 0 0 0 0 0 0 0 0 0 
1861 10 0 0 0 0 0 0 0 0 0 0 0 
1862 10 0 0 0 0 0 0 0 0 0 0 0 
1863 10 0 0 0 0 0 0 0 0 0 0 0 
1864 10 0 0 0 0 0 0 0 0 0 0 0 
1865 10 0 0 0 0 0 0 0 0 0 0 0 
1866 10 0 0 0 0 0 0 0 0 0 0 0 
1867 10 0 0 0 0 0 0 0 0 0 0 0 
1868 10 0 0 0 0 0 0 0 0 0 0 0 
1869 10 0 0 0 0 0 0 0 0 0 0 0 
1870 10 0 0 0 0 0 0 0 0 0 0 0 
1871 10 0 0 0 0 0 0 0 0 0 0 0 
1872 10 0 0 0 0 0 0 0 0 0 0 0 
1873 10 0 0 0 0 0 0 0 0 0 0 0 
1874 10 0 0 0 0 0 0 0 0 0 0 0 
1875 10 0 0 0 0 0 0 0 0 0 0 0 
1876 10 0 0 0 0 0 0 0 0 0 0 0 
1877 10 0 0 0 0 0 0 0 0 0 0 0 
1878 10 0 0 0 0 0 0 0 0 0 0 0 
1879 10 0 0 0 0 0 0 0 0 0 0 0 
1880 10 0 0 0 0 0 0 0 0 0 0 0 
1881 10 0 0 0 0 0 0 0 0 0 0 0 
1882 10 0 0 0 0 0 0 0 0 0 0 0 
1883 10 0 0 0 0 0 0 0 0 0 0 0 
1884 10 0 0 0 0 0 0 0 0 0 0 0 
1885 10 0 0 0 0 0 0 0 0 0 0 0 
1886 10 0 0 0 0 0 0 0 0 0 0 0 
1887 10 0 0 0 0 0 0 0 0 0 0 0 
1888 10 0 0 0 0 0 0 0 0 0 0 0 
1889 10 0 0 0 0 0 0 0 0 0 0 0 
1890 10 0 0 0 0 0 0 0 0 0 0 0 
1891 10 0 0 0 0 0 0 0 0 0 0 0 
1892 10 0 0 0 0 0 0 0 0 0 0 0 
1893 10 0 0 0 0 0 0 0 0 0 0 0 
1894 10 0 0 0 0 0 0 0 0 0 0 0 
1895 10 0 0 0 0 0 0 0 0 0 0 0 
1896 10 0 0 0 0 0 0 0 0 0 0 0 
1897 10 0 0 0 0 0 0 0 0 0 0 0 
1898 10 0 0 0 0 0 0 0 0 0 0 0 
1899 10 0 0 0 0 0 0 0 0 0 0 0 
1900 10 0 0 0 0 0 0 0 0 0 0 0 
1901 10 0 0 0 0 0 0 0 0 0 0 0 
1902 10 0 0 0 0 0 0 0 0 0 0 0 
1903 10 0 0 0 0 0 0 0 0 0 0 0 
1904 10 0 0 0 0 0 0 0 0 0 0 0 
1905 10 0 0 0 0 0 0 0 0 0 0 0 
1906 10 0 0 0 0 0 0 0 0 0 0 0 
1907 10 0 0 0 0 0 0 0 0 0 0 0 
1908 10 0 0 0 0 0 0 0 0 0 0 0 
1909 10 0 0 0 0 0 0 0 0 0 0 0 
1910 10 0 0 0 0 0 0 0 0 0 0 0 
1911 10 0 0 0 0 0 0 0 0 0 0 0 
1912 10 0 0 0 0 0 0 0 0 0 0 0 
1913 10 0 0 0 0 0 0 0 0 0 0 0 
1914 10 0 0 0 0 0 0 0 0 0 0 0 
1915 10 0 0 0 0 0 0 0 0 0 0 0 
1916 10 0 0 0 0 0 0 0 0 0 0 0 
1917 10 0 0 0 0 0 0 0 0 0 0 0 
1918 10 0 0 0 0 0 0 0 0 0 0 0 
1919 10 0 0 0 0 0 0 0 0 0 0 0 
1920 10 0 0 0 0 0 0 0 0 0 0 0 
1921 10 0 0 0 0 0 0 0 0 0 0 0 
1922 10 0 0 0 0 0 0 0 0 0 0 0 
1923 10 0 0 0 0 0 0 0 0 0 0 0 
1924 10 0 0 0 0 0 0 0 0 0 0 0 
1925 10 0 0 0 0 0 0 0 0 0 0 0 
1926 10 0 0 0 0 0 0 0 0 0 0 0 
1927 10 0 0 0 0 0 0 0 0 0 0 0 
1928 10 0 0 0 0 0 0 0 0 0 0 0 
1929 10 0 0 0 0 0 0 0 0 0 0 0 
1930 10 0 0 0 0 0 0 0 0 0 0 0 
1931 10 0 0 0 0 0 0 0 0 0 0 0 
1932 10 0 0 0 0 0 0 0 0 0 0 0 
1933 10 0 0 0 0 0 0 0 0 0 0 0 
1934 10 0 0 0 0 0 0 0 0 0 0 0 
1935 10 0 0 0 0 0 0 0 0 0 0 0 
1936 10 0 0 0 0 0 0 0 0 0 0 0 
1937 10 0 0 0 0 0 0 0 0 0 0 0 
1938 10 0 0 0 0 0 0 0 0 0 0 0 
1939 10 0 0 0 0 0 0 0 0 0 0 0 
1940 10 0 0 0 0 0 0 0 0 0 0 0 
1941 10 0 0 0 0 0 0 0 0 0 0 0 
1942 10 0 0 0 0 0 0 0 0 0 0 0 
1943 10 0 0 0 0 0 0 0 0 0 0 0 
1944 10 0 0 0 0 0 0 0 0 0 0 0 
1945 10 0 0 0 0 0 0 0 0 0 0 0 
1946 10 0 0 0 0 0 0 0 0 0 0 0 
1947 10 0 0 0 0 0 0 0 0 0 0 0 
1948 10 0 0 0 0 0 0 0 0 0 0 0 
1949 10 0 0 0 0 0 0 0 0 0 0 0 
1950 10 0 0 0 0 0 0 0 0 0 0 0 
1951 10 0 0 0 0 0 0 0 0 0 0 0 
1952 10 0 0 0 0 0 0 0 0 0 0 0 
1953 10 0 0 0 0 0 0 0 0 0 0 0 
1954 10 0 0 0 0 0 0 0 0 0 0 0 
1955 10 0 0 0 0 0 0 0 0 0 0 0 
1956 10 0 0 0 0 0 0 0 0 0 0 0 
1957 10 0 0 0 0 0 0 0 0 0 0 0 
1958 10 0 0 0 0 0 0 0 0 0 0 0 
1959 10 0 0 0 0 0 0 0 0 0 0 0 
1960 10 0 0 0 0 0 0 0 0 0 0 0 
1961 10 0 0 0 0 0 0 0 0 0 0 0 
1962 10 0 0 0 0 0 0 0 0 0 0 0 
1963 10 0 0 0 0 0 0 0 0 0 0 0 
1964 10 0 0 0 0 0 0 0 0 0 0 0 
1965 10 0 0 0 0 0 0 0 0 0 0 0 
1966 10 0 0 0 0 0 0 0 0 0 0 0 
1967 10 0 0 0 0 0 0 0 0 0 0 0 
1968 10 0 0 0 0 0 0 0 0 0 0 0 
1969 10 0 0 0 0 0 0 0 0 0 0 0 
1970 10 0 0 0 0 0 0 0 0 0 0 0 
1971 10 0 0 0 0 0 0 0 0 0 0 0 
1972 10 0 0 0 0 0 0 0 0 0 0 0 
1973 10 0 0 0 0 0 0 0 0 0 0 0 
1974 10 0 0 0 0 0 0 0 0 0 0 0 
1975 10 0 0 0 0 0 0 0 0 0 0 0 
1976 10 0 0 0 0 0 0 0 0 0 0 0 
1977 10 0 0 0 0 0 0 0 0 0 0 0 
1978 10 0 0 0 0 0 0 0 0 0 0 0 
1979 10 0 0 0 0 0 0 0 0 0 0 0 
1980 10 0 0 0 0 0 0 0 0 0 0 0 
1981 10 0 0 0 0 0 0 0 0 0 0 0 
1982 10 0 0 0 0 0 0 0 0 0 0 0 
1983 10 0 0 0 0 0 0 0 0 0 0 0 
1984 10 0 0 0 0 0 0 0 0 0 0 0 
1985 10 0 0 0 0 0 0 0 0 0 0 0 
1986 10 0 0 0 0 0 0 0 0 0 0 0 
1987 10 0 0 0 0 0 0 0 0 0 0 0 
1988 10 0 0 0 0 0 0 0 0 0 0 0 
1989 10 0 0 0 0 0 0 0 0 0 0 0 
1990 10 0 0 0 0 0 0 0 0 0 0 0 
1991 10 0 0 0 0 0 0 0 0 0 0 0 
1992 10 0 0 0 0 0 0 0 0 0 0 0 
1993 10 0 0 0 0 0 0 0 0 0 0 0 
1994 10 0 0 0 0 0 0 0 0 0 0 0 
1995 10 0 0 0 0 0 0 0 0 0 0 0 
1996 10 0 0 0 0 0 0 0 0 0 0 0 
1997 10 0 0 0 0 0 0 0 0 0 0 0 
1998 10 0 0 0 0 0 0 0 0 0 0 0 
1999 10 0 0 0 0 0 0 0 0 0 0 0 
2000 10 0 0 0 0 0 0 0 0 0 0 0 
2001 10 0 0 0 0 0 0 0 0 0 0 0 
2002 10 0 0 0 0 0 0 0 0 0 0 0 
2003 10 0 0 0 0 0 0 0 0 0 0 0 
2004 10 0 0 0 0 0 0 0 0 0 0 0 
2005 10 0 0 0 0 0 0 0 0 0 0 0 
2006 10 0 0 0 0 0 0 0 0 0 0 0 
2007 10 0 0 0 0 0 0 0 0 0 0 0 
2008 10 0 0 0 0 0 0 0 0 0 0 0 
2009 10 0 0 0 0 0 0 0 0 0 0 0 
2010 10 0 0 0 0 0 0 0 0 0 0 0 
2011 10 0 0 0 0 0 0 0 0 0 0 0 
2012 10 0 0 0 0 0 0 0 0 0 0 0 
2013 10 0 0 0 0 0 0 0 0 0 0 0 
2014 10 0 0 0 0 0 0 0 0 0 0 0 
2015 10 0 0 0 0 0 0 0 0 0 0 0 
2016 10 0 0 0 0 0 0 0 0 0 0 0 
2017 10 0 0 0 0 0 0 0 0 0 0 0 
2018 10 0 0 0 0 0 0 0 0 0 0 0 
2019 10 0 0 0 0 0 0 0 0 0 0 0 
2020 10 0 0 0 0 0 0 0 0 0 0 0 
2021 10 0 0 0 0 0 0 0 0 0 0 0 
2022 10 0 0 0 0 0 0 0 0 0 0 0 
2023 10 0 0 0 0 0 0 0 0 0 0 0 
2024 10 0 0 0 0 0 0 0 0 0 0 0 
2025 10 0 0 0 0 0 0 0 0 0 0 0 
2026 10 0 0 0 0 0 0 0 0 0 0 0 
2027 10 0 0 0 0 0 0 0 0 0 0 0 
2028 10 0 0 0 0 0 0 0 0 0 0 0 
2029 10 0 0 0 0 0 0 0 0 0 0 0 
2030 10 0 0 0 0 0 0 0 0 0 0 0 
2031 10 0 0 0 0 0 0 0 0 0 0 0 
2032 10 0 0 0 0 0 0 0 0 0 0 0 
2033 10 0 0 0 0 0 0 0 0 0 0 0 
2034 10 0 0 0 0 0 0 0 0 0 0 0 
2035 10 0 0 0 0 0 0 0 0 0 0 0 
2036 10 0 0 0 0 0 0 0 0 0 0 0 
2037 10 0 0 0 0 0 0 0 0 0 0 0 
2038 10 0 0 0 0 0 0 0 0 0 0 0 
2039 10 0 0 0 0 0 0 0 0 0 0 0 
2040 10 0 0 0 0 0 0 0 0 0 0 0 
2041 10 0 0 0 0 0 0 0 0 0 0 0 
2042 10 0 0 0 0 0 0 0 0 0 0 0 
2043 10 0 0 0 0 0 0 0 0 0 0 0 
2044 10 0 0 0 0 0 0 0 0 0 0 0 
2045 10 0 0 0 0 0 0 0 0 0 0 0 
2046 10 0 0 0 0 0 0 0 0 0 0 0 

0 4 1 3 pack_2 0.00471143 8 -8 -106 60 12 -106 60 2 -106 96 17 -106 60 2 -106 126 -3 -96 54 17 59 156 -3 -111 78 
1 4 1 3 pack_2 0.0472441 5 -13 74 294 -8 79 144 -23 34 132 7 89 354 -33 29 132 
2 4 1 3 pack_2 0.0224159 3 17 54 354 7 64 12 2 39 96 
3 4 1 3 pack_2 0.929577 11 -3 4 72 2 -6 144 -8 44 96 12 44 72 -3 -16 156 17 39 54 7 -26 144 17 54 144 -3 -21 354 27 54 330 -8 59 198 
4 4 1 3 pack_2 0.230769 1 7 -31 144 
5 4 1 3 pack_2 0.0909091 1 22 39 54 
6 4 1 3 pack_2 0.1875 5 -3 -51 72 17 -96 294 -8 -56 84 -3 -56 72 32 -106 36 
7 4 1 3 pack_2 1 10 -53 -111 354 47 -111 120 47 -111 132 52 -111 198 -48 -111 336 42 -111 96 37 -111 72 -28 -111 354 42 -111 54 37 -111 156 
8 4 1 3 pack_2 0.957983 19 37 -106 126 -43 -111 330 -48 -111 54 17 -111 102 22 -106 12 -48 -111 294 32 -106 156 -38 -111 84 -38 -111 78 32 -106 354 -48 -111 198 27 -111 294 27 -111 78 -33 -111 336 27 -111 72 27 -106 156 -28 -111 336 22 -106 294 17 -106 294 
9 4 0 
10 4 1 3 pack_2 1 9 2 -111 96 -28 -111 84 2 -96 102 -18 -111 354 12 -66 60 -18 -96 84 22 -106 120 -18 -101 84 7 -71 54 
11 4 1 3 pack_2 1 54 -38 -106 120 -23 -106 102 -3 -106 72 -28 -106 102 -3 -111 132 -43 -106 126 -13 -106 102 27 -106 60 17 -111 60 22 -111 60 22 -106 78 -48 -101 120 -3 -111 54 -38 -111 102 17 -111 78 7 -111 72 7 -101 354 -13 -111 330 7 -111 60 -33 -111 96 -43 -111 198 -13 -111 60 -13 -106 54 -23 -111 126 -18 -111 132 -13 -111 120 17 -106 120 -23 -111 72 -18 -111 336 -13 -111 72 -23 -111 120 7 -111 132 32 -106 318 12 -111 126 -18 -111 84 22 -106 126 27 -111 336 -18 -106 144 -48 -111 120 -8 -111 354 2 -111 36 17 -111 126 27 -111 318 22 -111 336 -13 -106 12 -3 -106 12 -28 -111 120 -18 -111 12 12 -111 330 2 -111 156 12 -111 336 7 -111 294 -38 -111 54 -33 -111 60 
12 4 1 3 pack_2 1 1 -8 -111 294 
13 4 1 3 pack_2 1 19 -8 -96 84 12 -96 156 2 -96 60 -3 -91 60 22 -96 36 27 -96 330 22 -101 144 12 -106 126 -23 -91 78 12 -106 120 22 -106 318 7 -106 156 -28 -91 96 17 -106 318 17 -101 354 7 -106 330 17 -106 336 -23 -96 102 -28 -91 102 
14 4 1 3 pack_2 1 5 -28 -96 12 -13 -96 120 -33 -96 120 -43 -96 120 -18 -96 126 
15 4 1 3 pack_2 1 8 -18 -91 72 -8 -91 60 17 -101 120 17 -71 36 27 -96 60 12 -101 132 7 -91 36 -38 -96 198 
16 4 1 3 pack_2 1 4 7 -96 36 -3 -101 330 7 -101 318 12 -106 54 
17 4 1 3 pack_2 1 10 17 -101 60 22 -71 336 2 -101 54 2 -101 72 17 -71 144 -8 -101 96 12 -106 156 12 -91 78 -18 -101 72 17 -66 144 
18 4 1 3 pack_2 0.965035 23 22 -106 330 -3 -106 132 17 -106 78 17 -91 54 7 -91 72 17 -86 72 2 -96 336 12 -91 54 22 -106 72 22 -86 60 -3 -91 78 17 -96 330 -23 -101 120 27 -101 54 2 -101 102 22 -101 72 27 -91 36 -38 -101 120 -33 -101 120 -3 -106 126 -13 -106 126 -8 -106 294 -3 -106 294 
19 4 1 3 pack_2 1 5 27 -76 318 -3 -61 78 -43 -101 120 -23 -101 156 -13 -101 60 
20 4 1 3 pack_2 0.0671642 3 22 -16 336 22 -31 330 -23 44 144 
21 4 1 3 pack_2 1 89 22 -21 72 2 -91 156 7 -21 96 17 -16 78 -3 -91 156 2 -86 330 27 14 336 22 -6 72 17 4 156 27 -11 60 17 -11 78 12 -91 336 27 -16 60 17 -26 78 -3 29 198 22 39 354 -3 39 198 2 -31 96 17 -21 156 12 -76 156 2 -81 144 22 -31 60 22 19 354 22 -16 60 22 -36 72 7 -6 102 2 -81 330 -3 -76 144 7 -11 102 -3 4 198 -3 -21 102 27 14 330 -18 -31 126 -18 -26 126 17 -16 72 7 -81 144 -3 -71 144 -23 -6 144 -3 -41 102 22 -91 318 -3 -61 144 17 -11 354 12 -26 72 17 -1 78 17 -81 318 -8 -6 198 22 -6 60 17 4 354 -23 -26 132 17 -76 144 22 -21 354 12 -91 126 -8 -86 354 -13 -6 132 7 34 12 2 -36 54 17 -81 144 7 -66 330 27 -26 60 12 -71 318 7 14 12 7 -71 336 32 -1 330 22 -76 318 -3 -86 354 2 -86 132 2 -86 354 -3 -71 336 32 19 336 12 -86 126 -8 -16 36 7 -21 84 -3 -21 198 -13 -1 36 17 -41 60 -38 -76 198 17 -21 354 -13 4 132 22 -16 78 22 19 156 7 -71 156 -13 -46 60 27 -31 60 7 -41 84 32 -21 330 12 -71 144 7 -56 330 12 24 156 2 4 330 
22 4 1 3 pack_2 0.987998 343 2 -21 54 27 -36 60 2 9 330 2 4 12 -8 -21 102 32 4 336 -3 -11 36 -13 9 156 22 4 156 -8 -51 156 12 9 318 12 4 12 -13 -31 60 2 -51 336 -3 -26 54 27 39 330 -8 -11 60 7 -26 54 12 39 12 -3 -21 54 12 -46 72 -8 -41 54 -13 -36 126 2 24 330 7 -61 132 -8 -26 54 17 -26 54 2 -6 120 -43 -16 198 32 39 330 -8 -41 60 17 -41 54 2 4 336 12 14 144 27 -26 336 12 -71 354 7 -36 54 17 29 144 17 -31 54 7 -61 318 -3 24 330 2 -1 318 2 -6 36 -13 -11 60 2 -26 84 -23 -16 60 -3 4 330 2 -26 60 -13 4 198 -8 -71 198 -13 -11 54 17 -11 336 -23 -6 60 -18 -41 132 -23 -6 156 7 -1 318 17 -71 126 -18 -71 36 -8 -71 12 -18 4 354 12 -26 60 17 -76 120 12 9 144 -13 -46 126 17 -71 132 12 -1 318 2 14 144 17 -21 54 22 9 318 17 -11 330 -33 14 198 -18 -6 36 -3 14 132 -13 -26 84 -8 -1 336 22 -11 318 -28 -91 12 -13 -16 156 17 -6 336 -33 9 198 22 -21 156 12 -71 120 -3 -56 336 17 -81 72 17 14 336 -13 -16 78 2 4 126 -28 -31 144 -18 -41 78 -8 -21 72 2 9 126 7 -46 102 12 44 12 27 -26 318 22 -26 330 7 -46 84 17 9 132 2 4 132 7 -11 36 -23 -41 78 -3 19 132 2 -81 96 -13 -16 354 -18 -21 72 27 -46 36 2 -31 60 -18 -11 354 12 -31 96 -43 -6 198 -13 -51 60 7 -21 318 -33 -21 102 -8 -6 336 -13 29 144 27 -66 330 -23 14 156 -3 24 132 27 -26 36 -3 -61 330 7 -46 72 12 -31 60 -8 4 354 -18 -26 72 -8 -16 72 12 14 330 2 -11 336 -23 -36 96 27 -76 336 -3 -41 72 -33 -36 96 7 14 144 12 -61 156 -43 19 198 -3 4 12 -8 -51 54 -8 29 336 22 14 120 -38 -36 120 -28 -71 54 7 4 132 17 -11 120 -3 29 144 22 -51 60 22 -76 294 17 -41 36 7 19 120 32 39 318 -33 -11 198 -13 -86 36 -8 -26 78 -28 -11 54 7 19 132 -38 -21 198 7 14 120 -43 -21 198 -28 -51 78 12 4 126 -28 -1 60 12 -1 132 12 -1 330 17 -46 36 7 -46 36 17 14 126 -3 34 144 -13 -6 78 -3 -1 60 -38 -16 96 22 39 132 7 -46 60 -38 -21 120 -28 -6 78 17 19 318 -28 -46 144 -38 -41 120 17 -61 144 12 -31 36 12 -26 144 -43 -21 120 22 -86 132 -33 -6 12 2 34 132 -8 -36 84 7 -41 60 -18 34 294 7 -21 354 7 -86 72 17 -86 78 12 -51 96 27 14 354 -23 -51 72 -3 -21 132 -3 -16 72 -13 -46 78 -3 -21 144 12 -6 126 -43 -26 126 -3 -46 84 7 -51 102 22 -21 318 22 -26 354 12 -16 120 17 -21 36 -8 -31 78 -28 -16 54 -3 -86 84 27 -6 354 7 39 330 -43 -46 102 -23 -21 354 -18 -66 36 -18 14 12 22 -16 120 -23 -86 354 17 -81 78 7 -86 78 17 -1 120 -23 -71 354 -8 -41 78 -48 -46 120 -8 39 156 7 39 120 -18 4 84 7 -21 330 27 44 330 -43 -36 102 -13 -66 198 27 -51 36 22 -71 126 -8 -86 102 22 -76 144 2 -16 156 7 -16 144 -8 -46 78 -18 -46 102 22 -21 120 -48 -46 132 -13 49 294 7 -81 120 -18 -16 36 17 -16 36 -13 -71 144 -8 -11 12 17 -21 120 -23 34 294 2 -21 126 2 -51 54 -28 -1 198 -3 -66 132 -8 -51 60 -23 -11 12 -13 -86 120 2 -21 36 -33 -11 60 7 -56 12 22 -76 60 -33 9 36 -3 -71 60 -13 -66 144 -13 -86 60 -8 -71 330 -13 -51 120 7 29 126 -13 -21 336 -33 24 12 12 -51 60 -8 -6 78 -28 39 318 27 9 294 -23 34 12 -38 -16 36 27 4 294 7 -51 72 27 -56 318 -28 -16 354 -3 -46 336 -18 -51 126 27 -16 132 -33 -46 126 7 -51 318 32 -31 318 22 -16 294 22 -51 318 -38 -46 132 -13 -56 60 27 -21 132 -23 44 294 -18 -51 78 -23 39 318 -33 -11 72 -18 -46 60 -38 -26 198 27 -31 336 27 -11 126 -8 -56 54 17 -1 102 -28 -56 78 17 -51 126 7 -51 354 -38 -6 12 -8 14 132 -43 14 36 -3 14 126 2 14 120 -13 -66 336 37 -6 330 7 -26 12 -28 49 294 -23 -86 72 -23 -51 60 -3 -16 318 17 -31 156 -8 -56 126 32 -41 60 12 -51 120 -13 -46 54 37 -21 330 -38 -56 96 -23 34 318 22 -31 120 -38 19 12 22 -21 12 -43 -26 198 37 -11 336 22 -31 354 -48 -1 198 -8 -26 330 -38 -16 84 -48 4 198 -33 -36 78 -38 -21 12 -28 -41 72 -3 14 318 -38 -11 72 -53 -31 132 -53 -51 126 27 -26 120 -28 -36 72 -13 -1 330 -53 -26 120 -53 -31 120 -53 -46 144 -33 -1 354 -43 -16 12 
23 4 1 3 pack_2 0.887524 2216 -53 114 96 -48 114 144 -53 114 60 -53 114 330 -43 114 60 -43 114 336 -38 114 36 -38 114 336 57 114 96 57 114 72 57 114 60 -33 114 156 -33 114 54 57 114 294 57 114 144 52 114 36 47 114 96 -28 114 78 52 114 318 52 114 156 47 114 12 47 114 84 -23 114 60 17 114 84 17 114 36 -8 114 354 -18 114 60 12 114 102 -3 114 36 17 114 120 2 114 102 37 114 54 42 114 132 -8 114 72 17 114 72 22 114 60 7 114 120 12 114 156 42 114 156 27 114 72 -3 114 294 2 114 336 2 114 78 -3 114 120 -8 114 336 17 114 330 2 114 318 7 114 330 22 114 336 32 114 330 27 114 126 17 114 54 27 114 318 -18 114 318 2 114 60 -48 109 156 -53 109 84 -43 109 96 -48 109 72 -53 109 336 -43 109 198 -38 109 354 -43 109 36 -43 109 132 -38 109 36 -38 109 144 -38 109 54 -43 109 294 -43 109 120 -33 109 156 57 109 144 -38 109 294 -33 109 198 -38 109 120 57 109 198 -33 109 132 -33 109 294 52 109 102 52 109 354 52 109 120 52 109 54 -28 109 156 -28 109 144 52 109 198 -28 109 132 -23 109 72 -28 109 54 47 109 144 -3 109 354 -13 109 12 2 109 354 22 109 84 -18 109 12 32 109 120 42 109 36 -23 109 60 -18 109 36 22 109 120 32 109 60 -13 109 96 17 109 120 -18 109 60 37 109 12 27 109 84 -8 109 96 47 109 330 2 109 84 12 109 72 47 109 336 -18 109 198 7 109 78 2 109 294 32 109 78 32 109 144 -18 109 120 37 109 60 2 109 156 -8 109 156 42 109 336 -13 109 126 37 109 132 7 109 132 32 109 126 32 109 318 27 109 294 37 109 330 27 109 318 12 109 318 7 109 144 -13 109 336 2 109 72 -13 109 294 -48 104 96 -43 104 96 -53 104 120 -43 104 60 -43 104 72 -48 104 132 -53 104 126 -43 104 12 -38 104 198 -38 104 36 57 104 36 57 104 198 57 104 156 57 104 318 57 104 78 -33 104 96 -18 104 96 52 104 12 -28 104 120 52 104 144 -28 104 102 -8 104 102 47 104 84 -23 104 36 47 104 354 52 104 336 47 104 102 -3 104 78 -18 104 72 -23 104 12 -23 104 156 12 104 78 47 104 72 7 104 354 42 104 84 17 104 84 27 104 198 -28 104 354 22 104 72 -13 104 78 17 104 354 17 104 120 32 104 84 32 104 60 -23 104 198 42 104 60 27 104 78 12 104 156 17 104 294 37 104 156 -3 104 132 32 104 132 -3 104 198 32 104 330 27 104 12 27 104 330 -8 104 144 -3 104 144 -53 99 102 2 99 84 -53 99 78 -48 99 54 -53 99 60 -48 99 84 -48 99 144 -48 99 60 -43 99 36 -8 99 102 -28 99 102 -43 99 144 -33 99 132 57 99 102 -23 99 126 57 99 60 -33 99 84 52 99 354 52 99 126 52 99 318 22 99 60 47 99 78 47 99 354 12 99 354 47 99 156 22 99 84 37 99 120 2 99 132 32 99 78 17 99 294 37 99 126 27 99 36 22 99 132 27 99 132 22 99 336 32 99 336 -8 99 198 27 99 330 -13 94 96 -18 94 102 -18 94 96 -28 94 126 7 94 78 -18 94 120 -23 94 126 -43 94 156 -38 94 120 -8 94 72 -48 94 102 -33 94 102 -43 94 144 -53 94 72 -48 94 72 -43 94 102 -53 94 144 -18 94 78 57 94 120 -23 94 84 -48 94 318 -53 94 126 -38 94 36 -38 94 330 57 94 78 7 94 156 7 94 60 57 94 330 52 94 102 -3 94 120 -3 89 84 -28 94 294 7 94 102 2 94 132 -23 94 156 47 94 102 17 94 84 47 94 12 -28 94 54 12 94 144 47 94 36 12 94 120 22 94 78 22 94 120 47 94 60 32 94 72 17 94 144 2 89 84 27 94 78 47 94 336 32 94 102 42 94 132 17 94 126 42 94 144 32 94 54 17 94 294 37 94 54 37 94 132 32 94 294 22 94 132 37 94 354 27 94 318 17 94 330 -18 89 120 -23 89 96 -3 84 78 -13 84 102 -28 89 132 -33 89 132 -33 89 102 -23 89 84 -18 89 132 -43 89 126 -23 84 102 -43 89 96 -28 89 84 22 89 54 -48 89 354 -53 89 144 -48 89 126 17 89 78 -53 89 354 -13 89 294 -53 89 72 -43 89 84 -38 89 84 -43 89 60 -48 89 12 -53 89 294 -23 84 96 57 89 294 -33 89 72 -28 84 126 2 89 60 57 89 198 17 89 156 57 89 54 -33 89 78 57 89 60 -43 89 318 52 89 96 7 84 84 -3 89 144 22 89 198 47 89 72 27 89 72 47 89 132 47 89 144 37 89 198 37 89 84 27 89 120 47 89 60 42 89 294 17 89 126 17 89 132 12 89 294 42 89 156 32 89 126 37 89 126 37 89 330 32 89 12 27 89 144 27 89 294 27 89 156 -28 84 96 -13 84 72 -23 89 330 -33 84 102 12 89 318 22 84 54 -18 79 96 17 84 78 -43 84 120 -43 84 156 12 79 60 -48 84 198 7 79 60 -48 84 144 -28 84 78 12 79 72 -28 79 126 -3 84 126 -48 84 96 2 84 120 -43 84 354 -48 84 354 -53 84 72 -28 84 72 27 84 60 -38 84 72 -38 84 294 17 84 96 57 84 294 -43 84 330 -38 84 336 -48 84 336 57 84 132 -53 84 336 -53 84 294 -3 84 156 7 84 294 57 84 330 -18 84 318 -38 84 354 -33 84 54 -28 79 132 27 84 78 12 84 120 47 84 102 47 84 84 47 84 294 47 84 12 32 84 60 32 84 54 47 84 144 22 84 102 32 84 96 -28 84 60 47 84 54 47 84 126 47 84 330 37 84 72 32 84 198 42 84 60 42 84 144 37 84 294 17 84 132 -8 74 84 37 84 318 32 84 144 -8 84 60 27 84 126 22 79 60 -8 84 318 2 84 198 -33 79 144 -18 79 126 22 84 318 -38 79 144 2 74 72 -13 84 60 -8 79 294 -18 79 132 7 74 72 -13 74 84 12 79 198 -3 84 54 -43 79 144 7 79 96 17 79 84 2 79 126 -18 79 318 -38 79 294 22 79 198 17 74 60 -23 79 156 -53 79 102 -53 79 126 7 79 132 -28 74 126 -43 79 78 -28 79 72 -53 79 60 57 79 126 -38 79 354 22 79 156 -48 79 318 -33 74 126 47 79 78 52 79 330 52 79 156 17 79 102 7 74 54 -18 79 330 37 79 12 37 79 54 -18 79 156 47 79 126 42 79 60 42 79 144 37 79 354 27 79 318 12 74 84 -13 69 102 -28 74 156 -3 79 318 -38 74 156 12 69 60 -13 74 126 22 74 72 -33 74 318 -43 74 156 2 74 54 -8 79 330 12 74 96 22 74 198 -43 74 102 -8 74 144 -28 74 72 12 74 144 7 74 132 -53 74 132 57 74 120 -33 74 78 -48 74 198 -38 74 354 -38 74 336 12 74 132 -43 74 72 -48 74 72 57 74 60 37 74 60 22 74 96 -53 74 84 -53 74 60 47 74 120 47 74 294 47 74 72 32 74 84 52 74 60 -48 74 294 37 74 120 -8 79 54 -48 74 330 42 74 60 42 74 318 -53 74 330 47 74 318 42 74 36 42 74 294 17 74 294 42 74 144 2 69 102 -3 69 120 -13 74 330 -33 74 60 27 74 126 27 74 144 22 69 36 2 64 72 -8 69 120 -8 69 132 -18 74 336 17 69 198 -13 64 294 22 69 72 22 74 318 -8 64 96 2 69 120 -38 69 102 -33 69 84 12 69 96 -13 64 84 -38 69 96 2 69 132 27 74 354 12 69 156 -43 69 102 22 69 84 -18 69 156 -43 69 120 17 64 72 22 64 54 -33 69 318 -38 69 84 -43 69 96 -28 69 330 -8 64 294 22 64 60 7 64 54 2 69 144 -48 69 144 37 69 36 57 69 120 -18 64 84 17 69 144 57 69 354 -33 69 294 -43 69 84 57 69 144 57 69 54 -38 69 72 -53 69 156 57 69 318 42 69 84 52 69 144 37 69 84 37 69 54 -38 69 336 32 69 96 -43 69 354 42 69 120 32 69 144 -53 69 60 47 69 60 47 69 126 -53 69 132 -23 64 144 27 69 294 -43 69 294 -23 69 60 -28 69 60 2 59 78 17 69 126 -8 59 78 7 69 36 27 64 54 27 69 318 7 69 318 -18 59 294 -8 69 54 2 64 54 27 69 336 7 64 96 2 64 102 12 59 60 27 64 72 -18 59 156 -18 59 144 -48 64 198 17 59 60 -23 69 354 -28 64 78 -13 54 294 22 64 294 42 64 330 -18 49 294 42 64 336 17 64 132 2 59 60 52 64 120 42 64 78 47 64 72 32 64 96 12 64 294 -13 49 144 42 64 120 52 64 12 57 64 132 -8 54 144 57 64 60 17 59 72 27 64 294 52 64 126 47 64 132 32 64 198 57 64 198 47 64 126 -43 64 354 -43 64 72 -23 64 60 -13 64 60 -28 64 60 -23 59 78 -48 64 330 12 59 120 27 59 60 7 59 96 -28 59 102 -13 59 132 -3 59 60 12 54 60 -3 54 144 -23 59 72 -8 59 126 12 64 318 -8 54 102 22 59 78 7 59 318 -48 59 198 17 64 12 17 54 60 -3 49 84 42 59 330 17 54 54 -13 59 336 -18 59 318 2 49 84 2 44 126 42 59 318 17 59 120 7 49 198 7 54 54 -28 54 318 -8 59 60 -23 59 354 32 59 132 -33 64 12 -23 54 102 57 59 102 -8 49 132 37 59 84 -38 59 72 37 59 78 -18 59 60 57 59 354 52 59 12 12 54 126 -28 49 318 57 59 36 42 59 36 -13 59 60 -3 44 330 7 49 318 -23 54 354 12 49 120 2 39 126 42 59 12 42 59 126 -28 59 336 57 59 198 7 44 132 17 59 12 -53 59 60 -48 54 198 -53 59 354 7 44 156 -43 59 336 -48 59 60 -13 49 78 -18 49 96 17 59 318 -43 54 12 27 54 60 12 49 126 12 54 96 -53 59 336 12 54 102 12 44 132 -18 44 144 17 54 126 17 49 72 -3 49 156 2 44 198 22 49 294 -13 54 120 2 49 60 12 59 330 32 54 54 32 54 126 -33 54 72 7 34 156 22 49 120 47 54 330 27 54 84 27 49 318 -33 54 12 2 54 294 32 54 78 32 54 84 37 54 60 7 49 96 2 34 198 -33 54 336 12 29 144 7 49 330 7 59 336 -43 54 96 -33 59 198 47 54 120 17 44 198 -33 49 294 52 54 294 12 34 132 52 54 144 -28 49 96 27 49 126 -8 49 126 47 54 36 52 54 318 17 44 126 -3 59 354 -28 54 336 -38 54 294 57 54 336 52 54 336 22 49 78 -13 54 318 2 34 156 7 44 60 52 54 198 -13 49 354 -38 54 36 -8 44 198 17 39 120 12 29 132 -53 49 198 -18 19 294 -28 49 72 17 34 132 -43 54 330 17 54 336 -28 44 60 -8 54 54 -43 54 318 -18 49 120 12 49 330 -8 39 96 12 49 354 -3 59 12 -53 54 294 -43 34 198 2 44 60 37 49 144 -33 54 198 -3 39 78 -3 54 354 27 44 120 2 54 354 22 34 318 12 44 330 -43 49 36 17 44 12 27 49 12 47 49 318 -8 44 354 32 39 354 -23 44 84 -28 39 354 -13 39 84 -13 39 96 -33 39 12 -38 49 318 37 49 60 22 29 126 -43 29 198 7 24 198 -33 49 198 -38 34 198 -13 49 60 -3 34 126 37 49 72 27 44 60 27 34 156 -23 39 54 -23 44 78 37 49 12 -18 49 126 47 49 72 37 29 330 12 39 330 -13 44 198 32 44 120 -23 29 318 -43 49 96 7 44 102 -13 39 102 17 39 294 47 49 60 -43 49 102 -28 34 60 52 49 12 2 34 84 -13 39 78 -33 39 60 47 49 54 52 49 126 -18 44 60 12 39 54 47 49 354 -8 49 36 32 39 144 -53 49 60 -38 44 60 7 39 336 7 19 198 32 44 54 -23 19 294 -8 34 96 12 34 72 17 19 126 22 44 96 -18 39 54 -13 39 330 -48 49 354 2 39 60 -48 34 198 -8 44 318 7 39 96 -18 39 102 12 24 354 37 44 126 -13 34 198 -13 39 72 -23 29 54 -53 49 330 -53 49 336 -33 39 54 -3 44 12 32 39 120 22 39 72 2 4 156 27 44 12 -38 44 294 2 39 102 12 34 60 -3 -26 132 2 24 12 37 44 36 -48 44 12 -13 14 294 32 44 84 -18 39 60 47 44 336 27 19 132 -3 34 354 -23 49 12 -33 44 36 2 34 354 -28 24 54 37 44 72 -28 24 60 -38 44 354 37 44 84 -53 44 36 42 44 72 17 19 330 -18 49 12 37 44 96 17 29 198 -38 39 72 -3 39 60 52 44 102 -23 39 72 32 34 132 -43 44 78 -38 29 36 32 34 294 42 44 36 47 44 60 -8 34 72 52 44 60 -23 44 12 47 44 36 52 44 36 57 44 294 -8 44 54 -43 39 54 27 39 198 -23 14 54 37 44 198 22 39 84 17 24 12 57 44 336 -3 29 78 -43 34 12 -18 34 318 57 44 198 -33 39 78 -18 34 78 -23 19 60 2 29 72 -33 34 354 27 39 78 -48 44 96 -43 44 336 37 9 330 2 34 60 -13 44 12 -23 44 132 -18 39 120 17 34 84 -18 29 198 -18 34 102 -23 39 12 -43 39 60 32 29 294 27 14 294 -23 44 36 7 -31 156 -33 34 36 -8 29 102 -18 29 336 32 39 72 -38 44 156 -13 29 78 -8 24 96 32 -36 330 -13 -36 156 22 29 54 32 24 144 7 29 60 -18 24 198 12 29 54 37 39 156 -3 34 60 -33 14 60 -3 24 36 -48 39 60 42 39 120 -33 34 156 22 -41 354 -38 34 318 -33 29 72 -13 24 84 -33 34 336 52 39 84 52 39 72 42 39 126 12 24 78 -3 24 294 -13 29 72 -23 29 336 57 39 102 37 34 126 -18 39 36 52 39 318 2 29 60 -23 39 36 -43 39 96 57 39 60 57 39 12 -33 14 54 52 39 336 -53 39 60 57 39 132 -8 34 318 -43 29 54 -43 39 330 57 39 336 -13 24 78 47 34 330 -38 24 54 -8 34 60 12 24 84 17 29 84 -18 24 84 -8 24 72 -8 19 84 -18 19 60 32 -41 330 2 14 84 22 29 78 2 9 84 -43 39 294 -3 24 102 2 19 72 -13 19 84 17 24 102 -3 29 60 12 19 78 -23 9 294 -18 14 60 -53 39 102 27 29 102 22 -36 330 7 14 72 -3 14 96 32 19 126 17 29 36 7 -46 144 -53 39 330 -53 39 336 -13 14 84 32 34 198 -18 19 84 -33 29 156 37 34 12 -8 19 72 17 19 72 37 29 120 -28 29 36 -33 19 318 -8 9 84 7 24 96 47 34 294 -28 14 294 -48 39 318 -38 14 54 -18 34 132 -18 24 36 27 4 120 12 14 60 -18 19 78 7 4 78 -3 14 72 -23 -36 156 -18 -51 156 12 24 294 -8 29 318 -13 19 72 7 -51 144 22 19 198 52 34 60 37 34 198 -18 19 72 -13 9 54 2 4 78 7 -1 84 -3 -1 96 -3 -46 330 -28 14 72 -3 -56 198 42 29 294 52 34 336 2 9 36 52 34 156 17 -41 132 7 -56 144 57 34 318 27 24 60 -43 34 330 12 -46 132 -8 9 102 12 9 84 -48 34 78 -13 14 72 -18 14 72 -48 29 60 12 -6 78 -33 29 102 2 14 60 -8 -31 132 -23 -36 354 -18 14 36 -3 -1 102 32 14 120 -13 9 72 37 19 294 -23 14 72 -23 29 120 2 9 60 -18 4 12 2 -21 354 7 14 54 -43 34 354 -3 -16 96 37 29 72 37 29 78 -23 -41 156 -3 -11 84 7 -6 72 2 -1 72 -3 -1 78 17 -1 60 -53 34 96 17 4 54 7 9 54 32 -56 330 -8 19 60 -33 -16 54 42 29 96 -33 9 72 42 29 102 47 29 84 47 29 120 -3 -31 126 47 29 78 27 24 12 42 29 144 17 19 36 -18 -31 54 32 4 294 52 29 78 52 29 120 42 29 12 -13 14 60 -8 24 318 -23 -1 84 47 29 12 27 24 78 -48 29 72 37 29 198 -13 -1 72 2 -11 78 12 -41 12 -28 14 96 2 9 102 2 -6 72 -53 34 318 -18 4 96 2 -1 60 57 29 144 7 14 102 22 4 54 32 -61 330 -8 14 54 -28 29 144 -8 9 60 -8 24 120 17 -16 60 17 -46 126 57 29 156 57 29 336 22 -1 54 -23 24 120 -28 4 78 2 -11 72 7 -51 120 17 4 84 17 9 198 -23 14 102 42 4 330 32 24 84 17 -11 54 -38 24 354 7 -41 336 27 19 72 2 -51 318 2 -41 120 -23 -6 72 12 -46 12 32 -1 132 -43 19 72 -33 19 102 12 -51 330 17 9 36 42 24 72 37 24 102 -43 24 96 47 19 330 42 19 294 -13 -31 36 -53 29 78 -18 -6 96 47 24 120 12 -16 54 27 9 60 27 -41 354 -33 -26 60 47 24 60 -23 -1 294 17 9 96 47 24 12 -18 14 330 -13 -6 294 52 24 60 -33 -1 96 7 -26 198 7 -51 336 42 24 156 52 24 36 37 -26 336 -38 14 96 -23 -21 198 2 -46 120 27 14 198 37 14 126 12 -11 198 -53 24 60 17 -56 72 -28 24 126 -23 -26 12 47 24 198 -3 -46 354 52 24 156 57 24 294 -13 -11 12 37 14 120 -38 14 102 -18 -6 102 57 24 336 -43 9 60 -38 -16 60 -43 14 72 -8 -11 120 27 -36 294 2 -51 120 -13 -36 36 37 19 60 37 19 72 -13 -31 132 17 -1 96 32 14 36 2 -56 84 -38 -21 54 -28 -36 156 -28 -11 36 12 -56 336 42 -6 330 27 9 72 -28 19 120 42 19 72 -28 24 132 -33 -1 102 -33 -26 36 -53 24 72 42 19 84 -33 24 120 12 -61 336 -53 24 102 -13 -11 120 47 19 72 -18 -46 54 7 -61 84 2 -51 354 47 19 96 -28 -26 354 -18 -1 120 47 19 60 -48 9 54 47 19 12 17 -66 72 -23 -66 156 2 -71 96 -3 -61 96 47 19 36 -33 24 132 -23 -31 198 52 19 294 -33 -61 198 22 -1 84 32 9 60 52 19 144 22 -16 36 32 -71 336 27 -51 354 22 -56 54 -3 -56 126 -28 -41 156 -18 -51 54 2 -61 354 -8 -36 126 -28 14 120 -43 9 72 57 19 354 52 19 156 -53 24 294 22 -61 120 12 -56 60 -48 19 96 -13 -51 72 32 14 96 27 -46 144 -8 -51 36 7 -61 72 -8 -51 78 -38 -26 54 37 14 78 22 -51 294 -3 -56 60 -28 -46 54 22 -66 60 -43 19 336 -38 -26 60 12 -71 78 27 -46 132 2 -56 54 32 4 36 37 14 96 -13 -46 36 42 14 96 27 -16 36 -28 -56 84 -38 19 120 -8 -56 36 2 -71 102 32 -6 54 32 -1 60 -8 -66 132 22 -1 198 47 14 60 -8 -61 102 47 14 102 -8 -56 60 -13 -61 78 -18 -66 84 22 -71 60 -38 -31 54 32 9 84 27 4 96 -28 14 132 7 -71 72 12 -81 72 -28 -26 36 27 -16 72 -3 -71 84 27 -51 294 -33 -26 156 32 -6 60 -23 14 132 -18 -66 144 -18 -61 54 17 -31 102 37 9 72 -18 -56 60 -18 -56 198 -43 9 78 -13 -61 72 32 9 96 -13 -56 102 -18 -61 78 37 9 78 -13 -76 84 -18 -76 84 -28 -56 54 22 -71 54 27 -36 120 -8 -71 96 37 -41 336 -23 -56 96 -48 19 336 32 -16 120 -3 -61 120 -8 4 318 -33 14 132 -48 19 120 -28 -31 36 17 -81 60 -23 -21 120 -18 -81 84 -28 -71 198 -33 -51 12 -28 -26 144 37 4 36 37 9 84 -28 -6 294 -33 9 132 -18 -66 78 -38 -6 78 -23 -61 12 -28 -81 198 32 4 12 32 -16 60 -43 9 84 -13 -61 102 -43 -11 60 -38 -46 36 -48 19 156 -23 -11 132 -8 -76 84 2 -76 72 22 -81 72 27 -1 198 -33 -56 96 42 9 198 -33 -36 72 22 -21 102 -3 -66 54 47 9 126 52 9 54 32 -36 354 -43 4 78 52 9 36 -23 -66 78 52 9 102 27 -6 84 -38 -21 72 -13 -21 330 32 -21 120 -48 14 120 47 9 156 2 -81 72 -53 14 78 22 -56 36 -48 -1 60 -3 -61 36 -8 -56 12 -13 -76 72 17 -36 96 -3 -31 318 57 9 102 -8 -81 132 42 4 54 12 -91 12 -48 19 144 -13 -66 60 -18 -76 78 42 4 60 7 -81 60 -18 -96 198 -38 9 126 -33 -1 120 32 -16 36 57 9 336 -43 -16 60 -28 -61 60 -3 -71 54 -33 -61 96 32 -26 60 -33 -41 156 -23 -71 78 -33 -1 126 -3 -81 78 42 4 84 12 -76 96 -28 -21 132 -3 -66 36 -3 -76 54 -8 -81 36 -38 -6 120 47 4 78 37 -6 60 -23 -81 96 -18 -51 36 42 -31 318 -48 4 72 37 -6 36 -38 -26 72 -23 -76 54 17 -46 102 47 4 96 12 -61 36 -28 -71 96 -38 -41 60 -28 -56 72 -13 -76 102 -48 9 84 32 -41 354 32 -31 60 12 -66 102 -28 -66 156 47 4 132 -18 -81 12 -53 9 72 7 -56 198 -48 4 120 -33 -66 96 37 -66 318 17 -46 294 -53 -16 198 -18 -86 12 47 4 198 27 -51 156 42 -1 60 57 4 60 57 4 84 52 4 132 57 4 102 -48 -6 102 -13 -76 60 -23 -51 36 -8 -21 294 -48 -1 96 -8 -71 54 27 -11 96 -53 4 102 32 -26 156 -28 -66 102 -23 -71 144 57 4 126 27 -51 120 -18 -31 294 -53 -1 54 -33 -51 72 27 -21 12 -23 -86 54 57 4 198 42 -1 78 -48 -6 12 -43 -1 132 42 -1 84 -18 -76 60 17 -76 36 47 -1 72 47 -1 78 2 -101 120 -3 -96 126 -23 -56 120 42 -1 144 2 -96 198 -23 -71 72 -33 -96 36 47 -1 96 27 -21 84 47 -1 102 42 -1 198 42 -6 54 -3 -76 36 12 -91 96 37 -6 156 -38 -61 96 -13 -76 132 -43 -11 126 37 -16 60 -3 -86 120 -43 -86 198 52 -1 84 47 -1 126 12 -76 102 -8 -81 120 2 -71 36 52 -1 294 47 -1 132 -18 -81 102 52 -1 120 -33 -66 102 37 -6 12 47 -1 198 -23 -26 294 -23 -91 54 17 -56 294 -28 -81 60 -33 -31 132 -18 -71 126 -28 -71 36 -8 -81 54 -48 -1 132 37 -11 72 57 -1 36 -53 -1 102 -23 -76 72 12 -46 198 22 -56 12 27 -71 126 47 -16 318 32 -31 156 -23 -76 36 -13 -86 336 37 -26 354 -33 -31 354 -8 -86 120 -43 -11 78 -38 -36 72 22 -31 96 -23 -61 120 -28 -86 36 42 -6 72 -23 -81 36 -38 -16 132 37 -21 60 -38 -56 60 -28 -91 36 -8 -16 318 -33 -91 60 42 -16 294 -33 -61 72 42 -6 96 37 -21 132 47 -6 72 -48 -6 132 -43 -6 156 -18 -81 120 -38 -91 36 -53 4 294 37 -66 336 7 -16 294 47 -6 120 -13 -81 54 -43 -11 84 -13 -86 132 32 -31 72 -23 -101 54 -23 -66 120 -18 -81 126 52 -6 330 -48 -11 132 52 -6 96 -38 -96 36 52 -6 120 32 -11 96 37 -36 294 47 -6 156 27 -66 72 32 -61 54 7 -76 198 57 -6 60 -43 -11 156 22 -36 96 -18 -41 294 37 -86 318 52 -6 132 -33 -86 102 -53 -1 144 -38 -81 54 57 -6 330 -28 -91 156 -43 -51 36 -43 -16 144 -38 -71 60 2 -11 294 27 -36 84 -53 -11 126 12 -96 102 37 -26 126 -13 -91 54 -28 -21 318 32 -61 60 -8 -96 126 47 -11 102 52 -11 78 -53 -11 132 -28 -81 72 17 -101 12 -48 -1 336 17 -76 102 -23 -96 144 52 -11 318 -43 -21 78 42 -51 318 32 -41 72 -43 -56 120 -48 -21 96 -53 -16 54 -33 -56 132 57 -11 318 52 -11 132 -48 -6 354 -38 -21 354 -33 -76 72 -43 -26 156 32 -66 60 -53 -6 78 -28 -81 144 22 -46 96 37 -16 198 37 -41 54 -43 -31 72 57 -11 126 -53 -16 102 47 -16 294 -38 -51 72 -53 -11 144 -23 -86 126 37 -26 72 37 -21 78 32 -46 72 37 -31 126 27 -96 126 27 -81 72 47 -16 84 32 -26 84 42 -16 144 42 -56 318 -38 -51 132 27 -36 102 17 -41 198 27 -46 84 -53 -11 156 52 -16 120 37 -41 60 57 -16 36 37 -46 54 57 -16 12 57 -16 96 -23 -26 318 52 -16 126 27 -86 72 -8 -31 318 -48 -11 354 -53 -21 102 32 -81 54 42 -21 354 37 -31 72 -28 -86 354 -33 -86 72 47 -21 60 -38 -61 126 37 -36 144 47 -21 294 42 -51 336 17 -46 198 42 -21 120 32 -76 60 -43 -61 126 42 -21 198 52 -21 36 47 -21 84 52 -21 60 -53 -26 36 47 -21 120 32 -66 132 -33 -51 354 -53 -41 198 52 -21 84 47 -21 144 57 -21 60 -43 -71 54 -43 -76 36 47 -21 132 -33 -91 72 27 -96 120 42 -36 294 52 -21 120 -18 -36 330 -48 -11 336 52 -21 144 -48 -26 72 57 -21 294 32 -81 60 -38 -61 84 52 -21 132 -38 -61 156 -28 -41 294 52 -21 156 37 -51 60 -38 -71 144 32 -61 120 -23 -21 330 -53 -26 144 32 -91 294 47 -26 12 -53 -21 156 -48 -11 330 17 -101 102 37 -96 336 -33 -76 126 42 -26 198 47 -26 354 27 -61 12 -53 -26 60 47 -26 120 -43 -66 96 -43 -51 12 -48 -31 156 32 -31 198 -33 -96 78 57 -26 36 27 -41 198 42 -36 36 57 -26 12 -38 -81 144 27 -101 156 32 -86 36 -48 -31 72 57 -26 84 52 -26 144 57 -26 96 -38 -36 354 52 -26 126 42 -31 12 32 -91 60 47 -31 60 57 -26 198 17 -61 198 42 -41 54 32 -101 294 42 -31 78 -33 -91 126 52 -31 54 -38 -91 126 -43 -56 156 42 -31 198 -43 -66 144 27 -46 96 27 -86 78 -48 -46 60 22 -56 198 -23 -46 336 -38 -96 126 42 -31 102 42 -41 36 37 -66 54 -13 -76 330 32 -96 60 -38 -71 84 32 -71 120 32 -81 132 -43 -46 84 -48 -16 294 12 -76 294 42 -41 60 57 -31 78 32 -71 72 -28 -26 336 -48 -66 132 52 -31 144 -48 -41 156 42 -36 12 27 -71 12 32 -91 354 52 -31 132 37 -71 294 -53 -21 318 -43 -71 144 37 -51 144 12 -81 294 42 -36 78 37 -61 354 37 -66 60 -53 -26 330 47 -36 78 42 -36 120 -43 -56 72 42 -36 96 52 -36 294 32 -41 198 -33 -71 354 47 -36 96 -8 -51 318 -38 -86 72 47 -36 120 -28 -61 294 32 -96 354 -43 -96 132 -53 -56 120 52 -36 102 -53 -26 294 57 -36 84 -33 -26 336 -43 -66 156 37 -56 132 32 -66 78 47 -51 330 47 -36 156 52 -36 132 7 -56 294 47 -41 60 -43 -61 72 47 -41 12 -48 -46 12 -33 -76 354 52 -41 36 -23 -76 294 -48 -81 120 -48 -51 156 -28 -66 294 37 -41 102 -43 -86 144 -33 -41 318 -53 -41 156 42 -51 60 47 -41 198 57 -41 318 42 -76 336 -43 -26 294 57 -41 78 -8 -76 294 -48 -66 144 -53 -41 60 -43 -56 78 12 -96 294 57 -41 84 -18 -36 318 42 -86 330 22 -86 96 -43 -91 60 37 -46 198 -43 -61 84 47 -41 156 52 -41 132 -48 -86 126 -48 -56 156 -48 -31 336 -43 -36 354 -43 -76 156 -53 -31 318 -3 -66 294 -53 -46 54 57 -41 156 -53 -36 330 37 -46 96 52 -46 12 52 -46 72 37 -46 102 52 -46 354 -43 -71 72 42 -81 336 42 -61 54 47 -46 96 52 -46 84 57 -46 354 -38 -36 330 32 -76 78 47 -46 102 32 -91 72 -38 -36 294 -3 -71 294 -28 -41 336 -43 -76 12 37 -76 354 57 -46 102 -48 -96 132 -48 -41 354 7 -71 294 -53 -51 36 -53 -41 72 -53 -61 102 -43 -101 96 -48 -71 60 -53 -51 156 37 -91 36 2 -56 294 37 -51 84 -53 -41 330 -8 -86 294 -38 -96 78 -13 -96 294 52 -51 72 47 -51 84 -53 -41 84 -43 -106 60 37 -56 156 42 -51 102 47 -51 96 -18 -71 330 27 -71 96 -48 -36 330 52 -51 102 -33 -61 294 -48 -51 78 -53 -51 60 42 -56 72 37 -61 78 42 -71 294 27 -96 84 -38 -41 318 42 -56 78 -43 -96 156 -48 -86 144 42 -66 60 27 -86 102 57 -56 60 -38 -46 294 32 -71 84 37 -71 120 -53 -56 96 -23 -76 336 22 -91 198 57 -56 12 -48 -71 156 57 -56 330 42 -56 126 -43 -101 156 27 -76 96 37 -86 354 -53 -81 198 -33 -51 330 -28 -51 336 52 -56 120 -33 -101 354 47 -56 126 -48 -91 54 -48 -41 294 52 -56 144 47 -66 336 -8 -96 294 37 -76 72 57 -56 144 27 -91 102 52 -61 60 57 -56 132 -13 -56 318 -48 -66 72 -18 -81 330 57 -61 60 42 -61 84 -48 -86 60 -43 -81 84 -38 -51 330 2 -71 294 -53 -86 198 -48 -96 54 -33 -66 318 22 -101 198 47 -66 54 -48 -46 330 47 -66 36 -43 -96 72 47 -66 60 -48 -86 96 47 -61 156 42 -76 60 37 -106 60 42 -81 36 -43 -96 12 -53 -91 126 42 -66 84 37 -66 102 37 -71 156 -38 -56 330 -48 -96 36 37 -86 126 57 -66 294 47 -66 96 -48 -66 78 47 -86 318 42 -66 132 -38 -56 318 47 -76 336 47 -66 144 -53 -66 60 47 -66 132 -43 -56 336 57 -66 120 52 -66 126 52 -66 132 37 -86 120 57 -66 132 57 -66 126 -48 -66 84 -53 -71 96 57 -71 330 57 -71 354 -48 -91 156 57 -71 78 42 -71 102 42 -71 144 47 -76 36 52 -71 96 -18 -96 330 52 -71 198 52 -71 102 27 -96 96 47 -71 144 47 -71 126 47 -76 60 32 -86 102 -48 -61 336 52 -76 60 37 -96 132 -48 -106 36 57 -76 54 47 -76 354 42 -76 198 47 -71 156 52 -76 294 52 -76 12 57 -76 60 -28 -91 318 57 -71 156 37 -76 102 32 -86 198 -23 -101 336 47 -76 96 37 -81 198 -53 -76 60 42 -96 54 57 -76 96 42 -96 36 37 -86 78 -53 -81 54 52 -81 36 32 -96 84 37 -96 120 42 -91 60 52 -81 60 52 -81 330 47 -81 72 52 -81 354 47 -101 318 57 -81 318 57 -76 126 -48 -86 12 42 -81 84 -53 -101 144 57 -76 156 -53 -81 96 37 -106 132 52 -81 84 47 -86 54 37 -96 12 -38 -96 354 32 -101 84 -53 -81 60 -28 -101 318 47 -86 12 52 -81 144 57 -81 102 52 -86 318 -48 -76 354 52 -86 294 -38 -76 330 -48 -81 84 -23 -96 318 -48 -91 12 -53 -76 330 37 -86 102 -53 -86 96 -33 -81 330 57 -86 336 42 -86 144 42 -86 132 -23 -86 330 52 -86 96 42 -101 60 57 -86 96 52 -86 120 52 -86 102 32 -101 198 52 -91 318 52 -91 60 52 -91 354 47 -91 78 52 -91 336 37 -91 102 52 -91 72 -48 -96 12 -53 -81 72 -53 -81 336 47 -96 60 42 -96 72 -48 -106 72 57 -91 198 37 -96 84 42 -101 12 37 -101 198 -48 -96 78 52 -96 336 47 -96 84 -48 -91 84 42 -96 102 47 -101 294 -53 -96 60 37 -106 156 42 -101 72 -53 -86 84 -18 -91 318 47 -96 132 52 -101 60 -48 -81 330 52 -101 330 42 -96 156 47 -106 36 47 -106 294 57 -96 120 -53 -86 294 -38 -91 336 57 -101 318 47 -106 12 47 -106 60 57 -96 156 57 -101 72 -53 -91 354 42 -106 84 47 -106 84 42 -106 102 -43 -96 354 52 -111 36 57 -106 60 42 -106 132 52 -106 72 57 -106 354 42 -106 156 -53 -96 336 52 -111 78 57 -111 60 -53 -91 12 57 -111 336 57 -111 72 -33 -106 330 57 -111 198 -48 -111 84 -53 -101 336 -38 -106 318 -53 -101 84 -53 -101 294 -53 -106 72 
24 4 1 3 pack_2 0.146341 2 -48 -106 336 -48 -101 330 
25 4 1 3 pack_2 0.140625 9 -18 99 54 -33 84 36 -18 89 60 -18 84 60 -38 -21 336 -18 109 318 -53 29 156 -3 109 72 -28 99 12 
26 4 1 3 pack_2 0.92228 89 -43 64 120 -43 24 318 -8 74 156 -33 29 144 -53 64 126 -48 69 126 -33 74 198 -23 99 354 -8 94 354 -28 14 330 -38 14 330 -18 99 354 -8 99 60 -13 99 354 -23 99 336 -38 9 330 -33 94 12 -13 99 12 -8 84 198 2 94 354 7 104 60 -43 69 54 -3 99 12 -33 9 330 -13 99 60 -28 94 198 -38 39 126 2 109 60 12 109 54 -38 89 198 27 94 354 -38 19 294 -38 39 120 -23 104 336 27 79 336 12 94 354 -28 -6 318 -53 49 132 -3 99 336 -8 99 318 17 104 54 -28 4 330 -23 104 318 -13 89 198 -43 49 132 -43 39 132 -53 39 120 -38 79 12 -53 49 120 -43 -6 318 -53 34 144 7 74 330 -33 94 336 -53 39 132 -48 14 294 -43 9 330 -48 24 294 -33 49 120 -28 69 54 -43 4 330 -28 94 330 -43 -11 294 -48 19 318 -48 14 330 -43 -6 330 12 74 318 -28 -16 330 -38 49 132 -43 -16 318 -48 24 156 -53 29 132 -33 -11 330 -33 84 12 -28 54 126 -48 29 120 -43 4 294 -8 69 156 -53 29 126 -18 -16 318 -28 54 144 -3 94 60 -3 79 330 -38 44 126 -33 4 294 -28 -21 330 -48 24 144 -48 59 120 -48 24 132 -18 -11 318 
27 4 1 3 pack_2 0.40678 4 -28 49 132 -38 64 102 -28 64 102 -13 69 354 
28 4 1 3 pack_2 0.0711462 3 32 -86 318 -3 89 156 -48 -51 144 
29 4 1 3 pack_2 0.0725807 3 22 64 330 27 64 330 17 64 156 
30 4 1 3 pack_2 0.6 10 -48 34 144 -43 54 144 -13 94 12 -38 59 132 -43 59 126 -43 59 132 -43 59 144 -8 94 60 -43 9 318 -13 89 354 
31 4 1 3 pack_2 0.878049 6 2 89 12 7 89 12 -18 89 12 -33 69 36 12 89 12 -18 84 54 
32 4 1 3 pack_2 1 3 2 84 36 -38 -11 318 -38 -16 318 
33 4 1 3 pack_2 1 10 2 74 354 12 74 336 7 84 336 -3 84 354 -18 79 12 7 84 354 -23 79 12 -28 79 198 -23 84 12 -28 69 198 
34 4 1 3 pack_2 1 2 -8 74 354 -28 74 12 
35 4 1 3 pack_2 1 2 -23 79 354 -33 74 12 
36 4 1 3 pack_2 0.545455 1 -18 79 36 
37 4 1 3 pack_2 0.193548 1 -28 64 126 
38 4 1 3 pack_2 0.00549115 3 -13 94 36 -8 74 36 -13 89 60 
