10 64 4
0 0 -1 148 2 19 -1 -1 -1 -1 -1 3 13 
1 1 -1 294 2 14 -1 -1 -1 -1 -1 0 3697 
2 1 -1 157 2 29 -1 -1 -1 -1 -1 1 436 
3 2 0 0 0 0 0 0 0 0 0 0 0 
4 2 -1 319 2 24 -1 -1 -1 -1 -1 1 1439 
5 2 20 0 0 0 0 0 0 0 0 0 0 
6 2 -1 49 2 24 -1 -1 -1 -1 -1 2 1016 
7 3 0 0 0 0 0 0 0 0 0 0 0 
8 3 0 0 0 0 0 0 0 0 0 0 0 
9 3 -1 261 4 29 -1 -1 -1 -1 -1 0 2114 
10 3 19 0 0 0 0 0 0 0 0 0 0 
11 3 0 0 0 0 0 0 0 0 0 0 0 
12 3 0 0 0 0 0 0 0 0 0 0 0 
13 3 -1 199 4 34 -1 -1 -1 -1 -1 3 2479 
14 3 -1 172 4 19 -1 -1 -1 -1 -1 3 873 
15 4 0 0 0 0 0 0 0 0 0 0 0 
16 4 0 0 0 0 0 0 0 0 0 0 0 
17 4 0 0 0 0 0 0 0 0 0 0 0 
18 4 0 0 0 0 0 0 0 0 0 0 0 
19 4 -1 146 2 15 -1 -1 -1 -1 -1 2 4228 
20 4 -1 5 0 36 -1 -1 -1 -1 -1 3 -1 
21 4 0 0 0 0 0 0 0 0 0 0 0 
22 4 0 0 0 0 0 0 0 0 0 0 0 
23 4 0 0 0 0 0 0 0 0 0 0 0 
24 4 0 0 0 0 0 0 0 0 0 0 0 
25 4 0 0 0 0 0 0 0 0 0 0 0 
26 4 0 0 0 0 0 0 0 0 0 0 0 
27 4 -1 334 3 11 -1 -1 -1 -1 -1 0 11 
28 4 40 0 0 0 0 0 0 0 0 0 0 
29 4 -1 100 2 17 -1 -1 -1 -1 -1 1 2938 
30 4 -1 134 0 25 -1 -1 -1 -1 -1 3 4 
31 5 0 0 0 0 0 0 0 0 0 0 0 
32 5 0 0 0 0 0 0 0 0 0 0 0 
33 5 0 0 0 0 0 0 0 0 0 0 0 
34 5 0 0 0 0 0 0 0 0 0 0 0 
35 5 0 0 0 0 0 0 0 0 0 0 0 
36 5 0 0 0 0 0 0 0 0 0 0 0 
37 5 0 0 0 0 0 0 0 0 0 0 0 
38 5 0 0 0 0 0 0 0 0 0 0 0 
39 5 1 0 0 0 0 0 0 0 0 0 0 
40 5 -1 115 2 31 -1 -1 -1 -1 -1 2 744 
41 5 -1 103 1 14 -1 -1 -1 -1 -1 2 15 
42 5 18 0 0 0 0 0 0 0 0 0 0 
43 5 0 0 0 0 0 0 0 0 0 0 0 
44 5 0 0 0 0 0 0 0 0 0 0 0 
45 5 0 0 0 0 0 0 0 0 0 0 0 
46 5 0 0 0 0 0 0 0 0 0 0 0 
47 5 0 0 0 0 0 0 0 0 0 0 0 
48 5 0 0 0 0 0 0 0 0 0 0 0 
49 5 0 0 0 0 0 0 0 0 0 0 0 
50 5 0 0 0 0 0 0 0 0 0 0 0 
51 5 0 0 0 0 0 0 0 0 0 0 0 
52 5 0 0 0 0 0 0 0 0 0 0 0 
53 5 0 0 0 0 0 0 0 0 0 0 0 
54 5 0 0 0 0 0 0 0 0 0 0 0 
55 5 -1 167 3 33 -1 -1 -1 -1 -1 0 -136 
56 5 -1 254 2 29 -1 -1 -1 -1 -1 0 493 
57 5 0 0 0 0 0 0 0 0 0 0 0 
58 5 0 0 0 0 0 0 0 0 0 0 0 
59 5 41 0 0 0 0 0 0 0 0 0 0 
60 5 -1 111 2 36 -1 -1 -1 -1 -1 2 353 
61 5 61 0 0 0 0 0 0 0 0 0 0 
62 5 -1 314 1 21 -1 -1 -1 -1 -1 2 -38 
63 6 0 0 0 0 0 0 0 0 0 0 0 
64 6 0 0 0 0 0 0 0 0 0 0 0 
65 6 0 0 0 0 0 0 0 0 0 0 0 
66 6 0 0 0 0 0 0 0 0 0 0 0 
67 6 0 0 0 0 0 0 0 0 0 0 0 
68 6 0 0 0 0 0 0 0 0 0 0 0 
69 6 0 0 0 0 0 0 0 0 0 0 0 
70 6 0 0 0 0 0 0 0 0 0 0 0 
71 6 0 0 0 0 0 0 0 0 0 0 0 
72 6 0 0 0 0 0 0 0 0 0 0 0 
73 6 0 0 0 0 0 0 0 0 0 0 0 
74 6 0 0 0 0 0 0 0 0 0 0 0 
75 6 0 0 0 0 0 0 0 0 0 0 0 
76 6 0 0 0 0 0 0 0 0 0 0 0 
77 6 0 0 0 0 0 0 0 0 0 0 0 
78 6 0 0 0 0 0 0 0 0 0 0 0 
79 6 0 0 0 0 0 0 0 0 0 0 0 
80 6 0 0 0 0 0 0 0 0 0 0 0 
81 6 -1 166 2 19 -1 -1 -1 -1 -1 1 2688 
82 6 -1 340 4 37 -1 -1 -1 -1 -1 2 591 
83 6 -1 219 4 19 -1 -1 -1 -1 -1 1 6861 
84 6 17 0 0 0 0 0 0 0 0 0 0 
85 6 0 0 0 0 0 0 0 0 0 0 0 
86 6 0 0 0 0 0 0 0 0 0 0 0 
87 6 0 0 0 0 0 0 0 0 0 0 0 
88 6 0 0 0 0 0 0 0 0 0 0 0 
89 6 0 0 0 0 0 0 0 0 0 0 0 
90 6 0 0 0 0 0 0 0 0 0 0 0 
91 6 0 0 0 0 0 0 0 0 0 0 0 
92 6 0 0 0 0 0 0 0 0 0 0 0 
93 6 0 0 0 0 0 0 0 0 0 0 0 
94 6 0 0 0 0 0 0 0 0 0 0 0 
95 6 0 0 0 0 0 0 0 0 0 0 0 
96 6 0 0 0 0 0 0 0 0 0 0 0 
97 6 0 0 0 0 0 0 0 0 0 0 0 
98 6 0 0 0 0 0 0 0 0 0 0 0 
99 6 0 0 0 0 0 0 0 0 0 0 0 
100 6 0 0 0 0 0 0 0 0 0 0 0 
101 6 0 0 0 0 0 0 0 0 0 0 0 
102 6 0 0 0 0 0 0 0 0 0 0 0 
103 6 0 0 0 0 0 0 0 0 0 0 0 
104 6 0 0 0 0 0 0 0 0 0 0 0 
105 6 0 0 0 0 0 0 0 0 0 0 0 
106 6 0 0 0 0 0 0 0 0 0 0 0 
107 6 0 0 0 0 0 0 0 0 0 0 0 
108 6 0 0 0 0 0 0 0 0 0 0 0 
109 6 0 0 0 0 0 0 0 0 0 0 0 
110 6 0 0 0 0 0 0 0 0 0 0 0 
111 6 21 0 0 0 0 0 0 0 0 0 0 
112 6 -1 271 4 10 -1 -1 -1 -1 -1 3 1714 
113 6 -1 301 0 19 -1 -1 -1 -1 -1 0 58 
114 6 39 0 0 0 0 0 0 0 0 0 0 
115 6 0 0 0 0 0 0 0 0 0 0 0 
116 6 0 0 0 0 0 0 0 0 0 0 0 
117 6 0 0 0 0 0 0 0 0 0 0 0 
118 6 0 0 0 0 0 0 0 0 0 0 0 
119 6 0 0 0 0 0 0 0 0 0 0 0 
120 6 0 0 0 0 0 0 0 0 0 0 0 
121 6 -1 301 2 15 -1 -1 -1 -1 -1 1 4126 
122 6 -1 75 4 10 -1 -1 -1 -1 -1 2 4445 
123 6 0 0 0 0 0 0 0 0 0 0 0 
124 6 0 0 0 0 0 0 0 0 0 0 0 
125 6 62 0 0 0 0 0 0 0 0 0 0 
126 6 63 0 0 0 0 0 0 0 0 0 0 
127 7 0 0 0 0 0 0 0 0 0 0 0 
128 7 0 0 0 0 0 0 0 0 0 0 0 
129 7 0 0 0 0 0 0 0 0 0 0 0 
130 7 0 0 0 0 0 0 0 0 0 0 0 
131 7 0 0 0 0 0 0 0 0 0 0 0 
132 7 0 0 0 0 0 0 0 0 0 0 0 
133 7 0 0 0 0 0 0 0 0 0 0 0 
134 7 0 0 0 0 0 0 0 0 0 0 0 
135 7 0 0 0 0 0 0 0 0 0 0 0 
136 7 0 0 0 0 0 0 0 0 0 0 0 
137 7 0 0 0 0 0 0 0 0 0 0 0 
138 7 0 0 0 0 0 0 0 0 0 0 0 
139 7 0 0 0 0 0 0 0 0 0 0 0 
140 7 0 0 0 0 0 0 0 0 0 0 0 
141 7 0 0 0 0 0 0 0 0 0 0 0 
142 7 0 0 0 0 0 0 0 0 0 0 0 
143 7 0 0 0 0 0 0 0 0 0 0 0 
144 7 0 0 0 0 0 0 0 0 0 0 0 
145 7 0 0 0 0 0 0 0 0 0 0 0 
146 7 0 0 0 0 0 0 0 0 0 0 0 
147 7 0 0 0 0 0 0 0 0 0 0 0 
148 7 0 0 0 0 0 0 0 0 0 0 0 
149 7 0 0 0 0 0 0 0 0 0 0 0 
150 7 0 0 0 0 0 0 0 0 0 0 0 
151 7 0 0 0 0 0 0 0 0 0 0 0 
152 7 0 0 0 0 0 0 0 0 0 0 0 
153 7 0 0 0 0 0 0 0 0 0 0 0 
154 7 0 0 0 0 0 0 0 0 0 0 0 
155 7 0 0 0 0 0 0 0 0 0 0 0 
156 7 0 0 0 0 0 0 0 0 0 0 0 
157 7 0 0 0 0 0 0 0 0 0 0 0 
158 7 0 0 0 0 0 0 0 0 0 0 0 
159 7 0 0 0 0 0 0 0 0 0 0 0 
160 7 0 0 0 0 0 0 0 0 0 0 0 
161 7 0 0 0 0 0 0 0 0 0 0 0 
162 7 0 0 0 0 0 0 0 0 0 0 0 
163 7 -1 83 4 16 -1 -1 -1 -1 -1 0 1605 
164 7 -1 289 4 10 -1 -1 -1 -1 -1 3 74 
165 7 -1 25 3 12 -1 -1 -1 -1 -1 0 -21 
166 7 12 0 0 0 0 0 0 0 0 0 0 
167 7 -1 241 4 11 -1 -1 -1 -1 -1 2 6545 
168 7 16 0 0 0 0 0 0 0 0 0 0 
169 7 0 0 0 0 0 0 0 0 0 0 0 
170 7 0 0 0 0 0 0 0 0 0 0 0 
171 7 0 0 0 0 0 0 0 0 0 0 0 
172 7 0 0 0 0 0 0 0 0 0 0 0 
173 7 0 0 0 0 0 0 0 0 0 0 0 
174 7 0 0 0 0 0 0 0 0 0 0 0 
175 7 0 0 0 0 0 0 0 0 0 0 0 
176 7 0 0 0 0 0 0 0 0 0 0 0 
177 7 0 0 0 0 0 0 0 0 0 0 0 
178 7 0 0 0 0 0 0 0 0 0 0 0 
179 7 0 0 0 0 0 0 0 0 0 0 0 
180 7 0 0 0 0 0 0 0 0 0 0 0 
181 7 0 0 0 0 0 0 0 0 0 0 0 
182 7 0 0 0 0 0 0 0 0 0 0 0 
183 7 0 0 0 0 0 0 0 0 0 0 0 
184 7 0 0 0 0 0 0 0 0 0 0 0 
185 7 0 0 0 0 0 0 0 0 0 0 0 
186 7 0 0 0 0 0 0 0 0 0 0 0 
187 7 0 0 0 0 0 0 0 0 0 0 0 
188 7 0 0 0 0 0 0 0 0 0 0 0 
189 7 0 0 0 0 0 0 0 0 0 0 0 
190 7 0 0 0 0 0 0 0 0 0 0 0 
191 7 0 0 0 0 0 0 0 0 0 0 0 
192 7 0 0 0 0 0 0 0 0 0 0 0 
193 7 0 0 0 0 0 0 0 0 0 0 0 
194 7 0 0 0 0 0 0 0 0 0 0 0 
195 7 0 0 0 0 0 0 0 0 0 0 0 
196 7 0 0 0 0 0 0 0 0 0 0 0 
197 7 0 0 0 0 0 0 0 0 0 0 0 
198 7 0 0 0 0 0 0 0 0 0 0 0 
199 7 0 0 0 0 0 0 0 0 0 0 0 
200 7 0 0 0 0 0 0 0 0 0 0 0 
201 7 0 0 0 0 0 0 0 0 0 0 0 
202 7 0 0 0 0 0 0 0 0 0 0 0 
203 7 0 0 0 0 0 0 0 0 0 0 0 
204 7 0 0 0 0 0 0 0 0 0 0 0 
205 7 0 0 0 0 0 0 0 0 0 0 0 
206 7 0 0 0 0 0 0 0 0 0 0 0 
207 7 0 0 0 0 0 0 0 0 0 0 0 
208 7 0 0 0 0 0 0 0 0 0 0 0 
209 7 0 0 0 0 0 0 0 0 0 0 0 
210 7 0 0 0 0 0 0 0 0 0 0 0 
211 7 0 0 0 0 0 0 0 0 0 0 0 
212 7 0 0 0 0 0 0 0 0 0 0 0 
213 7 0 0 0 0 0 0 0 0 0 0 0 
214 7 0 0 0 0 0 0 0 0 0 0 0 
215 7 0 0 0 0 0 0 0 0 0 0 0 
216 7 0 0 0 0 0 0 0 0 0 0 0 
217 7 0 0 0 0 0 0 0 0 0 0 0 
218 7 0 0 0 0 0 0 0 0 0 0 0 
219 7 0 0 0 0 0 0 0 0 0 0 0 
220 7 0 0 0 0 0 0 0 0 0 0 0 
221 7 0 0 0 0 0 0 0 0 0 0 0 
222 7 0 0 0 0 0 0 0 0 0 0 0 
223 7 0 0 0 0 0 0 0 0 0 0 0 
224 7 0 0 0 0 0 0 0 0 0 0 0 
225 7 -1 211 2 34 -1 -1 -1 -1 -1 2 293 
226 7 -1 226 1 39 -1 -1 -1 -1 -1 3 -30 
227 7 -1 292 1 37 -1 -1 -1 -1 -1 3 4 
228 7 -1 50 3 11 -1 -1 -1 -1 -1 2 27 
229 7 0 0 0 0 0 0 0 0 0 0 0 
230 7 0 0 0 0 0 0 0 0 0 0 0 
231 7 0 0 0 0 0 0 0 0 0 0 0 
232 7 0 0 0 0 0 0 0 0 0 0 0 
233 7 0 0 0 0 0 0 0 0 0 0 0 
234 7 0 0 0 0 0 0 0 0 0 0 0 
235 7 0 0 0 0 0 0 0 0 0 0 0 
236 7 0 0 0 0 0 0 0 0 0 0 0 
237 7 0 0 0 0 0 0 0 0 0 0 0 
238 7 0 0 0 0 0 0 0 0 0 0 0 
239 7 0 0 0 0 0 0 0 0 0 0 0 
240 7 0 0 0 0 0 0 0 0 0 0 0 
241 7 0 0 0 0 0 0 0 0 0 0 0 
242 7 0 0 0 0 0 0 0 0 0 0 0 
243 7 -1 90 2 19 -1 -1 -1 -1 -1 2 2474 
244 7 -1 222 4 32 -1 -1 -1 -1 -1 3 109 
245 7 -1 291 2 30 -1 -1 -1 -1 -1 1 999 
246 7 -1 217 2 21 -1 -1 -1 -1 -1 0 1872 
247 7 0 0 0 0 0 0 0 0 0 0 0 
248 7 0 0 0 0 0 0 0 0 0 0 0 
249 7 0 0 0 0 0 0 0 0 0 0 0 
250 7 0 0 0 0 0 0 0 0 0 0 0 
251 7 0 0 0 0 0 0 0 0 0 0 0 
252 7 0 0 0 0 0 0 0 0 0 0 0 
253 7 0 0 0 0 0 0 0 0 0 0 0 
254 7 0 0 0 0 0 0 0 0 0 0 0 
255 8 0 0 0 0 0 0 0 0 0 0 0 
256 8 0 0 0 0 0 0 0 0 0 0 0 
257 8 0 0 0 0 0 0 0 0 0 0 0 
258 8 0 0 0 0 0 0 0 0 0 0 0 
259 8 0 0 0 0 0 0 0 0 0 0 0 
260 8 0 0 0 0 0 0 0 0 0 0 0 
261 8 0 0 0 0 0 0 0 0 0 0 0 
262 8 0 0 0 0 0 0 0 0 0 0 0 
263 8 0 0 0 0 0 0 0 0 0 0 0 
264 8 0 0 0 0 0 0 0 0 0 0 0 
265 8 0 0 0 0 0 0 0 0 0 0 0 
266 8 0 0 0 0 0 0 0 0 0 0 0 
267 8 0 0 0 0 0 0 0 0 0 0 0 
268 8 0 0 0 0 0 0 0 0 0 0 0 
269 8 0 0 0 0 0 0 0 0 0 0 0 
270 8 0 0 0 0 0 0 0 0 0 0 0 
271 8 0 0 0 0 0 0 0 0 0 0 0 
272 8 0 0 0 0 0 0 0 0 0 0 0 
273 8 0 0 0 0 0 0 0 0 0 0 0 
274 8 0 0 0 0 0 0 0 0 0 0 0 
275 8 0 0 0 0 0 0 0 0 0 0 0 
276 8 0 0 0 0 0 0 0 0 0 0 0 
277 8 0 0 0 0 0 0 0 0 0 0 0 
278 8 0 0 0 0 0 0 0 0 0 0 0 
279 8 0 0 0 0 0 0 0 0 0 0 0 
280 8 0 0 0 0 0 0 0 0 0 0 0 
281 8 0 0 0 0 0 0 0 0 0 0 0 
282 8 0 0 0 0 0 0 0 0 0 0 0 
283 8 0 0 0 0 0 0 0 0 0 0 0 
284 8 0 0 0 0 0 0 0 0 0 0 0 
285 8 0 0 0 0 0 0 0 0 0 0 0 
286 8 0 0 0 0 0 0 0 0 0 0 0 
287 8 0 0 0 0 0 0 0 0 0 0 0 
288 8 0 0 0 0 0 0 0 0 0 0 0 
289 8 0 0 0 0 0 0 0 0 0 0 0 
290 8 0 0 0 0 0 0 0 0 0 0 0 
291 8 0 0 0 0 0 0 0 0 0 0 0 
292 8 0 0 0 0 0 0 0 0 0 0 0 
293 8 0 0 0 0 0 0 0 0 0 0 0 
294 8 0 0 0 0 0 0 0 0 0 0 0 
295 8 0 0 0 0 0 0 0 0 0 0 0 
296 8 0 0 0 0 0 0 0 0 0 0 0 
297 8 0 0 0 0 0 0 0 0 0 0 0 
298 8 0 0 0 0 0 0 0 0 0 0 0 
299 8 0 0 0 0 0 0 0 0 0 0 0 
300 8 0 0 0 0 0 0 0 0 0 0 0 
301 8 0 0 0 0 0 0 0 0 0 0 0 
302 8 0 0 0 0 0 0 0 0 0 0 0 
303 8 0 0 0 0 0 0 0 0 0 0 0 
304 8 0 0 0 0 0 0 0 0 0 0 0 
305 8 0 0 0 0 0 0 0 0 0 0 0 
306 8 0 0 0 0 0 0 0 0 0 0 0 
307 8 0 0 0 0 0 0 0 0 0 0 0 
308 8 0 0 0 0 0 0 0 0 0 0 0 
309 8 0 0 0 0 0 0 0 0 0 0 0 
310 8 0 0 0 0 0 0 0 0 0 0 0 
311 8 0 0 0 0 0 0 0 0 0 0 0 
312 8 0 0 0 0 0 0 0 0 0 0 0 
313 8 0 0 0 0 0 0 0 0 0 0 0 
314 8 0 0 0 0 0 0 0 0 0 0 0 
315 8 0 0 0 0 0 0 0 0 0 0 0 
316 8 0 0 0 0 0 0 0 0 0 0 0 
317 8 0 0 0 0 0 0 0 0 0 0 0 
318 8 0 0 0 0 0 0 0 0 0 0 0 
319 8 0 0 0 0 0 0 0 0 0 0 0 
320 8 0 0 0 0 0 0 0 0 0 0 0 
321 8 0 0 0 0 0 0 0 0 0 0 0 
322 8 0 0 0 0 0 0 0 0 0 0 0 
323 8 0 0 0 0 0 0 0 0 0 0 0 
324 8 0 0 0 0 0 0 0 0 0 0 0 
325 8 0 0 0 0 0 0 0 0 0 0 0 
326 8 0 0 0 0 0 0 0 0 0 0 0 
327 8 2 0 0 0 0 0 0 0 0 0 0 
328 8 -1 68 2 19 -1 -1 -1 -1 -1 1 2671 
329 8 -1 297 3 26 -1 -1 -1 -1 -1 1 -116 
330 8 8 0 0 0 0 0 0 0 0 0 0 
331 8 -1 170 2 13 -1 -1 -1 -1 -1 3 16 
332 8 11 0 0 0 0 0 0 0 0 0 0 
333 8 0 0 0 0 0 0 0 0 0 0 0 
334 8 0 0 0 0 0 0 0 0 0 0 0 
335 8 13 0 0 0 0 0 0 0 0 0 0 
336 8 -1 42 4 13 -1 -1 -1 -1 -1 1 8332 
337 8 0 0 0 0 0 0 0 0 0 0 0 
338 8 0 0 0 0 0 0 0 0 0 0 0 
339 8 0 0 0 0 0 0 0 0 0 0 0 
340 8 0 0 0 0 0 0 0 0 0 0 0 
341 8 0 0 0 0 0 0 0 0 0 0 0 
342 8 0 0 0 0 0 0 0 0 0 0 0 
343 8 0 0 0 0 0 0 0 0 0 0 0 
344 8 0 0 0 0 0 0 0 0 0 0 0 
345 8 0 0 0 0 0 0 0 0 0 0 0 
346 8 0 0 0 0 0 0 0 0 0 0 0 
347 8 0 0 0 0 0 0 0 0 0 0 0 
348 8 0 0 0 0 0 0 0 0 0 0 0 
349 8 0 0 0 0 0 0 0 0 0 0 0 
350 8 0 0 0 0 0 0 0 0 0 0 0 
351 8 0 0 0 0 0 0 0 0 0 0 0 
352 8 0 0 0 0 0 0 0 0 0 0 0 
353 8 0 0 0 0 0 0 0 0 0 0 0 
354 8 0 0 0 0 0 0 0 0 0 0 0 
355 8 0 0 0 0 0 0 0 0 0 0 0 
356 8 0 0 0 0 0 0 0 0 0 0 0 
357 8 0 0 0 0 0 0 0 0 0 0 0 
358 8 0 0 0 0 0 0 0 0 0 0 0 
359 8 0 0 0 0 0 0 0 0 0 0 0 
360 8 0 0 0 0 0 0 0 0 0 0 0 
361 8 0 0 0 0 0 0 0 0 0 0 0 
362 8 0 0 0 0 0 0 0 0 0 0 0 
363 8 0 0 0 0 0 0 0 0 0 0 0 
364 8 0 0 0 0 0 0 0 0 0 0 0 
365 8 0 0 0 0 0 0 0 0 0 0 0 
366 8 0 0 0 0 0 0 0 0 0 0 0 
367 8 0 0 0 0 0 0 0 0 0 0 0 
368 8 0 0 0 0 0 0 0 0 0 0 0 
369 8 0 0 0 0 0 0 0 0 0 0 0 
370 8 0 0 0 0 0 0 0 0 0 0 0 
371 8 0 0 0 0 0 0 0 0 0 0 0 
372 8 0 0 0 0 0 0 0 0 0 0 0 
373 8 0 0 0 0 0 0 0 0 0 0 0 
374 8 0 0 0 0 0 0 0 0 0 0 0 
375 8 0 0 0 0 0 0 0 0 0 0 0 
376 8 0 0 0 0 0 0 0 0 0 0 0 
377 8 0 0 0 0 0 0 0 0 0 0 0 
378 8 0 0 0 0 0 0 0 0 0 0 0 
379 8 0 0 0 0 0 0 0 0 0 0 0 
380 8 0 0 0 0 0 0 0 0 0 0 0 
381 8 0 0 0 0 0 0 0 0 0 0 0 
382 8 0 0 0 0 0 0 0 0 0 0 0 
383 8 0 0 0 0 0 0 0 0 0 0 0 
384 8 0 0 0 0 0 0 0 0 0 0 0 
385 8 0 0 0 0 0 0 0 0 0 0 0 
386 8 0 0 0 0 0 0 0 0 0 0 0 
387 8 0 0 0 0 0 0 0 0 0 0 0 
388 8 0 0 0 0 0 0 0 0 0 0 0 
389 8 0 0 0 0 0 0 0 0 0 0 0 
390 8 0 0 0 0 0 0 0 0 0 0 0 
391 8 0 0 0 0 0 0 0 0 0 0 0 
392 8 0 0 0 0 0 0 0 0 0 0 0 
393 8 0 0 0 0 0 0 0 0 0 0 0 
394 8 0 0 0 0 0 0 0 0 0 0 0 
395 8 0 0 0 0 0 0 0 0 0 0 0 
396 8 0 0 0 0 0 0 0 0 0 0 0 
397 8 0 0 0 0 0 0 0 0 0 0 0 
398 8 0 0 0 0 0 0 0 0 0 0 0 
399 8 0 0 0 0 0 0 0 0 0 0 0 
400 8 0 0 0 0 0 0 0 0 0 0 0 
401 8 0 0 0 0 0 0 0 0 0 0 0 
402 8 0 0 0 0 0 0 0 0 0 0 0 
403 8 0 0 0 0 0 0 0 0 0 0 0 
404 8 0 0 0 0 0 0 0 0 0 0 0 
405 8 0 0 0 0 0 0 0 0 0 0 0 
406 8 0 0 0 0 0 0 0 0 0 0 0 
407 8 0 0 0 0 0 0 0 0 0 0 0 
408 8 0 0 0 0 0 0 0 0 0 0 0 
409 8 0 0 0 0 0 0 0 0 0 0 0 
410 8 0 0 0 0 0 0 0 0 0 0 0 
411 8 0 0 0 0 0 0 0 0 0 0 0 
412 8 0 0 0 0 0 0 0 0 0 0 0 
413 8 0 0 0 0 0 0 0 0 0 0 0 
414 8 0 0 0 0 0 0 0 0 0 0 0 
415 8 0 0 0 0 0 0 0 0 0 0 0 
416 8 0 0 0 0 0 0 0 0 0 0 0 
417 8 0 0 0 0 0 0 0 0 0 0 0 
418 8 0 0 0 0 0 0 0 0 0 0 0 
419 8 0 0 0 0 0 0 0 0 0 0 0 
420 8 0 0 0 0 0 0 0 0 0 0 0 
421 8 0 0 0 0 0 0 0 0 0 0 0 
422 8 0 0 0 0 0 0 0 0 0 0 0 
423 8 0 0 0 0 0 0 0 0 0 0 0 
424 8 0 0 0 0 0 0 0 0 0 0 0 
425 8 0 0 0 0 0 0 0 0 0 0 0 
426 8 0 0 0 0 0 0 0 0 0 0 0 
427 8 0 0 0 0 0 0 0 0 0 0 0 
428 8 0 0 0 0 0 0 0 0 0 0 0 
429 8 0 0 0 0 0 0 0 0 0 0 0 
430 8 0 0 0 0 0 0 0 0 0 0 0 
431 8 0 0 0 0 0 0 0 0 0 0 0 
432 8 0 0 0 0 0 0 0 0 0 0 0 
433 8 0 0 0 0 0 0 0 0 0 0 0 
434 8 0 0 0 0 0 0 0 0 0 0 0 
435 8 0 0 0 0 0 0 0 0 0 0 0 
436 8 0 0 0 0 0 0 0 0 0 0 0 
437 8 0 0 0 0 0 0 0 0 0 0 0 
438 8 0 0 0 0 0 0 0 0 0 0 0 
439 8 0 0 0 0 0 0 0 0 0 0 0 
440 8 0 0 0 0 0 0 0 0 0 0 0 
441 8 0 0 0 0 0 0 0 0 0 0 0 
442 8 0 0 0 0 0 0 0 0 0 0 0 
443 8 0 0 0 0 0 0 0 0 0 0 0 
444 8 0 0 0 0 0 0 0 0 0 0 0 
445 8 0 0 0 0 0 0 0 0 0 0 0 
446 8 0 0 0 0 0 0 0 0 0 0 0 
447 8 0 0 0 0 0 0 0 0 0 0 0 
448 8 0 0 0 0 0 0 0 0 0 0 0 
449 8 0 0 0 0 0 0 0 0 0 0 0 
450 8 0 0 0 0 0 0 0 0 0 0 0 
451 8 -1 338 0 36 -1 -1 -1 -1 -1 3 -58 
452 8 -1 332 2 18 -1 -1 -1 -1 -1 1 2402 
453 8 28 0 0 0 0 0 0 0 0 0 0 
454 8 -1 236 0 27 -1 -1 -1 -1 -1 2 -49 
455 8 -1 114 3 37 -1 -1 -1 -1 -1 2 -4 
456 8 36 0 0 0 0 0 0 0 0 0 0 
457 8 37 0 0 0 0 0 0 0 0 0 0 
458 8 38 0 0 0 0 0 0 0 0 0 0 
459 8 0 0 0 0 0 0 0 0 0 0 0 
460 8 0 0 0 0 0 0 0 0 0 0 0 
461 8 0 0 0 0 0 0 0 0 0 0 0 
462 8 0 0 0 0 0 0 0 0 0 0 0 
463 8 0 0 0 0 0 0 0 0 0 0 0 
464 8 0 0 0 0 0 0 0 0 0 0 0 
465 8 0 0 0 0 0 0 0 0 0 0 0 
466 8 0 0 0 0 0 0 0 0 0 0 0 
467 8 0 0 0 0 0 0 0 0 0 0 0 
468 8 0 0 0 0 0 0 0 0 0 0 0 
469 8 0 0 0 0 0 0 0 0 0 0 0 
470 8 0 0 0 0 0 0 0 0 0 0 0 
471 8 0 0 0 0 0 0 0 0 0 0 0 
472 8 0 0 0 0 0 0 0 0 0 0 0 
473 8 0 0 0 0 0 0 0 0 0 0 0 
474 8 0 0 0 0 0 0 0 0 0 0 0 
475 8 0 0 0 0 0 0 0 0 0 0 0 
476 8 0 0 0 0 0 0 0 0 0 0 0 
477 8 0 0 0 0 0 0 0 0 0 0 0 
478 8 0 0 0 0 0 0 0 0 0 0 0 
479 8 0 0 0 0 0 0 0 0 0 0 0 
480 8 0 0 0 0 0 0 0 0 0 0 0 
481 8 0 0 0 0 0 0 0 0 0 0 0 
482 8 0 0 0 0 0 0 0 0 0 0 0 
483 8 0 0 0 0 0 0 0 0 0 0 0 
484 8 0 0 0 0 0 0 0 0 0 0 0 
485 8 0 0 0 0 0 0 0 0 0 0 0 
486 8 0 0 0 0 0 0 0 0 0 0 0 
487 8 -1 314 3 26 -1 -1 -1 -1 -1 1 -17 
488 8 -1 254 0 33 -1 -1 -1 -1 -1 3 41 
489 8 -1 180 4 19 -1 -1 -1 -1 -1 3 117 
490 8 -1 353 0 24 -1 -1 -1 -1 -1 1 -37 
491 8 -1 329 2 17 -1 -1 -1 -1 -1 1 3637 
492 8 58 0 0 0 0 0 0 0 0 0 0 
493 8 59 0 0 0 0 0 0 0 0 0 0 
494 8 60 0 0 0 0 0 0 0 0 0 0 
495 8 0 0 0 0 0 0 0 0 0 0 0 
496 8 0 0 0 0 0 0 0 0 0 0 0 
497 8 0 0 0 0 0 0 0 0 0 0 0 
498 8 0 0 0 0 0 0 0 0 0 0 0 
499 8 0 0 0 0 0 0 0 0 0 0 0 
500 8 0 0 0 0 0 0 0 0 0 0 0 
501 8 0 0 0 0 0 0 0 0 0 0 0 
502 8 0 0 0 0 0 0 0 0 0 0 0 
503 8 0 0 0 0 0 0 0 0 0 0 0 
504 8 0 0 0 0 0 0 0 0 0 0 0 
505 8 0 0 0 0 0 0 0 0 0 0 0 
506 8 0 0 0 0 0 0 0 0 0 0 0 
507 8 0 0 0 0 0 0 0 0 0 0 0 
508 8 0 0 0 0 0 0 0 0 0 0 0 
509 8 0 0 0 0 0 0 0 0 0 0 0 
510 8 0 0 0 0 0 0 0 0 0 0 0 
511 9 0 0 0 0 0 0 0 0 0 0 0 
512 9 0 0 0 0 0 0 0 0 0 0 0 
513 9 0 0 0 0 0 0 0 0 0 0 0 
514 9 0 0 0 0 0 0 0 0 0 0 0 
515 9 0 0 0 0 0 0 0 0 0 0 0 
516 9 0 0 0 0 0 0 0 0 0 0 0 
517 9 0 0 0 0 0 0 0 0 0 0 0 
518 9 0 0 0 0 0 0 0 0 0 0 0 
519 9 0 0 0 0 0 0 0 0 0 0 0 
520 9 0 0 0 0 0 0 0 0 0 0 0 
521 9 0 0 0 0 0 0 0 0 0 0 0 
522 9 0 0 0 0 0 0 0 0 0 0 0 
523 9 0 0 0 0 0 0 0 0 0 0 0 
524 9 0 0 0 0 0 0 0 0 0 0 0 
525 9 0 0 0 0 0 0 0 0 0 0 0 
526 9 0 0 0 0 0 0 0 0 0 0 0 
527 9 0 0 0 0 0 0 0 0 0 0 0 
528 9 0 0 0 0 0 0 0 0 0 0 0 
529 9 0 0 0 0 0 0 0 0 0 0 0 
530 9 0 0 0 0 0 0 0 0 0 0 0 
531 9 0 0 0 0 0 0 0 0 0 0 0 
532 9 0 0 0 0 0 0 0 0 0 0 0 
533 9 0 0 0 0 0 0 0 0 0 0 0 
534 9 0 0 0 0 0 0 0 0 0 0 0 
535 9 0 0 0 0 0 0 0 0 0 0 0 
536 9 0 0 0 0 0 0 0 0 0 0 0 
537 9 0 0 0 0 0 0 0 0 0 0 0 
538 9 0 0 0 0 0 0 0 0 0 0 0 
539 9 0 0 0 0 0 0 0 0 0 0 0 
540 9 0 0 0 0 0 0 0 0 0 0 0 
541 9 0 0 0 0 0 0 0 0 0 0 0 
542 9 0 0 0 0 0 0 0 0 0 0 0 
543 9 0 0 0 0 0 0 0 0 0 0 0 
544 9 0 0 0 0 0 0 0 0 0 0 0 
545 9 0 0 0 0 0 0 0 0 0 0 0 
546 9 0 0 0 0 0 0 0 0 0 0 0 
547 9 0 0 0 0 0 0 0 0 0 0 0 
548 9 0 0 0 0 0 0 0 0 0 0 0 
549 9 0 0 0 0 0 0 0 0 0 0 0 
550 9 0 0 0 0 0 0 0 0 0 0 0 
551 9 0 0 0 0 0 0 0 0 0 0 0 
552 9 0 0 0 0 0 0 0 0 0 0 0 
553 9 0 0 0 0 0 0 0 0 0 0 0 
554 9 0 0 0 0 0 0 0 0 0 0 0 
555 9 0 0 0 0 0 0 0 0 0 0 0 
556 9 0 0 0 0 0 0 0 0 0 0 0 
557 9 0 0 0 0 0 0 0 0 0 0 0 
558 9 0 0 0 0 0 0 0 0 0 0 0 
559 9 0 0 0 0 0 0 0 0 0 0 0 
560 9 0 0 0 0 0 0 0 0 0 0 0 
561 9 0 0 0 0 0 0 0 0 0 0 0 
562 9 0 0 0 0 0 0 0 0 0 0 0 
563 9 0 0 0 0 0 0 0 0 0 0 0 
564 9 0 0 0 0 0 0 0 0 0 0 0 
565 9 0 0 0 0 0 0 0 0 0 0 0 
566 9 0 0 0 0 0 0 0 0 0 0 0 
567 9 0 0 0 0 0 0 0 0 0 0 0 
568 9 0 0 0 0 0 0 0 0 0 0 0 
569 9 0 0 0 0 0 0 0 0 0 0 0 
570 9 0 0 0 0 0 0 0 0 0 0 0 
571 9 0 0 0 0 0 0 0 0 0 0 0 
572 9 0 0 0 0 0 0 0 0 0 0 0 
573 9 0 0 0 0 0 0 0 0 0 0 0 
574 9 0 0 0 0 0 0 0 0 0 0 0 
575 9 0 0 0 0 0 0 0 0 0 0 0 
576 9 0 0 0 0 0 0 0 0 0 0 0 
577 9 0 0 0 0 0 0 0 0 0 0 0 
578 9 0 0 0 0 0 0 0 0 0 0 0 
579 9 0 0 0 0 0 0 0 0 0 0 0 
580 9 0 0 0 0 0 0 0 0 0 0 0 
581 9 0 0 0 0 0 0 0 0 0 0 0 
582 9 0 0 0 0 0 0 0 0 0 0 0 
583 9 0 0 0 0 0 0 0 0 0 0 0 
584 9 0 0 0 0 0 0 0 0 0 0 0 
585 9 0 0 0 0 0 0 0 0 0 0 0 
586 9 0 0 0 0 0 0 0 0 0 0 0 
587 9 0 0 0 0 0 0 0 0 0 0 0 
588 9 0 0 0 0 0 0 0 0 0 0 0 
589 9 0 0 0 0 0 0 0 0 0 0 0 
590 9 0 0 0 0 0 0 0 0 0 0 0 
591 9 0 0 0 0 0 0 0 0 0 0 0 
592 9 0 0 0 0 0 0 0 0 0 0 0 
593 9 0 0 0 0 0 0 0 0 0 0 0 
594 9 0 0 0 0 0 0 0 0 0 0 0 
595 9 0 0 0 0 0 0 0 0 0 0 0 
596 9 0 0 0 0 0 0 0 0 0 0 0 
597 9 0 0 0 0 0 0 0 0 0 0 0 
598 9 0 0 0 0 0 0 0 0 0 0 0 
599 9 0 0 0 0 0 0 0 0 0 0 0 
600 9 0 0 0 0 0 0 0 0 0 0 0 
601 9 0 0 0 0 0 0 0 0 0 0 0 
602 9 0 0 0 0 0 0 0 0 0 0 0 
603 9 0 0 0 0 0 0 0 0 0 0 0 
604 9 0 0 0 0 0 0 0 0 0 0 0 
605 9 0 0 0 0 0 0 0 0 0 0 0 
606 9 0 0 0 0 0 0 0 0 0 0 0 
607 9 0 0 0 0 0 0 0 0 0 0 0 
608 9 0 0 0 0 0 0 0 0 0 0 0 
609 9 0 0 0 0 0 0 0 0 0 0 0 
610 9 0 0 0 0 0 0 0 0 0 0 0 
611 9 0 0 0 0 0 0 0 0 0 0 0 
612 9 0 0 0 0 0 0 0 0 0 0 0 
613 9 0 0 0 0 0 0 0 0 0 0 0 
614 9 0 0 0 0 0 0 0 0 0 0 0 
615 9 0 0 0 0 0 0 0 0 0 0 0 
616 9 0 0 0 0 0 0 0 0 0 0 0 
617 9 0 0 0 0 0 0 0 0 0 0 0 
618 9 0 0 0 0 0 0 0 0 0 0 0 
619 9 0 0 0 0 0 0 0 0 0 0 0 
620 9 0 0 0 0 0 0 0 0 0 0 0 
621 9 0 0 0 0 0 0 0 0 0 0 0 
622 9 0 0 0 0 0 0 0 0 0 0 0 
623 9 0 0 0 0 0 0 0 0 0 0 0 
624 9 0 0 0 0 0 0 0 0 0 0 0 
625 9 0 0 0 0 0 0 0 0 0 0 0 
626 9 0 0 0 0 0 0 0 0 0 0 0 
627 9 0 0 0 0 0 0 0 0 0 0 0 
628 9 0 0 0 0 0 0 0 0 0 0 0 
629 9 0 0 0 0 0 0 0 0 0 0 0 
630 9 0 0 0 0 0 0 0 0 0 0 0 
631 9 0 0 0 0 0 0 0 0 0 0 0 
632 9 0 0 0 0 0 0 0 0 0 0 0 
633 9 0 0 0 0 0 0 0 0 0 0 0 
634 9 0 0 0 0 0 0 0 0 0 0 0 
635 9 0 0 0 0 0 0 0 0 0 0 0 
636 9 0 0 0 0 0 0 0 0 0 0 0 
637 9 0 0 0 0 0 0 0 0 0 0 0 
638 9 0 0 0 0 0 0 0 0 0 0 0 
639 9 0 0 0 0 0 0 0 0 0 0 0 
640 9 0 0 0 0 0 0 0 0 0 0 0 
641 9 0 0 0 0 0 0 0 0 0 0 0 
642 9 0 0 0 0 0 0 0 0 0 0 0 
643 9 0 0 0 0 0 0 0 0 0 0 0 
644 9 0 0 0 0 0 0 0 0 0 0 0 
645 9 0 0 0 0 0 0 0 0 0 0 0 
646 9 0 0 0 0 0 0 0 0 0 0 0 
647 9 0 0 0 0 0 0 0 0 0 0 0 
648 9 0 0 0 0 0 0 0 0 0 0 0 
649 9 0 0 0 0 0 0 0 0 0 0 0 
650 9 0 0 0 0 0 0 0 0 0 0 0 
651 9 0 0 0 0 0 0 0 0 0 0 0 
652 9 0 0 0 0 0 0 0 0 0 0 0 
653 9 0 0 0 0 0 0 0 0 0 0 0 
654 9 0 0 0 0 0 0 0 0 0 0 0 
655 9 0 0 0 0 0 0 0 0 0 0 0 
656 9 0 0 0 0 0 0 0 0 0 0 0 
657 9 3 0 0 0 0 0 0 0 0 0 0 
658 9 4 0 0 0 0 0 0 0 0 0 0 
659 9 5 0 0 0 0 0 0 0 0 0 0 
660 9 -1 113 1 19 -1 -1 -1 -1 -1 3 19 
661 9 0 0 0 0 0 0 0 0 0 0 0 
662 9 0 0 0 0 0 0 0 0 0 0 0 
663 9 9 0 0 0 0 0 0 0 0 0 0 
664 9 10 0 0 0 0 0 0 0 0 0 0 
665 9 0 0 0 0 0 0 0 0 0 0 0 
666 9 0 0 0 0 0 0 0 0 0 0 0 
667 9 0 0 0 0 0 0 0 0 0 0 0 
668 9 0 0 0 0 0 0 0 0 0 0 0 
669 9 0 0 0 0 0 0 0 0 0 0 0 
670 9 0 0 0 0 0 0 0 0 0 0 0 
671 9 0 0 0 0 0 0 0 0 0 0 0 
672 9 0 0 0 0 0 0 0 0 0 0 0 
673 9 14 0 0 0 0 0 0 0 0 0 0 
674 9 15 0 0 0 0 0 0 0 0 0 0 
675 9 0 0 0 0 0 0 0 0 0 0 0 
676 9 0 0 0 0 0 0 0 0 0 0 0 
677 9 0 0 0 0 0 0 0 0 0 0 0 
678 9 0 0 0 0 0 0 0 0 0 0 0 
679 9 0 0 0 0 0 0 0 0 0 0 0 
680 9 0 0 0 0 0 0 0 0 0 0 0 
681 9 0 0 0 0 0 0 0 0 0 0 0 
682 9 0 0 0 0 0 0 0 0 0 0 0 
683 9 0 0 0 0 0 0 0 0 0 0 0 
684 9 0 0 0 0 0 0 0 0 0 0 0 
685 9 0 0 0 0 0 0 0 0 0 0 0 
686 9 0 0 0 0 0 0 0 0 0 0 0 
687 9 0 0 0 0 0 0 0 0 0 0 0 
688 9 0 0 0 0 0 0 0 0 0 0 0 
689 9 0 0 0 0 0 0 0 0 0 0 0 
690 9 0 0 0 0 0 0 0 0 0 0 0 
691 9 0 0 0 0 0 0 0 0 0 0 0 
692 9 0 0 0 0 0 0 0 0 0 0 0 
693 9 0 0 0 0 0 0 0 0 0 0 0 
694 9 0 0 0 0 0 0 0 0 0 0 0 
695 9 0 0 0 0 0 0 0 0 0 0 0 
696 9 0 0 0 0 0 0 0 0 0 0 0 
697 9 0 0 0 0 0 0 0 0 0 0 0 
698 9 0 0 0 0 0 0 0 0 0 0 0 
699 9 0 0 0 0 0 0 0 0 0 0 0 
700 9 0 0 0 0 0 0 0 0 0 0 0 
701 9 0 0 0 0 0 0 0 0 0 0 0 
702 9 0 0 0 0 0 0 0 0 0 0 0 
703 9 0 0 0 0 0 0 0 0 0 0 0 
704 9 0 0 0 0 0 0 0 0 0 0 0 
705 9 0 0 0 0 0 0 0 0 0 0 0 
706 9 0 0 0 0 0 0 0 0 0 0 0 
707 9 0 0 0 0 0 0 0 0 0 0 0 
708 9 0 0 0 0 0 0 0 0 0 0 0 
709 9 0 0 0 0 0 0 0 0 0 0 0 
710 9 0 0 0 0 0 0 0 0 0 0 0 
711 9 0 0 0 0 0 0 0 0 0 0 0 
712 9 0 0 0 0 0 0 0 0 0 0 0 
713 9 0 0 0 0 0 0 0 0 0 0 0 
714 9 0 0 0 0 0 0 0 0 0 0 0 
715 9 0 0 0 0 0 0 0 0 0 0 0 
716 9 0 0 0 0 0 0 0 0 0 0 0 
717 9 0 0 0 0 0 0 0 0 0 0 0 
718 9 0 0 0 0 0 0 0 0 0 0 0 
719 9 0 0 0 0 0 0 0 0 0 0 0 
720 9 0 0 0 0 0 0 0 0 0 0 0 
721 9 0 0 0 0 0 0 0 0 0 0 0 
722 9 0 0 0 0 0 0 0 0 0 0 0 
723 9 0 0 0 0 0 0 0 0 0 0 0 
724 9 0 0 0 0 0 0 0 0 0 0 0 
725 9 0 0 0 0 0 0 0 0 0 0 0 
726 9 0 0 0 0 0 0 0 0 0 0 0 
727 9 0 0 0 0 0 0 0 0 0 0 0 
728 9 0 0 0 0 0 0 0 0 0 0 0 
729 9 0 0 0 0 0 0 0 0 0 0 0 
730 9 0 0 0 0 0 0 0 0 0 0 0 
731 9 0 0 0 0 0 0 0 0 0 0 0 
732 9 0 0 0 0 0 0 0 0 0 0 0 
733 9 0 0 0 0 0 0 0 0 0 0 0 
734 9 0 0 0 0 0 0 0 0 0 0 0 
735 9 0 0 0 0 0 0 0 0 0 0 0 
736 9 0 0 0 0 0 0 0 0 0 0 0 
737 9 0 0 0 0 0 0 0 0 0 0 0 
738 9 0 0 0 0 0 0 0 0 0 0 0 
739 9 0 0 0 0 0 0 0 0 0 0 0 
740 9 0 0 0 0 0 0 0 0 0 0 0 
741 9 0 0 0 0 0 0 0 0 0 0 0 
742 9 0 0 0 0 0 0 0 0 0 0 0 
743 9 0 0 0 0 0 0 0 0 0 0 0 
744 9 0 0 0 0 0 0 0 0 0 0 0 
745 9 0 0 0 0 0 0 0 0 0 0 0 
746 9 0 0 0 0 0 0 0 0 0 0 0 
747 9 0 0 0 0 0 0 0 0 0 0 0 
748 9 0 0 0 0 0 0 0 0 0 0 0 
749 9 0 0 0 0 0 0 0 0 0 0 0 
750 9 0 0 0 0 0 0 0 0 0 0 0 
751 9 0 0 0 0 0 0 0 0 0 0 0 
752 9 0 0 0 0 0 0 0 0 0 0 0 
753 9 0 0 0 0 0 0 0 0 0 0 0 
754 9 0 0 0 0 0 0 0 0 0 0 0 
755 9 0 0 0 0 0 0 0 0 0 0 0 
756 9 0 0 0 0 0 0 0 0 0 0 0 
757 9 0 0 0 0 0 0 0 0 0 0 0 
758 9 0 0 0 0 0 0 0 0 0 0 0 
759 9 0 0 0 0 0 0 0 0 0 0 0 
760 9 0 0 0 0 0 0 0 0 0 0 0 
761 9 0 0 0 0 0 0 0 0 0 0 0 
762 9 0 0 0 0 0 0 0 0 0 0 0 
763 9 0 0 0 0 0 0 0 0 0 0 0 
764 9 0 0 0 0 0 0 0 0 0 0 0 
765 9 0 0 0 0 0 0 0 0 0 0 0 
766 9 0 0 0 0 0 0 0 0 0 0 0 
767 9 0 0 0 0 0 0 0 0 0 0 0 
768 9 0 0 0 0 0 0 0 0 0 0 0 
769 9 0 0 0 0 0 0 0 0 0 0 0 
770 9 0 0 0 0 0 0 0 0 0 0 0 
771 9 0 0 0 0 0 0 0 0 0 0 0 
772 9 0 0 0 0 0 0 0 0 0 0 0 
773 9 0 0 0 0 0 0 0 0 0 0 0 
774 9 0 0 0 0 0 0 0 0 0 0 0 
775 9 0 0 0 0 0 0 0 0 0 0 0 
776 9 0 0 0 0 0 0 0 0 0 0 0 
777 9 0 0 0 0 0 0 0 0 0 0 0 
778 9 0 0 0 0 0 0 0 0 0 0 0 
779 9 0 0 0 0 0 0 0 0 0 0 0 
780 9 0 0 0 0 0 0 0 0 0 0 0 
781 9 0 0 0 0 0 0 0 0 0 0 0 
782 9 0 0 0 0 0 0 0 0 0 0 0 
783 9 0 0 0 0 0 0 0 0 0 0 0 
784 9 0 0 0 0 0 0 0 0 0 0 0 
785 9 0 0 0 0 0 0 0 0 0 0 0 
786 9 0 0 0 0 0 0 0 0 0 0 0 
787 9 0 0 0 0 0 0 0 0 0 0 0 
788 9 0 0 0 0 0 0 0 0 0 0 0 
789 9 0 0 0 0 0 0 0 0 0 0 0 
790 9 0 0 0 0 0 0 0 0 0 0 0 
791 9 0 0 0 0 0 0 0 0 0 0 0 
792 9 0 0 0 0 0 0 0 0 0 0 0 
793 9 0 0 0 0 0 0 0 0 0 0 0 
794 9 0 0 0 0 0 0 0 0 0 0 0 
795 9 0 0 0 0 0 0 0 0 0 0 0 
796 9 0 0 0 0 0 0 0 0 0 0 0 
797 9 0 0 0 0 0 0 0 0 0 0 0 
798 9 0 0 0 0 0 0 0 0 0 0 0 
799 9 0 0 0 0 0 0 0 0 0 0 0 
800 9 0 0 0 0 0 0 0 0 0 0 0 
801 9 0 0 0 0 0 0 0 0 0 0 0 
802 9 0 0 0 0 0 0 0 0 0 0 0 
803 9 0 0 0 0 0 0 0 0 0 0 0 
804 9 0 0 0 0 0 0 0 0 0 0 0 
805 9 0 0 0 0 0 0 0 0 0 0 0 
806 9 0 0 0 0 0 0 0 0 0 0 0 
807 9 0 0 0 0 0 0 0 0 0 0 0 
808 9 0 0 0 0 0 0 0 0 0 0 0 
809 9 0 0 0 0 0 0 0 0 0 0 0 
810 9 0 0 0 0 0 0 0 0 0 0 0 
811 9 0 0 0 0 0 0 0 0 0 0 0 
812 9 0 0 0 0 0 0 0 0 0 0 0 
813 9 0 0 0 0 0 0 0 0 0 0 0 
814 9 0 0 0 0 0 0 0 0 0 0 0 
815 9 0 0 0 0 0 0 0 0 0 0 0 
816 9 0 0 0 0 0 0 0 0 0 0 0 
817 9 0 0 0 0 0 0 0 0 0 0 0 
818 9 0 0 0 0 0 0 0 0 0 0 0 
819 9 0 0 0 0 0 0 0 0 0 0 0 
820 9 0 0 0 0 0 0 0 0 0 0 0 
821 9 0 0 0 0 0 0 0 0 0 0 0 
822 9 0 0 0 0 0 0 0 0 0 0 0 
823 9 0 0 0 0 0 0 0 0 0 0 0 
824 9 0 0 0 0 0 0 0 0 0 0 0 
825 9 0 0 0 0 0 0 0 0 0 0 0 
826 9 0 0 0 0 0 0 0 0 0 0 0 
827 9 0 0 0 0 0 0 0 0 0 0 0 
828 9 0 0 0 0 0 0 0 0 0 0 0 
829 9 0 0 0 0 0 0 0 0 0 0 0 
830 9 0 0 0 0 0 0 0 0 0 0 0 
831 9 0 0 0 0 0 0 0 0 0 0 0 
832 9 0 0 0 0 0 0 0 0 0 0 0 
833 9 0 0 0 0 0 0 0 0 0 0 0 
834 9 0 0 0 0 0 0 0 0 0 0 0 
835 9 0 0 0 0 0 0 0 0 0 0 0 
836 9 0 0 0 0 0 0 0 0 0 0 0 
837 9 0 0 0 0 0 0 0 0 0 0 0 
838 9 0 0 0 0 0 0 0 0 0 0 0 
839 9 0 0 0 0 0 0 0 0 0 0 0 
840 9 0 0 0 0 0 0 0 0 0 0 0 
841 9 0 0 0 0 0 0 0 0 0 0 0 
842 9 0 0 0 0 0 0 0 0 0 0 0 
843 9 0 0 0 0 0 0 0 0 0 0 0 
844 9 0 0 0 0 0 0 0 0 0 0 0 
845 9 0 0 0 0 0 0 0 0 0 0 0 
846 9 0 0 0 0 0 0 0 0 0 0 0 
847 9 0 0 0 0 0 0 0 0 0 0 0 
848 9 0 0 0 0 0 0 0 0 0 0 0 
849 9 0 0 0 0 0 0 0 0 0 0 0 
850 9 0 0 0 0 0 0 0 0 0 0 0 
851 9 0 0 0 0 0 0 0 0 0 0 0 
852 9 0 0 0 0 0 0 0 0 0 0 0 
853 9 0 0 0 0 0 0 0 0 0 0 0 
854 9 0 0 0 0 0 0 0 0 0 0 0 
855 9 0 0 0 0 0 0 0 0 0 0 0 
856 9 0 0 0 0 0 0 0 0 0 0 0 
857 9 0 0 0 0 0 0 0 0 0 0 0 
858 9 0 0 0 0 0 0 0 0 0 0 0 
859 9 0 0 0 0 0 0 0 0 0 0 0 
860 9 0 0 0 0 0 0 0 0 0 0 0 
861 9 0 0 0 0 0 0 0 0 0 0 0 
862 9 0 0 0 0 0 0 0 0 0 0 0 
863 9 0 0 0 0 0 0 0 0 0 0 0 
864 9 0 0 0 0 0 0 0 0 0 0 0 
865 9 0 0 0 0 0 0 0 0 0 0 0 
866 9 0 0 0 0 0 0 0 0 0 0 0 
867 9 0 0 0 0 0 0 0 0 0 0 0 
868 9 0 0 0 0 0 0 0 0 0 0 0 
869 9 0 0 0 0 0 0 0 0 0 0 0 
870 9 0 0 0 0 0 0 0 0 0 0 0 
871 9 0 0 0 0 0 0 0 0 0 0 0 
872 9 0 0 0 0 0 0 0 0 0 0 0 
873 9 0 0 0 0 0 0 0 0 0 0 0 
874 9 0 0 0 0 0 0 0 0 0 0 0 
875 9 0 0 0 0 0 0 0 0 0 0 0 
876 9 0 0 0 0 0 0 0 0 0 0 0 
877 9 0 0 0 0 0 0 0 0 0 0 0 
878 9 0 0 0 0 0 0 0 0 0 0 0 
879 9 0 0 0 0 0 0 0 0 0 0 0 
880 9 0 0 0 0 0 0 0 0 0 0 0 
881 9 0 0 0 0 0 0 0 0 0 0 0 
882 9 0 0 0 0 0 0 0 0 0 0 0 
883 9 0 0 0 0 0 0 0 0 0 0 0 
884 9 0 0 0 0 0 0 0 0 0 0 0 
885 9 0 0 0 0 0 0 0 0 0 0 0 
886 9 0 0 0 0 0 0 0 0 0 0 0 
887 9 0 0 0 0 0 0 0 0 0 0 0 
888 9 0 0 0 0 0 0 0 0 0 0 0 
889 9 0 0 0 0 0 0 0 0 0 0 0 
890 9 0 0 0 0 0 0 0 0 0 0 0 
891 9 0 0 0 0 0 0 0 0 0 0 0 
892 9 0 0 0 0 0 0 0 0 0 0 0 
893 9 0 0 0 0 0 0 0 0 0 0 0 
894 9 0 0 0 0 0 0 0 0 0 0 0 
895 9 0 0 0 0 0 0 0 0 0 0 0 
896 9 0 0 0 0 0 0 0 0 0 0 0 
897 9 0 0 0 0 0 0 0 0 0 0 0 
898 9 0 0 0 0 0 0 0 0 0 0 0 
899 9 0 0 0 0 0 0 0 0 0 0 0 
900 9 0 0 0 0 0 0 0 0 0 0 0 
901 9 0 0 0 0 0 0 0 0 0 0 0 
902 9 0 0 0 0 0 0 0 0 0 0 0 
903 9 22 0 0 0 0 0 0 0 0 0 0 
904 9 -1 204 2 26 -1 -1 -1 -1 -1 3 49 
905 9 25 0 0 0 0 0 0 0 0 0 0 
906 9 -1 20 3 29 -1 -1 -1 -1 -1 3 4 
907 9 0 0 0 0 0 0 0 0 0 0 0 
908 9 0 0 0 0 0 0 0 0 0 0 0 
909 9 29 0 0 0 0 0 0 0 0 0 0 
910 9 -1 213 3 36 -1 -1 -1 -1 -1 3 -13 
911 9 -1 0 4 13 -1 -1 -1 -1 -1 3 1870 
912 9 -1 156 1 19 -1 -1 -1 -1 -1 3 -28 
913 9 0 0 0 0 0 0 0 0 0 0 0 
914 9 0 0 0 0 0 0 0 0 0 0 0 
915 9 0 0 0 0 0 0 0 0 0 0 0 
916 9 0 0 0 0 0 0 0 0 0 0 0 
917 9 0 0 0 0 0 0 0 0 0 0 0 
918 9 0 0 0 0 0 0 0 0 0 0 0 
919 9 0 0 0 0 0 0 0 0 0 0 0 
920 9 0 0 0 0 0 0 0 0 0 0 0 
921 9 0 0 0 0 0 0 0 0 0 0 0 
922 9 0 0 0 0 0 0 0 0 0 0 0 
923 9 0 0 0 0 0 0 0 0 0 0 0 
924 9 0 0 0 0 0 0 0 0 0 0 0 
925 9 0 0 0 0 0 0 0 0 0 0 0 
926 9 0 0 0 0 0 0 0 0 0 0 0 
927 9 0 0 0 0 0 0 0 0 0 0 0 
928 9 0 0 0 0 0 0 0 0 0 0 0 
929 9 0 0 0 0 0 0 0 0 0 0 0 
930 9 0 0 0 0 0 0 0 0 0 0 0 
931 9 0 0 0 0 0 0 0 0 0 0 0 
932 9 0 0 0 0 0 0 0 0 0 0 0 
933 9 0 0 0 0 0 0 0 0 0 0 0 
934 9 0 0 0 0 0 0 0 0 0 0 0 
935 9 0 0 0 0 0 0 0 0 0 0 0 
936 9 0 0 0 0 0 0 0 0 0 0 0 
937 9 0 0 0 0 0 0 0 0 0 0 0 
938 9 0 0 0 0 0 0 0 0 0 0 0 
939 9 0 0 0 0 0 0 0 0 0 0 0 
940 9 0 0 0 0 0 0 0 0 0 0 0 
941 9 0 0 0 0 0 0 0 0 0 0 0 
942 9 0 0 0 0 0 0 0 0 0 0 0 
943 9 0 0 0 0 0 0 0 0 0 0 0 
944 9 0 0 0 0 0 0 0 0 0 0 0 
945 9 0 0 0 0 0 0 0 0 0 0 0 
946 9 0 0 0 0 0 0 0 0 0 0 0 
947 9 0 0 0 0 0 0 0 0 0 0 0 
948 9 0 0 0 0 0 0 0 0 0 0 0 
949 9 0 0 0 0 0 0 0 0 0 0 0 
950 9 0 0 0 0 0 0 0 0 0 0 0 
951 9 0 0 0 0 0 0 0 0 0 0 0 
952 9 0 0 0 0 0 0 0 0 0 0 0 
953 9 0 0 0 0 0 0 0 0 0 0 0 
954 9 0 0 0 0 0 0 0 0 0 0 0 
955 9 0 0 0 0 0 0 0 0 0 0 0 
956 9 0 0 0 0 0 0 0 0 0 0 0 
957 9 0 0 0 0 0 0 0 0 0 0 0 
958 9 0 0 0 0 0 0 0 0 0 0 0 
959 9 0 0 0 0 0 0 0 0 0 0 0 
960 9 0 0 0 0 0 0 0 0 0 0 0 
961 9 0 0 0 0 0 0 0 0 0 0 0 
962 9 0 0 0 0 0 0 0 0 0 0 0 
963 9 0 0 0 0 0 0 0 0 0 0 0 
964 9 0 0 0 0 0 0 0 0 0 0 0 
965 9 0 0 0 0 0 0 0 0 0 0 0 
966 9 0 0 0 0 0 0 0 0 0 0 0 
967 9 0 0 0 0 0 0 0 0 0 0 0 
968 9 0 0 0 0 0 0 0 0 0 0 0 
969 9 0 0 0 0 0 0 0 0 0 0 0 
970 9 0 0 0 0 0 0 0 0 0 0 0 
971 9 0 0 0 0 0 0 0 0 0 0 0 
972 9 0 0 0 0 0 0 0 0 0 0 0 
973 9 0 0 0 0 0 0 0 0 0 0 0 
974 9 0 0 0 0 0 0 0 0 0 0 0 
975 9 -1 42 2 17 -1 -1 -1 -1 -1 3 44 
976 9 44 0 0 0 0 0 0 0 0 0 0 
977 9 45 0 0 0 0 0 0 0 0 0 0 
978 9 46 0 0 0 0 0 0 0 0 0 0 
979 9 -1 81 3 18 -1 -1 -1 -1 -1 3 -19 
980 9 -1 99 3 32 -1 -1 -1 -1 -1 0 2 
981 9 -1 330 0 21 -1 -1 -1 -1 -1 1 -58 
982 9 -1 313 4 28 -1 -1 -1 -1 -1 2 1377 
983 9 55 0 0 0 0 0 0 0 0 0 0 
984 9 -1 339 0 37 -1 -1 -1 -1 -1 2 -24 
985 9 0 0 0 0 0 0 0 0 0 0 0 
986 9 0 0 0 0 0 0 0 0 0 0 0 
987 9 0 0 0 0 0 0 0 0 0 0 0 
988 9 0 0 0 0 0 0 0 0 0 0 0 
989 9 0 0 0 0 0 0 0 0 0 0 0 
990 9 0 0 0 0 0 0 0 0 0 0 0 
991 9 0 0 0 0 0 0 0 0 0 0 0 
992 9 0 0 0 0 0 0 0 0 0 0 0 
993 9 0 0 0 0 0 0 0 0 0 0 0 
994 9 0 0 0 0 0 0 0 0 0 0 0 
995 9 0 0 0 0 0 0 0 0 0 0 0 
996 9 0 0 0 0 0 0 0 0 0 0 0 
997 9 0 0 0 0 0 0 0 0 0 0 0 
998 9 0 0 0 0 0 0 0 0 0 0 0 
999 9 0 0 0 0 0 0 0 0 0 0 0 
1000 9 0 0 0 0 0 0 0 0 0 0 0 
1001 9 0 0 0 0 0 0 0 0 0 0 0 
1002 9 0 0 0 0 0 0 0 0 0 0 0 
1003 9 0 0 0 0 0 0 0 0 0 0 0 
1004 9 0 0 0 0 0 0 0 0 0 0 0 
1005 9 0 0 0 0 0 0 0 0 0 0 0 
1006 9 0 0 0 0 0 0 0 0 0 0 0 
1007 9 0 0 0 0 0 0 0 0 0 0 0 
1008 9 0 0 0 0 0 0 0 0 0 0 0 
1009 9 0 0 0 0 0 0 0 0 0 0 0 
1010 9 0 0 0 0 0 0 0 0 0 0 0 
1011 9 0 0 0 0 0 0 0 0 0 0 0 
1012 9 0 0 0 0 0 0 0 0 0 0 0 
1013 9 0 0 0 0 0 0 0 0 0 0 0 
1014 9 0 0 0 0 0 0 0 0 0 0 0 
1015 9 0 0 0 0 0 0 0 0 0 0 0 
1016 9 0 0 0 0 0 0 0 0 0 0 0 
1017 9 0 0 0 0 0 0 0 0 0 0 0 
1018 9 0 0 0 0 0 0 0 0 0 0 0 
1019 9 0 0 0 0 0 0 0 0 0 0 0 
1020 9 0 0 0 0 0 0 0 0 0 0 0 
1021 9 0 0 0 0 0 0 0 0 0 0 0 
1022 9 0 0 0 0 0 0 0 0 0 0 0 
1023 10 0 0 0 0 0 0 0 0 0 0 0 
1024 10 0 0 0 0 0 0 0 0 0 0 0 
1025 10 0 0 0 0 0 0 0 0 0 0 0 
1026 10 0 0 0 0 0 0 0 0 0 0 0 
1027 10 0 0 0 0 0 0 0 0 0 0 0 
1028 10 0 0 0 0 0 0 0 0 0 0 0 
1029 10 0 0 0 0 0 0 0 0 0 0 0 
1030 10 0 0 0 0 0 0 0 0 0 0 0 
1031 10 0 0 0 0 0 0 0 0 0 0 0 
1032 10 0 0 0 0 0 0 0 0 0 0 0 
1033 10 0 0 0 0 0 0 0 0 0 0 0 
1034 10 0 0 0 0 0 0 0 0 0 0 0 
1035 10 0 0 0 0 0 0 0 0 0 0 0 
1036 10 0 0 0 0 0 0 0 0 0 0 0 
1037 10 0 0 0 0 0 0 0 0 0 0 0 
1038 10 0 0 0 0 0 0 0 0 0 0 0 
1039 10 0 0 0 0 0 0 0 0 0 0 0 
1040 10 0 0 0 0 0 0 0 0 0 0 0 
1041 10 0 0 0 0 0 0 0 0 0 0 0 
1042 10 0 0 0 0 0 0 0 0 0 0 0 
1043 10 0 0 0 0 0 0 0 0 0 0 0 
1044 10 0 0 0 0 0 0 0 0 0 0 0 
1045 10 0 0 0 0 0 0 0 0 0 0 0 
1046 10 0 0 0 0 0 0 0 0 0 0 0 
1047 10 0 0 0 0 0 0 0 0 0 0 0 
1048 10 0 0 0 0 0 0 0 0 0 0 0 
1049 10 0 0 0 0 0 0 0 0 0 0 0 
1050 10 0 0 0 0 0 0 0 0 0 0 0 
1051 10 0 0 0 0 0 0 0 0 0 0 0 
1052 10 0 0 0 0 0 0 0 0 0 0 0 
1053 10 0 0 0 0 0 0 0 0 0 0 0 
1054 10 0 0 0 0 0 0 0 0 0 0 0 
1055 10 0 0 0 0 0 0 0 0 0 0 0 
1056 10 0 0 0 0 0 0 0 0 0 0 0 
1057 10 0 0 0 0 0 0 0 0 0 0 0 
1058 10 0 0 0 0 0 0 0 0 0 0 0 
1059 10 0 0 0 0 0 0 0 0 0 0 0 
1060 10 0 0 0 0 0 0 0 0 0 0 0 
1061 10 0 0 0 0 0 0 0 0 0 0 0 
1062 10 0 0 0 0 0 0 0 0 0 0 0 
1063 10 0 0 0 0 0 0 0 0 0 0 0 
1064 10 0 0 0 0 0 0 0 0 0 0 0 
1065 10 0 0 0 0 0 0 0 0 0 0 0 
1066 10 0 0 0 0 0 0 0 0 0 0 0 
1067 10 0 0 0 0 0 0 0 0 0 0 0 
1068 10 0 0 0 0 0 0 0 0 0 0 0 
1069 10 0 0 0 0 0 0 0 0 0 0 0 
1070 10 0 0 0 0 0 0 0 0 0 0 0 
1071 10 0 0 0 0 0 0 0 0 0 0 0 
1072 10 0 0 0 0 0 0 0 0 0 0 0 
1073 10 0 0 0 0 0 0 0 0 0 0 0 
1074 10 0 0 0 0 0 0 0 0 0 0 0 
1075 10 0 0 0 0 0 0 0 0 0 0 0 
1076 10 0 0 0 0 0 0 0 0 0 0 0 
1077 10 0 0 0 0 0 0 0 0 0 0 0 
1078 10 0 0 0 0 0 0 0 0 0 0 0 
1079 10 0 0 0 0 0 0 0 0 0 0 0 
1080 10 0 0 0 0 0 0 0 0 0 0 0 
1081 10 0 0 0 0 0 0 0 0 0 0 0 
1082 10 0 0 0 0 0 0 0 0 0 0 0 
1083 10 0 0 0 0 0 0 0 0 0 0 0 
1084 10 0 0 0 0 0 0 0 0 0 0 0 
1085 10 0 0 0 0 0 0 0 0 0 0 0 
1086 10 0 0 0 0 0 0 0 0 0 0 0 
1087 10 0 0 0 0 0 0 0 0 0 0 0 
1088 10 0 0 0 0 0 0 0 0 0 0 0 
1089 10 0 0 0 0 0 0 0 0 0 0 0 
1090 10 0 0 0 0 0 0 0 0 0 0 0 
1091 10 0 0 0 0 0 0 0 0 0 0 0 
1092 10 0 0 0 0 0 0 0 0 0 0 0 
1093 10 0 0 0 0 0 0 0 0 0 0 0 
1094 10 0 0 0 0 0 0 0 0 0 0 0 
1095 10 0 0 0 0 0 0 0 0 0 0 0 
1096 10 0 0 0 0 0 0 0 0 0 0 0 
1097 10 0 0 0 0 0 0 0 0 0 0 0 
1098 10 0 0 0 0 0 0 0 0 0 0 0 
1099 10 0 0 0 0 0 0 0 0 0 0 0 
1100 10 0 0 0 0 0 0 0 0 0 0 0 
1101 10 0 0 0 0 0 0 0 0 0 0 0 
1102 10 0 0 0 0 0 0 0 0 0 0 0 
1103 10 0 0 0 0 0 0 0 0 0 0 0 
1104 10 0 0 0 0 0 0 0 0 0 0 0 
1105 10 0 0 0 0 0 0 0 0 0 0 0 
1106 10 0 0 0 0 0 0 0 0 0 0 0 
1107 10 0 0 0 0 0 0 0 0 0 0 0 
1108 10 0 0 0 0 0 0 0 0 0 0 0 
1109 10 0 0 0 0 0 0 0 0 0 0 0 
1110 10 0 0 0 0 0 0 0 0 0 0 0 
1111 10 0 0 0 0 0 0 0 0 0 0 0 
1112 10 0 0 0 0 0 0 0 0 0 0 0 
1113 10 0 0 0 0 0 0 0 0 0 0 0 
1114 10 0 0 0 0 0 0 0 0 0 0 0 
1115 10 0 0 0 0 0 0 0 0 0 0 0 
1116 10 0 0 0 0 0 0 0 0 0 0 0 
1117 10 0 0 0 0 0 0 0 0 0 0 0 
1118 10 0 0 0 0 0 0 0 0 0 0 0 
1119 10 0 0 0 0 0 0 0 0 0 0 0 
1120 10 0 0 0 0 0 0 0 0 0 0 0 
1121 10 0 0 0 0 0 0 0 0 0 0 0 
1122 10 0 0 0 0 0 0 0 0 0 0 0 
1123 10 0 0 0 0 0 0 0 0 0 0 0 
1124 10 0 0 0 0 0 0 0 0 0 0 0 
1125 10 0 0 0 0 0 0 0 0 0 0 0 
1126 10 0 0 0 0 0 0 0 0 0 0 0 
1127 10 0 0 0 0 0 0 0 0 0 0 0 
1128 10 0 0 0 0 0 0 0 0 0 0 0 
1129 10 0 0 0 0 0 0 0 0 0 0 0 
1130 10 0 0 0 0 0 0 0 0 0 0 0 
1131 10 0 0 0 0 0 0 0 0 0 0 0 
1132 10 0 0 0 0 0 0 0 0 0 0 0 
1133 10 0 0 0 0 0 0 0 0 0 0 0 
1134 10 0 0 0 0 0 0 0 0 0 0 0 
1135 10 0 0 0 0 0 0 0 0 0 0 0 
1136 10 0 0 0 0 0 0 0 0 0 0 0 
1137 10 0 0 0 0 0 0 0 0 0 0 0 
1138 10 0 0 0 0 0 0 0 0 0 0 0 
1139 10 0 0 0 0 0 0 0 0 0 0 0 
1140 10 0 0 0 0 0 0 0 0 0 0 0 
1141 10 0 0 0 0 0 0 0 0 0 0 0 
1142 10 0 0 0 0 0 0 0 0 0 0 0 
1143 10 0 0 0 0 0 0 0 0 0 0 0 
1144 10 0 0 0 0 0 0 0 0 0 0 0 
1145 10 0 0 0 0 0 0 0 0 0 0 0 
1146 10 0 0 0 0 0 0 0 0 0 0 0 
1147 10 0 0 0 0 0 0 0 0 0 0 0 
1148 10 0 0 0 0 0 0 0 0 0 0 0 
1149 10 0 0 0 0 0 0 0 0 0 0 0 
1150 10 0 0 0 0 0 0 0 0 0 0 0 
1151 10 0 0 0 0 0 0 0 0 0 0 0 
1152 10 0 0 0 0 0 0 0 0 0 0 0 
1153 10 0 0 0 0 0 0 0 0 0 0 0 
1154 10 0 0 0 0 0 0 0 0 0 0 0 
1155 10 0 0 0 0 0 0 0 0 0 0 0 
1156 10 0 0 0 0 0 0 0 0 0 0 0 
1157 10 0 0 0 0 0 0 0 0 0 0 0 
1158 10 0 0 0 0 0 0 0 0 0 0 0 
1159 10 0 0 0 0 0 0 0 0 0 0 0 
1160 10 0 0 0 0 0 0 0 0 0 0 0 
1161 10 0 0 0 0 0 0 0 0 0 0 0 
1162 10 0 0 0 0 0 0 0 0 0 0 0 
1163 10 0 0 0 0 0 0 0 0 0 0 0 
1164 10 0 0 0 0 0 0 0 0 0 0 0 
1165 10 0 0 0 0 0 0 0 0 0 0 0 
1166 10 0 0 0 0 0 0 0 0 0 0 0 
1167 10 0 0 0 0 0 0 0 0 0 0 0 
1168 10 0 0 0 0 0 0 0 0 0 0 0 
1169 10 0 0 0 0 0 0 0 0 0 0 0 
1170 10 0 0 0 0 0 0 0 0 0 0 0 
1171 10 0 0 0 0 0 0 0 0 0 0 0 
1172 10 0 0 0 0 0 0 0 0 0 0 0 
1173 10 0 0 0 0 0 0 0 0 0 0 0 
1174 10 0 0 0 0 0 0 0 0 0 0 0 
1175 10 0 0 0 0 0 0 0 0 0 0 0 
1176 10 0 0 0 0 0 0 0 0 0 0 0 
1177 10 0 0 0 0 0 0 0 0 0 0 0 
1178 10 0 0 0 0 0 0 0 0 0 0 0 
1179 10 0 0 0 0 0 0 0 0 0 0 0 
1180 10 0 0 0 0 0 0 0 0 0 0 0 
1181 10 0 0 0 0 0 0 0 0 0 0 0 
1182 10 0 0 0 0 0 0 0 0 0 0 0 
1183 10 0 0 0 0 0 0 0 0 0 0 0 
1184 10 0 0 0 0 0 0 0 0 0 0 0 
1185 10 0 0 0 0 0 0 0 0 0 0 0 
1186 10 0 0 0 0 0 0 0 0 0 0 0 
1187 10 0 0 0 0 0 0 0 0 0 0 0 
1188 10 0 0 0 0 0 0 0 0 0 0 0 
1189 10 0 0 0 0 0 0 0 0 0 0 0 
1190 10 0 0 0 0 0 0 0 0 0 0 0 
1191 10 0 0 0 0 0 0 0 0 0 0 0 
1192 10 0 0 0 0 0 0 0 0 0 0 0 
1193 10 0 0 0 0 0 0 0 0 0 0 0 
1194 10 0 0 0 0 0 0 0 0 0 0 0 
1195 10 0 0 0 0 0 0 0 0 0 0 0 
1196 10 0 0 0 0 0 0 0 0 0 0 0 
1197 10 0 0 0 0 0 0 0 0 0 0 0 
1198 10 0 0 0 0 0 0 0 0 0 0 0 
1199 10 0 0 0 0 0 0 0 0 0 0 0 
1200 10 0 0 0 0 0 0 0 0 0 0 0 
1201 10 0 0 0 0 0 0 0 0 0 0 0 
1202 10 0 0 0 0 0 0 0 0 0 0 0 
1203 10 0 0 0 0 0 0 0 0 0 0 0 
1204 10 0 0 0 0 0 0 0 0 0 0 0 
1205 10 0 0 0 0 0 0 0 0 0 0 0 
1206 10 0 0 0 0 0 0 0 0 0 0 0 
1207 10 0 0 0 0 0 0 0 0 0 0 0 
1208 10 0 0 0 0 0 0 0 0 0 0 0 
1209 10 0 0 0 0 0 0 0 0 0 0 0 
1210 10 0 0 0 0 0 0 0 0 0 0 0 
1211 10 0 0 0 0 0 0 0 0 0 0 0 
1212 10 0 0 0 0 0 0 0 0 0 0 0 
1213 10 0 0 0 0 0 0 0 0 0 0 0 
1214 10 0 0 0 0 0 0 0 0 0 0 0 
1215 10 0 0 0 0 0 0 0 0 0 0 0 
1216 10 0 0 0 0 0 0 0 0 0 0 0 
1217 10 0 0 0 0 0 0 0 0 0 0 0 
1218 10 0 0 0 0 0 0 0 0 0 0 0 
1219 10 0 0 0 0 0 0 0 0 0 0 0 
1220 10 0 0 0 0 0 0 0 0 0 0 0 
1221 10 0 0 0 0 0 0 0 0 0 0 0 
1222 10 0 0 0 0 0 0 0 0 0 0 0 
1223 10 0 0 0 0 0 0 0 0 0 0 0 
1224 10 0 0 0 0 0 0 0 0 0 0 0 
1225 10 0 0 0 0 0 0 0 0 0 0 0 
1226 10 0 0 0 0 0 0 0 0 0 0 0 
1227 10 0 0 0 0 0 0 0 0 0 0 0 
1228 10 0 0 0 0 0 0 0 0 0 0 0 
1229 10 0 0 0 0 0 0 0 0 0 0 0 
1230 10 0 0 0 0 0 0 0 0 0 0 0 
1231 10 0 0 0 0 0 0 0 0 0 0 0 
1232 10 0 0 0 0 0 0 0 0 0 0 0 
1233 10 0 0 0 0 0 0 0 0 0 0 0 
1234 10 0 0 0 0 0 0 0 0 0 0 0 
1235 10 0 0 0 0 0 0 0 0 0 0 0 
1236 10 0 0 0 0 0 0 0 0 0 0 0 
1237 10 0 0 0 0 0 0 0 0 0 0 0 
1238 10 0 0 0 0 0 0 0 0 0 0 0 
1239 10 0 0 0 0 0 0 0 0 0 0 0 
1240 10 0 0 0 0 0 0 0 0 0 0 0 
1241 10 0 0 0 0 0 0 0 0 0 0 0 
1242 10 0 0 0 0 0 0 0 0 0 0 0 
1243 10 0 0 0 0 0 0 0 0 0 0 0 
1244 10 0 0 0 0 0 0 0 0 0 0 0 
1245 10 0 0 0 0 0 0 0 0 0 0 0 
1246 10 0 0 0 0 0 0 0 0 0 0 0 
1247 10 0 0 0 0 0 0 0 0 0 0 0 
1248 10 0 0 0 0 0 0 0 0 0 0 0 
1249 10 0 0 0 0 0 0 0 0 0 0 0 
1250 10 0 0 0 0 0 0 0 0 0 0 0 
1251 10 0 0 0 0 0 0 0 0 0 0 0 
1252 10 0 0 0 0 0 0 0 0 0 0 0 
1253 10 0 0 0 0 0 0 0 0 0 0 0 
1254 10 0 0 0 0 0 0 0 0 0 0 0 
1255 10 0 0 0 0 0 0 0 0 0 0 0 
1256 10 0 0 0 0 0 0 0 0 0 0 0 
1257 10 0 0 0 0 0 0 0 0 0 0 0 
1258 10 0 0 0 0 0 0 0 0 0 0 0 
1259 10 0 0 0 0 0 0 0 0 0 0 0 
1260 10 0 0 0 0 0 0 0 0 0 0 0 
1261 10 0 0 0 0 0 0 0 0 0 0 0 
1262 10 0 0 0 0 0 0 0 0 0 0 0 
1263 10 0 0 0 0 0 0 0 0 0 0 0 
1264 10 0 0 0 0 0 0 0 0 0 0 0 
1265 10 0 0 0 0 0 0 0 0 0 0 0 
1266 10 0 0 0 0 0 0 0 0 0 0 0 
1267 10 0 0 0 0 0 0 0 0 0 0 0 
1268 10 0 0 0 0 0 0 0 0 0 0 0 
1269 10 0 0 0 0 0 0 0 0 0 0 0 
1270 10 0 0 0 0 0 0 0 0 0 0 0 
1271 10 0 0 0 0 0 0 0 0 0 0 0 
1272 10 0 0 0 0 0 0 0 0 0 0 0 
1273 10 0 0 0 0 0 0 0 0 0 0 0 
1274 10 0 0 0 0 0 0 0 0 0 0 0 
1275 10 0 0 0 0 0 0 0 0 0 0 0 
1276 10 0 0 0 0 0 0 0 0 0 0 0 
1277 10 0 0 0 0 0 0 0 0 0 0 0 
1278 10 0 0 0 0 0 0 0 0 0 0 0 
1279 10 0 0 0 0 0 0 0 0 0 0 0 
1280 10 0 0 0 0 0 0 0 0 0 0 0 
1281 10 0 0 0 0 0 0 0 0 0 0 0 
1282 10 0 0 0 0 0 0 0 0 0 0 0 
1283 10 0 0 0 0 0 0 0 0 0 0 0 
1284 10 0 0 0 0 0 0 0 0 0 0 0 
1285 10 0 0 0 0 0 0 0 0 0 0 0 
1286 10 0 0 0 0 0 0 0 0 0 0 0 
1287 10 0 0 0 0 0 0 0 0 0 0 0 
1288 10 0 0 0 0 0 0 0 0 0 0 0 
1289 10 0 0 0 0 0 0 0 0 0 0 0 
1290 10 0 0 0 0 0 0 0 0 0 0 0 
1291 10 0 0 0 0 0 0 0 0 0 0 0 
1292 10 0 0 0 0 0 0 0 0 0 0 0 
1293 10 0 0 0 0 0 0 0 0 0 0 0 
1294 10 0 0 0 0 0 0 0 0 0 0 0 
1295 10 0 0 0 0 0 0 0 0 0 0 0 
1296 10 0 0 0 0 0 0 0 0 0 0 0 
1297 10 0 0 0 0 0 0 0 0 0 0 0 
1298 10 0 0 0 0 0 0 0 0 0 0 0 
1299 10 0 0 0 0 0 0 0 0 0 0 0 
1300 10 0 0 0 0 0 0 0 0 0 0 0 
1301 10 0 0 0 0 0 0 0 0 0 0 0 
1302 10 0 0 0 0 0 0 0 0 0 0 0 
1303 10 0 0 0 0 0 0 0 0 0 0 0 
1304 10 0 0 0 0 0 0 0 0 0 0 0 
1305 10 0 0 0 0 0 0 0 0 0 0 0 
1306 10 0 0 0 0 0 0 0 0 0 0 0 
1307 10 0 0 0 0 0 0 0 0 0 0 0 
1308 10 0 0 0 0 0 0 0 0 0 0 0 
1309 10 0 0 0 0 0 0 0 0 0 0 0 
1310 10 0 0 0 0 0 0 0 0 0 0 0 
1311 10 0 0 0 0 0 0 0 0 0 0 0 
1312 10 0 0 0 0 0 0 0 0 0 0 0 
1313 10 0 0 0 0 0 0 0 0 0 0 0 
1314 10 0 0 0 0 0 0 0 0 0 0 0 
1315 10 0 0 0 0 0 0 0 0 0 0 0 
1316 10 0 0 0 0 0 0 0 0 0 0 0 
1317 10 0 0 0 0 0 0 0 0 0 0 0 
1318 10 0 0 0 0 0 0 0 0 0 0 0 
1319 10 0 0 0 0 0 0 0 0 0 0 0 
1320 10 0 0 0 0 0 0 0 0 0 0 0 
1321 10 6 0 0 0 0 0 0 0 0 0 0 
1322 10 7 0 0 0 0 0 0 0 0 0 0 
1323 10 0 0 0 0 0 0 0 0 0 0 0 
1324 10 0 0 0 0 0 0 0 0 0 0 0 
1325 10 0 0 0 0 0 0 0 0 0 0 0 
1326 10 0 0 0 0 0 0 0 0 0 0 0 
1327 10 0 0 0 0 0 0 0 0 0 0 0 
1328 10 0 0 0 0 0 0 0 0 0 0 0 
1329 10 0 0 0 0 0 0 0 0 0 0 0 
1330 10 0 0 0 0 0 0 0 0 0 0 0 
1331 10 0 0 0 0 0 0 0 0 0 0 0 
1332 10 0 0 0 0 0 0 0 0 0 0 0 
1333 10 0 0 0 0 0 0 0 0 0 0 0 
1334 10 0 0 0 0 0 0 0 0 0 0 0 
1335 10 0 0 0 0 0 0 0 0 0 0 0 
1336 10 0 0 0 0 0 0 0 0 0 0 0 
1337 10 0 0 0 0 0 0 0 0 0 0 0 
1338 10 0 0 0 0 0 0 0 0 0 0 0 
1339 10 0 0 0 0 0 0 0 0 0 0 0 
1340 10 0 0 0 0 0 0 0 0 0 0 0 
1341 10 0 0 0 0 0 0 0 0 0 0 0 
1342 10 0 0 0 0 0 0 0 0 0 0 0 
1343 10 0 0 0 0 0 0 0 0 0 0 0 
1344 10 0 0 0 0 0 0 0 0 0 0 0 
1345 10 0 0 0 0 0 0 0 0 0 0 0 
1346 10 0 0 0 0 0 0 0 0 0 0 0 
1347 10 0 0 0 0 0 0 0 0 0 0 0 
1348 10 0 0 0 0 0 0 0 0 0 0 0 
1349 10 0 0 0 0 0 0 0 0 0 0 0 
1350 10 0 0 0 0 0 0 0 0 0 0 0 
1351 10 0 0 0 0 0 0 0 0 0 0 0 
1352 10 0 0 0 0 0 0 0 0 0 0 0 
1353 10 0 0 0 0 0 0 0 0 0 0 0 
1354 10 0 0 0 0 0 0 0 0 0 0 0 
1355 10 0 0 0 0 0 0 0 0 0 0 0 
1356 10 0 0 0 0 0 0 0 0 0 0 0 
1357 10 0 0 0 0 0 0 0 0 0 0 0 
1358 10 0 0 0 0 0 0 0 0 0 0 0 
1359 10 0 0 0 0 0 0 0 0 0 0 0 
1360 10 0 0 0 0 0 0 0 0 0 0 0 
1361 10 0 0 0 0 0 0 0 0 0 0 0 
1362 10 0 0 0 0 0 0 0 0 0 0 0 
1363 10 0 0 0 0 0 0 0 0 0 0 0 
1364 10 0 0 0 0 0 0 0 0 0 0 0 
1365 10 0 0 0 0 0 0 0 0 0 0 0 
1366 10 0 0 0 0 0 0 0 0 0 0 0 
1367 10 0 0 0 0 0 0 0 0 0 0 0 
1368 10 0 0 0 0 0 0 0 0 0 0 0 
1369 10 0 0 0 0 0 0 0 0 0 0 0 
1370 10 0 0 0 0 0 0 0 0 0 0 0 
1371 10 0 0 0 0 0 0 0 0 0 0 0 
1372 10 0 0 0 0 0 0 0 0 0 0 0 
1373 10 0 0 0 0 0 0 0 0 0 0 0 
1374 10 0 0 0 0 0 0 0 0 0 0 0 
1375 10 0 0 0 0 0 0 0 0 0 0 0 
1376 10 0 0 0 0 0 0 0 0 0 0 0 
1377 10 0 0 0 0 0 0 0 0 0 0 0 
1378 10 0 0 0 0 0 0 0 0 0 0 0 
1379 10 0 0 0 0 0 0 0 0 0 0 0 
1380 10 0 0 0 0 0 0 0 0 0 0 0 
1381 10 0 0 0 0 0 0 0 0 0 0 0 
1382 10 0 0 0 0 0 0 0 0 0 0 0 
1383 10 0 0 0 0 0 0 0 0 0 0 0 
1384 10 0 0 0 0 0 0 0 0 0 0 0 
1385 10 0 0 0 0 0 0 0 0 0 0 0 
1386 10 0 0 0 0 0 0 0 0 0 0 0 
1387 10 0 0 0 0 0 0 0 0 0 0 0 
1388 10 0 0 0 0 0 0 0 0 0 0 0 
1389 10 0 0 0 0 0 0 0 0 0 0 0 
1390 10 0 0 0 0 0 0 0 0 0 0 0 
1391 10 0 0 0 0 0 0 0 0 0 0 0 
1392 10 0 0 0 0 0 0 0 0 0 0 0 
1393 10 0 0 0 0 0 0 0 0 0 0 0 
1394 10 0 0 0 0 0 0 0 0 0 0 0 
1395 10 0 0 0 0 0 0 0 0 0 0 0 
1396 10 0 0 0 0 0 0 0 0 0 0 0 
1397 10 0 0 0 0 0 0 0 0 0 0 0 
1398 10 0 0 0 0 0 0 0 0 0 0 0 
1399 10 0 0 0 0 0 0 0 0 0 0 0 
1400 10 0 0 0 0 0 0 0 0 0 0 0 
1401 10 0 0 0 0 0 0 0 0 0 0 0 
1402 10 0 0 0 0 0 0 0 0 0 0 0 
1403 10 0 0 0 0 0 0 0 0 0 0 0 
1404 10 0 0 0 0 0 0 0 0 0 0 0 
1405 10 0 0 0 0 0 0 0 0 0 0 0 
1406 10 0 0 0 0 0 0 0 0 0 0 0 
1407 10 0 0 0 0 0 0 0 0 0 0 0 
1408 10 0 0 0 0 0 0 0 0 0 0 0 
1409 10 0 0 0 0 0 0 0 0 0 0 0 
1410 10 0 0 0 0 0 0 0 0 0 0 0 
1411 10 0 0 0 0 0 0 0 0 0 0 0 
1412 10 0 0 0 0 0 0 0 0 0 0 0 
1413 10 0 0 0 0 0 0 0 0 0 0 0 
1414 10 0 0 0 0 0 0 0 0 0 0 0 
1415 10 0 0 0 0 0 0 0 0 0 0 0 
1416 10 0 0 0 0 0 0 0 0 0 0 0 
1417 10 0 0 0 0 0 0 0 0 0 0 0 
1418 10 0 0 0 0 0 0 0 0 0 0 0 
1419 10 0 0 0 0 0 0 0 0 0 0 0 
1420 10 0 0 0 0 0 0 0 0 0 0 0 
1421 10 0 0 0 0 0 0 0 0 0 0 0 
1422 10 0 0 0 0 0 0 0 0 0 0 0 
1423 10 0 0 0 0 0 0 0 0 0 0 0 
1424 10 0 0 0 0 0 0 0 0 0 0 0 
1425 10 0 0 0 0 0 0 0 0 0 0 0 
1426 10 0 0 0 0 0 0 0 0 0 0 0 
1427 10 0 0 0 0 0 0 0 0 0 0 0 
1428 10 0 0 0 0 0 0 0 0 0 0 0 
1429 10 0 0 0 0 0 0 0 0 0 0 0 
1430 10 0 0 0 0 0 0 0 0 0 0 0 
1431 10 0 0 0 0 0 0 0 0 0 0 0 
1432 10 0 0 0 0 0 0 0 0 0 0 0 
1433 10 0 0 0 0 0 0 0 0 0 0 0 
1434 10 0 0 0 0 0 0 0 0 0 0 0 
1435 10 0 0 0 0 0 0 0 0 0 0 0 
1436 10 0 0 0 0 0 0 0 0 0 0 0 
1437 10 0 0 0 0 0 0 0 0 0 0 0 
1438 10 0 0 0 0 0 0 0 0 0 0 0 
1439 10 0 0 0 0 0 0 0 0 0 0 0 
1440 10 0 0 0 0 0 0 0 0 0 0 0 
1441 10 0 0 0 0 0 0 0 0 0 0 0 
1442 10 0 0 0 0 0 0 0 0 0 0 0 
1443 10 0 0 0 0 0 0 0 0 0 0 0 
1444 10 0 0 0 0 0 0 0 0 0 0 0 
1445 10 0 0 0 0 0 0 0 0 0 0 0 
1446 10 0 0 0 0 0 0 0 0 0 0 0 
1447 10 0 0 0 0 0 0 0 0 0 0 0 
1448 10 0 0 0 0 0 0 0 0 0 0 0 
1449 10 0 0 0 0 0 0 0 0 0 0 0 
1450 10 0 0 0 0 0 0 0 0 0 0 0 
1451 10 0 0 0 0 0 0 0 0 0 0 0 
1452 10 0 0 0 0 0 0 0 0 0 0 0 
1453 10 0 0 0 0 0 0 0 0 0 0 0 
1454 10 0 0 0 0 0 0 0 0 0 0 0 
1455 10 0 0 0 0 0 0 0 0 0 0 0 
1456 10 0 0 0 0 0 0 0 0 0 0 0 
1457 10 0 0 0 0 0 0 0 0 0 0 0 
1458 10 0 0 0 0 0 0 0 0 0 0 0 
1459 10 0 0 0 0 0 0 0 0 0 0 0 
1460 10 0 0 0 0 0 0 0 0 0 0 0 
1461 10 0 0 0 0 0 0 0 0 0 0 0 
1462 10 0 0 0 0 0 0 0 0 0 0 0 
1463 10 0 0 0 0 0 0 0 0 0 0 0 
1464 10 0 0 0 0 0 0 0 0 0 0 0 
1465 10 0 0 0 0 0 0 0 0 0 0 0 
1466 10 0 0 0 0 0 0 0 0 0 0 0 
1467 10 0 0 0 0 0 0 0 0 0 0 0 
1468 10 0 0 0 0 0 0 0 0 0 0 0 
1469 10 0 0 0 0 0 0 0 0 0 0 0 
1470 10 0 0 0 0 0 0 0 0 0 0 0 
1471 10 0 0 0 0 0 0 0 0 0 0 0 
1472 10 0 0 0 0 0 0 0 0 0 0 0 
1473 10 0 0 0 0 0 0 0 0 0 0 0 
1474 10 0 0 0 0 0 0 0 0 0 0 0 
1475 10 0 0 0 0 0 0 0 0 0 0 0 
1476 10 0 0 0 0 0 0 0 0 0 0 0 
1477 10 0 0 0 0 0 0 0 0 0 0 0 
1478 10 0 0 0 0 0 0 0 0 0 0 0 
1479 10 0 0 0 0 0 0 0 0 0 0 0 
1480 10 0 0 0 0 0 0 0 0 0 0 0 
1481 10 0 0 0 0 0 0 0 0 0 0 0 
1482 10 0 0 0 0 0 0 0 0 0 0 0 
1483 10 0 0 0 0 0 0 0 0 0 0 0 
1484 10 0 0 0 0 0 0 0 0 0 0 0 
1485 10 0 0 0 0 0 0 0 0 0 0 0 
1486 10 0 0 0 0 0 0 0 0 0 0 0 
1487 10 0 0 0 0 0 0 0 0 0 0 0 
1488 10 0 0 0 0 0 0 0 0 0 0 0 
1489 10 0 0 0 0 0 0 0 0 0 0 0 
1490 10 0 0 0 0 0 0 0 0 0 0 0 
1491 10 0 0 0 0 0 0 0 0 0 0 0 
1492 10 0 0 0 0 0 0 0 0 0 0 0 
1493 10 0 0 0 0 0 0 0 0 0 0 0 
1494 10 0 0 0 0 0 0 0 0 0 0 0 
1495 10 0 0 0 0 0 0 0 0 0 0 0 
1496 10 0 0 0 0 0 0 0 0 0 0 0 
1497 10 0 0 0 0 0 0 0 0 0 0 0 
1498 10 0 0 0 0 0 0 0 0 0 0 0 
1499 10 0 0 0 0 0 0 0 0 0 0 0 
1500 10 0 0 0 0 0 0 0 0 0 0 0 
1501 10 0 0 0 0 0 0 0 0 0 0 0 
1502 10 0 0 0 0 0 0 0 0 0 0 0 
1503 10 0 0 0 0 0 0 0 0 0 0 0 
1504 10 0 0 0 0 0 0 0 0 0 0 0 
1505 10 0 0 0 0 0 0 0 0 0 0 0 
1506 10 0 0 0 0 0 0 0 0 0 0 0 
1507 10 0 0 0 0 0 0 0 0 0 0 0 
1508 10 0 0 0 0 0 0 0 0 0 0 0 
1509 10 0 0 0 0 0 0 0 0 0 0 0 
1510 10 0 0 0 0 0 0 0 0 0 0 0 
1511 10 0 0 0 0 0 0 0 0 0 0 0 
1512 10 0 0 0 0 0 0 0 0 0 0 0 
1513 10 0 0 0 0 0 0 0 0 0 0 0 
1514 10 0 0 0 0 0 0 0 0 0 0 0 
1515 10 0 0 0 0 0 0 0 0 0 0 0 
1516 10 0 0 0 0 0 0 0 0 0 0 0 
1517 10 0 0 0 0 0 0 0 0 0 0 0 
1518 10 0 0 0 0 0 0 0 0 0 0 0 
1519 10 0 0 0 0 0 0 0 0 0 0 0 
1520 10 0 0 0 0 0 0 0 0 0 0 0 
1521 10 0 0 0 0 0 0 0 0 0 0 0 
1522 10 0 0 0 0 0 0 0 0 0 0 0 
1523 10 0 0 0 0 0 0 0 0 0 0 0 
1524 10 0 0 0 0 0 0 0 0 0 0 0 
1525 10 0 0 0 0 0 0 0 0 0 0 0 
1526 10 0 0 0 0 0 0 0 0 0 0 0 
1527 10 0 0 0 0 0 0 0 0 0 0 0 
1528 10 0 0 0 0 0 0 0 0 0 0 0 
1529 10 0 0 0 0 0 0 0 0 0 0 0 
1530 10 0 0 0 0 0 0 0 0 0 0 0 
1531 10 0 0 0 0 0 0 0 0 0 0 0 
1532 10 0 0 0 0 0 0 0 0 0 0 0 
1533 10 0 0 0 0 0 0 0 0 0 0 0 
1534 10 0 0 0 0 0 0 0 0 0 0 0 
1535 10 0 0 0 0 0 0 0 0 0 0 0 
1536 10 0 0 0 0 0 0 0 0 0 0 0 
1537 10 0 0 0 0 0 0 0 0 0 0 0 
1538 10 0 0 0 0 0 0 0 0 0 0 0 
1539 10 0 0 0 0 0 0 0 0 0 0 0 
1540 10 0 0 0 0 0 0 0 0 0 0 0 
1541 10 0 0 0 0 0 0 0 0 0 0 0 
1542 10 0 0 0 0 0 0 0 0 0 0 0 
1543 10 0 0 0 0 0 0 0 0 0 0 0 
1544 10 0 0 0 0 0 0 0 0 0 0 0 
1545 10 0 0 0 0 0 0 0 0 0 0 0 
1546 10 0 0 0 0 0 0 0 0 0 0 0 
1547 10 0 0 0 0 0 0 0 0 0 0 0 
1548 10 0 0 0 0 0 0 0 0 0 0 0 
1549 10 0 0 0 0 0 0 0 0 0 0 0 
1550 10 0 0 0 0 0 0 0 0 0 0 0 
1551 10 0 0 0 0 0 0 0 0 0 0 0 
1552 10 0 0 0 0 0 0 0 0 0 0 0 
1553 10 0 0 0 0 0 0 0 0 0 0 0 
1554 10 0 0 0 0 0 0 0 0 0 0 0 
1555 10 0 0 0 0 0 0 0 0 0 0 0 
1556 10 0 0 0 0 0 0 0 0 0 0 0 
1557 10 0 0 0 0 0 0 0 0 0 0 0 
1558 10 0 0 0 0 0 0 0 0 0 0 0 
1559 10 0 0 0 0 0 0 0 0 0 0 0 
1560 10 0 0 0 0 0 0 0 0 0 0 0 
1561 10 0 0 0 0 0 0 0 0 0 0 0 
1562 10 0 0 0 0 0 0 0 0 0 0 0 
1563 10 0 0 0 0 0 0 0 0 0 0 0 
1564 10 0 0 0 0 0 0 0 0 0 0 0 
1565 10 0 0 0 0 0 0 0 0 0 0 0 
1566 10 0 0 0 0 0 0 0 0 0 0 0 
1567 10 0 0 0 0 0 0 0 0 0 0 0 
1568 10 0 0 0 0 0 0 0 0 0 0 0 
1569 10 0 0 0 0 0 0 0 0 0 0 0 
1570 10 0 0 0 0 0 0 0 0 0 0 0 
1571 10 0 0 0 0 0 0 0 0 0 0 0 
1572 10 0 0 0 0 0 0 0 0 0 0 0 
1573 10 0 0 0 0 0 0 0 0 0 0 0 
1574 10 0 0 0 0 0 0 0 0 0 0 0 
1575 10 0 0 0 0 0 0 0 0 0 0 0 
1576 10 0 0 0 0 0 0 0 0 0 0 0 
1577 10 0 0 0 0 0 0 0 0 0 0 0 
1578 10 0 0 0 0 0 0 0 0 0 0 0 
1579 10 0 0 0 0 0 0 0 0 0 0 0 
1580 10 0 0 0 0 0 0 0 0 0 0 0 
1581 10 0 0 0 0 0 0 0 0 0 0 0 
1582 10 0 0 0 0 0 0 0 0 0 0 0 
1583 10 0 0 0 0 0 0 0 0 0 0 0 
1584 10 0 0 0 0 0 0 0 0 0 0 0 
1585 10 0 0 0 0 0 0 0 0 0 0 0 
1586 10 0 0 0 0 0 0 0 0 0 0 0 
1587 10 0 0 0 0 0 0 0 0 0 0 0 
1588 10 0 0 0 0 0 0 0 0 0 0 0 
1589 10 0 0 0 0 0 0 0 0 0 0 0 
1590 10 0 0 0 0 0 0 0 0 0 0 0 
1591 10 0 0 0 0 0 0 0 0 0 0 0 
1592 10 0 0 0 0 0 0 0 0 0 0 0 
1593 10 0 0 0 0 0 0 0 0 0 0 0 
1594 10 0 0 0 0 0 0 0 0 0 0 0 
1595 10 0 0 0 0 0 0 0 0 0 0 0 
1596 10 0 0 0 0 0 0 0 0 0 0 0 
1597 10 0 0 0 0 0 0 0 0 0 0 0 
1598 10 0 0 0 0 0 0 0 0 0 0 0 
1599 10 0 0 0 0 0 0 0 0 0 0 0 
1600 10 0 0 0 0 0 0 0 0 0 0 0 
1601 10 0 0 0 0 0 0 0 0 0 0 0 
1602 10 0 0 0 0 0 0 0 0 0 0 0 
1603 10 0 0 0 0 0 0 0 0 0 0 0 
1604 10 0 0 0 0 0 0 0 0 0 0 0 
1605 10 0 0 0 0 0 0 0 0 0 0 0 
1606 10 0 0 0 0 0 0 0 0 0 0 0 
1607 10 0 0 0 0 0 0 0 0 0 0 0 
1608 10 0 0 0 0 0 0 0 0 0 0 0 
1609 10 0 0 0 0 0 0 0 0 0 0 0 
1610 10 0 0 0 0 0 0 0 0 0 0 0 
1611 10 0 0 0 0 0 0 0 0 0 0 0 
1612 10 0 0 0 0 0 0 0 0 0 0 0 
1613 10 0 0 0 0 0 0 0 0 0 0 0 
1614 10 0 0 0 0 0 0 0 0 0 0 0 
1615 10 0 0 0 0 0 0 0 0 0 0 0 
1616 10 0 0 0 0 0 0 0 0 0 0 0 
1617 10 0 0 0 0 0 0 0 0 0 0 0 
1618 10 0 0 0 0 0 0 0 0 0 0 0 
1619 10 0 0 0 0 0 0 0 0 0 0 0 
1620 10 0 0 0 0 0 0 0 0 0 0 0 
1621 10 0 0 0 0 0 0 0 0 0 0 0 
1622 10 0 0 0 0 0 0 0 0 0 0 0 
1623 10 0 0 0 0 0 0 0 0 0 0 0 
1624 10 0 0 0 0 0 0 0 0 0 0 0 
1625 10 0 0 0 0 0 0 0 0 0 0 0 
1626 10 0 0 0 0 0 0 0 0 0 0 0 
1627 10 0 0 0 0 0 0 0 0 0 0 0 
1628 10 0 0 0 0 0 0 0 0 0 0 0 
1629 10 0 0 0 0 0 0 0 0 0 0 0 
1630 10 0 0 0 0 0 0 0 0 0 0 0 
1631 10 0 0 0 0 0 0 0 0 0 0 0 
1632 10 0 0 0 0 0 0 0 0 0 0 0 
1633 10 0 0 0 0 0 0 0 0 0 0 0 
1634 10 0 0 0 0 0 0 0 0 0 0 0 
1635 10 0 0 0 0 0 0 0 0 0 0 0 
1636 10 0 0 0 0 0 0 0 0 0 0 0 
1637 10 0 0 0 0 0 0 0 0 0 0 0 
1638 10 0 0 0 0 0 0 0 0 0 0 0 
1639 10 0 0 0 0 0 0 0 0 0 0 0 
1640 10 0 0 0 0 0 0 0 0 0 0 0 
1641 10 0 0 0 0 0 0 0 0 0 0 0 
1642 10 0 0 0 0 0 0 0 0 0 0 0 
1643 10 0 0 0 0 0 0 0 0 0 0 0 
1644 10 0 0 0 0 0 0 0 0 0 0 0 
1645 10 0 0 0 0 0 0 0 0 0 0 0 
1646 10 0 0 0 0 0 0 0 0 0 0 0 
1647 10 0 0 0 0 0 0 0 0 0 0 0 
1648 10 0 0 0 0 0 0 0 0 0 0 0 
1649 10 0 0 0 0 0 0 0 0 0 0 0 
1650 10 0 0 0 0 0 0 0 0 0 0 0 
1651 10 0 0 0 0 0 0 0 0 0 0 0 
1652 10 0 0 0 0 0 0 0 0 0 0 0 
1653 10 0 0 0 0 0 0 0 0 0 0 0 
1654 10 0 0 0 0 0 0 0 0 0 0 0 
1655 10 0 0 0 0 0 0 0 0 0 0 0 
1656 10 0 0 0 0 0 0 0 0 0 0 0 
1657 10 0 0 0 0 0 0 0 0 0 0 0 
1658 10 0 0 0 0 0 0 0 0 0 0 0 
1659 10 0 0 0 0 0 0 0 0 0 0 0 
1660 10 0 0 0 0 0 0 0 0 0 0 0 
1661 10 0 0 0 0 0 0 0 0 0 0 0 
1662 10 0 0 0 0 0 0 0 0 0 0 0 
1663 10 0 0 0 0 0 0 0 0 0 0 0 
1664 10 0 0 0 0 0 0 0 0 0 0 0 
1665 10 0 0 0 0 0 0 0 0 0 0 0 
1666 10 0 0 0 0 0 0 0 0 0 0 0 
1667 10 0 0 0 0 0 0 0 0 0 0 0 
1668 10 0 0 0 0 0 0 0 0 0 0 0 
1669 10 0 0 0 0 0 0 0 0 0 0 0 
1670 10 0 0 0 0 0 0 0 0 0 0 0 
1671 10 0 0 0 0 0 0 0 0 0 0 0 
1672 10 0 0 0 0 0 0 0 0 0 0 0 
1673 10 0 0 0 0 0 0 0 0 0 0 0 
1674 10 0 0 0 0 0 0 0 0 0 0 0 
1675 10 0 0 0 0 0 0 0 0 0 0 0 
1676 10 0 0 0 0 0 0 0 0 0 0 0 
1677 10 0 0 0 0 0 0 0 0 0 0 0 
1678 10 0 0 0 0 0 0 0 0 0 0 0 
1679 10 0 0 0 0 0 0 0 0 0 0 0 
1680 10 0 0 0 0 0 0 0 0 0 0 0 
1681 10 0 0 0 0 0 0 0 0 0 0 0 
1682 10 0 0 0 0 0 0 0 0 0 0 0 
1683 10 0 0 0 0 0 0 0 0 0 0 0 
1684 10 0 0 0 0 0 0 0 0 0 0 0 
1685 10 0 0 0 0 0 0 0 0 0 0 0 
1686 10 0 0 0 0 0 0 0 0 0 0 0 
1687 10 0 0 0 0 0 0 0 0 0 0 0 
1688 10 0 0 0 0 0 0 0 0 0 0 0 
1689 10 0 0 0 0 0 0 0 0 0 0 0 
1690 10 0 0 0 0 0 0 0 0 0 0 0 
1691 10 0 0 0 0 0 0 0 0 0 0 0 
1692 10 0 0 0 0 0 0 0 0 0 0 0 
1693 10 0 0 0 0 0 0 0 0 0 0 0 
1694 10 0 0 0 0 0 0 0 0 0 0 0 
1695 10 0 0 0 0 0 0 0 0 0 0 0 
1696 10 0 0 0 0 0 0 0 0 0 0 0 
1697 10 0 0 0 0 0 0 0 0 0 0 0 
1698 10 0 0 0 0 0 0 0 0 0 0 0 
1699 10 0 0 0 0 0 0 0 0 0 0 0 
1700 10 0 0 0 0 0 0 0 0 0 0 0 
1701 10 0 0 0 0 0 0 0 0 0 0 0 
1702 10 0 0 0 0 0 0 0 0 0 0 0 
1703 10 0 0 0 0 0 0 0 0 0 0 0 
1704 10 0 0 0 0 0 0 0 0 0 0 0 
1705 10 0 0 0 0 0 0 0 0 0 0 0 
1706 10 0 0 0 0 0 0 0 0 0 0 0 
1707 10 0 0 0 0 0 0 0 0 0 0 0 
1708 10 0 0 0 0 0 0 0 0 0 0 0 
1709 10 0 0 0 0 0 0 0 0 0 0 0 
1710 10 0 0 0 0 0 0 0 0 0 0 0 
1711 10 0 0 0 0 0 0 0 0 0 0 0 
1712 10 0 0 0 0 0 0 0 0 0 0 0 
1713 10 0 0 0 0 0 0 0 0 0 0 0 
1714 10 0 0 0 0 0 0 0 0 0 0 0 
1715 10 0 0 0 0 0 0 0 0 0 0 0 
1716 10 0 0 0 0 0 0 0 0 0 0 0 
1717 10 0 0 0 0 0 0 0 0 0 0 0 
1718 10 0 0 0 0 0 0 0 0 0 0 0 
1719 10 0 0 0 0 0 0 0 0 0 0 0 
1720 10 0 0 0 0 0 0 0 0 0 0 0 
1721 10 0 0 0 0 0 0 0 0 0 0 0 
1722 10 0 0 0 0 0 0 0 0 0 0 0 
1723 10 0 0 0 0 0 0 0 0 0 0 0 
1724 10 0 0 0 0 0 0 0 0 0 0 0 
1725 10 0 0 0 0 0 0 0 0 0 0 0 
1726 10 0 0 0 0 0 0 0 0 0 0 0 
1727 10 0 0 0 0 0 0 0 0 0 0 0 
1728 10 0 0 0 0 0 0 0 0 0 0 0 
1729 10 0 0 0 0 0 0 0 0 0 0 0 
1730 10 0 0 0 0 0 0 0 0 0 0 0 
1731 10 0 0 0 0 0 0 0 0 0 0 0 
1732 10 0 0 0 0 0 0 0 0 0 0 0 
1733 10 0 0 0 0 0 0 0 0 0 0 0 
1734 10 0 0 0 0 0 0 0 0 0 0 0 
1735 10 0 0 0 0 0 0 0 0 0 0 0 
1736 10 0 0 0 0 0 0 0 0 0 0 0 
1737 10 0 0 0 0 0 0 0 0 0 0 0 
1738 10 0 0 0 0 0 0 0 0 0 0 0 
1739 10 0 0 0 0 0 0 0 0 0 0 0 
1740 10 0 0 0 0 0 0 0 0 0 0 0 
1741 10 0 0 0 0 0 0 0 0 0 0 0 
1742 10 0 0 0 0 0 0 0 0 0 0 0 
1743 10 0 0 0 0 0 0 0 0 0 0 0 
1744 10 0 0 0 0 0 0 0 0 0 0 0 
1745 10 0 0 0 0 0 0 0 0 0 0 0 
1746 10 0 0 0 0 0 0 0 0 0 0 0 
1747 10 0 0 0 0 0 0 0 0 0 0 0 
1748 10 0 0 0 0 0 0 0 0 0 0 0 
1749 10 0 0 0 0 0 0 0 0 0 0 0 
1750 10 0 0 0 0 0 0 0 0 0 0 0 
1751 10 0 0 0 0 0 0 0 0 0 0 0 
1752 10 0 0 0 0 0 0 0 0 0 0 0 
1753 10 0 0 0 0 0 0 0 0 0 0 0 
1754 10 0 0 0 0 0 0 0 0 0 0 0 
1755 10 0 0 0 0 0 0 0 0 0 0 0 
1756 10 0 0 0 0 0 0 0 0 0 0 0 
1757 10 0 0 0 0 0 0 0 0 0 0 0 
1758 10 0 0 0 0 0 0 0 0 0 0 0 
1759 10 0 0 0 0 0 0 0 0 0 0 0 
1760 10 0 0 0 0 0 0 0 0 0 0 0 
1761 10 0 0 0 0 0 0 0 0 0 0 0 
1762 10 0 0 0 0 0 0 0 0 0 0 0 
1763 10 0 0 0 0 0 0 0 0 0 0 0 
1764 10 0 0 0 0 0 0 0 0 0 0 0 
1765 10 0 0 0 0 0 0 0 0 0 0 0 
1766 10 0 0 0 0 0 0 0 0 0 0 0 
1767 10 0 0 0 0 0 0 0 0 0 0 0 
1768 10 0 0 0 0 0 0 0 0 0 0 0 
1769 10 0 0 0 0 0 0 0 0 0 0 0 
1770 10 0 0 0 0 0 0 0 0 0 0 0 
1771 10 0 0 0 0 0 0 0 0 0 0 0 
1772 10 0 0 0 0 0 0 0 0 0 0 0 
1773 10 0 0 0 0 0 0 0 0 0 0 0 
1774 10 0 0 0 0 0 0 0 0 0 0 0 
1775 10 0 0 0 0 0 0 0 0 0 0 0 
1776 10 0 0 0 0 0 0 0 0 0 0 0 
1777 10 0 0 0 0 0 0 0 0 0 0 0 
1778 10 0 0 0 0 0 0 0 0 0 0 0 
1779 10 0 0 0 0 0 0 0 0 0 0 0 
1780 10 0 0 0 0 0 0 0 0 0 0 0 
1781 10 0 0 0 0 0 0 0 0 0 0 0 
1782 10 0 0 0 0 0 0 0 0 0 0 0 
1783 10 0 0 0 0 0 0 0 0 0 0 0 
1784 10 0 0 0 0 0 0 0 0 0 0 0 
1785 10 0 0 0 0 0 0 0 0 0 0 0 
1786 10 0 0 0 0 0 0 0 0 0 0 0 
1787 10 0 0 0 0 0 0 0 0 0 0 0 
1788 10 0 0 0 0 0 0 0 0 0 0 0 
1789 10 0 0 0 0 0 0 0 0 0 0 0 
1790 10 0 0 0 0 0 0 0 0 0 0 0 
1791 10 0 0 0 0 0 0 0 0 0 0 0 
1792 10 0 0 0 0 0 0 0 0 0 0 0 
1793 10 0 0 0 0 0 0 0 0 0 0 0 
1794 10 0 0 0 0 0 0 0 0 0 0 0 
1795 10 0 0 0 0 0 0 0 0 0 0 0 
1796 10 0 0 0 0 0 0 0 0 0 0 0 
1797 10 0 0 0 0 0 0 0 0 0 0 0 
1798 10 0 0 0 0 0 0 0 0 0 0 0 
1799 10 0 0 0 0 0 0 0 0 0 0 0 
1800 10 0 0 0 0 0 0 0 0 0 0 0 
1801 10 0 0 0 0 0 0 0 0 0 0 0 
1802 10 0 0 0 0 0 0 0 0 0 0 0 
1803 10 0 0 0 0 0 0 0 0 0 0 0 
1804 10 0 0 0 0 0 0 0 0 0 0 0 
1805 10 0 0 0 0 0 0 0 0 0 0 0 
1806 10 0 0 0 0 0 0 0 0 0 0 0 
1807 10 0 0 0 0 0 0 0 0 0 0 0 
1808 10 0 0 0 0 0 0 0 0 0 0 0 
1809 10 23 0 0 0 0 0 0 0 0 0 0 
1810 10 24 0 0 0 0 0 0 0 0 0 0 
1811 10 0 0 0 0 0 0 0 0 0 0 0 
1812 10 0 0 0 0 0 0 0 0 0 0 0 
1813 10 26 0 0 0 0 0 0 0 0 0 0 
1814 10 27 0 0 0 0 0 0 0 0 0 0 
1815 10 0 0 0 0 0 0 0 0 0 0 0 
1816 10 0 0 0 0 0 0 0 0 0 0 0 
1817 10 0 0 0 0 0 0 0 0 0 0 0 
1818 10 0 0 0 0 0 0 0 0 0 0 0 
1819 10 0 0 0 0 0 0 0 0 0 0 0 
1820 10 0 0 0 0 0 0 0 0 0 0 0 
1821 10 30 0 0 0 0 0 0 0 0 0 0 
1822 10 31 0 0 0 0 0 0 0 0 0 0 
1823 10 32 0 0 0 0 0 0 0 0 0 0 
1824 10 33 0 0 0 0 0 0 0 0 0 0 
1825 10 34 0 0 0 0 0 0 0 0 0 0 
1826 10 35 0 0 0 0 0 0 0 0 0 0 
1827 10 0 0 0 0 0 0 0 0 0 0 0 
1828 10 0 0 0 0 0 0 0 0 0 0 0 
1829 10 0 0 0 0 0 0 0 0 0 0 0 
1830 10 0 0 0 0 0 0 0 0 0 0 0 
1831 10 0 0 0 0 0 0 0 0 0 0 0 
1832 10 0 0 0 0 0 0 0 0 0 0 0 
1833 10 0 0 0 0 0 0 0 0 0 0 0 
1834 10 0 0 0 0 0 0 0 0 0 0 0 
1835 10 0 0 0 0 0 0 0 0 0 0 0 
1836 10 0 0 0 0 0 0 0 0 0 0 0 
1837 10 0 0 0 0 0 0 0 0 0 0 0 
1838 10 0 0 0 0 0 0 0 0 0 0 0 
1839 10 0 0 0 0 0 0 0 0 0 0 0 
1840 10 0 0 0 0 0 0 0 0 0 0 0 
1841 10 0 0 0 0 0 0 0 0 0 0 0 
1842 10 0 0 0 0 0 0 0 0 0 0 0 
1843 10 0 0 0 0 0 0 0 0 0 0 0 
1844 10 0 0 0 0 0 0 0 0 0 0 0 
1845 10 0 0 0 0 0 0 0 0 0 0 0 
1846 10 0 0 0 0 0 0 0 0 0 0 0 
1847 10 0 0 0 0 0 0 0 0 0 0 0 
1848 10 0 0 0 0 0 0 0 0 0 0 0 
1849 10 0 0 0 0 0 0 0 0 0 0 0 
1850 10 0 0 0 0 0 0 0 0 0 0 0 
1851 10 0 0 0 0 0 0 0 0 0 0 0 
1852 10 0 0 0 0 0 0 0 0 0 0 0 
1853 10 0 0 0 0 0 0 0 0 0 0 0 
1854 10 0 0 0 0 0 0 0 0 0 0 0 
1855 10 0 0 0 0 0 0 0 0 0 0 0 
1856 10 0 0 0 0 0 0 0 0 0 0 0 
1857 10 0 0 0 0 0 0 0 0 0 0 0 
1858 10 0 0 0 0 0 0 0 0 0 0 0 
1859 10 0 0 0 0 0 0 0 0 0 0 0 
1860 10 0 0 0 0 0 0 0 0 0 0 0 
1861 10 0 0 0 0 0 0 0 0 0 0 0 
1862 10 0 0 0 0 0 0 0 0 0 0 0 
1863 10 0 0 0 0 0 0 0 0 0 0 0 
1864 10 0 0 0 0 0 0 0 0 0 0 0 
1865 10 0 0 0 0 0 0 0 0 0 0 0 
1866 10 0 0 0 0 0 0 0 0 0 0 0 
1867 10 0 0 0 0 0 0 0 0 0 0 0 
1868 10 0 0 0 0 0 0 0 0 0 0 0 
1869 10 0 0 0 0 0 0 0 0 0 0 0 
1870 10 0 0 0 0 0 0 0 0 0 0 0 
1871 10 0 0 0 0 0 0 0 0 0 0 0 
1872 10 0 0 0 0 0 0 0 0 0 0 0 
1873 10 0 0 0 0 0 0 0 0 0 0 0 
1874 10 0 0 0 0 0 0 0 0 0 0 0 
1875 10 0 0 0 0 0 0 0 0 0 0 0 
1876 10 0 0 0 0 0 0 0 0 0 0 0 
1877 10 0 0 0 0 0 0 0 0 0 0 0 
1878 10 0 0 0 0 0 0 0 0 0 0 0 
1879 10 0 0 0 0 0 0 0 0 0 0 0 
1880 10 0 0 0 0 0 0 0 0 0 0 0 
1881 10 0 0 0 0 0 0 0 0 0 0 0 
1882 10 0 0 0 0 0 0 0 0 0 0 0 
1883 10 0 0 0 0 0 0 0 0 0 0 0 
1884 10 0 0 0 0 0 0 0 0 0 0 0 
1885 10 0 0 0 0 0 0 0 0 0 0 0 
1886 10 0 0 0 0 0 0 0 0 0 0 0 
1887 10 0 0 0 0 0 0 0 0 0 0 0 
1888 10 0 0 0 0 0 0 0 0 0 0 0 
1889 10 0 0 0 0 0 0 0 0 0 0 0 
1890 10 0 0 0 0 0 0 0 0 0 0 0 
1891 10 0 0 0 0 0 0 0 0 0 0 0 
1892 10 0 0 0 0 0 0 0 0 0 0 0 
1893 10 0 0 0 0 0 0 0 0 0 0 0 
1894 10 0 0 0 0 0 0 0 0 0 0 0 
1895 10 0 0 0 0 0 0 0 0 0 0 0 
1896 10 0 0 0 0 0 0 0 0 0 0 0 
1897 10 0 0 0 0 0 0 0 0 0 0 0 
1898 10 0 0 0 0 0 0 0 0 0 0 0 
1899 10 0 0 0 0 0 0 0 0 0 0 0 
1900 10 0 0 0 0 0 0 0 0 0 0 0 
1901 10 0 0 0 0 0 0 0 0 0 0 0 
1902 10 0 0 0 0 0 0 0 0 0 0 0 
1903 10 0 0 0 0 0 0 0 0 0 0 0 
1904 10 0 0 0 0 0 0 0 0 0 0 0 
1905 10 0 0 0 0 0 0 0 0 0 0 0 
1906 10 0 0 0 0 0 0 0 0 0 0 0 
1907 10 0 0 0 0 0 0 0 0 0 0 0 
1908 10 0 0 0 0 0 0 0 0 0 0 0 
1909 10 0 0 0 0 0 0 0 0 0 0 0 
1910 10 0 0 0 0 0 0 0 0 0 0 0 
1911 10 0 0 0 0 0 0 0 0 0 0 0 
1912 10 0 0 0 0 0 0 0 0 0 0 0 
1913 10 0 0 0 0 0 0 0 0 0 0 0 
1914 10 0 0 0 0 0 0 0 0 0 0 0 
1915 10 0 0 0 0 0 0 0 0 0 0 0 
1916 10 0 0 0 0 0 0 0 0 0 0 0 
1917 10 0 0 0 0 0 0 0 0 0 0 0 
1918 10 0 0 0 0 0 0 0 0 0 0 0 
1919 10 0 0 0 0 0 0 0 0 0 0 0 
1920 10 0 0 0 0 0 0 0 0 0 0 0 
1921 10 0 0 0 0 0 0 0 0 0 0 0 
1922 10 0 0 0 0 0 0 0 0 0 0 0 
1923 10 0 0 0 0 0 0 0 0 0 0 0 
1924 10 0 0 0 0 0 0 0 0 0 0 0 
1925 10 0 0 0 0 0 0 0 0 0 0 0 
1926 10 0 0 0 0 0 0 0 0 0 0 0 
1927 10 0 0 0 0 0 0 0 0 0 0 0 
1928 10 0 0 0 0 0 0 0 0 0 0 0 
1929 10 0 0 0 0 0 0 0 0 0 0 0 
1930 10 0 0 0 0 0 0 0 0 0 0 0 
1931 10 0 0 0 0 0 0 0 0 0 0 0 
1932 10 0 0 0 0 0 0 0 0 0 0 0 
1933 10 0 0 0 0 0 0 0 0 0 0 0 
1934 10 0 0 0 0 0 0 0 0 0 0 0 
1935 10 0 0 0 0 0 0 0 0 0 0 0 
1936 10 0 0 0 0 0 0 0 0 0 0 0 
1937 10 0 0 0 0 0 0 0 0 0 0 0 
1938 10 0 0 0 0 0 0 0 0 0 0 0 
1939 10 0 0 0 0 0 0 0 0 0 0 0 
1940 10 0 0 0 0 0 0 0 0 0 0 0 
1941 10 0 0 0 0 0 0 0 0 0 0 0 
1942 10 0 0 0 0 0 0 0 0 0 0 0 
1943 10 0 0 0 0 0 0 0 0 0 0 0 
1944 10 0 0 0 0 0 0 0 0 0 0 0 
1945 10 0 0 0 0 0 0 0 0 0 0 0 
1946 10 0 0 0 0 0 0 0 0 0 0 0 
1947 10 0 0 0 0 0 0 0 0 0 0 0 
1948 10 0 0 0 0 0 0 0 0 0 0 0 
1949 10 0 0 0 0 0 0 0 0 0 0 0 
1950 10 0 0 0 0 0 0 0 0 0 0 0 
1951 10 42 0 0 0 0 0 0 0 0 0 0 
1952 10 43 0 0 0 0 0 0 0 0 0 0 
1953 10 0 0 0 0 0 0 0 0 0 0 0 
1954 10 0 0 0 0 0 0 0 0 0 0 0 
1955 10 0 0 0 0 0 0 0 0 0 0 0 
1956 10 0 0 0 0 0 0 0 0 0 0 0 
1957 10 0 0 0 0 0 0 0 0 0 0 0 
1958 10 0 0 0 0 0 0 0 0 0 0 0 
1959 10 47 0 0 0 0 0 0 0 0 0 0 
1960 10 48 0 0 0 0 0 0 0 0 0 0 
1961 10 49 0 0 0 0 0 0 0 0 0 0 
1962 10 50 0 0 0 0 0 0 0 0 0 0 
1963 10 51 0 0 0 0 0 0 0 0 0 0 
1964 10 52 0 0 0 0 0 0 0 0 0 0 
1965 10 53 0 0 0 0 0 0 0 0 0 0 
1966 10 54 0 0 0 0 0 0 0 0 0 0 
1967 10 0 0 0 0 0 0 0 0 0 0 0 
1968 10 0 0 0 0 0 0 0 0 0 0 0 
1969 10 56 0 0 0 0 0 0 0 0 0 0 
1970 10 57 0 0 0 0 0 0 0 0 0 0 
1971 10 0 0 0 0 0 0 0 0 0 0 0 
1972 10 0 0 0 0 0 0 0 0 0 0 0 
1973 10 0 0 0 0 0 0 0 0 0 0 0 
1974 10 0 0 0 0 0 0 0 0 0 0 0 
1975 10 0 0 0 0 0 0 0 0 0 0 0 
1976 10 0 0 0 0 0 0 0 0 0 0 0 
1977 10 0 0 0 0 0 0 0 0 0 0 0 
1978 10 0 0 0 0 0 0 0 0 0 0 0 
1979 10 0 0 0 0 0 0 0 0 0 0 0 
1980 10 0 0 0 0 0 0 0 0 0 0 0 
1981 10 0 0 0 0 0 0 0 0 0 0 0 
1982 10 0 0 0 0 0 0 0 0 0 0 0 
1983 10 0 0 0 0 0 0 0 0 0 0 0 
1984 10 0 0 0 0 0 0 0 0 0 0 0 
1985 10 0 0 0 0 0 0 0 0 0 0 0 
1986 10 0 0 0 0 0 0 0 0 0 0 0 
1987 10 0 0 0 0 0 0 0 0 0 0 0 
1988 10 0 0 0 0 0 0 0 0 0 0 0 
1989 10 0 0 0 0 0 0 0 0 0 0 0 
1990 10 0 0 0 0 0 0 0 0 0 0 0 
1991 10 0 0 0 0 0 0 0 0 0 0 0 
1992 10 0 0 0 0 0 0 0 0 0 0 0 
1993 10 0 0 0 0 0 0 0 0 0 0 0 
1994 10 0 0 0 0 0 0 0 0 0 0 0 
1995 10 0 0 0 0 0 0 0 0 0 0 0 
1996 10 0 0 0 0 0 0 0 0 0 0 0 
1997 10 0 0 0 0 0 0 0 0 0 0 0 
1998 10 0 0 0 0 0 0 0 0 0 0 0 
1999 10 0 0 0 0 0 0 0 0 0 0 0 
2000 10 0 0 0 0 0 0 0 0 0 0 0 
2001 10 0 0 0 0 0 0 0 0 0 0 0 
2002 10 0 0 0 0 0 0 0 0 0 0 0 
2003 10 0 0 0 0 0 0 0 0 0 0 0 
2004 10 0 0 0 0 0 0 0 0 0 0 0 
2005 10 0 0 0 0 0 0 0 0 0 0 0 
2006 10 0 0 0 0 0 0 0 0 0 0 0 
2007 10 0 0 0 0 0 0 0 0 0 0 0 
2008 10 0 0 0 0 0 0 0 0 0 0 0 
2009 10 0 0 0 0 0 0 0 0 0 0 0 
2010 10 0 0 0 0 0 0 0 0 0 0 0 
2011 10 0 0 0 0 0 0 0 0 0 0 0 
2012 10 0 0 0 0 0 0 0 0 0 0 0 
2013 10 0 0 0 0 0 0 0 0 0 0 0 
2014 10 0 0 0 0 0 0 0 0 0 0 0 
2015 10 0 0 0 0 0 0 0 0 0 0 0 
2016 10 0 0 0 0 0 0 0 0 0 0 0 
2017 10 0 0 0 0 0 0 0 0 0 0 0 
2018 10 0 0 0 0 0 0 0 0 0 0 0 
2019 10 0 0 0 0 0 0 0 0 0 0 0 
2020 10 0 0 0 0 0 0 0 0 0 0 0 
2021 10 0 0 0 0 0 0 0 0 0 0 0 
2022 10 0 0 0 0 0 0 0 0 0 0 0 
2023 10 0 0 0 0 0 0 0 0 0 0 0 
2024 10 0 0 0 0 0 0 0 0 0 0 0 
2025 10 0 0 0 0 0 0 0 0 0 0 0 
2026 10 0 0 0 0 0 0 0 0 0 0 0 
2027 10 0 0 0 0 0 0 0 0 0 0 0 
2028 10 0 0 0 0 0 0 0 0 0 0 0 
2029 10 0 0 0 0 0 0 0 0 0 0 0 
2030 10 0 0 0 0 0 0 0 0 0 0 0 
2031 10 0 0 0 0 0 0 0 0 0 0 0 
2032 10 0 0 0 0 0 0 0 0 0 0 0 
2033 10 0 0 0 0 0 0 0 0 0 0 0 
2034 10 0 0 0 0 0 0 0 0 0 0 0 
2035 10 0 0 0 0 0 0 0 0 0 0 0 
2036 10 0 0 0 0 0 0 0 0 0 0 0 
2037 10 0 0 0 0 0 0 0 0 0 0 0 
2038 10 0 0 0 0 0 0 0 0 0 0 0 
2039 10 0 0 0 0 0 0 0 0 0 0 0 
2040 10 0 0 0 0 0 0 0 0 0 0 0 
2041 10 0 0 0 0 0 0 0 0 0 0 0 
2042 10 0 0 0 0 0 0 0 0 0 0 0 
2043 10 0 0 0 0 0 0 0 0 0 0 0 
2044 10 0 0 0 0 0 0 0 0 0 0 0 
2045 10 0 0 0 0 0 0 0 0 0 0 0 
2046 10 0 0 0 0 0 0 0 0 0 0 0 

0 4 1 0 bottle_1 0.00139018 2 32 -64 30 32 -74 198 
1 4 1 0 bottle_1 0.0186916 1 17 66 48 
2 4 1 0 bottle_1 0.193548 1 -23 86 18 
3 4 1 0 bottle_1 0.444444 2 -28 66 24 -28 66 18 
4 4 1 0 bottle_1 0.923077 10 -28 76 18 -28 76 24 -18 66 66 -18 66 90 -28 76 30 -28 66 54 -18 66 72 -23 66 72 -28 66 342 -28 66 198 
5 4 0 
6 4 1 0 bottle_1 0.968944 182 22 86 240 32 81 330 27 71 312 27 71 54 32 81 30 27 71 330 32 81 198 27 81 342 32 71 24 27 81 312 -23 76 90 32 81 66 -23 71 66 -28 71 60 -23 76 66 -23 76 48 -28 81 66 22 81 252 -23 71 60 22 81 312 27 81 24 32 61 330 27 71 24 32 76 18 27 76 312 27 71 30 32 66 72 27 71 48 27 81 90 32 66 18 27 71 342 27 71 72 -28 81 132 27 76 66 27 76 90 27 76 72 27 86 198 27 81 186 32 71 60 32 76 60 27 81 108 32 66 66 -23 91 90 -28 76 72 -28 76 252 -28 81 90 -23 86 330 -28 91 132 -28 91 90 -28 86 72 -28 91 198 -28 86 18 -28 91 306 -23 81 312 -28 91 24 -23 86 72 -28 91 108 -28 91 342 -28 91 312 -23 91 312 -28 91 186 -23 71 312 -23 71 306 -28 71 90 27 76 252 -23 86 324 -28 76 48 32 81 18 -28 71 54 27 76 30 -28 71 186 -28 76 312 27 71 18 -23 76 72 -23 66 306 -28 86 306 -28 86 108 -28 86 66 -28 76 324 -28 86 60 -23 71 90 -23 86 60 -28 86 324 -28 71 198 27 91 342 27 86 330 -28 66 240 22 91 132 27 86 72 32 86 186 32 91 132 27 91 66 32 86 342 27 91 30 27 86 186 22 91 54 32 86 72 32 81 240 27 91 312 22 91 30 27 91 306 22 91 60 27 66 312 27 91 198 32 71 342 22 86 312 22 91 324 22 91 312 32 71 66 32 61 312 27 66 186 -23 66 54 32 86 108 32 71 330 32 81 306 27 71 60 32 76 342 27 66 240 27 71 252 -23 81 330 32 76 306 32 71 54 32 76 72 -28 76 240 27 66 324 32 61 18 22 81 240 32 81 54 27 86 60 -18 91 60 27 86 54 -18 91 90 32 81 312 32 71 72 32 91 252 -18 91 72 -28 61 60 32 61 66 22 71 306 22 81 186 22 66 24 17 91 24 -23 86 24 22 66 60 -28 61 66 32 56 324 17 91 198 27 71 132 27 66 66 22 66 66 17 91 186 17 71 252 -18 81 90 32 51 330 22 81 198 22 66 54 -28 61 54 -28 61 48 -18 86 90 22 76 198 -23 86 252 22 66 330 27 61 24 22 86 60 17 86 240 32 61 72 27 61 252 22 81 18 27 61 48 22 66 198 22 81 54 32 56 54 32 51 24 32 56 240 22 86 72 32 56 30 22 76 54 22 86 342 32 51 198 32 51 18 32 46 306 32 56 72 
7 4 1 0 bottle_1 1 1 32 46 240 
8 4 1 0 bottle_1 1 1 -13 66 60 
9 4 1 0 bottle_1 0.947368 15 2 91 30 7 91 54 7 91 30 12 91 66 12 91 60 12 91 18 12 91 48 -13 91 90 -13 91 60 -13 91 30 17 91 90 -18 91 18 -18 91 30 12 91 90 12 91 186 
10 4 1 0 bottle_1 1 6 12 91 72 12 91 108 -18 91 198 -18 91 240 -13 91 108 12 91 198 
11 4 1 0 bottle_1 0.166667 1 -18 91 48 
12 4 1 0 bottle_1 0.0350877 2 32 86 90 32 51 252 
13 4 1 0 bottle_1 1 1 32 21 240 
14 4 1 0 bottle_1 1 4 32 6 306 32 6 240 32 -4 342 32 -24 324 
15 4 1 0 bottle_1 1 10 27 -29 306 32 -29 24 32 -29 342 27 -34 306 32 -34 198 27 -39 306 32 -39 198 32 -44 24 32 -44 324 32 -44 312 
16 4 1 0 bottle_1 0.935065 12 32 -49 24 32 -49 324 32 -54 48 32 -54 324 32 -59 48 32 -64 240 32 -69 198 32 -69 306 32 -74 306 32 -74 240 32 -84 342 32 -84 198 
17 4 1 0 bottle_1 0.210526 2 32 -44 240 32 -39 240 
18 4 1 0 bottle_1 0.056902 9 32 -89 252 32 -49 306 32 -49 312 32 -39 306 32 -34 252 32 -34 306 32 -24 252 32 -24 306 32 -19 306 
19 4 1 0 bottle_1 0.00508762 3 -13 91 306 -3 91 30 -3 91 54 
20 4 1 0 bottle_1 0.0240412 7 12 -59 72 -3 -59 108 -3 -54 108 12 -39 72 17 -59 60 -3 -44 108 -3 -49 108 
21 4 0 
22 4 0 
23 4 1 0 bottle_1 0.705882 2 27 -84 306 27 -89 342 
24 4 1 0 bottle_1 0.969555 345 27 -84 240 27 -74 252 32 -74 60 -28 -89 108 27 -69 306 27 -64 30 32 -74 108 27 -39 132 27 -24 132 22 -29 306 32 -74 132 27 -29 132 22 -29 252 32 -74 66 27 -39 30 22 -14 252 27 -29 18 27 -29 48 27 -24 60 -28 -84 72 27 -19 108 -28 -84 66 -28 -84 48 22 1 252 27 -19 60 22 -4 342 -23 -14 132 27 11 108 -28 -74 72 27 -14 90 -23 -19 132 22 -14 240 -23 -9 132 -23 -24 132 -28 -74 66 -28 -74 60 27 31 54 -23 1 132 22 1 324 22 11 240 -28 31 324 -28 -74 48 27 36 60 -28 6 240 -28 31 330 27 26 66 22 16 240 -28 31 18 -28 31 24 22 11 252 -28 21 252 22 1 312 22 -9 24 22 11 198 -23 -4 312 -23 11 306 22 -14 186 22 11 342 -28 31 198 22 31 186 -23 26 72 -28 26 240 22 -4 18 22 16 30 22 -4 186 22 26 30 22 31 252 22 26 252 22 31 306 22 -9 324 22 11 186 -23 6 18 27 31 90 -23 1 24 -23 31 132 17 11 306 -23 1 30 22 16 66 -23 11 30 22 26 18 22 16 132 22 41 48 22 11 108 22 6 66 22 1 72 -23 16 306 22 21 66 -23 6 330 -23 -4 342 17 21 186 17 6 240 17 41 330 -8 46 186 2 31 186 -3 26 186 -8 31 186 -3 31 186 2 46 198 17 41 306 -23 6 198 22 31 48 2 36 198 2 36 240 -3 31 240 -13 36 198 -13 36 186 2 41 252 7 36 132 -3 26 252 -3 36 108 2 36 108 7 46 186 7 46 132 7 31 132 2 46 252 -3 46 312 -8 26 252 2 26 132 22 31 24 2 21 186 7 31 198 7 41 240 -3 46 306 2 21 198 -13 26 198 -3 31 108 -8 46 312 -8 26 132 7 46 108 -3 21 240 -3 31 306 7 31 240 -13 21 198 -23 11 198 7 46 252 -23 -4 306 2 46 306 7 36 252 12 36 198 7 21 132 2 46 330 -3 31 324 2 31 312 17 41 186 2 21 252 2 41 66 7 16 186 22 21 132 -3 26 342 7 46 90 -3 41 72 2 31 90 17 11 240 22 11 90 -3 31 90 7 26 240 2 41 72 -3 26 90 7 26 108 -3 26 312 7 31 252 -8 31 108 -3 31 342 -3 26 306 -13 16 186 -8 26 312 22 41 72 -13 21 252 -13 16 198 7 21 108 2 21 90 7 41 306 7 26 252 -8 26 330 17 31 186 -3 21 324 17 41 198 7 31 90 -8 21 306 -18 31 252 12 26 186 2 31 66 2 26 72 7 31 306 7 41 72 -8 41 72 12 41 240 22 -9 330 7 21 252 2 21 312 7 31 342 -13 26 306 -8 21 324 12 26 132 -13 31 312 -18 26 240 22 21 72 7 21 90 2 21 324 -13 21 132 -18 36 132 12 26 108 12 21 198 12 41 90 -13 21 306 -3 21 342 -3 26 72 7 16 252 -8 26 90 -13 26 330 -18 16 198 -3 26 66 7 26 72 12 16 132 2 21 72 -8 21 90 -3 21 72 -18 21 252 -13 21 108 12 31 90 -13 26 108 -13 21 330 -8 16 90 12 41 312 7 21 342 12 41 330 2 21 60 -3 41 18 12 41 342 -3 21 60 -18 16 240 -13 21 342 7 21 72 -8 26 72 -8 26 60 7 21 66 12 41 66 7 21 324 12 21 252 22 26 54 12 31 330 7 16 306 12 31 72 2 41 18 2 26 48 7 26 60 2 21 54 -3 26 54 -18 21 312 -3 21 54 -3 31 24 -8 21 72 -8 21 60 -3 31 18 2 41 24 7 21 60 12 26 330 -3 26 18 12 26 342 2 31 18 -8 26 54 -8 31 30 -18 26 324 12 31 66 2 21 30 -8 26 48 12 21 72 22 21 108 -23 11 342 12 31 60 12 21 342 -8 16 54 -18 26 90 12 21 330 -3 21 30 17 21 240 -13 26 72 -13 26 60 -18 21 90 12 26 54 17 31 90 -13 26 54 12 21 60 12 16 60 -23 31 324 -13 21 72 17 16 108 2 21 18 22 21 90 17 41 240 -23 26 198 -18 6 66 12 41 24 17 41 72 -18 11 312 12 16 54 22 6 60 -18 16 330 -13 11 72 -18 11 324 -13 26 18 -23 21 198 17 31 66 12 26 30 17 26 72 -23 21 324 17 21 72 12 21 24 22 16 54 17 31 312 -18 31 30 17 41 54 17 26 252 17 21 66 -18 31 48 17 31 48 17 26 60 17 21 60 17 21 312 17 21 330 -18 26 18 22 31 66 17 16 60 17 26 24 -23 16 342 17 11 60 22 31 90 17 21 48 17 11 54 -18 26 66 22 6 90 22 -4 48 -18 21 48 22 26 90 -23 6 240 17 16 312 22 31 342 -18 16 18 -18 16 48 -23 11 240 -18 16 60 -18 21 60 17 16 30 17 11 30 22 26 60 
25 4 1 0 bottle_1 0.130435 1 27 -49 48 
26 4 1 0 bottle_1 0.993481 127 27 36 330 27 -54 252 -28 -69 66 27 -9 324 32 -69 66 -28 -54 24 -28 41 24 27 -19 72 32 -69 24 -28 -19 312 -23 -29 60 27 6 66 22 6 306 32 -54 72 27 11 54 32 -69 54 32 -74 18 27 -59 252 27 26 72 -23 -9 72 32 -49 60 32 -49 132 32 -44 108 7 41 24 27 11 60 27 1 132 32 -49 66 -13 46 330 -13 46 312 -23 -24 48 27 26 48 27 -64 324 27 -19 312 27 6 132 -23 -24 108 27 -34 186 32 -69 342 27 -34 60 32 -74 342 32 -69 186 27 -49 252 32 -74 324 -28 -24 342 27 -14 342 -23 -9 90 -28 26 312 27 6 18 27 6 72 27 16 54 32 -59 66 27 -24 198 -28 21 306 32 -29 90 27 -14 324 27 11 90 27 11 66 27 16 60 -23 11 72 -28 11 252 -23 -4 90 -23 -14 108 -23 -19 66 -23 1 66 32 -44 90 27 -14 66 27 16 66 27 -34 324 32 -59 72 27 -39 186 27 -9 54 32 -49 72 -23 -4 66 32 -49 18 32 -64 186 -23 16 60 27 -29 324 27 -39 324 27 -24 54 -23 21 90 -28 16 312 27 11 132 -23 11 108 27 26 60 27 -4 312 -23 16 66 22 16 312 32 -54 90 -23 -19 108 27 -24 342 -23 -4 72 32 -59 108 32 -79 330 -23 -39 90 27 -44 186 27 -49 324 32 -69 132 27 -59 312 32 -79 24 27 -59 342 -28 -19 306 -28 16 198 -23 -34 90 27 -29 312 27 -9 198 27 -9 330 27 -9 48 27 -14 60 27 -29 60 22 11 306 27 -24 66 27 21 90 27 -4 132 32 -79 30 -28 31 72 -23 -19 90 27 1 24 -28 31 66 -23 21 72 27 -4 342 32 -59 30 32 -54 54 27 -54 312 -28 11 18 27 16 132 -23 6 48 27 26 30 22 21 312 
27 4 1 0 bottle_1 1 21 32 -49 54 32 -79 132 -28 -14 306 32 -59 90 27 -29 30 -28 -39 306 27 -89 252 27 -14 48 32 -84 48 32 -84 24 32 -84 312 32 -89 18 32 -84 18 32 -84 60 32 -89 186 32 -59 54 32 -84 66 32 -89 132 32 -89 108 32 -89 54 32 -89 66 
28 4 1 0 bottle_1 0.950495 16 -23 -14 342 -18 -4 60 -18 -14 66 -18 1 60 -28 -69 306 -18 -9 60 -18 -19 66 -18 -4 108 -23 -74 24 -28 -74 252 -23 -69 132 -28 -74 240 -18 -24 54 -23 -24 330 -28 -69 252 -18 -24 48 
29 4 1 0 bottle_1 0.782609 3 -23 -44 132 -23 -49 132 -23 -54 132 
30 4 1 0 bottle_1 0.961832 21 22 -74 30 17 -74 48 -18 -24 306 27 -54 132 17 -74 30 17 -69 342 27 -74 30 -28 -64 240 -23 -69 66 -23 -64 18 22 -19 30 17 -49 48 22 -69 342 22 -69 24 22 -29 48 17 -29 48 17 -74 24 17 -49 90 -23 -59 48 22 -49 60 -18 -69 66 
31 4 1 0 bottle_1 0.988318 1128 17 -9 324 -18 -74 72 -23 -54 312 17 -69 24 22 -69 30 -28 -64 18 27 -64 132 17 -44 342 17 -34 54 -18 -54 30 -13 -24 90 -23 -59 198 17 -74 342 -18 -54 18 -18 -64 108 -23 -49 330 -18 1 30 17 -24 312 17 -49 66 22 -49 198 -18 -34 18 17 1 240 -18 -29 54 17 -19 198 17 -24 30 -18 -59 108 17 -4 240 -23 -49 90 17 -9 24 -23 -4 252 -23 -49 324 -18 -54 306 17 -59 252 -18 -34 30 -18 -44 60 17 -29 186 27 -49 60 -23 -74 342 -13 -9 48 12 -49 252 22 -49 186 -18 -19 30 17 -14 18 17 -34 18 12 -59 252 -18 -4 306 17 -19 18 17 -34 186 -18 -4 324 -18 -4 186 -23 -49 306 -13 -24 54 22 -24 30 -18 -54 66 -23 -59 132 27 -74 18 -28 -54 312 -28 -54 324 -23 -64 24 17 -34 60 -18 -24 90 -23 -44 324 -18 -14 72 17 -49 18 -23 -54 30 -13 -29 60 -18 -29 24 7 11 240 17 1 60 -3 11 324 17 6 60 -8 -9 66 17 11 66 -13 -24 342 -3 11 306 17 -59 324 22 -49 306 2 -29 306 -8 6 330 -3 -4 30 -13 -54 90 12 -4 108 -13 6 66 7 -14 18 17 1 66 12 -39 18 2 -39 48 -13 -4 24 7 -24 342 12 6 24 12 11 108 -13 -4 132 7 -24 30 2 6 66 -8 -14 66 2 -39 60 -8 11 324 12 -34 324 12 -9 186 -3 -34 24 -8 -4 72 2 16 240 7 11 342 -3 -14 60 12 6 108 -8 11 186 7 -19 18 12 -34 66 -13 16 30 12 16 342 7 -9 24 7 16 198 -13 -44 60 12 -34 30 2 -29 48 -3 11 312 -13 -34 48 2 -9 18 -13 -29 252 2 -4 306 2 6 60 17 -4 60 -3 16 306 -13 6 312 12 -14 342 2 1 30 -8 1 48 -13 -4 342 -13 -19 342 7 11 48 -23 -74 252 12 -9 330 -13 1 108 12 11 30 -3 -4 24 7 -14 306 2 -4 30 -3 -19 30 -13 1 342 12 1 132 -13 -9 306 -3 -14 30 -13 11 312 -18 -64 24 -3 -19 24 -13 -39 60 2 1 48 2 16 324 12 -9 60 -3 16 30 12 -49 66 -13 -24 330 12 -19 252 -3 6 30 17 -4 90 12 -4 60 2 -29 18 2 1 72 17 -14 108 -13 11 342 -3 6 90 7 -4 330 -18 -19 342 12 6 90 12 11 54 7 -9 54 -18 -24 342 7 -4 54 -8 -9 90 -3 1 312 12 -19 330 7 6 90 12 -24 72 2 1 108 7 1 330 2 6 18 7 -9 312 12 6 54 12 1 54 17 -14 60 12 -9 312 2 6 186 12 11 60 7 -4 312 -3 16 90 -13 -19 330 12 -24 48 7 6 306 -8 16 342 12 1 48 -3 -4 72 7 -4 60 17 -19 72 7 -9 60 12 -19 306 7 6 60 2 6 324 12 6 48 12 -14 30 -13 -29 330 7 11 60 2 16 306 7 1 60 27 -44 108 -18 -29 342 7 6 72 17 11 72 2 16 90 2 11 330 17 11 108 7 16 90 -3 1 108 2 11 312 17 6 72 12 -24 30 12 6 198 17 6 108 17 1 54 2 11 24 12 11 48 12 -29 66 -8 6 54 -8 6 324 17 6 54 -13 -34 54 12 -4 132 -8 -19 30 7 6 48 7 -24 306 17 -9 66 -13 6 108 7 -29 306 12 -44 60 -8 6 108 2 -19 18 2 11 90 2 -34 24 17 -9 54 2 11 108 12 6 66 12 6 72 7 -44 330 12 6 240 2 -39 24 7 16 330 7 -14 54 2 -9 48 12 -9 132 -13 11 54 12 -14 48 12 -24 66 12 6 342 2 -29 24 12 -19 72 12 -24 18 -3 -9 90 12 6 18 7 -9 90 -18 11 240 12 -9 90 -13 11 60 12 11 72 12 1 324 7 1 18 7 6 108 -18 -9 324 -18 -24 252 22 -74 324 7 11 24 -3 -44 18 -13 -24 24 22 -44 342 22 -74 342 -18 -24 108 7 -44 342 -18 -49 60 12 -39 48 -18 -24 330 -8 1 18 -18 1 198 -18 6 342 -8 16 306 -3 -39 54 -18 -19 330 -13 -24 30 -13 -39 66 -23 -74 108 7 -24 24 -3 -9 24 -8 6 66 17 -14 24 -13 -24 66 2 -29 30 7 -39 24 -3 1 18 -3 11 54 -3 -29 324 -3 -9 18 -8 -34 66 -13 -14 66 7 -39 60 -3 6 60 -8 -39 66 -23 -64 72 -18 -19 186 -13 -24 72 -13 11 330 -13 -29 24 -13 -29 72 -3 16 252 -8 6 18 -13 -14 72 -13 -44 24 -13 -9 66 -3 16 54 -8 -19 54 -8 6 312 -8 -24 54 7 -29 24 -3 -34 48 -23 -54 90 12 -44 90 -13 -44 72 2 -14 312 -13 1 18 -13 -34 30 -13 11 324 22 -29 186 7 16 132 -3 11 48 -3 16 60 -8 -14 60 17 -34 72 22 -19 198 -8 6 60 -8 -9 48 -13 -29 30 -18 -29 132 -13 -34 342 -18 -29 66 -3 16 66 -18 -14 330 -8 -44 24 2 16 252 -13 6 48 7 -54 198 17 1 72 12 -59 66 -18 -54 240 7 -69 306 -3 -59 306 -3 -4 90 -13 -39 324 -13 -54 306 -8 -39 252 -18 -44 342 7 -69 72 7 -14 72 2 16 108 12 -69 60 -13 -69 108 -3 -34 186 7 -44 66 7 -19 90 -8 -4 198 -3 -34 306 -3 -4 186 -3 -44 240 -3 -59 198 -3 -9 324 17 -19 342 -8 -44 90 -3 -69 18 7 -44 60 7 -54 186 12 -74 24 -3 -14 186 12 -29 60 12 -34 186 7 -74 48 -8 -54 330 -13 -54 66 12 -64 72 2 -29 54 7 -69 60 2 -29 186 7 -29 60 -8 -54 240 -3 -74 330 -13 -4 48 12 -14 90 2 -59 306 17 -54 30 7 -4 108 2 -64 186 7 -44 108 7 -74 252 -8 -44 60 -13 -19 108 -13 -69 60 -18 -64 342 2 -74 60 2 -64 330 -3 -69 72 -3 -64 306 7 -69 240 2 -74 48 7 -69 342 -13 -44 324 12 -29 342 -3 -29 66 -3 -24 132 12 -69 30 7 -69 330 7 -64 198 12 -69 186 -8 -64 240 -8 6 132 -8 -49 54 -3 -14 342 -8 -34 60 7 -64 306 2 -14 108 -8 -69 90 -3 -29 306 -13 -59 342 -13 -59 24 -3 -54 312 2 -59 132 -3 -54 342 12 -69 54 17 -69 66 -13 -49 72 7 -74 312 2 -39 90 2 -74 240 2 -24 66 7 -24 186 2 -9 252 -23 -24 198 -13 -9 198 -18 -54 198 7 -4 66 -3 -14 312 -3 -34 312 7 -54 66 2 -34 198 7 -4 186 -3 -39 342 -23 -19 186 7 -9 66 -3 6 186 -3 -24 312 7 -54 60 12 -54 342 -18 -64 132 -13 -39 108 -13 -39 198 2 -19 60 -13 -49 108 2 -29 330 12 -59 342 7 -24 90 -18 -19 72 7 -64 66 -13 -44 108 -13 -4 90 2 -54 330 -18 -44 90 -13 -64 108 -28 -44 330 2 -14 60 7 16 60 7 -34 186 22 -29 54 -13 -34 186 -13 -44 186 22 -34 60 2 1 186 -13 -69 132 -8 -24 324 -3 -39 306 -3 11 342 -3 -14 66 22 -49 108 7 -39 312 7 -19 60 -8 -64 90 7 -59 306 2 -29 198 7 -59 66 2 -19 54 22 -39 108 2 -14 72 -8 -24 132 -8 -24 186 12 -19 60 -18 -29 198 2 -9 72 -3 -44 342 -3 -4 342 -3 -54 198 12 -39 132 7 -4 90 -3 -59 330 7 -59 330 -13 -4 198 12 -74 342 -8 -9 312 12 -59 60 12 -44 108 -18 -44 108 2 -4 108 -3 -9 72 -8 -44 324 12 -54 186 7 -34 240 2 -4 240 12 -14 132 2 -39 108 7 -19 72 2 -54 48 7 -69 66 -18 6 18 -3 1 198 -3 16 240 2 -39 342 7 -39 306 12 -64 60 -18 -64 198 -3 -19 90 -8 -14 312 2 -64 90 -13 -24 186 7 -59 48 27 -49 66 12 -29 72 7 -49 60 12 -19 186 -3 -34 240 -23 -44 48 -3 -54 90 2 -4 252 -23 -34 30 2 -39 132 -13 -9 324 7 -24 240 17 -9 90 7 -54 324 2 -44 72 12 -74 312 -3 -39 30 2 6 72 12 -14 240 12 -49 198 2 -54 60 7 -49 66 -8 -4 90 2 -14 66 2 -24 342 2 -24 54 2 1 240 7 -24 66 -8 -39 186 -3 -44 72 -8 -49 90 -8 -29 186 2 -9 66 7 -19 54 7 -74 66 2 -44 312 22 -49 252 -13 -69 72 7 -64 252 7 -64 186 2 -59 54 7 -14 132 -13 -29 198 7 -34 30 -3 -34 330 7 -24 132 22 -69 324 2 -49 240 -8 -69 72 -8 -74 60 2 -9 132 2 -19 186 -18 -59 330 -13 -74 240 -18 -74 48 -18 -74 24 -8 -34 342 -8 1 198 -13 6 198 7 -64 54 -3 -9 132 7 -39 30 -3 -34 60 17 -49 54 -18 -69 18 2 11 240 -3 -44 54 27 -39 54 -3 -64 54 -3 -54 30 -23 -74 312 17 -14 312 -13 -39 30 -3 -64 30 7 -49 54 7 -54 240 -18 -64 306 7 -59 54 -18 -34 66 7 -34 66 17 -29 324 -18 -74 240 17 -59 90 -8 -74 90 -13 -64 60 -3 -59 186 -3 -69 60 2 -59 240 7 -59 240 -3 -49 132 7 1 132 -8 1 66 -8 -69 48 -8 -54 306 2 -29 72 -3 -64 60 -3 -44 252 -8 -64 252 -3 -44 324 -8 -69 60 -13 -59 60 2 -19 132 -8 -44 306 -13 -24 306 7 -64 30 -3 -9 240 7 -44 198 -8 -49 72 2 -14 324 2 -59 252 -8 -29 90 -8 -14 252 -3 -4 132 -18 -49 330 -8 -24 306 7 -29 132 12 -54 60 -3 6 66 2 -29 90 -3 -19 330 -3 1 54 -23 -74 240 -13 -49 30 -13 -54 312 -8 -49 306 -8 -19 306 2 -34 30 -18 -29 30 2 11 252 2 11 132 -8 -39 306 -3 -59 60 -8 -64 48 -3 -69 54 -3 1 60 17 -54 108 -13 -74 198 7 -54 18 2 -64 240 -3 -19 108 -8 -49 48 2 -64 48 -8 -69 66 2 16 60 22 -69 240 7 -74 60 2 -39 30 -3 -49 60 7 -34 198 2 -34 66 2 -4 132 -8 -49 30 -13 -49 312 -18 -64 312 -3 -24 90 -3 -74 60 2 -69 252 7 -54 252 -13 -59 54 -13 -9 252 12 -44 186 -13 -64 252 7 -69 198 2 -69 312 -8 -29 132 -8 -24 48 2 -64 312 -8 11 240 -8 -74 18 -3 -59 24 -8 -49 132 -3 -74 66 7 -14 108 2 -74 252 7 -64 108 17 -44 90 -3 -74 72 7 -29 54 2 -74 186 2 -34 252 -18 -69 342 -3 -69 186 -8 -9 186 -3 -74 30 2 -19 90 -3 -69 252 -3 -64 72 -18 -29 330 2 -74 18 -3 -59 342 -3 -24 198 7 -49 198 7 -49 72 -8 -49 18 2 -64 60 -8 -19 198 -3 -24 48 12 -49 60 -8 -49 24 7 -39 66 -13 -9 108 -3 -49 48 -3 -69 90 -3 -74 18 2 -74 330 -8 -29 108 -8 -59 324 -3 -19 48 7 -49 24 -13 -54 48 12 -39 108 2 -59 312 2 -69 90 -3 16 108 2 -49 132 -8 -24 312 -8 -24 90 -13 -74 312 7 -54 24 -13 -64 342 -8 -9 342 -13 -64 330 -13 -59 90 2 -29 108 -8 -34 54 -8 -64 54 7 -69 24 -3 11 132 -8 -74 198 27 -59 66 -8 -19 342 2 -44 252 -18 -74 330 -3 -69 240 7 -19 198 2 -39 240 -3 -19 324 7 -44 54 17 1 330 7 -29 72 7 -19 132 12 -34 240 -13 -19 60 -8 -34 330 2 -34 240 -13 -4 108 -8 -44 240 -8 -9 132 -8 -69 24 -3 -69 66 -13 -14 186 -8 -14 186 -13 -74 72 -23 -24 252 -18 -14 312 17 -59 24 17 -19 66 -18 -4 90 12 -54 240 27 -34 66 -23 -49 48 -18 -29 18 -18 11 18 -23 -69 252 -23 -19 330 17 -79 108 -28 -69 30 22 -49 18 17 -9 18 12 -34 312 -23 -9 330 -23 -29 186 17 -19 306 -18 6 24 22 -24 312 -18 -39 72 -23 -19 324 17 -4 72 12 1 252 17 -64 342 17 -19 252 17 -29 330 17 -54 324 -23 -29 132 -18 -29 312 -28 -44 252 -18 -14 132 17 -64 198 17 1 30 17 -39 324 12 -59 240 17 -29 54 22 -24 90 22 -9 60 17 -24 186 17 -24 324 17 -19 48 -23 -29 48 12 -59 312 27 -49 108 -23 -19 24 -23 -34 54 17 6 24 17 -44 324 -23 -34 72 17 -14 330 -18 1 186 22 -29 66 -23 1 240 22 -34 132 17 -9 198 22 -14 312 17 -19 24 -23 -49 72 27 -44 90 -23 -29 330 -23 -39 342 17 -24 306 17 -44 330 22 -64 48 17 -9 240 22 -14 66 -23 -34 66 17 -9 252 17 -29 342 17 -39 60 17 -14 48 22 -34 324 17 -59 306 17 -4 198 22 -39 30 22 -69 132 22 -54 30 17 -39 330 12 -14 306 -23 -39 66 -23 -29 18 -23 -39 108 -23 -14 330 -23 -49 108 -23 -39 324 -23 -29 306 -23 -54 72 -23 -49 24 -18 -9 312 17 -59 18 27 -39 108 12 -39 312 12 -44 312 22 -39 324 27 -54 90 27 -79 90 -23 -44 18 -23 -24 30 22 -64 240 -18 -19 60 22 -29 24 22 -79 60 17 -59 342 22 -24 342 22 -34 30 22 -39 90 22 -54 18 27 -29 90 -23 -24 18 12 -44 252 22 -54 324 -13 -14 90 12 -39 252 17 -49 324 -23 -44 24 17 6 330 -18 -19 54 -18 -9 18 22 -4 54 17 -59 30 -18 1 132 -18 -4 132 27 -64 48 22 -24 324 17 6 342 17 -19 240 17 -39 72 22 -39 60 17 -44 72 22 -79 24 27 -44 66 22 -59 312 22 -64 252 22 -29 18 -23 -34 330 22 -59 240 22 -24 66 22 -74 240 -18 -39 90 22 -44 18 17 -14 306 27 -39 66 22 -54 330 27 -79 54 27 -64 90 22 -24 186 22 -29 342 22 -44 24 22 -79 330 22 -34 252 17 -74 198 22 -19 66 22 -59 30 22 -34 342 22 -79 252 -23 -44 72 27 -39 90 17 -4 252 27 -49 54 27 -54 108 22 -79 72 27 -79 24 22 -79 30 27 -54 54 22 -44 72 -23 -14 306 -8 -84 132 22 -19 90 -3 -84 240 -23 -39 306 22 -54 312 27 -79 330 17 -44 312 22 -29 72 22 -39 72 27 -84 198 27 -59 90 27 -79 72 17 -4 306 27 -39 72 2 -84 306 22 -84 198 -3 -84 66 -8 -84 90 -3 -84 330 -3 -84 342 27 -44 72 27 -59 60 -8 -84 306 -3 -84 60 -3 -84 108 2 -84 48 2 -84 54 2 -84 60 22 -79 306 22 -59 54 -13 -84 198 12 -84 132 -8 -84 324 -8 -84 330 17 -9 306 7 -84 324 7 -84 66 12 -84 198 -8 -84 48 -8 -84 72 2 -84 30 -8 -84 24 -13 -84 108 12 -84 90 -28 -84 132 22 -39 312 -8 -84 30 -13 -84 312 -13 -84 48 22 -84 240 22 -84 252 -13 -84 66 17 -84 240 -13 -84 60 -13 -84 72 12 -84 66 12 -84 330 12 -84 60 -18 -84 132 22 -84 306 17 -84 306 -18 -84 108 27 -84 324 12 -84 18 27 -84 330 -18 -84 342 17 -84 342 27 -89 312 17 -84 66 -18 -84 60 -18 -84 54 -28 -84 24 17 -84 72 -18 -84 48 22 -84 132 22 -84 72 27 -84 24 -28 -84 330 27 -84 30 17 -84 54 -18 -84 30 27 -84 90 -23 -84 60 17 -84 330 -23 -84 252 17 -84 312 27 -84 66 -28 -84 30 -23 -84 330 22 -84 30 -28 -84 252 -28 -84 240 22 -89 252 -23 -84 324 -23 -84 18 27 -89 186 22 -89 198 17 -89 306 -28 -89 132 7 -89 132 -3 -89 252 27 -89 132 17 -89 252 2 -89 90 7 -89 198 -8 -89 240 -3 -89 90 -13 -89 186 -3 -89 60 -13 -89 198 -8 -89 90 7 -89 90 -8 -89 306 -3 -89 342 -3 -89 54 2 -89 60 -3 -89 48 -8 -89 66 12 -89 132 2 -89 324 -13 -89 240 2 -89 312 27 -89 54 2 -89 72 22 -89 324 -8 -89 60 7 -89 324 -3 -89 24 7 -89 60 7 -89 66 12 -89 198 7 -89 72 -13 -89 108 -13 -89 90 -8 -89 24 12 -89 108 7 -89 48 27 -89 60 -13 -89 324 -18 -89 186 12 -89 66 -23 -89 108 -13 -89 66 12 -89 90 -23 -89 66 -13 -89 60 7 -89 18 22 -89 24 22 -89 132 -8 -89 18 -13 -89 30 -18 -89 132 -13 -89 24 12 -89 324 -23 -89 48 -23 -89 54 -28 -89 324 -18 -89 90 22 -89 66 12 -89 18 -18 -89 330 17 -89 324 22 -89 54 -18 -89 54 22 -89 60 17 -89 54 -18 -89 18 17 -89 48 -23 -89 324 -23 -89 312 17 -89 18 
32 4 1 0 bottle_1 0.955752 18 -8 46 48 12 46 24 7 46 48 7 46 18 7 46 54 7 46 30 -23 31 18 2 46 54 -3 46 30 -18 31 54 12 36 90 -18 31 24 7 36 90 2 36 90 -18 31 240 12 -4 324 -3 1 342 -28 -79 186 
33 4 1 0 bottle_1 1 8 -13 -4 30 -23 -79 186 2 -49 198 -23 -79 240 -23 -79 252 17 -64 60 17 -69 60 7 -69 90 
34 4 1 0 bottle_1 1 24 -18 -14 18 -23 36 24 -23 36 18 -23 41 24 -23 31 342 -23 36 324 -23 -79 30 -23 36 54 -23 -79 132 -23 41 312 -23 46 306 -23 41 66 -23 -79 60 -23 -79 66 -23 31 66 -23 -64 48 -18 31 90 -23 46 312 -18 -49 18 -23 -79 72 -23 36 72 -23 41 72 -23 46 252 -23 -79 90 
35 4 1 0 bottle_1 0.97789 258 -23 46 132 -18 -54 132 -18 -64 60 -28 -79 312 -28 -74 186 -23 -64 66 -23 36 252 -28 41 240 -23 46 66 -23 46 60 -23 46 54 -23 -59 312 -23 46 240 -28 41 252 -23 36 90 -28 -79 330 -18 46 90 17 1 312 17 -79 342 -28 46 252 -18 6 30 17 36 240 17 -69 324 -23 -74 186 17 -64 186 17 46 312 -28 41 198 22 36 54 17 -54 60 22 -74 72 -28 36 54 17 -64 330 17 46 330 -18 46 30 17 46 198 17 46 306 17 46 342 -28 41 186 17 -79 252 -18 41 108 -18 31 60 17 -64 306 -18 31 66 17 -69 312 12 -79 306 22 -54 66 -23 -79 198 -18 -69 54 22 36 72 22 -79 48 17 -79 306 17 -79 18 -3 51 198 22 -64 72 17 -74 54 22 46 60 17 -79 186 17 36 330 17 46 90 -18 46 312 17 46 60 12 51 306 17 46 66 -18 41 66 -8 51 306 17 51 240 17 51 252 -18 -79 90 12 46 48 -18 -64 30 -13 46 48 -18 -79 24 -18 -79 54 -18 -79 72 17 51 342 -28 -79 90 -28 -79 72 -18 -79 108 17 -74 72 17 -79 30 17 -79 132 -23 -74 198 22 -54 60 17 51 198 17 36 66 12 -79 198 12 6 330 17 -74 132 12 -79 240 17 -79 60 12 -79 48 -18 -79 198 17 36 324 -13 -79 18 12 46 60 12 -79 90 17 36 48 2 41 132 7 -54 108 -3 31 48 -3 36 24 -3 41 240 -3 -79 132 2 41 198 2 31 54 12 -14 186 7 -59 198 2 -79 330 7 -79 312 7 31 48 12 46 108 -13 -49 18 -8 -64 18 12 36 324 -13 -49 186 7 -79 66 -18 36 60 2 -49 330 7 46 72 -3 41 108 7 46 330 7 36 60 -18 41 24 -8 41 312 -8 41 90 -13 -74 132 -8 51 198 -18 41 306 7 -74 108 -13 41 330 -18 41 330 -18 31 306 -8 41 324 12 -74 108 7 51 186 7 36 342 22 51 108 -3 51 306 -18 -74 198 7 -74 132 17 36 72 7 -74 90 17 -69 108 7 41 186 -8 41 198 -18 31 324 7 41 108 2 -79 72 -13 31 306 7 46 312 12 41 186 12 -74 72 -23 -89 186 -8 41 108 -3 41 312 12 -79 108 12 36 342 -13 -64 18 -8 41 306 -8 36 54 -3 -14 198 -18 36 330 2 36 60 -18 36 324 -3 -4 54 -3 31 72 -13 31 342 -3 -79 48 7 -79 24 -13 1 30 -8 -79 312 -3 36 60 -8 36 324 -8 -79 306 -13 6 54 -3 31 66 -3 -79 24 -8 -79 108 -8 -49 324 12 46 54 -8 46 30 -8 -79 252 -8 -79 48 -8 -14 18 -8 -64 30 -8 -64 24 12 36 30 -13 36 312 7 -79 186 -3 31 60 -18 -49 342 2 31 72 12 -79 132 -13 -79 108 7 6 324 2 1 198 -13 46 342 2 36 48 7 -14 186 -3 6 252 2 36 306 12 46 324 -3 36 324 -3 1 48 12 -59 90 -8 1 60 -8 6 240 -8 31 66 7 -79 108 12 46 72 2 36 72 12 6 324 12 6 186 -8 36 60 2 6 342 2 36 30 2 36 66 7 -14 198 -3 -79 72 -13 6 252 -8 36 66 -3 36 312 -8 36 72 12 1 186 -3 -79 18 -3 -79 324 7 -79 252 12 46 90 -13 36 90 -8 -79 72 12 51 198 -18 36 252 7 51 108 -13 -69 186 -8 -79 60 2 51 324 -18 6 252 2 51 330 7 51 240 -13 6 240 -13 41 132 -18 -59 252 -28 -89 186 22 -69 48 -13 31 72 -18 41 252 7 51 252 22 -64 54 2 51 108 -13 51 198 2 51 306 27 -74 108 27 -64 66 27 -74 60 27 -74 72 27 46 108 27 -69 72 27 46 90 
36 4 1 0 bottle_1 0.807692 7 27 -69 90 27 -64 72 27 -69 54 27 -64 60 27 36 18 27 36 306 32 -74 90 
37 4 1 0 bottle_1 1 9 27 41 60 22 41 54 22 41 252 27 36 90 27 36 48 22 36 342 22 36 324 22 36 306 22 46 252 
38 4 1 0 bottle_1 1 2 22 46 306 22 46 24 
39 4 1 0 bottle_1 0.40678 8 -28 46 198 -28 -69 60 22 51 186 32 -69 90 -28 -69 186 27 -54 66 -18 -49 186 32 -64 66 
40 4 0 
41 4 1 0 bottle_1 0.057971 2 -28 -9 240 32 -44 18 
42 4 1 0 bottle_1 1 2 32 -4 30 32 -24 24 
43 4 1 0 bottle_1 0.982935 96 32 -34 330 27 -39 252 32 -4 24 32 -34 312 32 -39 132 32 -34 108 32 -34 132 32 -19 198 32 -24 48 32 -29 108 32 -39 60 32 -39 18 27 -14 252 32 -24 66 32 -19 312 32 -34 30 32 -34 60 32 -29 60 32 -39 66 32 -19 108 32 -9 186 32 -14 48 32 -19 66 32 -24 54 32 -19 90 27 -19 240 32 1 132 27 -24 240 32 6 132 32 6 72 32 -14 90 32 -24 72 32 -29 72 32 -4 54 32 -19 72 27 1 306 32 -9 108 32 1 66 27 6 240 27 11 240 32 -9 90 32 6 60 27 21 240 27 -4 240 27 26 240 27 6 324 -28 26 108 32 -34 54 -28 31 90 27 31 240 27 36 240 32 6 90 32 1 90 27 6 330 27 26 186 27 41 312 27 11 324 -28 -24 24 32 26 132 27 36 252 -28 1 312 -28 -39 18 27 21 30 27 36 198 -28 -39 24 27 16 30 27 11 330 27 31 252 -28 -69 90 27 26 324 -28 1 18 27 26 252 27 1 330 27 31 198 -28 1 306 -28 26 60 27 26 198 -28 26 54 27 16 18 27 16 330 -28 -19 324 -28 6 324 -28 -29 324 -28 11 186 -28 -29 330 -23 6 90 -28 16 30 -23 -9 48 27 21 312 -28 11 324 -28 -14 240 -28 16 186 27 21 342 -23 11 66 -28 -9 252 -3 46 48 
44 4 1 0 bottle_1 0.857143 5 -13 41 60 -13 41 66 -13 41 72 -3 41 48 -8 41 54 
45 4 1 0 bottle_1 0.084507 3 32 1 186 12 66 30 12 71 306 
46 4 1 0 bottle_1 0.90566 8 -28 6 108 -28 -54 90 -28 -4 18 -28 -9 30 -28 -9 24 -28 -59 90 -28 -19 18 -28 -14 18 
47 4 1 0 bottle_1 1 10 -23 56 324 27 51 60 -28 51 324 -28 51 312 22 56 60 22 56 312 -28 51 24 -28 51 198 22 56 30 22 56 54 
48 4 1 0 bottle_1 0.973985 156 -28 56 240 -28 51 186 -28 46 66 -28 46 72 32 36 24 22 56 24 -23 56 90 27 51 48 -28 46 108 -23 61 18 -28 51 54 22 56 198 -23 56 66 12 76 30 -28 51 60 27 56 108 32 41 72 -28 56 324 12 76 24 -28 46 90 -28 56 330 27 56 66 27 51 252 -28 51 30 12 81 306 27 51 24 27 51 198 32 36 324 12 76 18 17 76 330 32 31 24 27 46 30 -18 76 30 12 81 324 32 51 90 27 56 60 12 76 330 12 76 66 22 61 66 12 81 312 27 46 24 22 61 252 27 61 132 12 76 90 17 76 342 32 46 72 32 41 48 12 76 72 27 56 324 27 56 252 32 51 72 27 56 30 27 56 54 17 76 72 32 36 252 22 61 240 22 61 312 17 76 132 -28 56 90 7 76 90 -28 56 66 -28 61 252 17 86 342 27 56 186 27 46 324 -18 66 306 17 76 60 12 66 324 22 81 108 32 56 66 17 86 54 17 76 48 -23 76 252 -18 81 48 32 31 18 32 31 186 -18 76 48 17 86 306 17 81 186 -28 61 30 32 51 312 -8 76 72 17 86 186 -18 81 108 -28 61 132 -23 81 198 -18 86 132 -18 81 54 27 61 66 22 81 90 -23 81 30 22 76 330 27 61 186 -18 86 48 22 76 72 22 81 72 27 61 54 -18 86 72 32 36 48 27 66 90 -18 76 312 -13 66 66 32 36 240 17 76 186 -23 81 186 17 86 252 -18 86 108 -18 86 60 -23 81 24 -18 76 60 12 76 252 -23 66 240 22 66 90 32 21 186 -23 71 30 -23 66 186 17 76 312 12 76 324 -13 66 90 7 76 252 22 71 30 32 26 252 -23 71 252 32 26 324 -23 71 186 -23 66 30 17 71 198 -23 71 240 -18 66 198 22 66 108 -18 71 18 32 26 240 -18 66 252 -18 71 72 -18 71 48 22 71 108 -18 71 198 22 71 330 -18 66 30 -18 71 306 -13 71 24 17 71 48 -13 71 30 -13 71 108 -13 71 60 -13 71 66 -13 71 342 12 71 252 -13 71 306 17 71 132 -13 71 186 -8 71 90 -8 71 60 12 71 66 12 71 90 7 71 252 
49 4 1 0 bottle_1 0.950495 16 7 66 186 7 66 252 7 66 306 -13 66 186 12 66 54 -8 66 60 -8 66 72 -8 66 66 -13 66 24 -18 66 18 32 21 330 32 16 198 32 16 18 32 21 30 32 16 186 32 11 186 
50 4 1 0 bottle_1 1 39 7 71 198 32 36 60 32 41 90 -13 71 240 -28 46 132 -28 46 342 7 71 48 -28 46 24 7 71 54 -8 71 330 -28 41 48 -23 56 30 -8 71 312 -18 56 90 7 76 342 -18 56 54 7 76 330 -23 56 198 7 76 72 -23 51 108 7 76 108 27 46 54 2 76 48 22 56 66 2 76 18 -3 76 60 -3 76 66 22 56 108 22 56 90 2 76 240 -23 51 324 27 51 66 -23 51 342 2 76 198 -23 51 330 27 51 90 22 51 252 22 51 306 22 51 330 
51 4 1 0 bottle_1 1 13 2 66 48 2 66 24 2 66 54 7 56 312 7 56 342 7 66 342 2 56 240 12 56 132 -28 6 90 12 56 90 12 56 108 7 56 18 12 56 72 
52 4 1 0 bottle_1 1 3 -28 -14 186 2 71 312 -28 -34 108 
53 4 1 0 bottle_1 1 2 2 76 330 7 71 342 
54 4 1 0 bottle_1 0.970238 163 7 71 66 2 71 30 7 71 72 7 71 90 2 71 48 -8 71 18 2 71 60 -3 71 18 -3 71 30 2 71 132 -3 71 54 -3 71 48 -3 71 60 -3 71 72 2 71 90 -8 71 186 -8 71 324 -3 71 108 -3 71 240 -3 71 252 -3 71 198 -8 71 240 -3 71 132 12 66 342 7 66 198 -13 66 18 -13 66 252 -8 66 30 -3 66 30 -8 66 324 -3 66 60 -3 66 66 -8 66 312 -3 66 90 17 56 342 12 56 186 12 56 18 17 56 54 17 56 108 17 56 66 17 56 90 12 56 342 12 56 60 -18 56 18 -18 56 198 -18 56 186 -18 56 306 -13 56 108 -13 56 72 17 51 18 -13 56 54 -13 56 48 22 51 90 17 51 66 2 56 186 -23 51 306 -8 56 90 12 51 30 -18 51 108 -8 56 24 -18 51 90 -8 56 198 -18 51 54 -18 51 48 -18 51 66 12 51 66 -18 51 18 12 51 72 -3 56 108 -18 51 324 -18 51 198 7 51 342 7 51 330 7 51 24 -13 51 90 -13 51 54 -13 51 60 -13 51 24 7 51 66 7 51 72 -23 46 108 -13 51 306 2 51 24 -23 46 90 -8 51 108 -8 51 24 -8 51 72 2 51 66 2 51 60 2 51 48 -3 51 24 -3 51 30 -3 51 90 -13 46 72 -3 51 54 -13 46 66 -13 46 60 -28 41 60 -8 46 60 32 36 72 32 31 60 32 26 72 32 26 48 -28 21 66 -28 21 48 -28 21 60 32 21 108 32 21 72 32 21 48 32 21 312 -28 16 48 -28 16 60 -28 16 54 32 16 72 32 16 66 32 16 60 32 16 24 32 16 312 32 16 330 -28 11 54 32 11 72 32 11 66 32 11 60 32 11 54 32 11 24 32 11 48 -28 6 132 32 11 312 32 11 330 -23 1 60 -28 6 48 -28 1 342 32 6 198 -28 1 72 -23 -9 60 -23 -9 66 -28 -9 342 -28 -9 330 -28 -4 72 -28 -4 66 -28 -4 54 -28 -14 342 -28 -14 324 -28 -14 132 -28 -14 72 -28 -14 54 -28 -14 60 -28 -19 60 -28 -24 132 -28 -29 24 -28 -24 72 -28 -29 54 -28 -29 90 -28 -34 60 -28 -34 66 -28 -39 60 -28 -49 60 -28 -54 72 -28 -54 66 -28 -59 72 -28 -59 66 -28 -64 54 -28 -64 66 
55 4 1 0 bottle_1 0.210526 2 22 61 198 12 81 186 
56 4 1 0 bottle_1 0.230769 1 -3 86 324 
57 4 1 0 bottle_1 0.913151 184 12 86 60 2 66 240 2 66 342 2 66 330 12 86 108 7 91 240 -3 86 18 7 91 198 7 91 324 7 86 240 7 91 72 2 81 330 7 91 90 2 91 90 2 81 342 -3 86 186 2 86 330 2 86 324 -3 81 18 12 86 186 7 61 60 7 86 60 2 61 324 -3 81 240 7 91 132 7 61 72 2 91 66 12 86 306 12 86 198 2 86 90 12 86 312 7 86 66 2 91 198 -3 76 330 -3 91 186 7 86 54 2 61 18 2 81 90 7 61 30 2 81 198 7 61 18 7 61 198 17 86 90 2 81 252 2 81 132 2 61 30 -3 76 324 7 81 198 7 81 186 7 81 72 7 81 240 -3 86 48 12 81 132 7 81 132 12 81 90 -3 81 186 -3 86 90 -3 86 54 7 81 330 7 81 60 2 66 132 2 76 108 2 86 24 2 86 18 2 86 66 7 76 48 2 81 18 2 81 72 2 76 132 7 81 342 2 86 30 2 66 90 2 61 54 -3 91 60 2 61 60 -3 86 72 2 76 72 -3 91 90 -8 81 240 2 86 240 12 61 60 -8 86 312 -8 86 18 2 61 90 17 81 60 12 61 54 17 81 66 -8 91 252 12 61 186 17 81 72 -3 81 66 12 61 330 -8 86 324 -3 81 72 -8 81 306 -8 76 252 -8 81 198 -8 81 330 -8 76 312 -8 86 24 -8 81 186 -8 81 324 -8 76 18 12 61 18 12 61 252 -8 76 30 -8 91 306 -8 76 324 -8 86 30 -8 81 54 -8 81 48 -18 61 108 -13 61 24 -13 61 30 -18 61 198 -3 66 198 -13 61 240 -8 61 18 -18 61 252 17 61 90 -13 61 60 -8 61 72 -13 61 72 -8 91 330 -8 91 324 -18 61 312 17 61 48 -8 86 48 -3 61 306 22 61 90 17 61 24 -18 61 72 -23 61 342 -18 61 48 -8 61 330 17 61 324 -8 61 108 -8 81 60 -8 61 90 -8 61 252 -8 61 30 -13 61 66 -18 61 66 -18 61 342 -18 61 60 -3 61 24 -3 61 108 -8 81 66 -3 66 330 -8 86 54 -3 61 330 -8 61 198 -8 61 306 -8 61 312 -3 61 66 -3 61 72 -13 66 240 -8 86 60 -8 66 186 -13 76 18 -13 76 312 -8 76 108 -3 66 132 -13 76 324 -8 86 72 -13 81 240 -13 81 252 -13 86 240 -13 81 30 -13 81 306 -13 86 252 -13 81 60 -18 81 30 -18 81 330 -18 81 186 -18 81 198 -18 81 24 -13 86 306 -13 86 30 -13 86 48 -13 86 60 -13 86 66 -18 86 324 -13 86 108 
58 4 1 0 bottle_1 0.0983607 1 -8 86 306 
59 4 1 0 bottle_1 0.666667 10 -13 51 72 7 56 60 -8 56 324 -13 56 330 2 56 30 -13 56 324 2 56 330 -3 56 30 -3 56 54 2 56 342 
60 4 1 0 bottle_1 0.0163934 1 -3 56 306 
61 4 1 0 bottle_1 0.0133038 2 -18 -39 198 -18 -39 186 
62 4 1 0 bottle_1 0.0594059 1 -23 -44 198 
63 4 1 0 bottle_1 0.857143 10 -28 -54 198 -28 -49 186 -28 -44 198 -28 -39 186 -28 -29 240 -28 -59 186 -23 -19 60 -23 -39 48 -23 -49 186 -23 -44 186 
