10 43 4
0 0 -1 14 2 37 -1 -1 -1 -1 -1 2 113 
1 1 0 0 0 0 0 0 0 0 0 0 0 
2 1 -1 213 2 13 -1 -1 -1 -1 -1 0 7395 
3 2 0 0 0 0 0 0 0 0 0 0 0 
4 2 0 0 0 0 0 0 0 0 0 0 0 
5 2 -1 49 2 21 -1 -1 -1 -1 -1 2 1535 
6 2 -1 259 1 10 -1 -1 -1 -1 -1 3 -15 
7 3 0 0 0 0 0 0 0 0 0 0 0 
8 3 0 0 0 0 0 0 0 0 0 0 0 
9 3 0 0 0 0 0 0 0 0 0 0 0 
10 3 0 0 0 0 0 0 0 0 0 0 0 
11 3 -1 101 4 23 -1 -1 -1 -1 -1 2 6929 
12 3 -1 265 3 22 -1 -1 -1 -1 -1 2 -51 
13 3 -1 188 4 24 -1 -1 -1 -1 -1 2 2795 
14 3 42 0 0 0 0 0 0 0 0 0 0 
15 4 0 0 0 0 0 0 0 0 0 0 0 
16 4 0 0 0 0 0 0 0 0 0 0 0 
17 4 0 0 0 0 0 0 0 0 0 0 0 
18 4 0 0 0 0 0 0 0 0 0 0 0 
19 4 0 0 0 0 0 0 0 0 0 0 0 
20 4 0 0 0 0 0 0 0 0 0 0 0 
21 4 0 0 0 0 0 0 0 0 0 0 0 
22 4 0 0 0 0 0 0 0 0 0 0 0 
23 4 1 0 0 0 0 0 0 0 0 0 0 
24 4 -1 333 4 11 -1 -1 -1 -1 -1 0 11839 
25 4 15 0 0 0 0 0 0 0 0 0 0 
26 4 -1 245 3 32 -1 -1 -1 -1 -1 1 89 
27 4 -1 146 4 17 -1 -1 -1 -1 -1 3 435 
28 4 -1 76 4 29 -1 -1 -1 -1 -1 1 5422 
29 4 0 0 0 0 0 0 0 0 0 0 0 
30 4 0 0 0 0 0 0 0 0 0 0 0 
31 5 0 0 0 0 0 0 0 0 0 0 0 
32 5 0 0 0 0 0 0 0 0 0 0 0 
33 5 0 0 0 0 0 0 0 0 0 0 0 
34 5 0 0 0 0 0 0 0 0 0 0 0 
35 5 0 0 0 0 0 0 0 0 0 0 0 
36 5 0 0 0 0 0 0 0 0 0 0 0 
37 5 0 0 0 0 0 0 0 0 0 0 0 
38 5 0 0 0 0 0 0 0 0 0 0 0 
39 5 0 0 0 0 0 0 0 0 0 0 0 
40 5 0 0 0 0 0 0 0 0 0 0 0 
41 5 0 0 0 0 0 0 0 0 0 0 0 
42 5 0 0 0 0 0 0 0 0 0 0 0 
43 5 0 0 0 0 0 0 0 0 0 0 0 
44 5 0 0 0 0 0 0 0 0 0 0 0 
45 5 0 0 0 0 0 0 0 0 0 0 0 
46 5 0 0 0 0 0 0 0 0 0 0 0 
47 5 0 0 0 0 0 0 0 0 0 0 0 
48 5 0 0 0 0 0 0 0 0 0 0 0 
49 5 -1 297 0 14 -1 -1 -1 -1 -1 3 7 
50 5 -1 349 3 36 -1 -1 -1 -1 -1 2 21 
51 5 0 0 0 0 0 0 0 0 0 0 0 
52 5 0 0 0 0 0 0 0 0 0 0 0 
53 5 -1 322 4 29 -1 -1 -1 -1 -1 0 8097 
54 5 30 0 0 0 0 0 0 0 0 0 0 
55 5 -1 245 0 33 -1 -1 -1 -1 -1 3 22 
56 5 34 0 0 0 0 0 0 0 0 0 0 
57 5 -1 7 3 10 -1 -1 -1 -1 -1 0 -78 
58 5 41 0 0 0 0 0 0 0 0 0 0 
59 5 0 0 0 0 0 0 0 0 0 0 0 
60 5 0 0 0 0 0 0 0 0 0 0 0 
61 5 0 0 0 0 0 0 0 0 0 0 0 
62 5 0 0 0 0 0 0 0 0 0 0 0 
63 6 0 0 0 0 0 0 0 0 0 0 0 
64 6 0 0 0 0 0 0 0 0 0 0 0 
65 6 0 0 0 0 0 0 0 0 0 0 0 
66 6 0 0 0 0 0 0 0 0 0 0 0 
67 6 0 0 0 0 0 0 0 0 0 0 0 
68 6 0 0 0 0 0 0 0 0 0 0 0 
69 6 0 0 0 0 0 0 0 0 0 0 0 
70 6 0 0 0 0 0 0 0 0 0 0 0 
71 6 0 0 0 0 0 0 0 0 0 0 0 
72 6 0 0 0 0 0 0 0 0 0 0 0 
73 6 0 0 0 0 0 0 0 0 0 0 0 
74 6 0 0 0 0 0 0 0 0 0 0 0 
75 6 0 0 0 0 0 0 0 0 0 0 0 
76 6 0 0 0 0 0 0 0 0 0 0 0 
77 6 0 0 0 0 0 0 0 0 0 0 0 
78 6 0 0 0 0 0 0 0 0 0 0 0 
79 6 0 0 0 0 0 0 0 0 0 0 0 
80 6 0 0 0 0 0 0 0 0 0 0 0 
81 6 0 0 0 0 0 0 0 0 0 0 0 
82 6 0 0 0 0 0 0 0 0 0 0 0 
83 6 0 0 0 0 0 0 0 0 0 0 0 
84 6 0 0 0 0 0 0 0 0 0 0 0 
85 6 0 0 0 0 0 0 0 0 0 0 0 
86 6 0 0 0 0 0 0 0 0 0 0 0 
87 6 0 0 0 0 0 0 0 0 0 0 0 
88 6 0 0 0 0 0 0 0 0 0 0 0 
89 6 0 0 0 0 0 0 0 0 0 0 0 
90 6 0 0 0 0 0 0 0 0 0 0 0 
91 6 0 0 0 0 0 0 0 0 0 0 0 
92 6 0 0 0 0 0 0 0 0 0 0 0 
93 6 0 0 0 0 0 0 0 0 0 0 0 
94 6 0 0 0 0 0 0 0 0 0 0 0 
95 6 0 0 0 0 0 0 0 0 0 0 0 
96 6 0 0 0 0 0 0 0 0 0 0 0 
97 6 0 0 0 0 0 0 0 0 0 0 0 
98 6 0 0 0 0 0 0 0 0 0 0 0 
99 6 -1 356 2 20 -1 -1 -1 -1 -1 3 109 
100 6 8 0 0 0 0 0 0 0 0 0 0 
101 6 9 0 0 0 0 0 0 0 0 0 0 
102 6 -1 273 2 23 -1 -1 -1 -1 -1 2 578 
103 6 0 0 0 0 0 0 0 0 0 0 0 
104 6 0 0 0 0 0 0 0 0 0 0 0 
105 6 0 0 0 0 0 0 0 0 0 0 0 
106 6 0 0 0 0 0 0 0 0 0 0 0 
107 6 -1 170 4 25 -1 -1 -1 -1 -1 2 5607 
108 6 29 0 0 0 0 0 0 0 0 0 0 
109 6 0 0 0 0 0 0 0 0 0 0 0 
110 6 0 0 0 0 0 0 0 0 0 0 0 
111 6 -1 254 3 22 -1 -1 -1 -1 -1 2 -2 
112 6 33 0 0 0 0 0 0 0 0 0 0 
113 6 0 0 0 0 0 0 0 0 0 0 0 
114 6 0 0 0 0 0 0 0 0 0 0 0 
115 6 -1 108 2 32 -1 -1 -1 -1 -1 1 704 
116 6 40 0 0 0 0 0 0 0 0 0 0 
117 6 0 0 0 0 0 0 0 0 0 0 0 
118 6 0 0 0 0 0 0 0 0 0 0 0 
119 6 0 0 0 0 0 0 0 0 0 0 0 
120 6 0 0 0 0 0 0 0 0 0 0 0 
121 6 0 0 0 0 0 0 0 0 0 0 0 
122 6 0 0 0 0 0 0 0 0 0 0 0 
123 6 0 0 0 0 0 0 0 0 0 0 0 
124 6 0 0 0 0 0 0 0 0 0 0 0 
125 6 0 0 0 0 0 0 0 0 0 0 0 
126 6 0 0 0 0 0 0 0 0 0 0 0 
127 7 0 0 0 0 0 0 0 0 0 0 0 
128 7 0 0 0 0 0 0 0 0 0 0 0 
129 7 0 0 0 0 0 0 0 0 0 0 0 
130 7 0 0 0 0 0 0 0 0 0 0 0 
131 7 0 0 0 0 0 0 0 0 0 0 0 
132 7 0 0 0 0 0 0 0 0 0 0 0 
133 7 0 0 0 0 0 0 0 0 0 0 0 
134 7 0 0 0 0 0 0 0 0 0 0 0 
135 7 0 0 0 0 0 0 0 0 0 0 0 
136 7 0 0 0 0 0 0 0 0 0 0 0 
137 7 0 0 0 0 0 0 0 0 0 0 0 
138 7 0 0 0 0 0 0 0 0 0 0 0 
139 7 0 0 0 0 0 0 0 0 0 0 0 
140 7 0 0 0 0 0 0 0 0 0 0 0 
141 7 0 0 0 0 0 0 0 0 0 0 0 
142 7 0 0 0 0 0 0 0 0 0 0 0 
143 7 0 0 0 0 0 0 0 0 0 0 0 
144 7 0 0 0 0 0 0 0 0 0 0 0 
145 7 0 0 0 0 0 0 0 0 0 0 0 
146 7 0 0 0 0 0 0 0 0 0 0 0 
147 7 0 0 0 0 0 0 0 0 0 0 0 
148 7 0 0 0 0 0 0 0 0 0 0 0 
149 7 0 0 0 0 0 0 0 0 0 0 0 
150 7 0 0 0 0 0 0 0 0 0 0 0 
151 7 0 0 0 0 0 0 0 0 0 0 0 
152 7 0 0 0 0 0 0 0 0 0 0 0 
153 7 0 0 0 0 0 0 0 0 0 0 0 
154 7 0 0 0 0 0 0 0 0 0 0 0 
155 7 0 0 0 0 0 0 0 0 0 0 0 
156 7 0 0 0 0 0 0 0 0 0 0 0 
157 7 0 0 0 0 0 0 0 0 0 0 0 
158 7 0 0 0 0 0 0 0 0 0 0 0 
159 7 0 0 0 0 0 0 0 0 0 0 0 
160 7 0 0 0 0 0 0 0 0 0 0 0 
161 7 0 0 0 0 0 0 0 0 0 0 0 
162 7 0 0 0 0 0 0 0 0 0 0 0 
163 7 0 0 0 0 0 0 0 0 0 0 0 
164 7 0 0 0 0 0 0 0 0 0 0 0 
165 7 0 0 0 0 0 0 0 0 0 0 0 
166 7 0 0 0 0 0 0 0 0 0 0 0 
167 7 0 0 0 0 0 0 0 0 0 0 0 
168 7 0 0 0 0 0 0 0 0 0 0 0 
169 7 0 0 0 0 0 0 0 0 0 0 0 
170 7 0 0 0 0 0 0 0 0 0 0 0 
171 7 0 0 0 0 0 0 0 0 0 0 0 
172 7 0 0 0 0 0 0 0 0 0 0 0 
173 7 0 0 0 0 0 0 0 0 0 0 0 
174 7 0 0 0 0 0 0 0 0 0 0 0 
175 7 0 0 0 0 0 0 0 0 0 0 0 
176 7 0 0 0 0 0 0 0 0 0 0 0 
177 7 0 0 0 0 0 0 0 0 0 0 0 
178 7 0 0 0 0 0 0 0 0 0 0 0 
179 7 0 0 0 0 0 0 0 0 0 0 0 
180 7 0 0 0 0 0 0 0 0 0 0 0 
181 7 0 0 0 0 0 0 0 0 0 0 0 
182 7 0 0 0 0 0 0 0 0 0 0 0 
183 7 0 0 0 0 0 0 0 0 0 0 0 
184 7 0 0 0 0 0 0 0 0 0 0 0 
185 7 0 0 0 0 0 0 0 0 0 0 0 
186 7 0 0 0 0 0 0 0 0 0 0 0 
187 7 0 0 0 0 0 0 0 0 0 0 0 
188 7 0 0 0 0 0 0 0 0 0 0 0 
189 7 0 0 0 0 0 0 0 0 0 0 0 
190 7 0 0 0 0 0 0 0 0 0 0 0 
191 7 0 0 0 0 0 0 0 0 0 0 0 
192 7 0 0 0 0 0 0 0 0 0 0 0 
193 7 0 0 0 0 0 0 0 0 0 0 0 
194 7 0 0 0 0 0 0 0 0 0 0 0 
195 7 0 0 0 0 0 0 0 0 0 0 0 
196 7 0 0 0 0 0 0 0 0 0 0 0 
197 7 0 0 0 0 0 0 0 0 0 0 0 
198 7 0 0 0 0 0 0 0 0 0 0 0 
199 7 2 0 0 0 0 0 0 0 0 0 0 
200 7 -1 238 1 20 -1 -1 -1 -1 -1 1 20 
201 7 0 0 0 0 0 0 0 0 0 0 0 
202 7 0 0 0 0 0 0 0 0 0 0 0 
203 7 0 0 0 0 0 0 0 0 0 0 0 
204 7 0 0 0 0 0 0 0 0 0 0 0 
205 7 10 0 0 0 0 0 0 0 0 0 0 
206 7 -1 352 3 34 -1 -1 -1 -1 -1 2 44 
207 7 0 0 0 0 0 0 0 0 0 0 0 
208 7 0 0 0 0 0 0 0 0 0 0 0 
209 7 0 0 0 0 0 0 0 0 0 0 0 
210 7 0 0 0 0 0 0 0 0 0 0 0 
211 7 0 0 0 0 0 0 0 0 0 0 0 
212 7 0 0 0 0 0 0 0 0 0 0 0 
213 7 0 0 0 0 0 0 0 0 0 0 0 
214 7 0 0 0 0 0 0 0 0 0 0 0 
215 7 -1 168 2 12 -1 -1 -1 -1 -1 3 3152 
216 7 -1 67 4 34 -1 -1 -1 -1 -1 0 4168 
217 7 0 0 0 0 0 0 0 0 0 0 0 
218 7 0 0 0 0 0 0 0 0 0 0 0 
219 7 0 0 0 0 0 0 0 0 0 0 0 
220 7 0 0 0 0 0 0 0 0 0 0 0 
221 7 0 0 0 0 0 0 0 0 0 0 0 
222 7 0 0 0 0 0 0 0 0 0 0 0 
223 7 31 0 0 0 0 0 0 0 0 0 0 
224 7 32 0 0 0 0 0 0 0 0 0 0 
225 7 0 0 0 0 0 0 0 0 0 0 0 
226 7 0 0 0 0 0 0 0 0 0 0 0 
227 7 0 0 0 0 0 0 0 0 0 0 0 
228 7 0 0 0 0 0 0 0 0 0 0 0 
229 7 0 0 0 0 0 0 0 0 0 0 0 
230 7 0 0 0 0 0 0 0 0 0 0 0 
231 7 -1 78 0 36 -1 -1 -1 -1 -1 3 38 
232 7 39 0 0 0 0 0 0 0 0 0 0 
233 7 0 0 0 0 0 0 0 0 0 0 0 
234 7 0 0 0 0 0 0 0 0 0 0 0 
235 7 0 0 0 0 0 0 0 0 0 0 0 
236 7 0 0 0 0 0 0 0 0 0 0 0 
237 7 0 0 0 0 0 0 0 0 0 0 0 
238 7 0 0 0 0 0 0 0 0 0 0 0 
239 7 0 0 0 0 0 0 0 0 0 0 0 
240 7 0 0 0 0 0 0 0 0 0 0 0 
241 7 0 0 0 0 0 0 0 0 0 0 0 
242 7 0 0 0 0 0 0 0 0 0 0 0 
243 7 0 0 0 0 0 0 0 0 0 0 0 
244 7 0 0 0 0 0 0 0 0 0 0 0 
245 7 0 0 0 0 0 0 0 0 0 0 0 
246 7 0 0 0 0 0 0 0 0 0 0 0 
247 7 0 0 0 0 0 0 0 0 0 0 0 
248 7 0 0 0 0 0 0 0 0 0 0 0 
249 7 0 0 0 0 0 0 0 0 0 0 0 
250 7 0 0 0 0 0 0 0 0 0 0 0 
251 7 0 0 0 0 0 0 0 0 0 0 0 
252 7 0 0 0 0 0 0 0 0 0 0 0 
253 7 0 0 0 0 0 0 0 0 0 0 0 
254 7 0 0 0 0 0 0 0 0 0 0 0 
255 8 0 0 0 0 0 0 0 0 0 0 0 
256 8 0 0 0 0 0 0 0 0 0 0 0 
257 8 0 0 0 0 0 0 0 0 0 0 0 
258 8 0 0 0 0 0 0 0 0 0 0 0 
259 8 0 0 0 0 0 0 0 0 0 0 0 
260 8 0 0 0 0 0 0 0 0 0 0 0 
261 8 0 0 0 0 0 0 0 0 0 0 0 
262 8 0 0 0 0 0 0 0 0 0 0 0 
263 8 0 0 0 0 0 0 0 0 0 0 0 
264 8 0 0 0 0 0 0 0 0 0 0 0 
265 8 0 0 0 0 0 0 0 0 0 0 0 
266 8 0 0 0 0 0 0 0 0 0 0 0 
267 8 0 0 0 0 0 0 0 0 0 0 0 
268 8 0 0 0 0 0 0 0 0 0 0 0 
269 8 0 0 0 0 0 0 0 0 0 0 0 
270 8 0 0 0 0 0 0 0 0 0 0 0 
271 8 0 0 0 0 0 0 0 0 0 0 0 
272 8 0 0 0 0 0 0 0 0 0 0 0 
273 8 0 0 0 0 0 0 0 0 0 0 0 
274 8 0 0 0 0 0 0 0 0 0 0 0 
275 8 0 0 0 0 0 0 0 0 0 0 0 
276 8 0 0 0 0 0 0 0 0 0 0 0 
277 8 0 0 0 0 0 0 0 0 0 0 0 
278 8 0 0 0 0 0 0 0 0 0 0 0 
279 8 0 0 0 0 0 0 0 0 0 0 0 
280 8 0 0 0 0 0 0 0 0 0 0 0 
281 8 0 0 0 0 0 0 0 0 0 0 0 
282 8 0 0 0 0 0 0 0 0 0 0 0 
283 8 0 0 0 0 0 0 0 0 0 0 0 
284 8 0 0 0 0 0 0 0 0 0 0 0 
285 8 0 0 0 0 0 0 0 0 0 0 0 
286 8 0 0 0 0 0 0 0 0 0 0 0 
287 8 0 0 0 0 0 0 0 0 0 0 0 
288 8 0 0 0 0 0 0 0 0 0 0 0 
289 8 0 0 0 0 0 0 0 0 0 0 0 
290 8 0 0 0 0 0 0 0 0 0 0 0 
291 8 0 0 0 0 0 0 0 0 0 0 0 
292 8 0 0 0 0 0 0 0 0 0 0 0 
293 8 0 0 0 0 0 0 0 0 0 0 0 
294 8 0 0 0 0 0 0 0 0 0 0 0 
295 8 0 0 0 0 0 0 0 0 0 0 0 
296 8 0 0 0 0 0 0 0 0 0 0 0 
297 8 0 0 0 0 0 0 0 0 0 0 0 
298 8 0 0 0 0 0 0 0 0 0 0 0 
299 8 0 0 0 0 0 0 0 0 0 0 0 
300 8 0 0 0 0 0 0 0 0 0 0 0 
301 8 0 0 0 0 0 0 0 0 0 0 0 
302 8 0 0 0 0 0 0 0 0 0 0 0 
303 8 0 0 0 0 0 0 0 0 0 0 0 
304 8 0 0 0 0 0 0 0 0 0 0 0 
305 8 0 0 0 0 0 0 0 0 0 0 0 
306 8 0 0 0 0 0 0 0 0 0 0 0 
307 8 0 0 0 0 0 0 0 0 0 0 0 
308 8 0 0 0 0 0 0 0 0 0 0 0 
309 8 0 0 0 0 0 0 0 0 0 0 0 
310 8 0 0 0 0 0 0 0 0 0 0 0 
311 8 0 0 0 0 0 0 0 0 0 0 0 
312 8 0 0 0 0 0 0 0 0 0 0 0 
313 8 0 0 0 0 0 0 0 0 0 0 0 
314 8 0 0 0 0 0 0 0 0 0 0 0 
315 8 0 0 0 0 0 0 0 0 0 0 0 
316 8 0 0 0 0 0 0 0 0 0 0 0 
317 8 0 0 0 0 0 0 0 0 0 0 0 
318 8 0 0 0 0 0 0 0 0 0 0 0 
319 8 0 0 0 0 0 0 0 0 0 0 0 
320 8 0 0 0 0 0 0 0 0 0 0 0 
321 8 0 0 0 0 0 0 0 0 0 0 0 
322 8 0 0 0 0 0 0 0 0 0 0 0 
323 8 0 0 0 0 0 0 0 0 0 0 0 
324 8 0 0 0 0 0 0 0 0 0 0 0 
325 8 0 0 0 0 0 0 0 0 0 0 0 
326 8 0 0 0 0 0 0 0 0 0 0 0 
327 8 0 0 0 0 0 0 0 0 0 0 0 
328 8 0 0 0 0 0 0 0 0 0 0 0 
329 8 0 0 0 0 0 0 0 0 0 0 0 
330 8 0 0 0 0 0 0 0 0 0 0 0 
331 8 0 0 0 0 0 0 0 0 0 0 0 
332 8 0 0 0 0 0 0 0 0 0 0 0 
333 8 0 0 0 0 0 0 0 0 0 0 0 
334 8 0 0 0 0 0 0 0 0 0 0 0 
335 8 0 0 0 0 0 0 0 0 0 0 0 
336 8 0 0 0 0 0 0 0 0 0 0 0 
337 8 0 0 0 0 0 0 0 0 0 0 0 
338 8 0 0 0 0 0 0 0 0 0 0 0 
339 8 0 0 0 0 0 0 0 0 0 0 0 
340 8 0 0 0 0 0 0 0 0 0 0 0 
341 8 0 0 0 0 0 0 0 0 0 0 0 
342 8 0 0 0 0 0 0 0 0 0 0 0 
343 8 0 0 0 0 0 0 0 0 0 0 0 
344 8 0 0 0 0 0 0 0 0 0 0 0 
345 8 0 0 0 0 0 0 0 0 0 0 0 
346 8 0 0 0 0 0 0 0 0 0 0 0 
347 8 0 0 0 0 0 0 0 0 0 0 0 
348 8 0 0 0 0 0 0 0 0 0 0 0 
349 8 0 0 0 0 0 0 0 0 0 0 0 
350 8 0 0 0 0 0 0 0 0 0 0 0 
351 8 0 0 0 0 0 0 0 0 0 0 0 
352 8 0 0 0 0 0 0 0 0 0 0 0 
353 8 0 0 0 0 0 0 0 0 0 0 0 
354 8 0 0 0 0 0 0 0 0 0 0 0 
355 8 0 0 0 0 0 0 0 0 0 0 0 
356 8 0 0 0 0 0 0 0 0 0 0 0 
357 8 0 0 0 0 0 0 0 0 0 0 0 
358 8 0 0 0 0 0 0 0 0 0 0 0 
359 8 0 0 0 0 0 0 0 0 0 0 0 
360 8 0 0 0 0 0 0 0 0 0 0 0 
361 8 0 0 0 0 0 0 0 0 0 0 0 
362 8 0 0 0 0 0 0 0 0 0 0 0 
363 8 0 0 0 0 0 0 0 0 0 0 0 
364 8 0 0 0 0 0 0 0 0 0 0 0 
365 8 0 0 0 0 0 0 0 0 0 0 0 
366 8 0 0 0 0 0 0 0 0 0 0 0 
367 8 0 0 0 0 0 0 0 0 0 0 0 
368 8 0 0 0 0 0 0 0 0 0 0 0 
369 8 0 0 0 0 0 0 0 0 0 0 0 
370 8 0 0 0 0 0 0 0 0 0 0 0 
371 8 0 0 0 0 0 0 0 0 0 0 0 
372 8 0 0 0 0 0 0 0 0 0 0 0 
373 8 0 0 0 0 0 0 0 0 0 0 0 
374 8 0 0 0 0 0 0 0 0 0 0 0 
375 8 0 0 0 0 0 0 0 0 0 0 0 
376 8 0 0 0 0 0 0 0 0 0 0 0 
377 8 0 0 0 0 0 0 0 0 0 0 0 
378 8 0 0 0 0 0 0 0 0 0 0 0 
379 8 0 0 0 0 0 0 0 0 0 0 0 
380 8 0 0 0 0 0 0 0 0 0 0 0 
381 8 0 0 0 0 0 0 0 0 0 0 0 
382 8 0 0 0 0 0 0 0 0 0 0 0 
383 8 0 0 0 0 0 0 0 0 0 0 0 
384 8 0 0 0 0 0 0 0 0 0 0 0 
385 8 0 0 0 0 0 0 0 0 0 0 0 
386 8 0 0 0 0 0 0 0 0 0 0 0 
387 8 0 0 0 0 0 0 0 0 0 0 0 
388 8 0 0 0 0 0 0 0 0 0 0 0 
389 8 0 0 0 0 0 0 0 0 0 0 0 
390 8 0 0 0 0 0 0 0 0 0 0 0 
391 8 0 0 0 0 0 0 0 0 0 0 0 
392 8 0 0 0 0 0 0 0 0 0 0 0 
393 8 0 0 0 0 0 0 0 0 0 0 0 
394 8 0 0 0 0 0 0 0 0 0 0 0 
395 8 0 0 0 0 0 0 0 0 0 0 0 
396 8 0 0 0 0 0 0 0 0 0 0 0 
397 8 0 0 0 0 0 0 0 0 0 0 0 
398 8 0 0 0 0 0 0 0 0 0 0 0 
399 8 0 0 0 0 0 0 0 0 0 0 0 
400 8 0 0 0 0 0 0 0 0 0 0 0 
401 8 -1 248 2 14 -1 -1 -1 -1 -1 2 3202 
402 8 7 0 0 0 0 0 0 0 0 0 0 
403 8 0 0 0 0 0 0 0 0 0 0 0 
404 8 0 0 0 0 0 0 0 0 0 0 0 
405 8 0 0 0 0 0 0 0 0 0 0 0 
406 8 0 0 0 0 0 0 0 0 0 0 0 
407 8 0 0 0 0 0 0 0 0 0 0 0 
408 8 0 0 0 0 0 0 0 0 0 0 0 
409 8 0 0 0 0 0 0 0 0 0 0 0 
410 8 0 0 0 0 0 0 0 0 0 0 0 
411 8 0 0 0 0 0 0 0 0 0 0 0 
412 8 0 0 0 0 0 0 0 0 0 0 0 
413 8 11 0 0 0 0 0 0 0 0 0 0 
414 8 -1 347 0 23 -1 -1 -1 -1 -1 0 -17 
415 8 0 0 0 0 0 0 0 0 0 0 0 
416 8 0 0 0 0 0 0 0 0 0 0 0 
417 8 0 0 0 0 0 0 0 0 0 0 0 
418 8 0 0 0 0 0 0 0 0 0 0 0 
419 8 0 0 0 0 0 0 0 0 0 0 0 
420 8 0 0 0 0 0 0 0 0 0 0 0 
421 8 0 0 0 0 0 0 0 0 0 0 0 
422 8 0 0 0 0 0 0 0 0 0 0 0 
423 8 0 0 0 0 0 0 0 0 0 0 0 
424 8 0 0 0 0 0 0 0 0 0 0 0 
425 8 0 0 0 0 0 0 0 0 0 0 0 
426 8 0 0 0 0 0 0 0 0 0 0 0 
427 8 0 0 0 0 0 0 0 0 0 0 0 
428 8 0 0 0 0 0 0 0 0 0 0 0 
429 8 0 0 0 0 0 0 0 0 0 0 0 
430 8 0 0 0 0 0 0 0 0 0 0 0 
431 8 -1 57 2 17 -1 -1 -1 -1 -1 3 1008 
432 8 20 0 0 0 0 0 0 0 0 0 0 
433 8 -1 2 3 35 -1 -1 -1 -1 -1 3 8 
434 8 -1 284 2 34 -1 -1 -1 -1 -1 0 374 
435 8 0 0 0 0 0 0 0 0 0 0 0 
436 8 0 0 0 0 0 0 0 0 0 0 0 
437 8 0 0 0 0 0 0 0 0 0 0 0 
438 8 0 0 0 0 0 0 0 0 0 0 0 
439 8 0 0 0 0 0 0 0 0 0 0 0 
440 8 0 0 0 0 0 0 0 0 0 0 0 
441 8 0 0 0 0 0 0 0 0 0 0 0 
442 8 0 0 0 0 0 0 0 0 0 0 0 
443 8 0 0 0 0 0 0 0 0 0 0 0 
444 8 0 0 0 0 0 0 0 0 0 0 0 
445 8 0 0 0 0 0 0 0 0 0 0 0 
446 8 0 0 0 0 0 0 0 0 0 0 0 
447 8 0 0 0 0 0 0 0 0 0 0 0 
448 8 0 0 0 0 0 0 0 0 0 0 0 
449 8 0 0 0 0 0 0 0 0 0 0 0 
450 8 0 0 0 0 0 0 0 0 0 0 0 
451 8 0 0 0 0 0 0 0 0 0 0 0 
452 8 0 0 0 0 0 0 0 0 0 0 0 
453 8 0 0 0 0 0 0 0 0 0 0 0 
454 8 0 0 0 0 0 0 0 0 0 0 0 
455 8 0 0 0 0 0 0 0 0 0 0 0 
456 8 0 0 0 0 0 0 0 0 0 0 0 
457 8 0 0 0 0 0 0 0 0 0 0 0 
458 8 0 0 0 0 0 0 0 0 0 0 0 
459 8 0 0 0 0 0 0 0 0 0 0 0 
460 8 0 0 0 0 0 0 0 0 0 0 0 
461 8 0 0 0 0 0 0 0 0 0 0 0 
462 8 0 0 0 0 0 0 0 0 0 0 0 
463 8 -1 303 3 35 -1 -1 -1 -1 -1 1 32 
464 8 38 0 0 0 0 0 0 0 0 0 0 
465 8 0 0 0 0 0 0 0 0 0 0 0 
466 8 0 0 0 0 0 0 0 0 0 0 0 
467 8 0 0 0 0 0 0 0 0 0 0 0 
468 8 0 0 0 0 0 0 0 0 0 0 0 
469 8 0 0 0 0 0 0 0 0 0 0 0 
470 8 0 0 0 0 0 0 0 0 0 0 0 
471 8 0 0 0 0 0 0 0 0 0 0 0 
472 8 0 0 0 0 0 0 0 0 0 0 0 
473 8 0 0 0 0 0 0 0 0 0 0 0 
474 8 0 0 0 0 0 0 0 0 0 0 0 
475 8 0 0 0 0 0 0 0 0 0 0 0 
476 8 0 0 0 0 0 0 0 0 0 0 0 
477 8 0 0 0 0 0 0 0 0 0 0 0 
478 8 0 0 0 0 0 0 0 0 0 0 0 
479 8 0 0 0 0 0 0 0 0 0 0 0 
480 8 0 0 0 0 0 0 0 0 0 0 0 
481 8 0 0 0 0 0 0 0 0 0 0 0 
482 8 0 0 0 0 0 0 0 0 0 0 0 
483 8 0 0 0 0 0 0 0 0 0 0 0 
484 8 0 0 0 0 0 0 0 0 0 0 0 
485 8 0 0 0 0 0 0 0 0 0 0 0 
486 8 0 0 0 0 0 0 0 0 0 0 0 
487 8 0 0 0 0 0 0 0 0 0 0 0 
488 8 0 0 0 0 0 0 0 0 0 0 0 
489 8 0 0 0 0 0 0 0 0 0 0 0 
490 8 0 0 0 0 0 0 0 0 0 0 0 
491 8 0 0 0 0 0 0 0 0 0 0 0 
492 8 0 0 0 0 0 0 0 0 0 0 0 
493 8 0 0 0 0 0 0 0 0 0 0 0 
494 8 0 0 0 0 0 0 0 0 0 0 0 
495 8 0 0 0 0 0 0 0 0 0 0 0 
496 8 0 0 0 0 0 0 0 0 0 0 0 
497 8 0 0 0 0 0 0 0 0 0 0 0 
498 8 0 0 0 0 0 0 0 0 0 0 0 
499 8 0 0 0 0 0 0 0 0 0 0 0 
500 8 0 0 0 0 0 0 0 0 0 0 0 
501 8 0 0 0 0 0 0 0 0 0 0 0 
502 8 0 0 0 0 0 0 0 0 0 0 0 
503 8 0 0 0 0 0 0 0 0 0 0 0 
504 8 0 0 0 0 0 0 0 0 0 0 0 
505 8 0 0 0 0 0 0 0 0 0 0 0 
506 8 0 0 0 0 0 0 0 0 0 0 0 
507 8 0 0 0 0 0 0 0 0 0 0 0 
508 8 0 0 0 0 0 0 0 0 0 0 0 
509 8 0 0 0 0 0 0 0 0 0 0 0 
510 8 0 0 0 0 0 0 0 0 0 0 0 
511 9 0 0 0 0 0 0 0 0 0 0 0 
512 9 0 0 0 0 0 0 0 0 0 0 0 
513 9 0 0 0 0 0 0 0 0 0 0 0 
514 9 0 0 0 0 0 0 0 0 0 0 0 
515 9 0 0 0 0 0 0 0 0 0 0 0 
516 9 0 0 0 0 0 0 0 0 0 0 0 
517 9 0 0 0 0 0 0 0 0 0 0 0 
518 9 0 0 0 0 0 0 0 0 0 0 0 
519 9 0 0 0 0 0 0 0 0 0 0 0 
520 9 0 0 0 0 0 0 0 0 0 0 0 
521 9 0 0 0 0 0 0 0 0 0 0 0 
522 9 0 0 0 0 0 0 0 0 0 0 0 
523 9 0 0 0 0 0 0 0 0 0 0 0 
524 9 0 0 0 0 0 0 0 0 0 0 0 
525 9 0 0 0 0 0 0 0 0 0 0 0 
526 9 0 0 0 0 0 0 0 0 0 0 0 
527 9 0 0 0 0 0 0 0 0 0 0 0 
528 9 0 0 0 0 0 0 0 0 0 0 0 
529 9 0 0 0 0 0 0 0 0 0 0 0 
530 9 0 0 0 0 0 0 0 0 0 0 0 
531 9 0 0 0 0 0 0 0 0 0 0 0 
532 9 0 0 0 0 0 0 0 0 0 0 0 
533 9 0 0 0 0 0 0 0 0 0 0 0 
534 9 0 0 0 0 0 0 0 0 0 0 0 
535 9 0 0 0 0 0 0 0 0 0 0 0 
536 9 0 0 0 0 0 0 0 0 0 0 0 
537 9 0 0 0 0 0 0 0 0 0 0 0 
538 9 0 0 0 0 0 0 0 0 0 0 0 
539 9 0 0 0 0 0 0 0 0 0 0 0 
540 9 0 0 0 0 0 0 0 0 0 0 0 
541 9 0 0 0 0 0 0 0 0 0 0 0 
542 9 0 0 0 0 0 0 0 0 0 0 0 
543 9 0 0 0 0 0 0 0 0 0 0 0 
544 9 0 0 0 0 0 0 0 0 0 0 0 
545 9 0 0 0 0 0 0 0 0 0 0 0 
546 9 0 0 0 0 0 0 0 0 0 0 0 
547 9 0 0 0 0 0 0 0 0 0 0 0 
548 9 0 0 0 0 0 0 0 0 0 0 0 
549 9 0 0 0 0 0 0 0 0 0 0 0 
550 9 0 0 0 0 0 0 0 0 0 0 0 
551 9 0 0 0 0 0 0 0 0 0 0 0 
552 9 0 0 0 0 0 0 0 0 0 0 0 
553 9 0 0 0 0 0 0 0 0 0 0 0 
554 9 0 0 0 0 0 0 0 0 0 0 0 
555 9 0 0 0 0 0 0 0 0 0 0 0 
556 9 0 0 0 0 0 0 0 0 0 0 0 
557 9 0 0 0 0 0 0 0 0 0 0 0 
558 9 0 0 0 0 0 0 0 0 0 0 0 
559 9 0 0 0 0 0 0 0 0 0 0 0 
560 9 0 0 0 0 0 0 0 0 0 0 0 
561 9 0 0 0 0 0 0 0 0 0 0 0 
562 9 0 0 0 0 0 0 0 0 0 0 0 
563 9 0 0 0 0 0 0 0 0 0 0 0 
564 9 0 0 0 0 0 0 0 0 0 0 0 
565 9 0 0 0 0 0 0 0 0 0 0 0 
566 9 0 0 0 0 0 0 0 0 0 0 0 
567 9 0 0 0 0 0 0 0 0 0 0 0 
568 9 0 0 0 0 0 0 0 0 0 0 0 
569 9 0 0 0 0 0 0 0 0 0 0 0 
570 9 0 0 0 0 0 0 0 0 0 0 0 
571 9 0 0 0 0 0 0 0 0 0 0 0 
572 9 0 0 0 0 0 0 0 0 0 0 0 
573 9 0 0 0 0 0 0 0 0 0 0 0 
574 9 0 0 0 0 0 0 0 0 0 0 0 
575 9 0 0 0 0 0 0 0 0 0 0 0 
576 9 0 0 0 0 0 0 0 0 0 0 0 
577 9 0 0 0 0 0 0 0 0 0 0 0 
578 9 0 0 0 0 0 0 0 0 0 0 0 
579 9 0 0 0 0 0 0 0 0 0 0 0 
580 9 0 0 0 0 0 0 0 0 0 0 0 
581 9 0 0 0 0 0 0 0 0 0 0 0 
582 9 0 0 0 0 0 0 0 0 0 0 0 
583 9 0 0 0 0 0 0 0 0 0 0 0 
584 9 0 0 0 0 0 0 0 0 0 0 0 
585 9 0 0 0 0 0 0 0 0 0 0 0 
586 9 0 0 0 0 0 0 0 0 0 0 0 
587 9 0 0 0 0 0 0 0 0 0 0 0 
588 9 0 0 0 0 0 0 0 0 0 0 0 
589 9 0 0 0 0 0 0 0 0 0 0 0 
590 9 0 0 0 0 0 0 0 0 0 0 0 
591 9 0 0 0 0 0 0 0 0 0 0 0 
592 9 0 0 0 0 0 0 0 0 0 0 0 
593 9 0 0 0 0 0 0 0 0 0 0 0 
594 9 0 0 0 0 0 0 0 0 0 0 0 
595 9 0 0 0 0 0 0 0 0 0 0 0 
596 9 0 0 0 0 0 0 0 0 0 0 0 
597 9 0 0 0 0 0 0 0 0 0 0 0 
598 9 0 0 0 0 0 0 0 0 0 0 0 
599 9 0 0 0 0 0 0 0 0 0 0 0 
600 9 0 0 0 0 0 0 0 0 0 0 0 
601 9 0 0 0 0 0 0 0 0 0 0 0 
602 9 0 0 0 0 0 0 0 0 0 0 0 
603 9 0 0 0 0 0 0 0 0 0 0 0 
604 9 0 0 0 0 0 0 0 0 0 0 0 
605 9 0 0 0 0 0 0 0 0 0 0 0 
606 9 0 0 0 0 0 0 0 0 0 0 0 
607 9 0 0 0 0 0 0 0 0 0 0 0 
608 9 0 0 0 0 0 0 0 0 0 0 0 
609 9 0 0 0 0 0 0 0 0 0 0 0 
610 9 0 0 0 0 0 0 0 0 0 0 0 
611 9 0 0 0 0 0 0 0 0 0 0 0 
612 9 0 0 0 0 0 0 0 0 0 0 0 
613 9 0 0 0 0 0 0 0 0 0 0 0 
614 9 0 0 0 0 0 0 0 0 0 0 0 
615 9 0 0 0 0 0 0 0 0 0 0 0 
616 9 0 0 0 0 0 0 0 0 0 0 0 
617 9 0 0 0 0 0 0 0 0 0 0 0 
618 9 0 0 0 0 0 0 0 0 0 0 0 
619 9 0 0 0 0 0 0 0 0 0 0 0 
620 9 0 0 0 0 0 0 0 0 0 0 0 
621 9 0 0 0 0 0 0 0 0 0 0 0 
622 9 0 0 0 0 0 0 0 0 0 0 0 
623 9 0 0 0 0 0 0 0 0 0 0 0 
624 9 0 0 0 0 0 0 0 0 0 0 0 
625 9 0 0 0 0 0 0 0 0 0 0 0 
626 9 0 0 0 0 0 0 0 0 0 0 0 
627 9 0 0 0 0 0 0 0 0 0 0 0 
628 9 0 0 0 0 0 0 0 0 0 0 0 
629 9 0 0 0 0 0 0 0 0 0 0 0 
630 9 0 0 0 0 0 0 0 0 0 0 0 
631 9 0 0 0 0 0 0 0 0 0 0 0 
632 9 0 0 0 0 0 0 0 0 0 0 0 
633 9 0 0 0 0 0 0 0 0 0 0 0 
634 9 0 0 0 0 0 0 0 0 0 0 0 
635 9 0 0 0 0 0 0 0 0 0 0 0 
636 9 0 0 0 0 0 0 0 0 0 0 0 
637 9 0 0 0 0 0 0 0 0 0 0 0 
638 9 0 0 0 0 0 0 0 0 0 0 0 
639 9 0 0 0 0 0 0 0 0 0 0 0 
640 9 0 0 0 0 0 0 0 0 0 0 0 
641 9 0 0 0 0 0 0 0 0 0 0 0 
642 9 0 0 0 0 0 0 0 0 0 0 0 
643 9 0 0 0 0 0 0 0 0 0 0 0 
644 9 0 0 0 0 0 0 0 0 0 0 0 
645 9 0 0 0 0 0 0 0 0 0 0 0 
646 9 0 0 0 0 0 0 0 0 0 0 0 
647 9 0 0 0 0 0 0 0 0 0 0 0 
648 9 0 0 0 0 0 0 0 0 0 0 0 
649 9 0 0 0 0 0 0 0 0 0 0 0 
650 9 0 0 0 0 0 0 0 0 0 0 0 
651 9 0 0 0 0 0 0 0 0 0 0 0 
652 9 0 0 0 0 0 0 0 0 0 0 0 
653 9 0 0 0 0 0 0 0 0 0 0 0 
654 9 0 0 0 0 0 0 0 0 0 0 0 
655 9 0 0 0 0 0 0 0 0 0 0 0 
656 9 0 0 0 0 0 0 0 0 0 0 0 
657 9 0 0 0 0 0 0 0 0 0 0 0 
658 9 0 0 0 0 0 0 0 0 0 0 0 
659 9 0 0 0 0 0 0 0 0 0 0 0 
660 9 0 0 0 0 0 0 0 0 0 0 0 
661 9 0 0 0 0 0 0 0 0 0 0 0 
662 9 0 0 0 0 0 0 0 0 0 0 0 
663 9 0 0 0 0 0 0 0 0 0 0 0 
664 9 0 0 0 0 0 0 0 0 0 0 0 
665 9 0 0 0 0 0 0 0 0 0 0 0 
666 9 0 0 0 0 0 0 0 0 0 0 0 
667 9 0 0 0 0 0 0 0 0 0 0 0 
668 9 0 0 0 0 0 0 0 0 0 0 0 
669 9 0 0 0 0 0 0 0 0 0 0 0 
670 9 0 0 0 0 0 0 0 0 0 0 0 
671 9 0 0 0 0 0 0 0 0 0 0 0 
672 9 0 0 0 0 0 0 0 0 0 0 0 
673 9 0 0 0 0 0 0 0 0 0 0 0 
674 9 0 0 0 0 0 0 0 0 0 0 0 
675 9 0 0 0 0 0 0 0 0 0 0 0 
676 9 0 0 0 0 0 0 0 0 0 0 0 
677 9 0 0 0 0 0 0 0 0 0 0 0 
678 9 0 0 0 0 0 0 0 0 0 0 0 
679 9 0 0 0 0 0 0 0 0 0 0 0 
680 9 0 0 0 0 0 0 0 0 0 0 0 
681 9 0 0 0 0 0 0 0 0 0 0 0 
682 9 0 0 0 0 0 0 0 0 0 0 0 
683 9 0 0 0 0 0 0 0 0 0 0 0 
684 9 0 0 0 0 0 0 0 0 0 0 0 
685 9 0 0 0 0 0 0 0 0 0 0 0 
686 9 0 0 0 0 0 0 0 0 0 0 0 
687 9 0 0 0 0 0 0 0 0 0 0 0 
688 9 0 0 0 0 0 0 0 0 0 0 0 
689 9 0 0 0 0 0 0 0 0 0 0 0 
690 9 0 0 0 0 0 0 0 0 0 0 0 
691 9 0 0 0 0 0 0 0 0 0 0 0 
692 9 0 0 0 0 0 0 0 0 0 0 0 
693 9 0 0 0 0 0 0 0 0 0 0 0 
694 9 0 0 0 0 0 0 0 0 0 0 0 
695 9 0 0 0 0 0 0 0 0 0 0 0 
696 9 0 0 0 0 0 0 0 0 0 0 0 
697 9 0 0 0 0 0 0 0 0 0 0 0 
698 9 0 0 0 0 0 0 0 0 0 0 0 
699 9 0 0 0 0 0 0 0 0 0 0 0 
700 9 0 0 0 0 0 0 0 0 0 0 0 
701 9 0 0 0 0 0 0 0 0 0 0 0 
702 9 0 0 0 0 0 0 0 0 0 0 0 
703 9 0 0 0 0 0 0 0 0 0 0 0 
704 9 0 0 0 0 0 0 0 0 0 0 0 
705 9 0 0 0 0 0 0 0 0 0 0 0 
706 9 0 0 0 0 0 0 0 0 0 0 0 
707 9 0 0 0 0 0 0 0 0 0 0 0 
708 9 0 0 0 0 0 0 0 0 0 0 0 
709 9 0 0 0 0 0 0 0 0 0 0 0 
710 9 0 0 0 0 0 0 0 0 0 0 0 
711 9 0 0 0 0 0 0 0 0 0 0 0 
712 9 0 0 0 0 0 0 0 0 0 0 0 
713 9 0 0 0 0 0 0 0 0 0 0 0 
714 9 0 0 0 0 0 0 0 0 0 0 0 
715 9 0 0 0 0 0 0 0 0 0 0 0 
716 9 0 0 0 0 0 0 0 0 0 0 0 
717 9 0 0 0 0 0 0 0 0 0 0 0 
718 9 0 0 0 0 0 0 0 0 0 0 0 
719 9 0 0 0 0 0 0 0 0 0 0 0 
720 9 0 0 0 0 0 0 0 0 0 0 0 
721 9 0 0 0 0 0 0 0 0 0 0 0 
722 9 0 0 0 0 0 0 0 0 0 0 0 
723 9 0 0 0 0 0 0 0 0 0 0 0 
724 9 0 0 0 0 0 0 0 0 0 0 0 
725 9 0 0 0 0 0 0 0 0 0 0 0 
726 9 0 0 0 0 0 0 0 0 0 0 0 
727 9 0 0 0 0 0 0 0 0 0 0 0 
728 9 0 0 0 0 0 0 0 0 0 0 0 
729 9 0 0 0 0 0 0 0 0 0 0 0 
730 9 0 0 0 0 0 0 0 0 0 0 0 
731 9 0 0 0 0 0 0 0 0 0 0 0 
732 9 0 0 0 0 0 0 0 0 0 0 0 
733 9 0 0 0 0 0 0 0 0 0 0 0 
734 9 0 0 0 0 0 0 0 0 0 0 0 
735 9 0 0 0 0 0 0 0 0 0 0 0 
736 9 0 0 0 0 0 0 0 0 0 0 0 
737 9 0 0 0 0 0 0 0 0 0 0 0 
738 9 0 0 0 0 0 0 0 0 0 0 0 
739 9 0 0 0 0 0 0 0 0 0 0 0 
740 9 0 0 0 0 0 0 0 0 0 0 0 
741 9 0 0 0 0 0 0 0 0 0 0 0 
742 9 0 0 0 0 0 0 0 0 0 0 0 
743 9 0 0 0 0 0 0 0 0 0 0 0 
744 9 0 0 0 0 0 0 0 0 0 0 0 
745 9 0 0 0 0 0 0 0 0 0 0 0 
746 9 0 0 0 0 0 0 0 0 0 0 0 
747 9 0 0 0 0 0 0 0 0 0 0 0 
748 9 0 0 0 0 0 0 0 0 0 0 0 
749 9 0 0 0 0 0 0 0 0 0 0 0 
750 9 0 0 0 0 0 0 0 0 0 0 0 
751 9 0 0 0 0 0 0 0 0 0 0 0 
752 9 0 0 0 0 0 0 0 0 0 0 0 
753 9 0 0 0 0 0 0 0 0 0 0 0 
754 9 0 0 0 0 0 0 0 0 0 0 0 
755 9 0 0 0 0 0 0 0 0 0 0 0 
756 9 0 0 0 0 0 0 0 0 0 0 0 
757 9 0 0 0 0 0 0 0 0 0 0 0 
758 9 0 0 0 0 0 0 0 0 0 0 0 
759 9 0 0 0 0 0 0 0 0 0 0 0 
760 9 0 0 0 0 0 0 0 0 0 0 0 
761 9 0 0 0 0 0 0 0 0 0 0 0 
762 9 0 0 0 0 0 0 0 0 0 0 0 
763 9 0 0 0 0 0 0 0 0 0 0 0 
764 9 0 0 0 0 0 0 0 0 0 0 0 
765 9 0 0 0 0 0 0 0 0 0 0 0 
766 9 0 0 0 0 0 0 0 0 0 0 0 
767 9 0 0 0 0 0 0 0 0 0 0 0 
768 9 0 0 0 0 0 0 0 0 0 0 0 
769 9 0 0 0 0 0 0 0 0 0 0 0 
770 9 0 0 0 0 0 0 0 0 0 0 0 
771 9 0 0 0 0 0 0 0 0 0 0 0 
772 9 0 0 0 0 0 0 0 0 0 0 0 
773 9 0 0 0 0 0 0 0 0 0 0 0 
774 9 0 0 0 0 0 0 0 0 0 0 0 
775 9 0 0 0 0 0 0 0 0 0 0 0 
776 9 0 0 0 0 0 0 0 0 0 0 0 
777 9 0 0 0 0 0 0 0 0 0 0 0 
778 9 0 0 0 0 0 0 0 0 0 0 0 
779 9 0 0 0 0 0 0 0 0 0 0 0 
780 9 0 0 0 0 0 0 0 0 0 0 0 
781 9 0 0 0 0 0 0 0 0 0 0 0 
782 9 0 0 0 0 0 0 0 0 0 0 0 
783 9 0 0 0 0 0 0 0 0 0 0 0 
784 9 0 0 0 0 0 0 0 0 0 0 0 
785 9 0 0 0 0 0 0 0 0 0 0 0 
786 9 0 0 0 0 0 0 0 0 0 0 0 
787 9 0 0 0 0 0 0 0 0 0 0 0 
788 9 0 0 0 0 0 0 0 0 0 0 0 
789 9 0 0 0 0 0 0 0 0 0 0 0 
790 9 0 0 0 0 0 0 0 0 0 0 0 
791 9 0 0 0 0 0 0 0 0 0 0 0 
792 9 0 0 0 0 0 0 0 0 0 0 0 
793 9 0 0 0 0 0 0 0 0 0 0 0 
794 9 0 0 0 0 0 0 0 0 0 0 0 
795 9 0 0 0 0 0 0 0 0 0 0 0 
796 9 0 0 0 0 0 0 0 0 0 0 0 
797 9 0 0 0 0 0 0 0 0 0 0 0 
798 9 0 0 0 0 0 0 0 0 0 0 0 
799 9 0 0 0 0 0 0 0 0 0 0 0 
800 9 0 0 0 0 0 0 0 0 0 0 0 
801 9 0 0 0 0 0 0 0 0 0 0 0 
802 9 0 0 0 0 0 0 0 0 0 0 0 
803 9 -1 41 1 16 -1 -1 -1 -1 -1 1 -7 
804 9 -1 188 1 18 -1 -1 -1 -1 -1 2 -10 
805 9 0 0 0 0 0 0 0 0 0 0 0 
806 9 0 0 0 0 0 0 0 0 0 0 0 
807 9 0 0 0 0 0 0 0 0 0 0 0 
808 9 0 0 0 0 0 0 0 0 0 0 0 
809 9 0 0 0 0 0 0 0 0 0 0 0 
810 9 0 0 0 0 0 0 0 0 0 0 0 
811 9 0 0 0 0 0 0 0 0 0 0 0 
812 9 0 0 0 0 0 0 0 0 0 0 0 
813 9 0 0 0 0 0 0 0 0 0 0 0 
814 9 0 0 0 0 0 0 0 0 0 0 0 
815 9 0 0 0 0 0 0 0 0 0 0 0 
816 9 0 0 0 0 0 0 0 0 0 0 0 
817 9 0 0 0 0 0 0 0 0 0 0 0 
818 9 0 0 0 0 0 0 0 0 0 0 0 
819 9 0 0 0 0 0 0 0 0 0 0 0 
820 9 0 0 0 0 0 0 0 0 0 0 0 
821 9 0 0 0 0 0 0 0 0 0 0 0 
822 9 0 0 0 0 0 0 0 0 0 0 0 
823 9 0 0 0 0 0 0 0 0 0 0 0 
824 9 0 0 0 0 0 0 0 0 0 0 0 
825 9 0 0 0 0 0 0 0 0 0 0 0 
826 9 0 0 0 0 0 0 0 0 0 0 0 
827 9 0 0 0 0 0 0 0 0 0 0 0 
828 9 0 0 0 0 0 0 0 0 0 0 0 
829 9 12 0 0 0 0 0 0 0 0 0 0 
830 9 -1 75 2 17 -1 -1 -1 -1 -1 3 50 
831 9 0 0 0 0 0 0 0 0 0 0 0 
832 9 0 0 0 0 0 0 0 0 0 0 0 
833 9 0 0 0 0 0 0 0 0 0 0 0 
834 9 0 0 0 0 0 0 0 0 0 0 0 
835 9 0 0 0 0 0 0 0 0 0 0 0 
836 9 0 0 0 0 0 0 0 0 0 0 0 
837 9 0 0 0 0 0 0 0 0 0 0 0 
838 9 0 0 0 0 0 0 0 0 0 0 0 
839 9 0 0 0 0 0 0 0 0 0 0 0 
840 9 0 0 0 0 0 0 0 0 0 0 0 
841 9 0 0 0 0 0 0 0 0 0 0 0 
842 9 0 0 0 0 0 0 0 0 0 0 0 
843 9 0 0 0 0 0 0 0 0 0 0 0 
844 9 0 0 0 0 0 0 0 0 0 0 0 
845 9 0 0 0 0 0 0 0 0 0 0 0 
846 9 0 0 0 0 0 0 0 0 0 0 0 
847 9 0 0 0 0 0 0 0 0 0 0 0 
848 9 0 0 0 0 0 0 0 0 0 0 0 
849 9 0 0 0 0 0 0 0 0 0 0 0 
850 9 0 0 0 0 0 0 0 0 0 0 0 
851 9 0 0 0 0 0 0 0 0 0 0 0 
852 9 0 0 0 0 0 0 0 0 0 0 0 
853 9 0 0 0 0 0 0 0 0 0 0 0 
854 9 0 0 0 0 0 0 0 0 0 0 0 
855 9 0 0 0 0 0 0 0 0 0 0 0 
856 9 0 0 0 0 0 0 0 0 0 0 0 
857 9 0 0 0 0 0 0 0 0 0 0 0 
858 9 0 0 0 0 0 0 0 0 0 0 0 
859 9 0 0 0 0 0 0 0 0 0 0 0 
860 9 0 0 0 0 0 0 0 0 0 0 0 
861 9 0 0 0 0 0 0 0 0 0 0 0 
862 9 0 0 0 0 0 0 0 0 0 0 0 
863 9 -1 18 2 14 -1 -1 -1 -1 -1 2 4763 
864 9 -1 297 4 20 -1 -1 -1 -1 -1 0 4872 
865 9 0 0 0 0 0 0 0 0 0 0 0 
866 9 0 0 0 0 0 0 0 0 0 0 0 
867 9 -1 85 2 28 -1 -1 -1 -1 -1 3 366 
868 9 -1 133 2 20 -1 -1 -1 -1 -1 0 714 
869 9 -1 25 3 25 -1 -1 -1 -1 -1 0 -13 
870 9 -1 245 2 27 -1 -1 -1 -1 -1 3 17 
871 9 0 0 0 0 0 0 0 0 0 0 0 
872 9 0 0 0 0 0 0 0 0 0 0 0 
873 9 0 0 0 0 0 0 0 0 0 0 0 
874 9 0 0 0 0 0 0 0 0 0 0 0 
875 9 0 0 0 0 0 0 0 0 0 0 0 
876 9 0 0 0 0 0 0 0 0 0 0 0 
877 9 0 0 0 0 0 0 0 0 0 0 0 
878 9 0 0 0 0 0 0 0 0 0 0 0 
879 9 0 0 0 0 0 0 0 0 0 0 0 
880 9 0 0 0 0 0 0 0 0 0 0 0 
881 9 0 0 0 0 0 0 0 0 0 0 0 
882 9 0 0 0 0 0 0 0 0 0 0 0 
883 9 0 0 0 0 0 0 0 0 0 0 0 
884 9 0 0 0 0 0 0 0 0 0 0 0 
885 9 0 0 0 0 0 0 0 0 0 0 0 
886 9 0 0 0 0 0 0 0 0 0 0 0 
887 9 0 0 0 0 0 0 0 0 0 0 0 
888 9 0 0 0 0 0 0 0 0 0 0 0 
889 9 0 0 0 0 0 0 0 0 0 0 0 
890 9 0 0 0 0 0 0 0 0 0 0 0 
891 9 0 0 0 0 0 0 0 0 0 0 0 
892 9 0 0 0 0 0 0 0 0 0 0 0 
893 9 0 0 0 0 0 0 0 0 0 0 0 
894 9 0 0 0 0 0 0 0 0 0 0 0 
895 9 0 0 0 0 0 0 0 0 0 0 0 
896 9 0 0 0 0 0 0 0 0 0 0 0 
897 9 0 0 0 0 0 0 0 0 0 0 0 
898 9 0 0 0 0 0 0 0 0 0 0 0 
899 9 0 0 0 0 0 0 0 0 0 0 0 
900 9 0 0 0 0 0 0 0 0 0 0 0 
901 9 0 0 0 0 0 0 0 0 0 0 0 
902 9 0 0 0 0 0 0 0 0 0 0 0 
903 9 0 0 0 0 0 0 0 0 0 0 0 
904 9 0 0 0 0 0 0 0 0 0 0 0 
905 9 0 0 0 0 0 0 0 0 0 0 0 
906 9 0 0 0 0 0 0 0 0 0 0 0 
907 9 0 0 0 0 0 0 0 0 0 0 0 
908 9 0 0 0 0 0 0 0 0 0 0 0 
909 9 0 0 0 0 0 0 0 0 0 0 0 
910 9 0 0 0 0 0 0 0 0 0 0 0 
911 9 0 0 0 0 0 0 0 0 0 0 0 
912 9 0 0 0 0 0 0 0 0 0 0 0 
913 9 0 0 0 0 0 0 0 0 0 0 0 
914 9 0 0 0 0 0 0 0 0 0 0 0 
915 9 0 0 0 0 0 0 0 0 0 0 0 
916 9 0 0 0 0 0 0 0 0 0 0 0 
917 9 0 0 0 0 0 0 0 0 0 0 0 
918 9 0 0 0 0 0 0 0 0 0 0 0 
919 9 0 0 0 0 0 0 0 0 0 0 0 
920 9 0 0 0 0 0 0 0 0 0 0 0 
921 9 0 0 0 0 0 0 0 0 0 0 0 
922 9 0 0 0 0 0 0 0 0 0 0 0 
923 9 0 0 0 0 0 0 0 0 0 0 0 
924 9 0 0 0 0 0 0 0 0 0 0 0 
925 9 0 0 0 0 0 0 0 0 0 0 0 
926 9 0 0 0 0 0 0 0 0 0 0 0 
927 9 -1 92 4 32 -1 -1 -1 -1 -1 2 5157 
928 9 37 0 0 0 0 0 0 0 0 0 0 
929 9 0 0 0 0 0 0 0 0 0 0 0 
930 9 0 0 0 0 0 0 0 0 0 0 0 
931 9 0 0 0 0 0 0 0 0 0 0 0 
932 9 0 0 0 0 0 0 0 0 0 0 0 
933 9 0 0 0 0 0 0 0 0 0 0 0 
934 9 0 0 0 0 0 0 0 0 0 0 0 
935 9 0 0 0 0 0 0 0 0 0 0 0 
936 9 0 0 0 0 0 0 0 0 0 0 0 
937 9 0 0 0 0 0 0 0 0 0 0 0 
938 9 0 0 0 0 0 0 0 0 0 0 0 
939 9 0 0 0 0 0 0 0 0 0 0 0 
940 9 0 0 0 0 0 0 0 0 0 0 0 
941 9 0 0 0 0 0 0 0 0 0 0 0 
942 9 0 0 0 0 0 0 0 0 0 0 0 
943 9 0 0 0 0 0 0 0 0 0 0 0 
944 9 0 0 0 0 0 0 0 0 0 0 0 
945 9 0 0 0 0 0 0 0 0 0 0 0 
946 9 0 0 0 0 0 0 0 0 0 0 0 
947 9 0 0 0 0 0 0 0 0 0 0 0 
948 9 0 0 0 0 0 0 0 0 0 0 0 
949 9 0 0 0 0 0 0 0 0 0 0 0 
950 9 0 0 0 0 0 0 0 0 0 0 0 
951 9 0 0 0 0 0 0 0 0 0 0 0 
952 9 0 0 0 0 0 0 0 0 0 0 0 
953 9 0 0 0 0 0 0 0 0 0 0 0 
954 9 0 0 0 0 0 0 0 0 0 0 0 
955 9 0 0 0 0 0 0 0 0 0 0 0 
956 9 0 0 0 0 0 0 0 0 0 0 0 
957 9 0 0 0 0 0 0 0 0 0 0 0 
958 9 0 0 0 0 0 0 0 0 0 0 0 
959 9 0 0 0 0 0 0 0 0 0 0 0 
960 9 0 0 0 0 0 0 0 0 0 0 0 
961 9 0 0 0 0 0 0 0 0 0 0 0 
962 9 0 0 0 0 0 0 0 0 0 0 0 
963 9 0 0 0 0 0 0 0 0 0 0 0 
964 9 0 0 0 0 0 0 0 0 0 0 0 
965 9 0 0 0 0 0 0 0 0 0 0 0 
966 9 0 0 0 0 0 0 0 0 0 0 0 
967 9 0 0 0 0 0 0 0 0 0 0 0 
968 9 0 0 0 0 0 0 0 0 0 0 0 
969 9 0 0 0 0 0 0 0 0 0 0 0 
970 9 0 0 0 0 0 0 0 0 0 0 0 
971 9 0 0 0 0 0 0 0 0 0 0 0 
972 9 0 0 0 0 0 0 0 0 0 0 0 
973 9 0 0 0 0 0 0 0 0 0 0 0 
974 9 0 0 0 0 0 0 0 0 0 0 0 
975 9 0 0 0 0 0 0 0 0 0 0 0 
976 9 0 0 0 0 0 0 0 0 0 0 0 
977 9 0 0 0 0 0 0 0 0 0 0 0 
978 9 0 0 0 0 0 0 0 0 0 0 0 
979 9 0 0 0 0 0 0 0 0 0 0 0 
980 9 0 0 0 0 0 0 0 0 0 0 0 
981 9 0 0 0 0 0 0 0 0 0 0 0 
982 9 0 0 0 0 0 0 0 0 0 0 0 
983 9 0 0 0 0 0 0 0 0 0 0 0 
984 9 0 0 0 0 0 0 0 0 0 0 0 
985 9 0 0 0 0 0 0 0 0 0 0 0 
986 9 0 0 0 0 0 0 0 0 0 0 0 
987 9 0 0 0 0 0 0 0 0 0 0 0 
988 9 0 0 0 0 0 0 0 0 0 0 0 
989 9 0 0 0 0 0 0 0 0 0 0 0 
990 9 0 0 0 0 0 0 0 0 0 0 0 
991 9 0 0 0 0 0 0 0 0 0 0 0 
992 9 0 0 0 0 0 0 0 0 0 0 0 
993 9 0 0 0 0 0 0 0 0 0 0 0 
994 9 0 0 0 0 0 0 0 0 0 0 0 
995 9 0 0 0 0 0 0 0 0 0 0 0 
996 9 0 0 0 0 0 0 0 0 0 0 0 
997 9 0 0 0 0 0 0 0 0 0 0 0 
998 9 0 0 0 0 0 0 0 0 0 0 0 
999 9 0 0 0 0 0 0 0 0 0 0 0 
1000 9 0 0 0 0 0 0 0 0 0 0 0 
1001 9 0 0 0 0 0 0 0 0 0 0 0 
1002 9 0 0 0 0 0 0 0 0 0 0 0 
1003 9 0 0 0 0 0 0 0 0 0 0 0 
1004 9 0 0 0 0 0 0 0 0 0 0 0 
1005 9 0 0 0 0 0 0 0 0 0 0 0 
1006 9 0 0 0 0 0 0 0 0 0 0 0 
1007 9 0 0 0 0 0 0 0 0 0 0 0 
1008 9 0 0 0 0 0 0 0 0 0 0 0 
1009 9 0 0 0 0 0 0 0 0 0 0 0 
1010 9 0 0 0 0 0 0 0 0 0 0 0 
1011 9 0 0 0 0 0 0 0 0 0 0 0 
1012 9 0 0 0 0 0 0 0 0 0 0 0 
1013 9 0 0 0 0 0 0 0 0 0 0 0 
1014 9 0 0 0 0 0 0 0 0 0 0 0 
1015 9 0 0 0 0 0 0 0 0 0 0 0 
1016 9 0 0 0 0 0 0 0 0 0 0 0 
1017 9 0 0 0 0 0 0 0 0 0 0 0 
1018 9 0 0 0 0 0 0 0 0 0 0 0 
1019 9 0 0 0 0 0 0 0 0 0 0 0 
1020 9 0 0 0 0 0 0 0 0 0 0 0 
1021 9 0 0 0 0 0 0 0 0 0 0 0 
1022 9 0 0 0 0 0 0 0 0 0 0 0 
1023 10 0 0 0 0 0 0 0 0 0 0 0 
1024 10 0 0 0 0 0 0 0 0 0 0 0 
1025 10 0 0 0 0 0 0 0 0 0 0 0 
1026 10 0 0 0 0 0 0 0 0 0 0 0 
1027 10 0 0 0 0 0 0 0 0 0 0 0 
1028 10 0 0 0 0 0 0 0 0 0 0 0 
1029 10 0 0 0 0 0 0 0 0 0 0 0 
1030 10 0 0 0 0 0 0 0 0 0 0 0 
1031 10 0 0 0 0 0 0 0 0 0 0 0 
1032 10 0 0 0 0 0 0 0 0 0 0 0 
1033 10 0 0 0 0 0 0 0 0 0 0 0 
1034 10 0 0 0 0 0 0 0 0 0 0 0 
1035 10 0 0 0 0 0 0 0 0 0 0 0 
1036 10 0 0 0 0 0 0 0 0 0 0 0 
1037 10 0 0 0 0 0 0 0 0 0 0 0 
1038 10 0 0 0 0 0 0 0 0 0 0 0 
1039 10 0 0 0 0 0 0 0 0 0 0 0 
1040 10 0 0 0 0 0 0 0 0 0 0 0 
1041 10 0 0 0 0 0 0 0 0 0 0 0 
1042 10 0 0 0 0 0 0 0 0 0 0 0 
1043 10 0 0 0 0 0 0 0 0 0 0 0 
1044 10 0 0 0 0 0 0 0 0 0 0 0 
1045 10 0 0 0 0 0 0 0 0 0 0 0 
1046 10 0 0 0 0 0 0 0 0 0 0 0 
1047 10 0 0 0 0 0 0 0 0 0 0 0 
1048 10 0 0 0 0 0 0 0 0 0 0 0 
1049 10 0 0 0 0 0 0 0 0 0 0 0 
1050 10 0 0 0 0 0 0 0 0 0 0 0 
1051 10 0 0 0 0 0 0 0 0 0 0 0 
1052 10 0 0 0 0 0 0 0 0 0 0 0 
1053 10 0 0 0 0 0 0 0 0 0 0 0 
1054 10 0 0 0 0 0 0 0 0 0 0 0 
1055 10 0 0 0 0 0 0 0 0 0 0 0 
1056 10 0 0 0 0 0 0 0 0 0 0 0 
1057 10 0 0 0 0 0 0 0 0 0 0 0 
1058 10 0 0 0 0 0 0 0 0 0 0 0 
1059 10 0 0 0 0 0 0 0 0 0 0 0 
1060 10 0 0 0 0 0 0 0 0 0 0 0 
1061 10 0 0 0 0 0 0 0 0 0 0 0 
1062 10 0 0 0 0 0 0 0 0 0 0 0 
1063 10 0 0 0 0 0 0 0 0 0 0 0 
1064 10 0 0 0 0 0 0 0 0 0 0 0 
1065 10 0 0 0 0 0 0 0 0 0 0 0 
1066 10 0 0 0 0 0 0 0 0 0 0 0 
1067 10 0 0 0 0 0 0 0 0 0 0 0 
1068 10 0 0 0 0 0 0 0 0 0 0 0 
1069 10 0 0 0 0 0 0 0 0 0 0 0 
1070 10 0 0 0 0 0 0 0 0 0 0 0 
1071 10 0 0 0 0 0 0 0 0 0 0 0 
1072 10 0 0 0 0 0 0 0 0 0 0 0 
1073 10 0 0 0 0 0 0 0 0 0 0 0 
1074 10 0 0 0 0 0 0 0 0 0 0 0 
1075 10 0 0 0 0 0 0 0 0 0 0 0 
1076 10 0 0 0 0 0 0 0 0 0 0 0 
1077 10 0 0 0 0 0 0 0 0 0 0 0 
1078 10 0 0 0 0 0 0 0 0 0 0 0 
1079 10 0 0 0 0 0 0 0 0 0 0 0 
1080 10 0 0 0 0 0 0 0 0 0 0 0 
1081 10 0 0 0 0 0 0 0 0 0 0 0 
1082 10 0 0 0 0 0 0 0 0 0 0 0 
1083 10 0 0 0 0 0 0 0 0 0 0 0 
1084 10 0 0 0 0 0 0 0 0 0 0 0 
1085 10 0 0 0 0 0 0 0 0 0 0 0 
1086 10 0 0 0 0 0 0 0 0 0 0 0 
1087 10 0 0 0 0 0 0 0 0 0 0 0 
1088 10 0 0 0 0 0 0 0 0 0 0 0 
1089 10 0 0 0 0 0 0 0 0 0 0 0 
1090 10 0 0 0 0 0 0 0 0 0 0 0 
1091 10 0 0 0 0 0 0 0 0 0 0 0 
1092 10 0 0 0 0 0 0 0 0 0 0 0 
1093 10 0 0 0 0 0 0 0 0 0 0 0 
1094 10 0 0 0 0 0 0 0 0 0 0 0 
1095 10 0 0 0 0 0 0 0 0 0 0 0 
1096 10 0 0 0 0 0 0 0 0 0 0 0 
1097 10 0 0 0 0 0 0 0 0 0 0 0 
1098 10 0 0 0 0 0 0 0 0 0 0 0 
1099 10 0 0 0 0 0 0 0 0 0 0 0 
1100 10 0 0 0 0 0 0 0 0 0 0 0 
1101 10 0 0 0 0 0 0 0 0 0 0 0 
1102 10 0 0 0 0 0 0 0 0 0 0 0 
1103 10 0 0 0 0 0 0 0 0 0 0 0 
1104 10 0 0 0 0 0 0 0 0 0 0 0 
1105 10 0 0 0 0 0 0 0 0 0 0 0 
1106 10 0 0 0 0 0 0 0 0 0 0 0 
1107 10 0 0 0 0 0 0 0 0 0 0 0 
1108 10 0 0 0 0 0 0 0 0 0 0 0 
1109 10 0 0 0 0 0 0 0 0 0 0 0 
1110 10 0 0 0 0 0 0 0 0 0 0 0 
1111 10 0 0 0 0 0 0 0 0 0 0 0 
1112 10 0 0 0 0 0 0 0 0 0 0 0 
1113 10 0 0 0 0 0 0 0 0 0 0 0 
1114 10 0 0 0 0 0 0 0 0 0 0 0 
1115 10 0 0 0 0 0 0 0 0 0 0 0 
1116 10 0 0 0 0 0 0 0 0 0 0 0 
1117 10 0 0 0 0 0 0 0 0 0 0 0 
1118 10 0 0 0 0 0 0 0 0 0 0 0 
1119 10 0 0 0 0 0 0 0 0 0 0 0 
1120 10 0 0 0 0 0 0 0 0 0 0 0 
1121 10 0 0 0 0 0 0 0 0 0 0 0 
1122 10 0 0 0 0 0 0 0 0 0 0 0 
1123 10 0 0 0 0 0 0 0 0 0 0 0 
1124 10 0 0 0 0 0 0 0 0 0 0 0 
1125 10 0 0 0 0 0 0 0 0 0 0 0 
1126 10 0 0 0 0 0 0 0 0 0 0 0 
1127 10 0 0 0 0 0 0 0 0 0 0 0 
1128 10 0 0 0 0 0 0 0 0 0 0 0 
1129 10 0 0 0 0 0 0 0 0 0 0 0 
1130 10 0 0 0 0 0 0 0 0 0 0 0 
1131 10 0 0 0 0 0 0 0 0 0 0 0 
1132 10 0 0 0 0 0 0 0 0 0 0 0 
1133 10 0 0 0 0 0 0 0 0 0 0 0 
1134 10 0 0 0 0 0 0 0 0 0 0 0 
1135 10 0 0 0 0 0 0 0 0 0 0 0 
1136 10 0 0 0 0 0 0 0 0 0 0 0 
1137 10 0 0 0 0 0 0 0 0 0 0 0 
1138 10 0 0 0 0 0 0 0 0 0 0 0 
1139 10 0 0 0 0 0 0 0 0 0 0 0 
1140 10 0 0 0 0 0 0 0 0 0 0 0 
1141 10 0 0 0 0 0 0 0 0 0 0 0 
1142 10 0 0 0 0 0 0 0 0 0 0 0 
1143 10 0 0 0 0 0 0 0 0 0 0 0 
1144 10 0 0 0 0 0 0 0 0 0 0 0 
1145 10 0 0 0 0 0 0 0 0 0 0 0 
1146 10 0 0 0 0 0 0 0 0 0 0 0 
1147 10 0 0 0 0 0 0 0 0 0 0 0 
1148 10 0 0 0 0 0 0 0 0 0 0 0 
1149 10 0 0 0 0 0 0 0 0 0 0 0 
1150 10 0 0 0 0 0 0 0 0 0 0 0 
1151 10 0 0 0 0 0 0 0 0 0 0 0 
1152 10 0 0 0 0 0 0 0 0 0 0 0 
1153 10 0 0 0 0 0 0 0 0 0 0 0 
1154 10 0 0 0 0 0 0 0 0 0 0 0 
1155 10 0 0 0 0 0 0 0 0 0 0 0 
1156 10 0 0 0 0 0 0 0 0 0 0 0 
1157 10 0 0 0 0 0 0 0 0 0 0 0 
1158 10 0 0 0 0 0 0 0 0 0 0 0 
1159 10 0 0 0 0 0 0 0 0 0 0 0 
1160 10 0 0 0 0 0 0 0 0 0 0 0 
1161 10 0 0 0 0 0 0 0 0 0 0 0 
1162 10 0 0 0 0 0 0 0 0 0 0 0 
1163 10 0 0 0 0 0 0 0 0 0 0 0 
1164 10 0 0 0 0 0 0 0 0 0 0 0 
1165 10 0 0 0 0 0 0 0 0 0 0 0 
1166 10 0 0 0 0 0 0 0 0 0 0 0 
1167 10 0 0 0 0 0 0 0 0 0 0 0 
1168 10 0 0 0 0 0 0 0 0 0 0 0 
1169 10 0 0 0 0 0 0 0 0 0 0 0 
1170 10 0 0 0 0 0 0 0 0 0 0 0 
1171 10 0 0 0 0 0 0 0 0 0 0 0 
1172 10 0 0 0 0 0 0 0 0 0 0 0 
1173 10 0 0 0 0 0 0 0 0 0 0 0 
1174 10 0 0 0 0 0 0 0 0 0 0 0 
1175 10 0 0 0 0 0 0 0 0 0 0 0 
1176 10 0 0 0 0 0 0 0 0 0 0 0 
1177 10 0 0 0 0 0 0 0 0 0 0 0 
1178 10 0 0 0 0 0 0 0 0 0 0 0 
1179 10 0 0 0 0 0 0 0 0 0 0 0 
1180 10 0 0 0 0 0 0 0 0 0 0 0 
1181 10 0 0 0 0 0 0 0 0 0 0 0 
1182 10 0 0 0 0 0 0 0 0 0 0 0 
1183 10 0 0 0 0 0 0 0 0 0 0 0 
1184 10 0 0 0 0 0 0 0 0 0 0 0 
1185 10 0 0 0 0 0 0 0 0 0 0 0 
1186 10 0 0 0 0 0 0 0 0 0 0 0 
1187 10 0 0 0 0 0 0 0 0 0 0 0 
1188 10 0 0 0 0 0 0 0 0 0 0 0 
1189 10 0 0 0 0 0 0 0 0 0 0 0 
1190 10 0 0 0 0 0 0 0 0 0 0 0 
1191 10 0 0 0 0 0 0 0 0 0 0 0 
1192 10 0 0 0 0 0 0 0 0 0 0 0 
1193 10 0 0 0 0 0 0 0 0 0 0 0 
1194 10 0 0 0 0 0 0 0 0 0 0 0 
1195 10 0 0 0 0 0 0 0 0 0 0 0 
1196 10 0 0 0 0 0 0 0 0 0 0 0 
1197 10 0 0 0 0 0 0 0 0 0 0 0 
1198 10 0 0 0 0 0 0 0 0 0 0 0 
1199 10 0 0 0 0 0 0 0 0 0 0 0 
1200 10 0 0 0 0 0 0 0 0 0 0 0 
1201 10 0 0 0 0 0 0 0 0 0 0 0 
1202 10 0 0 0 0 0 0 0 0 0 0 0 
1203 10 0 0 0 0 0 0 0 0 0 0 0 
1204 10 0 0 0 0 0 0 0 0 0 0 0 
1205 10 0 0 0 0 0 0 0 0 0 0 0 
1206 10 0 0 0 0 0 0 0 0 0 0 0 
1207 10 0 0 0 0 0 0 0 0 0 0 0 
1208 10 0 0 0 0 0 0 0 0 0 0 0 
1209 10 0 0 0 0 0 0 0 0 0 0 0 
1210 10 0 0 0 0 0 0 0 0 0 0 0 
1211 10 0 0 0 0 0 0 0 0 0 0 0 
1212 10 0 0 0 0 0 0 0 0 0 0 0 
1213 10 0 0 0 0 0 0 0 0 0 0 0 
1214 10 0 0 0 0 0 0 0 0 0 0 0 
1215 10 0 0 0 0 0 0 0 0 0 0 0 
1216 10 0 0 0 0 0 0 0 0 0 0 0 
1217 10 0 0 0 0 0 0 0 0 0 0 0 
1218 10 0 0 0 0 0 0 0 0 0 0 0 
1219 10 0 0 0 0 0 0 0 0 0 0 0 
1220 10 0 0 0 0 0 0 0 0 0 0 0 
1221 10 0 0 0 0 0 0 0 0 0 0 0 
1222 10 0 0 0 0 0 0 0 0 0 0 0 
1223 10 0 0 0 0 0 0 0 0 0 0 0 
1224 10 0 0 0 0 0 0 0 0 0 0 0 
1225 10 0 0 0 0 0 0 0 0 0 0 0 
1226 10 0 0 0 0 0 0 0 0 0 0 0 
1227 10 0 0 0 0 0 0 0 0 0 0 0 
1228 10 0 0 0 0 0 0 0 0 0 0 0 
1229 10 0 0 0 0 0 0 0 0 0 0 0 
1230 10 0 0 0 0 0 0 0 0 0 0 0 
1231 10 0 0 0 0 0 0 0 0 0 0 0 
1232 10 0 0 0 0 0 0 0 0 0 0 0 
1233 10 0 0 0 0 0 0 0 0 0 0 0 
1234 10 0 0 0 0 0 0 0 0 0 0 0 
1235 10 0 0 0 0 0 0 0 0 0 0 0 
1236 10 0 0 0 0 0 0 0 0 0 0 0 
1237 10 0 0 0 0 0 0 0 0 0 0 0 
1238 10 0 0 0 0 0 0 0 0 0 0 0 
1239 10 0 0 0 0 0 0 0 0 0 0 0 
1240 10 0 0 0 0 0 0 0 0 0 0 0 
1241 10 0 0 0 0 0 0 0 0 0 0 0 
1242 10 0 0 0 0 0 0 0 0 0 0 0 
1243 10 0 0 0 0 0 0 0 0 0 0 0 
1244 10 0 0 0 0 0 0 0 0 0 0 0 
1245 10 0 0 0 0 0 0 0 0 0 0 0 
1246 10 0 0 0 0 0 0 0 0 0 0 0 
1247 10 0 0 0 0 0 0 0 0 0 0 0 
1248 10 0 0 0 0 0 0 0 0 0 0 0 
1249 10 0 0 0 0 0 0 0 0 0 0 0 
1250 10 0 0 0 0 0 0 0 0 0 0 0 
1251 10 0 0 0 0 0 0 0 0 0 0 0 
1252 10 0 0 0 0 0 0 0 0 0 0 0 
1253 10 0 0 0 0 0 0 0 0 0 0 0 
1254 10 0 0 0 0 0 0 0 0 0 0 0 
1255 10 0 0 0 0 0 0 0 0 0 0 0 
1256 10 0 0 0 0 0 0 0 0 0 0 0 
1257 10 0 0 0 0 0 0 0 0 0 0 0 
1258 10 0 0 0 0 0 0 0 0 0 0 0 
1259 10 0 0 0 0 0 0 0 0 0 0 0 
1260 10 0 0 0 0 0 0 0 0 0 0 0 
1261 10 0 0 0 0 0 0 0 0 0 0 0 
1262 10 0 0 0 0 0 0 0 0 0 0 0 
1263 10 0 0 0 0 0 0 0 0 0 0 0 
1264 10 0 0 0 0 0 0 0 0 0 0 0 
1265 10 0 0 0 0 0 0 0 0 0 0 0 
1266 10 0 0 0 0 0 0 0 0 0 0 0 
1267 10 0 0 0 0 0 0 0 0 0 0 0 
1268 10 0 0 0 0 0 0 0 0 0 0 0 
1269 10 0 0 0 0 0 0 0 0 0 0 0 
1270 10 0 0 0 0 0 0 0 0 0 0 0 
1271 10 0 0 0 0 0 0 0 0 0 0 0 
1272 10 0 0 0 0 0 0 0 0 0 0 0 
1273 10 0 0 0 0 0 0 0 0 0 0 0 
1274 10 0 0 0 0 0 0 0 0 0 0 0 
1275 10 0 0 0 0 0 0 0 0 0 0 0 
1276 10 0 0 0 0 0 0 0 0 0 0 0 
1277 10 0 0 0 0 0 0 0 0 0 0 0 
1278 10 0 0 0 0 0 0 0 0 0 0 0 
1279 10 0 0 0 0 0 0 0 0 0 0 0 
1280 10 0 0 0 0 0 0 0 0 0 0 0 
1281 10 0 0 0 0 0 0 0 0 0 0 0 
1282 10 0 0 0 0 0 0 0 0 0 0 0 
1283 10 0 0 0 0 0 0 0 0 0 0 0 
1284 10 0 0 0 0 0 0 0 0 0 0 0 
1285 10 0 0 0 0 0 0 0 0 0 0 0 
1286 10 0 0 0 0 0 0 0 0 0 0 0 
1287 10 0 0 0 0 0 0 0 0 0 0 0 
1288 10 0 0 0 0 0 0 0 0 0 0 0 
1289 10 0 0 0 0 0 0 0 0 0 0 0 
1290 10 0 0 0 0 0 0 0 0 0 0 0 
1291 10 0 0 0 0 0 0 0 0 0 0 0 
1292 10 0 0 0 0 0 0 0 0 0 0 0 
1293 10 0 0 0 0 0 0 0 0 0 0 0 
1294 10 0 0 0 0 0 0 0 0 0 0 0 
1295 10 0 0 0 0 0 0 0 0 0 0 0 
1296 10 0 0 0 0 0 0 0 0 0 0 0 
1297 10 0 0 0 0 0 0 0 0 0 0 0 
1298 10 0 0 0 0 0 0 0 0 0 0 0 
1299 10 0 0 0 0 0 0 0 0 0 0 0 
1300 10 0 0 0 0 0 0 0 0 0 0 0 
1301 10 0 0 0 0 0 0 0 0 0 0 0 
1302 10 0 0 0 0 0 0 0 0 0 0 0 
1303 10 0 0 0 0 0 0 0 0 0 0 0 
1304 10 0 0 0 0 0 0 0 0 0 0 0 
1305 10 0 0 0 0 0 0 0 0 0 0 0 
1306 10 0 0 0 0 0 0 0 0 0 0 0 
1307 10 0 0 0 0 0 0 0 0 0 0 0 
1308 10 0 0 0 0 0 0 0 0 0 0 0 
1309 10 0 0 0 0 0 0 0 0 0 0 0 
1310 10 0 0 0 0 0 0 0 0 0 0 0 
1311 10 0 0 0 0 0 0 0 0 0 0 0 
1312 10 0 0 0 0 0 0 0 0 0 0 0 
1313 10 0 0 0 0 0 0 0 0 0 0 0 
1314 10 0 0 0 0 0 0 0 0 0 0 0 
1315 10 0 0 0 0 0 0 0 0 0 0 0 
1316 10 0 0 0 0 0 0 0 0 0 0 0 
1317 10 0 0 0 0 0 0 0 0 0 0 0 
1318 10 0 0 0 0 0 0 0 0 0 0 0 
1319 10 0 0 0 0 0 0 0 0 0 0 0 
1320 10 0 0 0 0 0 0 0 0 0 0 0 
1321 10 0 0 0 0 0 0 0 0 0 0 0 
1322 10 0 0 0 0 0 0 0 0 0 0 0 
1323 10 0 0 0 0 0 0 0 0 0 0 0 
1324 10 0 0 0 0 0 0 0 0 0 0 0 
1325 10 0 0 0 0 0 0 0 0 0 0 0 
1326 10 0 0 0 0 0 0 0 0 0 0 0 
1327 10 0 0 0 0 0 0 0 0 0 0 0 
1328 10 0 0 0 0 0 0 0 0 0 0 0 
1329 10 0 0 0 0 0 0 0 0 0 0 0 
1330 10 0 0 0 0 0 0 0 0 0 0 0 
1331 10 0 0 0 0 0 0 0 0 0 0 0 
1332 10 0 0 0 0 0 0 0 0 0 0 0 
1333 10 0 0 0 0 0 0 0 0 0 0 0 
1334 10 0 0 0 0 0 0 0 0 0 0 0 
1335 10 0 0 0 0 0 0 0 0 0 0 0 
1336 10 0 0 0 0 0 0 0 0 0 0 0 
1337 10 0 0 0 0 0 0 0 0 0 0 0 
1338 10 0 0 0 0 0 0 0 0 0 0 0 
1339 10 0 0 0 0 0 0 0 0 0 0 0 
1340 10 0 0 0 0 0 0 0 0 0 0 0 
1341 10 0 0 0 0 0 0 0 0 0 0 0 
1342 10 0 0 0 0 0 0 0 0 0 0 0 
1343 10 0 0 0 0 0 0 0 0 0 0 0 
1344 10 0 0 0 0 0 0 0 0 0 0 0 
1345 10 0 0 0 0 0 0 0 0 0 0 0 
1346 10 0 0 0 0 0 0 0 0 0 0 0 
1347 10 0 0 0 0 0 0 0 0 0 0 0 
1348 10 0 0 0 0 0 0 0 0 0 0 0 
1349 10 0 0 0 0 0 0 0 0 0 0 0 
1350 10 0 0 0 0 0 0 0 0 0 0 0 
1351 10 0 0 0 0 0 0 0 0 0 0 0 
1352 10 0 0 0 0 0 0 0 0 0 0 0 
1353 10 0 0 0 0 0 0 0 0 0 0 0 
1354 10 0 0 0 0 0 0 0 0 0 0 0 
1355 10 0 0 0 0 0 0 0 0 0 0 0 
1356 10 0 0 0 0 0 0 0 0 0 0 0 
1357 10 0 0 0 0 0 0 0 0 0 0 0 
1358 10 0 0 0 0 0 0 0 0 0 0 0 
1359 10 0 0 0 0 0 0 0 0 0 0 0 
1360 10 0 0 0 0 0 0 0 0 0 0 0 
1361 10 0 0 0 0 0 0 0 0 0 0 0 
1362 10 0 0 0 0 0 0 0 0 0 0 0 
1363 10 0 0 0 0 0 0 0 0 0 0 0 
1364 10 0 0 0 0 0 0 0 0 0 0 0 
1365 10 0 0 0 0 0 0 0 0 0 0 0 
1366 10 0 0 0 0 0 0 0 0 0 0 0 
1367 10 0 0 0 0 0 0 0 0 0 0 0 
1368 10 0 0 0 0 0 0 0 0 0 0 0 
1369 10 0 0 0 0 0 0 0 0 0 0 0 
1370 10 0 0 0 0 0 0 0 0 0 0 0 
1371 10 0 0 0 0 0 0 0 0 0 0 0 
1372 10 0 0 0 0 0 0 0 0 0 0 0 
1373 10 0 0 0 0 0 0 0 0 0 0 0 
1374 10 0 0 0 0 0 0 0 0 0 0 0 
1375 10 0 0 0 0 0 0 0 0 0 0 0 
1376 10 0 0 0 0 0 0 0 0 0 0 0 
1377 10 0 0 0 0 0 0 0 0 0 0 0 
1378 10 0 0 0 0 0 0 0 0 0 0 0 
1379 10 0 0 0 0 0 0 0 0 0 0 0 
1380 10 0 0 0 0 0 0 0 0 0 0 0 
1381 10 0 0 0 0 0 0 0 0 0 0 0 
1382 10 0 0 0 0 0 0 0 0 0 0 0 
1383 10 0 0 0 0 0 0 0 0 0 0 0 
1384 10 0 0 0 0 0 0 0 0 0 0 0 
1385 10 0 0 0 0 0 0 0 0 0 0 0 
1386 10 0 0 0 0 0 0 0 0 0 0 0 
1387 10 0 0 0 0 0 0 0 0 0 0 0 
1388 10 0 0 0 0 0 0 0 0 0 0 0 
1389 10 0 0 0 0 0 0 0 0 0 0 0 
1390 10 0 0 0 0 0 0 0 0 0 0 0 
1391 10 0 0 0 0 0 0 0 0 0 0 0 
1392 10 0 0 0 0 0 0 0 0 0 0 0 
1393 10 0 0 0 0 0 0 0 0 0 0 0 
1394 10 0 0 0 0 0 0 0 0 0 0 0 
1395 10 0 0 0 0 0 0 0 0 0 0 0 
1396 10 0 0 0 0 0 0 0 0 0 0 0 
1397 10 0 0 0 0 0 0 0 0 0 0 0 
1398 10 0 0 0 0 0 0 0 0 0 0 0 
1399 10 0 0 0 0 0 0 0 0 0 0 0 
1400 10 0 0 0 0 0 0 0 0 0 0 0 
1401 10 0 0 0 0 0 0 0 0 0 0 0 
1402 10 0 0 0 0 0 0 0 0 0 0 0 
1403 10 0 0 0 0 0 0 0 0 0 0 0 
1404 10 0 0 0 0 0 0 0 0 0 0 0 
1405 10 0 0 0 0 0 0 0 0 0 0 0 
1406 10 0 0 0 0 0 0 0 0 0 0 0 
1407 10 0 0 0 0 0 0 0 0 0 0 0 
1408 10 0 0 0 0 0 0 0 0 0 0 0 
1409 10 0 0 0 0 0 0 0 0 0 0 0 
1410 10 0 0 0 0 0 0 0 0 0 0 0 
1411 10 0 0 0 0 0 0 0 0 0 0 0 
1412 10 0 0 0 0 0 0 0 0 0 0 0 
1413 10 0 0 0 0 0 0 0 0 0 0 0 
1414 10 0 0 0 0 0 0 0 0 0 0 0 
1415 10 0 0 0 0 0 0 0 0 0 0 0 
1416 10 0 0 0 0 0 0 0 0 0 0 0 
1417 10 0 0 0 0 0 0 0 0 0 0 0 
1418 10 0 0 0 0 0 0 0 0 0 0 0 
1419 10 0 0 0 0 0 0 0 0 0 0 0 
1420 10 0 0 0 0 0 0 0 0 0 0 0 
1421 10 0 0 0 0 0 0 0 0 0 0 0 
1422 10 0 0 0 0 0 0 0 0 0 0 0 
1423 10 0 0 0 0 0 0 0 0 0 0 0 
1424 10 0 0 0 0 0 0 0 0 0 0 0 
1425 10 0 0 0 0 0 0 0 0 0 0 0 
1426 10 0 0 0 0 0 0 0 0 0 0 0 
1427 10 0 0 0 0 0 0 0 0 0 0 0 
1428 10 0 0 0 0 0 0 0 0 0 0 0 
1429 10 0 0 0 0 0 0 0 0 0 0 0 
1430 10 0 0 0 0 0 0 0 0 0 0 0 
1431 10 0 0 0 0 0 0 0 0 0 0 0 
1432 10 0 0 0 0 0 0 0 0 0 0 0 
1433 10 0 0 0 0 0 0 0 0 0 0 0 
1434 10 0 0 0 0 0 0 0 0 0 0 0 
1435 10 0 0 0 0 0 0 0 0 0 0 0 
1436 10 0 0 0 0 0 0 0 0 0 0 0 
1437 10 0 0 0 0 0 0 0 0 0 0 0 
1438 10 0 0 0 0 0 0 0 0 0 0 0 
1439 10 0 0 0 0 0 0 0 0 0 0 0 
1440 10 0 0 0 0 0 0 0 0 0 0 0 
1441 10 0 0 0 0 0 0 0 0 0 0 0 
1442 10 0 0 0 0 0 0 0 0 0 0 0 
1443 10 0 0 0 0 0 0 0 0 0 0 0 
1444 10 0 0 0 0 0 0 0 0 0 0 0 
1445 10 0 0 0 0 0 0 0 0 0 0 0 
1446 10 0 0 0 0 0 0 0 0 0 0 0 
1447 10 0 0 0 0 0 0 0 0 0 0 0 
1448 10 0 0 0 0 0 0 0 0 0 0 0 
1449 10 0 0 0 0 0 0 0 0 0 0 0 
1450 10 0 0 0 0 0 0 0 0 0 0 0 
1451 10 0 0 0 0 0 0 0 0 0 0 0 
1452 10 0 0 0 0 0 0 0 0 0 0 0 
1453 10 0 0 0 0 0 0 0 0 0 0 0 
1454 10 0 0 0 0 0 0 0 0 0 0 0 
1455 10 0 0 0 0 0 0 0 0 0 0 0 
1456 10 0 0 0 0 0 0 0 0 0 0 0 
1457 10 0 0 0 0 0 0 0 0 0 0 0 
1458 10 0 0 0 0 0 0 0 0 0 0 0 
1459 10 0 0 0 0 0 0 0 0 0 0 0 
1460 10 0 0 0 0 0 0 0 0 0 0 0 
1461 10 0 0 0 0 0 0 0 0 0 0 0 
1462 10 0 0 0 0 0 0 0 0 0 0 0 
1463 10 0 0 0 0 0 0 0 0 0 0 0 
1464 10 0 0 0 0 0 0 0 0 0 0 0 
1465 10 0 0 0 0 0 0 0 0 0 0 0 
1466 10 0 0 0 0 0 0 0 0 0 0 0 
1467 10 0 0 0 0 0 0 0 0 0 0 0 
1468 10 0 0 0 0 0 0 0 0 0 0 0 
1469 10 0 0 0 0 0 0 0 0 0 0 0 
1470 10 0 0 0 0 0 0 0 0 0 0 0 
1471 10 0 0 0 0 0 0 0 0 0 0 0 
1472 10 0 0 0 0 0 0 0 0 0 0 0 
1473 10 0 0 0 0 0 0 0 0 0 0 0 
1474 10 0 0 0 0 0 0 0 0 0 0 0 
1475 10 0 0 0 0 0 0 0 0 0 0 0 
1476 10 0 0 0 0 0 0 0 0 0 0 0 
1477 10 0 0 0 0 0 0 0 0 0 0 0 
1478 10 0 0 0 0 0 0 0 0 0 0 0 
1479 10 0 0 0 0 0 0 0 0 0 0 0 
1480 10 0 0 0 0 0 0 0 0 0 0 0 
1481 10 0 0 0 0 0 0 0 0 0 0 0 
1482 10 0 0 0 0 0 0 0 0 0 0 0 
1483 10 0 0 0 0 0 0 0 0 0 0 0 
1484 10 0 0 0 0 0 0 0 0 0 0 0 
1485 10 0 0 0 0 0 0 0 0 0 0 0 
1486 10 0 0 0 0 0 0 0 0 0 0 0 
1487 10 0 0 0 0 0 0 0 0 0 0 0 
1488 10 0 0 0 0 0 0 0 0 0 0 0 
1489 10 0 0 0 0 0 0 0 0 0 0 0 
1490 10 0 0 0 0 0 0 0 0 0 0 0 
1491 10 0 0 0 0 0 0 0 0 0 0 0 
1492 10 0 0 0 0 0 0 0 0 0 0 0 
1493 10 0 0 0 0 0 0 0 0 0 0 0 
1494 10 0 0 0 0 0 0 0 0 0 0 0 
1495 10 0 0 0 0 0 0 0 0 0 0 0 
1496 10 0 0 0 0 0 0 0 0 0 0 0 
1497 10 0 0 0 0 0 0 0 0 0 0 0 
1498 10 0 0 0 0 0 0 0 0 0 0 0 
1499 10 0 0 0 0 0 0 0 0 0 0 0 
1500 10 0 0 0 0 0 0 0 0 0 0 0 
1501 10 0 0 0 0 0 0 0 0 0 0 0 
1502 10 0 0 0 0 0 0 0 0 0 0 0 
1503 10 0 0 0 0 0 0 0 0 0 0 0 
1504 10 0 0 0 0 0 0 0 0 0 0 0 
1505 10 0 0 0 0 0 0 0 0 0 0 0 
1506 10 0 0 0 0 0 0 0 0 0 0 0 
1507 10 0 0 0 0 0 0 0 0 0 0 0 
1508 10 0 0 0 0 0 0 0 0 0 0 0 
1509 10 0 0 0 0 0 0 0 0 0 0 0 
1510 10 0 0 0 0 0 0 0 0 0 0 0 
1511 10 0 0 0 0 0 0 0 0 0 0 0 
1512 10 0 0 0 0 0 0 0 0 0 0 0 
1513 10 0 0 0 0 0 0 0 0 0 0 0 
1514 10 0 0 0 0 0 0 0 0 0 0 0 
1515 10 0 0 0 0 0 0 0 0 0 0 0 
1516 10 0 0 0 0 0 0 0 0 0 0 0 
1517 10 0 0 0 0 0 0 0 0 0 0 0 
1518 10 0 0 0 0 0 0 0 0 0 0 0 
1519 10 0 0 0 0 0 0 0 0 0 0 0 
1520 10 0 0 0 0 0 0 0 0 0 0 0 
1521 10 0 0 0 0 0 0 0 0 0 0 0 
1522 10 0 0 0 0 0 0 0 0 0 0 0 
1523 10 0 0 0 0 0 0 0 0 0 0 0 
1524 10 0 0 0 0 0 0 0 0 0 0 0 
1525 10 0 0 0 0 0 0 0 0 0 0 0 
1526 10 0 0 0 0 0 0 0 0 0 0 0 
1527 10 0 0 0 0 0 0 0 0 0 0 0 
1528 10 0 0 0 0 0 0 0 0 0 0 0 
1529 10 0 0 0 0 0 0 0 0 0 0 0 
1530 10 0 0 0 0 0 0 0 0 0 0 0 
1531 10 0 0 0 0 0 0 0 0 0 0 0 
1532 10 0 0 0 0 0 0 0 0 0 0 0 
1533 10 0 0 0 0 0 0 0 0 0 0 0 
1534 10 0 0 0 0 0 0 0 0 0 0 0 
1535 10 0 0 0 0 0 0 0 0 0 0 0 
1536 10 0 0 0 0 0 0 0 0 0 0 0 
1537 10 0 0 0 0 0 0 0 0 0 0 0 
1538 10 0 0 0 0 0 0 0 0 0 0 0 
1539 10 0 0 0 0 0 0 0 0 0 0 0 
1540 10 0 0 0 0 0 0 0 0 0 0 0 
1541 10 0 0 0 0 0 0 0 0 0 0 0 
1542 10 0 0 0 0 0 0 0 0 0 0 0 
1543 10 0 0 0 0 0 0 0 0 0 0 0 
1544 10 0 0 0 0 0 0 0 0 0 0 0 
1545 10 0 0 0 0 0 0 0 0 0 0 0 
1546 10 0 0 0 0 0 0 0 0 0 0 0 
1547 10 0 0 0 0 0 0 0 0 0 0 0 
1548 10 0 0 0 0 0 0 0 0 0 0 0 
1549 10 0 0 0 0 0 0 0 0 0 0 0 
1550 10 0 0 0 0 0 0 0 0 0 0 0 
1551 10 0 0 0 0 0 0 0 0 0 0 0 
1552 10 0 0 0 0 0 0 0 0 0 0 0 
1553 10 0 0 0 0 0 0 0 0 0 0 0 
1554 10 0 0 0 0 0 0 0 0 0 0 0 
1555 10 0 0 0 0 0 0 0 0 0 0 0 
1556 10 0 0 0 0 0 0 0 0 0 0 0 
1557 10 0 0 0 0 0 0 0 0 0 0 0 
1558 10 0 0 0 0 0 0 0 0 0 0 0 
1559 10 0 0 0 0 0 0 0 0 0 0 0 
1560 10 0 0 0 0 0 0 0 0 0 0 0 
1561 10 0 0 0 0 0 0 0 0 0 0 0 
1562 10 0 0 0 0 0 0 0 0 0 0 0 
1563 10 0 0 0 0 0 0 0 0 0 0 0 
1564 10 0 0 0 0 0 0 0 0 0 0 0 
1565 10 0 0 0 0 0 0 0 0 0 0 0 
1566 10 0 0 0 0 0 0 0 0 0 0 0 
1567 10 0 0 0 0 0 0 0 0 0 0 0 
1568 10 0 0 0 0 0 0 0 0 0 0 0 
1569 10 0 0 0 0 0 0 0 0 0 0 0 
1570 10 0 0 0 0 0 0 0 0 0 0 0 
1571 10 0 0 0 0 0 0 0 0 0 0 0 
1572 10 0 0 0 0 0 0 0 0 0 0 0 
1573 10 0 0 0 0 0 0 0 0 0 0 0 
1574 10 0 0 0 0 0 0 0 0 0 0 0 
1575 10 0 0 0 0 0 0 0 0 0 0 0 
1576 10 0 0 0 0 0 0 0 0 0 0 0 
1577 10 0 0 0 0 0 0 0 0 0 0 0 
1578 10 0 0 0 0 0 0 0 0 0 0 0 
1579 10 0 0 0 0 0 0 0 0 0 0 0 
1580 10 0 0 0 0 0 0 0 0 0 0 0 
1581 10 0 0 0 0 0 0 0 0 0 0 0 
1582 10 0 0 0 0 0 0 0 0 0 0 0 
1583 10 0 0 0 0 0 0 0 0 0 0 0 
1584 10 0 0 0 0 0 0 0 0 0 0 0 
1585 10 0 0 0 0 0 0 0 0 0 0 0 
1586 10 0 0 0 0 0 0 0 0 0 0 0 
1587 10 0 0 0 0 0 0 0 0 0 0 0 
1588 10 0 0 0 0 0 0 0 0 0 0 0 
1589 10 0 0 0 0 0 0 0 0 0 0 0 
1590 10 0 0 0 0 0 0 0 0 0 0 0 
1591 10 0 0 0 0 0 0 0 0 0 0 0 
1592 10 0 0 0 0 0 0 0 0 0 0 0 
1593 10 0 0 0 0 0 0 0 0 0 0 0 
1594 10 0 0 0 0 0 0 0 0 0 0 0 
1595 10 0 0 0 0 0 0 0 0 0 0 0 
1596 10 0 0 0 0 0 0 0 0 0 0 0 
1597 10 0 0 0 0 0 0 0 0 0 0 0 
1598 10 0 0 0 0 0 0 0 0 0 0 0 
1599 10 0 0 0 0 0 0 0 0 0 0 0 
1600 10 0 0 0 0 0 0 0 0 0 0 0 
1601 10 0 0 0 0 0 0 0 0 0 0 0 
1602 10 0 0 0 0 0 0 0 0 0 0 0 
1603 10 0 0 0 0 0 0 0 0 0 0 0 
1604 10 0 0 0 0 0 0 0 0 0 0 0 
1605 10 0 0 0 0 0 0 0 0 0 0 0 
1606 10 0 0 0 0 0 0 0 0 0 0 0 
1607 10 3 0 0 0 0 0 0 0 0 0 0 
1608 10 4 0 0 0 0 0 0 0 0 0 0 
1609 10 5 0 0 0 0 0 0 0 0 0 0 
1610 10 6 0 0 0 0 0 0 0 0 0 0 
1611 10 0 0 0 0 0 0 0 0 0 0 0 
1612 10 0 0 0 0 0 0 0 0 0 0 0 
1613 10 0 0 0 0 0 0 0 0 0 0 0 
1614 10 0 0 0 0 0 0 0 0 0 0 0 
1615 10 0 0 0 0 0 0 0 0 0 0 0 
1616 10 0 0 0 0 0 0 0 0 0 0 0 
1617 10 0 0 0 0 0 0 0 0 0 0 0 
1618 10 0 0 0 0 0 0 0 0 0 0 0 
1619 10 0 0 0 0 0 0 0 0 0 0 0 
1620 10 0 0 0 0 0 0 0 0 0 0 0 
1621 10 0 0 0 0 0 0 0 0 0 0 0 
1622 10 0 0 0 0 0 0 0 0 0 0 0 
1623 10 0 0 0 0 0 0 0 0 0 0 0 
1624 10 0 0 0 0 0 0 0 0 0 0 0 
1625 10 0 0 0 0 0 0 0 0 0 0 0 
1626 10 0 0 0 0 0 0 0 0 0 0 0 
1627 10 0 0 0 0 0 0 0 0 0 0 0 
1628 10 0 0 0 0 0 0 0 0 0 0 0 
1629 10 0 0 0 0 0 0 0 0 0 0 0 
1630 10 0 0 0 0 0 0 0 0 0 0 0 
1631 10 0 0 0 0 0 0 0 0 0 0 0 
1632 10 0 0 0 0 0 0 0 0 0 0 0 
1633 10 0 0 0 0 0 0 0 0 0 0 0 
1634 10 0 0 0 0 0 0 0 0 0 0 0 
1635 10 0 0 0 0 0 0 0 0 0 0 0 
1636 10 0 0 0 0 0 0 0 0 0 0 0 
1637 10 0 0 0 0 0 0 0 0 0 0 0 
1638 10 0 0 0 0 0 0 0 0 0 0 0 
1639 10 0 0 0 0 0 0 0 0 0 0 0 
1640 10 0 0 0 0 0 0 0 0 0 0 0 
1641 10 0 0 0 0 0 0 0 0 0 0 0 
1642 10 0 0 0 0 0 0 0 0 0 0 0 
1643 10 0 0 0 0 0 0 0 0 0 0 0 
1644 10 0 0 0 0 0 0 0 0 0 0 0 
1645 10 0 0 0 0 0 0 0 0 0 0 0 
1646 10 0 0 0 0 0 0 0 0 0 0 0 
1647 10 0 0 0 0 0 0 0 0 0 0 0 
1648 10 0 0 0 0 0 0 0 0 0 0 0 
1649 10 0 0 0 0 0 0 0 0 0 0 0 
1650 10 0 0 0 0 0 0 0 0 0 0 0 
1651 10 0 0 0 0 0 0 0 0 0 0 0 
1652 10 0 0 0 0 0 0 0 0 0 0 0 
1653 10 0 0 0 0 0 0 0 0 0 0 0 
1654 10 0 0 0 0 0 0 0 0 0 0 0 
1655 10 0 0 0 0 0 0 0 0 0 0 0 
1656 10 0 0 0 0 0 0 0 0 0 0 0 
1657 10 0 0 0 0 0 0 0 0 0 0 0 
1658 10 0 0 0 0 0 0 0 0 0 0 0 
1659 10 0 0 0 0 0 0 0 0 0 0 0 
1660 10 0 0 0 0 0 0 0 0 0 0 0 
1661 10 13 0 0 0 0 0 0 0 0 0 0 
1662 10 14 0 0 0 0 0 0 0 0 0 0 
1663 10 0 0 0 0 0 0 0 0 0 0 0 
1664 10 0 0 0 0 0 0 0 0 0 0 0 
1665 10 0 0 0 0 0 0 0 0 0 0 0 
1666 10 0 0 0 0 0 0 0 0 0 0 0 
1667 10 0 0 0 0 0 0 0 0 0 0 0 
1668 10 0 0 0 0 0 0 0 0 0 0 0 
1669 10 0 0 0 0 0 0 0 0 0 0 0 
1670 10 0 0 0 0 0 0 0 0 0 0 0 
1671 10 0 0 0 0 0 0 0 0 0 0 0 
1672 10 0 0 0 0 0 0 0 0 0 0 0 
1673 10 0 0 0 0 0 0 0 0 0 0 0 
1674 10 0 0 0 0 0 0 0 0 0 0 0 
1675 10 0 0 0 0 0 0 0 0 0 0 0 
1676 10 0 0 0 0 0 0 0 0 0 0 0 
1677 10 0 0 0 0 0 0 0 0 0 0 0 
1678 10 0 0 0 0 0 0 0 0 0 0 0 
1679 10 0 0 0 0 0 0 0 0 0 0 0 
1680 10 0 0 0 0 0 0 0 0 0 0 0 
1681 10 0 0 0 0 0 0 0 0 0 0 0 
1682 10 0 0 0 0 0 0 0 0 0 0 0 
1683 10 0 0 0 0 0 0 0 0 0 0 0 
1684 10 0 0 0 0 0 0 0 0 0 0 0 
1685 10 0 0 0 0 0 0 0 0 0 0 0 
1686 10 0 0 0 0 0 0 0 0 0 0 0 
1687 10 0 0 0 0 0 0 0 0 0 0 0 
1688 10 0 0 0 0 0 0 0 0 0 0 0 
1689 10 0 0 0 0 0 0 0 0 0 0 0 
1690 10 0 0 0 0 0 0 0 0 0 0 0 
1691 10 0 0 0 0 0 0 0 0 0 0 0 
1692 10 0 0 0 0 0 0 0 0 0 0 0 
1693 10 0 0 0 0 0 0 0 0 0 0 0 
1694 10 0 0 0 0 0 0 0 0 0 0 0 
1695 10 0 0 0 0 0 0 0 0 0 0 0 
1696 10 0 0 0 0 0 0 0 0 0 0 0 
1697 10 0 0 0 0 0 0 0 0 0 0 0 
1698 10 0 0 0 0 0 0 0 0 0 0 0 
1699 10 0 0 0 0 0 0 0 0 0 0 0 
1700 10 0 0 0 0 0 0 0 0 0 0 0 
1701 10 0 0 0 0 0 0 0 0 0 0 0 
1702 10 0 0 0 0 0 0 0 0 0 0 0 
1703 10 0 0 0 0 0 0 0 0 0 0 0 
1704 10 0 0 0 0 0 0 0 0 0 0 0 
1705 10 0 0 0 0 0 0 0 0 0 0 0 
1706 10 0 0 0 0 0 0 0 0 0 0 0 
1707 10 0 0 0 0 0 0 0 0 0 0 0 
1708 10 0 0 0 0 0 0 0 0 0 0 0 
1709 10 0 0 0 0 0 0 0 0 0 0 0 
1710 10 0 0 0 0 0 0 0 0 0 0 0 
1711 10 0 0 0 0 0 0 0 0 0 0 0 
1712 10 0 0 0 0 0 0 0 0 0 0 0 
1713 10 0 0 0 0 0 0 0 0 0 0 0 
1714 10 0 0 0 0 0 0 0 0 0 0 0 
1715 10 0 0 0 0 0 0 0 0 0 0 0 
1716 10 0 0 0 0 0 0 0 0 0 0 0 
1717 10 0 0 0 0 0 0 0 0 0 0 0 
1718 10 0 0 0 0 0 0 0 0 0 0 0 
1719 10 0 0 0 0 0 0 0 0 0 0 0 
1720 10 0 0 0 0 0 0 0 0 0 0 0 
1721 10 0 0 0 0 0 0 0 0 0 0 0 
1722 10 0 0 0 0 0 0 0 0 0 0 0 
1723 10 0 0 0 0 0 0 0 0 0 0 0 
1724 10 0 0 0 0 0 0 0 0 0 0 0 
1725 10 0 0 0 0 0 0 0 0 0 0 0 
1726 10 0 0 0 0 0 0 0 0 0 0 0 
1727 10 16 0 0 0 0 0 0 0 0 0 0 
1728 10 17 0 0 0 0 0 0 0 0 0 0 
1729 10 18 0 0 0 0 0 0 0 0 0 0 
1730 10 19 0 0 0 0 0 0 0 0 0 0 
1731 10 0 0 0 0 0 0 0 0 0 0 0 
1732 10 0 0 0 0 0 0 0 0 0 0 0 
1733 10 0 0 0 0 0 0 0 0 0 0 0 
1734 10 0 0 0 0 0 0 0 0 0 0 0 
1735 10 21 0 0 0 0 0 0 0 0 0 0 
1736 10 22 0 0 0 0 0 0 0 0 0 0 
1737 10 23 0 0 0 0 0 0 0 0 0 0 
1738 10 24 0 0 0 0 0 0 0 0 0 0 
1739 10 25 0 0 0 0 0 0 0 0 0 0 
1740 10 26 0 0 0 0 0 0 0 0 0 0 
1741 10 27 0 0 0 0 0 0 0 0 0 0 
1742 10 28 0 0 0 0 0 0 0 0 0 0 
1743 10 0 0 0 0 0 0 0 0 0 0 0 
1744 10 0 0 0 0 0 0 0 0 0 0 0 
1745 10 0 0 0 0 0 0 0 0 0 0 0 
1746 10 0 0 0 0 0 0 0 0 0 0 0 
1747 10 0 0 0 0 0 0 0 0 0 0 0 
1748 10 0 0 0 0 0 0 0 0 0 0 0 
1749 10 0 0 0 0 0 0 0 0 0 0 0 
1750 10 0 0 0 0 0 0 0 0 0 0 0 
1751 10 0 0 0 0 0 0 0 0 0 0 0 
1752 10 0 0 0 0 0 0 0 0 0 0 0 
1753 10 0 0 0 0 0 0 0 0 0 0 0 
1754 10 0 0 0 0 0 0 0 0 0 0 0 
1755 10 0 0 0 0 0 0 0 0 0 0 0 
1756 10 0 0 0 0 0 0 0 0 0 0 0 
1757 10 0 0 0 0 0 0 0 0 0 0 0 
1758 10 0 0 0 0 0 0 0 0 0 0 0 
1759 10 0 0 0 0 0 0 0 0 0 0 0 
1760 10 0 0 0 0 0 0 0 0 0 0 0 
1761 10 0 0 0 0 0 0 0 0 0 0 0 
1762 10 0 0 0 0 0 0 0 0 0 0 0 
1763 10 0 0 0 0 0 0 0 0 0 0 0 
1764 10 0 0 0 0 0 0 0 0 0 0 0 
1765 10 0 0 0 0 0 0 0 0 0 0 0 
1766 10 0 0 0 0 0 0 0 0 0 0 0 
1767 10 0 0 0 0 0 0 0 0 0 0 0 
1768 10 0 0 0 0 0 0 0 0 0 0 0 
1769 10 0 0 0 0 0 0 0 0 0 0 0 
1770 10 0 0 0 0 0 0 0 0 0 0 0 
1771 10 0 0 0 0 0 0 0 0 0 0 0 
1772 10 0 0 0 0 0 0 0 0 0 0 0 
1773 10 0 0 0 0 0 0 0 0 0 0 0 
1774 10 0 0 0 0 0 0 0 0 0 0 0 
1775 10 0 0 0 0 0 0 0 0 0 0 0 
1776 10 0 0 0 0 0 0 0 0 0 0 0 
1777 10 0 0 0 0 0 0 0 0 0 0 0 
1778 10 0 0 0 0 0 0 0 0 0 0 0 
1779 10 0 0 0 0 0 0 0 0 0 0 0 
1780 10 0 0 0 0 0 0 0 0 0 0 0 
1781 10 0 0 0 0 0 0 0 0 0 0 0 
1782 10 0 0 0 0 0 0 0 0 0 0 0 
1783 10 0 0 0 0 0 0 0 0 0 0 0 
1784 10 0 0 0 0 0 0 0 0 0 0 0 
1785 10 0 0 0 0 0 0 0 0 0 0 0 
1786 10 0 0 0 0 0 0 0 0 0 0 0 
1787 10 0 0 0 0 0 0 0 0 0 0 0 
1788 10 0 0 0 0 0 0 0 0 0 0 0 
1789 10 0 0 0 0 0 0 0 0 0 0 0 
1790 10 0 0 0 0 0 0 0 0 0 0 0 
1791 10 0 0 0 0 0 0 0 0 0 0 0 
1792 10 0 0 0 0 0 0 0 0 0 0 0 
1793 10 0 0 0 0 0 0 0 0 0 0 0 
1794 10 0 0 0 0 0 0 0 0 0 0 0 
1795 10 0 0 0 0 0 0 0 0 0 0 0 
1796 10 0 0 0 0 0 0 0 0 0 0 0 
1797 10 0 0 0 0 0 0 0 0 0 0 0 
1798 10 0 0 0 0 0 0 0 0 0 0 0 
1799 10 0 0 0 0 0 0 0 0 0 0 0 
1800 10 0 0 0 0 0 0 0 0 0 0 0 
1801 10 0 0 0 0 0 0 0 0 0 0 0 
1802 10 0 0 0 0 0 0 0 0 0 0 0 
1803 10 0 0 0 0 0 0 0 0 0 0 0 
1804 10 0 0 0 0 0 0 0 0 0 0 0 
1805 10 0 0 0 0 0 0 0 0 0 0 0 
1806 10 0 0 0 0 0 0 0 0 0 0 0 
1807 10 0 0 0 0 0 0 0 0 0 0 0 
1808 10 0 0 0 0 0 0 0 0 0 0 0 
1809 10 0 0 0 0 0 0 0 0 0 0 0 
1810 10 0 0 0 0 0 0 0 0 0 0 0 
1811 10 0 0 0 0 0 0 0 0 0 0 0 
1812 10 0 0 0 0 0 0 0 0 0 0 0 
1813 10 0 0 0 0 0 0 0 0 0 0 0 
1814 10 0 0 0 0 0 0 0 0 0 0 0 
1815 10 0 0 0 0 0 0 0 0 0 0 0 
1816 10 0 0 0 0 0 0 0 0 0 0 0 
1817 10 0 0 0 0 0 0 0 0 0 0 0 
1818 10 0 0 0 0 0 0 0 0 0 0 0 
1819 10 0 0 0 0 0 0 0 0 0 0 0 
1820 10 0 0 0 0 0 0 0 0 0 0 0 
1821 10 0 0 0 0 0 0 0 0 0 0 0 
1822 10 0 0 0 0 0 0 0 0 0 0 0 
1823 10 0 0 0 0 0 0 0 0 0 0 0 
1824 10 0 0 0 0 0 0 0 0 0 0 0 
1825 10 0 0 0 0 0 0 0 0 0 0 0 
1826 10 0 0 0 0 0 0 0 0 0 0 0 
1827 10 0 0 0 0 0 0 0 0 0 0 0 
1828 10 0 0 0 0 0 0 0 0 0 0 0 
1829 10 0 0 0 0 0 0 0 0 0 0 0 
1830 10 0 0 0 0 0 0 0 0 0 0 0 
1831 10 0 0 0 0 0 0 0 0 0 0 0 
1832 10 0 0 0 0 0 0 0 0 0 0 0 
1833 10 0 0 0 0 0 0 0 0 0 0 0 
1834 10 0 0 0 0 0 0 0 0 0 0 0 
1835 10 0 0 0 0 0 0 0 0 0 0 0 
1836 10 0 0 0 0 0 0 0 0 0 0 0 
1837 10 0 0 0 0 0 0 0 0 0 0 0 
1838 10 0 0 0 0 0 0 0 0 0 0 0 
1839 10 0 0 0 0 0 0 0 0 0 0 0 
1840 10 0 0 0 0 0 0 0 0 0 0 0 
1841 10 0 0 0 0 0 0 0 0 0 0 0 
1842 10 0 0 0 0 0 0 0 0 0 0 0 
1843 10 0 0 0 0 0 0 0 0 0 0 0 
1844 10 0 0 0 0 0 0 0 0 0 0 0 
1845 10 0 0 0 0 0 0 0 0 0 0 0 
1846 10 0 0 0 0 0 0 0 0 0 0 0 
1847 10 0 0 0 0 0 0 0 0 0 0 0 
1848 10 0 0 0 0 0 0 0 0 0 0 0 
1849 10 0 0 0 0 0 0 0 0 0 0 0 
1850 10 0 0 0 0 0 0 0 0 0 0 0 
1851 10 0 0 0 0 0 0 0 0 0 0 0 
1852 10 0 0 0 0 0 0 0 0 0 0 0 
1853 10 0 0 0 0 0 0 0 0 0 0 0 
1854 10 0 0 0 0 0 0 0 0 0 0 0 
1855 10 35 0 0 0 0 0 0 0 0 0 0 
1856 10 36 0 0 0 0 0 0 0 0 0 0 
1857 10 0 0 0 0 0 0 0 0 0 0 0 
1858 10 0 0 0 0 0 0 0 0 0 0 0 
1859 10 0 0 0 0 0 0 0 0 0 0 0 
1860 10 0 0 0 0 0 0 0 0 0 0 0 
1861 10 0 0 0 0 0 0 0 0 0 0 0 
1862 10 0 0 0 0 0 0 0 0 0 0 0 
1863 10 0 0 0 0 0 0 0 0 0 0 0 
1864 10 0 0 0 0 0 0 0 0 0 0 0 
1865 10 0 0 0 0 0 0 0 0 0 0 0 
1866 10 0 0 0 0 0 0 0 0 0 0 0 
1867 10 0 0 0 0 0 0 0 0 0 0 0 
1868 10 0 0 0 0 0 0 0 0 0 0 0 
1869 10 0 0 0 0 0 0 0 0 0 0 0 
1870 10 0 0 0 0 0 0 0 0 0 0 0 
1871 10 0 0 0 0 0 0 0 0 0 0 0 
1872 10 0 0 0 0 0 0 0 0 0 0 0 
1873 10 0 0 0 0 0 0 0 0 0 0 0 
1874 10 0 0 0 0 0 0 0 0 0 0 0 
1875 10 0 0 0 0 0 0 0 0 0 0 0 
1876 10 0 0 0 0 0 0 0 0 0 0 0 
1877 10 0 0 0 0 0 0 0 0 0 0 0 
1878 10 0 0 0 0 0 0 0 0 0 0 0 
1879 10 0 0 0 0 0 0 0 0 0 0 0 
1880 10 0 0 0 0 0 0 0 0 0 0 0 
1881 10 0 0 0 0 0 0 0 0 0 0 0 
1882 10 0 0 0 0 0 0 0 0 0 0 0 
1883 10 0 0 0 0 0 0 0 0 0 0 0 
1884 10 0 0 0 0 0 0 0 0 0 0 0 
1885 10 0 0 0 0 0 0 0 0 0 0 0 
1886 10 0 0 0 0 0 0 0 0 0 0 0 
1887 10 0 0 0 0 0 0 0 0 0 0 0 
1888 10 0 0 0 0 0 0 0 0 0 0 0 
1889 10 0 0 0 0 0 0 0 0 0 0 0 
1890 10 0 0 0 0 0 0 0 0 0 0 0 
1891 10 0 0 0 0 0 0 0 0 0 0 0 
1892 10 0 0 0 0 0 0 0 0 0 0 0 
1893 10 0 0 0 0 0 0 0 0 0 0 0 
1894 10 0 0 0 0 0 0 0 0 0 0 0 
1895 10 0 0 0 0 0 0 0 0 0 0 0 
1896 10 0 0 0 0 0 0 0 0 0 0 0 
1897 10 0 0 0 0 0 0 0 0 0 0 0 
1898 10 0 0 0 0 0 0 0 0 0 0 0 
1899 10 0 0 0 0 0 0 0 0 0 0 0 
1900 10 0 0 0 0 0 0 0 0 0 0 0 
1901 10 0 0 0 0 0 0 0 0 0 0 0 
1902 10 0 0 0 0 0 0 0 0 0 0 0 
1903 10 0 0 0 0 0 0 0 0 0 0 0 
1904 10 0 0 0 0 0 0 0 0 0 0 0 
1905 10 0 0 0 0 0 0 0 0 0 0 0 
1906 10 0 0 0 0 0 0 0 0 0 0 0 
1907 10 0 0 0 0 0 0 0 0 0 0 0 
1908 10 0 0 0 0 0 0 0 0 0 0 0 
1909 10 0 0 0 0 0 0 0 0 0 0 0 
1910 10 0 0 0 0 0 0 0 0 0 0 0 
1911 10 0 0 0 0 0 0 0 0 0 0 0 
1912 10 0 0 0 0 0 0 0 0 0 0 0 
1913 10 0 0 0 0 0 0 0 0 0 0 0 
1914 10 0 0 0 0 0 0 0 0 0 0 0 
1915 10 0 0 0 0 0 0 0 0 0 0 0 
1916 10 0 0 0 0 0 0 0 0 0 0 0 
1917 10 0 0 0 0 0 0 0 0 0 0 0 
1918 10 0 0 0 0 0 0 0 0 0 0 0 
1919 10 0 0 0 0 0 0 0 0 0 0 0 
1920 10 0 0 0 0 0 0 0 0 0 0 0 
1921 10 0 0 0 0 0 0 0 0 0 0 0 
1922 10 0 0 0 0 0 0 0 0 0 0 0 
1923 10 0 0 0 0 0 0 0 0 0 0 0 
1924 10 0 0 0 0 0 0 0 0 0 0 0 
1925 10 0 0 0 0 0 0 0 0 0 0 0 
1926 10 0 0 0 0 0 0 0 0 0 0 0 
1927 10 0 0 0 0 0 0 0 0 0 0 0 
1928 10 0 0 0 0 0 0 0 0 0 0 0 
1929 10 0 0 0 0 0 0 0 0 0 0 0 
1930 10 0 0 0 0 0 0 0 0 0 0 0 
1931 10 0 0 0 0 0 0 0 0 0 0 0 
1932 10 0 0 0 0 0 0 0 0 0 0 0 
1933 10 0 0 0 0 0 0 0 0 0 0 0 
1934 10 0 0 0 0 0 0 0 0 0 0 0 
1935 10 0 0 0 0 0 0 0 0 0 0 0 
1936 10 0 0 0 0 0 0 0 0 0 0 0 
1937 10 0 0 0 0 0 0 0 0 0 0 0 
1938 10 0 0 0 0 0 0 0 0 0 0 0 
1939 10 0 0 0 0 0 0 0 0 0 0 0 
1940 10 0 0 0 0 0 0 0 0 0 0 0 
1941 10 0 0 0 0 0 0 0 0 0 0 0 
1942 10 0 0 0 0 0 0 0 0 0 0 0 
1943 10 0 0 0 0 0 0 0 0 0 0 0 
1944 10 0 0 0 0 0 0 0 0 0 0 0 
1945 10 0 0 0 0 0 0 0 0 0 0 0 
1946 10 0 0 0 0 0 0 0 0 0 0 0 
1947 10 0 0 0 0 0 0 0 0 0 0 0 
1948 10 0 0 0 0 0 0 0 0 0 0 0 
1949 10 0 0 0 0 0 0 0 0 0 0 0 
1950 10 0 0 0 0 0 0 0 0 0 0 0 
1951 10 0 0 0 0 0 0 0 0 0 0 0 
1952 10 0 0 0 0 0 0 0 0 0 0 0 
1953 10 0 0 0 0 0 0 0 0 0 0 0 
1954 10 0 0 0 0 0 0 0 0 0 0 0 
1955 10 0 0 0 0 0 0 0 0 0 0 0 
1956 10 0 0 0 0 0 0 0 0 0 0 0 
1957 10 0 0 0 0 0 0 0 0 0 0 0 
1958 10 0 0 0 0 0 0 0 0 0 0 0 
1959 10 0 0 0 0 0 0 0 0 0 0 0 
1960 10 0 0 0 0 0 0 0 0 0 0 0 
1961 10 0 0 0 0 0 0 0 0 0 0 0 
1962 10 0 0 0 0 0 0 0 0 0 0 0 
1963 10 0 0 0 0 0 0 0 0 0 0 0 
1964 10 0 0 0 0 0 0 0 0 0 0 0 
1965 10 0 0 0 0 0 0 0 0 0 0 0 
1966 10 0 0 0 0 0 0 0 0 0 0 0 
1967 10 0 0 0 0 0 0 0 0 0 0 0 
1968 10 0 0 0 0 0 0 0 0 0 0 0 
1969 10 0 0 0 0 0 0 0 0 0 0 0 
1970 10 0 0 0 0 0 0 0 0 0 0 0 
1971 10 0 0 0 0 0 0 0 0 0 0 0 
1972 10 0 0 0 0 0 0 0 0 0 0 0 
1973 10 0 0 0 0 0 0 0 0 0 0 0 
1974 10 0 0 0 0 0 0 0 0 0 0 0 
1975 10 0 0 0 0 0 0 0 0 0 0 0 
1976 10 0 0 0 0 0 0 0 0 0 0 0 
1977 10 0 0 0 0 0 0 0 0 0 0 0 
1978 10 0 0 0 0 0 0 0 0 0 0 0 
1979 10 0 0 0 0 0 0 0 0 0 0 0 
1980 10 0 0 0 0 0 0 0 0 0 0 0 
1981 10 0 0 0 0 0 0 0 0 0 0 0 
1982 10 0 0 0 0 0 0 0 0 0 0 0 
1983 10 0 0 0 0 0 0 0 0 0 0 0 
1984 10 0 0 0 0 0 0 0 0 0 0 0 
1985 10 0 0 0 0 0 0 0 0 0 0 0 
1986 10 0 0 0 0 0 0 0 0 0 0 0 
1987 10 0 0 0 0 0 0 0 0 0 0 0 
1988 10 0 0 0 0 0 0 0 0 0 0 0 
1989 10 0 0 0 0 0 0 0 0 0 0 0 
1990 10 0 0 0 0 0 0 0 0 0 0 0 
1991 10 0 0 0 0 0 0 0 0 0 0 0 
1992 10 0 0 0 0 0 0 0 0 0 0 0 
1993 10 0 0 0 0 0 0 0 0 0 0 0 
1994 10 0 0 0 0 0 0 0 0 0 0 0 
1995 10 0 0 0 0 0 0 0 0 0 0 0 
1996 10 0 0 0 0 0 0 0 0 0 0 0 
1997 10 0 0 0 0 0 0 0 0 0 0 0 
1998 10 0 0 0 0 0 0 0 0 0 0 0 
1999 10 0 0 0 0 0 0 0 0 0 0 0 
2000 10 0 0 0 0 0 0 0 0 0 0 0 
2001 10 0 0 0 0 0 0 0 0 0 0 0 
2002 10 0 0 0 0 0 0 0 0 0 0 0 
2003 10 0 0 0 0 0 0 0 0 0 0 0 
2004 10 0 0 0 0 0 0 0 0 0 0 0 
2005 10 0 0 0 0 0 0 0 0 0 0 0 
2006 10 0 0 0 0 0 0 0 0 0 0 0 
2007 10 0 0 0 0 0 0 0 0 0 0 0 
2008 10 0 0 0 0 0 0 0 0 0 0 0 
2009 10 0 0 0 0 0 0 0 0 0 0 0 
2010 10 0 0 0 0 0 0 0 0 0 0 0 
2011 10 0 0 0 0 0 0 0 0 0 0 0 
2012 10 0 0 0 0 0 0 0 0 0 0 0 
2013 10 0 0 0 0 0 0 0 0 0 0 0 
2014 10 0 0 0 0 0 0 0 0 0 0 0 
2015 10 0 0 0 0 0 0 0 0 0 0 0 
2016 10 0 0 0 0 0 0 0 0 0 0 0 
2017 10 0 0 0 0 0 0 0 0 0 0 0 
2018 10 0 0 0 0 0 0 0 0 0 0 0 
2019 10 0 0 0 0 0 0 0 0 0 0 0 
2020 10 0 0 0 0 0 0 0 0 0 0 0 
2021 10 0 0 0 0 0 0 0 0 0 0 0 
2022 10 0 0 0 0 0 0 0 0 0 0 0 
2023 10 0 0 0 0 0 0 0 0 0 0 0 
2024 10 0 0 0 0 0 0 0 0 0 0 0 
2025 10 0 0 0 0 0 0 0 0 0 0 0 
2026 10 0 0 0 0 0 0 0 0 0 0 0 
2027 10 0 0 0 0 0 0 0 0 0 0 0 
2028 10 0 0 0 0 0 0 0 0 0 0 0 
2029 10 0 0 0 0 0 0 0 0 0 0 0 
2030 10 0 0 0 0 0 0 0 0 0 0 0 
2031 10 0 0 0 0 0 0 0 0 0 0 0 
2032 10 0 0 0 0 0 0 0 0 0 0 0 
2033 10 0 0 0 0 0 0 0 0 0 0 0 
2034 10 0 0 0 0 0 0 0 0 0 0 0 
2035 10 0 0 0 0 0 0 0 0 0 0 0 
2036 10 0 0 0 0 0 0 0 0 0 0 0 
2037 10 0 0 0 0 0 0 0 0 0 0 0 
2038 10 0 0 0 0 0 0 0 0 0 0 0 
2039 10 0 0 0 0 0 0 0 0 0 0 0 
2040 10 0 0 0 0 0 0 0 0 0 0 0 
2041 10 0 0 0 0 0 0 0 0 0 0 0 
2042 10 0 0 0 0 0 0 0 0 0 0 0 
2043 10 0 0 0 0 0 0 0 0 0 0 0 
2044 10 0 0 0 0 0 0 0 0 0 0 0 
2045 10 0 0 0 0 0 0 0 0 0 0 0 
2046 10 0 0 0 0 0 0 0 0 0 0 0 

0 4 1 3 pack_2 0.00125694 2 22 39 60 -8 -106 60 
1 4 1 3 pack_2 0.034797 7 17 59 168 -8 44 102 17 39 72 22 39 66 17 34 66 22 34 60 12 -26 330 
2 4 1 3 pack_2 0.545455 1 -13 -91 90 
3 4 1 3 pack_2 1 5 -23 -111 138 27 -111 138 -3 -91 60 -33 -111 246 27 -111 66 
4 4 1 3 pack_2 0.984802 54 2 -101 60 2 -106 60 -3 -106 66 -3 -96 60 22 -111 168 -3 -101 60 12 -106 330 2 -106 192 -28 -111 102 2 -106 66 -3 -106 60 7 -111 138 2 -111 60 7 -101 60 7 -111 66 2 -106 264 -23 -111 228 -28 -111 36 -8 -111 66 2 -106 144 -3 -111 246 12 -111 60 22 -111 324 -3 -111 276 -13 -111 276 17 -101 60 -13 -106 72 7 -106 72 22 -111 36 -3 -106 150 -3 -111 192 17 -96 60 22 -106 348 12 -106 66 -8 -111 192 -18 -101 102 7 -101 72 7 -101 66 -18 -111 60 22 -106 138 27 -106 330 2 -111 330 7 -96 66 -13 -106 348 -33 -111 144 17 -106 72 -33 -111 90 12 -101 36 -18 -111 66 12 -96 36 7 -101 312 -33 -101 90 -8 -91 60 -13 -91 66 
5 4 1 3 pack_2 1 26 37 -106 330 17 -106 90 17 -96 312 12 -101 138 27 -106 144 -8 -91 264 -13 -91 276 12 -101 330 7 -101 150 2 -101 150 -28 -96 102 -3 -91 72 -8 -91 150 -3 -91 66 12 -91 228 17 -101 168 -8 -96 264 2 -91 66 12 -91 72 7 -101 330 22 -101 324 -23 -91 90 -28 -111 60 17 -91 228 2 -91 72 2 -101 192 
6 4 1 3 pack_2 1 17 7 -91 246 12 -101 150 22 -96 330 7 -96 228 22 -101 330 2 -66 60 22 -96 138 -3 -96 246 -3 -61 72 2 -101 102 17 -96 144 12 -91 36 17 -96 348 -13 -86 66 7 -61 60 -13 -91 150 2 -91 324 
7 4 1 3 pack_2 1 3 -3 -76 330 -13 -76 150 -3 -71 330 
8 4 1 3 pack_2 1 3 -33 -111 168 7 -66 60 -38 -111 66 
9 4 1 3 pack_2 0.125874 3 22 -106 102 27 -106 168 37 -111 60 
10 4 1 3 pack_2 0.545455 1 17 -111 246 
11 4 1 3 pack_2 0.923077 10 27 -106 246 -18 -106 276 -28 -106 276 42 -111 312 42 -111 324 47 -111 144 47 -111 330 37 -111 348 37 -111 144 -43 -111 90 
12 4 1 3 pack_2 1 6 -48 -111 228 -43 -111 66 -48 -111 150 -43 -111 300 -43 -111 72 -33 -111 264 
13 4 1 3 pack_2 1 2 -38 -111 348 -48 -111 264 
14 4 1 3 pack_2 1 10 -43 -111 144 2 -111 276 -38 -111 312 -38 -111 138 27 -111 246 -28 -111 330 -3 -111 312 22 -111 264 -8 -111 300 -28 -111 312 
15 4 1 3 pack_2 0.0594059 4 17 29 72 -18 84 168 -23 69 300 7 74 144 
16 4 1 3 pack_2 0.0433213 2 37 44 300 37 54 300 
17 4 1 3 pack_2 0.838464 917 -18 79 300 32 59 312 37 -1 312 22 19 102 37 9 330 12 -1 102 17 -6 102 32 49 138 22 9 102 22 -11 168 42 54 330 17 4 102 22 -1 102 32 9 348 37 19 300 17 24 102 32 -6 66 32 34 60 32 59 138 7 79 264 37 -6 36 12 39 192 42 9 324 37 -11 36 42 -11 312 -3 84 72 32 -11 66 22 4 90 42 -1 330 42 29 330 2 79 60 32 39 138 27 24 102 27 49 102 27 -1 276 42 14 300 37 9 348 37 9 72 42 -1 60 32 -6 276 32 44 102 37 9 60 22 39 192 22 34 192 42 14 60 42 59 300 32 19 102 32 -1 192 32 49 102 37 14 138 32 49 150 37 4 276 27 -1 90 42 4 264 32 -11 276 32 4 102 47 -1 312 37 -1 192 42 9 264 42 9 72 -8 84 102 32 -6 192 22 9 276 47 4 312 37 -1 138 37 24 144 47 4 60 22 24 192 -13 84 264 27 34 90 32 14 90 7 84 264 27 64 150 47 -1 66 37 19 264 47 9 60 37 24 102 47 -6 60 42 4 138 42 19 138 47 -1 228 57 -11 312 37 -6 264 57 -11 330 22 24 276 37 24 36 37 9 168 12 19 192 32 4 90 27 24 168 17 24 192 47 -1 72 32 29 90 42 24 144 47 4 276 37 39 102 37 39 138 47 4 228 52 -1 300 47 -6 66 27 9 192 52 -6 60 37 24 264 47 19 300 37 4 228 27 4 192 42 -6 72 47 -6 276 12 64 192 52 -6 66 32 -6 102 37 54 138 -8 74 264 32 -1 168 52 4 324 37 19 66 42 19 246 52 4 60 47 54 300 42 24 264 42 24 60 52 -1 264 37 54 348 52 4 36 57 -6 66 -38 4 168 47 24 102 47 29 144 -43 9 90 -3 84 60 47 24 138 52 9 330 47 29 330 47 4 138 37 34 150 47 49 300 42 49 138 -8 74 246 47 4 144 42 34 150 47 19 60 42 24 72 37 29 60 47 39 324 57 -6 72 52 9 348 52 9 264 42 24 66 37 24 66 47 9 192 27 49 276 47 -6 150 57 -1 36 52 9 72 37 -6 90 -8 79 90 27 39 168 47 24 72 17 79 72 47 44 312 47 19 168 47 34 90 22 69 102 37 -11 144 42 -6 168 47 24 348 27 59 168 47 64 312 52 14 90 47 49 324 47 -6 168 32 -6 246 32 59 90 57 -1 246 52 -1 138 22 44 276 32 54 72 57 -6 102 42 49 90 52 14 150 52 24 102 47 49 144 52 29 324 52 4 138 47 29 72 42 49 276 52 24 138 52 -6 138 52 19 150 32 -1 228 42 -11 144 52 34 330 52 19 66 52 19 72 57 4 66 37 44 264 -28 64 66 57 -1 90 47 69 144 57 4 72 22 4 192 37 64 330 47 54 150 32 74 300 42 -11 102 42 34 60 52 44 144 32 74 276 52 54 138 47 59 90 -3 84 102 52 19 246 37 54 60 37 69 144 -28 59 72 57 4 90 47 69 90 47 34 168 52 34 276 -8 89 276 57 9 246 47 64 276 52 49 150 37 44 66 52 39 90 42 39 60 57 4 102 47 74 324 52 54 150 42 74 150 52 49 330 37 69 150 57 14 66 52 54 102 57 24 150 57 29 312 47 79 102 57 9 138 57 9 144 52 79 300 52 74 138 57 39 138 37 49 72 47 69 330 57 109 90 42 44 60 57 89 312 27 69 90 52 69 90 57 39 330 57 34 150 47 49 264 57 19 264 47 79 144 57 44 138 52 44 276 47 74 276 7 84 90 -3 89 72 47 44 168 42 79 276 57 114 312 47 39 348 42 84 102 52 34 60 57 29 90 47 69 264 57 24 264 57 109 144 47 79 150 27 44 264 52 84 312 37 24 228 52 54 276 42 49 60 57 79 324 -13 89 276 57 19 168 47 29 192 27 69 36 57 89 144 52 44 264 37 49 36 52 24 192 32 54 228 12 89 66 -8 89 102 57 64 144 47 49 60 57 104 36 57 109 72 57 109 66 37 79 150 52 69 276 57 29 60 22 54 192 52 109 102 52 39 60 -8 89 72 42 84 312 47 64 60 57 114 192 57 104 264 52 94 102 32 84 300 57 79 102 57 99 264 17 84 246 57 109 192 52 89 90 37 84 312 57 84 276 22 84 276 32 69 138 47 84 324 -48 114 60 37 44 246 32 84 276 42 69 246 27 84 90 57 29 168 57 94 264 -43 114 66 -53 109 60 27 69 228 47 84 150 57 34 66 27 79 138 52 109 90 57 69 102 -53 114 90 52 49 66 47 59 246 57 94 168 57 94 66 47 74 60 -53 104 36 57 24 36 32 39 246 52 109 300 37 69 36 -43 99 60 47 49 246 -53 104 66 37 79 60 57 89 168 -53 109 90 -53 99 36 52 79 72 52 99 138 52 104 138 -48 109 90 57 94 60 57 99 246 52 114 144 -53 114 264 47 74 168 -38 114 60 47 54 348 52 104 150 -43 104 36 37 49 168 47 94 102 -53 99 228 32 84 312 42 74 168 52 114 138 52 49 60 52 109 138 -53 104 90 32 64 246 52 49 348 47 64 348 52 84 72 -53 99 66 57 89 60 57 39 66 -53 99 72 57 24 228 52 114 324 57 44 168 47 89 312 -38 104 66 52 109 324 52 54 60 27 89 90 22 84 36 52 89 264 42 44 36 27 79 144 -38 94 66 -53 114 168 32 89 276 -48 99 90 57 34 246 57 79 72 52 59 60 57 49 264 -28 69 66 52 109 330 -43 104 264 52 114 66 27 79 246 57 99 228 37 54 168 52 99 66 -48 114 348 57 89 246 52 114 192 52 74 348 37 59 168 42 89 312 52 94 264 47 89 330 52 69 348 57 49 348 52 79 348 17 79 102 42 74 36 57 64 264 52 84 60 57 79 66 -43 89 60 57 29 192 32 84 66 37 84 60 42 114 102 42 49 228 22 69 264 47 109 144 52 109 60 47 114 144 47 99 276 -38 89 72 52 99 348 -53 114 144 52 84 36 -43 94 264 57 84 192 -33 94 246 52 104 246 -33 114 36 32 74 72 37 99 102 17 84 138 52 84 246 -33 114 246 -33 84 246 17 94 90 22 69 138 47 64 36 22 89 72 47 109 150 42 89 150 32 49 168 -33 114 228 12 89 102 22 84 246 57 54 60 -33 114 72 2 94 90 57 49 246 37 39 192 32 104 102 42 74 348 -38 114 348 42 59 228 -33 109 90 27 94 276 -38 109 276 22 99 90 27 109 90 57 64 60 -43 114 300 -8 94 90 47 114 66 47 114 60 22 109 90 27 89 60 47 94 60 47 54 36 17 99 90 -33 104 228 37 99 90 42 94 144 42 99 144 22 104 102 -43 89 90 17 114 102 -53 89 66 -38 84 60 37 94 264 42 114 60 -53 114 312 27 109 276 57 74 36 37 104 276 47 59 192 42 99 72 12 99 264 42 94 150 47 99 60 -43 89 264 12 114 102 17 84 144 27 99 276 27 79 228 -28 94 246 17 99 276 -38 114 300 -53 104 330 32 89 60 37 114 300 52 64 36 37 114 138 27 114 72 27 109 72 22 109 276 -48 94 276 37 94 144 42 104 150 32 99 276 32 89 324 12 89 144 -18 89 276 17 69 276 27 84 246 22 114 276 -28 114 36 17 104 264 17 114 60 22 99 264 7 109 90 -28 109 228 42 109 60 37 84 168 -53 89 90 37 94 66 37 109 144 7 114 102 37 104 144 42 109 246 -28 109 36 -28 104 90 -43 4 168 52 64 192 32 99 72 -53 94 348 42 99 60 22 114 60 32 104 138 22 109 66 -48 104 324 27 69 246 42 104 60 32 114 150 42 114 348 -48 99 300 32 79 168 22 74 192 -3 114 60 32 99 138 47 94 348 7 99 276 -28 89 60 27 109 300 42 84 228 47 89 192 -33 94 276 57 44 192 32 99 60 32 94 60 42 99 36 42 109 168 37 114 168 32 109 144 -43 104 324 -23 99 246 57 64 36 32 69 192 32 39 192 -18 89 264 27 114 138 37 59 192 -28 104 264 -43 84 228 57 69 192 -18 109 60 32 74 192 -23 114 246 -33 109 300 -23 114 36 27 114 312 27 99 144 27 104 138 -23 104 66 -38 99 300 -28 84 276 42 89 348 -33 69 246 -8 114 264 17 114 228 32 94 150 17 104 246 7 114 228 -13 109 246 12 69 192 17 89 300 27 94 144 -43 84 264 2 109 276 27 69 150 -48 -1 264 17 99 246 -53 84 228 -53 94 324 32 109 228 -18 104 246 27 109 150 17 114 192 -23 104 228 -18 104 66 -53 24 228 -23 104 90 7 114 60 27 84 228 22 114 150 -23 104 264 -13 104 246 -3 109 36 -48 94 330 -23 114 276 -8 114 192 -18 104 228 37 94 168 12 114 138 17 114 168 37 104 228 37 89 192 22 94 144 32 54 192 -13 114 192 12 109 192 27 104 330 17 104 312 -8 114 168 32 89 228 -48 84 264 -28 74 66 -28 74 72 27 109 348 22 89 168 12 109 228 12 114 144 2 109 192 32 104 192 2 114 348 -48 24 102 -18 114 168 -13 104 228 32 104 348 -38 84 102 -3 109 300 17 104 324 -48 79 72 -28 99 228 17 109 168 -48 94 312 7 109 228 2 114 150 7 109 312 -3 114 66 -43 74 72 -28 89 102 -23 114 300 22 104 330 17 94 150 32 94 192 37 94 348 -28 74 246 -18 74 66 -23 109 168 -18 99 66 27 89 168 22 104 192 7 114 324 7 114 330 -38 94 324 -13 69 246 -33 94 300 7 109 168 -13 109 348 2 109 312 -13 114 144 -48 84 276 -18 109 348 -23 69 246 -38 104 168 -53 4 90 -13 114 138 -48 4 36 2 114 66 -28 99 102 -53 79 228 -43 34 168 -53 9 102 -3 114 90 -13 114 312 -23 89 66 -3 74 90 7 109 330 2 104 138 -13 114 90 17 84 300 2 69 66 -33 109 324 -48 74 66 -3 94 276 -8 114 324 -23 114 324 -33 34 264 7 69 72 -18 104 90 -33 64 246 -8 99 102 -43 34 90 -8 104 228 2 104 168 -53 9 348 -48 39 36 -53 24 246 -8 104 246 -48 69 246 -33 24 348 22 84 168 -48 -1 66 2 69 72 -53 69 246 22 99 330 37 69 348 -48 29 66 -43 94 192 -3 109 60 -48 24 60 -53 4 330 2 94 150 2 74 90 -48 29 246 -53 84 330 -53 39 72 -48 39 66 -53 14 246 2 99 144 2 99 300 -3 104 192 -38 24 264 -38 19 264 -28 89 300 -38 54 276 -48 9 66 -53 79 276 -33 14 264 -53 19 276 -53 49 90 -13 109 102 -53 74 90 -53 19 348 27 94 330 2 104 330 17 74 276 -53 34 246 -53 54 90 -3 94 150 -13 104 144 -53 9 66 -43 19 246 -38 74 60 -3 74 300 -43 79 90 32 79 324 -53 14 168 -48 89 192 -53 39 276 7 94 300 -38 79 300 -8 99 150 -43 99 144 -48 14 276 -53 39 60 -38 79 90 -53 19 330 -53 39 36 -48 19 276 -8 104 312 -48 49 90 17 69 144 -38 94 348 27 69 300 -3 104 228 -13 99 138 -53 79 300 -48 24 276 -48 39 348 -13 99 246 -38 69 264 2 79 102 -48 44 36 -43 9 66 -43 19 72 -48 44 72 -53 59 276 -43 9 72 -38 4 66 -48 64 90 -53 54 348 -53 49 60 -53 69 276 -48 79 312 -48 54 348 -38 64 264 -48 59 102 -48 39 60 -13 104 102 -38 19 246 -43 49 168 -48 39 102 -53 44 102 -33 99 324 -48 69 348 -48 39 168 -43 64 348 -33 29 246 -13 99 66 -53 59 60 7 109 66 -28 104 312 -33 79 324 -43 24 276 -48 59 276 -18 99 144 7 79 102 -53 69 168 27 64 312 -33 99 330 -38 44 66 -43 59 276 2 94 300 -53 69 330 12 99 228 2 109 66 -53 39 324 2 109 60 -53 49 324 -38 34 348 -53 64 102 -53 64 324 -28 94 36 -43 69 276 -43 94 150 -53 74 144 2 94 66 -33 74 276 -53 64 192 -53 49 312 -43 89 144 -48 74 36 -38 59 72 -33 49 246 -53 59 36 -43 69 324 -23 104 324 -48 49 246 -48 49 60 7 94 330 27 94 348 -43 69 60 -18 79 60 -48 69 168 -28 99 330 -48 19 168 -33 99 138 -53 69 144 27 74 312 12 79 150 -13 84 246 -3 74 36 -43 49 330 -48 64 312 -48 39 300 -33 74 348 22 74 168 12 74 192 -53 19 150 -48 14 300 17 74 144 -48 59 60 7 99 60 -18 74 138 27 79 324 -43 89 168 -43 64 324 -43 54 66 -23 84 330 -38 64 330 -43 64 312 -43 54 246 -38 89 192 -18 74 144 -23 74 150 -48 64 228 -43 59 60 -8 74 330 -23 74 348 -8 79 138 17 69 312 -18 79 150 22 74 324 
18 4 1 3 pack_2 0.938176 607 -23 94 150 -18 94 144 -13 94 144 -23 89 102 7 89 66 7 89 60 -23 89 138 -28 89 150 -28 89 144 -18 89 144 2 89 246 2 89 168 7 84 60 7 89 228 -23 84 144 -33 84 150 12 84 168 7 84 144 12 84 150 7 84 168 17 79 60 -23 79 90 -3 84 312 -33 79 150 12 79 228 -8 84 192 -18 84 192 12 84 324 17 74 66 -33 79 168 22 74 60 -8 69 90 -18 74 276 7 69 66 -3 79 324 -33 74 144 2 69 90 -43 74 150 7 79 36 -23 74 324 -8 64 276 -8 79 228 -8 74 144 2 69 60 -8 64 264 -8 74 150 22 69 60 -18 69 72 2 64 72 7 64 66 17 69 246 -13 64 90 7 69 228 2 64 276 -23 69 138 -28 69 144 17 64 60 -3 64 246 -8 64 102 -8 54 276 -28 69 276 7 64 90 -23 64 300 -43 69 144 -28 69 168 7 64 276 7 54 246 -23 64 90 12 59 228 -13 69 330 -33 69 300 -8 44 276 7 69 312 -8 49 264 2 69 300 -3 44 276 -13 54 264 -18 64 138 -28 64 90 -13 59 90 7 59 66 -8 64 300 -13 49 264 -18 54 276 -28 64 264 -13 64 66 -8 34 276 2 44 246 7 59 60 -28 64 324 17 59 60 -18 54 264 -3 49 246 -18 64 330 7 49 228 2 69 330 -28 64 330 -23 59 264 -8 64 330 -33 64 330 -8 64 60 -13 39 264 -3 44 246 2 39 276 -8 49 138 12 64 312 2 59 144 -13 69 228 -38 64 192 -18 69 228 7 59 144 17 49 228 -18 44 300 2 59 192 7 34 264 -13 44 144 -18 64 60 -48 64 150 2 54 90 -38 64 324 17 49 168 17 49 246 27 59 60 12 29 246 7 24 246 22 64 324 -8 59 330 -13 34 264 37 59 330 -13 59 66 12 54 60 2 29 246 -13 69 348 -33 59 312 -23 49 312 -33 59 300 12 54 150 7 54 144 -23 59 66 12 54 144 -18 54 312 2 24 264 22 54 228 -23 44 312 -3 54 150 -18 59 168 7 54 138 -8 54 330 7 64 330 17 34 168 -23 54 168 2 54 60 -13 54 72 7 29 264 7 49 150 12 54 312 -13 59 168 -13 59 312 17 59 312 2 59 330 -33 59 264 -13 54 246 7 49 144 12 49 144 7 44 276 -8 29 144 -8 59 168 -18 64 228 -28 49 312 2 39 138 12 -1 168 22 44 150 -3 59 300 -8 54 66 7 44 150 12 54 90 2 14 192 -8 24 144 7 39 168 12 49 312 2 39 228 7 59 330 32 54 348 27 54 138 17 54 36 -13 14 150 27 54 312 -13 24 144 17 29 150 -3 14 138 2 49 168 22 39 144 -13 54 66 2 39 324 -3 54 228 2 4 192 17 49 66 -38 59 36 -13 34 300 17 14 168 22 49 246 -23 54 348 -18 49 348 -23 44 264 12 44 312 -3 39 150 -3 34 330 -8 44 330 7 64 348 -3 4 138 2 34 144 -33 59 228 12 39 138 17 49 312 2 39 150 22 54 330 -3 34 324 17 34 144 -3 19 192 22 9 144 17 -1 150 7 34 144 -8 54 60 -23 49 348 12 24 150 12 44 66 -13 -11 150 2 39 330 12 29 144 -8 64 36 27 44 324 -38 54 330 -28 14 168 12 44 60 7 34 276 12 54 330 17 44 312 -23 29 168 -38 54 36 32 49 300 22 44 312 22 4 150 12 24 144 -28 9 168 -18 54 228 2 14 264 -23 29 312 -13 44 102 27 19 348 -3 24 324 7 19 228 22 39 300 2 4 138 22 49 264 27 39 144 7 29 324 17 34 300 -23 44 348 -13 44 348 7 -6 168 -43 34 192 27 39 138 12 49 330 12 24 138 -13 49 312 -13 19 264 17 49 276 22 44 60 2 24 150 -8 39 90 -18 49 60 -8 34 192 7 39 72 -13 44 192 17 19 138 -38 24 192 22 4 138 -13 14 276 -13 39 246 22 9 348 -18 19 348 -43 49 36 -3 -1 330 22 -1 138 -13 44 72 37 34 330 7 49 300 -18 34 144 7 14 144 22 4 348 -23 44 90 -28 39 60 2 -6 324 22 -6 138 -8 49 60 -3 -6 330 22 44 72 -18 24 264 -28 59 36 22 44 36 27 34 300 7 49 348 27 14 324 12 -1 144 32 -16 324 22 29 312 2 9 330 32 39 300 27 -6 348 -8 19 192 -28 44 90 7 49 36 7 4 138 22 44 264 -18 9 168 -13 24 168 17 44 36 17 44 90 32 19 312 2 39 66 12 4 138 -3 24 168 7 44 348 27 -16 330 -8 29 348 -18 44 60 -13 44 66 -23 44 330 2 -21 138 12 9 228 -38 39 36 2 39 312 -8 39 324 -28 39 330 -28 39 66 7 4 312 -13 54 36 -13 34 246 2 -1 168 -28 39 264 7 34 72 12 19 324 -28 39 228 32 44 36 -43 19 192 -33 19 192 -13 39 330 12 39 90 22 14 330 7 -11 150 7 44 300 -13 14 348 2 39 60 -23 39 66 -3 14 246 12 29 330 -23 19 228 17 9 300 17 24 324 -3 -16 150 -28 54 36 -23 39 90 2 34 72 2 -6 150 22 -26 138 -38 34 36 12 -11 138 -3 29 348 37 19 330 -8 44 60 27 4 312 -8 29 36 -13 24 192 -28 39 246 -13 9 168 -38 34 168 27 39 60 12 34 60 -43 14 192 -18 24 144 -13 34 90 -3 34 72 12 -11 312 -28 39 72 -28 24 60 12 -16 138 -38 44 276 7 39 102 12 19 330 -13 44 36 -23 39 102 17 39 36 -38 44 102 -13 24 138 27 9 144 -28 19 192 2 -16 168 22 -6 330 -23 44 138 -3 39 60 37 14 330 32 24 300 7 34 60 -23 24 60 -8 29 90 -13 -1 348 22 34 66 22 9 168 -8 19 246 17 -1 348 7 29 72 -18 39 66 12 29 300 -48 29 192 37 19 312 -8 -6 330 -3 -1 264 -28 34 246 -23 34 144 -8 9 168 32 39 60 -23 29 66 -33 44 150 -13 -6 168 12 -26 138 -43 44 312 -38 29 168 -28 9 192 -33 29 228 -8 4 168 -18 9 144 -18 34 102 -13 4 192 12 -11 324 37 14 312 12 9 348 -43 29 36 -13 39 60 -28 4 192 27 34 36 27 4 150 17 -16 300 -33 29 300 -33 14 60 12 24 72 -3 4 348 -18 -1 144 -23 24 66 -3 -11 168 -3 29 102 12 24 66 -13 4 264 12 -1 348 -28 19 66 12 -6 330 -3 24 72 -18 24 60 -8 29 228 22 -21 312 37 -1 330 7 -6 246 -8 -6 168 -3 14 90 -38 24 60 32 34 36 -18 29 72 -38 34 330 17 24 66 27 -16 300 12 -11 330 -18 24 90 -3 34 300 12 19 66 -43 39 102 -23 9 192 -13 34 60 -18 19 60 -23 14 312 -13 24 102 -3 9 90 -18 29 138 -23 14 66 12 19 60 -28 34 102 22 -21 300 -18 4 276 2 29 102 -43 19 36 7 14 72 7 -1 348 -13 24 228 27 24 228 7 14 90 -8 9 90 -23 9 300 27 29 66 7 -6 348 -3 -11 264 7 9 72 -33 24 300 -43 14 36 -13 19 72 -18 24 36 -8 4 90 -38 34 102 -18 19 72 7 -6 90 7 -11 348 7 4 72 2 -1 276 32 29 60 -23 -1 66 -18 19 66 -23 19 72 32 -6 300 -28 34 144 22 19 66 12 29 36 -8 9 102 -23 24 36 -3 14 66 -23 24 102 -3 29 312 -38 29 90 -13 24 60 7 -16 348 7 24 102 2 14 60 -3 4 102 17 24 36 -38 4 228 -18 14 36 -43 24 60 -28 9 72 2 -11 246 -33 4 36 -23 14 72 17 4 60 22 24 264 -43 34 300 -3 -11 276 17 -1 66 -13 14 228 17 -6 72 -18 9 66 -13 9 66 12 24 36 -3 4 66 -18 14 138 2 4 66 12 -1 300 2 -16 264 12 -21 72 7 19 36 12 4 90 22 9 60 -8 29 312 2 -6 276 -23 4 90 -13 -11 276 27 19 60 -38 24 90 22 -6 66 -8 -1 66 -18 -1 66 -23 14 246 -43 29 102 -13 -1 66 22 -16 66 -13 -1 102 -3 24 312 12 -11 60 -8 -16 264 -28 9 36 -18 -11 90 -28 19 330 -28 14 276 7 4 102 -23 19 324 7 -1 102 -18 -6 276 -18 -11 66 22 4 72 -13 -11 90 7 -11 228 -8 -16 72 2 -11 60 -13 -11 264 22 9 36 -8 -1 60 7 -21 66 2 -1 312 12 -11 300 7 -11 60 -3 -11 246 2 24 300 -13 -11 102 12 9 36 -8 -11 60 7 -16 60 7 -16 264 7 14 300 -13 9 246 17 -16 228 27 9 66 -3 19 312 7 -1 276 
19 4 1 3 pack_2 0.659686 21 12 -6 264 -23 4 246 7 9 300 32 9 60 -28 9 264 17 -16 36 17 9 276 32 9 36 27 -1 72 -38 19 276 27 4 228 27 -11 36 -38 -1 90 -33 19 150 -38 14 276 -38 19 150 17 -1 276 12 -6 276 -28 -1 264 17 -6 276 -48 14 150 
20 4 1 3 pack_2 0.0594059 1 2 84 168 
21 4 1 3 pack_2 0.990744 446 -48 -6 66 -3 -86 90 17 -21 192 -33 -26 66 7 -76 102 22 -21 102 32 -26 150 42 -31 312 -33 -11 66 12 -51 192 32 -31 144 22 -31 90 7 -76 90 -48 -6 60 12 -66 60 -38 -41 246 32 -16 72 37 -36 300 -28 -26 192 -28 -61 66 32 -21 72 32 -46 348 -43 -16 60 -28 -31 192 32 -16 66 37 -26 330 -3 -51 90 22 -61 168 27 -56 144 -33 -41 66 22 -36 168 37 -51 324 37 -41 312 12 -26 102 37 -56 324 32 -31 66 12 -76 60 -8 -56 264 32 -41 300 -48 -11 36 37 -36 324 -3 -61 90 -3 -66 60 -3 -66 102 -38 -41 168 12 -56 60 -33 -31 192 32 -26 60 7 -61 192 17 -21 90 -48 -31 228 -8 -51 264 -33 -16 60 -3 -71 60 27 -66 138 -8 -66 72 -3 -76 102 -43 -1 60 -38 4 138 12 -31 138 32 -31 60 22 -26 300 -33 -26 36 -23 -16 246 -18 -46 60 -18 -66 60 -18 -31 60 -18 -61 60 -18 -11 138 -18 -1 138 -3 -41 36 -23 -81 60 -13 -61 60 -8 -66 36 -8 -76 36 -23 -61 60 -18 -21 138 -23 -71 60 -13 -31 138 -23 -46 66 -8 -91 36 7 -46 102 -38 -6 60 -23 -11 66 -8 -46 36 -13 -41 138 -13 -36 138 -23 -21 60 -13 -56 138 -18 -66 138 -23 -51 66 -8 -56 36 2 -46 36 2 -51 36 -13 -31 60 -18 -31 144 -13 -1 330 -3 -1 312 -18 -71 144 -33 -16 138 -23 -31 144 -23 -66 72 -33 -26 228 -23 -1 138 37 -61 330 -23 -36 138 -28 4 150 -8 -36 324 -8 -6 324 -18 -46 72 -13 -6 324 -18 -41 150 -8 -76 60 -18 -1 330 -23 -56 138 -18 -51 150 -33 -21 144 -13 -36 66 -33 -31 228 27 -46 138 -13 -86 348 -8 -16 60 -13 -31 66 -13 -21 66 -13 -31 144 -18 -36 150 -18 -21 150 -18 -26 150 -8 -16 330 -8 -56 138 -43 4 138 -18 -11 330 -28 -6 246 -13 -101 36 -28 -41 150 -8 -61 60 -8 -26 330 -8 -56 60 -8 -76 66 2 -6 312 -13 -26 36 -8 -21 66 -3 -21 102 2 -16 312 -8 -81 330 -23 -11 246 -28 -11 144 -13 -26 192 -3 -41 324 -3 -41 102 12 -81 60 -13 -16 36 -28 -21 144 -13 -71 72 -33 -6 150 -8 -31 66 -3 -36 60 -28 -31 144 -8 -81 72 -18 -71 348 -8 -31 144 -3 -46 60 -28 -71 60 -8 -61 102 -8 -86 72 7 -6 36 7 -41 36 -13 -66 102 -3 -26 60 -8 -36 90 -3 -16 330 17 -51 168 -13 -61 150 -28 -26 60 -18 -41 348 7 -36 36 -3 -31 330 7 -26 330 -38 4 150 -33 -26 60 -13 -61 90 -28 -66 90 -8 -86 144 -23 -36 90 27 -101 348 -28 -36 138 12 -56 36 -13 -41 90 -33 -36 168 -13 -46 348 7 -56 90 -3 -41 138 -28 -31 138 -18 -61 36 -18 -66 102 -28 -1 138 -8 -66 348 -18 -36 228 -28 4 138 -3 -56 138 -33 9 150 -8 -16 348 -3 -41 72 -3 -31 138 2 -36 90 -8 -41 348 -3 -36 66 -8 -1 228 12 -31 300 2 -51 324 7 -31 90 -23 -16 36 2 -46 66 -8 -56 150 -28 -36 168 22 -26 36 -23 -61 102 7 -21 312 2 -46 60 2 -81 66 12 -36 90 2 -46 330 -33 -26 144 2 -21 60 2 -26 60 2 -31 330 27 -61 348 -23 -46 102 2 -61 324 -23 -36 102 -8 -91 348 2 -36 330 -3 -76 144 2 -31 66 -18 -31 168 2 -46 348 2 -31 348 -3 -46 348 12 -21 90 2 -36 72 2 -86 324 2 -51 348 -28 -61 102 -28 -16 102 -28 -36 102 -3 -96 348 -38 -36 90 2 -71 330 2 -91 330 -13 -41 168 -8 -16 192 2 -91 348 7 -46 348 12 -16 300 7 -31 348 7 -91 312 -8 -31 192 7 -46 72 7 -71 312 -33 4 144 -23 -51 36 -3 -86 192 2 -46 138 -8 -41 168 -8 -46 192 2 -101 348 -8 -61 192 -8 -31 168 7 -91 348 -13 -41 192 -8 -51 168 12 -31 36 -3 -91 192 -8 -56 168 7 -56 324 -23 -36 36 -3 -76 168 -38 -36 102 7 -76 330 -8 -66 168 -3 -51 168 12 -66 348 -8 -86 168 7 -71 330 -13 -71 192 -3 -66 168 -3 -71 168 -13 -16 264 12 -81 348 2 -16 276 7 -91 330 7 -16 276 -18 -71 192 -18 -66 192 7 -21 276 -13 -91 192 -13 -21 264 -23 -16 264 17 -61 168 2 -81 144 12 -86 348 17 -21 348 12 -66 66 -18 -96 192 12 -96 348 12 -56 66 12 -56 72 -38 -26 192 12 -61 72 -18 -21 276 -8 -36 264 17 -61 72 -38 -31 192 -28 -56 36 -13 -26 276 12 -21 312 12 -36 312 -18 -26 276 22 -21 348 22 -66 348 -8 -31 264 22 -36 348 17 -86 348 17 -26 72 7 -36 168 12 -26 60 -8 -41 264 12 -46 312 7 -46 168 12 -36 60 2 -16 228 7 -81 168 12 -56 312 -33 -56 192 12 -46 324 12 -41 324 2 -26 228 27 -26 72 2 -31 228 12 -51 330 -18 -41 276 22 -81 348 12 -71 330 27 -56 60 12 -41 168 12 -56 168 7 -81 138 12 -51 168 -38 -16 192 7 -31 144 -28 -16 228 7 -81 144 12 -31 168 22 -51 72 -28 -6 276 17 -51 66 17 -46 60 22 -21 72 7 -91 144 2 -56 246 2 -46 246 12 -71 168 7 -81 150 7 -76 144 -38 -1 60 17 -46 330 -33 -41 36 22 -56 66 17 -71 330 17 -56 330 7 -16 228 17 -26 168 7 -31 246 17 -56 300 27 -36 348 12 -31 150 12 -41 150 27 -46 348 -43 -41 192 17 -91 300 -43 -66 192 -43 -46 192 7 -66 246 17 -76 324 12 -26 144 22 -71 60 12 -46 138 22 -26 60 12 -41 138 22 -56 60 22 -46 60 12 -21 246 12 -81 138 -38 -61 36 -33 -76 228 -33 -1 228 22 -81 60 22 -61 330 -38 -46 36 27 -36 66 27 -31 66 -43 4 144 32 -96 312 27 -66 66 17 -66 150 17 -41 246 17 -36 144 12 -56 228 17 -56 144 32 -26 330 22 -91 324 27 -21 60 17 -61 144 27 -61 66 17 -51 138 17 -91 144 27 -71 330 22 -71 36 27 -81 330 27 -81 60 -38 -71 228 32 -81 330 32 -31 330 27 -36 324 22 -96 312 -38 -16 228 -38 -51 228 -43 -26 36 22 -31 144 27 -66 324 22 -91 300 -43 -31 36 27 -81 324 22 -46 144 27 -21 36 32 -61 330 22 -61 144 32 -36 324 -43 -46 228 27 -91 312 -43 -16 228 -43 -51 228 27 -51 36 27 -41 36 -43 -41 228 27 -51 300 
22 4 1 3 pack_2 0.705882 2 27 -86 300 32 -46 312 
23 4 1 3 pack_2 1 1 7 -56 102 
24 4 1 3 pack_2 1 10 -33 -6 66 -3 -71 90 22 -31 300 -33 -16 246 -38 -21 60 17 -56 102 32 -61 300 -43 9 150 -43 -6 66 22 -31 102 
25 4 1 3 pack_2 0.958799 543 -38 -51 138 32 -36 150 -43 -61 90 -28 -56 138 -33 -71 312 -28 -71 300 -43 -36 72 -38 -71 300 -43 -31 72 -43 -36 246 -53 -36 60 -43 -71 312 -43 -26 168 37 -71 66 -43 -51 138 37 -36 138 -53 -61 150 -43 -56 138 -43 -51 144 -38 -71 324 -28 -71 312 -43 -71 330 12 -86 246 -53 -36 66 -23 -86 330 2 -6 300 -43 -86 330 -13 -36 228 32 -31 168 37 -61 36 -53 -31 72 -43 -26 72 -33 -81 312 -48 -66 144 -43 -21 168 -53 -26 60 -33 -51 150 -38 -81 330 37 -11 168 -28 -76 300 -28 -71 330 -18 -81 324 -38 -76 324 -3 -46 312 42 -16 138 42 -71 36 -33 -76 324 -33 -61 324 47 -11 60 -53 -91 90 47 -21 150 52 -21 150 -53 -96 150 -43 -91 330 -48 -96 348 52 -11 66 -38 -61 276 32 -36 102 52 -11 60 52 -11 168 -48 -76 312 -23 -76 264 47 -31 36 42 -36 168 57 -46 102 37 -66 66 -48 -26 66 32 -26 264 47 -46 60 -53 -16 312 47 -16 66 42 -11 192 42 -26 168 42 -36 144 57 -36 168 -38 -76 348 52 -21 144 -53 -26 72 42 -26 138 57 -16 90 42 -41 276 52 -11 192 57 -41 150 -53 -26 90 42 -26 192 -53 -26 246 32 -71 66 47 -31 90 -53 -66 90 -53 -41 72 22 -86 246 -53 -96 66 47 -36 90 52 -11 228 52 -41 72 -53 -31 300 57 -21 90 57 -11 144 -23 -41 300 -43 -96 348 27 -11 192 57 -16 66 42 -31 246 47 -26 138 -48 -66 168 -8 -26 228 52 -36 192 -43 -61 312 52 -26 168 52 -41 102 57 -41 228 47 -36 66 52 -86 102 42 -41 66 47 -31 264 37 -36 192 47 -61 60 52 -76 264 -48 -66 276 57 -76 192 37 -51 246 57 -81 192 52 -31 300 -53 -71 312 57 -31 300 47 -61 36 57 -91 138 52 -71 144 -43 -46 348 42 -56 264 52 -81 138 47 -26 276 -53 -36 264 57 -41 168 52 -56 138 57 -31 246 42 -21 192 32 -86 228 52 -16 60 57 -56 144 52 -21 60 42 -56 66 52 -41 246 32 -46 90 47 -26 348 37 -16 228 27 -21 264 47 -26 72 -53 -61 330 52 -21 300 52 -51 168 42 -21 246 -23 -81 246 47 -26 228 52 -31 66 -43 -26 246 52 -41 192 52 -36 264 52 -26 60 -53 -61 90 52 -26 72 42 -41 144 37 -46 246 42 -46 102 37 -56 168 37 -31 168 -53 -41 330 47 -56 192 57 -11 102 47 -61 66 -38 -61 312 -53 -36 90 47 -41 138 57 -11 138 42 -76 60 7 -86 228 47 -46 72 37 -46 168 42 -51 348 -53 -16 264 42 -56 168 47 -81 138 47 -51 228 42 -61 72 -48 -81 36 -33 -41 330 42 -71 138 57 -16 60 47 -26 66 -48 -56 348 52 -36 228 52 -56 276 52 -61 102 57 -86 144 52 -46 312 -53 -66 324 52 -76 138 57 -61 72 27 -16 192 57 -71 138 52 -71 66 57 -46 324 37 -21 72 57 -41 36 57 -66 192 57 -46 36 42 -56 138 57 -36 324 47 -76 228 57 -91 324 57 -96 276 57 -71 228 57 -76 246 -43 -61 264 -53 -86 60 -53 -51 312 -53 -11 300 37 -76 144 57 -26 192 57 -16 330 -43 -6 348 57 -16 246 -53 -66 348 57 -41 348 -53 -61 276 47 -41 300 47 -21 330 -23 -86 246 52 -36 300 -48 -21 348 52 -66 150 -33 -81 264 -43 -21 66 47 -36 36 37 -36 264 52 -36 324 57 -56 138 47 -36 60 42 -61 102 -48 -46 264 -53 -71 90 52 -61 276 32 -51 36 -53 -36 324 -33 -76 264 -48 -11 348 32 -46 168 47 -76 66 52 -81 102 -53 -86 168 -53 -76 90 -43 -86 264 47 -81 264 42 -76 246 32 -56 66 47 -76 348 -33 -46 138 -53 -81 330 52 -16 324 37 -36 66 37 -71 150 57 -16 300 37 -56 144 37 -56 102 57 -101 138 -53 -96 228 52 -71 330 32 -36 276 57 -71 150 37 -36 276 32 -51 276 32 -71 192 -28 -86 276 -53 -56 246 47 -51 324 37 -56 150 42 -61 192 52 -51 246 37 -76 72 52 -76 168 37 -61 348 -53 -16 330 57 -66 60 -38 -66 348 52 -81 36 -3 -76 228 -3 -16 300 52 -86 348 57 -91 36 47 -71 228 32 -81 228 57 -81 36 57 -56 90 47 -41 36 57 -91 312 -48 -91 300 42 -36 60 57 -41 144 -18 -96 228 52 -51 60 32 -71 264 -28 -31 300 -38 -96 330 52 -81 300 32 -76 144 27 -46 192 52 -91 66 47 -86 324 42 -76 330 27 -76 90 42 -81 144 -48 -36 168 47 -81 300 27 -51 192 52 -81 276 32 -41 264 -48 -71 276 -48 -31 150 27 -66 192 52 -86 228 57 -66 300 57 -51 60 57 -96 144 -48 -11 264 -13 -81 228 47 -46 300 42 -81 90 37 -26 60 -48 -91 192 32 -51 264 42 -81 60 2 -76 228 -48 -6 276 47 -76 102 -13 -61 300 42 -76 300 32 -71 246 37 -51 264 47 -56 312 -53 -11 264 57 -16 324 47 -21 312 42 -81 192 42 -66 66 -38 -61 264 52 -76 90 52 -66 66 57 -101 144 52 -71 192 52 -51 348 -53 -76 330 37 -61 144 47 -86 348 22 -81 192 42 -86 102 27 -71 276 47 -86 138 42 -86 330 32 -71 90 47 -86 300 32 -51 60 -53 -66 72 52 -101 66 -38 -91 312 22 -31 276 52 -91 102 42 -11 36 -23 -46 312 47 -66 66 27 -46 276 -53 -101 300 37 -86 150 -43 -51 264 47 -86 60 32 -81 90 42 -56 330 52 -96 138 -48 -66 312 -8 -91 300 -48 -31 300 37 -71 228 32 -71 150 37 -81 276 37 -66 246 22 -21 192 37 -46 66 42 -81 36 -43 -31 276 27 -61 264 22 -76 228 37 -81 348 -43 -66 264 27 -51 276 -53 -46 102 -53 -101 36 -38 -66 264 52 -101 348 -38 -86 264 -53 -21 150 -38 -16 264 -3 -81 276 22 -86 192 -3 -31 312 -43 -16 72 -28 -71 348 -18 -91 300 -8 -86 264 -23 -91 312 7 -81 300 -48 -101 228 37 -51 60 42 -51 300 -23 -96 312 22 -91 246 42 -66 300 -33 -96 324 37 -56 60 32 -76 138 47 -91 246 -33 -51 330 -23 -76 246 42 -81 312 27 -76 276 52 -96 102 42 -86 228 12 -81 192 32 -81 144 -53 -21 144 42 -41 36 52 -96 60 52 -96 312 -8 -71 300 -38 -36 264 -48 -81 246 12 -81 264 2 -66 300 -13 -26 300 37 -46 60 47 -101 348 -38 -66 324 -48 -101 60 32 -66 246 -48 -91 66 -38 -31 348 -48 -41 90 -43 -51 330 -3 -1 300 -28 -66 324 37 -86 276 -38 -21 276 47 -91 60 -48 -11 66 27 -86 90 -3 -66 300 -33 -96 300 -28 -46 324 42 -91 150 -38 -41 312 47 -101 324 47 -91 228 42 -101 66 -23 -96 66 22 -16 264 32 -81 72 -18 -66 330 -43 -46 168 42 -91 312 -38 -56 264 42 -91 66 -18 -36 312 37 -91 300 -43 -101 348 -28 -91 66 47 -96 300 -8 -66 300 -28 -91 276 27 -66 246 -38 -96 276 32 -66 348 47 -96 192 -18 -51 330 22 -46 102 37 -61 300 -28 -56 264 -33 -101 66 -43 -106 60 32 -66 144 42 -91 168 -23 -96 330 -18 -26 246 37 -91 90 37 -71 300 7 -81 264 7 -96 192 -13 -51 312 12 -66 192 -28 -36 300 22 -91 276 42 -101 168 -53 -61 60 37 -86 60 -43 -91 150 -33 -46 150 -48 -91 144 -33 -36 300 -53 -16 102 -48 -11 90 27 -91 228 42 -96 60 -3 -61 228 47 -96 312 42 -96 348 37 -81 300 -33 -71 138 32 -81 66 37 -101 246 37 -71 36 -43 -56 66 17 -61 102 32 -96 144 -38 -96 168 42 -101 60 -33 -66 324 42 -101 228 37 -101 276 -13 -91 330 -53 -11 102 -13 -71 330 42 -51 324 57 -106 60 -38 -81 168 -38 -61 168 -48 -76 66 32 -101 138 2 -51 300 47 -96 102 -38 -91 246 42 -91 36 -43 -81 66 22 -71 102 37 -96 72 -43 -96 36 -43 -81 246 
26 4 1 3 pack_2 0.839911 188 22 -91 168 7 -71 264 -13 -41 246 -48 -106 60 -53 -71 144 -23 -91 144 37 -41 36 2 -96 228 -33 -46 330 2 -66 264 12 -96 102 -23 -96 324 -43 -56 72 37 -101 264 -43 -36 138 -3 -81 246 -43 -11 144 37 -96 246 -43 -86 66 52 -106 66 -28 -91 102 57 -106 36 -33 -86 246 57 -106 66 -8 -76 276 27 -86 144 32 -56 150 32 -106 66 -43 -56 246 -18 -96 312 27 -56 264 32 -86 60 32 -91 276 -43 -66 72 -48 -66 246 -48 -46 144 -23 -81 348 -33 -71 144 37 -96 66 -18 -91 60 22 -96 102 2 -81 246 -8 -76 264 -48 -71 66 -3 -66 276 -38 -106 60 -23 -31 312 -8 -36 228 12 -61 228 -3 -96 228 -38 -101 60 -53 -11 144 12 -71 246 -33 -96 168 47 -106 72 -3 -61 312 -48 -6 150 -53 -101 150 -8 -96 324 32 -96 246 -13 -31 246 -38 -31 138 -28 -31 324 -3 -76 264 32 -101 60 -13 -96 324 -8 -96 246 -23 -61 276 -33 -46 264 27 -96 276 -28 -36 264 -38 -101 168 -33 -76 66 -28 -66 300 -48 -56 192 27 -101 276 -48 -106 138 -28 -66 144 -13 -101 228 57 -106 144 -43 -41 102 -8 -66 246 7 -41 276 17 -101 90 52 -106 324 32 -101 246 -13 -66 264 27 -36 228 -38 -76 66 -13 -96 138 -23 -81 144 -3 -66 246 52 -106 264 37 -46 300 7 -71 36 -23 -101 246 47 -106 312 17 -96 246 -38 -56 66 -33 -46 276 22 -101 192 -33 -101 264 -38 -76 138 -13 -56 228 47 -106 330 -38 -61 66 -43 -16 150 52 -106 276 -18 -56 276 -23 -81 36 -33 -76 138 12 -96 276 -43 -66 246 -43 -76 60 -53 -66 228 -33 -101 348 -13 -101 276 17 -56 276 47 -106 138 -18 -56 312 37 -106 144 -38 -71 246 -28 -51 264 7 -101 300 -43 -91 138 2 -51 228 -48 -6 138 2 -101 36 -38 -81 150 -28 -76 144 -28 -56 312 47 -106 276 32 -106 168 57 -111 66 -8 -66 324 -38 -56 324 -33 -71 66 -38 -86 90 -28 -81 72 2 -51 312 42 -106 300 -43 -61 36 -43 -66 36 -8 -51 246 -43 -86 102 -23 -66 348 -53 -106 264 -33 -46 312 -38 -46 72 -18 -81 60 57 -111 72 -23 -101 324 -18 -86 66 27 -101 246 -23 -101 264 42 -106 192 -38 -106 264 27 -86 36 -13 -56 330 -13 -101 246 -33 -61 138 12 -76 36 57 -111 246 57 -111 102 42 -111 60 -28 -76 102 -38 -81 138 -13 -101 300 -33 -86 102 7 -101 276 -23 -86 102 -18 -101 312 52 -111 138 -18 -81 66 17 -101 246 -48 -111 72 47 -111 102 -33 -81 90 -28 -71 36 -53 -111 36 52 -111 276 -18 -86 102 -33 -51 246 -23 -71 36 -18 -106 330 -53 -111 90 -23 -106 330 -23 -106 312 
27 4 1 3 pack_2 0.0983607 1 37 -16 144 
28 4 1 3 pack_2 0.782609 18 -38 -16 348 -38 -11 348 -38 4 348 -38 -1 348 -48 4 330 -43 -6 276 -43 -1 276 -48 4 300 -43 -21 330 -48 -36 36 -38 -11 276 -43 -26 324 -8 -26 312 -43 -26 300 -18 -31 324 -23 -16 330 -33 -11 276 -28 -21 324 
29 4 1 3 pack_2 0.113924 3 -48 -101 324 -53 -111 300 -43 -106 312 
30 4 1 3 pack_2 0.102564 4 -8 69 192 -18 59 300 17 64 168 -3 69 192 
31 4 1 3 pack_2 0.955752 18 7 99 36 -8 94 36 -8 89 36 -28 79 192 17 84 348 -8 94 246 2 84 348 -3 99 228 -8 89 330 -23 99 348 -3 89 330 -13 94 330 -18 99 330 -8 94 330 -28 79 36 -8 84 36 12 94 36 -18 94 312 
32 4 1 3 pack_2 0.375 1 12 89 36 
33 4 1 3 pack_2 0.230769 1 -28 94 324 
34 4 1 3 pack_2 0.130435 1 -13 79 348 
35 4 1 3 pack_2 0.976077 34 -43 64 60 -33 64 102 -3 69 150 12 69 324 -3 64 300 -38 69 192 -18 69 192 -43 64 144 -13 64 312 -43 64 150 -8 64 312 -23 64 138 -43 59 228 -38 59 144 -48 54 150 -33 54 144 -53 49 150 -48 49 144 -43 44 138 -48 34 150 -43 34 150 -38 24 300 -8 24 312 -43 19 330 -33 14 330 -23 14 330 -43 9 324 -38 9 300 -28 9 330 -33 4 312 -43 4 324 -43 4 312 -38 4 312 -43 -1 330 
36 4 1 3 pack_2 1 7 -33 -1 312 -38 -1 330 -33 -1 324 -33 -6 312 -38 -6 330 -23 -6 330 -33 -16 300 
37 4 1 3 pack_2 1 1 -18 69 36 
38 4 1 3 pack_2 1 3 -48 4 312 -48 24 300 -48 59 300 
39 4 1 3 pack_2 1 3 17 74 330 -3 74 348 -38 74 192 
40 4 1 3 pack_2 0.736842 7 -23 -11 324 -33 24 144 -23 54 138 -13 69 168 -23 -1 330 -33 49 138 -33 24 138 
41 4 1 3 pack_2 0.285714 1 -38 -11 324 
42 4 1 3 pack_2 0.00722892 5 -8 74 36 -33 79 36 -13 99 324 -28 89 36 -18 89 60 
