10 68 4
0 0 -1 241 2 15 -1 -1 -1 -1 -1 3 101 
1 1 -1 113 1 23 -1 -1 -1 -1 -1 3 2 
2 1 -1 235 2 19 -1 -1 -1 -1 -1 1 1326 
3 2 -1 14 2 23 -1 -1 -1 -1 -1 2 1128 
4 2 -1 187 2 22 -1 -1 -1 -1 -1 1 1228 
5 2 36 0 0 0 0 0 0 0 0 0 0 
6 2 -1 281 2 13 -1 -1 -1 -1 -1 2 5666 
7 3 0 0 0 0 0 0 0 0 0 0 0 
8 3 -1 108 4 21 -1 -1 -1 -1 -1 0 2345 
9 3 16 0 0 0 0 0 0 0 0 0 0 
10 3 -1 235 2 34 -1 -1 -1 -1 -1 2 411 
11 3 0 0 0 0 0 0 0 0 0 0 0 
12 3 0 0 0 0 0 0 0 0 0 0 0 
13 3 -1 254 2 12 -1 -1 -1 -1 -1 1 4379 
14 3 -1 305 4 14 -1 -1 -1 -1 -1 3 566 
15 4 0 0 0 0 0 0 0 0 0 0 0 
16 4 0 0 0 0 0 0 0 0 0 0 0 
17 4 -1 170 2 24 -1 -1 -1 -1 -1 2 1276 
18 4 15 0 0 0 0 0 0 0 0 0 0 
19 4 0 0 0 0 0 0 0 0 0 0 0 
20 4 0 0 0 0 0 0 0 0 0 0 0 
21 4 -1 250 0 24 -1 -1 -1 -1 -1 2 -17 
22 4 35 0 0 0 0 0 0 0 0 0 0 
23 4 0 0 0 0 0 0 0 0 0 0 0 
24 4 0 0 0 0 0 0 0 0 0 0 0 
25 4 0 0 0 0 0 0 0 0 0 0 0 
26 4 0 0 0 0 0 0 0 0 0 0 0 
27 4 -1 3 1 10 -1 -1 -1 -1 -1 2 -26 
28 4 -1 355 2 25 -1 -1 -1 -1 -1 3 803 
29 4 -1 104 4 26 -1 -1 -1 -1 -1 0 3486 
30 4 -1 49 0 18 -1 -1 -1 -1 -1 3 10 
31 5 0 0 0 0 0 0 0 0 0 0 0 
32 5 0 0 0 0 0 0 0 0 0 0 0 
33 5 0 0 0 0 0 0 0 0 0 0 0 
34 5 0 0 0 0 0 0 0 0 0 0 0 
35 5 -1 223 2 13 -1 -1 -1 -1 -1 0 5936 
36 5 -1 60 3 30 -1 -1 -1 -1 -1 3 -1 
37 5 0 0 0 0 0 0 0 0 0 0 0 
38 5 0 0 0 0 0 0 0 0 0 0 0 
39 5 0 0 0 0 0 0 0 0 0 0 0 
40 5 0 0 0 0 0 0 0 0 0 0 0 
41 5 0 0 0 0 0 0 0 0 0 0 0 
42 5 0 0 0 0 0 0 0 0 0 0 0 
43 5 -1 119 4 15 -1 -1 -1 -1 -1 2 3514 
44 5 -1 304 3 12 -1 -1 -1 -1 -1 3 1 
45 5 0 0 0 0 0 0 0 0 0 0 0 
46 5 0 0 0 0 0 0 0 0 0 0 0 
47 5 0 0 0 0 0 0 0 0 0 0 0 
48 5 0 0 0 0 0 0 0 0 0 0 0 
49 5 0 0 0 0 0 0 0 0 0 0 0 
50 5 0 0 0 0 0 0 0 0 0 0 0 
51 5 0 0 0 0 0 0 0 0 0 0 0 
52 5 0 0 0 0 0 0 0 0 0 0 0 
53 5 0 0 0 0 0 0 0 0 0 0 0 
54 5 0 0 0 0 0 0 0 0 0 0 0 
55 5 37 0 0 0 0 0 0 0 0 0 0 
56 5 38 0 0 0 0 0 0 0 0 0 0 
57 5 -1 354 4 12 -1 -1 -1 -1 -1 3 7858 
58 5 49 0 0 0 0 0 0 0 0 0 0 
59 5 -1 336 2 10 -1 -1 -1 -1 -1 2 15023 
60 5 62 0 0 0 0 0 0 0 0 0 0 
61 5 63 0 0 0 0 0 0 0 0 0 0 
62 5 -1 312 2 14 -1 -1 -1 -1 -1 2 5236 
63 6 0 0 0 0 0 0 0 0 0 0 0 
64 6 0 0 0 0 0 0 0 0 0 0 0 
65 6 0 0 0 0 0 0 0 0 0 0 0 
66 6 0 0 0 0 0 0 0 0 0 0 0 
67 6 0 0 0 0 0 0 0 0 0 0 0 
68 6 0 0 0 0 0 0 0 0 0 0 0 
69 6 0 0 0 0 0 0 0 0 0 0 0 
70 6 0 0 0 0 0 0 0 0 0 0 0 
71 6 1 0 0 0 0 0 0 0 0 0 0 
72 6 -1 71 2 12 -1 -1 -1 -1 -1 2 7729 
73 6 -1 1 3 23 -1 -1 -1 -1 -1 0 -28 
74 6 14 0 0 0 0 0 0 0 0 0 0 
75 6 0 0 0 0 0 0 0 0 0 0 0 
76 6 0 0 0 0 0 0 0 0 0 0 0 
77 6 0 0 0 0 0 0 0 0 0 0 0 
78 6 0 0 0 0 0 0 0 0 0 0 0 
79 6 0 0 0 0 0 0 0 0 0 0 0 
80 6 0 0 0 0 0 0 0 0 0 0 0 
81 6 0 0 0 0 0 0 0 0 0 0 0 
82 6 0 0 0 0 0 0 0 0 0 0 0 
83 6 0 0 0 0 0 0 0 0 0 0 0 
84 6 0 0 0 0 0 0 0 0 0 0 0 
85 6 0 0 0 0 0 0 0 0 0 0 0 
86 6 0 0 0 0 0 0 0 0 0 0 0 
87 6 -1 233 3 35 -1 -1 -1 -1 -1 3 -5 
88 6 22 0 0 0 0 0 0 0 0 0 0 
89 6 -1 34 0 24 -1 -1 -1 -1 -1 1 3 
90 6 -1 88 4 34 -1 -1 -1 -1 -1 1 3505 
91 6 0 0 0 0 0 0 0 0 0 0 0 
92 6 0 0 0 0 0 0 0 0 0 0 0 
93 6 0 0 0 0 0 0 0 0 0 0 0 
94 6 0 0 0 0 0 0 0 0 0 0 0 
95 6 0 0 0 0 0 0 0 0 0 0 0 
96 6 0 0 0 0 0 0 0 0 0 0 0 
97 6 0 0 0 0 0 0 0 0 0 0 0 
98 6 0 0 0 0 0 0 0 0 0 0 0 
99 6 0 0 0 0 0 0 0 0 0 0 0 
100 6 0 0 0 0 0 0 0 0 0 0 0 
101 6 0 0 0 0 0 0 0 0 0 0 0 
102 6 0 0 0 0 0 0 0 0 0 0 0 
103 6 0 0 0 0 0 0 0 0 0 0 0 
104 6 0 0 0 0 0 0 0 0 0 0 0 
105 6 0 0 0 0 0 0 0 0 0 0 0 
106 6 0 0 0 0 0 0 0 0 0 0 0 
107 6 0 0 0 0 0 0 0 0 0 0 0 
108 6 0 0 0 0 0 0 0 0 0 0 0 
109 6 0 0 0 0 0 0 0 0 0 0 0 
110 6 0 0 0 0 0 0 0 0 0 0 0 
111 6 0 0 0 0 0 0 0 0 0 0 0 
112 6 0 0 0 0 0 0 0 0 0 0 0 
113 6 0 0 0 0 0 0 0 0 0 0 0 
114 6 0 0 0 0 0 0 0 0 0 0 0 
115 6 -1 228 1 33 -1 -1 -1 -1 -1 1 -29 
116 6 48 0 0 0 0 0 0 0 0 0 0 
117 6 0 0 0 0 0 0 0 0 0 0 0 
118 6 0 0 0 0 0 0 0 0 0 0 0 
119 6 -1 153 2 14 -1 -1 -1 -1 -1 1 5346 
120 6 -1 254 2 27 -1 -1 -1 -1 -1 2 1263 
121 6 0 0 0 0 0 0 0 0 0 0 0 
122 6 0 0 0 0 0 0 0 0 0 0 0 
123 6 0 0 0 0 0 0 0 0 0 0 0 
124 6 0 0 0 0 0 0 0 0 0 0 0 
125 6 -1 327 3 18 -1 -1 -1 -1 -1 1 -30 
126 6 67 0 0 0 0 0 0 0 0 0 0 
127 7 0 0 0 0 0 0 0 0 0 0 0 
128 7 0 0 0 0 0 0 0 0 0 0 0 
129 7 0 0 0 0 0 0 0 0 0 0 0 
130 7 0 0 0 0 0 0 0 0 0 0 0 
131 7 0 0 0 0 0 0 0 0 0 0 0 
132 7 0 0 0 0 0 0 0 0 0 0 0 
133 7 0 0 0 0 0 0 0 0 0 0 0 
134 7 0 0 0 0 0 0 0 0 0 0 0 
135 7 0 0 0 0 0 0 0 0 0 0 0 
136 7 0 0 0 0 0 0 0 0 0 0 0 
137 7 0 0 0 0 0 0 0 0 0 0 0 
138 7 0 0 0 0 0 0 0 0 0 0 0 
139 7 0 0 0 0 0 0 0 0 0 0 0 
140 7 0 0 0 0 0 0 0 0 0 0 0 
141 7 0 0 0 0 0 0 0 0 0 0 0 
142 7 0 0 0 0 0 0 0 0 0 0 0 
143 7 0 0 0 0 0 0 0 0 0 0 0 
144 7 0 0 0 0 0 0 0 0 0 0 0 
145 7 2 0 0 0 0 0 0 0 0 0 0 
146 7 -1 208 3 20 -1 -1 -1 -1 -1 0 -35 
147 7 -1 13 1 35 -1 -1 -1 -1 -1 2 14 
148 7 13 0 0 0 0 0 0 0 0 0 0 
149 7 0 0 0 0 0 0 0 0 0 0 0 
150 7 0 0 0 0 0 0 0 0 0 0 0 
151 7 0 0 0 0 0 0 0 0 0 0 0 
152 7 0 0 0 0 0 0 0 0 0 0 0 
153 7 0 0 0 0 0 0 0 0 0 0 0 
154 7 0 0 0 0 0 0 0 0 0 0 0 
155 7 0 0 0 0 0 0 0 0 0 0 0 
156 7 0 0 0 0 0 0 0 0 0 0 0 
157 7 0 0 0 0 0 0 0 0 0 0 0 
158 7 0 0 0 0 0 0 0 0 0 0 0 
159 7 0 0 0 0 0 0 0 0 0 0 0 
160 7 0 0 0 0 0 0 0 0 0 0 0 
161 7 0 0 0 0 0 0 0 0 0 0 0 
162 7 0 0 0 0 0 0 0 0 0 0 0 
163 7 0 0 0 0 0 0 0 0 0 0 0 
164 7 0 0 0 0 0 0 0 0 0 0 0 
165 7 0 0 0 0 0 0 0 0 0 0 0 
166 7 0 0 0 0 0 0 0 0 0 0 0 
167 7 0 0 0 0 0 0 0 0 0 0 0 
168 7 0 0 0 0 0 0 0 0 0 0 0 
169 7 0 0 0 0 0 0 0 0 0 0 0 
170 7 0 0 0 0 0 0 0 0 0 0 0 
171 7 0 0 0 0 0 0 0 0 0 0 0 
172 7 0 0 0 0 0 0 0 0 0 0 0 
173 7 0 0 0 0 0 0 0 0 0 0 0 
174 7 0 0 0 0 0 0 0 0 0 0 0 
175 7 17 0 0 0 0 0 0 0 0 0 0 
176 7 -1 10 0 33 -1 -1 -1 -1 -1 1 -16 
177 7 0 0 0 0 0 0 0 0 0 0 0 
178 7 0 0 0 0 0 0 0 0 0 0 0 
179 7 -1 223 1 39 -1 -1 -1 -1 -1 0 -19 
180 7 30 0 0 0 0 0 0 0 0 0 0 
181 7 31 0 0 0 0 0 0 0 0 0 0 
182 7 -1 271 1 10 -1 -1 -1 -1 -1 2 -80 
183 7 0 0 0 0 0 0 0 0 0 0 0 
184 7 0 0 0 0 0 0 0 0 0 0 0 
185 7 0 0 0 0 0 0 0 0 0 0 0 
186 7 0 0 0 0 0 0 0 0 0 0 0 
187 7 0 0 0 0 0 0 0 0 0 0 0 
188 7 0 0 0 0 0 0 0 0 0 0 0 
189 7 0 0 0 0 0 0 0 0 0 0 0 
190 7 0 0 0 0 0 0 0 0 0 0 0 
191 7 0 0 0 0 0 0 0 0 0 0 0 
192 7 0 0 0 0 0 0 0 0 0 0 0 
193 7 0 0 0 0 0 0 0 0 0 0 0 
194 7 0 0 0 0 0 0 0 0 0 0 0 
195 7 0 0 0 0 0 0 0 0 0 0 0 
196 7 0 0 0 0 0 0 0 0 0 0 0 
197 7 0 0 0 0 0 0 0 0 0 0 0 
198 7 0 0 0 0 0 0 0 0 0 0 0 
199 7 0 0 0 0 0 0 0 0 0 0 0 
200 7 0 0 0 0 0 0 0 0 0 0 0 
201 7 0 0 0 0 0 0 0 0 0 0 0 
202 7 0 0 0 0 0 0 0 0 0 0 0 
203 7 0 0 0 0 0 0 0 0 0 0 0 
204 7 0 0 0 0 0 0 0 0 0 0 0 
205 7 0 0 0 0 0 0 0 0 0 0 0 
206 7 0 0 0 0 0 0 0 0 0 0 0 
207 7 0 0 0 0 0 0 0 0 0 0 0 
208 7 0 0 0 0 0 0 0 0 0 0 0 
209 7 0 0 0 0 0 0 0 0 0 0 0 
210 7 0 0 0 0 0 0 0 0 0 0 0 
211 7 0 0 0 0 0 0 0 0 0 0 0 
212 7 0 0 0 0 0 0 0 0 0 0 0 
213 7 0 0 0 0 0 0 0 0 0 0 0 
214 7 0 0 0 0 0 0 0 0 0 0 0 
215 7 0 0 0 0 0 0 0 0 0 0 0 
216 7 0 0 0 0 0 0 0 0 0 0 0 
217 7 0 0 0 0 0 0 0 0 0 0 0 
218 7 0 0 0 0 0 0 0 0 0 0 0 
219 7 0 0 0 0 0 0 0 0 0 0 0 
220 7 0 0 0 0 0 0 0 0 0 0 0 
221 7 0 0 0 0 0 0 0 0 0 0 0 
222 7 0 0 0 0 0 0 0 0 0 0 0 
223 7 0 0 0 0 0 0 0 0 0 0 0 
224 7 0 0 0 0 0 0 0 0 0 0 0 
225 7 0 0 0 0 0 0 0 0 0 0 0 
226 7 0 0 0 0 0 0 0 0 0 0 0 
227 7 0 0 0 0 0 0 0 0 0 0 0 
228 7 0 0 0 0 0 0 0 0 0 0 0 
229 7 0 0 0 0 0 0 0 0 0 0 0 
230 7 0 0 0 0 0 0 0 0 0 0 0 
231 7 39 0 0 0 0 0 0 0 0 0 0 
232 7 -1 336 1 21 -1 -1 -1 -1 -1 3 -21 
233 7 0 0 0 0 0 0 0 0 0 0 0 
234 7 0 0 0 0 0 0 0 0 0 0 0 
235 7 0 0 0 0 0 0 0 0 0 0 0 
236 7 0 0 0 0 0 0 0 0 0 0 0 
237 7 0 0 0 0 0 0 0 0 0 0 0 
238 7 0 0 0 0 0 0 0 0 0 0 0 
239 7 -1 253 2 22 -1 -1 -1 -1 -1 2 1441 
240 7 -1 61 2 20 -1 -1 -1 -1 -1 2 2686 
241 7 60 0 0 0 0 0 0 0 0 0 0 
242 7 61 0 0 0 0 0 0 0 0 0 0 
243 7 0 0 0 0 0 0 0 0 0 0 0 
244 7 0 0 0 0 0 0 0 0 0 0 0 
245 7 0 0 0 0 0 0 0 0 0 0 0 
246 7 0 0 0 0 0 0 0 0 0 0 0 
247 7 0 0 0 0 0 0 0 0 0 0 0 
248 7 0 0 0 0 0 0 0 0 0 0 0 
249 7 0 0 0 0 0 0 0 0 0 0 0 
250 7 0 0 0 0 0 0 0 0 0 0 0 
251 7 64 0 0 0 0 0 0 0 0 0 0 
252 7 -1 128 1 38 -1 -1 -1 -1 -1 2 -9 
253 7 0 0 0 0 0 0 0 0 0 0 0 
254 7 0 0 0 0 0 0 0 0 0 0 0 
255 8 0 0 0 0 0 0 0 0 0 0 0 
256 8 0 0 0 0 0 0 0 0 0 0 0 
257 8 0 0 0 0 0 0 0 0 0 0 0 
258 8 0 0 0 0 0 0 0 0 0 0 0 
259 8 0 0 0 0 0 0 0 0 0 0 0 
260 8 0 0 0 0 0 0 0 0 0 0 0 
261 8 0 0 0 0 0 0 0 0 0 0 0 
262 8 0 0 0 0 0 0 0 0 0 0 0 
263 8 0 0 0 0 0 0 0 0 0 0 0 
264 8 0 0 0 0 0 0 0 0 0 0 0 
265 8 0 0 0 0 0 0 0 0 0 0 0 
266 8 0 0 0 0 0 0 0 0 0 0 0 
267 8 0 0 0 0 0 0 0 0 0 0 0 
268 8 0 0 0 0 0 0 0 0 0 0 0 
269 8 0 0 0 0 0 0 0 0 0 0 0 
270 8 0 0 0 0 0 0 0 0 0 0 0 
271 8 0 0 0 0 0 0 0 0 0 0 0 
272 8 0 0 0 0 0 0 0 0 0 0 0 
273 8 0 0 0 0 0 0 0 0 0 0 0 
274 8 0 0 0 0 0 0 0 0 0 0 0 
275 8 0 0 0 0 0 0 0 0 0 0 0 
276 8 0 0 0 0 0 0 0 0 0 0 0 
277 8 0 0 0 0 0 0 0 0 0 0 0 
278 8 0 0 0 0 0 0 0 0 0 0 0 
279 8 0 0 0 0 0 0 0 0 0 0 0 
280 8 0 0 0 0 0 0 0 0 0 0 0 
281 8 0 0 0 0 0 0 0 0 0 0 0 
282 8 0 0 0 0 0 0 0 0 0 0 0 
283 8 0 0 0 0 0 0 0 0 0 0 0 
284 8 0 0 0 0 0 0 0 0 0 0 0 
285 8 0 0 0 0 0 0 0 0 0 0 0 
286 8 0 0 0 0 0 0 0 0 0 0 0 
287 8 0 0 0 0 0 0 0 0 0 0 0 
288 8 0 0 0 0 0 0 0 0 0 0 0 
289 8 0 0 0 0 0 0 0 0 0 0 0 
290 8 0 0 0 0 0 0 0 0 0 0 0 
291 8 0 0 0 0 0 0 0 0 0 0 0 
292 8 0 0 0 0 0 0 0 0 0 0 0 
293 8 -1 77 3 18 -1 -1 -1 -1 -1 1 -20 
294 8 -1 348 0 16 -1 -1 -1 -1 -1 2 7 
295 8 -1 287 2 27 -1 -1 -1 -1 -1 2 1140 
296 8 12 0 0 0 0 0 0 0 0 0 0 
297 8 0 0 0 0 0 0 0 0 0 0 0 
298 8 0 0 0 0 0 0 0 0 0 0 0 
299 8 0 0 0 0 0 0 0 0 0 0 0 
300 8 0 0 0 0 0 0 0 0 0 0 0 
301 8 0 0 0 0 0 0 0 0 0 0 0 
302 8 0 0 0 0 0 0 0 0 0 0 0 
303 8 0 0 0 0 0 0 0 0 0 0 0 
304 8 0 0 0 0 0 0 0 0 0 0 0 
305 8 0 0 0 0 0 0 0 0 0 0 0 
306 8 0 0 0 0 0 0 0 0 0 0 0 
307 8 0 0 0 0 0 0 0 0 0 0 0 
308 8 0 0 0 0 0 0 0 0 0 0 0 
309 8 0 0 0 0 0 0 0 0 0 0 0 
310 8 0 0 0 0 0 0 0 0 0 0 0 
311 8 0 0 0 0 0 0 0 0 0 0 0 
312 8 0 0 0 0 0 0 0 0 0 0 0 
313 8 0 0 0 0 0 0 0 0 0 0 0 
314 8 0 0 0 0 0 0 0 0 0 0 0 
315 8 0 0 0 0 0 0 0 0 0 0 0 
316 8 0 0 0 0 0 0 0 0 0 0 0 
317 8 0 0 0 0 0 0 0 0 0 0 0 
318 8 0 0 0 0 0 0 0 0 0 0 0 
319 8 0 0 0 0 0 0 0 0 0 0 0 
320 8 0 0 0 0 0 0 0 0 0 0 0 
321 8 0 0 0 0 0 0 0 0 0 0 0 
322 8 0 0 0 0 0 0 0 0 0 0 0 
323 8 0 0 0 0 0 0 0 0 0 0 0 
324 8 0 0 0 0 0 0 0 0 0 0 0 
325 8 0 0 0 0 0 0 0 0 0 0 0 
326 8 0 0 0 0 0 0 0 0 0 0 0 
327 8 0 0 0 0 0 0 0 0 0 0 0 
328 8 0 0 0 0 0 0 0 0 0 0 0 
329 8 0 0 0 0 0 0 0 0 0 0 0 
330 8 0 0 0 0 0 0 0 0 0 0 0 
331 8 0 0 0 0 0 0 0 0 0 0 0 
332 8 0 0 0 0 0 0 0 0 0 0 0 
333 8 0 0 0 0 0 0 0 0 0 0 0 
334 8 0 0 0 0 0 0 0 0 0 0 0 
335 8 0 0 0 0 0 0 0 0 0 0 0 
336 8 0 0 0 0 0 0 0 0 0 0 0 
337 8 0 0 0 0 0 0 0 0 0 0 0 
338 8 0 0 0 0 0 0 0 0 0 0 0 
339 8 0 0 0 0 0 0 0 0 0 0 0 
340 8 0 0 0 0 0 0 0 0 0 0 0 
341 8 0 0 0 0 0 0 0 0 0 0 0 
342 8 0 0 0 0 0 0 0 0 0 0 0 
343 8 0 0 0 0 0 0 0 0 0 0 0 
344 8 0 0 0 0 0 0 0 0 0 0 0 
345 8 0 0 0 0 0 0 0 0 0 0 0 
346 8 0 0 0 0 0 0 0 0 0 0 0 
347 8 0 0 0 0 0 0 0 0 0 0 0 
348 8 0 0 0 0 0 0 0 0 0 0 0 
349 8 0 0 0 0 0 0 0 0 0 0 0 
350 8 0 0 0 0 0 0 0 0 0 0 0 
351 8 0 0 0 0 0 0 0 0 0 0 0 
352 8 0 0 0 0 0 0 0 0 0 0 0 
353 8 18 0 0 0 0 0 0 0 0 0 0 
354 8 -1 163 2 38 -1 -1 -1 -1 -1 0 263 
355 8 0 0 0 0 0 0 0 0 0 0 0 
356 8 0 0 0 0 0 0 0 0 0 0 0 
357 8 0 0 0 0 0 0 0 0 0 0 0 
358 8 0 0 0 0 0 0 0 0 0 0 0 
359 8 -1 341 0 14 -1 -1 -1 -1 -1 3 -6 
360 8 -1 130 2 31 -1 -1 -1 -1 -1 3 1 
361 8 0 0 0 0 0 0 0 0 0 0 0 
362 8 0 0 0 0 0 0 0 0 0 0 0 
363 8 0 0 0 0 0 0 0 0 0 0 0 
364 8 0 0 0 0 0 0 0 0 0 0 0 
365 8 32 0 0 0 0 0 0 0 0 0 0 
366 8 -1 289 2 31 -1 -1 -1 -1 -1 2 588 
367 8 0 0 0 0 0 0 0 0 0 0 0 
368 8 0 0 0 0 0 0 0 0 0 0 0 
369 8 0 0 0 0 0 0 0 0 0 0 0 
370 8 0 0 0 0 0 0 0 0 0 0 0 
371 8 0 0 0 0 0 0 0 0 0 0 0 
372 8 0 0 0 0 0 0 0 0 0 0 0 
373 8 0 0 0 0 0 0 0 0 0 0 0 
374 8 0 0 0 0 0 0 0 0 0 0 0 
375 8 0 0 0 0 0 0 0 0 0 0 0 
376 8 0 0 0 0 0 0 0 0 0 0 0 
377 8 0 0 0 0 0 0 0 0 0 0 0 
378 8 0 0 0 0 0 0 0 0 0 0 0 
379 8 0 0 0 0 0 0 0 0 0 0 0 
380 8 0 0 0 0 0 0 0 0 0 0 0 
381 8 0 0 0 0 0 0 0 0 0 0 0 
382 8 0 0 0 0 0 0 0 0 0 0 0 
383 8 0 0 0 0 0 0 0 0 0 0 0 
384 8 0 0 0 0 0 0 0 0 0 0 0 
385 8 0 0 0 0 0 0 0 0 0 0 0 
386 8 0 0 0 0 0 0 0 0 0 0 0 
387 8 0 0 0 0 0 0 0 0 0 0 0 
388 8 0 0 0 0 0 0 0 0 0 0 0 
389 8 0 0 0 0 0 0 0 0 0 0 0 
390 8 0 0 0 0 0 0 0 0 0 0 0 
391 8 0 0 0 0 0 0 0 0 0 0 0 
392 8 0 0 0 0 0 0 0 0 0 0 0 
393 8 0 0 0 0 0 0 0 0 0 0 0 
394 8 0 0 0 0 0 0 0 0 0 0 0 
395 8 0 0 0 0 0 0 0 0 0 0 0 
396 8 0 0 0 0 0 0 0 0 0 0 0 
397 8 0 0 0 0 0 0 0 0 0 0 0 
398 8 0 0 0 0 0 0 0 0 0 0 0 
399 8 0 0 0 0 0 0 0 0 0 0 0 
400 8 0 0 0 0 0 0 0 0 0 0 0 
401 8 0 0 0 0 0 0 0 0 0 0 0 
402 8 0 0 0 0 0 0 0 0 0 0 0 
403 8 0 0 0 0 0 0 0 0 0 0 0 
404 8 0 0 0 0 0 0 0 0 0 0 0 
405 8 0 0 0 0 0 0 0 0 0 0 0 
406 8 0 0 0 0 0 0 0 0 0 0 0 
407 8 0 0 0 0 0 0 0 0 0 0 0 
408 8 0 0 0 0 0 0 0 0 0 0 0 
409 8 0 0 0 0 0 0 0 0 0 0 0 
410 8 0 0 0 0 0 0 0 0 0 0 0 
411 8 0 0 0 0 0 0 0 0 0 0 0 
412 8 0 0 0 0 0 0 0 0 0 0 0 
413 8 0 0 0 0 0 0 0 0 0 0 0 
414 8 0 0 0 0 0 0 0 0 0 0 0 
415 8 0 0 0 0 0 0 0 0 0 0 0 
416 8 0 0 0 0 0 0 0 0 0 0 0 
417 8 0 0 0 0 0 0 0 0 0 0 0 
418 8 0 0 0 0 0 0 0 0 0 0 0 
419 8 0 0 0 0 0 0 0 0 0 0 0 
420 8 0 0 0 0 0 0 0 0 0 0 0 
421 8 0 0 0 0 0 0 0 0 0 0 0 
422 8 0 0 0 0 0 0 0 0 0 0 0 
423 8 0 0 0 0 0 0 0 0 0 0 0 
424 8 0 0 0 0 0 0 0 0 0 0 0 
425 8 0 0 0 0 0 0 0 0 0 0 0 
426 8 0 0 0 0 0 0 0 0 0 0 0 
427 8 0 0 0 0 0 0 0 0 0 0 0 
428 8 0 0 0 0 0 0 0 0 0 0 0 
429 8 0 0 0 0 0 0 0 0 0 0 0 
430 8 0 0 0 0 0 0 0 0 0 0 0 
431 8 0 0 0 0 0 0 0 0 0 0 0 
432 8 0 0 0 0 0 0 0 0 0 0 0 
433 8 0 0 0 0 0 0 0 0 0 0 0 
434 8 0 0 0 0 0 0 0 0 0 0 0 
435 8 0 0 0 0 0 0 0 0 0 0 0 
436 8 0 0 0 0 0 0 0 0 0 0 0 
437 8 0 0 0 0 0 0 0 0 0 0 0 
438 8 0 0 0 0 0 0 0 0 0 0 0 
439 8 0 0 0 0 0 0 0 0 0 0 0 
440 8 0 0 0 0 0 0 0 0 0 0 0 
441 8 0 0 0 0 0 0 0 0 0 0 0 
442 8 0 0 0 0 0 0 0 0 0 0 0 
443 8 0 0 0 0 0 0 0 0 0 0 0 
444 8 0 0 0 0 0 0 0 0 0 0 0 
445 8 0 0 0 0 0 0 0 0 0 0 0 
446 8 0 0 0 0 0 0 0 0 0 0 0 
447 8 0 0 0 0 0 0 0 0 0 0 0 
448 8 0 0 0 0 0 0 0 0 0 0 0 
449 8 0 0 0 0 0 0 0 0 0 0 0 
450 8 0 0 0 0 0 0 0 0 0 0 0 
451 8 0 0 0 0 0 0 0 0 0 0 0 
452 8 0 0 0 0 0 0 0 0 0 0 0 
453 8 0 0 0 0 0 0 0 0 0 0 0 
454 8 0 0 0 0 0 0 0 0 0 0 0 
455 8 0 0 0 0 0 0 0 0 0 0 0 
456 8 0 0 0 0 0 0 0 0 0 0 0 
457 8 0 0 0 0 0 0 0 0 0 0 0 
458 8 0 0 0 0 0 0 0 0 0 0 0 
459 8 0 0 0 0 0 0 0 0 0 0 0 
460 8 0 0 0 0 0 0 0 0 0 0 0 
461 8 0 0 0 0 0 0 0 0 0 0 0 
462 8 0 0 0 0 0 0 0 0 0 0 0 
463 8 0 0 0 0 0 0 0 0 0 0 0 
464 8 0 0 0 0 0 0 0 0 0 0 0 
465 8 -1 51 4 14 -1 -1 -1 -1 -1 1 9916 
466 8 -1 333 3 11 -1 -1 -1 -1 -1 1 -10 
467 8 0 0 0 0 0 0 0 0 0 0 0 
468 8 0 0 0 0 0 0 0 0 0 0 0 
469 8 0 0 0 0 0 0 0 0 0 0 0 
470 8 0 0 0 0 0 0 0 0 0 0 0 
471 8 0 0 0 0 0 0 0 0 0 0 0 
472 8 0 0 0 0 0 0 0 0 0 0 0 
473 8 0 0 0 0 0 0 0 0 0 0 0 
474 8 0 0 0 0 0 0 0 0 0 0 0 
475 8 0 0 0 0 0 0 0 0 0 0 0 
476 8 0 0 0 0 0 0 0 0 0 0 0 
477 8 0 0 0 0 0 0 0 0 0 0 0 
478 8 0 0 0 0 0 0 0 0 0 0 0 
479 8 -1 43 3 24 -1 -1 -1 -1 -1 2 -24 
480 8 52 0 0 0 0 0 0 0 0 0 0 
481 8 -1 275 4 22 -1 -1 -1 -1 -1 0 2186 
482 8 -1 190 2 15 -1 -1 -1 -1 -1 1 4734 
483 8 0 0 0 0 0 0 0 0 0 0 0 
484 8 0 0 0 0 0 0 0 0 0 0 0 
485 8 0 0 0 0 0 0 0 0 0 0 0 
486 8 0 0 0 0 0 0 0 0 0 0 0 
487 8 0 0 0 0 0 0 0 0 0 0 0 
488 8 0 0 0 0 0 0 0 0 0 0 0 
489 8 0 0 0 0 0 0 0 0 0 0 0 
490 8 0 0 0 0 0 0 0 0 0 0 0 
491 8 0 0 0 0 0 0 0 0 0 0 0 
492 8 0 0 0 0 0 0 0 0 0 0 0 
493 8 0 0 0 0 0 0 0 0 0 0 0 
494 8 0 0 0 0 0 0 0 0 0 0 0 
495 8 0 0 0 0 0 0 0 0 0 0 0 
496 8 0 0 0 0 0 0 0 0 0 0 0 
497 8 0 0 0 0 0 0 0 0 0 0 0 
498 8 0 0 0 0 0 0 0 0 0 0 0 
499 8 0 0 0 0 0 0 0 0 0 0 0 
500 8 0 0 0 0 0 0 0 0 0 0 0 
501 8 0 0 0 0 0 0 0 0 0 0 0 
502 8 0 0 0 0 0 0 0 0 0 0 0 
503 8 0 0 0 0 0 0 0 0 0 0 0 
504 8 0 0 0 0 0 0 0 0 0 0 0 
505 8 65 0 0 0 0 0 0 0 0 0 0 
506 8 66 0 0 0 0 0 0 0 0 0 0 
507 8 0 0 0 0 0 0 0 0 0 0 0 
508 8 0 0 0 0 0 0 0 0 0 0 0 
509 8 0 0 0 0 0 0 0 0 0 0 0 
510 8 0 0 0 0 0 0 0 0 0 0 0 
511 9 0 0 0 0 0 0 0 0 0 0 0 
512 9 0 0 0 0 0 0 0 0 0 0 0 
513 9 0 0 0 0 0 0 0 0 0 0 0 
514 9 0 0 0 0 0 0 0 0 0 0 0 
515 9 0 0 0 0 0 0 0 0 0 0 0 
516 9 0 0 0 0 0 0 0 0 0 0 0 
517 9 0 0 0 0 0 0 0 0 0 0 0 
518 9 0 0 0 0 0 0 0 0 0 0 0 
519 9 0 0 0 0 0 0 0 0 0 0 0 
520 9 0 0 0 0 0 0 0 0 0 0 0 
521 9 0 0 0 0 0 0 0 0 0 0 0 
522 9 0 0 0 0 0 0 0 0 0 0 0 
523 9 0 0 0 0 0 0 0 0 0 0 0 
524 9 0 0 0 0 0 0 0 0 0 0 0 
525 9 0 0 0 0 0 0 0 0 0 0 0 
526 9 0 0 0 0 0 0 0 0 0 0 0 
527 9 0 0 0 0 0 0 0 0 0 0 0 
528 9 0 0 0 0 0 0 0 0 0 0 0 
529 9 0 0 0 0 0 0 0 0 0 0 0 
530 9 0 0 0 0 0 0 0 0 0 0 0 
531 9 0 0 0 0 0 0 0 0 0 0 0 
532 9 0 0 0 0 0 0 0 0 0 0 0 
533 9 0 0 0 0 0 0 0 0 0 0 0 
534 9 0 0 0 0 0 0 0 0 0 0 0 
535 9 0 0 0 0 0 0 0 0 0 0 0 
536 9 0 0 0 0 0 0 0 0 0 0 0 
537 9 0 0 0 0 0 0 0 0 0 0 0 
538 9 0 0 0 0 0 0 0 0 0 0 0 
539 9 0 0 0 0 0 0 0 0 0 0 0 
540 9 0 0 0 0 0 0 0 0 0 0 0 
541 9 0 0 0 0 0 0 0 0 0 0 0 
542 9 0 0 0 0 0 0 0 0 0 0 0 
543 9 0 0 0 0 0 0 0 0 0 0 0 
544 9 0 0 0 0 0 0 0 0 0 0 0 
545 9 0 0 0 0 0 0 0 0 0 0 0 
546 9 0 0 0 0 0 0 0 0 0 0 0 
547 9 0 0 0 0 0 0 0 0 0 0 0 
548 9 0 0 0 0 0 0 0 0 0 0 0 
549 9 0 0 0 0 0 0 0 0 0 0 0 
550 9 0 0 0 0 0 0 0 0 0 0 0 
551 9 0 0 0 0 0 0 0 0 0 0 0 
552 9 0 0 0 0 0 0 0 0 0 0 0 
553 9 0 0 0 0 0 0 0 0 0 0 0 
554 9 0 0 0 0 0 0 0 0 0 0 0 
555 9 0 0 0 0 0 0 0 0 0 0 0 
556 9 0 0 0 0 0 0 0 0 0 0 0 
557 9 0 0 0 0 0 0 0 0 0 0 0 
558 9 0 0 0 0 0 0 0 0 0 0 0 
559 9 0 0 0 0 0 0 0 0 0 0 0 
560 9 0 0 0 0 0 0 0 0 0 0 0 
561 9 0 0 0 0 0 0 0 0 0 0 0 
562 9 0 0 0 0 0 0 0 0 0 0 0 
563 9 0 0 0 0 0 0 0 0 0 0 0 
564 9 0 0 0 0 0 0 0 0 0 0 0 
565 9 0 0 0 0 0 0 0 0 0 0 0 
566 9 0 0 0 0 0 0 0 0 0 0 0 
567 9 0 0 0 0 0 0 0 0 0 0 0 
568 9 0 0 0 0 0 0 0 0 0 0 0 
569 9 0 0 0 0 0 0 0 0 0 0 0 
570 9 0 0 0 0 0 0 0 0 0 0 0 
571 9 0 0 0 0 0 0 0 0 0 0 0 
572 9 0 0 0 0 0 0 0 0 0 0 0 
573 9 0 0 0 0 0 0 0 0 0 0 0 
574 9 0 0 0 0 0 0 0 0 0 0 0 
575 9 0 0 0 0 0 0 0 0 0 0 0 
576 9 0 0 0 0 0 0 0 0 0 0 0 
577 9 0 0 0 0 0 0 0 0 0 0 0 
578 9 0 0 0 0 0 0 0 0 0 0 0 
579 9 0 0 0 0 0 0 0 0 0 0 0 
580 9 0 0 0 0 0 0 0 0 0 0 0 
581 9 0 0 0 0 0 0 0 0 0 0 0 
582 9 0 0 0 0 0 0 0 0 0 0 0 
583 9 0 0 0 0 0 0 0 0 0 0 0 
584 9 0 0 0 0 0 0 0 0 0 0 0 
585 9 0 0 0 0 0 0 0 0 0 0 0 
586 9 0 0 0 0 0 0 0 0 0 0 0 
587 9 -1 94 2 15 -1 -1 -1 -1 -1 2 4467 
588 9 5 0 0 0 0 0 0 0 0 0 0 
589 9 -1 269 4 12 -1 -1 -1 -1 -1 0 1335 
590 9 8 0 0 0 0 0 0 0 0 0 0 
591 9 9 0 0 0 0 0 0 0 0 0 0 
592 9 -1 141 2 16 -1 -1 -1 -1 -1 2 4717 
593 9 0 0 0 0 0 0 0 0 0 0 0 
594 9 0 0 0 0 0 0 0 0 0 0 0 
595 9 0 0 0 0 0 0 0 0 0 0 0 
596 9 0 0 0 0 0 0 0 0 0 0 0 
597 9 0 0 0 0 0 0 0 0 0 0 0 
598 9 0 0 0 0 0 0 0 0 0 0 0 
599 9 0 0 0 0 0 0 0 0 0 0 0 
600 9 0 0 0 0 0 0 0 0 0 0 0 
601 9 0 0 0 0 0 0 0 0 0 0 0 
602 9 0 0 0 0 0 0 0 0 0 0 0 
603 9 0 0 0 0 0 0 0 0 0 0 0 
604 9 0 0 0 0 0 0 0 0 0 0 0 
605 9 0 0 0 0 0 0 0 0 0 0 0 
606 9 0 0 0 0 0 0 0 0 0 0 0 
607 9 0 0 0 0 0 0 0 0 0 0 0 
608 9 0 0 0 0 0 0 0 0 0 0 0 
609 9 0 0 0 0 0 0 0 0 0 0 0 
610 9 0 0 0 0 0 0 0 0 0 0 0 
611 9 0 0 0 0 0 0 0 0 0 0 0 
612 9 0 0 0 0 0 0 0 0 0 0 0 
613 9 0 0 0 0 0 0 0 0 0 0 0 
614 9 0 0 0 0 0 0 0 0 0 0 0 
615 9 0 0 0 0 0 0 0 0 0 0 0 
616 9 0 0 0 0 0 0 0 0 0 0 0 
617 9 0 0 0 0 0 0 0 0 0 0 0 
618 9 0 0 0 0 0 0 0 0 0 0 0 
619 9 0 0 0 0 0 0 0 0 0 0 0 
620 9 0 0 0 0 0 0 0 0 0 0 0 
621 9 0 0 0 0 0 0 0 0 0 0 0 
622 9 0 0 0 0 0 0 0 0 0 0 0 
623 9 0 0 0 0 0 0 0 0 0 0 0 
624 9 0 0 0 0 0 0 0 0 0 0 0 
625 9 0 0 0 0 0 0 0 0 0 0 0 
626 9 0 0 0 0 0 0 0 0 0 0 0 
627 9 0 0 0 0 0 0 0 0 0 0 0 
628 9 0 0 0 0 0 0 0 0 0 0 0 
629 9 0 0 0 0 0 0 0 0 0 0 0 
630 9 0 0 0 0 0 0 0 0 0 0 0 
631 9 0 0 0 0 0 0 0 0 0 0 0 
632 9 0 0 0 0 0 0 0 0 0 0 0 
633 9 0 0 0 0 0 0 0 0 0 0 0 
634 9 0 0 0 0 0 0 0 0 0 0 0 
635 9 0 0 0 0 0 0 0 0 0 0 0 
636 9 0 0 0 0 0 0 0 0 0 0 0 
637 9 0 0 0 0 0 0 0 0 0 0 0 
638 9 0 0 0 0 0 0 0 0 0 0 0 
639 9 0 0 0 0 0 0 0 0 0 0 0 
640 9 0 0 0 0 0 0 0 0 0 0 0 
641 9 0 0 0 0 0 0 0 0 0 0 0 
642 9 0 0 0 0 0 0 0 0 0 0 0 
643 9 0 0 0 0 0 0 0 0 0 0 0 
644 9 0 0 0 0 0 0 0 0 0 0 0 
645 9 0 0 0 0 0 0 0 0 0 0 0 
646 9 0 0 0 0 0 0 0 0 0 0 0 
647 9 0 0 0 0 0 0 0 0 0 0 0 
648 9 0 0 0 0 0 0 0 0 0 0 0 
649 9 0 0 0 0 0 0 0 0 0 0 0 
650 9 0 0 0 0 0 0 0 0 0 0 0 
651 9 0 0 0 0 0 0 0 0 0 0 0 
652 9 0 0 0 0 0 0 0 0 0 0 0 
653 9 0 0 0 0 0 0 0 0 0 0 0 
654 9 0 0 0 0 0 0 0 0 0 0 0 
655 9 0 0 0 0 0 0 0 0 0 0 0 
656 9 0 0 0 0 0 0 0 0 0 0 0 
657 9 0 0 0 0 0 0 0 0 0 0 0 
658 9 0 0 0 0 0 0 0 0 0 0 0 
659 9 0 0 0 0 0 0 0 0 0 0 0 
660 9 0 0 0 0 0 0 0 0 0 0 0 
661 9 0 0 0 0 0 0 0 0 0 0 0 
662 9 0 0 0 0 0 0 0 0 0 0 0 
663 9 0 0 0 0 0 0 0 0 0 0 0 
664 9 0 0 0 0 0 0 0 0 0 0 0 
665 9 0 0 0 0 0 0 0 0 0 0 0 
666 9 0 0 0 0 0 0 0 0 0 0 0 
667 9 0 0 0 0 0 0 0 0 0 0 0 
668 9 0 0 0 0 0 0 0 0 0 0 0 
669 9 0 0 0 0 0 0 0 0 0 0 0 
670 9 0 0 0 0 0 0 0 0 0 0 0 
671 9 0 0 0 0 0 0 0 0 0 0 0 
672 9 0 0 0 0 0 0 0 0 0 0 0 
673 9 0 0 0 0 0 0 0 0 0 0 0 
674 9 0 0 0 0 0 0 0 0 0 0 0 
675 9 0 0 0 0 0 0 0 0 0 0 0 
676 9 0 0 0 0 0 0 0 0 0 0 0 
677 9 0 0 0 0 0 0 0 0 0 0 0 
678 9 0 0 0 0 0 0 0 0 0 0 0 
679 9 0 0 0 0 0 0 0 0 0 0 0 
680 9 0 0 0 0 0 0 0 0 0 0 0 
681 9 0 0 0 0 0 0 0 0 0 0 0 
682 9 0 0 0 0 0 0 0 0 0 0 0 
683 9 0 0 0 0 0 0 0 0 0 0 0 
684 9 0 0 0 0 0 0 0 0 0 0 0 
685 9 0 0 0 0 0 0 0 0 0 0 0 
686 9 0 0 0 0 0 0 0 0 0 0 0 
687 9 0 0 0 0 0 0 0 0 0 0 0 
688 9 0 0 0 0 0 0 0 0 0 0 0 
689 9 0 0 0 0 0 0 0 0 0 0 0 
690 9 0 0 0 0 0 0 0 0 0 0 0 
691 9 0 0 0 0 0 0 0 0 0 0 0 
692 9 0 0 0 0 0 0 0 0 0 0 0 
693 9 0 0 0 0 0 0 0 0 0 0 0 
694 9 0 0 0 0 0 0 0 0 0 0 0 
695 9 0 0 0 0 0 0 0 0 0 0 0 
696 9 0 0 0 0 0 0 0 0 0 0 0 
697 9 0 0 0 0 0 0 0 0 0 0 0 
698 9 0 0 0 0 0 0 0 0 0 0 0 
699 9 0 0 0 0 0 0 0 0 0 0 0 
700 9 0 0 0 0 0 0 0 0 0 0 0 
701 9 0 0 0 0 0 0 0 0 0 0 0 
702 9 0 0 0 0 0 0 0 0 0 0 0 
703 9 0 0 0 0 0 0 0 0 0 0 0 
704 9 0 0 0 0 0 0 0 0 0 0 0 
705 9 0 0 0 0 0 0 0 0 0 0 0 
706 9 0 0 0 0 0 0 0 0 0 0 0 
707 9 0 0 0 0 0 0 0 0 0 0 0 
708 9 0 0 0 0 0 0 0 0 0 0 0 
709 9 19 0 0 0 0 0 0 0 0 0 0 
710 9 -1 256 3 20 -1 -1 -1 -1 -1 3 -2 
711 9 0 0 0 0 0 0 0 0 0 0 0 
712 9 0 0 0 0 0 0 0 0 0 0 0 
713 9 0 0 0 0 0 0 0 0 0 0 0 
714 9 0 0 0 0 0 0 0 0 0 0 0 
715 9 0 0 0 0 0 0 0 0 0 0 0 
716 9 0 0 0 0 0 0 0 0 0 0 0 
717 9 0 0 0 0 0 0 0 0 0 0 0 
718 9 0 0 0 0 0 0 0 0 0 0 0 
719 9 -1 237 2 13 -1 -1 -1 -1 -1 1 6512 
720 9 -1 35 4 28 -1 -1 -1 -1 -1 3 223 
721 9 -1 262 2 20 -1 -1 -1 -1 -1 1 2457 
722 9 29 0 0 0 0 0 0 0 0 0 0 
723 9 0 0 0 0 0 0 0 0 0 0 0 
724 9 0 0 0 0 0 0 0 0 0 0 0 
725 9 0 0 0 0 0 0 0 0 0 0 0 
726 9 0 0 0 0 0 0 0 0 0 0 0 
727 9 0 0 0 0 0 0 0 0 0 0 0 
728 9 0 0 0 0 0 0 0 0 0 0 0 
729 9 0 0 0 0 0 0 0 0 0 0 0 
730 9 0 0 0 0 0 0 0 0 0 0 0 
731 9 0 0 0 0 0 0 0 0 0 0 0 
732 9 0 0 0 0 0 0 0 0 0 0 0 
733 9 33 0 0 0 0 0 0 0 0 0 0 
734 9 34 0 0 0 0 0 0 0 0 0 0 
735 9 0 0 0 0 0 0 0 0 0 0 0 
736 9 0 0 0 0 0 0 0 0 0 0 0 
737 9 0 0 0 0 0 0 0 0 0 0 0 
738 9 0 0 0 0 0 0 0 0 0 0 0 
739 9 0 0 0 0 0 0 0 0 0 0 0 
740 9 0 0 0 0 0 0 0 0 0 0 0 
741 9 0 0 0 0 0 0 0 0 0 0 0 
742 9 0 0 0 0 0 0 0 0 0 0 0 
743 9 0 0 0 0 0 0 0 0 0 0 0 
744 9 0 0 0 0 0 0 0 0 0 0 0 
745 9 0 0 0 0 0 0 0 0 0 0 0 
746 9 0 0 0 0 0 0 0 0 0 0 0 
747 9 0 0 0 0 0 0 0 0 0 0 0 
748 9 0 0 0 0 0 0 0 0 0 0 0 
749 9 0 0 0 0 0 0 0 0 0 0 0 
750 9 0 0 0 0 0 0 0 0 0 0 0 
751 9 0 0 0 0 0 0 0 0 0 0 0 
752 9 0 0 0 0 0 0 0 0 0 0 0 
753 9 0 0 0 0 0 0 0 0 0 0 0 
754 9 0 0 0 0 0 0 0 0 0 0 0 
755 9 0 0 0 0 0 0 0 0 0 0 0 
756 9 0 0 0 0 0 0 0 0 0 0 0 
757 9 0 0 0 0 0 0 0 0 0 0 0 
758 9 0 0 0 0 0 0 0 0 0 0 0 
759 9 0 0 0 0 0 0 0 0 0 0 0 
760 9 0 0 0 0 0 0 0 0 0 0 0 
761 9 0 0 0 0 0 0 0 0 0 0 0 
762 9 0 0 0 0 0 0 0 0 0 0 0 
763 9 0 0 0 0 0 0 0 0 0 0 0 
764 9 0 0 0 0 0 0 0 0 0 0 0 
765 9 0 0 0 0 0 0 0 0 0 0 0 
766 9 0 0 0 0 0 0 0 0 0 0 0 
767 9 0 0 0 0 0 0 0 0 0 0 0 
768 9 0 0 0 0 0 0 0 0 0 0 0 
769 9 0 0 0 0 0 0 0 0 0 0 0 
770 9 0 0 0 0 0 0 0 0 0 0 0 
771 9 0 0 0 0 0 0 0 0 0 0 0 
772 9 0 0 0 0 0 0 0 0 0 0 0 
773 9 0 0 0 0 0 0 0 0 0 0 0 
774 9 0 0 0 0 0 0 0 0 0 0 0 
775 9 0 0 0 0 0 0 0 0 0 0 0 
776 9 0 0 0 0 0 0 0 0 0 0 0 
777 9 0 0 0 0 0 0 0 0 0 0 0 
778 9 0 0 0 0 0 0 0 0 0 0 0 
779 9 0 0 0 0 0 0 0 0 0 0 0 
780 9 0 0 0 0 0 0 0 0 0 0 0 
781 9 0 0 0 0 0 0 0 0 0 0 0 
782 9 0 0 0 0 0 0 0 0 0 0 0 
783 9 0 0 0 0 0 0 0 0 0 0 0 
784 9 0 0 0 0 0 0 0 0 0 0 0 
785 9 0 0 0 0 0 0 0 0 0 0 0 
786 9 0 0 0 0 0 0 0 0 0 0 0 
787 9 0 0 0 0 0 0 0 0 0 0 0 
788 9 0 0 0 0 0 0 0 0 0 0 0 
789 9 0 0 0 0 0 0 0 0 0 0 0 
790 9 0 0 0 0 0 0 0 0 0 0 0 
791 9 0 0 0 0 0 0 0 0 0 0 0 
792 9 0 0 0 0 0 0 0 0 0 0 0 
793 9 0 0 0 0 0 0 0 0 0 0 0 
794 9 0 0 0 0 0 0 0 0 0 0 0 
795 9 0 0 0 0 0 0 0 0 0 0 0 
796 9 0 0 0 0 0 0 0 0 0 0 0 
797 9 0 0 0 0 0 0 0 0 0 0 0 
798 9 0 0 0 0 0 0 0 0 0 0 0 
799 9 0 0 0 0 0 0 0 0 0 0 0 
800 9 0 0 0 0 0 0 0 0 0 0 0 
801 9 0 0 0 0 0 0 0 0 0 0 0 
802 9 0 0 0 0 0 0 0 0 0 0 0 
803 9 0 0 0 0 0 0 0 0 0 0 0 
804 9 0 0 0 0 0 0 0 0 0 0 0 
805 9 0 0 0 0 0 0 0 0 0 0 0 
806 9 0 0 0 0 0 0 0 0 0 0 0 
807 9 0 0 0 0 0 0 0 0 0 0 0 
808 9 0 0 0 0 0 0 0 0 0 0 0 
809 9 0 0 0 0 0 0 0 0 0 0 0 
810 9 0 0 0 0 0 0 0 0 0 0 0 
811 9 0 0 0 0 0 0 0 0 0 0 0 
812 9 0 0 0 0 0 0 0 0 0 0 0 
813 9 0 0 0 0 0 0 0 0 0 0 0 
814 9 0 0 0 0 0 0 0 0 0 0 0 
815 9 0 0 0 0 0 0 0 0 0 0 0 
816 9 0 0 0 0 0 0 0 0 0 0 0 
817 9 0 0 0 0 0 0 0 0 0 0 0 
818 9 0 0 0 0 0 0 0 0 0 0 0 
819 9 0 0 0 0 0 0 0 0 0 0 0 
820 9 0 0 0 0 0 0 0 0 0 0 0 
821 9 0 0 0 0 0 0 0 0 0 0 0 
822 9 0 0 0 0 0 0 0 0 0 0 0 
823 9 0 0 0 0 0 0 0 0 0 0 0 
824 9 0 0 0 0 0 0 0 0 0 0 0 
825 9 0 0 0 0 0 0 0 0 0 0 0 
826 9 0 0 0 0 0 0 0 0 0 0 0 
827 9 0 0 0 0 0 0 0 0 0 0 0 
828 9 0 0 0 0 0 0 0 0 0 0 0 
829 9 0 0 0 0 0 0 0 0 0 0 0 
830 9 0 0 0 0 0 0 0 0 0 0 0 
831 9 0 0 0 0 0 0 0 0 0 0 0 
832 9 0 0 0 0 0 0 0 0 0 0 0 
833 9 0 0 0 0 0 0 0 0 0 0 0 
834 9 0 0 0 0 0 0 0 0 0 0 0 
835 9 0 0 0 0 0 0 0 0 0 0 0 
836 9 0 0 0 0 0 0 0 0 0 0 0 
837 9 0 0 0 0 0 0 0 0 0 0 0 
838 9 0 0 0 0 0 0 0 0 0 0 0 
839 9 0 0 0 0 0 0 0 0 0 0 0 
840 9 0 0 0 0 0 0 0 0 0 0 0 
841 9 0 0 0 0 0 0 0 0 0 0 0 
842 9 0 0 0 0 0 0 0 0 0 0 0 
843 9 0 0 0 0 0 0 0 0 0 0 0 
844 9 0 0 0 0 0 0 0 0 0 0 0 
845 9 0 0 0 0 0 0 0 0 0 0 0 
846 9 0 0 0 0 0 0 0 0 0 0 0 
847 9 0 0 0 0 0 0 0 0 0 0 0 
848 9 0 0 0 0 0 0 0 0 0 0 0 
849 9 0 0 0 0 0 0 0 0 0 0 0 
850 9 0 0 0 0 0 0 0 0 0 0 0 
851 9 0 0 0 0 0 0 0 0 0 0 0 
852 9 0 0 0 0 0 0 0 0 0 0 0 
853 9 0 0 0 0 0 0 0 0 0 0 0 
854 9 0 0 0 0 0 0 0 0 0 0 0 
855 9 0 0 0 0 0 0 0 0 0 0 0 
856 9 0 0 0 0 0 0 0 0 0 0 0 
857 9 0 0 0 0 0 0 0 0 0 0 0 
858 9 0 0 0 0 0 0 0 0 0 0 0 
859 9 0 0 0 0 0 0 0 0 0 0 0 
860 9 0 0 0 0 0 0 0 0 0 0 0 
861 9 0 0 0 0 0 0 0 0 0 0 0 
862 9 0 0 0 0 0 0 0 0 0 0 0 
863 9 0 0 0 0 0 0 0 0 0 0 0 
864 9 0 0 0 0 0 0 0 0 0 0 0 
865 9 0 0 0 0 0 0 0 0 0 0 0 
866 9 0 0 0 0 0 0 0 0 0 0 0 
867 9 0 0 0 0 0 0 0 0 0 0 0 
868 9 0 0 0 0 0 0 0 0 0 0 0 
869 9 0 0 0 0 0 0 0 0 0 0 0 
870 9 0 0 0 0 0 0 0 0 0 0 0 
871 9 0 0 0 0 0 0 0 0 0 0 0 
872 9 0 0 0 0 0 0 0 0 0 0 0 
873 9 0 0 0 0 0 0 0 0 0 0 0 
874 9 0 0 0 0 0 0 0 0 0 0 0 
875 9 0 0 0 0 0 0 0 0 0 0 0 
876 9 0 0 0 0 0 0 0 0 0 0 0 
877 9 0 0 0 0 0 0 0 0 0 0 0 
878 9 0 0 0 0 0 0 0 0 0 0 0 
879 9 0 0 0 0 0 0 0 0 0 0 0 
880 9 0 0 0 0 0 0 0 0 0 0 0 
881 9 0 0 0 0 0 0 0 0 0 0 0 
882 9 0 0 0 0 0 0 0 0 0 0 0 
883 9 0 0 0 0 0 0 0 0 0 0 0 
884 9 0 0 0 0 0 0 0 0 0 0 0 
885 9 0 0 0 0 0 0 0 0 0 0 0 
886 9 0 0 0 0 0 0 0 0 0 0 0 
887 9 0 0 0 0 0 0 0 0 0 0 0 
888 9 0 0 0 0 0 0 0 0 0 0 0 
889 9 0 0 0 0 0 0 0 0 0 0 0 
890 9 0 0 0 0 0 0 0 0 0 0 0 
891 9 0 0 0 0 0 0 0 0 0 0 0 
892 9 0 0 0 0 0 0 0 0 0 0 0 
893 9 0 0 0 0 0 0 0 0 0 0 0 
894 9 0 0 0 0 0 0 0 0 0 0 0 
895 9 0 0 0 0 0 0 0 0 0 0 0 
896 9 0 0 0 0 0 0 0 0 0 0 0 
897 9 0 0 0 0 0 0 0 0 0 0 0 
898 9 0 0 0 0 0 0 0 0 0 0 0 
899 9 0 0 0 0 0 0 0 0 0 0 0 
900 9 0 0 0 0 0 0 0 0 0 0 0 
901 9 0 0 0 0 0 0 0 0 0 0 0 
902 9 0 0 0 0 0 0 0 0 0 0 0 
903 9 0 0 0 0 0 0 0 0 0 0 0 
904 9 0 0 0 0 0 0 0 0 0 0 0 
905 9 0 0 0 0 0 0 0 0 0 0 0 
906 9 0 0 0 0 0 0 0 0 0 0 0 
907 9 0 0 0 0 0 0 0 0 0 0 0 
908 9 0 0 0 0 0 0 0 0 0 0 0 
909 9 0 0 0 0 0 0 0 0 0 0 0 
910 9 0 0 0 0 0 0 0 0 0 0 0 
911 9 0 0 0 0 0 0 0 0 0 0 0 
912 9 0 0 0 0 0 0 0 0 0 0 0 
913 9 0 0 0 0 0 0 0 0 0 0 0 
914 9 0 0 0 0 0 0 0 0 0 0 0 
915 9 0 0 0 0 0 0 0 0 0 0 0 
916 9 0 0 0 0 0 0 0 0 0 0 0 
917 9 0 0 0 0 0 0 0 0 0 0 0 
918 9 0 0 0 0 0 0 0 0 0 0 0 
919 9 0 0 0 0 0 0 0 0 0 0 0 
920 9 0 0 0 0 0 0 0 0 0 0 0 
921 9 0 0 0 0 0 0 0 0 0 0 0 
922 9 0 0 0 0 0 0 0 0 0 0 0 
923 9 0 0 0 0 0 0 0 0 0 0 0 
924 9 0 0 0 0 0 0 0 0 0 0 0 
925 9 0 0 0 0 0 0 0 0 0 0 0 
926 9 0 0 0 0 0 0 0 0 0 0 0 
927 9 0 0 0 0 0 0 0 0 0 0 0 
928 9 0 0 0 0 0 0 0 0 0 0 0 
929 9 0 0 0 0 0 0 0 0 0 0 0 
930 9 0 0 0 0 0 0 0 0 0 0 0 
931 9 -1 296 4 10 -1 -1 -1 -1 -1 3 4564 
932 9 -1 227 1 17 -1 -1 -1 -1 -1 3 -20 
933 9 -1 24 3 36 -1 -1 -1 -1 -1 1 -48 
934 9 -1 138 4 30 -1 -1 -1 -1 -1 0 1167 
935 9 0 0 0 0 0 0 0 0 0 0 0 
936 9 0 0 0 0 0 0 0 0 0 0 0 
937 9 0 0 0 0 0 0 0 0 0 0 0 
938 9 0 0 0 0 0 0 0 0 0 0 0 
939 9 0 0 0 0 0 0 0 0 0 0 0 
940 9 0 0 0 0 0 0 0 0 0 0 0 
941 9 0 0 0 0 0 0 0 0 0 0 0 
942 9 0 0 0 0 0 0 0 0 0 0 0 
943 9 0 0 0 0 0 0 0 0 0 0 0 
944 9 0 0 0 0 0 0 0 0 0 0 0 
945 9 0 0 0 0 0 0 0 0 0 0 0 
946 9 0 0 0 0 0 0 0 0 0 0 0 
947 9 0 0 0 0 0 0 0 0 0 0 0 
948 9 0 0 0 0 0 0 0 0 0 0 0 
949 9 0 0 0 0 0 0 0 0 0 0 0 
950 9 0 0 0 0 0 0 0 0 0 0 0 
951 9 0 0 0 0 0 0 0 0 0 0 0 
952 9 0 0 0 0 0 0 0 0 0 0 0 
953 9 0 0 0 0 0 0 0 0 0 0 0 
954 9 0 0 0 0 0 0 0 0 0 0 0 
955 9 0 0 0 0 0 0 0 0 0 0 0 
956 9 0 0 0 0 0 0 0 0 0 0 0 
957 9 0 0 0 0 0 0 0 0 0 0 0 
958 9 0 0 0 0 0 0 0 0 0 0 0 
959 9 50 0 0 0 0 0 0 0 0 0 0 
960 9 51 0 0 0 0 0 0 0 0 0 0 
961 9 0 0 0 0 0 0 0 0 0 0 0 
962 9 0 0 0 0 0 0 0 0 0 0 0 
963 9 -1 56 0 14 -1 -1 -1 -1 -1 0 -70 
964 9 -1 342 0 28 -1 -1 -1 -1 -1 2 0 
965 9 57 0 0 0 0 0 0 0 0 0 0 
966 9 -1 130 4 15 -1 -1 -1 -1 -1 2 1961 
967 9 0 0 0 0 0 0 0 0 0 0 0 
968 9 0 0 0 0 0 0 0 0 0 0 0 
969 9 0 0 0 0 0 0 0 0 0 0 0 
970 9 0 0 0 0 0 0 0 0 0 0 0 
971 9 0 0 0 0 0 0 0 0 0 0 0 
972 9 0 0 0 0 0 0 0 0 0 0 0 
973 9 0 0 0 0 0 0 0 0 0 0 0 
974 9 0 0 0 0 0 0 0 0 0 0 0 
975 9 0 0 0 0 0 0 0 0 0 0 0 
976 9 0 0 0 0 0 0 0 0 0 0 0 
977 9 0 0 0 0 0 0 0 0 0 0 0 
978 9 0 0 0 0 0 0 0 0 0 0 0 
979 9 0 0 0 0 0 0 0 0 0 0 0 
980 9 0 0 0 0 0 0 0 0 0 0 0 
981 9 0 0 0 0 0 0 0 0 0 0 0 
982 9 0 0 0 0 0 0 0 0 0 0 0 
983 9 0 0 0 0 0 0 0 0 0 0 0 
984 9 0 0 0 0 0 0 0 0 0 0 0 
985 9 0 0 0 0 0 0 0 0 0 0 0 
986 9 0 0 0 0 0 0 0 0 0 0 0 
987 9 0 0 0 0 0 0 0 0 0 0 0 
988 9 0 0 0 0 0 0 0 0 0 0 0 
989 9 0 0 0 0 0 0 0 0 0 0 0 
990 9 0 0 0 0 0 0 0 0 0 0 0 
991 9 0 0 0 0 0 0 0 0 0 0 0 
992 9 0 0 0 0 0 0 0 0 0 0 0 
993 9 0 0 0 0 0 0 0 0 0 0 0 
994 9 0 0 0 0 0 0 0 0 0 0 0 
995 9 0 0 0 0 0 0 0 0 0 0 0 
996 9 0 0 0 0 0 0 0 0 0 0 0 
997 9 0 0 0 0 0 0 0 0 0 0 0 
998 9 0 0 0 0 0 0 0 0 0 0 0 
999 9 0 0 0 0 0 0 0 0 0 0 0 
1000 9 0 0 0 0 0 0 0 0 0 0 0 
1001 9 0 0 0 0 0 0 0 0 0 0 0 
1002 9 0 0 0 0 0 0 0 0 0 0 0 
1003 9 0 0 0 0 0 0 0 0 0 0 0 
1004 9 0 0 0 0 0 0 0 0 0 0 0 
1005 9 0 0 0 0 0 0 0 0 0 0 0 
1006 9 0 0 0 0 0 0 0 0 0 0 0 
1007 9 0 0 0 0 0 0 0 0 0 0 0 
1008 9 0 0 0 0 0 0 0 0 0 0 0 
1009 9 0 0 0 0 0 0 0 0 0 0 0 
1010 9 0 0 0 0 0 0 0 0 0 0 0 
1011 9 0 0 0 0 0 0 0 0 0 0 0 
1012 9 0 0 0 0 0 0 0 0 0 0 0 
1013 9 0 0 0 0 0 0 0 0 0 0 0 
1014 9 0 0 0 0 0 0 0 0 0 0 0 
1015 9 0 0 0 0 0 0 0 0 0 0 0 
1016 9 0 0 0 0 0 0 0 0 0 0 0 
1017 9 0 0 0 0 0 0 0 0 0 0 0 
1018 9 0 0 0 0 0 0 0 0 0 0 0 
1019 9 0 0 0 0 0 0 0 0 0 0 0 
1020 9 0 0 0 0 0 0 0 0 0 0 0 
1021 9 0 0 0 0 0 0 0 0 0 0 0 
1022 9 0 0 0 0 0 0 0 0 0 0 0 
1023 10 0 0 0 0 0 0 0 0 0 0 0 
1024 10 0 0 0 0 0 0 0 0 0 0 0 
1025 10 0 0 0 0 0 0 0 0 0 0 0 
1026 10 0 0 0 0 0 0 0 0 0 0 0 
1027 10 0 0 0 0 0 0 0 0 0 0 0 
1028 10 0 0 0 0 0 0 0 0 0 0 0 
1029 10 0 0 0 0 0 0 0 0 0 0 0 
1030 10 0 0 0 0 0 0 0 0 0 0 0 
1031 10 0 0 0 0 0 0 0 0 0 0 0 
1032 10 0 0 0 0 0 0 0 0 0 0 0 
1033 10 0 0 0 0 0 0 0 0 0 0 0 
1034 10 0 0 0 0 0 0 0 0 0 0 0 
1035 10 0 0 0 0 0 0 0 0 0 0 0 
1036 10 0 0 0 0 0 0 0 0 0 0 0 
1037 10 0 0 0 0 0 0 0 0 0 0 0 
1038 10 0 0 0 0 0 0 0 0 0 0 0 
1039 10 0 0 0 0 0 0 0 0 0 0 0 
1040 10 0 0 0 0 0 0 0 0 0 0 0 
1041 10 0 0 0 0 0 0 0 0 0 0 0 
1042 10 0 0 0 0 0 0 0 0 0 0 0 
1043 10 0 0 0 0 0 0 0 0 0 0 0 
1044 10 0 0 0 0 0 0 0 0 0 0 0 
1045 10 0 0 0 0 0 0 0 0 0 0 0 
1046 10 0 0 0 0 0 0 0 0 0 0 0 
1047 10 0 0 0 0 0 0 0 0 0 0 0 
1048 10 0 0 0 0 0 0 0 0 0 0 0 
1049 10 0 0 0 0 0 0 0 0 0 0 0 
1050 10 0 0 0 0 0 0 0 0 0 0 0 
1051 10 0 0 0 0 0 0 0 0 0 0 0 
1052 10 0 0 0 0 0 0 0 0 0 0 0 
1053 10 0 0 0 0 0 0 0 0 0 0 0 
1054 10 0 0 0 0 0 0 0 0 0 0 0 
1055 10 0 0 0 0 0 0 0 0 0 0 0 
1056 10 0 0 0 0 0 0 0 0 0 0 0 
1057 10 0 0 0 0 0 0 0 0 0 0 0 
1058 10 0 0 0 0 0 0 0 0 0 0 0 
1059 10 0 0 0 0 0 0 0 0 0 0 0 
1060 10 0 0 0 0 0 0 0 0 0 0 0 
1061 10 0 0 0 0 0 0 0 0 0 0 0 
1062 10 0 0 0 0 0 0 0 0 0 0 0 
1063 10 0 0 0 0 0 0 0 0 0 0 0 
1064 10 0 0 0 0 0 0 0 0 0 0 0 
1065 10 0 0 0 0 0 0 0 0 0 0 0 
1066 10 0 0 0 0 0 0 0 0 0 0 0 
1067 10 0 0 0 0 0 0 0 0 0 0 0 
1068 10 0 0 0 0 0 0 0 0 0 0 0 
1069 10 0 0 0 0 0 0 0 0 0 0 0 
1070 10 0 0 0 0 0 0 0 0 0 0 0 
1071 10 0 0 0 0 0 0 0 0 0 0 0 
1072 10 0 0 0 0 0 0 0 0 0 0 0 
1073 10 0 0 0 0 0 0 0 0 0 0 0 
1074 10 0 0 0 0 0 0 0 0 0 0 0 
1075 10 0 0 0 0 0 0 0 0 0 0 0 
1076 10 0 0 0 0 0 0 0 0 0 0 0 
1077 10 0 0 0 0 0 0 0 0 0 0 0 
1078 10 0 0 0 0 0 0 0 0 0 0 0 
1079 10 0 0 0 0 0 0 0 0 0 0 0 
1080 10 0 0 0 0 0 0 0 0 0 0 0 
1081 10 0 0 0 0 0 0 0 0 0 0 0 
1082 10 0 0 0 0 0 0 0 0 0 0 0 
1083 10 0 0 0 0 0 0 0 0 0 0 0 
1084 10 0 0 0 0 0 0 0 0 0 0 0 
1085 10 0 0 0 0 0 0 0 0 0 0 0 
1086 10 0 0 0 0 0 0 0 0 0 0 0 
1087 10 0 0 0 0 0 0 0 0 0 0 0 
1088 10 0 0 0 0 0 0 0 0 0 0 0 
1089 10 0 0 0 0 0 0 0 0 0 0 0 
1090 10 0 0 0 0 0 0 0 0 0 0 0 
1091 10 0 0 0 0 0 0 0 0 0 0 0 
1092 10 0 0 0 0 0 0 0 0 0 0 0 
1093 10 0 0 0 0 0 0 0 0 0 0 0 
1094 10 0 0 0 0 0 0 0 0 0 0 0 
1095 10 0 0 0 0 0 0 0 0 0 0 0 
1096 10 0 0 0 0 0 0 0 0 0 0 0 
1097 10 0 0 0 0 0 0 0 0 0 0 0 
1098 10 0 0 0 0 0 0 0 0 0 0 0 
1099 10 0 0 0 0 0 0 0 0 0 0 0 
1100 10 0 0 0 0 0 0 0 0 0 0 0 
1101 10 0 0 0 0 0 0 0 0 0 0 0 
1102 10 0 0 0 0 0 0 0 0 0 0 0 
1103 10 0 0 0 0 0 0 0 0 0 0 0 
1104 10 0 0 0 0 0 0 0 0 0 0 0 
1105 10 0 0 0 0 0 0 0 0 0 0 0 
1106 10 0 0 0 0 0 0 0 0 0 0 0 
1107 10 0 0 0 0 0 0 0 0 0 0 0 
1108 10 0 0 0 0 0 0 0 0 0 0 0 
1109 10 0 0 0 0 0 0 0 0 0 0 0 
1110 10 0 0 0 0 0 0 0 0 0 0 0 
1111 10 0 0 0 0 0 0 0 0 0 0 0 
1112 10 0 0 0 0 0 0 0 0 0 0 0 
1113 10 0 0 0 0 0 0 0 0 0 0 0 
1114 10 0 0 0 0 0 0 0 0 0 0 0 
1115 10 0 0 0 0 0 0 0 0 0 0 0 
1116 10 0 0 0 0 0 0 0 0 0 0 0 
1117 10 0 0 0 0 0 0 0 0 0 0 0 
1118 10 0 0 0 0 0 0 0 0 0 0 0 
1119 10 0 0 0 0 0 0 0 0 0 0 0 
1120 10 0 0 0 0 0 0 0 0 0 0 0 
1121 10 0 0 0 0 0 0 0 0 0 0 0 
1122 10 0 0 0 0 0 0 0 0 0 0 0 
1123 10 0 0 0 0 0 0 0 0 0 0 0 
1124 10 0 0 0 0 0 0 0 0 0 0 0 
1125 10 0 0 0 0 0 0 0 0 0 0 0 
1126 10 0 0 0 0 0 0 0 0 0 0 0 
1127 10 0 0 0 0 0 0 0 0 0 0 0 
1128 10 0 0 0 0 0 0 0 0 0 0 0 
1129 10 0 0 0 0 0 0 0 0 0 0 0 
1130 10 0 0 0 0 0 0 0 0 0 0 0 
1131 10 0 0 0 0 0 0 0 0 0 0 0 
1132 10 0 0 0 0 0 0 0 0 0 0 0 
1133 10 0 0 0 0 0 0 0 0 0 0 0 
1134 10 0 0 0 0 0 0 0 0 0 0 0 
1135 10 0 0 0 0 0 0 0 0 0 0 0 
1136 10 0 0 0 0 0 0 0 0 0 0 0 
1137 10 0 0 0 0 0 0 0 0 0 0 0 
1138 10 0 0 0 0 0 0 0 0 0 0 0 
1139 10 0 0 0 0 0 0 0 0 0 0 0 
1140 10 0 0 0 0 0 0 0 0 0 0 0 
1141 10 0 0 0 0 0 0 0 0 0 0 0 
1142 10 0 0 0 0 0 0 0 0 0 0 0 
1143 10 0 0 0 0 0 0 0 0 0 0 0 
1144 10 0 0 0 0 0 0 0 0 0 0 0 
1145 10 0 0 0 0 0 0 0 0 0 0 0 
1146 10 0 0 0 0 0 0 0 0 0 0 0 
1147 10 0 0 0 0 0 0 0 0 0 0 0 
1148 10 0 0 0 0 0 0 0 0 0 0 0 
1149 10 0 0 0 0 0 0 0 0 0 0 0 
1150 10 0 0 0 0 0 0 0 0 0 0 0 
1151 10 0 0 0 0 0 0 0 0 0 0 0 
1152 10 0 0 0 0 0 0 0 0 0 0 0 
1153 10 0 0 0 0 0 0 0 0 0 0 0 
1154 10 0 0 0 0 0 0 0 0 0 0 0 
1155 10 0 0 0 0 0 0 0 0 0 0 0 
1156 10 0 0 0 0 0 0 0 0 0 0 0 
1157 10 0 0 0 0 0 0 0 0 0 0 0 
1158 10 0 0 0 0 0 0 0 0 0 0 0 
1159 10 0 0 0 0 0 0 0 0 0 0 0 
1160 10 0 0 0 0 0 0 0 0 0 0 0 
1161 10 0 0 0 0 0 0 0 0 0 0 0 
1162 10 0 0 0 0 0 0 0 0 0 0 0 
1163 10 0 0 0 0 0 0 0 0 0 0 0 
1164 10 0 0 0 0 0 0 0 0 0 0 0 
1165 10 0 0 0 0 0 0 0 0 0 0 0 
1166 10 0 0 0 0 0 0 0 0 0 0 0 
1167 10 0 0 0 0 0 0 0 0 0 0 0 
1168 10 0 0 0 0 0 0 0 0 0 0 0 
1169 10 0 0 0 0 0 0 0 0 0 0 0 
1170 10 0 0 0 0 0 0 0 0 0 0 0 
1171 10 0 0 0 0 0 0 0 0 0 0 0 
1172 10 0 0 0 0 0 0 0 0 0 0 0 
1173 10 0 0 0 0 0 0 0 0 0 0 0 
1174 10 0 0 0 0 0 0 0 0 0 0 0 
1175 10 3 0 0 0 0 0 0 0 0 0 0 
1176 10 4 0 0 0 0 0 0 0 0 0 0 
1177 10 0 0 0 0 0 0 0 0 0 0 0 
1178 10 0 0 0 0 0 0 0 0 0 0 0 
1179 10 6 0 0 0 0 0 0 0 0 0 0 
1180 10 7 0 0 0 0 0 0 0 0 0 0 
1181 10 0 0 0 0 0 0 0 0 0 0 0 
1182 10 0 0 0 0 0 0 0 0 0 0 0 
1183 10 0 0 0 0 0 0 0 0 0 0 0 
1184 10 0 0 0 0 0 0 0 0 0 0 0 
1185 10 10 0 0 0 0 0 0 0 0 0 0 
1186 10 11 0 0 0 0 0 0 0 0 0 0 
1187 10 0 0 0 0 0 0 0 0 0 0 0 
1188 10 0 0 0 0 0 0 0 0 0 0 0 
1189 10 0 0 0 0 0 0 0 0 0 0 0 
1190 10 0 0 0 0 0 0 0 0 0 0 0 
1191 10 0 0 0 0 0 0 0 0 0 0 0 
1192 10 0 0 0 0 0 0 0 0 0 0 0 
1193 10 0 0 0 0 0 0 0 0 0 0 0 
1194 10 0 0 0 0 0 0 0 0 0 0 0 
1195 10 0 0 0 0 0 0 0 0 0 0 0 
1196 10 0 0 0 0 0 0 0 0 0 0 0 
1197 10 0 0 0 0 0 0 0 0 0 0 0 
1198 10 0 0 0 0 0 0 0 0 0 0 0 
1199 10 0 0 0 0 0 0 0 0 0 0 0 
1200 10 0 0 0 0 0 0 0 0 0 0 0 
1201 10 0 0 0 0 0 0 0 0 0 0 0 
1202 10 0 0 0 0 0 0 0 0 0 0 0 
1203 10 0 0 0 0 0 0 0 0 0 0 0 
1204 10 0 0 0 0 0 0 0 0 0 0 0 
1205 10 0 0 0 0 0 0 0 0 0 0 0 
1206 10 0 0 0 0 0 0 0 0 0 0 0 
1207 10 0 0 0 0 0 0 0 0 0 0 0 
1208 10 0 0 0 0 0 0 0 0 0 0 0 
1209 10 0 0 0 0 0 0 0 0 0 0 0 
1210 10 0 0 0 0 0 0 0 0 0 0 0 
1211 10 0 0 0 0 0 0 0 0 0 0 0 
1212 10 0 0 0 0 0 0 0 0 0 0 0 
1213 10 0 0 0 0 0 0 0 0 0 0 0 
1214 10 0 0 0 0 0 0 0 0 0 0 0 
1215 10 0 0 0 0 0 0 0 0 0 0 0 
1216 10 0 0 0 0 0 0 0 0 0 0 0 
1217 10 0 0 0 0 0 0 0 0 0 0 0 
1218 10 0 0 0 0 0 0 0 0 0 0 0 
1219 10 0 0 0 0 0 0 0 0 0 0 0 
1220 10 0 0 0 0 0 0 0 0 0 0 0 
1221 10 0 0 0 0 0 0 0 0 0 0 0 
1222 10 0 0 0 0 0 0 0 0 0 0 0 
1223 10 0 0 0 0 0 0 0 0 0 0 0 
1224 10 0 0 0 0 0 0 0 0 0 0 0 
1225 10 0 0 0 0 0 0 0 0 0 0 0 
1226 10 0 0 0 0 0 0 0 0 0 0 0 
1227 10 0 0 0 0 0 0 0 0 0 0 0 
1228 10 0 0 0 0 0 0 0 0 0 0 0 
1229 10 0 0 0 0 0 0 0 0 0 0 0 
1230 10 0 0 0 0 0 0 0 0 0 0 0 
1231 10 0 0 0 0 0 0 0 0 0 0 0 
1232 10 0 0 0 0 0 0 0 0 0 0 0 
1233 10 0 0 0 0 0 0 0 0 0 0 0 
1234 10 0 0 0 0 0 0 0 0 0 0 0 
1235 10 0 0 0 0 0 0 0 0 0 0 0 
1236 10 0 0 0 0 0 0 0 0 0 0 0 
1237 10 0 0 0 0 0 0 0 0 0 0 0 
1238 10 0 0 0 0 0 0 0 0 0 0 0 
1239 10 0 0 0 0 0 0 0 0 0 0 0 
1240 10 0 0 0 0 0 0 0 0 0 0 0 
1241 10 0 0 0 0 0 0 0 0 0 0 0 
1242 10 0 0 0 0 0 0 0 0 0 0 0 
1243 10 0 0 0 0 0 0 0 0 0 0 0 
1244 10 0 0 0 0 0 0 0 0 0 0 0 
1245 10 0 0 0 0 0 0 0 0 0 0 0 
1246 10 0 0 0 0 0 0 0 0 0 0 0 
1247 10 0 0 0 0 0 0 0 0 0 0 0 
1248 10 0 0 0 0 0 0 0 0 0 0 0 
1249 10 0 0 0 0 0 0 0 0 0 0 0 
1250 10 0 0 0 0 0 0 0 0 0 0 0 
1251 10 0 0 0 0 0 0 0 0 0 0 0 
1252 10 0 0 0 0 0 0 0 0 0 0 0 
1253 10 0 0 0 0 0 0 0 0 0 0 0 
1254 10 0 0 0 0 0 0 0 0 0 0 0 
1255 10 0 0 0 0 0 0 0 0 0 0 0 
1256 10 0 0 0 0 0 0 0 0 0 0 0 
1257 10 0 0 0 0 0 0 0 0 0 0 0 
1258 10 0 0 0 0 0 0 0 0 0 0 0 
1259 10 0 0 0 0 0 0 0 0 0 0 0 
1260 10 0 0 0 0 0 0 0 0 0 0 0 
1261 10 0 0 0 0 0 0 0 0 0 0 0 
1262 10 0 0 0 0 0 0 0 0 0 0 0 
1263 10 0 0 0 0 0 0 0 0 0 0 0 
1264 10 0 0 0 0 0 0 0 0 0 0 0 
1265 10 0 0 0 0 0 0 0 0 0 0 0 
1266 10 0 0 0 0 0 0 0 0 0 0 0 
1267 10 0 0 0 0 0 0 0 0 0 0 0 
1268 10 0 0 0 0 0 0 0 0 0 0 0 
1269 10 0 0 0 0 0 0 0 0 0 0 0 
1270 10 0 0 0 0 0 0 0 0 0 0 0 
1271 10 0 0 0 0 0 0 0 0 0 0 0 
1272 10 0 0 0 0 0 0 0 0 0 0 0 
1273 10 0 0 0 0 0 0 0 0 0 0 0 
1274 10 0 0 0 0 0 0 0 0 0 0 0 
1275 10 0 0 0 0 0 0 0 0 0 0 0 
1276 10 0 0 0 0 0 0 0 0 0 0 0 
1277 10 0 0 0 0 0 0 0 0 0 0 0 
1278 10 0 0 0 0 0 0 0 0 0 0 0 
1279 10 0 0 0 0 0 0 0 0 0 0 0 
1280 10 0 0 0 0 0 0 0 0 0 0 0 
1281 10 0 0 0 0 0 0 0 0 0 0 0 
1282 10 0 0 0 0 0 0 0 0 0 0 0 
1283 10 0 0 0 0 0 0 0 0 0 0 0 
1284 10 0 0 0 0 0 0 0 0 0 0 0 
1285 10 0 0 0 0 0 0 0 0 0 0 0 
1286 10 0 0 0 0 0 0 0 0 0 0 0 
1287 10 0 0 0 0 0 0 0 0 0 0 0 
1288 10 0 0 0 0 0 0 0 0 0 0 0 
1289 10 0 0 0 0 0 0 0 0 0 0 0 
1290 10 0 0 0 0 0 0 0 0 0 0 0 
1291 10 0 0 0 0 0 0 0 0 0 0 0 
1292 10 0 0 0 0 0 0 0 0 0 0 0 
1293 10 0 0 0 0 0 0 0 0 0 0 0 
1294 10 0 0 0 0 0 0 0 0 0 0 0 
1295 10 0 0 0 0 0 0 0 0 0 0 0 
1296 10 0 0 0 0 0 0 0 0 0 0 0 
1297 10 0 0 0 0 0 0 0 0 0 0 0 
1298 10 0 0 0 0 0 0 0 0 0 0 0 
1299 10 0 0 0 0 0 0 0 0 0 0 0 
1300 10 0 0 0 0 0 0 0 0 0 0 0 
1301 10 0 0 0 0 0 0 0 0 0 0 0 
1302 10 0 0 0 0 0 0 0 0 0 0 0 
1303 10 0 0 0 0 0 0 0 0 0 0 0 
1304 10 0 0 0 0 0 0 0 0 0 0 0 
1305 10 0 0 0 0 0 0 0 0 0 0 0 
1306 10 0 0 0 0 0 0 0 0 0 0 0 
1307 10 0 0 0 0 0 0 0 0 0 0 0 
1308 10 0 0 0 0 0 0 0 0 0 0 0 
1309 10 0 0 0 0 0 0 0 0 0 0 0 
1310 10 0 0 0 0 0 0 0 0 0 0 0 
1311 10 0 0 0 0 0 0 0 0 0 0 0 
1312 10 0 0 0 0 0 0 0 0 0 0 0 
1313 10 0 0 0 0 0 0 0 0 0 0 0 
1314 10 0 0 0 0 0 0 0 0 0 0 0 
1315 10 0 0 0 0 0 0 0 0 0 0 0 
1316 10 0 0 0 0 0 0 0 0 0 0 0 
1317 10 0 0 0 0 0 0 0 0 0 0 0 
1318 10 0 0 0 0 0 0 0 0 0 0 0 
1319 10 0 0 0 0 0 0 0 0 0 0 0 
1320 10 0 0 0 0 0 0 0 0 0 0 0 
1321 10 0 0 0 0 0 0 0 0 0 0 0 
1322 10 0 0 0 0 0 0 0 0 0 0 0 
1323 10 0 0 0 0 0 0 0 0 0 0 0 
1324 10 0 0 0 0 0 0 0 0 0 0 0 
1325 10 0 0 0 0 0 0 0 0 0 0 0 
1326 10 0 0 0 0 0 0 0 0 0 0 0 
1327 10 0 0 0 0 0 0 0 0 0 0 0 
1328 10 0 0 0 0 0 0 0 0 0 0 0 
1329 10 0 0 0 0 0 0 0 0 0 0 0 
1330 10 0 0 0 0 0 0 0 0 0 0 0 
1331 10 0 0 0 0 0 0 0 0 0 0 0 
1332 10 0 0 0 0 0 0 0 0 0 0 0 
1333 10 0 0 0 0 0 0 0 0 0 0 0 
1334 10 0 0 0 0 0 0 0 0 0 0 0 
1335 10 0 0 0 0 0 0 0 0 0 0 0 
1336 10 0 0 0 0 0 0 0 0 0 0 0 
1337 10 0 0 0 0 0 0 0 0 0 0 0 
1338 10 0 0 0 0 0 0 0 0 0 0 0 
1339 10 0 0 0 0 0 0 0 0 0 0 0 
1340 10 0 0 0 0 0 0 0 0 0 0 0 
1341 10 0 0 0 0 0 0 0 0 0 0 0 
1342 10 0 0 0 0 0 0 0 0 0 0 0 
1343 10 0 0 0 0 0 0 0 0 0 0 0 
1344 10 0 0 0 0 0 0 0 0 0 0 0 
1345 10 0 0 0 0 0 0 0 0 0 0 0 
1346 10 0 0 0 0 0 0 0 0 0 0 0 
1347 10 0 0 0 0 0 0 0 0 0 0 0 
1348 10 0 0 0 0 0 0 0 0 0 0 0 
1349 10 0 0 0 0 0 0 0 0 0 0 0 
1350 10 0 0 0 0 0 0 0 0 0 0 0 
1351 10 0 0 0 0 0 0 0 0 0 0 0 
1352 10 0 0 0 0 0 0 0 0 0 0 0 
1353 10 0 0 0 0 0 0 0 0 0 0 0 
1354 10 0 0 0 0 0 0 0 0 0 0 0 
1355 10 0 0 0 0 0 0 0 0 0 0 0 
1356 10 0 0 0 0 0 0 0 0 0 0 0 
1357 10 0 0 0 0 0 0 0 0 0 0 0 
1358 10 0 0 0 0 0 0 0 0 0 0 0 
1359 10 0 0 0 0 0 0 0 0 0 0 0 
1360 10 0 0 0 0 0 0 0 0 0 0 0 
1361 10 0 0 0 0 0 0 0 0 0 0 0 
1362 10 0 0 0 0 0 0 0 0 0 0 0 
1363 10 0 0 0 0 0 0 0 0 0 0 0 
1364 10 0 0 0 0 0 0 0 0 0 0 0 
1365 10 0 0 0 0 0 0 0 0 0 0 0 
1366 10 0 0 0 0 0 0 0 0 0 0 0 
1367 10 0 0 0 0 0 0 0 0 0 0 0 
1368 10 0 0 0 0 0 0 0 0 0 0 0 
1369 10 0 0 0 0 0 0 0 0 0 0 0 
1370 10 0 0 0 0 0 0 0 0 0 0 0 
1371 10 0 0 0 0 0 0 0 0 0 0 0 
1372 10 0 0 0 0 0 0 0 0 0 0 0 
1373 10 0 0 0 0 0 0 0 0 0 0 0 
1374 10 0 0 0 0 0 0 0 0 0 0 0 
1375 10 0 0 0 0 0 0 0 0 0 0 0 
1376 10 0 0 0 0 0 0 0 0 0 0 0 
1377 10 0 0 0 0 0 0 0 0 0 0 0 
1378 10 0 0 0 0 0 0 0 0 0 0 0 
1379 10 0 0 0 0 0 0 0 0 0 0 0 
1380 10 0 0 0 0 0 0 0 0 0 0 0 
1381 10 0 0 0 0 0 0 0 0 0 0 0 
1382 10 0 0 0 0 0 0 0 0 0 0 0 
1383 10 0 0 0 0 0 0 0 0 0 0 0 
1384 10 0 0 0 0 0 0 0 0 0 0 0 
1385 10 0 0 0 0 0 0 0 0 0 0 0 
1386 10 0 0 0 0 0 0 0 0 0 0 0 
1387 10 0 0 0 0 0 0 0 0 0 0 0 
1388 10 0 0 0 0 0 0 0 0 0 0 0 
1389 10 0 0 0 0 0 0 0 0 0 0 0 
1390 10 0 0 0 0 0 0 0 0 0 0 0 
1391 10 0 0 0 0 0 0 0 0 0 0 0 
1392 10 0 0 0 0 0 0 0 0 0 0 0 
1393 10 0 0 0 0 0 0 0 0 0 0 0 
1394 10 0 0 0 0 0 0 0 0 0 0 0 
1395 10 0 0 0 0 0 0 0 0 0 0 0 
1396 10 0 0 0 0 0 0 0 0 0 0 0 
1397 10 0 0 0 0 0 0 0 0 0 0 0 
1398 10 0 0 0 0 0 0 0 0 0 0 0 
1399 10 0 0 0 0 0 0 0 0 0 0 0 
1400 10 0 0 0 0 0 0 0 0 0 0 0 
1401 10 0 0 0 0 0 0 0 0 0 0 0 
1402 10 0 0 0 0 0 0 0 0 0 0 0 
1403 10 0 0 0 0 0 0 0 0 0 0 0 
1404 10 0 0 0 0 0 0 0 0 0 0 0 
1405 10 0 0 0 0 0 0 0 0 0 0 0 
1406 10 0 0 0 0 0 0 0 0 0 0 0 
1407 10 0 0 0 0 0 0 0 0 0 0 0 
1408 10 0 0 0 0 0 0 0 0 0 0 0 
1409 10 0 0 0 0 0 0 0 0 0 0 0 
1410 10 0 0 0 0 0 0 0 0 0 0 0 
1411 10 0 0 0 0 0 0 0 0 0 0 0 
1412 10 0 0 0 0 0 0 0 0 0 0 0 
1413 10 0 0 0 0 0 0 0 0 0 0 0 
1414 10 0 0 0 0 0 0 0 0 0 0 0 
1415 10 0 0 0 0 0 0 0 0 0 0 0 
1416 10 0 0 0 0 0 0 0 0 0 0 0 
1417 10 0 0 0 0 0 0 0 0 0 0 0 
1418 10 0 0 0 0 0 0 0 0 0 0 0 
1419 10 0 0 0 0 0 0 0 0 0 0 0 
1420 10 0 0 0 0 0 0 0 0 0 0 0 
1421 10 20 0 0 0 0 0 0 0 0 0 0 
1422 10 21 0 0 0 0 0 0 0 0 0 0 
1423 10 0 0 0 0 0 0 0 0 0 0 0 
1424 10 0 0 0 0 0 0 0 0 0 0 0 
1425 10 0 0 0 0 0 0 0 0 0 0 0 
1426 10 0 0 0 0 0 0 0 0 0 0 0 
1427 10 0 0 0 0 0 0 0 0 0 0 0 
1428 10 0 0 0 0 0 0 0 0 0 0 0 
1429 10 0 0 0 0 0 0 0 0 0 0 0 
1430 10 0 0 0 0 0 0 0 0 0 0 0 
1431 10 0 0 0 0 0 0 0 0 0 0 0 
1432 10 0 0 0 0 0 0 0 0 0 0 0 
1433 10 0 0 0 0 0 0 0 0 0 0 0 
1434 10 0 0 0 0 0 0 0 0 0 0 0 
1435 10 0 0 0 0 0 0 0 0 0 0 0 
1436 10 0 0 0 0 0 0 0 0 0 0 0 
1437 10 0 0 0 0 0 0 0 0 0 0 0 
1438 10 0 0 0 0 0 0 0 0 0 0 0 
1439 10 23 0 0 0 0 0 0 0 0 0 0 
1440 10 24 0 0 0 0 0 0 0 0 0 0 
1441 10 25 0 0 0 0 0 0 0 0 0 0 
1442 10 26 0 0 0 0 0 0 0 0 0 0 
1443 10 27 0 0 0 0 0 0 0 0 0 0 
1444 10 28 0 0 0 0 0 0 0 0 0 0 
1445 10 0 0 0 0 0 0 0 0 0 0 0 
1446 10 0 0 0 0 0 0 0 0 0 0 0 
1447 10 0 0 0 0 0 0 0 0 0 0 0 
1448 10 0 0 0 0 0 0 0 0 0 0 0 
1449 10 0 0 0 0 0 0 0 0 0 0 0 
1450 10 0 0 0 0 0 0 0 0 0 0 0 
1451 10 0 0 0 0 0 0 0 0 0 0 0 
1452 10 0 0 0 0 0 0 0 0 0 0 0 
1453 10 0 0 0 0 0 0 0 0 0 0 0 
1454 10 0 0 0 0 0 0 0 0 0 0 0 
1455 10 0 0 0 0 0 0 0 0 0 0 0 
1456 10 0 0 0 0 0 0 0 0 0 0 0 
1457 10 0 0 0 0 0 0 0 0 0 0 0 
1458 10 0 0 0 0 0 0 0 0 0 0 0 
1459 10 0 0 0 0 0 0 0 0 0 0 0 
1460 10 0 0 0 0 0 0 0 0 0 0 0 
1461 10 0 0 0 0 0 0 0 0 0 0 0 
1462 10 0 0 0 0 0 0 0 0 0 0 0 
1463 10 0 0 0 0 0 0 0 0 0 0 0 
1464 10 0 0 0 0 0 0 0 0 0 0 0 
1465 10 0 0 0 0 0 0 0 0 0 0 0 
1466 10 0 0 0 0 0 0 0 0 0 0 0 
1467 10 0 0 0 0 0 0 0 0 0 0 0 
1468 10 0 0 0 0 0 0 0 0 0 0 0 
1469 10 0 0 0 0 0 0 0 0 0 0 0 
1470 10 0 0 0 0 0 0 0 0 0 0 0 
1471 10 0 0 0 0 0 0 0 0 0 0 0 
1472 10 0 0 0 0 0 0 0 0 0 0 0 
1473 10 0 0 0 0 0 0 0 0 0 0 0 
1474 10 0 0 0 0 0 0 0 0 0 0 0 
1475 10 0 0 0 0 0 0 0 0 0 0 0 
1476 10 0 0 0 0 0 0 0 0 0 0 0 
1477 10 0 0 0 0 0 0 0 0 0 0 0 
1478 10 0 0 0 0 0 0 0 0 0 0 0 
1479 10 0 0 0 0 0 0 0 0 0 0 0 
1480 10 0 0 0 0 0 0 0 0 0 0 0 
1481 10 0 0 0 0 0 0 0 0 0 0 0 
1482 10 0 0 0 0 0 0 0 0 0 0 0 
1483 10 0 0 0 0 0 0 0 0 0 0 0 
1484 10 0 0 0 0 0 0 0 0 0 0 0 
1485 10 0 0 0 0 0 0 0 0 0 0 0 
1486 10 0 0 0 0 0 0 0 0 0 0 0 
1487 10 0 0 0 0 0 0 0 0 0 0 0 
1488 10 0 0 0 0 0 0 0 0 0 0 0 
1489 10 0 0 0 0 0 0 0 0 0 0 0 
1490 10 0 0 0 0 0 0 0 0 0 0 0 
1491 10 0 0 0 0 0 0 0 0 0 0 0 
1492 10 0 0 0 0 0 0 0 0 0 0 0 
1493 10 0 0 0 0 0 0 0 0 0 0 0 
1494 10 0 0 0 0 0 0 0 0 0 0 0 
1495 10 0 0 0 0 0 0 0 0 0 0 0 
1496 10 0 0 0 0 0 0 0 0 0 0 0 
1497 10 0 0 0 0 0 0 0 0 0 0 0 
1498 10 0 0 0 0 0 0 0 0 0 0 0 
1499 10 0 0 0 0 0 0 0 0 0 0 0 
1500 10 0 0 0 0 0 0 0 0 0 0 0 
1501 10 0 0 0 0 0 0 0 0 0 0 0 
1502 10 0 0 0 0 0 0 0 0 0 0 0 
1503 10 0 0 0 0 0 0 0 0 0 0 0 
1504 10 0 0 0 0 0 0 0 0 0 0 0 
1505 10 0 0 0 0 0 0 0 0 0 0 0 
1506 10 0 0 0 0 0 0 0 0 0 0 0 
1507 10 0 0 0 0 0 0 0 0 0 0 0 
1508 10 0 0 0 0 0 0 0 0 0 0 0 
1509 10 0 0 0 0 0 0 0 0 0 0 0 
1510 10 0 0 0 0 0 0 0 0 0 0 0 
1511 10 0 0 0 0 0 0 0 0 0 0 0 
1512 10 0 0 0 0 0 0 0 0 0 0 0 
1513 10 0 0 0 0 0 0 0 0 0 0 0 
1514 10 0 0 0 0 0 0 0 0 0 0 0 
1515 10 0 0 0 0 0 0 0 0 0 0 0 
1516 10 0 0 0 0 0 0 0 0 0 0 0 
1517 10 0 0 0 0 0 0 0 0 0 0 0 
1518 10 0 0 0 0 0 0 0 0 0 0 0 
1519 10 0 0 0 0 0 0 0 0 0 0 0 
1520 10 0 0 0 0 0 0 0 0 0 0 0 
1521 10 0 0 0 0 0 0 0 0 0 0 0 
1522 10 0 0 0 0 0 0 0 0 0 0 0 
1523 10 0 0 0 0 0 0 0 0 0 0 0 
1524 10 0 0 0 0 0 0 0 0 0 0 0 
1525 10 0 0 0 0 0 0 0 0 0 0 0 
1526 10 0 0 0 0 0 0 0 0 0 0 0 
1527 10 0 0 0 0 0 0 0 0 0 0 0 
1528 10 0 0 0 0 0 0 0 0 0 0 0 
1529 10 0 0 0 0 0 0 0 0 0 0 0 
1530 10 0 0 0 0 0 0 0 0 0 0 0 
1531 10 0 0 0 0 0 0 0 0 0 0 0 
1532 10 0 0 0 0 0 0 0 0 0 0 0 
1533 10 0 0 0 0 0 0 0 0 0 0 0 
1534 10 0 0 0 0 0 0 0 0 0 0 0 
1535 10 0 0 0 0 0 0 0 0 0 0 0 
1536 10 0 0 0 0 0 0 0 0 0 0 0 
1537 10 0 0 0 0 0 0 0 0 0 0 0 
1538 10 0 0 0 0 0 0 0 0 0 0 0 
1539 10 0 0 0 0 0 0 0 0 0 0 0 
1540 10 0 0 0 0 0 0 0 0 0 0 0 
1541 10 0 0 0 0 0 0 0 0 0 0 0 
1542 10 0 0 0 0 0 0 0 0 0 0 0 
1543 10 0 0 0 0 0 0 0 0 0 0 0 
1544 10 0 0 0 0 0 0 0 0 0 0 0 
1545 10 0 0 0 0 0 0 0 0 0 0 0 
1546 10 0 0 0 0 0 0 0 0 0 0 0 
1547 10 0 0 0 0 0 0 0 0 0 0 0 
1548 10 0 0 0 0 0 0 0 0 0 0 0 
1549 10 0 0 0 0 0 0 0 0 0 0 0 
1550 10 0 0 0 0 0 0 0 0 0 0 0 
1551 10 0 0 0 0 0 0 0 0 0 0 0 
1552 10 0 0 0 0 0 0 0 0 0 0 0 
1553 10 0 0 0 0 0 0 0 0 0 0 0 
1554 10 0 0 0 0 0 0 0 0 0 0 0 
1555 10 0 0 0 0 0 0 0 0 0 0 0 
1556 10 0 0 0 0 0 0 0 0 0 0 0 
1557 10 0 0 0 0 0 0 0 0 0 0 0 
1558 10 0 0 0 0 0 0 0 0 0 0 0 
1559 10 0 0 0 0 0 0 0 0 0 0 0 
1560 10 0 0 0 0 0 0 0 0 0 0 0 
1561 10 0 0 0 0 0 0 0 0 0 0 0 
1562 10 0 0 0 0 0 0 0 0 0 0 0 
1563 10 0 0 0 0 0 0 0 0 0 0 0 
1564 10 0 0 0 0 0 0 0 0 0 0 0 
1565 10 0 0 0 0 0 0 0 0 0 0 0 
1566 10 0 0 0 0 0 0 0 0 0 0 0 
1567 10 0 0 0 0 0 0 0 0 0 0 0 
1568 10 0 0 0 0 0 0 0 0 0 0 0 
1569 10 0 0 0 0 0 0 0 0 0 0 0 
1570 10 0 0 0 0 0 0 0 0 0 0 0 
1571 10 0 0 0 0 0 0 0 0 0 0 0 
1572 10 0 0 0 0 0 0 0 0 0 0 0 
1573 10 0 0 0 0 0 0 0 0 0 0 0 
1574 10 0 0 0 0 0 0 0 0 0 0 0 
1575 10 0 0 0 0 0 0 0 0 0 0 0 
1576 10 0 0 0 0 0 0 0 0 0 0 0 
1577 10 0 0 0 0 0 0 0 0 0 0 0 
1578 10 0 0 0 0 0 0 0 0 0 0 0 
1579 10 0 0 0 0 0 0 0 0 0 0 0 
1580 10 0 0 0 0 0 0 0 0 0 0 0 
1581 10 0 0 0 0 0 0 0 0 0 0 0 
1582 10 0 0 0 0 0 0 0 0 0 0 0 
1583 10 0 0 0 0 0 0 0 0 0 0 0 
1584 10 0 0 0 0 0 0 0 0 0 0 0 
1585 10 0 0 0 0 0 0 0 0 0 0 0 
1586 10 0 0 0 0 0 0 0 0 0 0 0 
1587 10 0 0 0 0 0 0 0 0 0 0 0 
1588 10 0 0 0 0 0 0 0 0 0 0 0 
1589 10 0 0 0 0 0 0 0 0 0 0 0 
1590 10 0 0 0 0 0 0 0 0 0 0 0 
1591 10 0 0 0 0 0 0 0 0 0 0 0 
1592 10 0 0 0 0 0 0 0 0 0 0 0 
1593 10 0 0 0 0 0 0 0 0 0 0 0 
1594 10 0 0 0 0 0 0 0 0 0 0 0 
1595 10 0 0 0 0 0 0 0 0 0 0 0 
1596 10 0 0 0 0 0 0 0 0 0 0 0 
1597 10 0 0 0 0 0 0 0 0 0 0 0 
1598 10 0 0 0 0 0 0 0 0 0 0 0 
1599 10 0 0 0 0 0 0 0 0 0 0 0 
1600 10 0 0 0 0 0 0 0 0 0 0 0 
1601 10 0 0 0 0 0 0 0 0 0 0 0 
1602 10 0 0 0 0 0 0 0 0 0 0 0 
1603 10 0 0 0 0 0 0 0 0 0 0 0 
1604 10 0 0 0 0 0 0 0 0 0 0 0 
1605 10 0 0 0 0 0 0 0 0 0 0 0 
1606 10 0 0 0 0 0 0 0 0 0 0 0 
1607 10 0 0 0 0 0 0 0 0 0 0 0 
1608 10 0 0 0 0 0 0 0 0 0 0 0 
1609 10 0 0 0 0 0 0 0 0 0 0 0 
1610 10 0 0 0 0 0 0 0 0 0 0 0 
1611 10 0 0 0 0 0 0 0 0 0 0 0 
1612 10 0 0 0 0 0 0 0 0 0 0 0 
1613 10 0 0 0 0 0 0 0 0 0 0 0 
1614 10 0 0 0 0 0 0 0 0 0 0 0 
1615 10 0 0 0 0 0 0 0 0 0 0 0 
1616 10 0 0 0 0 0 0 0 0 0 0 0 
1617 10 0 0 0 0 0 0 0 0 0 0 0 
1618 10 0 0 0 0 0 0 0 0 0 0 0 
1619 10 0 0 0 0 0 0 0 0 0 0 0 
1620 10 0 0 0 0 0 0 0 0 0 0 0 
1621 10 0 0 0 0 0 0 0 0 0 0 0 
1622 10 0 0 0 0 0 0 0 0 0 0 0 
1623 10 0 0 0 0 0 0 0 0 0 0 0 
1624 10 0 0 0 0 0 0 0 0 0 0 0 
1625 10 0 0 0 0 0 0 0 0 0 0 0 
1626 10 0 0 0 0 0 0 0 0 0 0 0 
1627 10 0 0 0 0 0 0 0 0 0 0 0 
1628 10 0 0 0 0 0 0 0 0 0 0 0 
1629 10 0 0 0 0 0 0 0 0 0 0 0 
1630 10 0 0 0 0 0 0 0 0 0 0 0 
1631 10 0 0 0 0 0 0 0 0 0 0 0 
1632 10 0 0 0 0 0 0 0 0 0 0 0 
1633 10 0 0 0 0 0 0 0 0 0 0 0 
1634 10 0 0 0 0 0 0 0 0 0 0 0 
1635 10 0 0 0 0 0 0 0 0 0 0 0 
1636 10 0 0 0 0 0 0 0 0 0 0 0 
1637 10 0 0 0 0 0 0 0 0 0 0 0 
1638 10 0 0 0 0 0 0 0 0 0 0 0 
1639 10 0 0 0 0 0 0 0 0 0 0 0 
1640 10 0 0 0 0 0 0 0 0 0 0 0 
1641 10 0 0 0 0 0 0 0 0 0 0 0 
1642 10 0 0 0 0 0 0 0 0 0 0 0 
1643 10 0 0 0 0 0 0 0 0 0 0 0 
1644 10 0 0 0 0 0 0 0 0 0 0 0 
1645 10 0 0 0 0 0 0 0 0 0 0 0 
1646 10 0 0 0 0 0 0 0 0 0 0 0 
1647 10 0 0 0 0 0 0 0 0 0 0 0 
1648 10 0 0 0 0 0 0 0 0 0 0 0 
1649 10 0 0 0 0 0 0 0 0 0 0 0 
1650 10 0 0 0 0 0 0 0 0 0 0 0 
1651 10 0 0 0 0 0 0 0 0 0 0 0 
1652 10 0 0 0 0 0 0 0 0 0 0 0 
1653 10 0 0 0 0 0 0 0 0 0 0 0 
1654 10 0 0 0 0 0 0 0 0 0 0 0 
1655 10 0 0 0 0 0 0 0 0 0 0 0 
1656 10 0 0 0 0 0 0 0 0 0 0 0 
1657 10 0 0 0 0 0 0 0 0 0 0 0 
1658 10 0 0 0 0 0 0 0 0 0 0 0 
1659 10 0 0 0 0 0 0 0 0 0 0 0 
1660 10 0 0 0 0 0 0 0 0 0 0 0 
1661 10 0 0 0 0 0 0 0 0 0 0 0 
1662 10 0 0 0 0 0 0 0 0 0 0 0 
1663 10 0 0 0 0 0 0 0 0 0 0 0 
1664 10 0 0 0 0 0 0 0 0 0 0 0 
1665 10 0 0 0 0 0 0 0 0 0 0 0 
1666 10 0 0 0 0 0 0 0 0 0 0 0 
1667 10 0 0 0 0 0 0 0 0 0 0 0 
1668 10 0 0 0 0 0 0 0 0 0 0 0 
1669 10 0 0 0 0 0 0 0 0 0 0 0 
1670 10 0 0 0 0 0 0 0 0 0 0 0 
1671 10 0 0 0 0 0 0 0 0 0 0 0 
1672 10 0 0 0 0 0 0 0 0 0 0 0 
1673 10 0 0 0 0 0 0 0 0 0 0 0 
1674 10 0 0 0 0 0 0 0 0 0 0 0 
1675 10 0 0 0 0 0 0 0 0 0 0 0 
1676 10 0 0 0 0 0 0 0 0 0 0 0 
1677 10 0 0 0 0 0 0 0 0 0 0 0 
1678 10 0 0 0 0 0 0 0 0 0 0 0 
1679 10 0 0 0 0 0 0 0 0 0 0 0 
1680 10 0 0 0 0 0 0 0 0 0 0 0 
1681 10 0 0 0 0 0 0 0 0 0 0 0 
1682 10 0 0 0 0 0 0 0 0 0 0 0 
1683 10 0 0 0 0 0 0 0 0 0 0 0 
1684 10 0 0 0 0 0 0 0 0 0 0 0 
1685 10 0 0 0 0 0 0 0 0 0 0 0 
1686 10 0 0 0 0 0 0 0 0 0 0 0 
1687 10 0 0 0 0 0 0 0 0 0 0 0 
1688 10 0 0 0 0 0 0 0 0 0 0 0 
1689 10 0 0 0 0 0 0 0 0 0 0 0 
1690 10 0 0 0 0 0 0 0 0 0 0 0 
1691 10 0 0 0 0 0 0 0 0 0 0 0 
1692 10 0 0 0 0 0 0 0 0 0 0 0 
1693 10 0 0 0 0 0 0 0 0 0 0 0 
1694 10 0 0 0 0 0 0 0 0 0 0 0 
1695 10 0 0 0 0 0 0 0 0 0 0 0 
1696 10 0 0 0 0 0 0 0 0 0 0 0 
1697 10 0 0 0 0 0 0 0 0 0 0 0 
1698 10 0 0 0 0 0 0 0 0 0 0 0 
1699 10 0 0 0 0 0 0 0 0 0 0 0 
1700 10 0 0 0 0 0 0 0 0 0 0 0 
1701 10 0 0 0 0 0 0 0 0 0 0 0 
1702 10 0 0 0 0 0 0 0 0 0 0 0 
1703 10 0 0 0 0 0 0 0 0 0 0 0 
1704 10 0 0 0 0 0 0 0 0 0 0 0 
1705 10 0 0 0 0 0 0 0 0 0 0 0 
1706 10 0 0 0 0 0 0 0 0 0 0 0 
1707 10 0 0 0 0 0 0 0 0 0 0 0 
1708 10 0 0 0 0 0 0 0 0 0 0 0 
1709 10 0 0 0 0 0 0 0 0 0 0 0 
1710 10 0 0 0 0 0 0 0 0 0 0 0 
1711 10 0 0 0 0 0 0 0 0 0 0 0 
1712 10 0 0 0 0 0 0 0 0 0 0 0 
1713 10 0 0 0 0 0 0 0 0 0 0 0 
1714 10 0 0 0 0 0 0 0 0 0 0 0 
1715 10 0 0 0 0 0 0 0 0 0 0 0 
1716 10 0 0 0 0 0 0 0 0 0 0 0 
1717 10 0 0 0 0 0 0 0 0 0 0 0 
1718 10 0 0 0 0 0 0 0 0 0 0 0 
1719 10 0 0 0 0 0 0 0 0 0 0 0 
1720 10 0 0 0 0 0 0 0 0 0 0 0 
1721 10 0 0 0 0 0 0 0 0 0 0 0 
1722 10 0 0 0 0 0 0 0 0 0 0 0 
1723 10 0 0 0 0 0 0 0 0 0 0 0 
1724 10 0 0 0 0 0 0 0 0 0 0 0 
1725 10 0 0 0 0 0 0 0 0 0 0 0 
1726 10 0 0 0 0 0 0 0 0 0 0 0 
1727 10 0 0 0 0 0 0 0 0 0 0 0 
1728 10 0 0 0 0 0 0 0 0 0 0 0 
1729 10 0 0 0 0 0 0 0 0 0 0 0 
1730 10 0 0 0 0 0 0 0 0 0 0 0 
1731 10 0 0 0 0 0 0 0 0 0 0 0 
1732 10 0 0 0 0 0 0 0 0 0 0 0 
1733 10 0 0 0 0 0 0 0 0 0 0 0 
1734 10 0 0 0 0 0 0 0 0 0 0 0 
1735 10 0 0 0 0 0 0 0 0 0 0 0 
1736 10 0 0 0 0 0 0 0 0 0 0 0 
1737 10 0 0 0 0 0 0 0 0 0 0 0 
1738 10 0 0 0 0 0 0 0 0 0 0 0 
1739 10 0 0 0 0 0 0 0 0 0 0 0 
1740 10 0 0 0 0 0 0 0 0 0 0 0 
1741 10 0 0 0 0 0 0 0 0 0 0 0 
1742 10 0 0 0 0 0 0 0 0 0 0 0 
1743 10 0 0 0 0 0 0 0 0 0 0 0 
1744 10 0 0 0 0 0 0 0 0 0 0 0 
1745 10 0 0 0 0 0 0 0 0 0 0 0 
1746 10 0 0 0 0 0 0 0 0 0 0 0 
1747 10 0 0 0 0 0 0 0 0 0 0 0 
1748 10 0 0 0 0 0 0 0 0 0 0 0 
1749 10 0 0 0 0 0 0 0 0 0 0 0 
1750 10 0 0 0 0 0 0 0 0 0 0 0 
1751 10 0 0 0 0 0 0 0 0 0 0 0 
1752 10 0 0 0 0 0 0 0 0 0 0 0 
1753 10 0 0 0 0 0 0 0 0 0 0 0 
1754 10 0 0 0 0 0 0 0 0 0 0 0 
1755 10 0 0 0 0 0 0 0 0 0 0 0 
1756 10 0 0 0 0 0 0 0 0 0 0 0 
1757 10 0 0 0 0 0 0 0 0 0 0 0 
1758 10 0 0 0 0 0 0 0 0 0 0 0 
1759 10 0 0 0 0 0 0 0 0 0 0 0 
1760 10 0 0 0 0 0 0 0 0 0 0 0 
1761 10 0 0 0 0 0 0 0 0 0 0 0 
1762 10 0 0 0 0 0 0 0 0 0 0 0 
1763 10 0 0 0 0 0 0 0 0 0 0 0 
1764 10 0 0 0 0 0 0 0 0 0 0 0 
1765 10 0 0 0 0 0 0 0 0 0 0 0 
1766 10 0 0 0 0 0 0 0 0 0 0 0 
1767 10 0 0 0 0 0 0 0 0 0 0 0 
1768 10 0 0 0 0 0 0 0 0 0 0 0 
1769 10 0 0 0 0 0 0 0 0 0 0 0 
1770 10 0 0 0 0 0 0 0 0 0 0 0 
1771 10 0 0 0 0 0 0 0 0 0 0 0 
1772 10 0 0 0 0 0 0 0 0 0 0 0 
1773 10 0 0 0 0 0 0 0 0 0 0 0 
1774 10 0 0 0 0 0 0 0 0 0 0 0 
1775 10 0 0 0 0 0 0 0 0 0 0 0 
1776 10 0 0 0 0 0 0 0 0 0 0 0 
1777 10 0 0 0 0 0 0 0 0 0 0 0 
1778 10 0 0 0 0 0 0 0 0 0 0 0 
1779 10 0 0 0 0 0 0 0 0 0 0 0 
1780 10 0 0 0 0 0 0 0 0 0 0 0 
1781 10 0 0 0 0 0 0 0 0 0 0 0 
1782 10 0 0 0 0 0 0 0 0 0 0 0 
1783 10 0 0 0 0 0 0 0 0 0 0 0 
1784 10 0 0 0 0 0 0 0 0 0 0 0 
1785 10 0 0 0 0 0 0 0 0 0 0 0 
1786 10 0 0 0 0 0 0 0 0 0 0 0 
1787 10 0 0 0 0 0 0 0 0 0 0 0 
1788 10 0 0 0 0 0 0 0 0 0 0 0 
1789 10 0 0 0 0 0 0 0 0 0 0 0 
1790 10 0 0 0 0 0 0 0 0 0 0 0 
1791 10 0 0 0 0 0 0 0 0 0 0 0 
1792 10 0 0 0 0 0 0 0 0 0 0 0 
1793 10 0 0 0 0 0 0 0 0 0 0 0 
1794 10 0 0 0 0 0 0 0 0 0 0 0 
1795 10 0 0 0 0 0 0 0 0 0 0 0 
1796 10 0 0 0 0 0 0 0 0 0 0 0 
1797 10 0 0 0 0 0 0 0 0 0 0 0 
1798 10 0 0 0 0 0 0 0 0 0 0 0 
1799 10 0 0 0 0 0 0 0 0 0 0 0 
1800 10 0 0 0 0 0 0 0 0 0 0 0 
1801 10 0 0 0 0 0 0 0 0 0 0 0 
1802 10 0 0 0 0 0 0 0 0 0 0 0 
1803 10 0 0 0 0 0 0 0 0 0 0 0 
1804 10 0 0 0 0 0 0 0 0 0 0 0 
1805 10 0 0 0 0 0 0 0 0 0 0 0 
1806 10 0 0 0 0 0 0 0 0 0 0 0 
1807 10 0 0 0 0 0 0 0 0 0 0 0 
1808 10 0 0 0 0 0 0 0 0 0 0 0 
1809 10 0 0 0 0 0 0 0 0 0 0 0 
1810 10 0 0 0 0 0 0 0 0 0 0 0 
1811 10 0 0 0 0 0 0 0 0 0 0 0 
1812 10 0 0 0 0 0 0 0 0 0 0 0 
1813 10 0 0 0 0 0 0 0 0 0 0 0 
1814 10 0 0 0 0 0 0 0 0 0 0 0 
1815 10 0 0 0 0 0 0 0 0 0 0 0 
1816 10 0 0 0 0 0 0 0 0 0 0 0 
1817 10 0 0 0 0 0 0 0 0 0 0 0 
1818 10 0 0 0 0 0 0 0 0 0 0 0 
1819 10 0 0 0 0 0 0 0 0 0 0 0 
1820 10 0 0 0 0 0 0 0 0 0 0 0 
1821 10 0 0 0 0 0 0 0 0 0 0 0 
1822 10 0 0 0 0 0 0 0 0 0 0 0 
1823 10 0 0 0 0 0 0 0 0 0 0 0 
1824 10 0 0 0 0 0 0 0 0 0 0 0 
1825 10 0 0 0 0 0 0 0 0 0 0 0 
1826 10 0 0 0 0 0 0 0 0 0 0 0 
1827 10 0 0 0 0 0 0 0 0 0 0 0 
1828 10 0 0 0 0 0 0 0 0 0 0 0 
1829 10 0 0 0 0 0 0 0 0 0 0 0 
1830 10 0 0 0 0 0 0 0 0 0 0 0 
1831 10 0 0 0 0 0 0 0 0 0 0 0 
1832 10 0 0 0 0 0 0 0 0 0 0 0 
1833 10 0 0 0 0 0 0 0 0 0 0 0 
1834 10 0 0 0 0 0 0 0 0 0 0 0 
1835 10 0 0 0 0 0 0 0 0 0 0 0 
1836 10 0 0 0 0 0 0 0 0 0 0 0 
1837 10 0 0 0 0 0 0 0 0 0 0 0 
1838 10 0 0 0 0 0 0 0 0 0 0 0 
1839 10 0 0 0 0 0 0 0 0 0 0 0 
1840 10 0 0 0 0 0 0 0 0 0 0 0 
1841 10 0 0 0 0 0 0 0 0 0 0 0 
1842 10 0 0 0 0 0 0 0 0 0 0 0 
1843 10 0 0 0 0 0 0 0 0 0 0 0 
1844 10 0 0 0 0 0 0 0 0 0 0 0 
1845 10 0 0 0 0 0 0 0 0 0 0 0 
1846 10 0 0 0 0 0 0 0 0 0 0 0 
1847 10 0 0 0 0 0 0 0 0 0 0 0 
1848 10 0 0 0 0 0 0 0 0 0 0 0 
1849 10 0 0 0 0 0 0 0 0 0 0 0 
1850 10 0 0 0 0 0 0 0 0 0 0 0 
1851 10 0 0 0 0 0 0 0 0 0 0 0 
1852 10 0 0 0 0 0 0 0 0 0 0 0 
1853 10 0 0 0 0 0 0 0 0 0 0 0 
1854 10 0 0 0 0 0 0 0 0 0 0 0 
1855 10 0 0 0 0 0 0 0 0 0 0 0 
1856 10 0 0 0 0 0 0 0 0 0 0 0 
1857 10 0 0 0 0 0 0 0 0 0 0 0 
1858 10 0 0 0 0 0 0 0 0 0 0 0 
1859 10 0 0 0 0 0 0 0 0 0 0 0 
1860 10 0 0 0 0 0 0 0 0 0 0 0 
1861 10 0 0 0 0 0 0 0 0 0 0 0 
1862 10 0 0 0 0 0 0 0 0 0 0 0 
1863 10 40 0 0 0 0 0 0 0 0 0 0 
1864 10 41 0 0 0 0 0 0 0 0 0 0 
1865 10 42 0 0 0 0 0 0 0 0 0 0 
1866 10 43 0 0 0 0 0 0 0 0 0 0 
1867 10 44 0 0 0 0 0 0 0 0 0 0 
1868 10 45 0 0 0 0 0 0 0 0 0 0 
1869 10 46 0 0 0 0 0 0 0 0 0 0 
1870 10 47 0 0 0 0 0 0 0 0 0 0 
1871 10 0 0 0 0 0 0 0 0 0 0 0 
1872 10 0 0 0 0 0 0 0 0 0 0 0 
1873 10 0 0 0 0 0 0 0 0 0 0 0 
1874 10 0 0 0 0 0 0 0 0 0 0 0 
1875 10 0 0 0 0 0 0 0 0 0 0 0 
1876 10 0 0 0 0 0 0 0 0 0 0 0 
1877 10 0 0 0 0 0 0 0 0 0 0 0 
1878 10 0 0 0 0 0 0 0 0 0 0 0 
1879 10 0 0 0 0 0 0 0 0 0 0 0 
1880 10 0 0 0 0 0 0 0 0 0 0 0 
1881 10 0 0 0 0 0 0 0 0 0 0 0 
1882 10 0 0 0 0 0 0 0 0 0 0 0 
1883 10 0 0 0 0 0 0 0 0 0 0 0 
1884 10 0 0 0 0 0 0 0 0 0 0 0 
1885 10 0 0 0 0 0 0 0 0 0 0 0 
1886 10 0 0 0 0 0 0 0 0 0 0 0 
1887 10 0 0 0 0 0 0 0 0 0 0 0 
1888 10 0 0 0 0 0 0 0 0 0 0 0 
1889 10 0 0 0 0 0 0 0 0 0 0 0 
1890 10 0 0 0 0 0 0 0 0 0 0 0 
1891 10 0 0 0 0 0 0 0 0 0 0 0 
1892 10 0 0 0 0 0 0 0 0 0 0 0 
1893 10 0 0 0 0 0 0 0 0 0 0 0 
1894 10 0 0 0 0 0 0 0 0 0 0 0 
1895 10 0 0 0 0 0 0 0 0 0 0 0 
1896 10 0 0 0 0 0 0 0 0 0 0 0 
1897 10 0 0 0 0 0 0 0 0 0 0 0 
1898 10 0 0 0 0 0 0 0 0 0 0 0 
1899 10 0 0 0 0 0 0 0 0 0 0 0 
1900 10 0 0 0 0 0 0 0 0 0 0 0 
1901 10 0 0 0 0 0 0 0 0 0 0 0 
1902 10 0 0 0 0 0 0 0 0 0 0 0 
1903 10 0 0 0 0 0 0 0 0 0 0 0 
1904 10 0 0 0 0 0 0 0 0 0 0 0 
1905 10 0 0 0 0 0 0 0 0 0 0 0 
1906 10 0 0 0 0 0 0 0 0 0 0 0 
1907 10 0 0 0 0 0 0 0 0 0 0 0 
1908 10 0 0 0 0 0 0 0 0 0 0 0 
1909 10 0 0 0 0 0 0 0 0 0 0 0 
1910 10 0 0 0 0 0 0 0 0 0 0 0 
1911 10 0 0 0 0 0 0 0 0 0 0 0 
1912 10 0 0 0 0 0 0 0 0 0 0 0 
1913 10 0 0 0 0 0 0 0 0 0 0 0 
1914 10 0 0 0 0 0 0 0 0 0 0 0 
1915 10 0 0 0 0 0 0 0 0 0 0 0 
1916 10 0 0 0 0 0 0 0 0 0 0 0 
1917 10 0 0 0 0 0 0 0 0 0 0 0 
1918 10 0 0 0 0 0 0 0 0 0 0 0 
1919 10 0 0 0 0 0 0 0 0 0 0 0 
1920 10 0 0 0 0 0 0 0 0 0 0 0 
1921 10 0 0 0 0 0 0 0 0 0 0 0 
1922 10 0 0 0 0 0 0 0 0 0 0 0 
1923 10 0 0 0 0 0 0 0 0 0 0 0 
1924 10 0 0 0 0 0 0 0 0 0 0 0 
1925 10 0 0 0 0 0 0 0 0 0 0 0 
1926 10 0 0 0 0 0 0 0 0 0 0 0 
1927 10 53 0 0 0 0 0 0 0 0 0 0 
1928 10 54 0 0 0 0 0 0 0 0 0 0 
1929 10 55 0 0 0 0 0 0 0 0 0 0 
1930 10 56 0 0 0 0 0 0 0 0 0 0 
1931 10 0 0 0 0 0 0 0 0 0 0 0 
1932 10 0 0 0 0 0 0 0 0 0 0 0 
1933 10 58 0 0 0 0 0 0 0 0 0 0 
1934 10 59 0 0 0 0 0 0 0 0 0 0 
1935 10 0 0 0 0 0 0 0 0 0 0 0 
1936 10 0 0 0 0 0 0 0 0 0 0 0 
1937 10 0 0 0 0 0 0 0 0 0 0 0 
1938 10 0 0 0 0 0 0 0 0 0 0 0 
1939 10 0 0 0 0 0 0 0 0 0 0 0 
1940 10 0 0 0 0 0 0 0 0 0 0 0 
1941 10 0 0 0 0 0 0 0 0 0 0 0 
1942 10 0 0 0 0 0 0 0 0 0 0 0 
1943 10 0 0 0 0 0 0 0 0 0 0 0 
1944 10 0 0 0 0 0 0 0 0 0 0 0 
1945 10 0 0 0 0 0 0 0 0 0 0 0 
1946 10 0 0 0 0 0 0 0 0 0 0 0 
1947 10 0 0 0 0 0 0 0 0 0 0 0 
1948 10 0 0 0 0 0 0 0 0 0 0 0 
1949 10 0 0 0 0 0 0 0 0 0 0 0 
1950 10 0 0 0 0 0 0 0 0 0 0 0 
1951 10 0 0 0 0 0 0 0 0 0 0 0 
1952 10 0 0 0 0 0 0 0 0 0 0 0 
1953 10 0 0 0 0 0 0 0 0 0 0 0 
1954 10 0 0 0 0 0 0 0 0 0 0 0 
1955 10 0 0 0 0 0 0 0 0 0 0 0 
1956 10 0 0 0 0 0 0 0 0 0 0 0 
1957 10 0 0 0 0 0 0 0 0 0 0 0 
1958 10 0 0 0 0 0 0 0 0 0 0 0 
1959 10 0 0 0 0 0 0 0 0 0 0 0 
1960 10 0 0 0 0 0 0 0 0 0 0 0 
1961 10 0 0 0 0 0 0 0 0 0 0 0 
1962 10 0 0 0 0 0 0 0 0 0 0 0 
1963 10 0 0 0 0 0 0 0 0 0 0 0 
1964 10 0 0 0 0 0 0 0 0 0 0 0 
1965 10 0 0 0 0 0 0 0 0 0 0 0 
1966 10 0 0 0 0 0 0 0 0 0 0 0 
1967 10 0 0 0 0 0 0 0 0 0 0 0 
1968 10 0 0 0 0 0 0 0 0 0 0 0 
1969 10 0 0 0 0 0 0 0 0 0 0 0 
1970 10 0 0 0 0 0 0 0 0 0 0 0 
1971 10 0 0 0 0 0 0 0 0 0 0 0 
1972 10 0 0 0 0 0 0 0 0 0 0 0 
1973 10 0 0 0 0 0 0 0 0 0 0 0 
1974 10 0 0 0 0 0 0 0 0 0 0 0 
1975 10 0 0 0 0 0 0 0 0 0 0 0 
1976 10 0 0 0 0 0 0 0 0 0 0 0 
1977 10 0 0 0 0 0 0 0 0 0 0 0 
1978 10 0 0 0 0 0 0 0 0 0 0 0 
1979 10 0 0 0 0 0 0 0 0 0 0 0 
1980 10 0 0 0 0 0 0 0 0 0 0 0 
1981 10 0 0 0 0 0 0 0 0 0 0 0 
1982 10 0 0 0 0 0 0 0 0 0 0 0 
1983 10 0 0 0 0 0 0 0 0 0 0 0 
1984 10 0 0 0 0 0 0 0 0 0 0 0 
1985 10 0 0 0 0 0 0 0 0 0 0 0 
1986 10 0 0 0 0 0 0 0 0 0 0 0 
1987 10 0 0 0 0 0 0 0 0 0 0 0 
1988 10 0 0 0 0 0 0 0 0 0 0 0 
1989 10 0 0 0 0 0 0 0 0 0 0 0 
1990 10 0 0 0 0 0 0 0 0 0 0 0 
1991 10 0 0 0 0 0 0 0 0 0 0 0 
1992 10 0 0 0 0 0 0 0 0 0 0 0 
1993 10 0 0 0 0 0 0 0 0 0 0 0 
1994 10 0 0 0 0 0 0 0 0 0 0 0 
1995 10 0 0 0 0 0 0 0 0 0 0 0 
1996 10 0 0 0 0 0 0 0 0 0 0 0 
1997 10 0 0 0 0 0 0 0 0 0 0 0 
1998 10 0 0 0 0 0 0 0 0 0 0 0 
1999 10 0 0 0 0 0 0 0 0 0 0 0 
2000 10 0 0 0 0 0 0 0 0 0 0 0 
2001 10 0 0 0 0 0 0 0 0 0 0 0 
2002 10 0 0 0 0 0 0 0 0 0 0 0 
2003 10 0 0 0 0 0 0 0 0 0 0 0 
2004 10 0 0 0 0 0 0 0 0 0 0 0 
2005 10 0 0 0 0 0 0 0 0 0 0 0 
2006 10 0 0 0 0 0 0 0 0 0 0 0 
2007 10 0 0 0 0 0 0 0 0 0 0 0 
2008 10 0 0 0 0 0 0 0 0 0 0 0 
2009 10 0 0 0 0 0 0 0 0 0 0 0 
2010 10 0 0 0 0 0 0 0 0 0 0 0 
2011 10 0 0 0 0 0 0 0 0 0 0 0 
2012 10 0 0 0 0 0 0 0 0 0 0 0 
2013 10 0 0 0 0 0 0 0 0 0 0 0 
2014 10 0 0 0 0 0 0 0 0 0 0 0 
2015 10 0 0 0 0 0 0 0 0 0 0 0 
2016 10 0 0 0 0 0 0 0 0 0 0 0 
2017 10 0 0 0 0 0 0 0 0 0 0 0 
2018 10 0 0 0 0 0 0 0 0 0 0 0 
2019 10 0 0 0 0 0 0 0 0 0 0 0 
2020 10 0 0 0 0 0 0 0 0 0 0 0 
2021 10 0 0 0 0 0 0 0 0 0 0 0 
2022 10 0 0 0 0 0 0 0 0 0 0 0 
2023 10 0 0 0 0 0 0 0 0 0 0 0 
2024 10 0 0 0 0 0 0 0 0 0 0 0 
2025 10 0 0 0 0 0 0 0 0 0 0 0 
2026 10 0 0 0 0 0 0 0 0 0 0 0 
2027 10 0 0 0 0 0 0 0 0 0 0 0 
2028 10 0 0 0 0 0 0 0 0 0 0 0 
2029 10 0 0 0 0 0 0 0 0 0 0 0 
2030 10 0 0 0 0 0 0 0 0 0 0 0 
2031 10 0 0 0 0 0 0 0 0 0 0 0 
2032 10 0 0 0 0 0 0 0 0 0 0 0 
2033 10 0 0 0 0 0 0 0 0 0 0 0 
2034 10 0 0 0 0 0 0 0 0 0 0 0 
2035 10 0 0 0 0 0 0 0 0 0 0 0 
2036 10 0 0 0 0 0 0 0 0 0 0 0 
2037 10 0 0 0 0 0 0 0 0 0 0 0 
2038 10 0 0 0 0 0 0 0 0 0 0 0 
2039 10 0 0 0 0 0 0 0 0 0 0 0 
2040 10 0 0 0 0 0 0 0 0 0 0 0 
2041 10 0 0 0 0 0 0 0 0 0 0 0 
2042 10 0 0 0 0 0 0 0 0 0 0 0 
2043 10 0 0 0 0 0 0 0 0 0 0 0 
2044 10 0 0 0 0 0 0 0 0 0 0 0 
2045 10 0 0 0 0 0 0 0 0 0 0 0 
2046 10 0 0 0 0 0 0 0 0 0 0 0 

0 4 1 0 bottle_1 0.000668077 1 32 -89 252 
1 4 1 0 bottle_1 0.0594059 1 12 71 168 
2 4 1 0 bottle_1 0.230769 1 17 66 6 
3 4 1 0 bottle_1 0.97006 27 -18 66 78 -18 66 84 12 66 210 12 66 198 -18 66 132 -13 66 84 17 91 6 22 91 210 22 91 222 22 91 66 22 91 348 22 91 60 22 91 132 22 91 102 17 91 252 27 91 258 27 91 252 27 91 234 32 91 162 17 91 258 32 91 222 32 71 66 27 91 318 32 91 258 32 91 348 27 86 78 32 91 66 
4 4 1 0 bottle_1 0.545455 1 -13 66 132 
5 4 1 0 bottle_1 0.583333 7 32 76 168 27 71 66 27 81 66 27 86 162 32 61 198 32 71 234 32 81 60 
6 4 1 0 bottle_1 0.929577 11 -23 91 102 -23 91 66 -28 91 78 -23 91 84 -28 91 102 -23 91 60 -28 91 258 -28 91 60 22 91 234 22 91 252 -28 91 132 
7 4 1 0 bottle_1 0.98008 82 -28 86 6 -23 86 78 -28 86 162 -23 86 132 -28 86 336 22 86 210 -28 81 6 -28 81 360 -28 81 78 -23 81 66 -28 81 210 -28 81 258 -28 81 66 -28 81 348 -28 81 60 -28 81 132 -28 81 198 27 81 6 27 81 162 27 81 348 27 81 252 -23 76 102 -23 76 66 -28 76 234 -28 76 180 -28 76 336 27 76 102 27 76 234 27 76 348 27 76 360 27 76 252 32 76 348 32 76 210 32 76 84 32 76 60 32 76 132 -28 71 6 -23 71 102 -23 71 78 -28 71 78 -28 71 234 -23 71 336 -28 71 258 -28 71 348 -28 71 132 -28 71 252 -28 71 318 22 71 234 22 71 222 22 71 180 17 71 258 22 71 210 22 71 258 27 71 162 27 71 210 32 71 168 32 71 198 32 71 78 27 71 318 -23 66 66 -28 66 162 -28 66 132 -28 66 180 -28 66 84 -18 66 66 32 66 6 27 66 66 27 66 102 32 66 234 27 66 258 32 66 102 32 66 84 32 66 60 32 66 360 32 66 258 32 66 318 -23 61 66 -28 61 132 32 61 168 32 61 66 32 61 60 32 61 336 
8 4 1 0 bottle_1 1 2 -23 86 6 -23 91 234 
9 4 1 0 bottle_1 1 4 7 91 6 7 91 162 7 91 60 7 91 348 
10 4 1 0 bottle_1 1 4 -13 91 168 -13 91 336 -13 91 6 -13 91 258 
11 4 1 0 bottle_1 1 11 -8 91 102 -8 91 84 -8 91 66 -8 91 60 -8 91 348 -8 91 258 -8 91 210 -3 91 60 -3 91 102 -3 91 84 -3 91 78 
12 4 1 0 bottle_1 0.915254 9 2 91 66 7 91 78 -3 91 222 2 91 102 -13 91 84 12 91 78 2 91 132 2 91 180 -18 91 234 
13 4 1 0 bottle_1 0.285714 1 7 91 210 
14 4 1 0 bottle_1 0.0659341 8 2 66 78 32 86 60 -18 91 6 32 81 360 32 86 348 32 86 234 32 76 318 32 76 66 
15 4 1 0 bottle_1 0.00625978 4 32 -4 222 32 -9 252 32 -14 258 32 -39 258 
16 4 1 0 bottle_1 0.0384615 1 32 -69 318 
17 4 1 0 bottle_1 0.705882 6 17 86 336 27 61 168 17 86 318 -28 61 318 -28 61 336 27 61 102 
18 4 1 0 bottle_1 1 3 2 66 6 12 91 6 12 66 222 
19 4 1 0 bottle_1 1 1 12 71 258 
20 4 1 0 bottle_1 0.929577 11 -28 61 168 22 66 252 17 66 60 27 61 222 27 66 84 27 61 360 22 86 78 27 61 252 27 61 6 27 61 60 22 66 210 
21 4 1 0 bottle_1 1 46 -23 76 318 22 81 66 27 66 168 17 86 210 17 76 252 22 66 66 -23 71 318 -23 76 360 22 81 318 17 76 180 -28 61 60 27 76 84 32 51 252 27 81 84 32 61 84 22 86 60 22 86 336 32 61 78 32 56 234 17 91 162 22 86 168 22 81 6 22 66 348 -28 61 78 -23 71 6 22 76 6 17 81 258 22 66 78 -23 71 168 17 91 102 17 91 132 17 91 318 27 71 132 17 76 258 17 86 222 17 91 180 22 66 6 22 81 102 22 76 198 17 91 198 32 61 102 22 71 102 -18 71 66 22 71 162 22 71 66 -18 71 132 
22 4 1 0 bottle_1 0.0659341 1 32 1 252 
23 4 1 0 bottle_1 1 17 32 -74 318 32 -64 162 32 -49 6 32 -49 180 32 -39 6 32 -44 198 32 -39 180 32 -34 222 32 -29 222 32 -19 84 32 -19 78 27 -9 258 32 -14 6 32 -19 198 32 16 336 32 26 222 32 21 222 
24 4 1 0 bottle_1 1 1 32 21 234 
25 4 1 0 bottle_1 1 22 32 51 348 32 51 210 32 56 360 32 46 222 32 51 234 32 46 336 32 56 60 32 56 162 32 56 66 32 41 222 32 56 84 32 56 78 32 46 6 32 56 132 27 61 162 32 -19 222 32 -74 258 32 -84 258 32 -69 252 32 -74 252 32 -74 234 32 -89 234 
26 4 1 0 bottle_1 1 9 32 -9 84 32 -84 198 32 -89 198 32 -79 198 32 -19 162 32 -14 78 32 -24 162 32 -39 132 27 -44 252 
27 4 1 0 bottle_1 1 16 32 -59 84 32 -54 84 32 -54 234 32 -34 336 32 -29 258 32 -24 258 32 -14 336 -23 66 102 -28 66 258 -28 66 210 -18 76 84 -18 76 102 -18 76 78 -23 86 198 -23 86 258 -23 86 222 
28 4 1 0 bottle_1 1 1 -3 66 102 
29 4 1 0 bottle_1 1 4 -23 81 252 -23 81 198 -18 76 66 -18 81 60 
30 4 1 0 bottle_1 1 4 -18 91 132 -18 81 162 -18 91 348 -18 91 162 
31 4 1 0 bottle_1 0.935065 12 17 71 180 17 71 162 17 71 102 -23 66 360 -23 66 168 -23 66 198 -18 66 336 32 21 258 32 11 210 32 6 84 32 6 252 32 1 234 
32 4 1 0 bottle_1 1 2 32 -14 348 32 -84 210 
33 4 1 0 bottle_1 1 5 32 -64 222 32 -64 252 32 -64 198 32 -59 318 32 -44 132 
34 4 1 0 bottle_1 1 9 32 -79 318 32 -79 258 27 -9 222 27 -39 258 32 -84 318 32 -39 210 32 -34 168 32 -24 234 32 -14 168 
35 4 1 0 bottle_1 0.193548 5 12 91 318 12 91 360 12 91 84 2 66 132 -13 91 66 
36 4 1 0 bottle_1 0.00380711 1 12 -54 78 
37 4 1 0 bottle_1 0.0495868 2 2 -9 180 12 -59 84 
38 4 1 0 bottle_1 0.84375 9 7 -89 6 7 -89 252 7 -39 78 2 -89 252 7 -34 84 7 -39 84 17 -59 66 2 -89 234 12 -64 78 
39 4 0 
40 4 1 0 bottle_1 0.977679 292 -28 46 234 -23 46 78 -23 46 348 -23 51 234 -28 41 258 -28 41 222 -23 41 84 -23 41 60 -23 41 162 -18 46 66 17 46 210 -28 36 252 -23 36 102 -28 36 258 -28 36 210 -18 46 162 -28 36 222 -23 46 234 22 41 60 -23 41 6 -18 46 168 -28 26 336 17 41 222 -18 41 84 -18 41 102 22 41 78 -28 26 198 -23 31 66 -23 41 258 22 36 60 -23 26 102 22 36 168 22 31 348 -28 26 210 -28 26 258 -23 26 84 22 36 102 -28 21 198 -18 36 84 -23 31 318 22 36 78 -23 21 84 -23 36 258 22 31 168 -23 21 60 -28 16 234 -23 16 84 -18 31 78 -28 16 222 -23 16 78 -23 26 318 -23 31 252 22 26 60 -23 16 60 22 21 348 -18 31 132 -28 11 258 -23 11 78 -23 26 198 -23 21 336 -23 16 168 -23 26 252 17 26 234 22 26 78 17 26 258 -18 26 66 -23 16 180 22 16 348 -23 6 78 -23 21 6 -23 16 336 22 21 102 -23 16 318 17 21 222 -18 21 78 -18 21 102 -28 1 258 -23 16 6 -18 21 60 17 21 258 22 16 60 -23 16 198 -28 -4 258 -28 -4 210 -23 6 180 -18 16 84 -23 16 252 17 16 258 -23 6 318 -23 6 336 -23 11 198 -28 -9 258 22 11 102 -23 1 162 -23 11 252 -18 11 66 -18 11 60 17 11 234 -23 11 210 -23 1 348 22 6 60 -18 11 132 -23 1 6 22 6 66 -28 -19 252 -28 -19 210 -18 6 84 -23 -4 318 -23 -9 180 -23 6 222 -18 1 102 -18 6 132 -23 -9 162 22 1 66 -28 -24 258 -18 1 60 -23 1 234 -23 -14 180 -28 -29 252 -23 -9 348 17 6 336 17 1 234 17 6 318 -23 -34 78 -23 -34 66 -23 -4 234 -18 -4 78 -23 -14 318 -18 -4 60 -18 -4 66 17 1 198 17 6 84 -23 -19 168 17 1 336 -23 -39 66 -18 1 180 -28 -59 318 -23 -9 234 -18 -9 60 -23 -44 60 -18 -9 78 -18 -9 66 -23 -19 336 -18 -9 132 -23 -44 66 -23 -44 78 -23 -9 252 -23 -44 132 -28 -64 318 -23 -49 60 -28 -54 222 -18 -4 180 -18 -14 60 -23 -24 6 -18 -14 66 -23 -34 360 -23 -49 78 17 -4 6 -23 -19 198 -18 -19 84 -18 -19 60 -23 -29 318 -23 -34 180 -23 -34 168 17 -9 162 -23 -64 84 -28 -54 252 -18 -19 78 -18 -4 222 -18 -19 132 -23 -59 60 -18 -24 84 17 -9 84 -23 -19 252 12 -9 222 -23 -34 6 -23 -59 66 12 -9 258 17 -9 78 -23 -24 234 -23 -19 210 17 -14 336 17 -19 234 -28 -59 252 -23 -39 162 -18 -24 78 -18 -24 66 -18 -14 180 -23 -59 132 17 -29 222 17 -14 348 -18 -29 84 12 -14 222 -23 -29 234 -18 -29 60 -23 -44 162 17 -14 78 -23 -39 348 17 -19 162 -18 -19 360 -23 -54 360 17 -19 348 12 -19 222 -23 -49 180 -18 -34 60 17 -19 84 17 -24 336 17 -19 78 -18 -34 78 17 -19 132 -18 -19 6 17 -39 222 -23 -39 234 22 -39 102 -18 -19 222 -23 -54 180 17 -24 348 -23 -34 258 17 -24 6 17 -29 198 17 -34 234 17 -44 222 17 -24 132 -23 -64 360 -23 -59 168 17 -29 318 -23 -54 348 -18 -49 102 17 -29 6 17 -34 336 -23 -44 252 -23 -64 168 -23 -44 210 -18 -54 84 -23 -59 348 -23 -59 336 -18 -49 78 17 -39 162 17 -34 78 -23 -54 222 -18 -34 6 -23 -54 234 -18 -54 60 -23 -64 318 22 -59 66 -23 -59 198 -18 -39 168 17 -39 6 17 -44 198 17 -44 336 -23 -64 336 17 -69 258 -18 -64 102 -18 -44 162 17 -54 234 22 -64 66 12 -44 258 -18 -59 78 22 -69 132 17 -49 162 17 -69 252 17 -44 78 22 -74 78 -18 -44 6 -23 -59 258 -18 -64 78 17 -49 6 -18 -64 66 17 -54 180 -18 -54 360 17 -49 60 -23 -64 252 -18 -49 6 17 -54 84 17 -59 336 17 -74 222 22 -74 102 17 -59 180 17 -54 60 22 -79 66 17 -64 336 17 -64 162 17 -64 180 17 -69 336 17 -69 180 17 -64 102 17 -74 336 17 -69 60 17 -74 318 17 -69 360 17 -79 318 17 -74 360 
41 4 0 
42 4 1 0 bottle_1 1 24 -23 -74 6 -28 -69 222 -23 -74 168 -28 -74 222 -23 -74 60 -28 -74 258 -28 -74 210 -28 -69 336 -28 -79 222 -28 -69 318 -23 -69 66 -23 -69 60 -28 -74 198 -23 -74 78 -23 -79 102 -28 -74 348 -23 -74 84 -28 -69 348 -28 -74 360 -28 -79 336 -28 -69 360 -23 -84 132 -28 -79 348 -23 -74 102 
43 4 1 0 bottle_1 0.915254 9 -23 -84 60 -28 -79 162 -23 -84 78 -28 -69 6 -23 -74 360 -23 -79 360 -18 -69 60 -23 -74 348 -18 -74 78 
44 4 1 0 bottle_1 0.084507 1 -8 -64 60 
45 4 1 0 bottle_1 0.983923 255 -8 -64 66 -3 -59 258 -8 -64 258 -13 -59 252 2 -64 132 7 -64 234 -23 -84 252 -18 -59 180 -3 -64 60 12 -64 210 -13 -59 180 -3 -64 234 -23 -84 180 -13 -19 222 -18 -84 66 -23 -84 222 -18 -84 258 7 -19 180 12 -59 210 -13 -19 210 12 -64 234 -23 -84 210 -28 -84 252 -13 -84 66 -13 -84 6 17 -59 210 -3 -69 102 -23 -84 348 -23 -84 318 -23 -84 360 -3 -64 66 -13 -84 222 12 -19 168 -28 -84 258 -13 -84 210 -18 -59 210 -13 -19 348 -8 -84 132 -13 -84 102 7 -59 210 -13 -64 336 12 -59 234 -13 -84 360 -18 -59 318 -28 26 66 -3 -49 168 -28 26 60 -28 -84 162 -28 -84 198 -13 -19 6 2 46 348 -8 -49 180 -8 -19 360 22 -64 336 -8 -84 60 7 -64 348 -8 -49 210 -8 -64 318 -13 -84 198 -28 -84 336 -13 -19 234 -18 26 252 -3 46 360 17 -69 78 -18 -19 252 7 -64 78 -18 -64 348 27 26 168 -13 -59 348 12 -59 198 22 26 168 -23 -64 102 -13 -49 198 2 46 60 2 46 78 -3 46 6 7 46 348 7 -64 258 -13 -24 348 -13 -64 348 -3 -64 318 7 46 84 -18 -59 222 7 -64 102 7 46 360 -8 -69 60 27 26 84 -8 46 348 -3 -64 162 -8 -64 234 -28 26 318 27 31 60 -3 46 78 -3 46 84 7 -69 360 -13 1 102 -8 46 60 -28 26 168 -8 46 78 -13 -54 210 -3 -64 222 7 46 318 -8 -64 180 -18 -19 258 -8 46 66 -3 -24 318 -8 46 84 -18 -34 198 -28 26 180 -3 -59 78 -3 46 318 -18 -24 222 12 -69 60 2 -59 66 -23 6 102 -13 -24 198 -3 -59 198 -13 -69 66 -13 46 336 12 -69 6 2 -54 180 -8 1 84 -13 -54 162 -23 1 84 17 -59 132 -13 -54 168 -13 46 360 -18 46 336 17 21 168 -3 -49 78 -13 -34 198 7 -64 66 -18 -24 234 -18 26 348 -13 -4 102 -13 -54 198 22 26 102 -3 -64 78 -3 -34 180 2 -64 66 -13 -64 198 -8 -69 66 -18 -54 162 7 -49 60 -8 -24 360 22 -64 252 12 26 180 22 -64 258 -3 46 102 2 -64 318 27 31 210 -8 26 222 2 -44 66 7 46 252 -18 26 210 27 31 180 -18 26 180 -8 -39 6 -3 -4 66 2 46 258 -3 -4 60 12 -54 180 -18 -54 180 -13 26 60 27 -59 84 -8 -4 102 -13 -44 6 2 -4 84 -13 -54 180 -3 -39 210 -3 -69 60 -13 26 78 -13 26 258 22 21 132 -13 26 84 -13 26 210 -13 26 168 -8 -39 222 17 -54 168 2 -49 78 22 -9 318 -13 -9 60 -18 21 252 7 36 102 -3 36 360 7 -54 198 12 46 180 2 -54 210 12 -64 180 7 -59 318 12 46 198 2 -24 198 2 36 84 2 21 336 12 46 162 -18 46 132 27 -59 78 -8 36 360 2 36 234 17 -9 180 7 21 318 7 36 132 -3 -54 162 -3 36 132 -3 46 258 12 -54 132 -3 36 6 -8 21 234 12 -24 180 7 36 234 7 46 162 -8 36 132 -3 46 132 -3 36 60 2 36 258 2 36 60 -18 36 162 -8 36 162 -8 36 252 -3 36 162 7 46 222 -18 46 222 -8 46 132 -8 36 318 -3 36 84 -3 36 234 -18 46 258 -18 36 168 7 36 162 2 36 210 7 36 222 -3 46 252 -8 36 60 2 36 222 -13 36 318 2 46 198 -13 36 168 -13 36 180 -13 46 234 -8 36 66 2 46 180 -13 36 258 -18 36 210 -13 36 198 -3 46 234 -3 46 210 -8 46 168 -3 46 198 17 -74 66 12 -74 84 12 -74 78 7 -74 84 12 -74 66 7 -74 78 -3 -74 102 
46 4 0 
47 4 1 0 bottle_1 0.980691 1566 17 51 198 17 46 168 17 51 132 17 41 180 12 51 180 17 51 258 17 51 102 17 46 162 12 51 168 17 51 84 12 41 198 12 41 180 17 51 60 12 51 336 17 46 198 12 46 258 12 46 234 17 46 222 22 51 168 22 51 162 22 51 66 17 46 348 12 41 162 22 51 336 12 36 222 22 51 348 17 41 66 12 31 168 22 51 198 17 36 336 12 31 222 12 41 6 17 36 132 12 31 180 7 51 222 17 36 252 12 41 360 12 51 84 12 46 360 7 51 258 17 31 132 22 46 102 17 36 360 12 31 162 12 21 258 17 36 258 17 31 360 12 21 252 7 41 198 22 46 162 22 46 78 12 36 318 -18 51 258 12 41 102 12 36 336 17 31 102 12 31 234 12 46 84 -18 51 252 22 46 66 12 26 162 -18 51 234 7 51 348 17 36 66 17 26 252 17 26 360 17 36 60 12 26 210 17 36 78 12 21 168 7 51 360 12 41 66 12 21 222 12 46 60 7 41 162 12 26 234 12 31 6 17 26 348 7 41 348 12 21 162 7 36 258 17 26 6 17 31 78 7 36 252 7 41 360 12 6 252 22 46 348 12 31 360 22 41 180 7 41 6 12 21 198 7 31 180 17 21 252 12 36 102 -18 46 360 17 26 66 22 36 84 22 46 210 17 21 6 7 26 168 22 41 360 17 26 78 12 31 102 7 26 258 17 11 132 7 51 84 -18 46 78 -18 46 6 2 51 234 7 31 234 12 26 348 2 51 168 12 36 84 7 36 318 2 41 198 -18 41 210 17 21 66 -13 51 252 7 21 168 12 36 60 12 26 102 17 16 102 17 21 60 -13 51 210 7 26 222 2 51 180 7 41 60 7 41 102 12 31 60 22 41 198 7 41 66 22 41 6 -18 41 6 2 41 210 12 11 162 17 11 360 -8 51 132 7 26 210 17 21 84 22 41 318 12 26 60 12 31 78 7 16 258 2 41 180 7 36 360 2 41 168 -28 46 198 -8 51 168 7 36 348 17 16 348 -28 46 180 2 51 132 -13 46 60 2 51 318 7 31 336 -13 41 84 -13 41 198 -13 41 78 12 11 234 17 6 360 27 46 66 12 -4 222 2 51 348 -13 46 66 2 51 360 27 46 162 7 31 360 22 36 336 2 41 162 7 6 162 12 1 6 2 41 6 2 31 168 7 31 348 2 31 180 -28 46 348 17 11 162 7 26 318 7 21 210 17 6 6 7 6 258 -8 51 258 7 26 6 7 16 252 -18 31 348 -13 36 102 -18 31 210 7 36 60 -13 41 336 17 11 348 12 16 60 12 16 66 7 36 66 -8 51 234 2 26 168 -3 51 168 2 51 102 7 1 162 -18 36 132 -3 51 258 17 -4 132 -18 31 258 -3 51 252 7 31 66 22 36 6 2 26 180 22 36 198 -18 31 318 7 11 252 7 26 60 17 -4 360 -13 31 198 12 11 360 2 21 168 12 11 66 7 -4 162 7 26 360 7 26 66 27 41 102 12 11 60 22 26 66 7 31 102 22 36 318 12 -9 6 2 31 162 12 16 336 -18 36 6 -13 36 84 27 41 84 17 11 78 2 36 318 7 21 60 7 26 348 17 6 252 -8 41 132 -8 41 84 22 21 84 -18 21 348 -8 41 348 -3 41 258 -3 41 180 2 31 252 12 6 198 12 1 168 12 16 78 17 6 222 2 26 222 7 31 84 -8 41 258 2 11 168 7 16 66 12 -14 6 -8 41 318 7 16 210 7 16 132 -3 51 318 -3 51 348 27 41 162 22 26 360 -18 21 336 7 11 60 17 1 66 17 1 60 2 26 210 -3 31 198 2 16 180 7 -14 258 12 11 84 -13 31 348 7 11 66 -18 31 162 -8 41 162 -18 16 210 17 -14 360 -8 41 66 -3 41 102 -13 31 252 7 26 78 2 36 348 -3 41 360 -28 41 6 12 1 66 -13 31 132 12 -19 132 17 1 348 -13 36 60 2 21 258 22 21 66 7 6 66 7 11 6 -13 31 234 7 1 222 12 -14 234 17 16 318 2 21 222 12 -29 222 17 1 162 -8 31 318 17 -4 60 17 -4 66 2 21 234 -3 31 210 27 41 360 22 26 180 2 21 318 7 6 132 -18 31 60 -3 31 222 -3 41 60 -13 21 348 17 -9 102 -18 31 66 7 -4 222 -8 31 234 -13 6 198 17 1 258 12 -9 168 12 11 318 -3 41 66 -3 31 258 -13 16 336 -8 21 180 -8 31 84 12 -34 222 -8 26 168 7 -14 168 27 36 132 12 -9 360 2 26 132 27 36 84 2 31 78 17 1 168 -13 26 162 -13 21 84 17 -9 60 7 -9 222 2 16 318 -3 21 198 -3 31 84 -3 11 180 17 -9 66 12 -9 60 7 -4 66 7 16 102 7 -9 60 -8 16 180 12 -39 222 7 -4 234 12 -14 360 2 11 258 17 -4 162 -8 16 318 17 -14 102 2 31 60 7 6 210 2 16 252 7 -39 258 -28 41 60 -3 26 84 -28 41 78 2 26 66 -13 16 210 2 26 84 -13 16 348 27 36 168 2 11 318 7 11 84 -18 6 348 -8 21 168 27 41 210 2 21 132 -3 26 162 7 -14 60 7 11 78 22 16 66 7 16 348 -13 21 360 -13 21 168 -18 6 198 -3 21 318 -8 21 102 12 -4 78 2 26 348 17 -14 60 -3 26 132 2 26 60 7 -9 66 2 6 258 2 21 66 -3 21 84 -3 16 168 22 11 84 2 -4 180 -13 16 84 2 26 360 -18 21 162 -13 6 102 12 -29 162 12 -14 66 17 -9 222 12 -24 210 -3 16 198 -13 -4 198 -3 21 258 17 -19 102 22 26 210 -3 31 6 7 -4 180 -8 21 78 -8 16 84 7 -49 258 -8 31 66 7 -19 222 -13 21 252 17 -9 210 7 6 84 7 -34 252 -13 11 180 -3 16 84 -3 26 102 2 16 132 12 -4 180 27 36 180 22 11 78 -18 -4 210 12 -19 60 7 -54 258 -13 16 78 2 11 198 -8 21 348 -8 31 6 7 -24 60 -3 -4 180 2 -14 162 12 -84 252 -8 1 198 -13 6 210 -8 11 336 -3 21 132 -8 1 180 7 11 336 -8 26 60 2 11 234 -18 1 198 -3 16 162 -8 1 318 7 6 360 12 -19 66 -8 11 168 7 -24 222 2 11 66 -8 11 84 -8 16 78 -3 -9 180 -3 31 360 12 -69 258 -18 16 252 2 11 78 2 16 6 7 -19 234 -13 16 360 -13 16 222 -8 11 102 -13 6 180 17 -14 222 7 1 318 12 -34 162 -18 -9 210 -3 21 336 -13 -4 318 7 -34 162 17 -4 180 12 -24 60 22 11 66 2 11 84 -13 21 66 12 1 318 -3 21 102 -8 21 252 2 6 66 -8 -4 180 22 6 84 2 16 336 7 -34 60 27 36 6 12 -54 6 22 11 360 2 11 60 -3 -14 180 -3 1 318 -8 6 168 -8 11 78 2 16 102 12 -44 234 7 -14 180 -13 11 132 -8 16 348 -13 11 78 17 -24 66 -8 21 66 12 -29 60 -3 26 60 12 -59 6 -8 6 102 7 -24 234 -13 11 360 7 -4 318 12 -19 102 2 6 60 27 31 162 -3 -4 318 -3 -4 168 -3 26 360 -13 16 258 2 6 84 -3 16 102 -18 -4 336 12 -14 180 -3 6 258 7 -39 162 7 -29 6 22 21 258 2 1 78 -8 6 78 -8 1 168 12 -14 348 -3 1 162 -13 21 6 12 -39 210 2 -14 252 -8 11 210 -13 -14 318 7 6 348 -13 -19 198 12 -54 234 -8 -14 180 7 -44 60 2 -14 318 7 -29 234 -13 16 234 12 -39 360 -8 -4 336 -18 11 252 -8 16 222 7 -79 258 -28 36 60 -13 -9 210 2 1 198 12 -24 78 7 -34 66 27 26 132 -3 11 102 -3 11 252 -8 6 162 -13 6 360 7 -89 258 12 -14 336 2 -4 234 -3 21 6 -13 6 132 7 -44 162 2 16 360 -28 36 84 -8 -19 180 12 -34 66 12 -24 84 -3 -14 168 7 -34 234 12 -24 198 -3 -4 198 12 -24 102 7 -14 210 12 -44 210 7 -9 360 17 -24 222 2 6 102 -3 -9 162 7 -14 78 12 -19 348 7 -39 66 22 11 6 -13 11 252 2 -9 78 12 -69 234 2 -4 198 -3 6 102 22 -4 132 17 -54 360 7 -84 252 2 -19 66 12 -49 360 22 1 78 7 -9 102 -13 1 168 -8 -9 84 12 -84 6 -18 -14 198 22 16 210 27 31 336 -3 11 210 12 -74 234 -3 6 336 12 -29 78 -3 11 60 2 -19 60 -13 -4 84 -3 11 234 7 -49 162 -13 -14 348 7 -19 78 -8 6 60 2 -4 6 7 -29 180 2 -24 66 32 36 132 -8 6 66 -13 1 162 -3 6 60 7 -14 198 12 -24 348 -3 16 348 12 -59 162 27 26 60 2 -29 162 7 -44 66 -18 -14 336 2 -29 318 32 36 84 32 36 78 32 36 66 12 -79 234 7 -59 60 7 -14 102 2 -29 66 7 -49 168 12 -44 60 -18 -19 198 -18 -14 318 -13 6 258 -3 1 102 7 -54 222 -8 11 234 -13 -9 84 -13 -4 78 2 -39 258 7 -49 234 17 -39 132 2 -19 78 12 -89 234 2 -34 66 17 -24 252 12 -29 102 -8 11 360 27 21 102 12 -19 318 17 -29 84 -8 -29 198 12 -29 180 -3 -19 258 12 -64 162 2 -34 60 -8 -34 318 7 -19 198 27 26 360 22 6 6 -8 -4 66 12 -69 162 -3 -9 60 -8 6 222 2 -44 258 -3 11 348 27 21 78 -13 -39 318 12 -29 348 -8 -4 210 27 31 252 17 -24 258 -13 -29 336 -18 1 168 12 -74 162 -13 -9 168 27 31 258 12 -29 336 17 -34 102 -13 -9 360 -13 -24 102 7 -69 60 12 -24 318 -8 -9 60 7 -54 66 12 -69 210 -8 -9 66 12 -34 84 22 -4 360 -8 -29 336 -3 -9 336 22 16 318 7 -29 84 -28 31 60 7 -64 162 -13 1 258 -8 -44 318 -3 -24 162 12 -44 168 -8 -34 198 -8 -19 102 27 26 6 2 -49 252 -3 1 210 7 -69 222 -28 31 84 -3 -14 66 -18 -24 318 2 -9 336 -13 -29 348 27 26 336 -3 -19 60 12 -49 66 -8 -19 162 -8 -24 78 12 -79 162 17 -84 360 -8 -4 252 7 -59 66 22 -14 132 -3 6 348 7 -29 360 7 -74 162 -8 -34 336 -8 -14 258 -13 1 60 -8 -49 318 12 -29 318 12 -89 162 12 -34 348 -3 -24 252 12 -34 102 22 -14 102 7 -29 198 -13 -49 318 17 -89 360 12 -49 168 -8 -14 348 12 -39 180 -3 -29 84 -3 -19 66 12 -79 210 2 -24 84 -18 -4 258 7 -79 234 -8 -54 318 -8 -39 336 32 31 132 -13 -4 258 7 -89 60 -8 -29 78 -3 -39 78 -13 -4 66 -3 -29 168 -3 -34 258 32 31 102 7 -14 348 -18 -29 318 -13 -54 318 -8 1 360 12 -44 132 -13 -19 78 32 31 84 32 31 78 27 16 132 -13 -34 102 2 -14 210 -3 -24 66 7 -84 168 -3 -34 84 -8 -34 84 2 -44 168 7 -29 102 -18 -9 234 2 -59 60 17 -74 6 22 -14 84 -8 -9 132 2 -74 258 7 -89 222 -3 -39 258 12 -59 168 7 -89 168 -3 -44 78 -18 -9 252 -8 -24 60 -3 1 348 22 6 252 -8 -34 78 -3 -29 66 -3 -34 252 7 -39 318 27 26 252 22 -19 102 17 -79 6 -3 -19 132 7 -74 66 -3 -39 84 -8 -34 180 2 -29 222 -8 -24 258 2 -4 360 27 16 66 22 11 318 7 -19 348 -18 -29 222 -3 -9 222 7 -59 180 27 21 348 2 -44 78 12 -64 168 2 -4 348 -3 -39 252 -23 16 102 2 -79 258 -13 -39 102 17 -39 252 -8 -34 102 12 -44 336 -3 -39 60 2 -34 84 -28 21 336 -8 -29 60 -8 -39 78 -3 -74 318 2 -24 102 12 -74 60 7 -84 66 2 -89 258 2 -44 234 17 -44 234 -3 -4 348 7 -79 66 22 1 198 -3 -29 336 -3 -44 60 -18 -39 318 7 -24 348 12 -49 180 2 -24 210 -3 -4 6 2 -9 348 22 -19 84 -8 -29 258 -8 -34 66 2 -74 66 22 1 180 27 11 102 -8 -9 234 -13 -14 66 -18 -14 234 -13 -29 78 12 -84 60 7 -89 66 2 -44 162 -3 -44 198 -8 -34 60 2 -84 318 2 -49 234 12 -44 318 -13 -69 318 7 -74 180 22 -24 132 2 -79 318 -8 -49 84 -13 -54 348 -8 -19 132 -3 -44 66 -3 -79 318 2 -29 102 2 -89 318 17 -54 348 2 -39 222 22 -9 6 -8 1 6 27 11 84 27 21 222 22 -9 348 -18 -44 336 7 -49 78 -18 -39 210 17 -54 210 -18 -24 180 -8 -29 210 -8 -24 252 22 -19 360 -13 -14 60 -3 -29 102 2 -29 336 2 -29 210 2 -79 60 -3 -19 222 -3 -54 180 -8 -44 66 17 -44 102 22 -4 336 -8 -54 84 7 -54 360 12 -79 66 -13 -24 132 7 -54 210 2 -89 66 -13 -49 210 7 -84 180 -3 -54 66 -8 -44 60 -8 -44 102 -18 -49 318 -28 16 6 2 -19 360 -3 -39 168 27 16 6 -13 -44 84 7 -89 180 12 -89 66 -28 11 234 -13 -74 336 7 -39 102 -3 -24 222 2 -34 102 -8 -39 348 -3 -24 234 22 -19 60 12 -69 180 -3 -34 102 -3 -29 132 7 -54 78 -3 -9 360 22 -29 132 12 -74 180 -18 -49 348 -13 -19 60 -28 16 348 -3 -69 78 -3 -69 252 2 -34 210 22 -24 360 2 -74 234 12 -54 318 -8 -79 336 22 -24 78 2 -24 360 -3 -74 252 -8 -39 210 -3 -74 78 -13 -49 84 -18 -54 348 -13 -24 252 -18 -44 210 2 -24 348 12 -74 348 -8 -54 60 -8 -59 66 27 6 84 -3 -64 180 -13 -44 78 -3 -79 258 -13 -84 336 2 -54 162 22 -9 336 -8 -49 258 17 -54 258 2 -54 222 17 -74 162 27 16 198 -3 -39 162 2 -74 168 7 -74 210 -13 -79 336 12 -84 180 -3 -89 258 7 -84 318 27 16 222 7 -39 348 2 -69 78 22 1 318 12 -89 198 -13 -29 66 -3 -69 66 2 -29 360 17 -54 198 -13 -89 336 -23 11 84 12 -89 180 17 -59 252 -28 16 168 22 -9 210 12 -89 348 -8 -44 210 -13 -39 222 22 -29 84 7 -44 102 27 6 66 -18 -24 168 -3 -79 78 17 -84 348 -3 -89 252 27 16 210 -13 -49 78 -8 -69 78 17 -59 258 -3 -59 336 17 -89 60 12 -49 102 -28 11 198 2 -84 168 12 -84 336 -3 -79 60 17 -89 348 7 -74 198 -3 -89 78 -3 -34 222 -18 -29 252 -13 -59 84 22 -9 234 27 1 102 -3 -19 360 17 -89 162 12 -74 318 -8 -74 84 -13 -34 132 -3 -74 84 27 16 252 -8 -74 78 -18 -69 336 2 -89 168 27 6 60 27 11 180 -18 -49 222 -13 -29 60 -13 -89 348 -13 -34 168 17 -89 210 17 -84 66 -13 -34 66 22 -14 336 -3 -24 360 -8 -19 6 12 -79 78 12 -84 318 -3 -64 336 22 -29 60 -3 -84 84 22 -29 66 2 -89 78 22 -9 258 -3 -89 180 -8 -34 222 -8 -59 102 -3 -79 198 -3 -79 84 22 -14 222 17 -89 66 -18 -74 318 -18 -74 348 -3 -69 336 22 -34 102 22 -19 162 -18 -54 222 22 -4 318 22 -14 180 -3 -89 84 -28 11 360 -18 -34 180 27 11 198 7 -49 348 -3 -34 348 -18 -29 168 7 -64 336 -8 -54 252 -8 -64 348 27 1 66 -13 -34 60 -8 -84 66 2 -69 162 7 -89 78 2 -79 6 -13 -39 132 17 -59 78 -3 -39 132 -13 -34 234 -3 -34 6 -8 -79 66 7 -74 336 -8 -69 348 2 -74 84 -8 -39 162 -3 -84 336 -18 -39 234 -8 -79 60 -3 -79 336 -8 -84 258 22 -29 6 12 -79 84 22 -19 336 2 -74 162 12 -74 132 -8 -29 6 7 -54 348 2 -59 210 -13 -44 66 2 -44 360 -13 -89 210 -13 -29 6 -8 -79 258 -3 -39 348 22 -34 60 7 -79 336 2 -84 84 27 1 360 -18 -89 318 7 -89 84 22 -34 66 2 -64 336 22 -19 210 7 -59 348 2 -84 198 7 -89 336 -13 -39 234 -13 -39 60 7 -54 102 2 -44 348 2 -69 336 27 -4 84 17 -64 78 27 11 318 2 -89 84 22 -19 180 -23 -14 360 17 -89 252 2 -44 132 2 -74 336 2 -84 162 12 -79 132 -28 6 348 -13 -74 78 -8 -44 360 -3 -49 210 2 -69 210 -3 -44 348 -8 -79 348 -13 -49 66 -13 -79 84 2 -74 210 -18 -44 234 -8 -89 348 -3 -39 360 2 -79 336 -8 -44 234 2 -89 336 7 -74 348 -13 -74 198 -3 -44 6 -13 -64 222 22 -24 222 27 1 348 -13 -54 66 22 -39 60 22 -49 132 -8 -79 210 -8 -89 102 -13 -79 360 -23 -4 102 -8 -44 162 -18 -49 234 -13 -79 78 17 -89 336 22 -24 180 -28 6 162 17 -79 78 27 1 162 -13 -54 252 17 -84 78 22 -39 6 27 -9 84 2 -59 360 27 1 336 17 -89 78 -3 -49 6 -28 1 318 -13 -49 234 2 -59 348 -3 -69 222 -28 1 6 -28 1 336 22 -29 168 -8 -59 360 22 -34 162 -13 -54 60 22 -29 210 22 -44 6 -18 -79 210 -18 -89 222 22 -44 78 17 -89 84 -3 -79 234 -13 -79 222 22 -24 258 -23 -4 84 -28 1 360 -28 1 180 27 -9 360 22 -29 234 2 -64 348 -13 -59 60 27 -14 132 22 -34 198 -13 -54 132 -13 -74 66 -8 -69 222 -8 -49 162 2 -74 348 -8 -64 360 7 -84 102 27 1 234 27 -4 162 7 -79 102 27 -4 168 -18 -64 234 -8 -69 234 22 -59 360 -3 -79 210 -3 -74 348 2 -79 360 -18 -69 234 27 -4 336 -3 -89 210 -8 -74 234 2 -89 360 -3 -84 168 22 -29 252 22 -34 210 2 -89 102 -3 -79 168 27 -14 66 -28 -4 318 22 -49 60 -18 -69 252 22 -29 258 -28 -4 336 27 1 258 -8 -54 132 22 -39 198 -3 -69 6 22 -54 6 -28 -14 222 -13 -74 60 27 -19 84 -8 -79 222 27 -19 132 -8 -79 234 -28 -4 360 -23 -14 102 27 -9 180 7 -74 132 -28 -4 180 27 -4 210 -3 -69 360 27 -9 162 22 -39 210 22 -34 252 27 -9 336 22 -39 234 27 -19 66 -23 -9 60 17 -89 318 27 -19 360 22 -44 336 -18 -49 162 22 -29 318 -13 -89 60 27 -14 348 27 -14 6 -28 -9 336 22 -64 6 -3 -89 360 27 -24 132 -13 -89 234 -23 -14 78 22 -44 210 -18 -59 6 -8 -64 6 -3 -79 162 27 -24 78 27 -14 180 -23 -19 102 -23 -14 66 22 -69 6 -3 -89 162 22 -44 180 27 -9 210 22 -54 162 27 -14 168 27 -24 66 22 -59 348 22 -59 84 22 -64 60 22 -34 318 27 -14 198 27 -19 6 22 -49 168 -13 -89 132 22 -49 234 -8 -74 168 22 -54 222 -28 -14 348 27 -29 84 -13 -74 180 22 -44 258 22 -64 84 -23 -19 78 -18 -74 6 -23 -24 102 27 -29 78 -23 -19 84 22 -54 336 -13 -89 6 22 -54 210 32 -4 132 27 -29 66 -23 -19 66 32 -4 60 27 -19 168 27 -14 234 -3 -79 132 27 -34 102 -8 -79 168 22 -54 234 2 -79 132 27 -14 318 22 -69 162 22 -49 258 32 -9 102 2 -89 132 -28 -19 318 -13 -89 180 27 -34 84 22 -59 180 22 -59 234 22 -89 60 22 -84 66 22 -44 318 22 -79 348 22 -54 258 27 -34 60 27 -29 6 32 -9 60 32 -9 66 27 -24 336 22 -79 162 22 -89 66 32 -4 6 -13 -69 168 22 -64 234 -8 -79 162 22 -74 198 22 -84 162 -23 -24 60 -18 -69 162 22 -69 180 -18 -69 180 -23 -34 102 22 -89 84 27 -39 360 27 -39 78 -23 -29 84 22 -69 234 22 -74 210 27 -39 66 27 -29 162 -23 -79 234 27 -24 210 27 -39 60 32 -14 132 32 -14 60 32 -9 180 -18 -79 78 22 -79 222 22 -79 168 32 -14 66 -18 -74 180 27 -44 102 22 -84 198 22 -79 210 -23 -79 336 32 -19 102 -18 -89 78 -28 -29 318 -23 -39 102 -23 -29 60 -23 -89 348 -28 -29 336 27 -44 78 22 -79 234 27 -34 162 -18 -74 60 -18 -79 180 -23 -69 258 -23 -74 252 22 -59 318 -23 -74 258 22 -74 252 32 -19 60 27 -49 102 22 -74 258 27 -39 180 -18 -79 168 22 -64 318 22 -79 252 27 -49 66 27 -49 78 -18 -89 60 27 -34 234 -28 -39 252 -28 -29 168 22 -84 252 22 -84 258 -28 -44 234 32 -19 180 22 -89 252 32 -19 6 -28 -39 336 27 -44 162 27 -54 84 27 -54 78 27 -39 234 27 -54 60 -28 -44 252 27 -49 348 -28 -39 360 -28 -49 234 -28 -34 168 32 -29 60 32 -29 66 -23 -49 84 32 -24 6 27 -49 336 32 -29 360 -23 -89 6 -28 -44 360 27 -64 66 -28 -49 318 27 -64 78 27 -54 168 27 -49 210 32 -34 60 -28 -39 168 27 -59 180 27 -69 102 27 -49 234 32 -34 66 32 -39 102 27 -49 318 -28 -49 360 27 -69 78 -23 -59 84 -28 -54 348 27 -54 210 27 -89 132 -28 -44 162 27 -79 360 32 -39 66 27 -74 78 27 -54 318 27 -64 162 32 -39 360 27 -59 210 27 -79 6 27 -79 78 27 -84 102 27 -84 66 27 -84 60 27 -59 318 32 -44 60 27 -89 360 27 -69 198 -28 -49 168 32 -44 78 27 -74 162 27 -64 234 27 -89 66 32 -34 318 -23 -89 168 27 -79 180 27 -69 222 27 -79 348 27 -89 6 27 -64 318 27 -69 210 -28 -59 6 32 -49 60 27 -69 234 27 -79 168 32 -49 66 -28 -54 168 27 -74 222 27 -84 162 27 -64 252 27 -89 180 27 -84 168 27 -64 258 27 -74 234 27 -89 162 32 -49 168 27 -84 198 27 -89 168 27 -74 318 27 -79 210 27 -69 252 27 -84 222 27 -89 336 32 -59 60 27 -79 318 -23 -89 60 -28 -89 348 -28 -64 168 27 -74 258 -28 -84 360 27 -84 318 -28 -69 168 32 -64 66 32 -64 78 32 -69 66 32 -64 6 -28 -74 132 32 -79 102 32 -74 78 32 -74 360 -28 -79 132 32 -59 210 -28 -89 162 32 -84 102 32 -79 84 -28 -89 198 -28 -84 132 32 -74 162 32 -79 360 -28 -64 60 32 -89 132 32 -84 84 32 -84 66 32 -74 348 -28 -74 78 -28 -69 60 32 -84 360 -28 -74 66 -28 -79 102 32 -79 348 32 -84 180 -28 -74 60 32 -74 222 -28 -84 84 -28 -84 78 32 -84 348 -28 -79 60 -28 -89 102 -28 -89 84 -28 -89 78 -28 -84 66 32 -79 222 -28 -84 60 
48 4 0 
49 4 0 
50 4 1 0 bottle_1 0.375 1 -28 21 84 
51 4 1 0 bottle_1 0.953271 17 32 31 168 -28 16 102 -28 21 102 12 71 336 12 71 360 32 6 66 32 6 78 32 11 84 32 11 132 32 11 168 32 6 198 32 6 222 7 71 210 32 11 360 32 6 6 12 71 198 27 46 348 
52 4 1 0 bottle_1 0.084507 1 7 71 348 
53 4 0 
54 4 1 0 bottle_1 0.993532 256 7 86 348 -28 56 78 2 66 60 -3 71 336 -3 76 6 2 76 102 -3 76 222 7 66 78 -28 56 162 2 81 360 12 86 132 -3 76 210 -3 76 360 7 66 66 -28 56 348 2 76 66 -3 71 258 12 86 258 7 76 78 2 76 210 2 76 60 12 86 360 7 66 360 2 76 162 -8 76 336 2 71 162 7 61 66 -3 71 180 -28 61 348 -3 76 168 -3 76 162 12 86 198 12 86 252 2 76 336 7 81 168 7 76 102 12 86 234 12 81 78 7 81 252 -3 76 66 -3 76 60 2 71 132 2 71 78 12 81 66 -28 61 180 2 71 180 2 71 222 2 76 252 2 71 84 17 86 132 -3 71 162 7 61 60 7 56 102 -3 61 222 12 81 102 7 81 360 2 81 6 -8 76 6 2 71 60 7 61 318 17 86 162 -3 61 252 2 61 234 12 81 6 2 56 258 -28 61 252 2 56 234 2 56 252 12 81 168 7 81 348 -8 76 318 7 56 210 2 71 258 7 66 252 -8 76 60 -3 61 198 17 81 66 12 66 78 7 76 222 17 81 84 7 71 102 -28 61 234 -28 61 222 7 71 162 12 66 348 7 71 132 12 66 60 -23 61 132 -23 61 234 12 56 132 7 56 132 17 81 60 -3 71 60 17 81 6 -13 71 234 -8 71 132 7 71 60 -3 71 66 -23 61 180 12 81 318 12 76 84 12 76 78 12 76 60 12 76 66 -23 51 168 12 66 360 17 81 162 -23 61 336 22 76 84 -18 61 60 12 56 78 -13 71 258 -28 56 258 7 71 180 -18 61 84 -8 71 66 -13 71 78 -13 61 198 -28 56 234 -18 61 6 -23 61 222 -8 71 234 22 66 84 -13 71 318 7 71 222 12 76 258 -8 76 84 22 76 78 -18 71 210 -8 71 78 -23 71 258 -13 76 180 12 76 222 12 76 198 -18 71 336 -13 76 210 7 76 348 12 71 84 12 71 78 7 71 234 7 61 222 -23 51 258 -13 71 132 -13 71 360 -13 71 180 -8 71 84 -13 71 210 -3 71 84 -13 61 252 -8 61 78 12 56 360 -13 76 198 -8 61 84 7 61 198 -18 66 360 -13 76 336 17 76 132 -13 76 162 -13 56 6 7 71 318 -3 66 60 22 71 132 -8 71 198 12 61 348 -13 56 78 -8 66 66 -8 66 60 -23 56 162 12 56 348 -23 71 252 12 61 78 -8 61 102 17 71 132 -8 71 168 -23 66 210 17 71 198 -13 76 66 12 61 60 12 56 180 -13 76 132 27 61 132 -8 61 132 -23 56 222 -13 76 78 17 71 84 -23 61 210 -3 61 132 -13 81 60 -13 56 348 -8 71 318 -18 66 252 -18 76 318 -18 66 234 -23 51 252 -13 66 162 -23 56 60 -18 76 210 -23 56 180 -13 61 348 12 56 6 -18 76 252 -13 61 102 -18 56 84 -18 56 348 -13 81 84 -18 61 198 -13 56 66 22 61 258 22 61 6 22 61 234 -8 61 258 -18 56 258 -13 66 360 -23 81 258 -18 56 102 22 61 198 -13 76 102 12 56 222 -18 56 252 -8 66 6 22 61 78 22 61 210 22 61 60 -23 56 210 12 61 210 -8 61 210 -8 61 252 -18 81 210 17 61 6 -8 61 198 27 56 252 22 61 132 12 61 234 22 61 168 -18 81 222 27 56 210 17 61 66 -8 61 180 -18 81 168 17 61 198 -18 81 348 27 56 66 17 56 66 27 56 168 -18 81 132 17 56 168 -18 86 180 22 56 234 22 56 6 22 56 198 17 56 6 22 56 168 22 56 162 17 56 234 17 56 252 17 56 222 
55 4 1 0 bottle_1 0.95935 59 -28 11 66 -28 16 66 -28 1 66 -28 11 78 -28 6 60 -28 11 60 -28 21 60 -28 51 60 -28 51 66 -28 51 78 -8 51 66 -28 51 84 -28 51 168 2 56 180 -3 51 60 -8 51 102 -3 56 258 -8 56 66 -28 51 180 -3 51 66 -8 56 78 -13 51 318 -13 51 360 -13 51 84 -13 51 336 -13 51 78 -13 51 132 -8 51 6 -13 56 234 2 56 132 2 56 84 -3 56 168 -3 56 162 -28 51 258 -13 56 222 -3 56 198 -3 51 84 -8 56 348 -28 51 222 -13 51 102 -3 56 348 -23 51 102 -8 56 336 -3 56 336 -18 51 132 -23 51 60 -8 56 222 -13 56 252 2 51 78 -23 51 132 -23 51 318 -18 51 348 -23 51 66 -3 56 84 -23 51 162 -23 51 6 32 51 60 32 16 210 32 21 252 
56 4 1 0 bottle_1 0.97908 39 32 16 318 32 21 210 32 21 198 32 16 198 32 16 222 32 51 168 32 51 84 32 16 180 32 51 78 32 21 336 32 26 318 32 21 6 32 16 348 27 51 252 27 51 258 32 16 60 27 51 6 32 41 348 32 26 6 32 36 336 32 41 6 32 36 348 32 16 66 32 16 360 32 36 318 27 51 336 32 36 6 32 46 78 32 21 66 32 21 84 32 46 84 32 46 102 27 51 180 27 51 78 32 16 102 27 51 168 32 26 84 27 51 162 32 41 84 
57 4 1 0 bottle_1 0.179104 2 -3 66 66 2 66 66 
58 4 1 0 bottle_1 0.967105 49 2 91 198 2 91 318 2 91 348 2 91 168 2 91 162 12 86 60 12 86 66 -13 86 66 7 86 222 7 86 198 7 86 162 -13 86 360 -13 86 162 -13 86 348 7 86 66 7 86 78 7 86 84 2 86 360 2 86 348 2 86 318 2 86 210 2 86 258 -13 81 162 -13 81 360 -13 81 348 7 81 60 -13 81 336 -13 81 318 -13 81 234 2 81 180 -8 81 66 -8 81 78 2 81 318 -8 81 102 -8 81 132 -8 81 360 -8 81 162 -8 81 168 2 81 132 -8 81 348 2 81 60 2 81 66 -3 81 210 -8 81 222 -8 81 258 -3 81 252 -3 81 84 -3 81 132 -3 81 318 
59 4 1 0 bottle_1 0.705882 24 -3 76 84 -8 76 252 -13 66 210 2 66 222 -8 66 162 -8 66 168 2 66 168 2 66 162 2 66 84 -8 66 318 -8 66 234 -8 66 222 -8 66 252 -3 66 252 -3 66 210 -3 66 222 -3 66 180 -3 66 168 -3 66 162 -3 61 6 2 61 66 2 61 78 -3 61 60 -3 61 336 
60 4 1 0 bottle_1 0.5 10 2 86 60 2 86 78 -8 86 102 -3 91 180 -3 86 60 -3 86 66 -3 86 84 -3 91 348 -3 86 102 -8 86 6 
61 4 1 0 bottle_1 0.047619 1 -8 91 198 
62 4 1 0 bottle_1 0.0641711 2 32 1 6 32 -4 180 
63 4 1 0 bottle_1 0.00587659 1 2 51 60 
64 4 1 0 bottle_1 1 1 -28 -24 6 
65 4 1 0 bottle_1 0.953271 17 -28 -39 102 -28 -14 78 -28 -34 78 -28 -14 84 -28 -44 78 -28 -34 84 -28 -29 66 -28 -34 60 -28 -49 78 -28 -29 60 -28 -44 66 -28 -49 210 -28 -54 84 -28 -9 132 -28 -54 60 -28 -64 102 -28 -34 210 
66 4 1 0 bottle_1 1 9 -28 -29 210 -28 -59 84 -28 1 162 -28 -14 168 -28 -9 168 -28 -29 198 -28 -29 6 -28 1 168 -28 -59 198 
67 4 1 0 bottle_1 0.084507 2 -28 -24 60 -28 -39 210 
