10 61 4
0 0 -1 49 1 22 -1 -1 -1 -1 -1 1 8 
1 1 0 0 0 0 0 0 0 0 0 0 0 
2 1 -1 222 2 15 -1 -1 -1 -1 -1 3 46 
3 2 0 0 0 0 0 0 0 0 0 0 0 
4 2 0 0 0 0 0 0 0 0 0 0 0 
5 2 -1 309 4 16 -1 -1 -1 -1 -1 0 3077 
6 2 -1 30 2 17 -1 -1 -1 -1 -1 1 1986 
7 3 0 0 0 0 0 0 0 0 0 0 0 
8 3 0 0 0 0 0 0 0 0 0 0 0 
9 3 0 0 0 0 0 0 0 0 0 0 0 
10 3 0 0 0 0 0 0 0 0 0 0 0 
11 3 -1 306 2 24 -1 -1 -1 -1 -1 0 1142 
12 3 14 0 0 0 0 0 0 0 0 0 0 
13 3 -1 288 2 16 -1 -1 -1 -1 -1 1 1985 
14 3 -1 122 2 15 -1 -1 -1 -1 -1 2 3944 
15 4 0 0 0 0 0 0 0 0 0 0 0 
16 4 0 0 0 0 0 0 0 0 0 0 0 
17 4 0 0 0 0 0 0 0 0 0 0 0 
18 4 0 0 0 0 0 0 0 0 0 0 0 
19 4 0 0 0 0 0 0 0 0 0 0 0 
20 4 0 0 0 0 0 0 0 0 0 0 0 
21 4 0 0 0 0 0 0 0 0 0 0 0 
22 4 0 0 0 0 0 0 0 0 0 0 0 
23 4 1 0 0 0 0 0 0 0 0 0 0 
24 4 -1 11 2 39 -1 -1 -1 -1 -1 1 279 
25 4 0 0 0 0 0 0 0 0 0 0 0 
26 4 0 0 0 0 0 0 0 0 0 0 0 
27 4 15 0 0 0 0 0 0 0 0 0 0 
28 4 -1 152 2 15 -1 -1 -1 -1 -1 2 2399 
29 4 -1 221 1 35 -1 -1 -1 -1 -1 1 26 
30 4 -1 53 4 22 -1 -1 -1 -1 -1 0 2378 
31 5 0 0 0 0 0 0 0 0 0 0 0 
32 5 0 0 0 0 0 0 0 0 0 0 0 
33 5 0 0 0 0 0 0 0 0 0 0 0 
34 5 0 0 0 0 0 0 0 0 0 0 0 
35 5 0 0 0 0 0 0 0 0 0 0 0 
36 5 0 0 0 0 0 0 0 0 0 0 0 
37 5 0 0 0 0 0 0 0 0 0 0 0 
38 5 0 0 0 0 0 0 0 0 0 0 0 
39 5 0 0 0 0 0 0 0 0 0 0 0 
40 5 0 0 0 0 0 0 0 0 0 0 0 
41 5 0 0 0 0 0 0 0 0 0 0 0 
42 5 0 0 0 0 0 0 0 0 0 0 0 
43 5 0 0 0 0 0 0 0 0 0 0 0 
44 5 0 0 0 0 0 0 0 0 0 0 0 
45 5 0 0 0 0 0 0 0 0 0 0 0 
46 5 0 0 0 0 0 0 0 0 0 0 0 
47 5 0 0 0 0 0 0 0 0 0 0 0 
48 5 0 0 0 0 0 0 0 0 0 0 0 
49 5 -1 282 2 23 -1 -1 -1 -1 -1 2 1410 
50 5 -1 60 3 37 -1 -1 -1 -1 -1 3 -1 
51 5 0 0 0 0 0 0 0 0 0 0 0 
52 5 0 0 0 0 0 0 0 0 0 0 0 
53 5 0 0 0 0 0 0 0 0 0 0 0 
54 5 0 0 0 0 0 0 0 0 0 0 0 
55 5 0 0 0 0 0 0 0 0 0 0 0 
56 5 0 0 0 0 0 0 0 0 0 0 0 
57 5 -1 345 4 27 -1 -1 -1 -1 -1 2 3595 
58 5 18 0 0 0 0 0 0 0 0 0 0 
59 5 -1 111 2 35 -1 -1 -1 -1 -1 0 166 
60 5 -1 280 2 11 -1 -1 -1 -1 -1 2 6220 
61 5 -1 337 2 27 -1 -1 -1 -1 -1 2 1289 
62 5 -1 347 2 15 -1 -1 -1 -1 -1 2 4301 
63 6 0 0 0 0 0 0 0 0 0 0 0 
64 6 0 0 0 0 0 0 0 0 0 0 0 
65 6 0 0 0 0 0 0 0 0 0 0 0 
66 6 0 0 0 0 0 0 0 0 0 0 0 
67 6 0 0 0 0 0 0 0 0 0 0 0 
68 6 0 0 0 0 0 0 0 0 0 0 0 
69 6 0 0 0 0 0 0 0 0 0 0 0 
70 6 0 0 0 0 0 0 0 0 0 0 0 
71 6 0 0 0 0 0 0 0 0 0 0 0 
72 6 0 0 0 0 0 0 0 0 0 0 0 
73 6 0 0 0 0 0 0 0 0 0 0 0 
74 6 0 0 0 0 0 0 0 0 0 0 0 
75 6 0 0 0 0 0 0 0 0 0 0 0 
76 6 0 0 0 0 0 0 0 0 0 0 0 
77 6 0 0 0 0 0 0 0 0 0 0 0 
78 6 0 0 0 0 0 0 0 0 0 0 0 
79 6 0 0 0 0 0 0 0 0 0 0 0 
80 6 0 0 0 0 0 0 0 0 0 0 0 
81 6 0 0 0 0 0 0 0 0 0 0 0 
82 6 0 0 0 0 0 0 0 0 0 0 0 
83 6 0 0 0 0 0 0 0 0 0 0 0 
84 6 0 0 0 0 0 0 0 0 0 0 0 
85 6 0 0 0 0 0 0 0 0 0 0 0 
86 6 0 0 0 0 0 0 0 0 0 0 0 
87 6 0 0 0 0 0 0 0 0 0 0 0 
88 6 0 0 0 0 0 0 0 0 0 0 0 
89 6 0 0 0 0 0 0 0 0 0 0 0 
90 6 0 0 0 0 0 0 0 0 0 0 0 
91 6 0 0 0 0 0 0 0 0 0 0 0 
92 6 0 0 0 0 0 0 0 0 0 0 0 
93 6 0 0 0 0 0 0 0 0 0 0 0 
94 6 0 0 0 0 0 0 0 0 0 0 0 
95 6 0 0 0 0 0 0 0 0 0 0 0 
96 6 0 0 0 0 0 0 0 0 0 0 0 
97 6 0 0 0 0 0 0 0 0 0 0 0 
98 6 0 0 0 0 0 0 0 0 0 0 0 
99 6 -1 87 2 27 -1 -1 -1 -1 -1 2 952 
100 6 -1 135 1 23 -1 -1 -1 -1 -1 3 1 
101 6 -1 181 4 23 -1 -1 -1 -1 -1 1 1492 
102 6 13 0 0 0 0 0 0 0 0 0 0 
103 6 0 0 0 0 0 0 0 0 0 0 0 
104 6 0 0 0 0 0 0 0 0 0 0 0 
105 6 0 0 0 0 0 0 0 0 0 0 0 
106 6 0 0 0 0 0 0 0 0 0 0 0 
107 6 0 0 0 0 0 0 0 0 0 0 0 
108 6 0 0 0 0 0 0 0 0 0 0 0 
109 6 0 0 0 0 0 0 0 0 0 0 0 
110 6 0 0 0 0 0 0 0 0 0 0 0 
111 6 0 0 0 0 0 0 0 0 0 0 0 
112 6 0 0 0 0 0 0 0 0 0 0 0 
113 6 0 0 0 0 0 0 0 0 0 0 0 
114 6 0 0 0 0 0 0 0 0 0 0 0 
115 6 16 0 0 0 0 0 0 0 0 0 0 
116 6 17 0 0 0 0 0 0 0 0 0 0 
117 6 0 0 0 0 0 0 0 0 0 0 0 
118 6 0 0 0 0 0 0 0 0 0 0 0 
119 6 -1 60 0 37 -1 -1 -1 -1 -1 0 -28 
120 6 -1 127 2 23 -1 -1 -1 -1 -1 1 1098 
121 6 -1 161 2 36 -1 -1 -1 -1 -1 1 162 
122 6 -1 165 2 14 -1 -1 -1 -1 -1 1 3948 
123 6 -1 152 4 33 -1 -1 -1 -1 -1 3 209 
124 6 54 0 0 0 0 0 0 0 0 0 0 
125 6 -1 23 2 28 -1 -1 -1 -1 -1 1 861 
126 6 60 0 0 0 0 0 0 0 0 0 0 
127 7 0 0 0 0 0 0 0 0 0 0 0 
128 7 0 0 0 0 0 0 0 0 0 0 0 
129 7 0 0 0 0 0 0 0 0 0 0 0 
130 7 0 0 0 0 0 0 0 0 0 0 0 
131 7 0 0 0 0 0 0 0 0 0 0 0 
132 7 0 0 0 0 0 0 0 0 0 0 0 
133 7 0 0 0 0 0 0 0 0 0 0 0 
134 7 0 0 0 0 0 0 0 0 0 0 0 
135 7 0 0 0 0 0 0 0 0 0 0 0 
136 7 0 0 0 0 0 0 0 0 0 0 0 
137 7 0 0 0 0 0 0 0 0 0 0 0 
138 7 0 0 0 0 0 0 0 0 0 0 0 
139 7 0 0 0 0 0 0 0 0 0 0 0 
140 7 0 0 0 0 0 0 0 0 0 0 0 
141 7 0 0 0 0 0 0 0 0 0 0 0 
142 7 0 0 0 0 0 0 0 0 0 0 0 
143 7 0 0 0 0 0 0 0 0 0 0 0 
144 7 0 0 0 0 0 0 0 0 0 0 0 
145 7 0 0 0 0 0 0 0 0 0 0 0 
146 7 0 0 0 0 0 0 0 0 0 0 0 
147 7 0 0 0 0 0 0 0 0 0 0 0 
148 7 0 0 0 0 0 0 0 0 0 0 0 
149 7 0 0 0 0 0 0 0 0 0 0 0 
150 7 0 0 0 0 0 0 0 0 0 0 0 
151 7 0 0 0 0 0 0 0 0 0 0 0 
152 7 0 0 0 0 0 0 0 0 0 0 0 
153 7 0 0 0 0 0 0 0 0 0 0 0 
154 7 0 0 0 0 0 0 0 0 0 0 0 
155 7 0 0 0 0 0 0 0 0 0 0 0 
156 7 0 0 0 0 0 0 0 0 0 0 0 
157 7 0 0 0 0 0 0 0 0 0 0 0 
158 7 0 0 0 0 0 0 0 0 0 0 0 
159 7 0 0 0 0 0 0 0 0 0 0 0 
160 7 0 0 0 0 0 0 0 0 0 0 0 
161 7 0 0 0 0 0 0 0 0 0 0 0 
162 7 0 0 0 0 0 0 0 0 0 0 0 
163 7 0 0 0 0 0 0 0 0 0 0 0 
164 7 0 0 0 0 0 0 0 0 0 0 0 
165 7 0 0 0 0 0 0 0 0 0 0 0 
166 7 0 0 0 0 0 0 0 0 0 0 0 
167 7 0 0 0 0 0 0 0 0 0 0 0 
168 7 0 0 0 0 0 0 0 0 0 0 0 
169 7 0 0 0 0 0 0 0 0 0 0 0 
170 7 0 0 0 0 0 0 0 0 0 0 0 
171 7 0 0 0 0 0 0 0 0 0 0 0 
172 7 0 0 0 0 0 0 0 0 0 0 0 
173 7 0 0 0 0 0 0 0 0 0 0 0 
174 7 0 0 0 0 0 0 0 0 0 0 0 
175 7 0 0 0 0 0 0 0 0 0 0 0 
176 7 0 0 0 0 0 0 0 0 0 0 0 
177 7 0 0 0 0 0 0 0 0 0 0 0 
178 7 0 0 0 0 0 0 0 0 0 0 0 
179 7 0 0 0 0 0 0 0 0 0 0 0 
180 7 0 0 0 0 0 0 0 0 0 0 0 
181 7 0 0 0 0 0 0 0 0 0 0 0 
182 7 0 0 0 0 0 0 0 0 0 0 0 
183 7 0 0 0 0 0 0 0 0 0 0 0 
184 7 0 0 0 0 0 0 0 0 0 0 0 
185 7 0 0 0 0 0 0 0 0 0 0 0 
186 7 0 0 0 0 0 0 0 0 0 0 0 
187 7 0 0 0 0 0 0 0 0 0 0 0 
188 7 0 0 0 0 0 0 0 0 0 0 0 
189 7 0 0 0 0 0 0 0 0 0 0 0 
190 7 0 0 0 0 0 0 0 0 0 0 0 
191 7 0 0 0 0 0 0 0 0 0 0 0 
192 7 0 0 0 0 0 0 0 0 0 0 0 
193 7 0 0 0 0 0 0 0 0 0 0 0 
194 7 0 0 0 0 0 0 0 0 0 0 0 
195 7 0 0 0 0 0 0 0 0 0 0 0 
196 7 0 0 0 0 0 0 0 0 0 0 0 
197 7 0 0 0 0 0 0 0 0 0 0 0 
198 7 0 0 0 0 0 0 0 0 0 0 0 
199 7 2 0 0 0 0 0 0 0 0 0 0 
200 7 -1 77 4 30 -1 -1 -1 -1 -1 0 989 
201 7 9 0 0 0 0 0 0 0 0 0 0 
202 7 10 0 0 0 0 0 0 0 0 0 0 
203 7 11 0 0 0 0 0 0 0 0 0 0 
204 7 12 0 0 0 0 0 0 0 0 0 0 
205 7 0 0 0 0 0 0 0 0 0 0 0 
206 7 0 0 0 0 0 0 0 0 0 0 0 
207 7 0 0 0 0 0 0 0 0 0 0 0 
208 7 0 0 0 0 0 0 0 0 0 0 0 
209 7 0 0 0 0 0 0 0 0 0 0 0 
210 7 0 0 0 0 0 0 0 0 0 0 0 
211 7 0 0 0 0 0 0 0 0 0 0 0 
212 7 0 0 0 0 0 0 0 0 0 0 0 
213 7 0 0 0 0 0 0 0 0 0 0 0 
214 7 0 0 0 0 0 0 0 0 0 0 0 
215 7 0 0 0 0 0 0 0 0 0 0 0 
216 7 0 0 0 0 0 0 0 0 0 0 0 
217 7 0 0 0 0 0 0 0 0 0 0 0 
218 7 0 0 0 0 0 0 0 0 0 0 0 
219 7 0 0 0 0 0 0 0 0 0 0 0 
220 7 0 0 0 0 0 0 0 0 0 0 0 
221 7 0 0 0 0 0 0 0 0 0 0 0 
222 7 0 0 0 0 0 0 0 0 0 0 0 
223 7 0 0 0 0 0 0 0 0 0 0 0 
224 7 0 0 0 0 0 0 0 0 0 0 0 
225 7 0 0 0 0 0 0 0 0 0 0 0 
226 7 0 0 0 0 0 0 0 0 0 0 0 
227 7 0 0 0 0 0 0 0 0 0 0 0 
228 7 0 0 0 0 0 0 0 0 0 0 0 
229 7 0 0 0 0 0 0 0 0 0 0 0 
230 7 0 0 0 0 0 0 0 0 0 0 0 
231 7 0 0 0 0 0 0 0 0 0 0 0 
232 7 0 0 0 0 0 0 0 0 0 0 0 
233 7 0 0 0 0 0 0 0 0 0 0 0 
234 7 0 0 0 0 0 0 0 0 0 0 0 
235 7 0 0 0 0 0 0 0 0 0 0 0 
236 7 0 0 0 0 0 0 0 0 0 0 0 
237 7 0 0 0 0 0 0 0 0 0 0 0 
238 7 0 0 0 0 0 0 0 0 0 0 0 
239 7 -1 340 4 19 -1 -1 -1 -1 -1 1 4207 
240 7 -1 180 1 25 -1 -1 -1 -1 -1 2 2 
241 7 -1 53 4 16 -1 -1 -1 -1 -1 2 5821 
242 7 -1 144 4 28 -1 -1 -1 -1 -1 0 9152 
243 7 40 0 0 0 0 0 0 0 0 0 0 
244 7 -1 154 3 35 -1 -1 -1 -1 -1 0 14 
245 7 45 0 0 0 0 0 0 0 0 0 0 
246 7 -1 4 2 24 -1 -1 -1 -1 -1 2 970 
247 7 -1 49 0 23 -1 -1 -1 -1 -1 1 -36 
248 7 53 0 0 0 0 0 0 0 0 0 0 
249 7 0 0 0 0 0 0 0 0 0 0 0 
250 7 0 0 0 0 0 0 0 0 0 0 0 
251 7 55 0 0 0 0 0 0 0 0 0 0 
252 7 -1 275 0 24 -1 -1 -1 -1 -1 1 -46 
253 7 0 0 0 0 0 0 0 0 0 0 0 
254 7 0 0 0 0 0 0 0 0 0 0 0 
255 8 0 0 0 0 0 0 0 0 0 0 0 
256 8 0 0 0 0 0 0 0 0 0 0 0 
257 8 0 0 0 0 0 0 0 0 0 0 0 
258 8 0 0 0 0 0 0 0 0 0 0 0 
259 8 0 0 0 0 0 0 0 0 0 0 0 
260 8 0 0 0 0 0 0 0 0 0 0 0 
261 8 0 0 0 0 0 0 0 0 0 0 0 
262 8 0 0 0 0 0 0 0 0 0 0 0 
263 8 0 0 0 0 0 0 0 0 0 0 0 
264 8 0 0 0 0 0 0 0 0 0 0 0 
265 8 0 0 0 0 0 0 0 0 0 0 0 
266 8 0 0 0 0 0 0 0 0 0 0 0 
267 8 0 0 0 0 0 0 0 0 0 0 0 
268 8 0 0 0 0 0 0 0 0 0 0 0 
269 8 0 0 0 0 0 0 0 0 0 0 0 
270 8 0 0 0 0 0 0 0 0 0 0 0 
271 8 0 0 0 0 0 0 0 0 0 0 0 
272 8 0 0 0 0 0 0 0 0 0 0 0 
273 8 0 0 0 0 0 0 0 0 0 0 0 
274 8 0 0 0 0 0 0 0 0 0 0 0 
275 8 0 0 0 0 0 0 0 0 0 0 0 
276 8 0 0 0 0 0 0 0 0 0 0 0 
277 8 0 0 0 0 0 0 0 0 0 0 0 
278 8 0 0 0 0 0 0 0 0 0 0 0 
279 8 0 0 0 0 0 0 0 0 0 0 0 
280 8 0 0 0 0 0 0 0 0 0 0 0 
281 8 0 0 0 0 0 0 0 0 0 0 0 
282 8 0 0 0 0 0 0 0 0 0 0 0 
283 8 0 0 0 0 0 0 0 0 0 0 0 
284 8 0 0 0 0 0 0 0 0 0 0 0 
285 8 0 0 0 0 0 0 0 0 0 0 0 
286 8 0 0 0 0 0 0 0 0 0 0 0 
287 8 0 0 0 0 0 0 0 0 0 0 0 
288 8 0 0 0 0 0 0 0 0 0 0 0 
289 8 0 0 0 0 0 0 0 0 0 0 0 
290 8 0 0 0 0 0 0 0 0 0 0 0 
291 8 0 0 0 0 0 0 0 0 0 0 0 
292 8 0 0 0 0 0 0 0 0 0 0 0 
293 8 0 0 0 0 0 0 0 0 0 0 0 
294 8 0 0 0 0 0 0 0 0 0 0 0 
295 8 0 0 0 0 0 0 0 0 0 0 0 
296 8 0 0 0 0 0 0 0 0 0 0 0 
297 8 0 0 0 0 0 0 0 0 0 0 0 
298 8 0 0 0 0 0 0 0 0 0 0 0 
299 8 0 0 0 0 0 0 0 0 0 0 0 
300 8 0 0 0 0 0 0 0 0 0 0 0 
301 8 0 0 0 0 0 0 0 0 0 0 0 
302 8 0 0 0 0 0 0 0 0 0 0 0 
303 8 0 0 0 0 0 0 0 0 0 0 0 
304 8 0 0 0 0 0 0 0 0 0 0 0 
305 8 0 0 0 0 0 0 0 0 0 0 0 
306 8 0 0 0 0 0 0 0 0 0 0 0 
307 8 0 0 0 0 0 0 0 0 0 0 0 
308 8 0 0 0 0 0 0 0 0 0 0 0 
309 8 0 0 0 0 0 0 0 0 0 0 0 
310 8 0 0 0 0 0 0 0 0 0 0 0 
311 8 0 0 0 0 0 0 0 0 0 0 0 
312 8 0 0 0 0 0 0 0 0 0 0 0 
313 8 0 0 0 0 0 0 0 0 0 0 0 
314 8 0 0 0 0 0 0 0 0 0 0 0 
315 8 0 0 0 0 0 0 0 0 0 0 0 
316 8 0 0 0 0 0 0 0 0 0 0 0 
317 8 0 0 0 0 0 0 0 0 0 0 0 
318 8 0 0 0 0 0 0 0 0 0 0 0 
319 8 0 0 0 0 0 0 0 0 0 0 0 
320 8 0 0 0 0 0 0 0 0 0 0 0 
321 8 0 0 0 0 0 0 0 0 0 0 0 
322 8 0 0 0 0 0 0 0 0 0 0 0 
323 8 0 0 0 0 0 0 0 0 0 0 0 
324 8 0 0 0 0 0 0 0 0 0 0 0 
325 8 0 0 0 0 0 0 0 0 0 0 0 
326 8 0 0 0 0 0 0 0 0 0 0 0 
327 8 0 0 0 0 0 0 0 0 0 0 0 
328 8 0 0 0 0 0 0 0 0 0 0 0 
329 8 0 0 0 0 0 0 0 0 0 0 0 
330 8 0 0 0 0 0 0 0 0 0 0 0 
331 8 0 0 0 0 0 0 0 0 0 0 0 
332 8 0 0 0 0 0 0 0 0 0 0 0 
333 8 0 0 0 0 0 0 0 0 0 0 0 
334 8 0 0 0 0 0 0 0 0 0 0 0 
335 8 0 0 0 0 0 0 0 0 0 0 0 
336 8 0 0 0 0 0 0 0 0 0 0 0 
337 8 0 0 0 0 0 0 0 0 0 0 0 
338 8 0 0 0 0 0 0 0 0 0 0 0 
339 8 0 0 0 0 0 0 0 0 0 0 0 
340 8 0 0 0 0 0 0 0 0 0 0 0 
341 8 0 0 0 0 0 0 0 0 0 0 0 
342 8 0 0 0 0 0 0 0 0 0 0 0 
343 8 0 0 0 0 0 0 0 0 0 0 0 
344 8 0 0 0 0 0 0 0 0 0 0 0 
345 8 0 0 0 0 0 0 0 0 0 0 0 
346 8 0 0 0 0 0 0 0 0 0 0 0 
347 8 0 0 0 0 0 0 0 0 0 0 0 
348 8 0 0 0 0 0 0 0 0 0 0 0 
349 8 0 0 0 0 0 0 0 0 0 0 0 
350 8 0 0 0 0 0 0 0 0 0 0 0 
351 8 0 0 0 0 0 0 0 0 0 0 0 
352 8 0 0 0 0 0 0 0 0 0 0 0 
353 8 0 0 0 0 0 0 0 0 0 0 0 
354 8 0 0 0 0 0 0 0 0 0 0 0 
355 8 0 0 0 0 0 0 0 0 0 0 0 
356 8 0 0 0 0 0 0 0 0 0 0 0 
357 8 0 0 0 0 0 0 0 0 0 0 0 
358 8 0 0 0 0 0 0 0 0 0 0 0 
359 8 0 0 0 0 0 0 0 0 0 0 0 
360 8 0 0 0 0 0 0 0 0 0 0 0 
361 8 0 0 0 0 0 0 0 0 0 0 0 
362 8 0 0 0 0 0 0 0 0 0 0 0 
363 8 0 0 0 0 0 0 0 0 0 0 0 
364 8 0 0 0 0 0 0 0 0 0 0 0 
365 8 0 0 0 0 0 0 0 0 0 0 0 
366 8 0 0 0 0 0 0 0 0 0 0 0 
367 8 0 0 0 0 0 0 0 0 0 0 0 
368 8 0 0 0 0 0 0 0 0 0 0 0 
369 8 0 0 0 0 0 0 0 0 0 0 0 
370 8 0 0 0 0 0 0 0 0 0 0 0 
371 8 0 0 0 0 0 0 0 0 0 0 0 
372 8 0 0 0 0 0 0 0 0 0 0 0 
373 8 0 0 0 0 0 0 0 0 0 0 0 
374 8 0 0 0 0 0 0 0 0 0 0 0 
375 8 0 0 0 0 0 0 0 0 0 0 0 
376 8 0 0 0 0 0 0 0 0 0 0 0 
377 8 0 0 0 0 0 0 0 0 0 0 0 
378 8 0 0 0 0 0 0 0 0 0 0 0 
379 8 0 0 0 0 0 0 0 0 0 0 0 
380 8 0 0 0 0 0 0 0 0 0 0 0 
381 8 0 0 0 0 0 0 0 0 0 0 0 
382 8 0 0 0 0 0 0 0 0 0 0 0 
383 8 0 0 0 0 0 0 0 0 0 0 0 
384 8 0 0 0 0 0 0 0 0 0 0 0 
385 8 0 0 0 0 0 0 0 0 0 0 0 
386 8 0 0 0 0 0 0 0 0 0 0 0 
387 8 0 0 0 0 0 0 0 0 0 0 0 
388 8 0 0 0 0 0 0 0 0 0 0 0 
389 8 0 0 0 0 0 0 0 0 0 0 0 
390 8 0 0 0 0 0 0 0 0 0 0 0 
391 8 0 0 0 0 0 0 0 0 0 0 0 
392 8 0 0 0 0 0 0 0 0 0 0 0 
393 8 0 0 0 0 0 0 0 0 0 0 0 
394 8 0 0 0 0 0 0 0 0 0 0 0 
395 8 0 0 0 0 0 0 0 0 0 0 0 
396 8 0 0 0 0 0 0 0 0 0 0 0 
397 8 0 0 0 0 0 0 0 0 0 0 0 
398 8 0 0 0 0 0 0 0 0 0 0 0 
399 8 0 0 0 0 0 0 0 0 0 0 0 
400 8 0 0 0 0 0 0 0 0 0 0 0 
401 8 -1 162 2 26 -1 -1 -1 -1 -1 3 3 
402 8 -1 314 3 36 -1 -1 -1 -1 -1 2 -33 
403 8 0 0 0 0 0 0 0 0 0 0 0 
404 8 0 0 0 0 0 0 0 0 0 0 0 
405 8 0 0 0 0 0 0 0 0 0 0 0 
406 8 0 0 0 0 0 0 0 0 0 0 0 
407 8 0 0 0 0 0 0 0 0 0 0 0 
408 8 0 0 0 0 0 0 0 0 0 0 0 
409 8 0 0 0 0 0 0 0 0 0 0 0 
410 8 0 0 0 0 0 0 0 0 0 0 0 
411 8 0 0 0 0 0 0 0 0 0 0 0 
412 8 0 0 0 0 0 0 0 0 0 0 0 
413 8 0 0 0 0 0 0 0 0 0 0 0 
414 8 0 0 0 0 0 0 0 0 0 0 0 
415 8 0 0 0 0 0 0 0 0 0 0 0 
416 8 0 0 0 0 0 0 0 0 0 0 0 
417 8 0 0 0 0 0 0 0 0 0 0 0 
418 8 0 0 0 0 0 0 0 0 0 0 0 
419 8 0 0 0 0 0 0 0 0 0 0 0 
420 8 0 0 0 0 0 0 0 0 0 0 0 
421 8 0 0 0 0 0 0 0 0 0 0 0 
422 8 0 0 0 0 0 0 0 0 0 0 0 
423 8 0 0 0 0 0 0 0 0 0 0 0 
424 8 0 0 0 0 0 0 0 0 0 0 0 
425 8 0 0 0 0 0 0 0 0 0 0 0 
426 8 0 0 0 0 0 0 0 0 0 0 0 
427 8 0 0 0 0 0 0 0 0 0 0 0 
428 8 0 0 0 0 0 0 0 0 0 0 0 
429 8 0 0 0 0 0 0 0 0 0 0 0 
430 8 0 0 0 0 0 0 0 0 0 0 0 
431 8 0 0 0 0 0 0 0 0 0 0 0 
432 8 0 0 0 0 0 0 0 0 0 0 0 
433 8 0 0 0 0 0 0 0 0 0 0 0 
434 8 0 0 0 0 0 0 0 0 0 0 0 
435 8 0 0 0 0 0 0 0 0 0 0 0 
436 8 0 0 0 0 0 0 0 0 0 0 0 
437 8 0 0 0 0 0 0 0 0 0 0 0 
438 8 0 0 0 0 0 0 0 0 0 0 0 
439 8 0 0 0 0 0 0 0 0 0 0 0 
440 8 0 0 0 0 0 0 0 0 0 0 0 
441 8 0 0 0 0 0 0 0 0 0 0 0 
442 8 0 0 0 0 0 0 0 0 0 0 0 
443 8 0 0 0 0 0 0 0 0 0 0 0 
444 8 0 0 0 0 0 0 0 0 0 0 0 
445 8 0 0 0 0 0 0 0 0 0 0 0 
446 8 0 0 0 0 0 0 0 0 0 0 0 
447 8 0 0 0 0 0 0 0 0 0 0 0 
448 8 0 0 0 0 0 0 0 0 0 0 0 
449 8 0 0 0 0 0 0 0 0 0 0 0 
450 8 0 0 0 0 0 0 0 0 0 0 0 
451 8 0 0 0 0 0 0 0 0 0 0 0 
452 8 0 0 0 0 0 0 0 0 0 0 0 
453 8 0 0 0 0 0 0 0 0 0 0 0 
454 8 0 0 0 0 0 0 0 0 0 0 0 
455 8 0 0 0 0 0 0 0 0 0 0 0 
456 8 0 0 0 0 0 0 0 0 0 0 0 
457 8 0 0 0 0 0 0 0 0 0 0 0 
458 8 0 0 0 0 0 0 0 0 0 0 0 
459 8 0 0 0 0 0 0 0 0 0 0 0 
460 8 0 0 0 0 0 0 0 0 0 0 0 
461 8 0 0 0 0 0 0 0 0 0 0 0 
462 8 0 0 0 0 0 0 0 0 0 0 0 
463 8 0 0 0 0 0 0 0 0 0 0 0 
464 8 0 0 0 0 0 0 0 0 0 0 0 
465 8 0 0 0 0 0 0 0 0 0 0 0 
466 8 0 0 0 0 0 0 0 0 0 0 0 
467 8 0 0 0 0 0 0 0 0 0 0 0 
468 8 0 0 0 0 0 0 0 0 0 0 0 
469 8 0 0 0 0 0 0 0 0 0 0 0 
470 8 0 0 0 0 0 0 0 0 0 0 0 
471 8 0 0 0 0 0 0 0 0 0 0 0 
472 8 0 0 0 0 0 0 0 0 0 0 0 
473 8 0 0 0 0 0 0 0 0 0 0 0 
474 8 0 0 0 0 0 0 0 0 0 0 0 
475 8 0 0 0 0 0 0 0 0 0 0 0 
476 8 0 0 0 0 0 0 0 0 0 0 0 
477 8 0 0 0 0 0 0 0 0 0 0 0 
478 8 0 0 0 0 0 0 0 0 0 0 0 
479 8 -1 107 1 20 -1 -1 -1 -1 -1 2 -10 
480 8 -1 169 1 23 -1 -1 -1 -1 -1 0 60 
481 8 -1 139 4 25 -1 -1 -1 -1 -1 3 424 
482 8 -1 335 3 19 -1 -1 -1 -1 -1 1 -82 
483 8 31 0 0 0 0 0 0 0 0 0 0 
484 8 -1 9 4 11 -1 -1 -1 -1 -1 2 12542 
485 8 -1 230 1 34 -1 -1 -1 -1 -1 0 15 
486 8 39 0 0 0 0 0 0 0 0 0 0 
487 8 0 0 0 0 0 0 0 0 0 0 0 
488 8 0 0 0 0 0 0 0 0 0 0 0 
489 8 -1 351 1 22 -1 -1 -1 -1 -1 3 -7 
490 8 44 0 0 0 0 0 0 0 0 0 0 
491 8 0 0 0 0 0 0 0 0 0 0 0 
492 8 0 0 0 0 0 0 0 0 0 0 0 
493 8 46 0 0 0 0 0 0 0 0 0 0 
494 8 47 0 0 0 0 0 0 0 0 0 0 
495 8 48 0 0 0 0 0 0 0 0 0 0 
496 8 -1 263 3 38 -1 -1 -1 -1 -1 2 23 
497 8 0 0 0 0 0 0 0 0 0 0 0 
498 8 0 0 0 0 0 0 0 0 0 0 0 
499 8 0 0 0 0 0 0 0 0 0 0 0 
500 8 0 0 0 0 0 0 0 0 0 0 0 
501 8 0 0 0 0 0 0 0 0 0 0 0 
502 8 0 0 0 0 0 0 0 0 0 0 0 
503 8 0 0 0 0 0 0 0 0 0 0 0 
504 8 0 0 0 0 0 0 0 0 0 0 0 
505 8 56 0 0 0 0 0 0 0 0 0 0 
506 8 -1 184 3 37 -1 -1 -1 -1 -1 1 25 
507 8 0 0 0 0 0 0 0 0 0 0 0 
508 8 0 0 0 0 0 0 0 0 0 0 0 
509 8 0 0 0 0 0 0 0 0 0 0 0 
510 8 0 0 0 0 0 0 0 0 0 0 0 
511 9 0 0 0 0 0 0 0 0 0 0 0 
512 9 0 0 0 0 0 0 0 0 0 0 0 
513 9 0 0 0 0 0 0 0 0 0 0 0 
514 9 0 0 0 0 0 0 0 0 0 0 0 
515 9 0 0 0 0 0 0 0 0 0 0 0 
516 9 0 0 0 0 0 0 0 0 0 0 0 
517 9 0 0 0 0 0 0 0 0 0 0 0 
518 9 0 0 0 0 0 0 0 0 0 0 0 
519 9 0 0 0 0 0 0 0 0 0 0 0 
520 9 0 0 0 0 0 0 0 0 0 0 0 
521 9 0 0 0 0 0 0 0 0 0 0 0 
522 9 0 0 0 0 0 0 0 0 0 0 0 
523 9 0 0 0 0 0 0 0 0 0 0 0 
524 9 0 0 0 0 0 0 0 0 0 0 0 
525 9 0 0 0 0 0 0 0 0 0 0 0 
526 9 0 0 0 0 0 0 0 0 0 0 0 
527 9 0 0 0 0 0 0 0 0 0 0 0 
528 9 0 0 0 0 0 0 0 0 0 0 0 
529 9 0 0 0 0 0 0 0 0 0 0 0 
530 9 0 0 0 0 0 0 0 0 0 0 0 
531 9 0 0 0 0 0 0 0 0 0 0 0 
532 9 0 0 0 0 0 0 0 0 0 0 0 
533 9 0 0 0 0 0 0 0 0 0 0 0 
534 9 0 0 0 0 0 0 0 0 0 0 0 
535 9 0 0 0 0 0 0 0 0 0 0 0 
536 9 0 0 0 0 0 0 0 0 0 0 0 
537 9 0 0 0 0 0 0 0 0 0 0 0 
538 9 0 0 0 0 0 0 0 0 0 0 0 
539 9 0 0 0 0 0 0 0 0 0 0 0 
540 9 0 0 0 0 0 0 0 0 0 0 0 
541 9 0 0 0 0 0 0 0 0 0 0 0 
542 9 0 0 0 0 0 0 0 0 0 0 0 
543 9 0 0 0 0 0 0 0 0 0 0 0 
544 9 0 0 0 0 0 0 0 0 0 0 0 
545 9 0 0 0 0 0 0 0 0 0 0 0 
546 9 0 0 0 0 0 0 0 0 0 0 0 
547 9 0 0 0 0 0 0 0 0 0 0 0 
548 9 0 0 0 0 0 0 0 0 0 0 0 
549 9 0 0 0 0 0 0 0 0 0 0 0 
550 9 0 0 0 0 0 0 0 0 0 0 0 
551 9 0 0 0 0 0 0 0 0 0 0 0 
552 9 0 0 0 0 0 0 0 0 0 0 0 
553 9 0 0 0 0 0 0 0 0 0 0 0 
554 9 0 0 0 0 0 0 0 0 0 0 0 
555 9 0 0 0 0 0 0 0 0 0 0 0 
556 9 0 0 0 0 0 0 0 0 0 0 0 
557 9 0 0 0 0 0 0 0 0 0 0 0 
558 9 0 0 0 0 0 0 0 0 0 0 0 
559 9 0 0 0 0 0 0 0 0 0 0 0 
560 9 0 0 0 0 0 0 0 0 0 0 0 
561 9 0 0 0 0 0 0 0 0 0 0 0 
562 9 0 0 0 0 0 0 0 0 0 0 0 
563 9 0 0 0 0 0 0 0 0 0 0 0 
564 9 0 0 0 0 0 0 0 0 0 0 0 
565 9 0 0 0 0 0 0 0 0 0 0 0 
566 9 0 0 0 0 0 0 0 0 0 0 0 
567 9 0 0 0 0 0 0 0 0 0 0 0 
568 9 0 0 0 0 0 0 0 0 0 0 0 
569 9 0 0 0 0 0 0 0 0 0 0 0 
570 9 0 0 0 0 0 0 0 0 0 0 0 
571 9 0 0 0 0 0 0 0 0 0 0 0 
572 9 0 0 0 0 0 0 0 0 0 0 0 
573 9 0 0 0 0 0 0 0 0 0 0 0 
574 9 0 0 0 0 0 0 0 0 0 0 0 
575 9 0 0 0 0 0 0 0 0 0 0 0 
576 9 0 0 0 0 0 0 0 0 0 0 0 
577 9 0 0 0 0 0 0 0 0 0 0 0 
578 9 0 0 0 0 0 0 0 0 0 0 0 
579 9 0 0 0 0 0 0 0 0 0 0 0 
580 9 0 0 0 0 0 0 0 0 0 0 0 
581 9 0 0 0 0 0 0 0 0 0 0 0 
582 9 0 0 0 0 0 0 0 0 0 0 0 
583 9 0 0 0 0 0 0 0 0 0 0 0 
584 9 0 0 0 0 0 0 0 0 0 0 0 
585 9 0 0 0 0 0 0 0 0 0 0 0 
586 9 0 0 0 0 0 0 0 0 0 0 0 
587 9 0 0 0 0 0 0 0 0 0 0 0 
588 9 0 0 0 0 0 0 0 0 0 0 0 
589 9 0 0 0 0 0 0 0 0 0 0 0 
590 9 0 0 0 0 0 0 0 0 0 0 0 
591 9 0 0 0 0 0 0 0 0 0 0 0 
592 9 0 0 0 0 0 0 0 0 0 0 0 
593 9 0 0 0 0 0 0 0 0 0 0 0 
594 9 0 0 0 0 0 0 0 0 0 0 0 
595 9 0 0 0 0 0 0 0 0 0 0 0 
596 9 0 0 0 0 0 0 0 0 0 0 0 
597 9 0 0 0 0 0 0 0 0 0 0 0 
598 9 0 0 0 0 0 0 0 0 0 0 0 
599 9 0 0 0 0 0 0 0 0 0 0 0 
600 9 0 0 0 0 0 0 0 0 0 0 0 
601 9 0 0 0 0 0 0 0 0 0 0 0 
602 9 0 0 0 0 0 0 0 0 0 0 0 
603 9 0 0 0 0 0 0 0 0 0 0 0 
604 9 0 0 0 0 0 0 0 0 0 0 0 
605 9 0 0 0 0 0 0 0 0 0 0 0 
606 9 0 0 0 0 0 0 0 0 0 0 0 
607 9 0 0 0 0 0 0 0 0 0 0 0 
608 9 0 0 0 0 0 0 0 0 0 0 0 
609 9 0 0 0 0 0 0 0 0 0 0 0 
610 9 0 0 0 0 0 0 0 0 0 0 0 
611 9 0 0 0 0 0 0 0 0 0 0 0 
612 9 0 0 0 0 0 0 0 0 0 0 0 
613 9 0 0 0 0 0 0 0 0 0 0 0 
614 9 0 0 0 0 0 0 0 0 0 0 0 
615 9 0 0 0 0 0 0 0 0 0 0 0 
616 9 0 0 0 0 0 0 0 0 0 0 0 
617 9 0 0 0 0 0 0 0 0 0 0 0 
618 9 0 0 0 0 0 0 0 0 0 0 0 
619 9 0 0 0 0 0 0 0 0 0 0 0 
620 9 0 0 0 0 0 0 0 0 0 0 0 
621 9 0 0 0 0 0 0 0 0 0 0 0 
622 9 0 0 0 0 0 0 0 0 0 0 0 
623 9 0 0 0 0 0 0 0 0 0 0 0 
624 9 0 0 0 0 0 0 0 0 0 0 0 
625 9 0 0 0 0 0 0 0 0 0 0 0 
626 9 0 0 0 0 0 0 0 0 0 0 0 
627 9 0 0 0 0 0 0 0 0 0 0 0 
628 9 0 0 0 0 0 0 0 0 0 0 0 
629 9 0 0 0 0 0 0 0 0 0 0 0 
630 9 0 0 0 0 0 0 0 0 0 0 0 
631 9 0 0 0 0 0 0 0 0 0 0 0 
632 9 0 0 0 0 0 0 0 0 0 0 0 
633 9 0 0 0 0 0 0 0 0 0 0 0 
634 9 0 0 0 0 0 0 0 0 0 0 0 
635 9 0 0 0 0 0 0 0 0 0 0 0 
636 9 0 0 0 0 0 0 0 0 0 0 0 
637 9 0 0 0 0 0 0 0 0 0 0 0 
638 9 0 0 0 0 0 0 0 0 0 0 0 
639 9 0 0 0 0 0 0 0 0 0 0 0 
640 9 0 0 0 0 0 0 0 0 0 0 0 
641 9 0 0 0 0 0 0 0 0 0 0 0 
642 9 0 0 0 0 0 0 0 0 0 0 0 
643 9 0 0 0 0 0 0 0 0 0 0 0 
644 9 0 0 0 0 0 0 0 0 0 0 0 
645 9 0 0 0 0 0 0 0 0 0 0 0 
646 9 0 0 0 0 0 0 0 0 0 0 0 
647 9 0 0 0 0 0 0 0 0 0 0 0 
648 9 0 0 0 0 0 0 0 0 0 0 0 
649 9 0 0 0 0 0 0 0 0 0 0 0 
650 9 0 0 0 0 0 0 0 0 0 0 0 
651 9 0 0 0 0 0 0 0 0 0 0 0 
652 9 0 0 0 0 0 0 0 0 0 0 0 
653 9 0 0 0 0 0 0 0 0 0 0 0 
654 9 0 0 0 0 0 0 0 0 0 0 0 
655 9 0 0 0 0 0 0 0 0 0 0 0 
656 9 0 0 0 0 0 0 0 0 0 0 0 
657 9 0 0 0 0 0 0 0 0 0 0 0 
658 9 0 0 0 0 0 0 0 0 0 0 0 
659 9 0 0 0 0 0 0 0 0 0 0 0 
660 9 0 0 0 0 0 0 0 0 0 0 0 
661 9 0 0 0 0 0 0 0 0 0 0 0 
662 9 0 0 0 0 0 0 0 0 0 0 0 
663 9 0 0 0 0 0 0 0 0 0 0 0 
664 9 0 0 0 0 0 0 0 0 0 0 0 
665 9 0 0 0 0 0 0 0 0 0 0 0 
666 9 0 0 0 0 0 0 0 0 0 0 0 
667 9 0 0 0 0 0 0 0 0 0 0 0 
668 9 0 0 0 0 0 0 0 0 0 0 0 
669 9 0 0 0 0 0 0 0 0 0 0 0 
670 9 0 0 0 0 0 0 0 0 0 0 0 
671 9 0 0 0 0 0 0 0 0 0 0 0 
672 9 0 0 0 0 0 0 0 0 0 0 0 
673 9 0 0 0 0 0 0 0 0 0 0 0 
674 9 0 0 0 0 0 0 0 0 0 0 0 
675 9 0 0 0 0 0 0 0 0 0 0 0 
676 9 0 0 0 0 0 0 0 0 0 0 0 
677 9 0 0 0 0 0 0 0 0 0 0 0 
678 9 0 0 0 0 0 0 0 0 0 0 0 
679 9 0 0 0 0 0 0 0 0 0 0 0 
680 9 0 0 0 0 0 0 0 0 0 0 0 
681 9 0 0 0 0 0 0 0 0 0 0 0 
682 9 0 0 0 0 0 0 0 0 0 0 0 
683 9 0 0 0 0 0 0 0 0 0 0 0 
684 9 0 0 0 0 0 0 0 0 0 0 0 
685 9 0 0 0 0 0 0 0 0 0 0 0 
686 9 0 0 0 0 0 0 0 0 0 0 0 
687 9 0 0 0 0 0 0 0 0 0 0 0 
688 9 0 0 0 0 0 0 0 0 0 0 0 
689 9 0 0 0 0 0 0 0 0 0 0 0 
690 9 0 0 0 0 0 0 0 0 0 0 0 
691 9 0 0 0 0 0 0 0 0 0 0 0 
692 9 0 0 0 0 0 0 0 0 0 0 0 
693 9 0 0 0 0 0 0 0 0 0 0 0 
694 9 0 0 0 0 0 0 0 0 0 0 0 
695 9 0 0 0 0 0 0 0 0 0 0 0 
696 9 0 0 0 0 0 0 0 0 0 0 0 
697 9 0 0 0 0 0 0 0 0 0 0 0 
698 9 0 0 0 0 0 0 0 0 0 0 0 
699 9 0 0 0 0 0 0 0 0 0 0 0 
700 9 0 0 0 0 0 0 0 0 0 0 0 
701 9 0 0 0 0 0 0 0 0 0 0 0 
702 9 0 0 0 0 0 0 0 0 0 0 0 
703 9 0 0 0 0 0 0 0 0 0 0 0 
704 9 0 0 0 0 0 0 0 0 0 0 0 
705 9 0 0 0 0 0 0 0 0 0 0 0 
706 9 0 0 0 0 0 0 0 0 0 0 0 
707 9 0 0 0 0 0 0 0 0 0 0 0 
708 9 0 0 0 0 0 0 0 0 0 0 0 
709 9 0 0 0 0 0 0 0 0 0 0 0 
710 9 0 0 0 0 0 0 0 0 0 0 0 
711 9 0 0 0 0 0 0 0 0 0 0 0 
712 9 0 0 0 0 0 0 0 0 0 0 0 
713 9 0 0 0 0 0 0 0 0 0 0 0 
714 9 0 0 0 0 0 0 0 0 0 0 0 
715 9 0 0 0 0 0 0 0 0 0 0 0 
716 9 0 0 0 0 0 0 0 0 0 0 0 
717 9 0 0 0 0 0 0 0 0 0 0 0 
718 9 0 0 0 0 0 0 0 0 0 0 0 
719 9 0 0 0 0 0 0 0 0 0 0 0 
720 9 0 0 0 0 0 0 0 0 0 0 0 
721 9 0 0 0 0 0 0 0 0 0 0 0 
722 9 0 0 0 0 0 0 0 0 0 0 0 
723 9 0 0 0 0 0 0 0 0 0 0 0 
724 9 0 0 0 0 0 0 0 0 0 0 0 
725 9 0 0 0 0 0 0 0 0 0 0 0 
726 9 0 0 0 0 0 0 0 0 0 0 0 
727 9 0 0 0 0 0 0 0 0 0 0 0 
728 9 0 0 0 0 0 0 0 0 0 0 0 
729 9 0 0 0 0 0 0 0 0 0 0 0 
730 9 0 0 0 0 0 0 0 0 0 0 0 
731 9 0 0 0 0 0 0 0 0 0 0 0 
732 9 0 0 0 0 0 0 0 0 0 0 0 
733 9 0 0 0 0 0 0 0 0 0 0 0 
734 9 0 0 0 0 0 0 0 0 0 0 0 
735 9 0 0 0 0 0 0 0 0 0 0 0 
736 9 0 0 0 0 0 0 0 0 0 0 0 
737 9 0 0 0 0 0 0 0 0 0 0 0 
738 9 0 0 0 0 0 0 0 0 0 0 0 
739 9 0 0 0 0 0 0 0 0 0 0 0 
740 9 0 0 0 0 0 0 0 0 0 0 0 
741 9 0 0 0 0 0 0 0 0 0 0 0 
742 9 0 0 0 0 0 0 0 0 0 0 0 
743 9 0 0 0 0 0 0 0 0 0 0 0 
744 9 0 0 0 0 0 0 0 0 0 0 0 
745 9 0 0 0 0 0 0 0 0 0 0 0 
746 9 0 0 0 0 0 0 0 0 0 0 0 
747 9 0 0 0 0 0 0 0 0 0 0 0 
748 9 0 0 0 0 0 0 0 0 0 0 0 
749 9 0 0 0 0 0 0 0 0 0 0 0 
750 9 0 0 0 0 0 0 0 0 0 0 0 
751 9 0 0 0 0 0 0 0 0 0 0 0 
752 9 0 0 0 0 0 0 0 0 0 0 0 
753 9 0 0 0 0 0 0 0 0 0 0 0 
754 9 0 0 0 0 0 0 0 0 0 0 0 
755 9 0 0 0 0 0 0 0 0 0 0 0 
756 9 0 0 0 0 0 0 0 0 0 0 0 
757 9 0 0 0 0 0 0 0 0 0 0 0 
758 9 0 0 0 0 0 0 0 0 0 0 0 
759 9 0 0 0 0 0 0 0 0 0 0 0 
760 9 0 0 0 0 0 0 0 0 0 0 0 
761 9 0 0 0 0 0 0 0 0 0 0 0 
762 9 0 0 0 0 0 0 0 0 0 0 0 
763 9 0 0 0 0 0 0 0 0 0 0 0 
764 9 0 0 0 0 0 0 0 0 0 0 0 
765 9 0 0 0 0 0 0 0 0 0 0 0 
766 9 0 0 0 0 0 0 0 0 0 0 0 
767 9 0 0 0 0 0 0 0 0 0 0 0 
768 9 0 0 0 0 0 0 0 0 0 0 0 
769 9 0 0 0 0 0 0 0 0 0 0 0 
770 9 0 0 0 0 0 0 0 0 0 0 0 
771 9 0 0 0 0 0 0 0 0 0 0 0 
772 9 0 0 0 0 0 0 0 0 0 0 0 
773 9 0 0 0 0 0 0 0 0 0 0 0 
774 9 0 0 0 0 0 0 0 0 0 0 0 
775 9 0 0 0 0 0 0 0 0 0 0 0 
776 9 0 0 0 0 0 0 0 0 0 0 0 
777 9 0 0 0 0 0 0 0 0 0 0 0 
778 9 0 0 0 0 0 0 0 0 0 0 0 
779 9 0 0 0 0 0 0 0 0 0 0 0 
780 9 0 0 0 0 0 0 0 0 0 0 0 
781 9 0 0 0 0 0 0 0 0 0 0 0 
782 9 0 0 0 0 0 0 0 0 0 0 0 
783 9 0 0 0 0 0 0 0 0 0 0 0 
784 9 0 0 0 0 0 0 0 0 0 0 0 
785 9 0 0 0 0 0 0 0 0 0 0 0 
786 9 0 0 0 0 0 0 0 0 0 0 0 
787 9 0 0 0 0 0 0 0 0 0 0 0 
788 9 0 0 0 0 0 0 0 0 0 0 0 
789 9 0 0 0 0 0 0 0 0 0 0 0 
790 9 0 0 0 0 0 0 0 0 0 0 0 
791 9 0 0 0 0 0 0 0 0 0 0 0 
792 9 0 0 0 0 0 0 0 0 0 0 0 
793 9 0 0 0 0 0 0 0 0 0 0 0 
794 9 0 0 0 0 0 0 0 0 0 0 0 
795 9 0 0 0 0 0 0 0 0 0 0 0 
796 9 0 0 0 0 0 0 0 0 0 0 0 
797 9 0 0 0 0 0 0 0 0 0 0 0 
798 9 0 0 0 0 0 0 0 0 0 0 0 
799 9 0 0 0 0 0 0 0 0 0 0 0 
800 9 0 0 0 0 0 0 0 0 0 0 0 
801 9 0 0 0 0 0 0 0 0 0 0 0 
802 9 0 0 0 0 0 0 0 0 0 0 0 
803 9 -1 14 4 30 -1 -1 -1 -1 -1 2 873 
804 9 5 0 0 0 0 0 0 0 0 0 0 
805 9 6 0 0 0 0 0 0 0 0 0 0 
806 9 -1 5 2 15 -1 -1 -1 -1 -1 3 6 
807 9 0 0 0 0 0 0 0 0 0 0 0 
808 9 0 0 0 0 0 0 0 0 0 0 0 
809 9 0 0 0 0 0 0 0 0 0 0 0 
810 9 0 0 0 0 0 0 0 0 0 0 0 
811 9 0 0 0 0 0 0 0 0 0 0 0 
812 9 0 0 0 0 0 0 0 0 0 0 0 
813 9 0 0 0 0 0 0 0 0 0 0 0 
814 9 0 0 0 0 0 0 0 0 0 0 0 
815 9 0 0 0 0 0 0 0 0 0 0 0 
816 9 0 0 0 0 0 0 0 0 0 0 0 
817 9 0 0 0 0 0 0 0 0 0 0 0 
818 9 0 0 0 0 0 0 0 0 0 0 0 
819 9 0 0 0 0 0 0 0 0 0 0 0 
820 9 0 0 0 0 0 0 0 0 0 0 0 
821 9 0 0 0 0 0 0 0 0 0 0 0 
822 9 0 0 0 0 0 0 0 0 0 0 0 
823 9 0 0 0 0 0 0 0 0 0 0 0 
824 9 0 0 0 0 0 0 0 0 0 0 0 
825 9 0 0 0 0 0 0 0 0 0 0 0 
826 9 0 0 0 0 0 0 0 0 0 0 0 
827 9 0 0 0 0 0 0 0 0 0 0 0 
828 9 0 0 0 0 0 0 0 0 0 0 0 
829 9 0 0 0 0 0 0 0 0 0 0 0 
830 9 0 0 0 0 0 0 0 0 0 0 0 
831 9 0 0 0 0 0 0 0 0 0 0 0 
832 9 0 0 0 0 0 0 0 0 0 0 0 
833 9 0 0 0 0 0 0 0 0 0 0 0 
834 9 0 0 0 0 0 0 0 0 0 0 0 
835 9 0 0 0 0 0 0 0 0 0 0 0 
836 9 0 0 0 0 0 0 0 0 0 0 0 
837 9 0 0 0 0 0 0 0 0 0 0 0 
838 9 0 0 0 0 0 0 0 0 0 0 0 
839 9 0 0 0 0 0 0 0 0 0 0 0 
840 9 0 0 0 0 0 0 0 0 0 0 0 
841 9 0 0 0 0 0 0 0 0 0 0 0 
842 9 0 0 0 0 0 0 0 0 0 0 0 
843 9 0 0 0 0 0 0 0 0 0 0 0 
844 9 0 0 0 0 0 0 0 0 0 0 0 
845 9 0 0 0 0 0 0 0 0 0 0 0 
846 9 0 0 0 0 0 0 0 0 0 0 0 
847 9 0 0 0 0 0 0 0 0 0 0 0 
848 9 0 0 0 0 0 0 0 0 0 0 0 
849 9 0 0 0 0 0 0 0 0 0 0 0 
850 9 0 0 0 0 0 0 0 0 0 0 0 
851 9 0 0 0 0 0 0 0 0 0 0 0 
852 9 0 0 0 0 0 0 0 0 0 0 0 
853 9 0 0 0 0 0 0 0 0 0 0 0 
854 9 0 0 0 0 0 0 0 0 0 0 0 
855 9 0 0 0 0 0 0 0 0 0 0 0 
856 9 0 0 0 0 0 0 0 0 0 0 0 
857 9 0 0 0 0 0 0 0 0 0 0 0 
858 9 0 0 0 0 0 0 0 0 0 0 0 
859 9 0 0 0 0 0 0 0 0 0 0 0 
860 9 0 0 0 0 0 0 0 0 0 0 0 
861 9 0 0 0 0 0 0 0 0 0 0 0 
862 9 0 0 0 0 0 0 0 0 0 0 0 
863 9 0 0 0 0 0 0 0 0 0 0 0 
864 9 0 0 0 0 0 0 0 0 0 0 0 
865 9 0 0 0 0 0 0 0 0 0 0 0 
866 9 0 0 0 0 0 0 0 0 0 0 0 
867 9 0 0 0 0 0 0 0 0 0 0 0 
868 9 0 0 0 0 0 0 0 0 0 0 0 
869 9 0 0 0 0 0 0 0 0 0 0 0 
870 9 0 0 0 0 0 0 0 0 0 0 0 
871 9 0 0 0 0 0 0 0 0 0 0 0 
872 9 0 0 0 0 0 0 0 0 0 0 0 
873 9 0 0 0 0 0 0 0 0 0 0 0 
874 9 0 0 0 0 0 0 0 0 0 0 0 
875 9 0 0 0 0 0 0 0 0 0 0 0 
876 9 0 0 0 0 0 0 0 0 0 0 0 
877 9 0 0 0 0 0 0 0 0 0 0 0 
878 9 0 0 0 0 0 0 0 0 0 0 0 
879 9 0 0 0 0 0 0 0 0 0 0 0 
880 9 0 0 0 0 0 0 0 0 0 0 0 
881 9 0 0 0 0 0 0 0 0 0 0 0 
882 9 0 0 0 0 0 0 0 0 0 0 0 
883 9 0 0 0 0 0 0 0 0 0 0 0 
884 9 0 0 0 0 0 0 0 0 0 0 0 
885 9 0 0 0 0 0 0 0 0 0 0 0 
886 9 0 0 0 0 0 0 0 0 0 0 0 
887 9 0 0 0 0 0 0 0 0 0 0 0 
888 9 0 0 0 0 0 0 0 0 0 0 0 
889 9 0 0 0 0 0 0 0 0 0 0 0 
890 9 0 0 0 0 0 0 0 0 0 0 0 
891 9 0 0 0 0 0 0 0 0 0 0 0 
892 9 0 0 0 0 0 0 0 0 0 0 0 
893 9 0 0 0 0 0 0 0 0 0 0 0 
894 9 0 0 0 0 0 0 0 0 0 0 0 
895 9 0 0 0 0 0 0 0 0 0 0 0 
896 9 0 0 0 0 0 0 0 0 0 0 0 
897 9 0 0 0 0 0 0 0 0 0 0 0 
898 9 0 0 0 0 0 0 0 0 0 0 0 
899 9 0 0 0 0 0 0 0 0 0 0 0 
900 9 0 0 0 0 0 0 0 0 0 0 0 
901 9 0 0 0 0 0 0 0 0 0 0 0 
902 9 0 0 0 0 0 0 0 0 0 0 0 
903 9 0 0 0 0 0 0 0 0 0 0 0 
904 9 0 0 0 0 0 0 0 0 0 0 0 
905 9 0 0 0 0 0 0 0 0 0 0 0 
906 9 0 0 0 0 0 0 0 0 0 0 0 
907 9 0 0 0 0 0 0 0 0 0 0 0 
908 9 0 0 0 0 0 0 0 0 0 0 0 
909 9 0 0 0 0 0 0 0 0 0 0 0 
910 9 0 0 0 0 0 0 0 0 0 0 0 
911 9 0 0 0 0 0 0 0 0 0 0 0 
912 9 0 0 0 0 0 0 0 0 0 0 0 
913 9 0 0 0 0 0 0 0 0 0 0 0 
914 9 0 0 0 0 0 0 0 0 0 0 0 
915 9 0 0 0 0 0 0 0 0 0 0 0 
916 9 0 0 0 0 0 0 0 0 0 0 0 
917 9 0 0 0 0 0 0 0 0 0 0 0 
918 9 0 0 0 0 0 0 0 0 0 0 0 
919 9 0 0 0 0 0 0 0 0 0 0 0 
920 9 0 0 0 0 0 0 0 0 0 0 0 
921 9 0 0 0 0 0 0 0 0 0 0 0 
922 9 0 0 0 0 0 0 0 0 0 0 0 
923 9 0 0 0 0 0 0 0 0 0 0 0 
924 9 0 0 0 0 0 0 0 0 0 0 0 
925 9 0 0 0 0 0 0 0 0 0 0 0 
926 9 0 0 0 0 0 0 0 0 0 0 0 
927 9 0 0 0 0 0 0 0 0 0 0 0 
928 9 0 0 0 0 0 0 0 0 0 0 0 
929 9 0 0 0 0 0 0 0 0 0 0 0 
930 9 0 0 0 0 0 0 0 0 0 0 0 
931 9 0 0 0 0 0 0 0 0 0 0 0 
932 9 0 0 0 0 0 0 0 0 0 0 0 
933 9 0 0 0 0 0 0 0 0 0 0 0 
934 9 0 0 0 0 0 0 0 0 0 0 0 
935 9 0 0 0 0 0 0 0 0 0 0 0 
936 9 0 0 0 0 0 0 0 0 0 0 0 
937 9 0 0 0 0 0 0 0 0 0 0 0 
938 9 0 0 0 0 0 0 0 0 0 0 0 
939 9 0 0 0 0 0 0 0 0 0 0 0 
940 9 0 0 0 0 0 0 0 0 0 0 0 
941 9 0 0 0 0 0 0 0 0 0 0 0 
942 9 0 0 0 0 0 0 0 0 0 0 0 
943 9 0 0 0 0 0 0 0 0 0 0 0 
944 9 0 0 0 0 0 0 0 0 0 0 0 
945 9 0 0 0 0 0 0 0 0 0 0 0 
946 9 0 0 0 0 0 0 0 0 0 0 0 
947 9 0 0 0 0 0 0 0 0 0 0 0 
948 9 0 0 0 0 0 0 0 0 0 0 0 
949 9 0 0 0 0 0 0 0 0 0 0 0 
950 9 0 0 0 0 0 0 0 0 0 0 0 
951 9 0 0 0 0 0 0 0 0 0 0 0 
952 9 0 0 0 0 0 0 0 0 0 0 0 
953 9 0 0 0 0 0 0 0 0 0 0 0 
954 9 0 0 0 0 0 0 0 0 0 0 0 
955 9 0 0 0 0 0 0 0 0 0 0 0 
956 9 0 0 0 0 0 0 0 0 0 0 0 
957 9 0 0 0 0 0 0 0 0 0 0 0 
958 9 0 0 0 0 0 0 0 0 0 0 0 
959 9 19 0 0 0 0 0 0 0 0 0 0 
960 9 -1 69 1 13 -1 -1 -1 -1 -1 2 51 
961 9 -1 124 1 25 -1 -1 -1 -1 -1 3 -7 
962 9 24 0 0 0 0 0 0 0 0 0 0 
963 9 25 0 0 0 0 0 0 0 0 0 0 
964 9 -1 283 4 10 -1 -1 -1 -1 -1 3 3791 
965 9 28 0 0 0 0 0 0 0 0 0 0 
966 9 -1 231 4 27 -1 -1 -1 -1 -1 0 4817 
967 9 0 0 0 0 0 0 0 0 0 0 0 
968 9 0 0 0 0 0 0 0 0 0 0 0 
969 9 -1 302 2 16 -1 -1 -1 -1 -1 0 2591 
970 9 34 0 0 0 0 0 0 0 0 0 0 
971 9 -1 275 3 27 -1 -1 -1 -1 -1 1 -12 
972 9 -1 285 0 35 -1 -1 -1 -1 -1 0 17 
973 9 0 0 0 0 0 0 0 0 0 0 0 
974 9 0 0 0 0 0 0 0 0 0 0 0 
975 9 0 0 0 0 0 0 0 0 0 0 0 
976 9 0 0 0 0 0 0 0 0 0 0 0 
977 9 0 0 0 0 0 0 0 0 0 0 0 
978 9 0 0 0 0 0 0 0 0 0 0 0 
979 9 41 0 0 0 0 0 0 0 0 0 0 
980 9 -1 125 3 21 -1 -1 -1 -1 -1 3 -15 
981 9 0 0 0 0 0 0 0 0 0 0 0 
982 9 0 0 0 0 0 0 0 0 0 0 0 
983 9 0 0 0 0 0 0 0 0 0 0 0 
984 9 0 0 0 0 0 0 0 0 0 0 0 
985 9 0 0 0 0 0 0 0 0 0 0 0 
986 9 0 0 0 0 0 0 0 0 0 0 0 
987 9 0 0 0 0 0 0 0 0 0 0 0 
988 9 0 0 0 0 0 0 0 0 0 0 0 
989 9 0 0 0 0 0 0 0 0 0 0 0 
990 9 0 0 0 0 0 0 0 0 0 0 0 
991 9 0 0 0 0 0 0 0 0 0 0 0 
992 9 0 0 0 0 0 0 0 0 0 0 0 
993 9 -1 305 3 17 -1 -1 -1 -1 -1 3 -7 
994 9 -1 255 2 38 -1 -1 -1 -1 -1 2 266 
995 9 0 0 0 0 0 0 0 0 0 0 0 
996 9 0 0 0 0 0 0 0 0 0 0 0 
997 9 0 0 0 0 0 0 0 0 0 0 0 
998 9 0 0 0 0 0 0 0 0 0 0 0 
999 9 0 0 0 0 0 0 0 0 0 0 0 
1000 9 0 0 0 0 0 0 0 0 0 0 0 
1001 9 0 0 0 0 0 0 0 0 0 0 0 
1002 9 0 0 0 0 0 0 0 0 0 0 0 
1003 9 0 0 0 0 0 0 0 0 0 0 0 
1004 9 0 0 0 0 0 0 0 0 0 0 0 
1005 9 0 0 0 0 0 0 0 0 0 0 0 
1006 9 0 0 0 0 0 0 0 0 0 0 0 
1007 9 0 0 0 0 0 0 0 0 0 0 0 
1008 9 0 0 0 0 0 0 0 0 0 0 0 
1009 9 0 0 0 0 0 0 0 0 0 0 0 
1010 9 0 0 0 0 0 0 0 0 0 0 0 
1011 9 0 0 0 0 0 0 0 0 0 0 0 
1012 9 0 0 0 0 0 0 0 0 0 0 0 
1013 9 -1 29 0 35 -1 -1 -1 -1 -1 1 -26 
1014 9 59 0 0 0 0 0 0 0 0 0 0 
1015 9 0 0 0 0 0 0 0 0 0 0 0 
1016 9 0 0 0 0 0 0 0 0 0 0 0 
1017 9 0 0 0 0 0 0 0 0 0 0 0 
1018 9 0 0 0 0 0 0 0 0 0 0 0 
1019 9 0 0 0 0 0 0 0 0 0 0 0 
1020 9 0 0 0 0 0 0 0 0 0 0 0 
1021 9 0 0 0 0 0 0 0 0 0 0 0 
1022 9 0 0 0 0 0 0 0 0 0 0 0 
1023 10 0 0 0 0 0 0 0 0 0 0 0 
1024 10 0 0 0 0 0 0 0 0 0 0 0 
1025 10 0 0 0 0 0 0 0 0 0 0 0 
1026 10 0 0 0 0 0 0 0 0 0 0 0 
1027 10 0 0 0 0 0 0 0 0 0 0 0 
1028 10 0 0 0 0 0 0 0 0 0 0 0 
1029 10 0 0 0 0 0 0 0 0 0 0 0 
1030 10 0 0 0 0 0 0 0 0 0 0 0 
1031 10 0 0 0 0 0 0 0 0 0 0 0 
1032 10 0 0 0 0 0 0 0 0 0 0 0 
1033 10 0 0 0 0 0 0 0 0 0 0 0 
1034 10 0 0 0 0 0 0 0 0 0 0 0 
1035 10 0 0 0 0 0 0 0 0 0 0 0 
1036 10 0 0 0 0 0 0 0 0 0 0 0 
1037 10 0 0 0 0 0 0 0 0 0 0 0 
1038 10 0 0 0 0 0 0 0 0 0 0 0 
1039 10 0 0 0 0 0 0 0 0 0 0 0 
1040 10 0 0 0 0 0 0 0 0 0 0 0 
1041 10 0 0 0 0 0 0 0 0 0 0 0 
1042 10 0 0 0 0 0 0 0 0 0 0 0 
1043 10 0 0 0 0 0 0 0 0 0 0 0 
1044 10 0 0 0 0 0 0 0 0 0 0 0 
1045 10 0 0 0 0 0 0 0 0 0 0 0 
1046 10 0 0 0 0 0 0 0 0 0 0 0 
1047 10 0 0 0 0 0 0 0 0 0 0 0 
1048 10 0 0 0 0 0 0 0 0 0 0 0 
1049 10 0 0 0 0 0 0 0 0 0 0 0 
1050 10 0 0 0 0 0 0 0 0 0 0 0 
1051 10 0 0 0 0 0 0 0 0 0 0 0 
1052 10 0 0 0 0 0 0 0 0 0 0 0 
1053 10 0 0 0 0 0 0 0 0 0 0 0 
1054 10 0 0 0 0 0 0 0 0 0 0 0 
1055 10 0 0 0 0 0 0 0 0 0 0 0 
1056 10 0 0 0 0 0 0 0 0 0 0 0 
1057 10 0 0 0 0 0 0 0 0 0 0 0 
1058 10 0 0 0 0 0 0 0 0 0 0 0 
1059 10 0 0 0 0 0 0 0 0 0 0 0 
1060 10 0 0 0 0 0 0 0 0 0 0 0 
1061 10 0 0 0 0 0 0 0 0 0 0 0 
1062 10 0 0 0 0 0 0 0 0 0 0 0 
1063 10 0 0 0 0 0 0 0 0 0 0 0 
1064 10 0 0 0 0 0 0 0 0 0 0 0 
1065 10 0 0 0 0 0 0 0 0 0 0 0 
1066 10 0 0 0 0 0 0 0 0 0 0 0 
1067 10 0 0 0 0 0 0 0 0 0 0 0 
1068 10 0 0 0 0 0 0 0 0 0 0 0 
1069 10 0 0 0 0 0 0 0 0 0 0 0 
1070 10 0 0 0 0 0 0 0 0 0 0 0 
1071 10 0 0 0 0 0 0 0 0 0 0 0 
1072 10 0 0 0 0 0 0 0 0 0 0 0 
1073 10 0 0 0 0 0 0 0 0 0 0 0 
1074 10 0 0 0 0 0 0 0 0 0 0 0 
1075 10 0 0 0 0 0 0 0 0 0 0 0 
1076 10 0 0 0 0 0 0 0 0 0 0 0 
1077 10 0 0 0 0 0 0 0 0 0 0 0 
1078 10 0 0 0 0 0 0 0 0 0 0 0 
1079 10 0 0 0 0 0 0 0 0 0 0 0 
1080 10 0 0 0 0 0 0 0 0 0 0 0 
1081 10 0 0 0 0 0 0 0 0 0 0 0 
1082 10 0 0 0 0 0 0 0 0 0 0 0 
1083 10 0 0 0 0 0 0 0 0 0 0 0 
1084 10 0 0 0 0 0 0 0 0 0 0 0 
1085 10 0 0 0 0 0 0 0 0 0 0 0 
1086 10 0 0 0 0 0 0 0 0 0 0 0 
1087 10 0 0 0 0 0 0 0 0 0 0 0 
1088 10 0 0 0 0 0 0 0 0 0 0 0 
1089 10 0 0 0 0 0 0 0 0 0 0 0 
1090 10 0 0 0 0 0 0 0 0 0 0 0 
1091 10 0 0 0 0 0 0 0 0 0 0 0 
1092 10 0 0 0 0 0 0 0 0 0 0 0 
1093 10 0 0 0 0 0 0 0 0 0 0 0 
1094 10 0 0 0 0 0 0 0 0 0 0 0 
1095 10 0 0 0 0 0 0 0 0 0 0 0 
1096 10 0 0 0 0 0 0 0 0 0 0 0 
1097 10 0 0 0 0 0 0 0 0 0 0 0 
1098 10 0 0 0 0 0 0 0 0 0 0 0 
1099 10 0 0 0 0 0 0 0 0 0 0 0 
1100 10 0 0 0 0 0 0 0 0 0 0 0 
1101 10 0 0 0 0 0 0 0 0 0 0 0 
1102 10 0 0 0 0 0 0 0 0 0 0 0 
1103 10 0 0 0 0 0 0 0 0 0 0 0 
1104 10 0 0 0 0 0 0 0 0 0 0 0 
1105 10 0 0 0 0 0 0 0 0 0 0 0 
1106 10 0 0 0 0 0 0 0 0 0 0 0 
1107 10 0 0 0 0 0 0 0 0 0 0 0 
1108 10 0 0 0 0 0 0 0 0 0 0 0 
1109 10 0 0 0 0 0 0 0 0 0 0 0 
1110 10 0 0 0 0 0 0 0 0 0 0 0 
1111 10 0 0 0 0 0 0 0 0 0 0 0 
1112 10 0 0 0 0 0 0 0 0 0 0 0 
1113 10 0 0 0 0 0 0 0 0 0 0 0 
1114 10 0 0 0 0 0 0 0 0 0 0 0 
1115 10 0 0 0 0 0 0 0 0 0 0 0 
1116 10 0 0 0 0 0 0 0 0 0 0 0 
1117 10 0 0 0 0 0 0 0 0 0 0 0 
1118 10 0 0 0 0 0 0 0 0 0 0 0 
1119 10 0 0 0 0 0 0 0 0 0 0 0 
1120 10 0 0 0 0 0 0 0 0 0 0 0 
1121 10 0 0 0 0 0 0 0 0 0 0 0 
1122 10 0 0 0 0 0 0 0 0 0 0 0 
1123 10 0 0 0 0 0 0 0 0 0 0 0 
1124 10 0 0 0 0 0 0 0 0 0 0 0 
1125 10 0 0 0 0 0 0 0 0 0 0 0 
1126 10 0 0 0 0 0 0 0 0 0 0 0 
1127 10 0 0 0 0 0 0 0 0 0 0 0 
1128 10 0 0 0 0 0 0 0 0 0 0 0 
1129 10 0 0 0 0 0 0 0 0 0 0 0 
1130 10 0 0 0 0 0 0 0 0 0 0 0 
1131 10 0 0 0 0 0 0 0 0 0 0 0 
1132 10 0 0 0 0 0 0 0 0 0 0 0 
1133 10 0 0 0 0 0 0 0 0 0 0 0 
1134 10 0 0 0 0 0 0 0 0 0 0 0 
1135 10 0 0 0 0 0 0 0 0 0 0 0 
1136 10 0 0 0 0 0 0 0 0 0 0 0 
1137 10 0 0 0 0 0 0 0 0 0 0 0 
1138 10 0 0 0 0 0 0 0 0 0 0 0 
1139 10 0 0 0 0 0 0 0 0 0 0 0 
1140 10 0 0 0 0 0 0 0 0 0 0 0 
1141 10 0 0 0 0 0 0 0 0 0 0 0 
1142 10 0 0 0 0 0 0 0 0 0 0 0 
1143 10 0 0 0 0 0 0 0 0 0 0 0 
1144 10 0 0 0 0 0 0 0 0 0 0 0 
1145 10 0 0 0 0 0 0 0 0 0 0 0 
1146 10 0 0 0 0 0 0 0 0 0 0 0 
1147 10 0 0 0 0 0 0 0 0 0 0 0 
1148 10 0 0 0 0 0 0 0 0 0 0 0 
1149 10 0 0 0 0 0 0 0 0 0 0 0 
1150 10 0 0 0 0 0 0 0 0 0 0 0 
1151 10 0 0 0 0 0 0 0 0 0 0 0 
1152 10 0 0 0 0 0 0 0 0 0 0 0 
1153 10 0 0 0 0 0 0 0 0 0 0 0 
1154 10 0 0 0 0 0 0 0 0 0 0 0 
1155 10 0 0 0 0 0 0 0 0 0 0 0 
1156 10 0 0 0 0 0 0 0 0 0 0 0 
1157 10 0 0 0 0 0 0 0 0 0 0 0 
1158 10 0 0 0 0 0 0 0 0 0 0 0 
1159 10 0 0 0 0 0 0 0 0 0 0 0 
1160 10 0 0 0 0 0 0 0 0 0 0 0 
1161 10 0 0 0 0 0 0 0 0 0 0 0 
1162 10 0 0 0 0 0 0 0 0 0 0 0 
1163 10 0 0 0 0 0 0 0 0 0 0 0 
1164 10 0 0 0 0 0 0 0 0 0 0 0 
1165 10 0 0 0 0 0 0 0 0 0 0 0 
1166 10 0 0 0 0 0 0 0 0 0 0 0 
1167 10 0 0 0 0 0 0 0 0 0 0 0 
1168 10 0 0 0 0 0 0 0 0 0 0 0 
1169 10 0 0 0 0 0 0 0 0 0 0 0 
1170 10 0 0 0 0 0 0 0 0 0 0 0 
1171 10 0 0 0 0 0 0 0 0 0 0 0 
1172 10 0 0 0 0 0 0 0 0 0 0 0 
1173 10 0 0 0 0 0 0 0 0 0 0 0 
1174 10 0 0 0 0 0 0 0 0 0 0 0 
1175 10 0 0 0 0 0 0 0 0 0 0 0 
1176 10 0 0 0 0 0 0 0 0 0 0 0 
1177 10 0 0 0 0 0 0 0 0 0 0 0 
1178 10 0 0 0 0 0 0 0 0 0 0 0 
1179 10 0 0 0 0 0 0 0 0 0 0 0 
1180 10 0 0 0 0 0 0 0 0 0 0 0 
1181 10 0 0 0 0 0 0 0 0 0 0 0 
1182 10 0 0 0 0 0 0 0 0 0 0 0 
1183 10 0 0 0 0 0 0 0 0 0 0 0 
1184 10 0 0 0 0 0 0 0 0 0 0 0 
1185 10 0 0 0 0 0 0 0 0 0 0 0 
1186 10 0 0 0 0 0 0 0 0 0 0 0 
1187 10 0 0 0 0 0 0 0 0 0 0 0 
1188 10 0 0 0 0 0 0 0 0 0 0 0 
1189 10 0 0 0 0 0 0 0 0 0 0 0 
1190 10 0 0 0 0 0 0 0 0 0 0 0 
1191 10 0 0 0 0 0 0 0 0 0 0 0 
1192 10 0 0 0 0 0 0 0 0 0 0 0 
1193 10 0 0 0 0 0 0 0 0 0 0 0 
1194 10 0 0 0 0 0 0 0 0 0 0 0 
1195 10 0 0 0 0 0 0 0 0 0 0 0 
1196 10 0 0 0 0 0 0 0 0 0 0 0 
1197 10 0 0 0 0 0 0 0 0 0 0 0 
1198 10 0 0 0 0 0 0 0 0 0 0 0 
1199 10 0 0 0 0 0 0 0 0 0 0 0 
1200 10 0 0 0 0 0 0 0 0 0 0 0 
1201 10 0 0 0 0 0 0 0 0 0 0 0 
1202 10 0 0 0 0 0 0 0 0 0 0 0 
1203 10 0 0 0 0 0 0 0 0 0 0 0 
1204 10 0 0 0 0 0 0 0 0 0 0 0 
1205 10 0 0 0 0 0 0 0 0 0 0 0 
1206 10 0 0 0 0 0 0 0 0 0 0 0 
1207 10 0 0 0 0 0 0 0 0 0 0 0 
1208 10 0 0 0 0 0 0 0 0 0 0 0 
1209 10 0 0 0 0 0 0 0 0 0 0 0 
1210 10 0 0 0 0 0 0 0 0 0 0 0 
1211 10 0 0 0 0 0 0 0 0 0 0 0 
1212 10 0 0 0 0 0 0 0 0 0 0 0 
1213 10 0 0 0 0 0 0 0 0 0 0 0 
1214 10 0 0 0 0 0 0 0 0 0 0 0 
1215 10 0 0 0 0 0 0 0 0 0 0 0 
1216 10 0 0 0 0 0 0 0 0 0 0 0 
1217 10 0 0 0 0 0 0 0 0 0 0 0 
1218 10 0 0 0 0 0 0 0 0 0 0 0 
1219 10 0 0 0 0 0 0 0 0 0 0 0 
1220 10 0 0 0 0 0 0 0 0 0 0 0 
1221 10 0 0 0 0 0 0 0 0 0 0 0 
1222 10 0 0 0 0 0 0 0 0 0 0 0 
1223 10 0 0 0 0 0 0 0 0 0 0 0 
1224 10 0 0 0 0 0 0 0 0 0 0 0 
1225 10 0 0 0 0 0 0 0 0 0 0 0 
1226 10 0 0 0 0 0 0 0 0 0 0 0 
1227 10 0 0 0 0 0 0 0 0 0 0 0 
1228 10 0 0 0 0 0 0 0 0 0 0 0 
1229 10 0 0 0 0 0 0 0 0 0 0 0 
1230 10 0 0 0 0 0 0 0 0 0 0 0 
1231 10 0 0 0 0 0 0 0 0 0 0 0 
1232 10 0 0 0 0 0 0 0 0 0 0 0 
1233 10 0 0 0 0 0 0 0 0 0 0 0 
1234 10 0 0 0 0 0 0 0 0 0 0 0 
1235 10 0 0 0 0 0 0 0 0 0 0 0 
1236 10 0 0 0 0 0 0 0 0 0 0 0 
1237 10 0 0 0 0 0 0 0 0 0 0 0 
1238 10 0 0 0 0 0 0 0 0 0 0 0 
1239 10 0 0 0 0 0 0 0 0 0 0 0 
1240 10 0 0 0 0 0 0 0 0 0 0 0 
1241 10 0 0 0 0 0 0 0 0 0 0 0 
1242 10 0 0 0 0 0 0 0 0 0 0 0 
1243 10 0 0 0 0 0 0 0 0 0 0 0 
1244 10 0 0 0 0 0 0 0 0 0 0 0 
1245 10 0 0 0 0 0 0 0 0 0 0 0 
1246 10 0 0 0 0 0 0 0 0 0 0 0 
1247 10 0 0 0 0 0 0 0 0 0 0 0 
1248 10 0 0 0 0 0 0 0 0 0 0 0 
1249 10 0 0 0 0 0 0 0 0 0 0 0 
1250 10 0 0 0 0 0 0 0 0 0 0 0 
1251 10 0 0 0 0 0 0 0 0 0 0 0 
1252 10 0 0 0 0 0 0 0 0 0 0 0 
1253 10 0 0 0 0 0 0 0 0 0 0 0 
1254 10 0 0 0 0 0 0 0 0 0 0 0 
1255 10 0 0 0 0 0 0 0 0 0 0 0 
1256 10 0 0 0 0 0 0 0 0 0 0 0 
1257 10 0 0 0 0 0 0 0 0 0 0 0 
1258 10 0 0 0 0 0 0 0 0 0 0 0 
1259 10 0 0 0 0 0 0 0 0 0 0 0 
1260 10 0 0 0 0 0 0 0 0 0 0 0 
1261 10 0 0 0 0 0 0 0 0 0 0 0 
1262 10 0 0 0 0 0 0 0 0 0 0 0 
1263 10 0 0 0 0 0 0 0 0 0 0 0 
1264 10 0 0 0 0 0 0 0 0 0 0 0 
1265 10 0 0 0 0 0 0 0 0 0 0 0 
1266 10 0 0 0 0 0 0 0 0 0 0 0 
1267 10 0 0 0 0 0 0 0 0 0 0 0 
1268 10 0 0 0 0 0 0 0 0 0 0 0 
1269 10 0 0 0 0 0 0 0 0 0 0 0 
1270 10 0 0 0 0 0 0 0 0 0 0 0 
1271 10 0 0 0 0 0 0 0 0 0 0 0 
1272 10 0 0 0 0 0 0 0 0 0 0 0 
1273 10 0 0 0 0 0 0 0 0 0 0 0 
1274 10 0 0 0 0 0 0 0 0 0 0 0 
1275 10 0 0 0 0 0 0 0 0 0 0 0 
1276 10 0 0 0 0 0 0 0 0 0 0 0 
1277 10 0 0 0 0 0 0 0 0 0 0 0 
1278 10 0 0 0 0 0 0 0 0 0 0 0 
1279 10 0 0 0 0 0 0 0 0 0 0 0 
1280 10 0 0 0 0 0 0 0 0 0 0 0 
1281 10 0 0 0 0 0 0 0 0 0 0 0 
1282 10 0 0 0 0 0 0 0 0 0 0 0 
1283 10 0 0 0 0 0 0 0 0 0 0 0 
1284 10 0 0 0 0 0 0 0 0 0 0 0 
1285 10 0 0 0 0 0 0 0 0 0 0 0 
1286 10 0 0 0 0 0 0 0 0 0 0 0 
1287 10 0 0 0 0 0 0 0 0 0 0 0 
1288 10 0 0 0 0 0 0 0 0 0 0 0 
1289 10 0 0 0 0 0 0 0 0 0 0 0 
1290 10 0 0 0 0 0 0 0 0 0 0 0 
1291 10 0 0 0 0 0 0 0 0 0 0 0 
1292 10 0 0 0 0 0 0 0 0 0 0 0 
1293 10 0 0 0 0 0 0 0 0 0 0 0 
1294 10 0 0 0 0 0 0 0 0 0 0 0 
1295 10 0 0 0 0 0 0 0 0 0 0 0 
1296 10 0 0 0 0 0 0 0 0 0 0 0 
1297 10 0 0 0 0 0 0 0 0 0 0 0 
1298 10 0 0 0 0 0 0 0 0 0 0 0 
1299 10 0 0 0 0 0 0 0 0 0 0 0 
1300 10 0 0 0 0 0 0 0 0 0 0 0 
1301 10 0 0 0 0 0 0 0 0 0 0 0 
1302 10 0 0 0 0 0 0 0 0 0 0 0 
1303 10 0 0 0 0 0 0 0 0 0 0 0 
1304 10 0 0 0 0 0 0 0 0 0 0 0 
1305 10 0 0 0 0 0 0 0 0 0 0 0 
1306 10 0 0 0 0 0 0 0 0 0 0 0 
1307 10 0 0 0 0 0 0 0 0 0 0 0 
1308 10 0 0 0 0 0 0 0 0 0 0 0 
1309 10 0 0 0 0 0 0 0 0 0 0 0 
1310 10 0 0 0 0 0 0 0 0 0 0 0 
1311 10 0 0 0 0 0 0 0 0 0 0 0 
1312 10 0 0 0 0 0 0 0 0 0 0 0 
1313 10 0 0 0 0 0 0 0 0 0 0 0 
1314 10 0 0 0 0 0 0 0 0 0 0 0 
1315 10 0 0 0 0 0 0 0 0 0 0 0 
1316 10 0 0 0 0 0 0 0 0 0 0 0 
1317 10 0 0 0 0 0 0 0 0 0 0 0 
1318 10 0 0 0 0 0 0 0 0 0 0 0 
1319 10 0 0 0 0 0 0 0 0 0 0 0 
1320 10 0 0 0 0 0 0 0 0 0 0 0 
1321 10 0 0 0 0 0 0 0 0 0 0 0 
1322 10 0 0 0 0 0 0 0 0 0 0 0 
1323 10 0 0 0 0 0 0 0 0 0 0 0 
1324 10 0 0 0 0 0 0 0 0 0 0 0 
1325 10 0 0 0 0 0 0 0 0 0 0 0 
1326 10 0 0 0 0 0 0 0 0 0 0 0 
1327 10 0 0 0 0 0 0 0 0 0 0 0 
1328 10 0 0 0 0 0 0 0 0 0 0 0 
1329 10 0 0 0 0 0 0 0 0 0 0 0 
1330 10 0 0 0 0 0 0 0 0 0 0 0 
1331 10 0 0 0 0 0 0 0 0 0 0 0 
1332 10 0 0 0 0 0 0 0 0 0 0 0 
1333 10 0 0 0 0 0 0 0 0 0 0 0 
1334 10 0 0 0 0 0 0 0 0 0 0 0 
1335 10 0 0 0 0 0 0 0 0 0 0 0 
1336 10 0 0 0 0 0 0 0 0 0 0 0 
1337 10 0 0 0 0 0 0 0 0 0 0 0 
1338 10 0 0 0 0 0 0 0 0 0 0 0 
1339 10 0 0 0 0 0 0 0 0 0 0 0 
1340 10 0 0 0 0 0 0 0 0 0 0 0 
1341 10 0 0 0 0 0 0 0 0 0 0 0 
1342 10 0 0 0 0 0 0 0 0 0 0 0 
1343 10 0 0 0 0 0 0 0 0 0 0 0 
1344 10 0 0 0 0 0 0 0 0 0 0 0 
1345 10 0 0 0 0 0 0 0 0 0 0 0 
1346 10 0 0 0 0 0 0 0 0 0 0 0 
1347 10 0 0 0 0 0 0 0 0 0 0 0 
1348 10 0 0 0 0 0 0 0 0 0 0 0 
1349 10 0 0 0 0 0 0 0 0 0 0 0 
1350 10 0 0 0 0 0 0 0 0 0 0 0 
1351 10 0 0 0 0 0 0 0 0 0 0 0 
1352 10 0 0 0 0 0 0 0 0 0 0 0 
1353 10 0 0 0 0 0 0 0 0 0 0 0 
1354 10 0 0 0 0 0 0 0 0 0 0 0 
1355 10 0 0 0 0 0 0 0 0 0 0 0 
1356 10 0 0 0 0 0 0 0 0 0 0 0 
1357 10 0 0 0 0 0 0 0 0 0 0 0 
1358 10 0 0 0 0 0 0 0 0 0 0 0 
1359 10 0 0 0 0 0 0 0 0 0 0 0 
1360 10 0 0 0 0 0 0 0 0 0 0 0 
1361 10 0 0 0 0 0 0 0 0 0 0 0 
1362 10 0 0 0 0 0 0 0 0 0 0 0 
1363 10 0 0 0 0 0 0 0 0 0 0 0 
1364 10 0 0 0 0 0 0 0 0 0 0 0 
1365 10 0 0 0 0 0 0 0 0 0 0 0 
1366 10 0 0 0 0 0 0 0 0 0 0 0 
1367 10 0 0 0 0 0 0 0 0 0 0 0 
1368 10 0 0 0 0 0 0 0 0 0 0 0 
1369 10 0 0 0 0 0 0 0 0 0 0 0 
1370 10 0 0 0 0 0 0 0 0 0 0 0 
1371 10 0 0 0 0 0 0 0 0 0 0 0 
1372 10 0 0 0 0 0 0 0 0 0 0 0 
1373 10 0 0 0 0 0 0 0 0 0 0 0 
1374 10 0 0 0 0 0 0 0 0 0 0 0 
1375 10 0 0 0 0 0 0 0 0 0 0 0 
1376 10 0 0 0 0 0 0 0 0 0 0 0 
1377 10 0 0 0 0 0 0 0 0 0 0 0 
1378 10 0 0 0 0 0 0 0 0 0 0 0 
1379 10 0 0 0 0 0 0 0 0 0 0 0 
1380 10 0 0 0 0 0 0 0 0 0 0 0 
1381 10 0 0 0 0 0 0 0 0 0 0 0 
1382 10 0 0 0 0 0 0 0 0 0 0 0 
1383 10 0 0 0 0 0 0 0 0 0 0 0 
1384 10 0 0 0 0 0 0 0 0 0 0 0 
1385 10 0 0 0 0 0 0 0 0 0 0 0 
1386 10 0 0 0 0 0 0 0 0 0 0 0 
1387 10 0 0 0 0 0 0 0 0 0 0 0 
1388 10 0 0 0 0 0 0 0 0 0 0 0 
1389 10 0 0 0 0 0 0 0 0 0 0 0 
1390 10 0 0 0 0 0 0 0 0 0 0 0 
1391 10 0 0 0 0 0 0 0 0 0 0 0 
1392 10 0 0 0 0 0 0 0 0 0 0 0 
1393 10 0 0 0 0 0 0 0 0 0 0 0 
1394 10 0 0 0 0 0 0 0 0 0 0 0 
1395 10 0 0 0 0 0 0 0 0 0 0 0 
1396 10 0 0 0 0 0 0 0 0 0 0 0 
1397 10 0 0 0 0 0 0 0 0 0 0 0 
1398 10 0 0 0 0 0 0 0 0 0 0 0 
1399 10 0 0 0 0 0 0 0 0 0 0 0 
1400 10 0 0 0 0 0 0 0 0 0 0 0 
1401 10 0 0 0 0 0 0 0 0 0 0 0 
1402 10 0 0 0 0 0 0 0 0 0 0 0 
1403 10 0 0 0 0 0 0 0 0 0 0 0 
1404 10 0 0 0 0 0 0 0 0 0 0 0 
1405 10 0 0 0 0 0 0 0 0 0 0 0 
1406 10 0 0 0 0 0 0 0 0 0 0 0 
1407 10 0 0 0 0 0 0 0 0 0 0 0 
1408 10 0 0 0 0 0 0 0 0 0 0 0 
1409 10 0 0 0 0 0 0 0 0 0 0 0 
1410 10 0 0 0 0 0 0 0 0 0 0 0 
1411 10 0 0 0 0 0 0 0 0 0 0 0 
1412 10 0 0 0 0 0 0 0 0 0 0 0 
1413 10 0 0 0 0 0 0 0 0 0 0 0 
1414 10 0 0 0 0 0 0 0 0 0 0 0 
1415 10 0 0 0 0 0 0 0 0 0 0 0 
1416 10 0 0 0 0 0 0 0 0 0 0 0 
1417 10 0 0 0 0 0 0 0 0 0 0 0 
1418 10 0 0 0 0 0 0 0 0 0 0 0 
1419 10 0 0 0 0 0 0 0 0 0 0 0 
1420 10 0 0 0 0 0 0 0 0 0 0 0 
1421 10 0 0 0 0 0 0 0 0 0 0 0 
1422 10 0 0 0 0 0 0 0 0 0 0 0 
1423 10 0 0 0 0 0 0 0 0 0 0 0 
1424 10 0 0 0 0 0 0 0 0 0 0 0 
1425 10 0 0 0 0 0 0 0 0 0 0 0 
1426 10 0 0 0 0 0 0 0 0 0 0 0 
1427 10 0 0 0 0 0 0 0 0 0 0 0 
1428 10 0 0 0 0 0 0 0 0 0 0 0 
1429 10 0 0 0 0 0 0 0 0 0 0 0 
1430 10 0 0 0 0 0 0 0 0 0 0 0 
1431 10 0 0 0 0 0 0 0 0 0 0 0 
1432 10 0 0 0 0 0 0 0 0 0 0 0 
1433 10 0 0 0 0 0 0 0 0 0 0 0 
1434 10 0 0 0 0 0 0 0 0 0 0 0 
1435 10 0 0 0 0 0 0 0 0 0 0 0 
1436 10 0 0 0 0 0 0 0 0 0 0 0 
1437 10 0 0 0 0 0 0 0 0 0 0 0 
1438 10 0 0 0 0 0 0 0 0 0 0 0 
1439 10 0 0 0 0 0 0 0 0 0 0 0 
1440 10 0 0 0 0 0 0 0 0 0 0 0 
1441 10 0 0 0 0 0 0 0 0 0 0 0 
1442 10 0 0 0 0 0 0 0 0 0 0 0 
1443 10 0 0 0 0 0 0 0 0 0 0 0 
1444 10 0 0 0 0 0 0 0 0 0 0 0 
1445 10 0 0 0 0 0 0 0 0 0 0 0 
1446 10 0 0 0 0 0 0 0 0 0 0 0 
1447 10 0 0 0 0 0 0 0 0 0 0 0 
1448 10 0 0 0 0 0 0 0 0 0 0 0 
1449 10 0 0 0 0 0 0 0 0 0 0 0 
1450 10 0 0 0 0 0 0 0 0 0 0 0 
1451 10 0 0 0 0 0 0 0 0 0 0 0 
1452 10 0 0 0 0 0 0 0 0 0 0 0 
1453 10 0 0 0 0 0 0 0 0 0 0 0 
1454 10 0 0 0 0 0 0 0 0 0 0 0 
1455 10 0 0 0 0 0 0 0 0 0 0 0 
1456 10 0 0 0 0 0 0 0 0 0 0 0 
1457 10 0 0 0 0 0 0 0 0 0 0 0 
1458 10 0 0 0 0 0 0 0 0 0 0 0 
1459 10 0 0 0 0 0 0 0 0 0 0 0 
1460 10 0 0 0 0 0 0 0 0 0 0 0 
1461 10 0 0 0 0 0 0 0 0 0 0 0 
1462 10 0 0 0 0 0 0 0 0 0 0 0 
1463 10 0 0 0 0 0 0 0 0 0 0 0 
1464 10 0 0 0 0 0 0 0 0 0 0 0 
1465 10 0 0 0 0 0 0 0 0 0 0 0 
1466 10 0 0 0 0 0 0 0 0 0 0 0 
1467 10 0 0 0 0 0 0 0 0 0 0 0 
1468 10 0 0 0 0 0 0 0 0 0 0 0 
1469 10 0 0 0 0 0 0 0 0 0 0 0 
1470 10 0 0 0 0 0 0 0 0 0 0 0 
1471 10 0 0 0 0 0 0 0 0 0 0 0 
1472 10 0 0 0 0 0 0 0 0 0 0 0 
1473 10 0 0 0 0 0 0 0 0 0 0 0 
1474 10 0 0 0 0 0 0 0 0 0 0 0 
1475 10 0 0 0 0 0 0 0 0 0 0 0 
1476 10 0 0 0 0 0 0 0 0 0 0 0 
1477 10 0 0 0 0 0 0 0 0 0 0 0 
1478 10 0 0 0 0 0 0 0 0 0 0 0 
1479 10 0 0 0 0 0 0 0 0 0 0 0 
1480 10 0 0 0 0 0 0 0 0 0 0 0 
1481 10 0 0 0 0 0 0 0 0 0 0 0 
1482 10 0 0 0 0 0 0 0 0 0 0 0 
1483 10 0 0 0 0 0 0 0 0 0 0 0 
1484 10 0 0 0 0 0 0 0 0 0 0 0 
1485 10 0 0 0 0 0 0 0 0 0 0 0 
1486 10 0 0 0 0 0 0 0 0 0 0 0 
1487 10 0 0 0 0 0 0 0 0 0 0 0 
1488 10 0 0 0 0 0 0 0 0 0 0 0 
1489 10 0 0 0 0 0 0 0 0 0 0 0 
1490 10 0 0 0 0 0 0 0 0 0 0 0 
1491 10 0 0 0 0 0 0 0 0 0 0 0 
1492 10 0 0 0 0 0 0 0 0 0 0 0 
1493 10 0 0 0 0 0 0 0 0 0 0 0 
1494 10 0 0 0 0 0 0 0 0 0 0 0 
1495 10 0 0 0 0 0 0 0 0 0 0 0 
1496 10 0 0 0 0 0 0 0 0 0 0 0 
1497 10 0 0 0 0 0 0 0 0 0 0 0 
1498 10 0 0 0 0 0 0 0 0 0 0 0 
1499 10 0 0 0 0 0 0 0 0 0 0 0 
1500 10 0 0 0 0 0 0 0 0 0 0 0 
1501 10 0 0 0 0 0 0 0 0 0 0 0 
1502 10 0 0 0 0 0 0 0 0 0 0 0 
1503 10 0 0 0 0 0 0 0 0 0 0 0 
1504 10 0 0 0 0 0 0 0 0 0 0 0 
1505 10 0 0 0 0 0 0 0 0 0 0 0 
1506 10 0 0 0 0 0 0 0 0 0 0 0 
1507 10 0 0 0 0 0 0 0 0 0 0 0 
1508 10 0 0 0 0 0 0 0 0 0 0 0 
1509 10 0 0 0 0 0 0 0 0 0 0 0 
1510 10 0 0 0 0 0 0 0 0 0 0 0 
1511 10 0 0 0 0 0 0 0 0 0 0 0 
1512 10 0 0 0 0 0 0 0 0 0 0 0 
1513 10 0 0 0 0 0 0 0 0 0 0 0 
1514 10 0 0 0 0 0 0 0 0 0 0 0 
1515 10 0 0 0 0 0 0 0 0 0 0 0 
1516 10 0 0 0 0 0 0 0 0 0 0 0 
1517 10 0 0 0 0 0 0 0 0 0 0 0 
1518 10 0 0 0 0 0 0 0 0 0 0 0 
1519 10 0 0 0 0 0 0 0 0 0 0 0 
1520 10 0 0 0 0 0 0 0 0 0 0 0 
1521 10 0 0 0 0 0 0 0 0 0 0 0 
1522 10 0 0 0 0 0 0 0 0 0 0 0 
1523 10 0 0 0 0 0 0 0 0 0 0 0 
1524 10 0 0 0 0 0 0 0 0 0 0 0 
1525 10 0 0 0 0 0 0 0 0 0 0 0 
1526 10 0 0 0 0 0 0 0 0 0 0 0 
1527 10 0 0 0 0 0 0 0 0 0 0 0 
1528 10 0 0 0 0 0 0 0 0 0 0 0 
1529 10 0 0 0 0 0 0 0 0 0 0 0 
1530 10 0 0 0 0 0 0 0 0 0 0 0 
1531 10 0 0 0 0 0 0 0 0 0 0 0 
1532 10 0 0 0 0 0 0 0 0 0 0 0 
1533 10 0 0 0 0 0 0 0 0 0 0 0 
1534 10 0 0 0 0 0 0 0 0 0 0 0 
1535 10 0 0 0 0 0 0 0 0 0 0 0 
1536 10 0 0 0 0 0 0 0 0 0 0 0 
1537 10 0 0 0 0 0 0 0 0 0 0 0 
1538 10 0 0 0 0 0 0 0 0 0 0 0 
1539 10 0 0 0 0 0 0 0 0 0 0 0 
1540 10 0 0 0 0 0 0 0 0 0 0 0 
1541 10 0 0 0 0 0 0 0 0 0 0 0 
1542 10 0 0 0 0 0 0 0 0 0 0 0 
1543 10 0 0 0 0 0 0 0 0 0 0 0 
1544 10 0 0 0 0 0 0 0 0 0 0 0 
1545 10 0 0 0 0 0 0 0 0 0 0 0 
1546 10 0 0 0 0 0 0 0 0 0 0 0 
1547 10 0 0 0 0 0 0 0 0 0 0 0 
1548 10 0 0 0 0 0 0 0 0 0 0 0 
1549 10 0 0 0 0 0 0 0 0 0 0 0 
1550 10 0 0 0 0 0 0 0 0 0 0 0 
1551 10 0 0 0 0 0 0 0 0 0 0 0 
1552 10 0 0 0 0 0 0 0 0 0 0 0 
1553 10 0 0 0 0 0 0 0 0 0 0 0 
1554 10 0 0 0 0 0 0 0 0 0 0 0 
1555 10 0 0 0 0 0 0 0 0 0 0 0 
1556 10 0 0 0 0 0 0 0 0 0 0 0 
1557 10 0 0 0 0 0 0 0 0 0 0 0 
1558 10 0 0 0 0 0 0 0 0 0 0 0 
1559 10 0 0 0 0 0 0 0 0 0 0 0 
1560 10 0 0 0 0 0 0 0 0 0 0 0 
1561 10 0 0 0 0 0 0 0 0 0 0 0 
1562 10 0 0 0 0 0 0 0 0 0 0 0 
1563 10 0 0 0 0 0 0 0 0 0 0 0 
1564 10 0 0 0 0 0 0 0 0 0 0 0 
1565 10 0 0 0 0 0 0 0 0 0 0 0 
1566 10 0 0 0 0 0 0 0 0 0 0 0 
1567 10 0 0 0 0 0 0 0 0 0 0 0 
1568 10 0 0 0 0 0 0 0 0 0 0 0 
1569 10 0 0 0 0 0 0 0 0 0 0 0 
1570 10 0 0 0 0 0 0 0 0 0 0 0 
1571 10 0 0 0 0 0 0 0 0 0 0 0 
1572 10 0 0 0 0 0 0 0 0 0 0 0 
1573 10 0 0 0 0 0 0 0 0 0 0 0 
1574 10 0 0 0 0 0 0 0 0 0 0 0 
1575 10 0 0 0 0 0 0 0 0 0 0 0 
1576 10 0 0 0 0 0 0 0 0 0 0 0 
1577 10 0 0 0 0 0 0 0 0 0 0 0 
1578 10 0 0 0 0 0 0 0 0 0 0 0 
1579 10 0 0 0 0 0 0 0 0 0 0 0 
1580 10 0 0 0 0 0 0 0 0 0 0 0 
1581 10 0 0 0 0 0 0 0 0 0 0 0 
1582 10 0 0 0 0 0 0 0 0 0 0 0 
1583 10 0 0 0 0 0 0 0 0 0 0 0 
1584 10 0 0 0 0 0 0 0 0 0 0 0 
1585 10 0 0 0 0 0 0 0 0 0 0 0 
1586 10 0 0 0 0 0 0 0 0 0 0 0 
1587 10 0 0 0 0 0 0 0 0 0 0 0 
1588 10 0 0 0 0 0 0 0 0 0 0 0 
1589 10 0 0 0 0 0 0 0 0 0 0 0 
1590 10 0 0 0 0 0 0 0 0 0 0 0 
1591 10 0 0 0 0 0 0 0 0 0 0 0 
1592 10 0 0 0 0 0 0 0 0 0 0 0 
1593 10 0 0 0 0 0 0 0 0 0 0 0 
1594 10 0 0 0 0 0 0 0 0 0 0 0 
1595 10 0 0 0 0 0 0 0 0 0 0 0 
1596 10 0 0 0 0 0 0 0 0 0 0 0 
1597 10 0 0 0 0 0 0 0 0 0 0 0 
1598 10 0 0 0 0 0 0 0 0 0 0 0 
1599 10 0 0 0 0 0 0 0 0 0 0 0 
1600 10 0 0 0 0 0 0 0 0 0 0 0 
1601 10 0 0 0 0 0 0 0 0 0 0 0 
1602 10 0 0 0 0 0 0 0 0 0 0 0 
1603 10 0 0 0 0 0 0 0 0 0 0 0 
1604 10 0 0 0 0 0 0 0 0 0 0 0 
1605 10 0 0 0 0 0 0 0 0 0 0 0 
1606 10 0 0 0 0 0 0 0 0 0 0 0 
1607 10 3 0 0 0 0 0 0 0 0 0 0 
1608 10 4 0 0 0 0 0 0 0 0 0 0 
1609 10 0 0 0 0 0 0 0 0 0 0 0 
1610 10 0 0 0 0 0 0 0 0 0 0 0 
1611 10 0 0 0 0 0 0 0 0 0 0 0 
1612 10 0 0 0 0 0 0 0 0 0 0 0 
1613 10 7 0 0 0 0 0 0 0 0 0 0 
1614 10 8 0 0 0 0 0 0 0 0 0 0 
1615 10 0 0 0 0 0 0 0 0 0 0 0 
1616 10 0 0 0 0 0 0 0 0 0 0 0 
1617 10 0 0 0 0 0 0 0 0 0 0 0 
1618 10 0 0 0 0 0 0 0 0 0 0 0 
1619 10 0 0 0 0 0 0 0 0 0 0 0 
1620 10 0 0 0 0 0 0 0 0 0 0 0 
1621 10 0 0 0 0 0 0 0 0 0 0 0 
1622 10 0 0 0 0 0 0 0 0 0 0 0 
1623 10 0 0 0 0 0 0 0 0 0 0 0 
1624 10 0 0 0 0 0 0 0 0 0 0 0 
1625 10 0 0 0 0 0 0 0 0 0 0 0 
1626 10 0 0 0 0 0 0 0 0 0 0 0 
1627 10 0 0 0 0 0 0 0 0 0 0 0 
1628 10 0 0 0 0 0 0 0 0 0 0 0 
1629 10 0 0 0 0 0 0 0 0 0 0 0 
1630 10 0 0 0 0 0 0 0 0 0 0 0 
1631 10 0 0 0 0 0 0 0 0 0 0 0 
1632 10 0 0 0 0 0 0 0 0 0 0 0 
1633 10 0 0 0 0 0 0 0 0 0 0 0 
1634 10 0 0 0 0 0 0 0 0 0 0 0 
1635 10 0 0 0 0 0 0 0 0 0 0 0 
1636 10 0 0 0 0 0 0 0 0 0 0 0 
1637 10 0 0 0 0 0 0 0 0 0 0 0 
1638 10 0 0 0 0 0 0 0 0 0 0 0 
1639 10 0 0 0 0 0 0 0 0 0 0 0 
1640 10 0 0 0 0 0 0 0 0 0 0 0 
1641 10 0 0 0 0 0 0 0 0 0 0 0 
1642 10 0 0 0 0 0 0 0 0 0 0 0 
1643 10 0 0 0 0 0 0 0 0 0 0 0 
1644 10 0 0 0 0 0 0 0 0 0 0 0 
1645 10 0 0 0 0 0 0 0 0 0 0 0 
1646 10 0 0 0 0 0 0 0 0 0 0 0 
1647 10 0 0 0 0 0 0 0 0 0 0 0 
1648 10 0 0 0 0 0 0 0 0 0 0 0 
1649 10 0 0 0 0 0 0 0 0 0 0 0 
1650 10 0 0 0 0 0 0 0 0 0 0 0 
1651 10 0 0 0 0 0 0 0 0 0 0 0 
1652 10 0 0 0 0 0 0 0 0 0 0 0 
1653 10 0 0 0 0 0 0 0 0 0 0 0 
1654 10 0 0 0 0 0 0 0 0 0 0 0 
1655 10 0 0 0 0 0 0 0 0 0 0 0 
1656 10 0 0 0 0 0 0 0 0 0 0 0 
1657 10 0 0 0 0 0 0 0 0 0 0 0 
1658 10 0 0 0 0 0 0 0 0 0 0 0 
1659 10 0 0 0 0 0 0 0 0 0 0 0 
1660 10 0 0 0 0 0 0 0 0 0 0 0 
1661 10 0 0 0 0 0 0 0 0 0 0 0 
1662 10 0 0 0 0 0 0 0 0 0 0 0 
1663 10 0 0 0 0 0 0 0 0 0 0 0 
1664 10 0 0 0 0 0 0 0 0 0 0 0 
1665 10 0 0 0 0 0 0 0 0 0 0 0 
1666 10 0 0 0 0 0 0 0 0 0 0 0 
1667 10 0 0 0 0 0 0 0 0 0 0 0 
1668 10 0 0 0 0 0 0 0 0 0 0 0 
1669 10 0 0 0 0 0 0 0 0 0 0 0 
1670 10 0 0 0 0 0 0 0 0 0 0 0 
1671 10 0 0 0 0 0 0 0 0 0 0 0 
1672 10 0 0 0 0 0 0 0 0 0 0 0 
1673 10 0 0 0 0 0 0 0 0 0 0 0 
1674 10 0 0 0 0 0 0 0 0 0 0 0 
1675 10 0 0 0 0 0 0 0 0 0 0 0 
1676 10 0 0 0 0 0 0 0 0 0 0 0 
1677 10 0 0 0 0 0 0 0 0 0 0 0 
1678 10 0 0 0 0 0 0 0 0 0 0 0 
1679 10 0 0 0 0 0 0 0 0 0 0 0 
1680 10 0 0 0 0 0 0 0 0 0 0 0 
1681 10 0 0 0 0 0 0 0 0 0 0 0 
1682 10 0 0 0 0 0 0 0 0 0 0 0 
1683 10 0 0 0 0 0 0 0 0 0 0 0 
1684 10 0 0 0 0 0 0 0 0 0 0 0 
1685 10 0 0 0 0 0 0 0 0 0 0 0 
1686 10 0 0 0 0 0 0 0 0 0 0 0 
1687 10 0 0 0 0 0 0 0 0 0 0 0 
1688 10 0 0 0 0 0 0 0 0 0 0 0 
1689 10 0 0 0 0 0 0 0 0 0 0 0 
1690 10 0 0 0 0 0 0 0 0 0 0 0 
1691 10 0 0 0 0 0 0 0 0 0 0 0 
1692 10 0 0 0 0 0 0 0 0 0 0 0 
1693 10 0 0 0 0 0 0 0 0 0 0 0 
1694 10 0 0 0 0 0 0 0 0 0 0 0 
1695 10 0 0 0 0 0 0 0 0 0 0 0 
1696 10 0 0 0 0 0 0 0 0 0 0 0 
1697 10 0 0 0 0 0 0 0 0 0 0 0 
1698 10 0 0 0 0 0 0 0 0 0 0 0 
1699 10 0 0 0 0 0 0 0 0 0 0 0 
1700 10 0 0 0 0 0 0 0 0 0 0 0 
1701 10 0 0 0 0 0 0 0 0 0 0 0 
1702 10 0 0 0 0 0 0 0 0 0 0 0 
1703 10 0 0 0 0 0 0 0 0 0 0 0 
1704 10 0 0 0 0 0 0 0 0 0 0 0 
1705 10 0 0 0 0 0 0 0 0 0 0 0 
1706 10 0 0 0 0 0 0 0 0 0 0 0 
1707 10 0 0 0 0 0 0 0 0 0 0 0 
1708 10 0 0 0 0 0 0 0 0 0 0 0 
1709 10 0 0 0 0 0 0 0 0 0 0 0 
1710 10 0 0 0 0 0 0 0 0 0 0 0 
1711 10 0 0 0 0 0 0 0 0 0 0 0 
1712 10 0 0 0 0 0 0 0 0 0 0 0 
1713 10 0 0 0 0 0 0 0 0 0 0 0 
1714 10 0 0 0 0 0 0 0 0 0 0 0 
1715 10 0 0 0 0 0 0 0 0 0 0 0 
1716 10 0 0 0 0 0 0 0 0 0 0 0 
1717 10 0 0 0 0 0 0 0 0 0 0 0 
1718 10 0 0 0 0 0 0 0 0 0 0 0 
1719 10 0 0 0 0 0 0 0 0 0 0 0 
1720 10 0 0 0 0 0 0 0 0 0 0 0 
1721 10 0 0 0 0 0 0 0 0 0 0 0 
1722 10 0 0 0 0 0 0 0 0 0 0 0 
1723 10 0 0 0 0 0 0 0 0 0 0 0 
1724 10 0 0 0 0 0 0 0 0 0 0 0 
1725 10 0 0 0 0 0 0 0 0 0 0 0 
1726 10 0 0 0 0 0 0 0 0 0 0 0 
1727 10 0 0 0 0 0 0 0 0 0 0 0 
1728 10 0 0 0 0 0 0 0 0 0 0 0 
1729 10 0 0 0 0 0 0 0 0 0 0 0 
1730 10 0 0 0 0 0 0 0 0 0 0 0 
1731 10 0 0 0 0 0 0 0 0 0 0 0 
1732 10 0 0 0 0 0 0 0 0 0 0 0 
1733 10 0 0 0 0 0 0 0 0 0 0 0 
1734 10 0 0 0 0 0 0 0 0 0 0 0 
1735 10 0 0 0 0 0 0 0 0 0 0 0 
1736 10 0 0 0 0 0 0 0 0 0 0 0 
1737 10 0 0 0 0 0 0 0 0 0 0 0 
1738 10 0 0 0 0 0 0 0 0 0 0 0 
1739 10 0 0 0 0 0 0 0 0 0 0 0 
1740 10 0 0 0 0 0 0 0 0 0 0 0 
1741 10 0 0 0 0 0 0 0 0 0 0 0 
1742 10 0 0 0 0 0 0 0 0 0 0 0 
1743 10 0 0 0 0 0 0 0 0 0 0 0 
1744 10 0 0 0 0 0 0 0 0 0 0 0 
1745 10 0 0 0 0 0 0 0 0 0 0 0 
1746 10 0 0 0 0 0 0 0 0 0 0 0 
1747 10 0 0 0 0 0 0 0 0 0 0 0 
1748 10 0 0 0 0 0 0 0 0 0 0 0 
1749 10 0 0 0 0 0 0 0 0 0 0 0 
1750 10 0 0 0 0 0 0 0 0 0 0 0 
1751 10 0 0 0 0 0 0 0 0 0 0 0 
1752 10 0 0 0 0 0 0 0 0 0 0 0 
1753 10 0 0 0 0 0 0 0 0 0 0 0 
1754 10 0 0 0 0 0 0 0 0 0 0 0 
1755 10 0 0 0 0 0 0 0 0 0 0 0 
1756 10 0 0 0 0 0 0 0 0 0 0 0 
1757 10 0 0 0 0 0 0 0 0 0 0 0 
1758 10 0 0 0 0 0 0 0 0 0 0 0 
1759 10 0 0 0 0 0 0 0 0 0 0 0 
1760 10 0 0 0 0 0 0 0 0 0 0 0 
1761 10 0 0 0 0 0 0 0 0 0 0 0 
1762 10 0 0 0 0 0 0 0 0 0 0 0 
1763 10 0 0 0 0 0 0 0 0 0 0 0 
1764 10 0 0 0 0 0 0 0 0 0 0 0 
1765 10 0 0 0 0 0 0 0 0 0 0 0 
1766 10 0 0 0 0 0 0 0 0 0 0 0 
1767 10 0 0 0 0 0 0 0 0 0 0 0 
1768 10 0 0 0 0 0 0 0 0 0 0 0 
1769 10 0 0 0 0 0 0 0 0 0 0 0 
1770 10 0 0 0 0 0 0 0 0 0 0 0 
1771 10 0 0 0 0 0 0 0 0 0 0 0 
1772 10 0 0 0 0 0 0 0 0 0 0 0 
1773 10 0 0 0 0 0 0 0 0 0 0 0 
1774 10 0 0 0 0 0 0 0 0 0 0 0 
1775 10 0 0 0 0 0 0 0 0 0 0 0 
1776 10 0 0 0 0 0 0 0 0 0 0 0 
1777 10 0 0 0 0 0 0 0 0 0 0 0 
1778 10 0 0 0 0 0 0 0 0 0 0 0 
1779 10 0 0 0 0 0 0 0 0 0 0 0 
1780 10 0 0 0 0 0 0 0 0 0 0 0 
1781 10 0 0 0 0 0 0 0 0 0 0 0 
1782 10 0 0 0 0 0 0 0 0 0 0 0 
1783 10 0 0 0 0 0 0 0 0 0 0 0 
1784 10 0 0 0 0 0 0 0 0 0 0 0 
1785 10 0 0 0 0 0 0 0 0 0 0 0 
1786 10 0 0 0 0 0 0 0 0 0 0 0 
1787 10 0 0 0 0 0 0 0 0 0 0 0 
1788 10 0 0 0 0 0 0 0 0 0 0 0 
1789 10 0 0 0 0 0 0 0 0 0 0 0 
1790 10 0 0 0 0 0 0 0 0 0 0 0 
1791 10 0 0 0 0 0 0 0 0 0 0 0 
1792 10 0 0 0 0 0 0 0 0 0 0 0 
1793 10 0 0 0 0 0 0 0 0 0 0 0 
1794 10 0 0 0 0 0 0 0 0 0 0 0 
1795 10 0 0 0 0 0 0 0 0 0 0 0 
1796 10 0 0 0 0 0 0 0 0 0 0 0 
1797 10 0 0 0 0 0 0 0 0 0 0 0 
1798 10 0 0 0 0 0 0 0 0 0 0 0 
1799 10 0 0 0 0 0 0 0 0 0 0 0 
1800 10 0 0 0 0 0 0 0 0 0 0 0 
1801 10 0 0 0 0 0 0 0 0 0 0 0 
1802 10 0 0 0 0 0 0 0 0 0 0 0 
1803 10 0 0 0 0 0 0 0 0 0 0 0 
1804 10 0 0 0 0 0 0 0 0 0 0 0 
1805 10 0 0 0 0 0 0 0 0 0 0 0 
1806 10 0 0 0 0 0 0 0 0 0 0 0 
1807 10 0 0 0 0 0 0 0 0 0 0 0 
1808 10 0 0 0 0 0 0 0 0 0 0 0 
1809 10 0 0 0 0 0 0 0 0 0 0 0 
1810 10 0 0 0 0 0 0 0 0 0 0 0 
1811 10 0 0 0 0 0 0 0 0 0 0 0 
1812 10 0 0 0 0 0 0 0 0 0 0 0 
1813 10 0 0 0 0 0 0 0 0 0 0 0 
1814 10 0 0 0 0 0 0 0 0 0 0 0 
1815 10 0 0 0 0 0 0 0 0 0 0 0 
1816 10 0 0 0 0 0 0 0 0 0 0 0 
1817 10 0 0 0 0 0 0 0 0 0 0 0 
1818 10 0 0 0 0 0 0 0 0 0 0 0 
1819 10 0 0 0 0 0 0 0 0 0 0 0 
1820 10 0 0 0 0 0 0 0 0 0 0 0 
1821 10 0 0 0 0 0 0 0 0 0 0 0 
1822 10 0 0 0 0 0 0 0 0 0 0 0 
1823 10 0 0 0 0 0 0 0 0 0 0 0 
1824 10 0 0 0 0 0 0 0 0 0 0 0 
1825 10 0 0 0 0 0 0 0 0 0 0 0 
1826 10 0 0 0 0 0 0 0 0 0 0 0 
1827 10 0 0 0 0 0 0 0 0 0 0 0 
1828 10 0 0 0 0 0 0 0 0 0 0 0 
1829 10 0 0 0 0 0 0 0 0 0 0 0 
1830 10 0 0 0 0 0 0 0 0 0 0 0 
1831 10 0 0 0 0 0 0 0 0 0 0 0 
1832 10 0 0 0 0 0 0 0 0 0 0 0 
1833 10 0 0 0 0 0 0 0 0 0 0 0 
1834 10 0 0 0 0 0 0 0 0 0 0 0 
1835 10 0 0 0 0 0 0 0 0 0 0 0 
1836 10 0 0 0 0 0 0 0 0 0 0 0 
1837 10 0 0 0 0 0 0 0 0 0 0 0 
1838 10 0 0 0 0 0 0 0 0 0 0 0 
1839 10 0 0 0 0 0 0 0 0 0 0 0 
1840 10 0 0 0 0 0 0 0 0 0 0 0 
1841 10 0 0 0 0 0 0 0 0 0 0 0 
1842 10 0 0 0 0 0 0 0 0 0 0 0 
1843 10 0 0 0 0 0 0 0 0 0 0 0 
1844 10 0 0 0 0 0 0 0 0 0 0 0 
1845 10 0 0 0 0 0 0 0 0 0 0 0 
1846 10 0 0 0 0 0 0 0 0 0 0 0 
1847 10 0 0 0 0 0 0 0 0 0 0 0 
1848 10 0 0 0 0 0 0 0 0 0 0 0 
1849 10 0 0 0 0 0 0 0 0 0 0 0 
1850 10 0 0 0 0 0 0 0 0 0 0 0 
1851 10 0 0 0 0 0 0 0 0 0 0 0 
1852 10 0 0 0 0 0 0 0 0 0 0 0 
1853 10 0 0 0 0 0 0 0 0 0 0 0 
1854 10 0 0 0 0 0 0 0 0 0 0 0 
1855 10 0 0 0 0 0 0 0 0 0 0 0 
1856 10 0 0 0 0 0 0 0 0 0 0 0 
1857 10 0 0 0 0 0 0 0 0 0 0 0 
1858 10 0 0 0 0 0 0 0 0 0 0 0 
1859 10 0 0 0 0 0 0 0 0 0 0 0 
1860 10 0 0 0 0 0 0 0 0 0 0 0 
1861 10 0 0 0 0 0 0 0 0 0 0 0 
1862 10 0 0 0 0 0 0 0 0 0 0 0 
1863 10 0 0 0 0 0 0 0 0 0 0 0 
1864 10 0 0 0 0 0 0 0 0 0 0 0 
1865 10 0 0 0 0 0 0 0 0 0 0 0 
1866 10 0 0 0 0 0 0 0 0 0 0 0 
1867 10 0 0 0 0 0 0 0 0 0 0 0 
1868 10 0 0 0 0 0 0 0 0 0 0 0 
1869 10 0 0 0 0 0 0 0 0 0 0 0 
1870 10 0 0 0 0 0 0 0 0 0 0 0 
1871 10 0 0 0 0 0 0 0 0 0 0 0 
1872 10 0 0 0 0 0 0 0 0 0 0 0 
1873 10 0 0 0 0 0 0 0 0 0 0 0 
1874 10 0 0 0 0 0 0 0 0 0 0 0 
1875 10 0 0 0 0 0 0 0 0 0 0 0 
1876 10 0 0 0 0 0 0 0 0 0 0 0 
1877 10 0 0 0 0 0 0 0 0 0 0 0 
1878 10 0 0 0 0 0 0 0 0 0 0 0 
1879 10 0 0 0 0 0 0 0 0 0 0 0 
1880 10 0 0 0 0 0 0 0 0 0 0 0 
1881 10 0 0 0 0 0 0 0 0 0 0 0 
1882 10 0 0 0 0 0 0 0 0 0 0 0 
1883 10 0 0 0 0 0 0 0 0 0 0 0 
1884 10 0 0 0 0 0 0 0 0 0 0 0 
1885 10 0 0 0 0 0 0 0 0 0 0 0 
1886 10 0 0 0 0 0 0 0 0 0 0 0 
1887 10 0 0 0 0 0 0 0 0 0 0 0 
1888 10 0 0 0 0 0 0 0 0 0 0 0 
1889 10 0 0 0 0 0 0 0 0 0 0 0 
1890 10 0 0 0 0 0 0 0 0 0 0 0 
1891 10 0 0 0 0 0 0 0 0 0 0 0 
1892 10 0 0 0 0 0 0 0 0 0 0 0 
1893 10 0 0 0 0 0 0 0 0 0 0 0 
1894 10 0 0 0 0 0 0 0 0 0 0 0 
1895 10 0 0 0 0 0 0 0 0 0 0 0 
1896 10 0 0 0 0 0 0 0 0 0 0 0 
1897 10 0 0 0 0 0 0 0 0 0 0 0 
1898 10 0 0 0 0 0 0 0 0 0 0 0 
1899 10 0 0 0 0 0 0 0 0 0 0 0 
1900 10 0 0 0 0 0 0 0 0 0 0 0 
1901 10 0 0 0 0 0 0 0 0 0 0 0 
1902 10 0 0 0 0 0 0 0 0 0 0 0 
1903 10 0 0 0 0 0 0 0 0 0 0 0 
1904 10 0 0 0 0 0 0 0 0 0 0 0 
1905 10 0 0 0 0 0 0 0 0 0 0 0 
1906 10 0 0 0 0 0 0 0 0 0 0 0 
1907 10 0 0 0 0 0 0 0 0 0 0 0 
1908 10 0 0 0 0 0 0 0 0 0 0 0 
1909 10 0 0 0 0 0 0 0 0 0 0 0 
1910 10 0 0 0 0 0 0 0 0 0 0 0 
1911 10 0 0 0 0 0 0 0 0 0 0 0 
1912 10 0 0 0 0 0 0 0 0 0 0 0 
1913 10 0 0 0 0 0 0 0 0 0 0 0 
1914 10 0 0 0 0 0 0 0 0 0 0 0 
1915 10 0 0 0 0 0 0 0 0 0 0 0 
1916 10 0 0 0 0 0 0 0 0 0 0 0 
1917 10 0 0 0 0 0 0 0 0 0 0 0 
1918 10 0 0 0 0 0 0 0 0 0 0 0 
1919 10 0 0 0 0 0 0 0 0 0 0 0 
1920 10 0 0 0 0 0 0 0 0 0 0 0 
1921 10 20 0 0 0 0 0 0 0 0 0 0 
1922 10 21 0 0 0 0 0 0 0 0 0 0 
1923 10 22 0 0 0 0 0 0 0 0 0 0 
1924 10 23 0 0 0 0 0 0 0 0 0 0 
1925 10 0 0 0 0 0 0 0 0 0 0 0 
1926 10 0 0 0 0 0 0 0 0 0 0 0 
1927 10 0 0 0 0 0 0 0 0 0 0 0 
1928 10 0 0 0 0 0 0 0 0 0 0 0 
1929 10 26 0 0 0 0 0 0 0 0 0 0 
1930 10 27 0 0 0 0 0 0 0 0 0 0 
1931 10 0 0 0 0 0 0 0 0 0 0 0 
1932 10 0 0 0 0 0 0 0 0 0 0 0 
1933 10 29 0 0 0 0 0 0 0 0 0 0 
1934 10 30 0 0 0 0 0 0 0 0 0 0 
1935 10 0 0 0 0 0 0 0 0 0 0 0 
1936 10 0 0 0 0 0 0 0 0 0 0 0 
1937 10 0 0 0 0 0 0 0 0 0 0 0 
1938 10 0 0 0 0 0 0 0 0 0 0 0 
1939 10 32 0 0 0 0 0 0 0 0 0 0 
1940 10 33 0 0 0 0 0 0 0 0 0 0 
1941 10 0 0 0 0 0 0 0 0 0 0 0 
1942 10 0 0 0 0 0 0 0 0 0 0 0 
1943 10 35 0 0 0 0 0 0 0 0 0 0 
1944 10 36 0 0 0 0 0 0 0 0 0 0 
1945 10 37 0 0 0 0 0 0 0 0 0 0 
1946 10 38 0 0 0 0 0 0 0 0 0 0 
1947 10 0 0 0 0 0 0 0 0 0 0 0 
1948 10 0 0 0 0 0 0 0 0 0 0 0 
1949 10 0 0 0 0 0 0 0 0 0 0 0 
1950 10 0 0 0 0 0 0 0 0 0 0 0 
1951 10 0 0 0 0 0 0 0 0 0 0 0 
1952 10 0 0 0 0 0 0 0 0 0 0 0 
1953 10 0 0 0 0 0 0 0 0 0 0 0 
1954 10 0 0 0 0 0 0 0 0 0 0 0 
1955 10 0 0 0 0 0 0 0 0 0 0 0 
1956 10 0 0 0 0 0 0 0 0 0 0 0 
1957 10 0 0 0 0 0 0 0 0 0 0 0 
1958 10 0 0 0 0 0 0 0 0 0 0 0 
1959 10 0 0 0 0 0 0 0 0 0 0 0 
1960 10 0 0 0 0 0 0 0 0 0 0 0 
1961 10 42 0 0 0 0 0 0 0 0 0 0 
1962 10 43 0 0 0 0 0 0 0 0 0 0 
1963 10 0 0 0 0 0 0 0 0 0 0 0 
1964 10 0 0 0 0 0 0 0 0 0 0 0 
1965 10 0 0 0 0 0 0 0 0 0 0 0 
1966 10 0 0 0 0 0 0 0 0 0 0 0 
1967 10 0 0 0 0 0 0 0 0 0 0 0 
1968 10 0 0 0 0 0 0 0 0 0 0 0 
1969 10 0 0 0 0 0 0 0 0 0 0 0 
1970 10 0 0 0 0 0 0 0 0 0 0 0 
1971 10 0 0 0 0 0 0 0 0 0 0 0 
1972 10 0 0 0 0 0 0 0 0 0 0 0 
1973 10 0 0 0 0 0 0 0 0 0 0 0 
1974 10 0 0 0 0 0 0 0 0 0 0 0 
1975 10 0 0 0 0 0 0 0 0 0 0 0 
1976 10 0 0 0 0 0 0 0 0 0 0 0 
1977 10 0 0 0 0 0 0 0 0 0 0 0 
1978 10 0 0 0 0 0 0 0 0 0 0 0 
1979 10 0 0 0 0 0 0 0 0 0 0 0 
1980 10 0 0 0 0 0 0 0 0 0 0 0 
1981 10 0 0 0 0 0 0 0 0 0 0 0 
1982 10 0 0 0 0 0 0 0 0 0 0 0 
1983 10 0 0 0 0 0 0 0 0 0 0 0 
1984 10 0 0 0 0 0 0 0 0 0 0 0 
1985 10 0 0 0 0 0 0 0 0 0 0 0 
1986 10 0 0 0 0 0 0 0 0 0 0 0 
1987 10 49 0 0 0 0 0 0 0 0 0 0 
1988 10 50 0 0 0 0 0 0 0 0 0 0 
1989 10 51 0 0 0 0 0 0 0 0 0 0 
1990 10 52 0 0 0 0 0 0 0 0 0 0 
1991 10 0 0 0 0 0 0 0 0 0 0 0 
1992 10 0 0 0 0 0 0 0 0 0 0 0 
1993 10 0 0 0 0 0 0 0 0 0 0 0 
1994 10 0 0 0 0 0 0 0 0 0 0 0 
1995 10 0 0 0 0 0 0 0 0 0 0 0 
1996 10 0 0 0 0 0 0 0 0 0 0 0 
1997 10 0 0 0 0 0 0 0 0 0 0 0 
1998 10 0 0 0 0 0 0 0 0 0 0 0 
1999 10 0 0 0 0 0 0 0 0 0 0 0 
2000 10 0 0 0 0 0 0 0 0 0 0 0 
2001 10 0 0 0 0 0 0 0 0 0 0 0 
2002 10 0 0 0 0 0 0 0 0 0 0 0 
2003 10 0 0 0 0 0 0 0 0 0 0 0 
2004 10 0 0 0 0 0 0 0 0 0 0 0 
2005 10 0 0 0 0 0 0 0 0 0 0 0 
2006 10 0 0 0 0 0 0 0 0 0 0 0 
2007 10 0 0 0 0 0 0 0 0 0 0 0 
2008 10 0 0 0 0 0 0 0 0 0 0 0 
2009 10 0 0 0 0 0 0 0 0 0 0 0 
2010 10 0 0 0 0 0 0 0 0 0 0 0 
2011 10 0 0 0 0 0 0 0 0 0 0 0 
2012 10 0 0 0 0 0 0 0 0 0 0 0 
2013 10 0 0 0 0 0 0 0 0 0 0 0 
2014 10 0 0 0 0 0 0 0 0 0 0 0 
2015 10 0 0 0 0 0 0 0 0 0 0 0 
2016 10 0 0 0 0 0 0 0 0 0 0 0 
2017 10 0 0 0 0 0 0 0 0 0 0 0 
2018 10 0 0 0 0 0 0 0 0 0 0 0 
2019 10 0 0 0 0 0 0 0 0 0 0 0 
2020 10 0 0 0 0 0 0 0 0 0 0 0 
2021 10 0 0 0 0 0 0 0 0 0 0 0 
2022 10 0 0 0 0 0 0 0 0 0 0 0 
2023 10 0 0 0 0 0 0 0 0 0 0 0 
2024 10 0 0 0 0 0 0 0 0 0 0 0 
2025 10 0 0 0 0 0 0 0 0 0 0 0 
2026 10 0 0 0 0 0 0 0 0 0 0 0 
2027 10 57 0 0 0 0 0 0 0 0 0 0 
2028 10 58 0 0 0 0 0 0 0 0 0 0 
2029 10 0 0 0 0 0 0 0 0 0 0 0 
2030 10 0 0 0 0 0 0 0 0 0 0 0 
2031 10 0 0 0 0 0 0 0 0 0 0 0 
2032 10 0 0 0 0 0 0 0 0 0 0 0 
2033 10 0 0 0 0 0 0 0 0 0 0 0 
2034 10 0 0 0 0 0 0 0 0 0 0 0 
2035 10 0 0 0 0 0 0 0 0 0 0 0 
2036 10 0 0 0 0 0 0 0 0 0 0 0 
2037 10 0 0 0 0 0 0 0 0 0 0 0 
2038 10 0 0 0 0 0 0 0 0 0 0 0 
2039 10 0 0 0 0 0 0 0 0 0 0 0 
2040 10 0 0 0 0 0 0 0 0 0 0 0 
2041 10 0 0 0 0 0 0 0 0 0 0 0 
2042 10 0 0 0 0 0 0 0 0 0 0 0 
2043 10 0 0 0 0 0 0 0 0 0 0 0 
2044 10 0 0 0 0 0 0 0 0 0 0 0 
2045 10 0 0 0 0 0 0 0 0 0 0 0 
2046 10 0 0 0 0 0 0 0 0 0 0 0 

0 4 1 0 bottle_1 0.0213286 32 -3 -59 132 -13 -59 102 -13 -54 102 27 -64 72 12 -59 102 12 -9 312 -3 -54 132 -13 -49 156 27 -39 60 27 -69 72 27 -39 54 27 -49 54 27 -34 60 32 -64 48 12 -64 102 7 -49 54 27 -49 48 -13 -69 156 32 16 186 -8 -49 144 32 11 186 12 -54 102 27 11 354 -3 -39 132 -3 -44 132 -8 86 348 32 21 186 -8 -34 144 17 -9 300 -8 -4 216 27 -49 102 27 -34 54 
1 4 1 0 bottle_1 0.024024 4 -13 66 72 17 66 72 17 66 102 -13 66 54 
2 4 1 0 bottle_1 0.285714 3 17 66 300 17 71 312 17 66 312 
3 4 1 0 bottle_1 0.945295 72 -23 91 132 -28 91 294 -23 91 354 22 91 294 22 91 300 -23 91 108 -23 91 348 -23 91 72 32 91 156 -28 91 186 -28 91 108 27 91 348 27 91 144 27 91 54 -28 91 60 27 91 216 22 91 330 22 91 156 -28 91 216 32 91 54 32 91 312 27 91 60 32 91 72 -28 91 330 22 91 354 32 91 132 -23 91 294 -28 91 48 32 91 330 22 91 48 -23 91 324 22 91 54 22 91 108 -23 91 270 17 91 270 17 91 216 -18 91 102 17 91 312 -18 91 132 -23 86 132 -23 86 156 -23 86 108 -23 86 348 -28 86 72 27 86 102 -28 86 330 22 86 324 27 86 156 -28 86 60 27 86 144 27 86 312 27 86 72 -23 86 330 27 86 348 32 86 102 32 86 312 27 86 132 27 86 108 27 86 54 27 86 60 22 86 354 32 86 54 32 86 216 32 86 300 32 86 108 32 86 60 32 86 48 32 86 132 22 86 54 22 86 102 -18 86 102 -18 86 72 
4 4 1 0 bottle_1 1 33 -23 81 102 -23 81 354 -28 81 102 -23 81 156 -23 81 144 -28 81 294 -23 81 348 -23 81 72 -28 81 108 -28 81 270 22 81 294 22 81 300 -28 81 144 22 81 312 -28 81 162 -23 81 330 -28 81 48 27 81 102 -23 81 312 27 81 156 27 81 72 22 81 354 22 81 144 27 81 312 32 81 102 27 81 354 32 81 300 32 81 216 32 81 270 32 81 60 32 81 348 22 81 60 17 81 312 
5 4 1 0 bottle_1 1 1 22 81 72 
6 4 1 0 bottle_1 1 6 -13 66 48 -18 66 324 -18 66 330 17 66 186 -18 66 132 -23 66 312 
7 4 1 0 bottle_1 0.981818 90 32 56 72 32 51 186 22 66 156 32 51 294 -23 66 156 32 61 144 22 66 54 -28 66 216 32 61 72 22 66 312 27 71 132 32 61 108 -23 76 300 -28 76 102 27 66 48 -28 71 354 27 66 72 27 66 186 27 66 324 -23 76 108 -28 66 60 32 61 216 -23 76 156 -23 71 60 32 76 72 22 76 294 32 76 270 32 76 60 32 76 354 32 76 108 32 76 54 -28 71 186 32 51 348 32 51 216 17 71 216 -23 71 324 32 56 324 22 71 324 22 71 294 -28 66 72 -28 71 330 -23 76 60 -23 71 72 -28 71 72 27 76 300 22 76 270 -23 66 324 -23 76 324 -28 76 354 -28 76 60 -28 66 312 27 71 102 27 71 162 -23 76 348 -23 76 354 32 61 54 27 71 300 27 71 72 32 61 102 32 66 324 32 66 102 27 76 72 32 71 354 -28 66 330 27 76 132 -23 66 60 -28 66 348 27 66 300 -23 66 72 -23 66 108 22 66 60 22 66 102 -23 76 48 27 76 102 32 76 186 27 76 162 32 76 216 -28 76 294 27 66 294 32 61 354 -23 76 54 -28 76 162 -28 76 144 27 66 60 32 71 72 27 76 354 32 71 330 32 61 186 27 61 48 -28 66 270 
8 4 1 0 bottle_1 1 22 22 66 270 -28 61 102 22 76 54 22 71 162 22 76 60 22 71 60 22 71 102 27 61 300 -28 61 54 22 71 144 -18 71 102 32 51 312 27 61 294 -18 71 156 -23 76 186 -23 71 186 27 61 330 22 71 72 -18 71 60 27 61 324 32 51 54 -23 76 216 
9 4 1 0 bottle_1 0.0909091 1 -13 66 354 
10 4 1 0 bottle_1 0.923077 10 -18 91 144 17 91 60 -18 91 354 17 91 102 2 66 102 17 91 144 17 91 132 7 66 102 7 66 132 17 86 54 
11 4 1 0 bottle_1 0.957983 19 12 91 312 12 91 162 12 91 54 12 91 108 12 91 72 -18 91 216 -13 91 102 7 91 270 -13 91 132 -13 91 354 -13 91 156 7 91 48 -13 91 294 -8 91 60 -8 91 354 2 91 54 2 91 60 -3 91 102 -3 91 54 
12 4 1 0 bottle_1 0.375 1 2 66 144 
13 4 1 0 bottle_1 0.0104167 1 -18 91 312 
14 4 1 0 bottle_1 0.0475706 39 32 46 348 32 46 294 32 46 270 32 6 216 32 1 324 32 1 216 32 -9 216 32 -9 300 32 -14 216 32 -24 354 32 -14 294 32 -19 300 32 -34 354 32 -24 294 32 -24 300 32 -29 216 32 -39 354 32 -39 162 32 -49 132 32 -34 216 27 -54 300 32 -34 270 32 -44 216 32 -54 348 32 -49 324 32 -44 300 32 -64 348 32 -64 324 32 -64 270 32 -69 294 32 -69 300 32 -69 270 32 -89 348 32 -74 294 32 -89 216 32 -84 300 32 -89 294 32 -89 300 32 -89 270 
15 4 1 0 bottle_1 0.00843882 1 2 -59 102 
16 4 1 0 bottle_1 0.230769 1 2 -9 312 
17 4 1 0 bottle_1 0.935065 12 12 -39 72 12 -44 72 -3 -34 108 17 -54 60 -3 -44 108 2 -44 108 2 -49 102 17 -59 72 -3 -49 108 7 -54 102 2 -89 312 2 -89 324 
18 4 1 0 bottle_1 0.117647 2 17 -49 72 -3 -9 330 
19 4 1 0 bottle_1 0.923077 10 -18 26 48 -28 31 300 -28 31 312 -23 36 102 -23 31 102 -28 31 348 -28 36 186 -23 26 60 -28 36 294 -23 26 48 
20 4 1 0 bottle_1 1 7 -18 31 102 -18 26 102 -23 21 186 -18 26 60 -23 16 312 -23 41 54 -23 21 330 
21 4 1 0 bottle_1 1 15 -28 41 270 -23 31 216 -23 41 60 -18 21 102 -23 36 156 -23 21 348 -23 26 324 -23 31 162 -23 26 330 -23 36 72 -23 31 324 -23 31 72 -23 31 354 -23 36 348 -23 31 270 
22 4 1 0 bottle_1 1 97 -18 -54 72 -18 -9 54 -18 -14 54 -18 -24 72 -18 -19 72 -18 -39 54 -23 6 294 -18 -4 72 -28 -74 270 -18 -34 60 -18 -19 54 -18 -44 54 -18 -44 60 -18 1 60 -23 -49 348 -23 11 348 -18 -29 54 -23 -19 162 -23 -54 348 -23 -4 294 -18 -29 48 -23 -79 54 -23 -74 132 -18 -34 72 -23 11 324 -18 -39 102 -23 -34 348 -23 6 348 -18 -14 48 -23 6 330 -18 -39 108 -23 6 270 -18 -49 60 -23 -49 324 -23 -39 300 -23 -4 330 -23 6 162 -23 -49 330 -18 -14 60 -23 1 330 -23 11 186 -23 -14 330 -23 11 354 -23 -74 72 -23 -34 330 -23 -79 132 -23 -4 270 -23 6 324 -23 -19 330 -28 -69 300 -23 -9 270 -23 -9 324 -23 1 324 -18 -54 60 -23 -44 330 -23 -79 72 -18 -44 108 -23 -34 312 -23 -14 186 -23 11 312 -23 -9 186 -23 -54 324 -18 -54 54 -28 -64 312 -28 -69 348 -23 6 354 -23 1 156 -28 -69 330 -23 -4 186 -23 -64 108 -23 -69 72 -23 -19 312 -23 6 312 -23 -54 216 -23 -44 354 -18 -59 60 -23 -84 48 -23 -59 324 -23 -39 132 -28 -79 354 -23 -54 108 -28 -59 324 -23 -84 102 -23 -4 354 -18 -59 54 -28 -79 162 -28 -74 156 -28 -84 324 -28 -84 312 -18 11 48 -23 -59 102 -28 -74 144 -23 -59 294 -23 -89 54 -28 -79 144 -23 -89 132 -18 16 48 
23 4 1 0 bottle_1 0.983607 50 -28 -79 132 -28 -89 216 -18 -4 186 -28 -84 132 -18 -4 156 -28 -89 156 -18 1 186 -28 -89 132 -18 -9 156 -18 -14 156 -18 -34 216 -13 -9 48 7 -59 156 -8 -54 186 7 -49 144 7 -39 348 -8 -34 186 2 -69 156 2 -59 156 2 -49 162 2 -29 156 2 -54 156 12 -69 132 7 -44 354 -18 1 270 2 6 216 7 -54 144 12 -54 132 2 -49 156 7 -34 348 2 11 216 2 -14 216 2 -64 162 12 -54 144 12 -64 144 -18 -9 162 7 -49 156 -18 -14 162 -18 -24 324 -3 -39 186 -13 -9 54 12 -49 144 2 -54 216 -13 11 48 -13 -34 48 -13 -44 48 -18 -74 186 -13 -59 186 -13 16 48 -13 -4 60 
24 4 1 0 bottle_1 1 8 -18 -29 108 -18 -9 144 -23 -4 300 -18 -14 108 -18 -9 108 -23 -9 216 -18 -4 108 -18 -9 102 
25 4 1 0 bottle_1 0.915254 9 27 36 48 27 31 162 17 36 216 27 26 72 -13 41 132 -13 41 162 22 21 270 -13 41 156 17 31 216 
26 4 1 0 bottle_1 0.995206 173 -3 41 54 -18 36 294 -13 41 270 7 41 60 2 36 102 -8 41 270 -13 31 132 -13 31 162 2 36 354 22 1 216 -8 31 54 17 26 60 -13 26 72 -8 36 270 17 21 300 2 31 132 -3 31 108 -13 31 270 2 31 186 -8 26 144 -8 26 54 12 26 72 -8 26 60 12 26 108 17 21 354 -3 26 354 -3 26 102 -3 31 348 12 21 312 -13 26 270 -3 26 48 2 26 156 -8 21 144 -8 21 72 -8 21 54 12 21 72 17 11 300 -3 21 354 22 -4 348 12 16 312 -8 16 144 -8 16 72 7 16 144 17 11 162 12 16 72 -8 16 108 -3 16 102 -3 21 348 -13 11 162 -3 16 132 -8 11 72 7 11 186 2 11 186 -3 11 54 -8 6 72 7 11 330 12 6 108 -3 6 354 27 -74 48 27 -74 162 -3 11 348 22 -24 330 -8 11 216 22 -14 144 27 -84 48 -3 6 162 27 -89 48 7 1 102 -3 6 48 12 1 60 22 -19 144 22 -64 300 22 -29 162 27 -69 60 -3 6 216 7 1 72 7 -4 102 22 -69 300 2 1 348 12 -4 60 22 -39 354 27 -79 132 27 -74 72 27 -84 132 -13 -9 108 27 -79 60 2 -4 354 -3 1 216 27 -89 60 27 -79 54 27 -79 144 12 -9 324 27 -89 72 22 -34 72 -13 -14 108 -3 -4 216 2 -9 270 2 -9 72 2 -9 348 22 -39 60 -8 -14 108 2 -9 324 22 -79 270 -13 -19 354 7 -14 162 -13 -19 108 22 -64 324 2 -14 270 12 -19 144 -8 -19 102 -8 -19 108 7 -19 156 -8 -19 330 12 -24 102 -13 -24 108 -3 -14 216 12 -24 186 -3 -19 162 2 -19 72 -3 -19 330 2 -19 312 2 -19 324 -8 -24 60 -13 -29 162 12 -29 102 -13 -29 156 12 -29 186 2 -24 270 2 -24 186 -8 -29 144 22 -59 72 2 -24 348 2 -24 300 7 -24 330 -8 -29 54 -8 -29 60 12 -29 330 7 -29 294 2 -29 72 2 -29 348 7 -29 330 -3 -29 324 -13 -34 348 -8 -34 330 12 -34 330 12 -39 186 2 -34 354 7 -34 294 -8 -34 324 2 -34 72 7 -34 54 -3 -34 48 2 -34 300 12 -39 324 -3 -34 216 2 -39 354 7 -39 294 -3 -39 48 2 -39 300 7 -39 330 -8 -44 348 -8 -49 102 2 -44 348 2 -44 300 12 -49 324 12 -49 48 2 -49 186 -13 -54 108 2 -49 354 12 -49 330 -8 -49 348 7 -49 60 -8 -54 102 
27 4 1 0 bottle_1 1 26 2 -49 300 7 -49 330 -3 -49 324 12 -54 354 -13 -59 144 -13 -59 108 2 -54 72 7 -54 60 12 -59 108 -3 -54 348 -13 -64 60 2 -59 72 12 -64 48 12 -64 354 7 -64 108 7 -64 54 12 -69 108 2 -69 72 7 -74 132 12 -74 108 17 -79 108 -13 -84 144 -13 -89 144 17 -89 108 7 -79 108 -8 -84 156 
28 4 0 
29 4 1 0 bottle_1 0.99654 1200 17 51 162 17 46 156 17 51 324 12 51 186 17 51 300 17 46 186 12 41 186 17 46 144 17 51 270 17 51 54 12 46 156 17 51 72 12 51 300 17 51 60 17 36 156 22 51 108 12 51 162 17 46 330 12 41 300 12 51 354 17 46 354 12 51 348 17 46 300 17 41 294 17 31 162 17 46 270 12 41 354 12 51 132 17 41 270 12 41 348 17 41 60 12 46 354 12 31 186 17 36 132 12 31 270 17 31 186 7 51 216 17 36 354 17 36 348 7 46 270 12 36 300 12 51 102 7 46 156 22 46 156 22 46 108 12 41 132 17 36 108 17 36 300 12 41 108 17 36 102 22 46 132 22 46 102 7 46 162 12 51 60 17 36 270 7 41 186 22 46 162 12 36 330 12 31 144 22 46 72 12 31 312 12 26 162 7 46 132 7 51 294 12 41 54 17 31 48 7 41 300 17 31 270 12 26 144 17 36 60 22 41 72 17 36 72 17 31 324 17 26 102 22 41 162 12 36 354 22 46 54 22 46 60 7 51 144 12 36 132 7 46 330 17 26 108 7 51 348 7 51 354 17 31 300 7 41 156 12 46 60 7 36 270 17 26 348 7 46 354 17 31 60 7 46 108 7 36 162 12 31 348 22 36 132 -18 46 108 17 16 132 22 46 348 2 46 270 12 36 102 22 36 108 12 21 294 17 26 72 12 16 162 17 26 330 12 36 54 17 26 294 7 21 270 7 36 144 22 31 132 7 41 108 -23 46 348 17 21 54 -18 41 348 12 36 60 17 16 48 12 26 54 17 21 60 22 31 156 12 16 294 7 46 48 22 31 102 12 26 330 17 6 144 7 21 162 7 26 216 12 31 60 -13 46 300 7 36 324 7 46 54 7 21 300 -18 41 54 -18 41 324 12 11 48 12 16 132 7 41 54 2 46 108 2 51 312 17 11 48 12 1 156 17 11 156 22 26 132 17 16 60 -18 36 216 -23 41 186 12 16 300 12 21 354 12 -9 270 -8 46 294 12 11 132 2 41 312 7 41 72 12 11 294 7 11 162 2 46 324 7 31 132 12 16 54 7 6 156 12 -4 144 12 21 60 12 6 132 22 26 102 22 41 270 17 1 144 22 36 348 22 31 60 -23 36 270 2 51 348 7 -4 270 2 36 300 -8 46 312 2 46 102 -3 51 216 -18 36 354 2 51 354 17 11 60 17 21 312 -8 51 270 -18 31 348 22 31 54 2 36 162 17 11 348 17 11 72 -8 51 300 -3 46 300 -23 41 162 -8 51 312 7 26 132 17 -4 132 7 6 300 -3 51 156 12 16 354 22 36 330 -18 36 132 7 -9 270 -13 41 324 12 -19 270 7 26 60 -18 31 300 -13 36 156 -3 36 216 2 21 270 2 41 108 12 -4 48 2 26 294 7 31 54 17 1 108 -18 31 324 12 -14 156 22 21 108 -8 46 330 -18 36 54 7 31 102 -18 26 330 -13 31 108 7 11 144 27 41 102 17 6 60 27 41 144 2 46 72 -13 36 144 7 -9 156 12 11 102 -8 41 312 -3 41 186 -8 41 186 12 -4 216 -18 36 48 2 26 312 17 1 48 -23 36 294 12 1 294 22 21 102 17 -9 132 -8 36 186 2 16 300 22 36 216 27 41 132 12 -9 132 2 21 294 -8 41 144 -8 36 300 -8 41 132 7 31 72 2 36 330 -8 41 348 -18 36 60 17 16 330 7 11 312 -3 46 324 12 11 354 17 -4 108 2 41 102 7 -14 156 -18 31 108 -18 21 330 22 31 186 17 16 324 2 46 54 -18 26 186 -3 36 270 -3 41 156 -3 46 354 -3 41 312 -8 36 144 7 21 108 -13 31 330 -8 31 186 17 -14 132 -3 36 294 22 16 132 12 16 330 17 1 72 12 11 348 7 16 48 -3 41 348 -13 31 354 -8 36 132 -18 16 348 -13 31 294 -13 36 48 -13 26 324 -3 41 102 -13 21 108 -3 31 216 22 21 72 7 11 132 12 1 300 17 -9 354 -13 26 348 2 21 216 -3 31 300 17 1 348 -13 36 60 -3 46 60 2 26 324 2 11 162 7 1 60 7 21 102 -3 26 186 -13 26 354 7 11 48 -3 26 300 2 11 312 2 31 108 17 1 162 17 -4 60 7 -39 270 -3 31 270 22 16 144 7 16 72 17 -4 72 -13 16 102 22 31 216 -13 16 108 -18 16 216 7 11 54 22 21 60 -8 21 312 2 -4 270 12 6 348 7 -24 162 7 -44 270 -18 26 132 -8 31 102 22 21 54 7 -4 60 7 1 312 -13 21 348 7 -24 156 12 -29 48 -8 36 354 -3 31 156 12 -44 270 2 31 348 -8 16 186 22 31 270 12 -14 294 -18 16 354 12 -4 300 -8 21 324 -8 31 132 -13 16 324 2 1 162 -3 21 294 7 1 132 2 -4 294 2 36 60 -13 16 186 17 11 324 7 -54 270 2 26 108 -3 31 324 12 -4 354 22 11 108 2 21 72 17 -9 54 12 -49 270 12 -9 300 -3 16 312 12 -24 132 -3 26 156 -8 36 72 27 36 72 -8 16 324 2 21 330 -8 21 330 17 -9 72 7 -4 48 12 -4 102 -3 16 294 -18 11 312 7 1 54 -3 16 186 7 -29 300 -13 11 186 -8 36 48 17 -24 132 -18 6 348 -8 6 186 -3 11 300 12 -9 72 7 -14 60 -13 21 132 2 11 144 -13 6 330 7 -19 144 12 -39 48 -8 11 294 2 26 102 17 11 312 -8 21 102 2 -4 156 2 -9 162 7 -4 54 -18 21 270 12 -34 156 -13 26 60 2 31 48 2 11 72 -3 36 72 -13 6 102 -13 26 48 7 -29 156 27 36 60 -13 6 108 7 -14 48 17 1 186 -8 1 186 17 -19 102 17 -19 48 -13 6 186 2 21 108 -13 6 324 22 16 48 22 11 144 12 -24 54 7 -69 270 17 6 294 7 -9 54 2 -19 294 -13 1 330 2 16 132 -3 31 72 -8 26 72 -8 16 102 7 -19 48 7 -14 312 22 6 108 12 -39 156 2 26 48 7 -44 294 -3 21 330 -18 6 312 17 -14 156 -8 1 300 17 -4 270 2 -14 156 -18 1 348 -3 1 312 2 11 324 -8 6 330 17 -19 60 -3 11 270 -3 26 72 -8 21 132 27 31 132 2 -24 294 7 -44 300 7 1 186 22 11 72 12 -29 54 12 -34 216 -3 16 324 17 -19 54 -13 1 108 -18 26 72 7 6 102 22 26 312 2 16 108 -18 6 354 2 16 60 17 -14 348 22 6 102 -18 1 330 2 21 48 17 -19 72 7 -4 108 -3 31 60 12 -9 348 -3 -4 294 7 -19 312 -13 21 60 -3 -4 312 -18 1 300 -13 -4 186 17 -4 186 2 21 54 7 -59 294 12 -34 54 12 -84 270 -3 11 324 -18 16 162 12 -79 270 2 21 348 -18 16 144 -18 16 156 7 -54 300 17 -24 102 -18 1 312 -18 1 324 12 -24 72 -13 16 72 -3 -9 294 -13 11 132 2 -49 270 -3 11 330 17 -14 216 12 -29 60 -18 16 132 -3 26 60 -18 1 294 -3 6 156 17 -24 54 -13 -9 330 7 -29 54 -8 -9 300 -13 -4 294 12 -49 156 22 21 330 17 -9 270 7 -9 108 7 -59 300 -8 -9 294 22 1 108 17 -24 72 12 -24 300 -13 -9 312 22 21 216 2 1 60 17 -19 348 -13 11 144 7 -14 216 7 -69 294 2 16 54 -18 -4 300 12 -29 72 -3 -19 300 22 6 72 2 11 102 27 26 108 -3 -9 270 22 1 102 7 -14 108 2 -4 60 -13 -14 330 -13 -14 312 -8 1 102 12 -29 354 2 1 324 -3 -24 294 7 1 324 -13 6 270 -3 6 72 -8 -19 294 -13 6 156 -8 11 132 -13 11 72 -8 6 162 -3 -24 300 2 -54 300 2 1 132 -13 16 60 17 -34 132 -18 11 144 17 -4 330 12 -44 54 -3 21 48 -8 6 156 -13 6 132 7 -74 300 -3 16 60 2 16 348 17 -24 348 22 6 60 22 6 48 12 -64 156 2 -14 60 22 6 54 22 -4 108 -3 1 72 -18 -9 294 -13 -19 330 -3 -19 270 -18 -9 312 -13 -19 300 -8 -9 270 2 -59 294 2 -4 132 17 -24 162 -8 1 162 17 -4 294 -3 11 60 17 -14 186 22 6 354 2 -9 48 7 -79 300 -3 -14 156 2 -4 108 12 -24 312 22 -4 102 -8 -29 300 -13 -24 324 22 1 72 2 -84 270 2 -64 300 2 -24 60 12 -39 354 -18 -14 330 17 -4 312 -13 1 156 2 -29 162 -8 -14 270 -13 11 60 -18 6 162 -3 -4 108 2 1 102 27 26 60 2 11 354 -13 -24 300 7 -14 102 -8 11 48 -8 -4 162 7 -54 162 -13 -29 312 27 21 108 -8 -9 72 2 -9 132 -3 1 102 -3 -29 270 -8 1 60 -3 -44 300 -13 -19 102 22 16 324 -8 -4 156 12 -84 156 -13 -29 324 -3 -4 60 7 -19 186 2 -9 54 12 -29 312 -8 6 354 7 -44 312 17 -44 144 22 1 48 22 1 54 -3 -39 312 2 -69 312 -13 -4 162 -13 -29 300 22 6 348 17 -29 162 17 -34 156 7 -69 48 -3 -34 270 -8 -39 300 -3 -14 72 -18 6 132 7 -19 102 2 -4 102 17 -9 312 -8 6 48 12 -59 294 2 -14 330 12 -49 60 -3 -29 186 22 11 186 17 -29 216 22 -9 102 -13 -34 324 -18 -19 294 7 -14 354 -3 -39 270 -8 6 54 7 -29 108 -13 -4 72 -18 1 162 -3 -19 72 -13 -39 312 -3 -59 294 17 -24 270 2 -44 60 7 -74 60 2 -19 132 -8 -19 72 12 -34 312 22 -14 108 7 -74 54 -13 -9 162 -8 1 354 2 -19 108 -8 1 48 -13 -29 348 12 -84 162 7 -79 48 -8 -29 270 2 -49 60 -13 -9 72 -8 -4 132 -8 -54 294 7 -39 216 -8 -14 60 -3 -9 132 -13 -39 330 -3 -49 270 7 -84 60 -13 -44 312 22 -4 60 -8 -9 144 -13 -29 108 -3 -9 102 22 -14 132 -13 1 60 12 -54 300 -3 -64 294 7 -44 72 17 -54 144 12 -34 348 -3 -29 72 7 -29 186 7 -59 312 -8 -24 72 27 16 108 -8 -14 348 22 -14 102 -18 -19 354 22 1 348 -3 -69 294 -3 -34 330 -3 -24 60 -3 -14 144 -13 -9 132 2 -54 60 2 -14 102 -3 -74 294 2 -39 48 7 -89 60 -8 -59 312 -8 -4 354 2 -24 108 -3 -14 54 17 -59 144 7 -14 348 -3 -59 270 17 -39 162 -8 -4 54 -13 -34 102 -8 -59 300 17 -69 354 -3 -29 60 7 -79 162 -13 -49 324 -13 -9 144 7 -49 72 -13 -14 72 -3 -74 300 7 -19 324 -8 -9 48 -8 -19 348 -8 -14 144 2 -34 54 -8 -59 330 -13 -54 312 2 -29 330 -3 -44 330 -8 -9 54 17 -44 348 2 -19 102 -13 -19 162 17 -49 156 -3 -84 294 -18 -34 300 7 -34 186 -3 -74 312 -13 -49 300 22 -9 60 -8 -64 312 -13 -29 354 -3 -19 132 12 -64 60 22 -19 132 -13 -14 132 7 -49 216 17 -19 294 12 -69 300 17 -64 48 -18 -34 312 17 -34 270 -8 -64 300 -8 -24 348 7 -24 324 12 -69 60 -8 -14 48 17 -19 312 -13 -54 294 17 -84 354 -8 -24 162 -13 -39 102 7 -84 312 12 -44 348 12 -74 300 -13 -14 144 -3 -74 270 -13 -54 300 2 -59 48 -18 -34 348 12 -74 60 2 -24 102 17 -44 216 -3 -54 330 -3 -49 186 -3 -44 60 12 -79 354 7 -24 348 -18 -39 330 7 -34 354 -3 -24 102 17 -79 144 12 -89 354 -8 -74 330 -13 -59 294 -18 -39 324 12 -79 60 -3 -59 330 -8 -14 354 -18 -14 270 -8 -59 324 -8 -79 294 -13 -44 102 -8 -19 54 -3 -49 60 22 -14 60 -8 -79 312 17 -39 270 12 -49 348 7 -39 354 12 -89 60 22 -14 48 17 -64 156 17 -84 48 2 -29 102 7 -44 186 12 -69 144 -13 -39 354 -8 -89 294 2 -84 60 -13 -69 324 -3 -59 186 2 -69 48 17 -29 330 2 -79 60 7 -74 216 22 -24 102 -3 -29 102 17 -24 300 -18 -44 324 -13 -59 348 17 -89 48 7 -64 72 -8 -34 348 -8 -79 330 -13 -74 330 -8 -19 354 22 1 330 12 -74 144 12 -54 348 -8 -89 300 -8 -64 324 -13 -64 300 -18 -19 270 2 -89 60 12 -69 72 7 -69 72 -8 -44 60 12 -59 348 -8 -29 162 -13 -34 216 -13 -74 294 -8 -19 216 -3 -14 348 -18 -49 324 7 -74 72 12 -64 312 -8 -29 48 -8 -24 132 12 -64 186 17 -29 312 22 -19 60 7 -84 216 2 -74 186 -18 -54 330 -13 -24 144 -13 -79 312 12 -69 312 -18 -54 300 17 -84 156 12 -69 186 -13 -84 324 2 -44 324 -13 -19 60 -13 -49 354 2 -39 108 22 -19 354 -3 -64 72 -18 -54 324 22 -29 108 7 -84 72 12 -64 348 -13 -39 216 -3 -64 60 22 -14 348 -3 -19 348 17 -49 270 -8 -24 216 -18 -54 348 -3 -29 144 17 -69 348 -18 -59 330 -3 -89 330 -8 -79 270 -8 -54 60 17 -64 216 -13 -79 294 -18 -59 300 -3 -69 324 2 -54 330 -3 -54 54 22 -4 330 -3 -74 60 17 -74 348 12 -89 312 -18 -44 354 -18 -59 294 -8 -89 324 -8 -89 270 -8 -29 354 -13 -24 60 -18 -59 348 -8 -29 132 22 -24 60 -3 -24 348 17 -79 60 -13 -59 354 17 -84 60 17 -79 348 12 -84 186 -13 -44 216 22 1 312 17 -49 186 -18 -29 270 -8 -49 108 22 -24 354 -18 -49 354 17 -84 162 2 -59 324 -13 -84 348 -3 -79 60 -3 -89 186 -13 -79 348 17 -54 186 17 -79 216 -18 -69 294 -3 -89 60 -13 -89 348 -18 -69 324 -18 -74 330 -13 -64 354 -8 -64 60 12 -59 324 -8 -69 60 -3 -69 54 -18 -74 324 17 -39 312 -8 -79 72 -13 -64 270 -18 -19 144 12 -69 330 -8 -34 132 -3 -74 54 -8 -54 108 12 -74 330 -18 -59 354 -8 -74 60 17 -39 294 -13 -54 216 -8 -59 102 17 -39 300 17 -59 186 2 -84 330 -13 -74 354 17 -74 72 2 -79 330 7 -64 330 7 -84 354 2 -89 330 -18 -24 156 7 -69 330 22 -9 324 -3 -84 48 -18 -84 300 -3 -34 348 7 -89 354 2 -84 324 -13 -34 60 -18 -84 312 17 -84 72 -3 -84 54 -18 -79 324 -8 -84 60 17 -44 324 7 -84 330 17 -44 300 17 -74 186 17 -49 330 22 -34 60 7 -74 324 -13 -79 102 -18 -74 354 22 -19 186 -8 -69 186 -13 -89 270 2 -84 162 -13 -84 108 -13 -69 216 12 -84 132 -13 -79 108 -8 -79 348 22 -14 324 -8 -64 108 -18 -34 162 17 -49 294 -8 -89 348 17 -54 330 7 -64 348 -8 -54 354 2 -74 156 2 -59 108 22 -39 54 17 -89 270 22 -19 330 -8 -79 102 -18 -89 354 7 -79 348 -18 -64 216 7 -84 144 -8 -74 48 2 -84 156 -13 -49 60 -3 -64 102 2 -64 108 22 -19 324 7 -64 102 -13 -84 72 2 -89 156 -8 -64 354 2 -69 108 17 -64 330 -18 -74 216 -8 -89 108 7 -69 102 -13 -79 72 -3 -69 102 22 -54 132 -8 -79 54 -8 -84 48 -13 -89 72 -3 -74 102 7 -74 102 2 -69 354 22 -39 156 -8 -69 216 2 -74 354 17 -64 300 22 -54 144 22 -49 354 12 -79 102 12 -84 102 -18 -64 270 -8 -79 354 17 -69 294 2 -74 348 7 -84 102 -3 -69 348 -18 -69 270 17 -69 312 17 -69 300 -3 -59 354 2 -84 102 17 -79 102 -13 -54 54 -3 -74 348 -13 -59 48 7 -89 102 17 -74 312 22 -34 186 17 -74 300 12 -89 108 22 -54 354 -8 -84 216 -18 -49 108 -8 -89 216 -13 -74 60 17 -84 294 -13 -74 186 17 -89 324 -13 -64 48 17 -89 312 22 -34 330 22 -49 156 22 -69 144 -3 -84 354 -3 -79 354 -8 -59 132 -13 -74 54 -18 -49 132 -13 -84 186 22 -54 348 -13 -74 132 -13 -79 48 -3 -79 162 22 -59 60 -13 -84 54 22 -69 354 -3 -89 162 22 -59 156 2 -74 144 22 -84 144 -3 -74 156 -18 -54 132 22 -64 156 22 -44 330 22 -64 72 -18 -64 102 22 -79 48 22 -59 162 -3 -84 156 -13 -69 144 22 -84 48 -18 -69 102 22 -79 54 22 -84 54 22 -49 330 -18 -64 132 -3 -89 132 22 -74 348 22 -89 54 2 -89 132 -18 -79 108 22 -79 156 -23 -69 300 -18 -69 132 -18 -84 102 22 -89 60 22 -84 72 22 -79 108 -18 -59 48 -8 -84 144 22 -89 72 -23 -64 324 22 -84 348 -8 -79 162 -8 -84 162 22 -59 330 -23 -69 324 -8 -89 144 22 -74 186 -23 -84 312 -23 -69 330 22 -89 108 -8 -89 162 -13 -79 156 -23 -89 300 22 -69 216 -23 -74 324 22 -89 102 -13 -84 162 -18 -74 144 -18 -79 186 -18 -84 186 -18 -74 48 -23 -84 348 -23 -69 270 -23 -74 216 -18 -64 60 -23 -84 330 -18 -84 72 -23 -74 270 22 -89 186 22 -79 216 -23 -79 216 -18 -89 72 -18 -84 54 22 -69 270 22 -69 324 -18 -79 156 -18 -84 60 -23 -89 354 -18 -79 60 22 -79 330 22 -79 324 22 -74 312 22 -84 300 27 -79 108 -23 -74 162 -23 -74 186 27 -84 108 -23 -79 162 27 -84 102 -23 -79 156 -23 -89 162 
30 4 0 
31 4 1 0 bottle_1 0.0425532 1 7 -39 144 
32 4 1 0 bottle_1 0.985337 56 22 -54 162 2 -49 108 27 -89 348 27 -74 186 27 -79 354 7 -44 108 22 -44 54 22 -59 312 27 -74 348 27 -69 186 12 -44 132 12 -39 102 22 -44 60 27 -64 60 -8 -44 132 27 -84 330 22 -39 72 12 -44 102 27 -74 324 12 -54 108 22 -49 60 27 -89 312 17 -59 102 27 -74 312 17 -49 108 22 -59 108 17 -59 108 -23 -59 144 22 -44 72 27 -54 186 -8 -39 144 12 -49 108 22 -54 108 27 -49 186 27 -84 294 17 -39 102 27 -64 330 32 -89 102 17 -44 102 32 -79 72 32 -79 60 32 -84 102 7 -59 132 32 -79 132 32 -79 54 27 -59 330 32 -84 54 32 -84 60 32 -84 48 32 -74 156 27 -54 330 22 -39 108 27 -54 312 32 -84 156 22 -44 102 2 -39 144 
33 4 1 0 bottle_1 0.285714 1 -28 -49 162 
34 4 1 0 bottle_1 0.107143 1 32 -89 48 
35 4 1 0 bottle_1 0.782609 12 -13 -59 162 -3 -64 156 -13 -49 186 12 -64 132 17 -64 102 -28 26 54 7 -64 144 -3 -64 162 22 21 300 -13 46 330 -8 46 48 -28 26 60 
36 4 1 0 bottle_1 0.986413 363 -8 46 60 27 26 156 27 21 294 -8 -54 162 -28 -49 186 27 21 162 -28 26 102 32 26 72 -18 46 354 27 26 294 27 26 300 -28 -64 102 -28 -29 216 -18 -69 162 27 31 324 27 21 330 -28 26 162 32 31 60 -28 -84 102 27 31 216 -28 1 132 32 26 60 -13 46 108 -28 11 162 -28 11 294 27 31 300 32 31 162 32 31 54 -28 6 300 27 26 324 -28 6 324 27 26 48 -23 -4 102 -23 11 54 32 26 132 -23 6 72 -28 -24 270 -28 -4 156 -28 6 354 -28 -19 270 -28 -4 162 -28 -4 294 -28 1 330 -13 46 102 27 21 354 -28 16 294 -18 11 54 -28 -4 300 32 26 108 -28 -4 312 -23 -39 60 -23 -4 72 -28 1 144 27 -19 132 -28 -49 216 27 21 72 32 -64 72 -23 -39 72 -28 -4 132 32 21 102 -3 -34 162 -28 1 348 -28 16 162 -28 -39 270 27 31 348 27 -29 102 -23 -9 54 27 16 312 22 -9 162 -28 -4 354 -28 -4 348 27 21 186 22 -9 312 -28 -4 330 27 16 144 27 -29 108 -28 -9 324 27 -4 330 -28 -14 348 -28 -14 162 -28 -64 132 27 16 132 -28 -29 48 32 -64 102 27 -14 132 22 -24 300 22 -24 294 -28 -44 324 27 1 354 -23 -24 60 -28 -19 354 32 -54 60 27 -19 144 -28 -9 132 22 -44 294 22 -39 294 27 21 48 -23 -4 54 22 -59 300 -23 -29 54 27 21 54 -23 -44 102 -28 21 108 -28 -39 312 27 -9 162 -28 -54 72 27 -59 132 -28 -44 72 32 -64 108 22 16 270 32 -74 330 -28 -44 132 32 -29 72 27 16 48 -28 -59 102 27 -14 330 27 -4 48 -28 -24 330 22 -49 294 27 -4 324 27 -64 300 27 -9 324 27 -19 324 32 -4 186 -28 -9 348 -28 -34 330 27 -4 60 32 -34 72 32 -9 354 27 -19 270 27 -64 270 -23 -29 60 -28 -44 48 -28 -19 156 27 -24 300 27 16 54 -28 -69 102 32 -59 186 -28 -34 48 -28 -59 48 -28 -39 354 -28 -39 324 27 11 48 -23 -49 54 27 -64 144 27 -64 162 -23 -39 102 -28 -9 186 27 -19 162 22 -54 294 27 -4 108 27 -14 54 32 -54 102 27 16 162 -28 -49 72 -23 -44 60 27 -64 156 27 -24 108 32 -19 312 32 -49 354 -28 46 72 32 -14 312 32 -9 156 32 -24 48 27 -44 144 32 -19 354 32 -64 144 27 -49 144 32 -69 60 32 -34 132 32 16 108 -28 46 48 32 -29 132 32 -19 132 27 -14 270 32 -9 48 -28 -59 132 27 -24 330 32 -9 270 27 -29 324 32 -14 60 27 -34 270 27 -39 270 27 -49 270 -28 -4 270 32 41 60 -28 -34 108 27 -9 102 27 16 156 32 -44 144 27 -39 132 27 -14 102 32 -29 312 -28 46 60 27 -49 294 27 -19 72 32 -14 102 27 -19 312 27 -39 294 -28 -59 60 27 -59 294 27 -14 72 32 -24 102 27 -24 186 27 -49 132 32 -44 354 32 -29 330 22 -29 312 27 -44 156 32 -59 354 27 -9 54 32 -39 270 32 -19 108 27 6 60 -23 -49 102 -28 -59 144 -28 -9 270 32 -14 270 22 11 300 27 16 60 22 -44 312 32 -34 312 -28 -29 132 27 16 324 22 -49 270 32 -4 54 27 -19 108 32 -4 156 32 -4 72 32 -29 54 27 -34 354 27 -59 156 27 -54 216 32 -74 348 32 -29 144 27 1 72 32 -69 216 27 -4 300 27 -44 348 32 -24 72 32 -79 324 27 11 294 27 6 132 27 -44 300 27 -24 72 27 11 348 32 -59 144 32 -49 108 32 -64 60 27 -29 330 32 -9 108 32 -4 108 32 -4 102 27 -44 324 32 -19 156 -23 -14 60 27 -39 330 32 -29 108 32 -4 60 32 -44 48 27 -9 60 32 16 102 32 -9 54 32 -34 348 27 11 156 32 6 132 32 41 144 32 41 132 32 6 348 27 -4 294 27 -29 72 32 11 354 32 1 102 27 -4 270 27 -14 156 27 -69 294 32 6 54 27 -4 156 32 11 48 27 -34 72 22 -4 294 22 -14 294 27 -34 330 32 41 108 32 -74 354 32 1 72 32 -29 48 32 11 72 32 -69 144 27 -14 294 32 -74 186 7 -69 132 32 -49 72 32 1 156 27 1 300 27 -14 162 2 -69 132 32 -39 72 27 16 294 32 -69 72 27 1 312 27 11 330 27 -9 132 -28 31 102 27 41 270 -28 31 108 27 6 108 27 6 156 -28 -49 102 22 6 156 32 6 48 27 6 162 32 -74 162 27 6 186 32 6 72 32 -44 60 27 -49 324 17 -69 108 32 1 132 27 1 144 22 6 294 -28 -69 54 27 6 330 27 -4 144 32 36 162 27 6 270 -28 36 72 32 36 54 27 -29 60 -28 36 60 27 46 294 -13 -34 162 -28 -79 72 -18 -69 186 -28 41 54 -28 41 60 27 51 108 -28 41 72 27 -29 54 -13 -44 186 -28 -79 54 -18 -44 186 27 51 162 -28 -79 108 27 36 300 27 36 330 27 46 108 27 36 354 27 46 348 -28 -89 60 -28 41 108 -18 51 216 -18 51 300 -13 51 186 -8 51 162 -8 51 108 -13 51 270 -13 51 324 7 51 60 -8 41 60 -8 41 54 -8 41 72 2 51 72 
37 4 1 0 bottle_1 0.988399 71 -23 6 108 -23 -14 108 -28 -44 294 -23 -24 108 -23 -39 108 -28 21 324 -28 -9 216 -28 -44 300 -23 -59 72 -28 -39 300 -28 -54 300 -28 -59 348 -28 -34 300 -23 -49 108 -28 -24 300 -28 21 300 -28 21 186 -23 11 60 -28 41 348 -28 -64 354 -23 -9 144 -28 36 144 -23 -19 144 -23 -24 144 -23 -34 216 -28 -69 132 -23 16 54 -28 -64 348 -28 -69 144 -23 -29 144 -28 31 186 -23 -14 132 -28 41 312 -23 -29 48 -23 -19 48 -23 -24 132 -28 46 312 -28 -49 270 -28 46 186 -23 -4 48 -28 41 300 -28 -84 162 -23 -39 48 -28 46 216 -23 -59 54 -23 -49 132 -28 -34 186 -23 -54 48 -28 41 294 -23 46 132 -23 -29 186 -23 46 216 -8 51 348 -23 51 270 -23 51 312 12 56 270 -28 -69 186 32 -44 270 -28 -64 186 2 51 60 17 56 144 17 56 102 22 -64 102 22 -64 108 17 56 354 17 56 348 17 56 330 27 -39 108 27 -49 108 17 56 300 27 -59 102 
38 4 1 0 bottle_1 1 5 22 56 162 -18 -64 156 22 51 54 22 51 48 22 51 348 
39 4 0 
40 4 1 0 bottle_1 1 6 17 -64 60 12 -34 72 2 -64 102 17 -59 354 17 -59 348 -13 -59 132 
41 4 1 0 bottle_1 1 5 -23 -59 156 -18 -29 144 -18 -34 144 -18 -44 132 17 -49 48 
42 4 1 0 bottle_1 1 21 -18 -64 144 -18 -69 144 17 -64 348 -18 -4 216 -13 -49 72 -13 -39 132 -3 -39 102 -13 -4 348 12 -4 294 12 -9 156 -13 -44 132 -13 1 348 -13 -49 270 12 -4 156 -8 -14 330 2 1 312 -8 -9 330 -13 -14 354 -3 1 330 12 21 216 17 -69 60 
43 4 1 0 bottle_1 1 5 -3 -69 108 -13 -59 270 -13 -54 270 17 -44 60 22 -49 48 
44 4 0 
45 4 1 0 bottle_1 0.204545 3 -3 -44 144 -8 -59 54 -8 -54 54 
46 4 1 0 bottle_1 0.94382 14 22 26 348 -18 1 102 -23 -34 162 -18 6 102 22 21 348 -13 -54 72 -23 -49 294 -3 -54 144 -13 -59 72 -23 -64 162 -28 -59 162 -13 -59 60 -8 -64 48 -8 -64 54 
47 4 1 0 bottle_1 0.285714 1 -23 -44 186 
48 4 1 0 bottle_1 0.146341 1 2 66 300 
49 4 1 0 bottle_1 0.959648 218 -13 56 102 -13 56 108 -8 56 72 -8 56 54 -18 56 300 -18 56 144 2 81 60 -18 56 330 -3 81 60 17 56 72 -18 56 162 -3 81 294 -13 56 72 2 61 300 2 61 324 -3 81 312 -3 61 324 17 56 54 -8 61 186 -3 81 324 -13 61 300 2 81 72 2 81 54 2 81 300 2 81 324 2 61 156 -23 51 60 -3 61 330 2 86 348 -23 51 108 7 81 72 2 61 330 7 61 54 -3 81 216 -23 56 216 7 61 270 -3 81 108 12 61 132 2 61 54 -3 86 162 2 81 186 7 61 300 7 61 348 2 86 72 -18 56 60 2 86 144 2 61 72 12 61 324 -13 61 312 7 61 354 7 61 330 7 61 72 2 61 132 7 81 54 -23 56 330 -8 81 156 7 81 132 -8 81 270 -23 56 144 -13 61 144 -3 61 54 -3 61 354 -23 56 354 12 61 294 -3 86 108 7 81 294 -18 56 72 -3 86 60 2 86 270 -23 51 102 12 61 72 -28 51 330 -13 61 102 -8 86 186 7 61 60 2 86 48 -8 81 48 -28 51 348 12 61 300 22 56 300 -3 86 102 -13 61 108 7 81 162 7 86 108 -8 61 294 12 61 354 12 61 330 2 76 48 -23 61 270 2 61 48 -8 81 54 12 61 312 -8 61 72 -8 61 60 12 61 108 -13 61 132 12 81 108 -8 81 330 7 61 102 7 81 324 -3 61 48 12 61 60 -13 81 294 22 56 270 -23 56 102 -28 56 216 -8 81 162 7 86 300 2 66 162 -13 81 216 -8 86 132 -28 56 294 22 61 132 22 56 216 12 81 60 27 51 312 -13 61 54 -8 81 102 -8 86 60 -28 51 108 22 61 144 -8 66 300 -3 66 186 -18 61 354 17 61 54 17 61 186 -13 61 72 -23 56 60 -28 51 60 -28 51 54 27 56 108 17 61 102 -8 86 48 -8 81 354 12 86 348 -28 51 72 12 81 144 -13 81 186 -18 61 162 27 51 186 2 76 60 -13 86 300 12 81 294 27 56 156 27 56 162 -28 56 348 -23 61 216 32 51 108 -23 61 300 -18 76 294 17 81 330 -13 86 294 12 86 162 27 51 270 -13 81 48 12 86 102 12 81 324 17 81 108 12 76 54 32 51 102 17 76 330 -13 81 330 -13 81 108 -13 86 324 -8 66 162 -8 76 54 -13 66 300 27 51 348 27 56 60 -13 81 132 22 61 72 -23 61 156 17 81 132 -23 61 330 -13 86 330 -13 81 144 -3 91 186 -18 76 348 27 56 312 -13 81 72 -3 91 312 -18 61 48 27 61 132 12 86 270 17 81 72 32 51 60 7 66 270 17 76 354 -3 66 144 -3 91 330 -13 81 354 -3 91 324 2 91 186 -18 76 216 -23 61 162 27 56 294 22 61 312 -13 81 102 -18 61 72 -13 86 72 2 91 156 -3 91 216 -13 86 354 17 86 108 32 51 132 -3 91 270 -18 81 300 27 56 330 12 66 216 -13 66 144 27 56 48 12 66 156 7 91 348 -13 86 54 2 91 300 -23 61 102 22 61 48 -13 86 102 
50 4 1 0 bottle_1 0.965986 142 -13 66 186 -18 86 270 22 61 348 -3 91 72 -8 91 324 -28 56 48 -8 91 300 -8 91 348 2 91 72 7 91 144 -13 66 162 27 56 216 -3 66 294 7 91 330 -28 61 348 27 56 348 17 86 60 12 66 324 -23 61 108 17 66 132 17 81 156 17 66 156 -23 61 54 32 56 132 -23 61 48 7 91 354 -18 76 270 -18 86 312 -28 61 144 -13 76 60 17 86 48 17 81 102 17 81 48 -3 66 102 17 86 294 7 76 108 17 86 102 17 76 48 -18 86 330 -18 81 312 -18 81 48 -18 81 330 17 86 186 12 66 348 -18 81 132 -18 81 156 27 66 144 12 76 294 -18 81 54 -8 76 72 17 76 162 2 76 72 -3 66 312 -18 86 144 -18 81 144 -18 81 354 22 81 330 -18 86 132 -18 76 108 -18 76 72 -18 66 216 -8 66 72 -8 66 294 -23 66 270 -18 76 132 12 76 102 17 76 186 -8 76 348 -18 81 60 -18 76 354 7 76 132 -18 76 330 -3 66 108 7 76 102 -23 66 186 12 76 144 -13 66 324 -13 76 330 -13 66 156 -3 76 348 2 66 72 7 76 156 -18 71 48 17 66 330 12 66 354 7 76 348 -18 71 132 17 71 324 -18 66 348 17 66 354 -13 71 216 -18 71 270 22 71 132 17 71 294 -8 66 348 -18 71 330 -8 66 60 7 66 60 17 71 354 -13 71 102 -13 71 108 17 71 348 17 71 270 12 71 312 -13 71 156 17 71 330 12 71 300 17 71 156 -13 71 60 2 66 60 17 71 144 -8 71 348 12 71 54 12 71 186 12 71 60 12 71 354 -8 71 60 7 71 312 -8 71 54 -8 71 72 7 71 48 -8 71 270 -8 71 324 12 71 108 7 71 54 12 71 144 -3 71 60 -3 71 348 -8 71 354 -3 71 48 7 71 186 12 71 132 2 71 156 -3 71 54 -3 71 162 7 71 348 -3 71 144 2 71 324 -3 71 102 7 71 102 2 71 162 2 71 144 
51 4 1 0 bottle_1 1 2 -23 51 54 -23 51 354 
52 4 1 0 bottle_1 0.959016 39 27 51 60 7 56 186 -18 51 54 12 56 330 12 56 144 12 56 102 7 56 162 12 56 72 -18 51 72 -3 76 54 -13 56 300 -3 76 48 -18 56 186 -3 76 60 -8 56 102 7 56 108 -3 56 108 -3 56 102 -8 56 162 -8 56 156 -13 76 186 7 56 102 -8 56 312 -13 56 354 -13 56 186 2 56 108 2 76 132 2 56 144 -3 56 144 2 76 102 -13 76 216 2 56 132 2 76 108 -3 76 270 -8 76 216 -3 76 132 -8 76 132 -3 76 312 -8 76 324 
53 4 1 0 bottle_1 0.444444 10 -3 56 54 -8 51 54 7 56 60 2 56 72 -3 56 162 -8 61 216 2 56 48 -3 56 60 -3 56 312 2 56 300 
54 4 1 0 bottle_1 0.0697674 1 -8 86 270 
55 4 1 0 bottle_1 0.1 5 32 1 270 -28 16 102 -28 11 108 -28 -14 48 -28 -9 48 
56 4 1 0 bottle_1 0.782609 3 -28 6 102 -28 1 108 -28 1 102 
57 4 1 0 bottle_1 1 24 -28 -9 108 -28 -9 102 -28 1 54 -28 -4 54 -28 -24 72 -28 1 48 -28 -9 72 -28 -14 144 -28 -29 72 -28 -24 102 -28 -19 54 -28 6 54 -28 -19 72 -28 -9 60 -28 1 60 -28 -4 72 -28 -44 102 -28 -34 72 -28 -4 60 -28 -34 102 -28 11 72 -28 -14 60 -28 16 60 -28 11 60 
58 4 1 0 bottle_1 0.960938 41 -28 -34 54 -28 -39 60 -28 -29 60 -28 -34 60 -28 -49 60 -28 46 102 32 6 300 32 16 216 32 21 300 32 11 312 32 16 48 32 21 216 32 46 48 32 46 54 32 6 312 32 26 216 32 46 60 32 16 72 32 16 162 32 21 312 32 31 270 32 41 300 32 46 72 32 21 324 32 46 108 32 46 162 32 31 216 32 21 72 32 36 216 32 11 348 32 31 300 32 21 330 32 16 354 32 46 144 32 16 348 32 21 354 32 41 186 32 21 348 32 41 354 32 26 186 32 36 186 
59 4 1 0 bottle_1 1 3 -3 51 54 -3 51 60 -3 51 48 
60 4 1 0 bottle_1 0.00605449 1 32 51 354 
