10 42 4
0 0 -1 10 2 32 -1 -1 -1 -1 -1 2 158 
1 1 0 0 0 0 0 0 0 0 0 0 0 
2 1 -1 292 2 32 -1 -1 -1 -1 -1 1 601 
3 2 0 0 0 0 0 0 0 0 0 0 0 
4 2 0 0 0 0 0 0 0 0 0 0 0 
5 2 -1 336 2 10 -1 -1 -1 -1 -1 2 11800 
6 2 -1 179 2 17 -1 -1 -1 -1 -1 3 763 
7 3 0 0 0 0 0 0 0 0 0 0 0 
8 3 0 0 0 0 0 0 0 0 0 0 0 
9 3 0 0 0 0 0 0 0 0 0 0 0 
10 3 0 0 0 0 0 0 0 0 0 0 0 
11 3 -1 158 4 18 -1 -1 -1 -1 -1 0 6273 
12 3 -1 46 4 19 -1 -1 -1 -1 -1 1 10417 
13 3 35 0 0 0 0 0 0 0 0 0 0 
14 3 -1 148 2 18 -1 -1 -1 -1 -1 0 4110 
15 4 0 0 0 0 0 0 0 0 0 0 0 
16 4 0 0 0 0 0 0 0 0 0 0 0 
17 4 0 0 0 0 0 0 0 0 0 0 0 
18 4 0 0 0 0 0 0 0 0 0 0 0 
19 4 0 0 0 0 0 0 0 0 0 0 0 
20 4 0 0 0 0 0 0 0 0 0 0 0 
21 4 0 0 0 0 0 0 0 0 0 0 0 
22 4 0 0 0 0 0 0 0 0 0 0 0 
23 4 1 0 0 0 0 0 0 0 0 0 0 
24 4 -1 58 2 20 -1 -1 -1 -1 -1 3 6 
25 4 -1 36 3 25 -1 -1 -1 -1 -1 2 -76 
26 4 34 0 0 0 0 0 0 0 0 0 0 
27 4 0 0 0 0 0 0 0 0 0 0 0 
28 4 0 0 0 0 0 0 0 0 0 0 0 
29 4 36 0 0 0 0 0 0 0 0 0 0 
30 4 -1 6 4 22 -1 -1 -1 -1 -1 3 315 
31 5 0 0 0 0 0 0 0 0 0 0 0 
32 5 0 0 0 0 0 0 0 0 0 0 0 
33 5 0 0 0 0 0 0 0 0 0 0 0 
34 5 0 0 0 0 0 0 0 0 0 0 0 
35 5 0 0 0 0 0 0 0 0 0 0 0 
36 5 0 0 0 0 0 0 0 0 0 0 0 
37 5 0 0 0 0 0 0 0 0 0 0 0 
38 5 0 0 0 0 0 0 0 0 0 0 0 
39 5 0 0 0 0 0 0 0 0 0 0 0 
40 5 0 0 0 0 0 0 0 0 0 0 0 
41 5 0 0 0 0 0 0 0 0 0 0 0 
42 5 0 0 0 0 0 0 0 0 0 0 0 
43 5 0 0 0 0 0 0 0 0 0 0 0 
44 5 0 0 0 0 0 0 0 0 0 0 0 
45 5 0 0 0 0 0 0 0 0 0 0 0 
46 5 0 0 0 0 0 0 0 0 0 0 0 
47 5 0 0 0 0 0 0 0 0 0 0 0 
48 5 0 0 0 0 0 0 0 0 0 0 0 
49 5 -1 308 3 11 -1 -1 -1 -1 -1 0 1 
50 5 -1 15 1 22 -1 -1 -1 -1 -1 2 9 
51 5 17 0 0 0 0 0 0 0 0 0 0 
52 5 -1 154 4 37 -1 -1 -1 -1 -1 3 1515 
53 5 0 0 0 0 0 0 0 0 0 0 0 
54 5 0 0 0 0 0 0 0 0 0 0 0 
55 5 0 0 0 0 0 0 0 0 0 0 0 
56 5 0 0 0 0 0 0 0 0 0 0 0 
57 5 0 0 0 0 0 0 0 0 0 0 0 
58 5 0 0 0 0 0 0 0 0 0 0 0 
59 5 0 0 0 0 0 0 0 0 0 0 0 
60 5 0 0 0 0 0 0 0 0 0 0 0 
61 5 -1 312 2 30 -1 -1 -1 -1 -1 3 220 
62 5 41 0 0 0 0 0 0 0 0 0 0 
63 6 0 0 0 0 0 0 0 0 0 0 0 
64 6 0 0 0 0 0 0 0 0 0 0 0 
65 6 0 0 0 0 0 0 0 0 0 0 0 
66 6 0 0 0 0 0 0 0 0 0 0 0 
67 6 0 0 0 0 0 0 0 0 0 0 0 
68 6 0 0 0 0 0 0 0 0 0 0 0 
69 6 0 0 0 0 0 0 0 0 0 0 0 
70 6 0 0 0 0 0 0 0 0 0 0 0 
71 6 0 0 0 0 0 0 0 0 0 0 0 
72 6 0 0 0 0 0 0 0 0 0 0 0 
73 6 0 0 0 0 0 0 0 0 0 0 0 
74 6 0 0 0 0 0 0 0 0 0 0 0 
75 6 0 0 0 0 0 0 0 0 0 0 0 
76 6 0 0 0 0 0 0 0 0 0 0 0 
77 6 0 0 0 0 0 0 0 0 0 0 0 
78 6 0 0 0 0 0 0 0 0 0 0 0 
79 6 0 0 0 0 0 0 0 0 0 0 0 
80 6 0 0 0 0 0 0 0 0 0 0 0 
81 6 0 0 0 0 0 0 0 0 0 0 0 
82 6 0 0 0 0 0 0 0 0 0 0 0 
83 6 0 0 0 0 0 0 0 0 0 0 0 
84 6 0 0 0 0 0 0 0 0 0 0 0 
85 6 0 0 0 0 0 0 0 0 0 0 0 
86 6 0 0 0 0 0 0 0 0 0 0 0 
87 6 0 0 0 0 0 0 0 0 0 0 0 
88 6 0 0 0 0 0 0 0 0 0 0 0 
89 6 0 0 0 0 0 0 0 0 0 0 0 
90 6 0 0 0 0 0 0 0 0 0 0 0 
91 6 0 0 0 0 0 0 0 0 0 0 0 
92 6 0 0 0 0 0 0 0 0 0 0 0 
93 6 0 0 0 0 0 0 0 0 0 0 0 
94 6 0 0 0 0 0 0 0 0 0 0 0 
95 6 0 0 0 0 0 0 0 0 0 0 0 
96 6 0 0 0 0 0 0 0 0 0 0 0 
97 6 0 0 0 0 0 0 0 0 0 0 0 
98 6 0 0 0 0 0 0 0 0 0 0 0 
99 6 2 0 0 0 0 0 0 0 0 0 0 
100 6 -1 237 2 16 -1 -1 -1 -1 -1 0 2697 
101 6 6 0 0 0 0 0 0 0 0 0 0 
102 6 -1 162 2 28 -1 -1 -1 -1 -1 1 628 
103 6 0 0 0 0 0 0 0 0 0 0 0 
104 6 0 0 0 0 0 0 0 0 0 0 0 
105 6 -1 265 4 36 -1 -1 -1 -1 -1 0 4164 
106 6 33 0 0 0 0 0 0 0 0 0 0 
107 6 0 0 0 0 0 0 0 0 0 0 0 
108 6 0 0 0 0 0 0 0 0 0 0 0 
109 6 0 0 0 0 0 0 0 0 0 0 0 
110 6 0 0 0 0 0 0 0 0 0 0 0 
111 6 0 0 0 0 0 0 0 0 0 0 0 
112 6 0 0 0 0 0 0 0 0 0 0 0 
113 6 0 0 0 0 0 0 0 0 0 0 0 
114 6 0 0 0 0 0 0 0 0 0 0 0 
115 6 0 0 0 0 0 0 0 0 0 0 0 
116 6 0 0 0 0 0 0 0 0 0 0 0 
117 6 0 0 0 0 0 0 0 0 0 0 0 
118 6 0 0 0 0 0 0 0 0 0 0 0 
119 6 0 0 0 0 0 0 0 0 0 0 0 
120 6 0 0 0 0 0 0 0 0 0 0 0 
121 6 0 0 0 0 0 0 0 0 0 0 0 
122 6 0 0 0 0 0 0 0 0 0 0 0 
123 6 37 0 0 0 0 0 0 0 0 0 0 
124 6 -1 226 4 31 -1 -1 -1 -1 -1 1 1675 
125 6 0 0 0 0 0 0 0 0 0 0 0 
126 6 0 0 0 0 0 0 0 0 0 0 0 
127 7 0 0 0 0 0 0 0 0 0 0 0 
128 7 0 0 0 0 0 0 0 0 0 0 0 
129 7 0 0 0 0 0 0 0 0 0 0 0 
130 7 0 0 0 0 0 0 0 0 0 0 0 
131 7 0 0 0 0 0 0 0 0 0 0 0 
132 7 0 0 0 0 0 0 0 0 0 0 0 
133 7 0 0 0 0 0 0 0 0 0 0 0 
134 7 0 0 0 0 0 0 0 0 0 0 0 
135 7 0 0 0 0 0 0 0 0 0 0 0 
136 7 0 0 0 0 0 0 0 0 0 0 0 
137 7 0 0 0 0 0 0 0 0 0 0 0 
138 7 0 0 0 0 0 0 0 0 0 0 0 
139 7 0 0 0 0 0 0 0 0 0 0 0 
140 7 0 0 0 0 0 0 0 0 0 0 0 
141 7 0 0 0 0 0 0 0 0 0 0 0 
142 7 0 0 0 0 0 0 0 0 0 0 0 
143 7 0 0 0 0 0 0 0 0 0 0 0 
144 7 0 0 0 0 0 0 0 0 0 0 0 
145 7 0 0 0 0 0 0 0 0 0 0 0 
146 7 0 0 0 0 0 0 0 0 0 0 0 
147 7 0 0 0 0 0 0 0 0 0 0 0 
148 7 0 0 0 0 0 0 0 0 0 0 0 
149 7 0 0 0 0 0 0 0 0 0 0 0 
150 7 0 0 0 0 0 0 0 0 0 0 0 
151 7 0 0 0 0 0 0 0 0 0 0 0 
152 7 0 0 0 0 0 0 0 0 0 0 0 
153 7 0 0 0 0 0 0 0 0 0 0 0 
154 7 0 0 0 0 0 0 0 0 0 0 0 
155 7 0 0 0 0 0 0 0 0 0 0 0 
156 7 0 0 0 0 0 0 0 0 0 0 0 
157 7 0 0 0 0 0 0 0 0 0 0 0 
158 7 0 0 0 0 0 0 0 0 0 0 0 
159 7 0 0 0 0 0 0 0 0 0 0 0 
160 7 0 0 0 0 0 0 0 0 0 0 0 
161 7 0 0 0 0 0 0 0 0 0 0 0 
162 7 0 0 0 0 0 0 0 0 0 0 0 
163 7 0 0 0 0 0 0 0 0 0 0 0 
164 7 0 0 0 0 0 0 0 0 0 0 0 
165 7 0 0 0 0 0 0 0 0 0 0 0 
166 7 0 0 0 0 0 0 0 0 0 0 0 
167 7 0 0 0 0 0 0 0 0 0 0 0 
168 7 0 0 0 0 0 0 0 0 0 0 0 
169 7 0 0 0 0 0 0 0 0 0 0 0 
170 7 0 0 0 0 0 0 0 0 0 0 0 
171 7 0 0 0 0 0 0 0 0 0 0 0 
172 7 0 0 0 0 0 0 0 0 0 0 0 
173 7 0 0 0 0 0 0 0 0 0 0 0 
174 7 0 0 0 0 0 0 0 0 0 0 0 
175 7 0 0 0 0 0 0 0 0 0 0 0 
176 7 0 0 0 0 0 0 0 0 0 0 0 
177 7 0 0 0 0 0 0 0 0 0 0 0 
178 7 0 0 0 0 0 0 0 0 0 0 0 
179 7 0 0 0 0 0 0 0 0 0 0 0 
180 7 0 0 0 0 0 0 0 0 0 0 0 
181 7 0 0 0 0 0 0 0 0 0 0 0 
182 7 0 0 0 0 0 0 0 0 0 0 0 
183 7 0 0 0 0 0 0 0 0 0 0 0 
184 7 0 0 0 0 0 0 0 0 0 0 0 
185 7 0 0 0 0 0 0 0 0 0 0 0 
186 7 0 0 0 0 0 0 0 0 0 0 0 
187 7 0 0 0 0 0 0 0 0 0 0 0 
188 7 0 0 0 0 0 0 0 0 0 0 0 
189 7 0 0 0 0 0 0 0 0 0 0 0 
190 7 0 0 0 0 0 0 0 0 0 0 0 
191 7 0 0 0 0 0 0 0 0 0 0 0 
192 7 0 0 0 0 0 0 0 0 0 0 0 
193 7 0 0 0 0 0 0 0 0 0 0 0 
194 7 0 0 0 0 0 0 0 0 0 0 0 
195 7 0 0 0 0 0 0 0 0 0 0 0 
196 7 0 0 0 0 0 0 0 0 0 0 0 
197 7 0 0 0 0 0 0 0 0 0 0 0 
198 7 0 0 0 0 0 0 0 0 0 0 0 
199 7 0 0 0 0 0 0 0 0 0 0 0 
200 7 0 0 0 0 0 0 0 0 0 0 0 
201 7 -1 152 3 36 -1 -1 -1 -1 -1 2 43 
202 7 5 0 0 0 0 0 0 0 0 0 0 
203 7 0 0 0 0 0 0 0 0 0 0 0 
204 7 0 0 0 0 0 0 0 0 0 0 0 
205 7 -1 134 3 29 -1 -1 -1 -1 -1 3 -21 
206 7 -1 1 2 21 -1 -1 -1 -1 -1 2 1783 
207 7 0 0 0 0 0 0 0 0 0 0 0 
208 7 0 0 0 0 0 0 0 0 0 0 0 
209 7 0 0 0 0 0 0 0 0 0 0 0 
210 7 0 0 0 0 0 0 0 0 0 0 0 
211 7 -1 45 2 35 -1 -1 -1 -1 -1 0 354 
212 7 -1 290 1 23 -1 -1 -1 -1 -1 0 44 
213 7 0 0 0 0 0 0 0 0 0 0 0 
214 7 0 0 0 0 0 0 0 0 0 0 0 
215 7 0 0 0 0 0 0 0 0 0 0 0 
216 7 0 0 0 0 0 0 0 0 0 0 0 
217 7 0 0 0 0 0 0 0 0 0 0 0 
218 7 0 0 0 0 0 0 0 0 0 0 0 
219 7 0 0 0 0 0 0 0 0 0 0 0 
220 7 0 0 0 0 0 0 0 0 0 0 0 
221 7 0 0 0 0 0 0 0 0 0 0 0 
222 7 0 0 0 0 0 0 0 0 0 0 0 
223 7 0 0 0 0 0 0 0 0 0 0 0 
224 7 0 0 0 0 0 0 0 0 0 0 0 
225 7 0 0 0 0 0 0 0 0 0 0 0 
226 7 0 0 0 0 0 0 0 0 0 0 0 
227 7 0 0 0 0 0 0 0 0 0 0 0 
228 7 0 0 0 0 0 0 0 0 0 0 0 
229 7 0 0 0 0 0 0 0 0 0 0 0 
230 7 0 0 0 0 0 0 0 0 0 0 0 
231 7 0 0 0 0 0 0 0 0 0 0 0 
232 7 0 0 0 0 0 0 0 0 0 0 0 
233 7 0 0 0 0 0 0 0 0 0 0 0 
234 7 0 0 0 0 0 0 0 0 0 0 0 
235 7 0 0 0 0 0 0 0 0 0 0 0 
236 7 0 0 0 0 0 0 0 0 0 0 0 
237 7 0 0 0 0 0 0 0 0 0 0 0 
238 7 0 0 0 0 0 0 0 0 0 0 0 
239 7 0 0 0 0 0 0 0 0 0 0 0 
240 7 0 0 0 0 0 0 0 0 0 0 0 
241 7 0 0 0 0 0 0 0 0 0 0 0 
242 7 0 0 0 0 0 0 0 0 0 0 0 
243 7 0 0 0 0 0 0 0 0 0 0 0 
244 7 0 0 0 0 0 0 0 0 0 0 0 
245 7 0 0 0 0 0 0 0 0 0 0 0 
246 7 0 0 0 0 0 0 0 0 0 0 0 
247 7 0 0 0 0 0 0 0 0 0 0 0 
248 7 0 0 0 0 0 0 0 0 0 0 0 
249 7 38 0 0 0 0 0 0 0 0 0 0 
250 7 -1 130 3 10 -1 -1 -1 -1 -1 3 -30 
251 7 0 0 0 0 0 0 0 0 0 0 0 
252 7 0 0 0 0 0 0 0 0 0 0 0 
253 7 0 0 0 0 0 0 0 0 0 0 0 
254 7 0 0 0 0 0 0 0 0 0 0 0 
255 8 0 0 0 0 0 0 0 0 0 0 0 
256 8 0 0 0 0 0 0 0 0 0 0 0 
257 8 0 0 0 0 0 0 0 0 0 0 0 
258 8 0 0 0 0 0 0 0 0 0 0 0 
259 8 0 0 0 0 0 0 0 0 0 0 0 
260 8 0 0 0 0 0 0 0 0 0 0 0 
261 8 0 0 0 0 0 0 0 0 0 0 0 
262 8 0 0 0 0 0 0 0 0 0 0 0 
263 8 0 0 0 0 0 0 0 0 0 0 0 
264 8 0 0 0 0 0 0 0 0 0 0 0 
265 8 0 0 0 0 0 0 0 0 0 0 0 
266 8 0 0 0 0 0 0 0 0 0 0 0 
267 8 0 0 0 0 0 0 0 0 0 0 0 
268 8 0 0 0 0 0 0 0 0 0 0 0 
269 8 0 0 0 0 0 0 0 0 0 0 0 
270 8 0 0 0 0 0 0 0 0 0 0 0 
271 8 0 0 0 0 0 0 0 0 0 0 0 
272 8 0 0 0 0 0 0 0 0 0 0 0 
273 8 0 0 0 0 0 0 0 0 0 0 0 
274 8 0 0 0 0 0 0 0 0 0 0 0 
275 8 0 0 0 0 0 0 0 0 0 0 0 
276 8 0 0 0 0 0 0 0 0 0 0 0 
277 8 0 0 0 0 0 0 0 0 0 0 0 
278 8 0 0 0 0 0 0 0 0 0 0 0 
279 8 0 0 0 0 0 0 0 0 0 0 0 
280 8 0 0 0 0 0 0 0 0 0 0 0 
281 8 0 0 0 0 0 0 0 0 0 0 0 
282 8 0 0 0 0 0 0 0 0 0 0 0 
283 8 0 0 0 0 0 0 0 0 0 0 0 
284 8 0 0 0 0 0 0 0 0 0 0 0 
285 8 0 0 0 0 0 0 0 0 0 0 0 
286 8 0 0 0 0 0 0 0 0 0 0 0 
287 8 0 0 0 0 0 0 0 0 0 0 0 
288 8 0 0 0 0 0 0 0 0 0 0 0 
289 8 0 0 0 0 0 0 0 0 0 0 0 
290 8 0 0 0 0 0 0 0 0 0 0 0 
291 8 0 0 0 0 0 0 0 0 0 0 0 
292 8 0 0 0 0 0 0 0 0 0 0 0 
293 8 0 0 0 0 0 0 0 0 0 0 0 
294 8 0 0 0 0 0 0 0 0 0 0 0 
295 8 0 0 0 0 0 0 0 0 0 0 0 
296 8 0 0 0 0 0 0 0 0 0 0 0 
297 8 0 0 0 0 0 0 0 0 0 0 0 
298 8 0 0 0 0 0 0 0 0 0 0 0 
299 8 0 0 0 0 0 0 0 0 0 0 0 
300 8 0 0 0 0 0 0 0 0 0 0 0 
301 8 0 0 0 0 0 0 0 0 0 0 0 
302 8 0 0 0 0 0 0 0 0 0 0 0 
303 8 0 0 0 0 0 0 0 0 0 0 0 
304 8 0 0 0 0 0 0 0 0 0 0 0 
305 8 0 0 0 0 0 0 0 0 0 0 0 
306 8 0 0 0 0 0 0 0 0 0 0 0 
307 8 0 0 0 0 0 0 0 0 0 0 0 
308 8 0 0 0 0 0 0 0 0 0 0 0 
309 8 0 0 0 0 0 0 0 0 0 0 0 
310 8 0 0 0 0 0 0 0 0 0 0 0 
311 8 0 0 0 0 0 0 0 0 0 0 0 
312 8 0 0 0 0 0 0 0 0 0 0 0 
313 8 0 0 0 0 0 0 0 0 0 0 0 
314 8 0 0 0 0 0 0 0 0 0 0 0 
315 8 0 0 0 0 0 0 0 0 0 0 0 
316 8 0 0 0 0 0 0 0 0 0 0 0 
317 8 0 0 0 0 0 0 0 0 0 0 0 
318 8 0 0 0 0 0 0 0 0 0 0 0 
319 8 0 0 0 0 0 0 0 0 0 0 0 
320 8 0 0 0 0 0 0 0 0 0 0 0 
321 8 0 0 0 0 0 0 0 0 0 0 0 
322 8 0 0 0 0 0 0 0 0 0 0 0 
323 8 0 0 0 0 0 0 0 0 0 0 0 
324 8 0 0 0 0 0 0 0 0 0 0 0 
325 8 0 0 0 0 0 0 0 0 0 0 0 
326 8 0 0 0 0 0 0 0 0 0 0 0 
327 8 0 0 0 0 0 0 0 0 0 0 0 
328 8 0 0 0 0 0 0 0 0 0 0 0 
329 8 0 0 0 0 0 0 0 0 0 0 0 
330 8 0 0 0 0 0 0 0 0 0 0 0 
331 8 0 0 0 0 0 0 0 0 0 0 0 
332 8 0 0 0 0 0 0 0 0 0 0 0 
333 8 0 0 0 0 0 0 0 0 0 0 0 
334 8 0 0 0 0 0 0 0 0 0 0 0 
335 8 0 0 0 0 0 0 0 0 0 0 0 
336 8 0 0 0 0 0 0 0 0 0 0 0 
337 8 0 0 0 0 0 0 0 0 0 0 0 
338 8 0 0 0 0 0 0 0 0 0 0 0 
339 8 0 0 0 0 0 0 0 0 0 0 0 
340 8 0 0 0 0 0 0 0 0 0 0 0 
341 8 0 0 0 0 0 0 0 0 0 0 0 
342 8 0 0 0 0 0 0 0 0 0 0 0 
343 8 0 0 0 0 0 0 0 0 0 0 0 
344 8 0 0 0 0 0 0 0 0 0 0 0 
345 8 0 0 0 0 0 0 0 0 0 0 0 
346 8 0 0 0 0 0 0 0 0 0 0 0 
347 8 0 0 0 0 0 0 0 0 0 0 0 
348 8 0 0 0 0 0 0 0 0 0 0 0 
349 8 0 0 0 0 0 0 0 0 0 0 0 
350 8 0 0 0 0 0 0 0 0 0 0 0 
351 8 0 0 0 0 0 0 0 0 0 0 0 
352 8 0 0 0 0 0 0 0 0 0 0 0 
353 8 0 0 0 0 0 0 0 0 0 0 0 
354 8 0 0 0 0 0 0 0 0 0 0 0 
355 8 0 0 0 0 0 0 0 0 0 0 0 
356 8 0 0 0 0 0 0 0 0 0 0 0 
357 8 0 0 0 0 0 0 0 0 0 0 0 
358 8 0 0 0 0 0 0 0 0 0 0 0 
359 8 0 0 0 0 0 0 0 0 0 0 0 
360 8 0 0 0 0 0 0 0 0 0 0 0 
361 8 0 0 0 0 0 0 0 0 0 0 0 
362 8 0 0 0 0 0 0 0 0 0 0 0 
363 8 0 0 0 0 0 0 0 0 0 0 0 
364 8 0 0 0 0 0 0 0 0 0 0 0 
365 8 0 0 0 0 0 0 0 0 0 0 0 
366 8 0 0 0 0 0 0 0 0 0 0 0 
367 8 0 0 0 0 0 0 0 0 0 0 0 
368 8 0 0 0 0 0 0 0 0 0 0 0 
369 8 0 0 0 0 0 0 0 0 0 0 0 
370 8 0 0 0 0 0 0 0 0 0 0 0 
371 8 0 0 0 0 0 0 0 0 0 0 0 
372 8 0 0 0 0 0 0 0 0 0 0 0 
373 8 0 0 0 0 0 0 0 0 0 0 0 
374 8 0 0 0 0 0 0 0 0 0 0 0 
375 8 0 0 0 0 0 0 0 0 0 0 0 
376 8 0 0 0 0 0 0 0 0 0 0 0 
377 8 0 0 0 0 0 0 0 0 0 0 0 
378 8 0 0 0 0 0 0 0 0 0 0 0 
379 8 0 0 0 0 0 0 0 0 0 0 0 
380 8 0 0 0 0 0 0 0 0 0 0 0 
381 8 0 0 0 0 0 0 0 0 0 0 0 
382 8 0 0 0 0 0 0 0 0 0 0 0 
383 8 0 0 0 0 0 0 0 0 0 0 0 
384 8 0 0 0 0 0 0 0 0 0 0 0 
385 8 0 0 0 0 0 0 0 0 0 0 0 
386 8 0 0 0 0 0 0 0 0 0 0 0 
387 8 0 0 0 0 0 0 0 0 0 0 0 
388 8 0 0 0 0 0 0 0 0 0 0 0 
389 8 0 0 0 0 0 0 0 0 0 0 0 
390 8 0 0 0 0 0 0 0 0 0 0 0 
391 8 0 0 0 0 0 0 0 0 0 0 0 
392 8 0 0 0 0 0 0 0 0 0 0 0 
393 8 0 0 0 0 0 0 0 0 0 0 0 
394 8 0 0 0 0 0 0 0 0 0 0 0 
395 8 0 0 0 0 0 0 0 0 0 0 0 
396 8 0 0 0 0 0 0 0 0 0 0 0 
397 8 0 0 0 0 0 0 0 0 0 0 0 
398 8 0 0 0 0 0 0 0 0 0 0 0 
399 8 0 0 0 0 0 0 0 0 0 0 0 
400 8 0 0 0 0 0 0 0 0 0 0 0 
401 8 0 0 0 0 0 0 0 0 0 0 0 
402 8 0 0 0 0 0 0 0 0 0 0 0 
403 8 3 0 0 0 0 0 0 0 0 0 0 
404 8 4 0 0 0 0 0 0 0 0 0 0 
405 8 0 0 0 0 0 0 0 0 0 0 0 
406 8 0 0 0 0 0 0 0 0 0 0 0 
407 8 0 0 0 0 0 0 0 0 0 0 0 
408 8 0 0 0 0 0 0 0 0 0 0 0 
409 8 0 0 0 0 0 0 0 0 0 0 0 
410 8 0 0 0 0 0 0 0 0 0 0 0 
411 8 7 0 0 0 0 0 0 0 0 0 0 
412 8 -1 81 4 22 -1 -1 -1 -1 -1 2 7219 
413 8 12 0 0 0 0 0 0 0 0 0 0 
414 8 -1 324 4 39 -1 -1 -1 -1 -1 2 5809 
415 8 0 0 0 0 0 0 0 0 0 0 0 
416 8 0 0 0 0 0 0 0 0 0 0 0 
417 8 0 0 0 0 0 0 0 0 0 0 0 
418 8 0 0 0 0 0 0 0 0 0 0 0 
419 8 0 0 0 0 0 0 0 0 0 0 0 
420 8 0 0 0 0 0 0 0 0 0 0 0 
421 8 0 0 0 0 0 0 0 0 0 0 0 
422 8 0 0 0 0 0 0 0 0 0 0 0 
423 8 -1 131 4 38 -1 -1 -1 -1 -1 0 2803 
424 8 -1 137 4 39 -1 -1 -1 -1 -1 3 560 
425 8 -1 237 0 28 -1 -1 -1 -1 -1 0 27 
426 8 -1 122 1 26 -1 -1 -1 -1 -1 2 17 
427 8 0 0 0 0 0 0 0 0 0 0 0 
428 8 0 0 0 0 0 0 0 0 0 0 0 
429 8 0 0 0 0 0 0 0 0 0 0 0 
430 8 0 0 0 0 0 0 0 0 0 0 0 
431 8 0 0 0 0 0 0 0 0 0 0 0 
432 8 0 0 0 0 0 0 0 0 0 0 0 
433 8 0 0 0 0 0 0 0 0 0 0 0 
434 8 0 0 0 0 0 0 0 0 0 0 0 
435 8 0 0 0 0 0 0 0 0 0 0 0 
436 8 0 0 0 0 0 0 0 0 0 0 0 
437 8 0 0 0 0 0 0 0 0 0 0 0 
438 8 0 0 0 0 0 0 0 0 0 0 0 
439 8 0 0 0 0 0 0 0 0 0 0 0 
440 8 0 0 0 0 0 0 0 0 0 0 0 
441 8 0 0 0 0 0 0 0 0 0 0 0 
442 8 0 0 0 0 0 0 0 0 0 0 0 
443 8 0 0 0 0 0 0 0 0 0 0 0 
444 8 0 0 0 0 0 0 0 0 0 0 0 
445 8 0 0 0 0 0 0 0 0 0 0 0 
446 8 0 0 0 0 0 0 0 0 0 0 0 
447 8 0 0 0 0 0 0 0 0 0 0 0 
448 8 0 0 0 0 0 0 0 0 0 0 0 
449 8 0 0 0 0 0 0 0 0 0 0 0 
450 8 0 0 0 0 0 0 0 0 0 0 0 
451 8 0 0 0 0 0 0 0 0 0 0 0 
452 8 0 0 0 0 0 0 0 0 0 0 0 
453 8 0 0 0 0 0 0 0 0 0 0 0 
454 8 0 0 0 0 0 0 0 0 0 0 0 
455 8 0 0 0 0 0 0 0 0 0 0 0 
456 8 0 0 0 0 0 0 0 0 0 0 0 
457 8 0 0 0 0 0 0 0 0 0 0 0 
458 8 0 0 0 0 0 0 0 0 0 0 0 
459 8 0 0 0 0 0 0 0 0 0 0 0 
460 8 0 0 0 0 0 0 0 0 0 0 0 
461 8 0 0 0 0 0 0 0 0 0 0 0 
462 8 0 0 0 0 0 0 0 0 0 0 0 
463 8 0 0 0 0 0 0 0 0 0 0 0 
464 8 0 0 0 0 0 0 0 0 0 0 0 
465 8 0 0 0 0 0 0 0 0 0 0 0 
466 8 0 0 0 0 0 0 0 0 0 0 0 
467 8 0 0 0 0 0 0 0 0 0 0 0 
468 8 0 0 0 0 0 0 0 0 0 0 0 
469 8 0 0 0 0 0 0 0 0 0 0 0 
470 8 0 0 0 0 0 0 0 0 0 0 0 
471 8 0 0 0 0 0 0 0 0 0 0 0 
472 8 0 0 0 0 0 0 0 0 0 0 0 
473 8 0 0 0 0 0 0 0 0 0 0 0 
474 8 0 0 0 0 0 0 0 0 0 0 0 
475 8 0 0 0 0 0 0 0 0 0 0 0 
476 8 0 0 0 0 0 0 0 0 0 0 0 
477 8 0 0 0 0 0 0 0 0 0 0 0 
478 8 0 0 0 0 0 0 0 0 0 0 0 
479 8 0 0 0 0 0 0 0 0 0 0 0 
480 8 0 0 0 0 0 0 0 0 0 0 0 
481 8 0 0 0 0 0 0 0 0 0 0 0 
482 8 0 0 0 0 0 0 0 0 0 0 0 
483 8 0 0 0 0 0 0 0 0 0 0 0 
484 8 0 0 0 0 0 0 0 0 0 0 0 
485 8 0 0 0 0 0 0 0 0 0 0 0 
486 8 0 0 0 0 0 0 0 0 0 0 0 
487 8 0 0 0 0 0 0 0 0 0 0 0 
488 8 0 0 0 0 0 0 0 0 0 0 0 
489 8 0 0 0 0 0 0 0 0 0 0 0 
490 8 0 0 0 0 0 0 0 0 0 0 0 
491 8 0 0 0 0 0 0 0 0 0 0 0 
492 8 0 0 0 0 0 0 0 0 0 0 0 
493 8 0 0 0 0 0 0 0 0 0 0 0 
494 8 0 0 0 0 0 0 0 0 0 0 0 
495 8 0 0 0 0 0 0 0 0 0 0 0 
496 8 0 0 0 0 0 0 0 0 0 0 0 
497 8 0 0 0 0 0 0 0 0 0 0 0 
498 8 0 0 0 0 0 0 0 0 0 0 0 
499 8 0 0 0 0 0 0 0 0 0 0 0 
500 8 0 0 0 0 0 0 0 0 0 0 0 
501 8 39 0 0 0 0 0 0 0 0 0 0 
502 8 40 0 0 0 0 0 0 0 0 0 0 
503 8 0 0 0 0 0 0 0 0 0 0 0 
504 8 0 0 0 0 0 0 0 0 0 0 0 
505 8 0 0 0 0 0 0 0 0 0 0 0 
506 8 0 0 0 0 0 0 0 0 0 0 0 
507 8 0 0 0 0 0 0 0 0 0 0 0 
508 8 0 0 0 0 0 0 0 0 0 0 0 
509 8 0 0 0 0 0 0 0 0 0 0 0 
510 8 0 0 0 0 0 0 0 0 0 0 0 
511 9 0 0 0 0 0 0 0 0 0 0 0 
512 9 0 0 0 0 0 0 0 0 0 0 0 
513 9 0 0 0 0 0 0 0 0 0 0 0 
514 9 0 0 0 0 0 0 0 0 0 0 0 
515 9 0 0 0 0 0 0 0 0 0 0 0 
516 9 0 0 0 0 0 0 0 0 0 0 0 
517 9 0 0 0 0 0 0 0 0 0 0 0 
518 9 0 0 0 0 0 0 0 0 0 0 0 
519 9 0 0 0 0 0 0 0 0 0 0 0 
520 9 0 0 0 0 0 0 0 0 0 0 0 
521 9 0 0 0 0 0 0 0 0 0 0 0 
522 9 0 0 0 0 0 0 0 0 0 0 0 
523 9 0 0 0 0 0 0 0 0 0 0 0 
524 9 0 0 0 0 0 0 0 0 0 0 0 
525 9 0 0 0 0 0 0 0 0 0 0 0 
526 9 0 0 0 0 0 0 0 0 0 0 0 
527 9 0 0 0 0 0 0 0 0 0 0 0 
528 9 0 0 0 0 0 0 0 0 0 0 0 
529 9 0 0 0 0 0 0 0 0 0 0 0 
530 9 0 0 0 0 0 0 0 0 0 0 0 
531 9 0 0 0 0 0 0 0 0 0 0 0 
532 9 0 0 0 0 0 0 0 0 0 0 0 
533 9 0 0 0 0 0 0 0 0 0 0 0 
534 9 0 0 0 0 0 0 0 0 0 0 0 
535 9 0 0 0 0 0 0 0 0 0 0 0 
536 9 0 0 0 0 0 0 0 0 0 0 0 
537 9 0 0 0 0 0 0 0 0 0 0 0 
538 9 0 0 0 0 0 0 0 0 0 0 0 
539 9 0 0 0 0 0 0 0 0 0 0 0 
540 9 0 0 0 0 0 0 0 0 0 0 0 
541 9 0 0 0 0 0 0 0 0 0 0 0 
542 9 0 0 0 0 0 0 0 0 0 0 0 
543 9 0 0 0 0 0 0 0 0 0 0 0 
544 9 0 0 0 0 0 0 0 0 0 0 0 
545 9 0 0 0 0 0 0 0 0 0 0 0 
546 9 0 0 0 0 0 0 0 0 0 0 0 
547 9 0 0 0 0 0 0 0 0 0 0 0 
548 9 0 0 0 0 0 0 0 0 0 0 0 
549 9 0 0 0 0 0 0 0 0 0 0 0 
550 9 0 0 0 0 0 0 0 0 0 0 0 
551 9 0 0 0 0 0 0 0 0 0 0 0 
552 9 0 0 0 0 0 0 0 0 0 0 0 
553 9 0 0 0 0 0 0 0 0 0 0 0 
554 9 0 0 0 0 0 0 0 0 0 0 0 
555 9 0 0 0 0 0 0 0 0 0 0 0 
556 9 0 0 0 0 0 0 0 0 0 0 0 
557 9 0 0 0 0 0 0 0 0 0 0 0 
558 9 0 0 0 0 0 0 0 0 0 0 0 
559 9 0 0 0 0 0 0 0 0 0 0 0 
560 9 0 0 0 0 0 0 0 0 0 0 0 
561 9 0 0 0 0 0 0 0 0 0 0 0 
562 9 0 0 0 0 0 0 0 0 0 0 0 
563 9 0 0 0 0 0 0 0 0 0 0 0 
564 9 0 0 0 0 0 0 0 0 0 0 0 
565 9 0 0 0 0 0 0 0 0 0 0 0 
566 9 0 0 0 0 0 0 0 0 0 0 0 
567 9 0 0 0 0 0 0 0 0 0 0 0 
568 9 0 0 0 0 0 0 0 0 0 0 0 
569 9 0 0 0 0 0 0 0 0 0 0 0 
570 9 0 0 0 0 0 0 0 0 0 0 0 
571 9 0 0 0 0 0 0 0 0 0 0 0 
572 9 0 0 0 0 0 0 0 0 0 0 0 
573 9 0 0 0 0 0 0 0 0 0 0 0 
574 9 0 0 0 0 0 0 0 0 0 0 0 
575 9 0 0 0 0 0 0 0 0 0 0 0 
576 9 0 0 0 0 0 0 0 0 0 0 0 
577 9 0 0 0 0 0 0 0 0 0 0 0 
578 9 0 0 0 0 0 0 0 0 0 0 0 
579 9 0 0 0 0 0 0 0 0 0 0 0 
580 9 0 0 0 0 0 0 0 0 0 0 0 
581 9 0 0 0 0 0 0 0 0 0 0 0 
582 9 0 0 0 0 0 0 0 0 0 0 0 
583 9 0 0 0 0 0 0 0 0 0 0 0 
584 9 0 0 0 0 0 0 0 0 0 0 0 
585 9 0 0 0 0 0 0 0 0 0 0 0 
586 9 0 0 0 0 0 0 0 0 0 0 0 
587 9 0 0 0 0 0 0 0 0 0 0 0 
588 9 0 0 0 0 0 0 0 0 0 0 0 
589 9 0 0 0 0 0 0 0 0 0 0 0 
590 9 0 0 0 0 0 0 0 0 0 0 0 
591 9 0 0 0 0 0 0 0 0 0 0 0 
592 9 0 0 0 0 0 0 0 0 0 0 0 
593 9 0 0 0 0 0 0 0 0 0 0 0 
594 9 0 0 0 0 0 0 0 0 0 0 0 
595 9 0 0 0 0 0 0 0 0 0 0 0 
596 9 0 0 0 0 0 0 0 0 0 0 0 
597 9 0 0 0 0 0 0 0 0 0 0 0 
598 9 0 0 0 0 0 0 0 0 0 0 0 
599 9 0 0 0 0 0 0 0 0 0 0 0 
600 9 0 0 0 0 0 0 0 0 0 0 0 
601 9 0 0 0 0 0 0 0 0 0 0 0 
602 9 0 0 0 0 0 0 0 0 0 0 0 
603 9 0 0 0 0 0 0 0 0 0 0 0 
604 9 0 0 0 0 0 0 0 0 0 0 0 
605 9 0 0 0 0 0 0 0 0 0 0 0 
606 9 0 0 0 0 0 0 0 0 0 0 0 
607 9 0 0 0 0 0 0 0 0 0 0 0 
608 9 0 0 0 0 0 0 0 0 0 0 0 
609 9 0 0 0 0 0 0 0 0 0 0 0 
610 9 0 0 0 0 0 0 0 0 0 0 0 
611 9 0 0 0 0 0 0 0 0 0 0 0 
612 9 0 0 0 0 0 0 0 0 0 0 0 
613 9 0 0 0 0 0 0 0 0 0 0 0 
614 9 0 0 0 0 0 0 0 0 0 0 0 
615 9 0 0 0 0 0 0 0 0 0 0 0 
616 9 0 0 0 0 0 0 0 0 0 0 0 
617 9 0 0 0 0 0 0 0 0 0 0 0 
618 9 0 0 0 0 0 0 0 0 0 0 0 
619 9 0 0 0 0 0 0 0 0 0 0 0 
620 9 0 0 0 0 0 0 0 0 0 0 0 
621 9 0 0 0 0 0 0 0 0 0 0 0 
622 9 0 0 0 0 0 0 0 0 0 0 0 
623 9 0 0 0 0 0 0 0 0 0 0 0 
624 9 0 0 0 0 0 0 0 0 0 0 0 
625 9 0 0 0 0 0 0 0 0 0 0 0 
626 9 0 0 0 0 0 0 0 0 0 0 0 
627 9 0 0 0 0 0 0 0 0 0 0 0 
628 9 0 0 0 0 0 0 0 0 0 0 0 
629 9 0 0 0 0 0 0 0 0 0 0 0 
630 9 0 0 0 0 0 0 0 0 0 0 0 
631 9 0 0 0 0 0 0 0 0 0 0 0 
632 9 0 0 0 0 0 0 0 0 0 0 0 
633 9 0 0 0 0 0 0 0 0 0 0 0 
634 9 0 0 0 0 0 0 0 0 0 0 0 
635 9 0 0 0 0 0 0 0 0 0 0 0 
636 9 0 0 0 0 0 0 0 0 0 0 0 
637 9 0 0 0 0 0 0 0 0 0 0 0 
638 9 0 0 0 0 0 0 0 0 0 0 0 
639 9 0 0 0 0 0 0 0 0 0 0 0 
640 9 0 0 0 0 0 0 0 0 0 0 0 
641 9 0 0 0 0 0 0 0 0 0 0 0 
642 9 0 0 0 0 0 0 0 0 0 0 0 
643 9 0 0 0 0 0 0 0 0 0 0 0 
644 9 0 0 0 0 0 0 0 0 0 0 0 
645 9 0 0 0 0 0 0 0 0 0 0 0 
646 9 0 0 0 0 0 0 0 0 0 0 0 
647 9 0 0 0 0 0 0 0 0 0 0 0 
648 9 0 0 0 0 0 0 0 0 0 0 0 
649 9 0 0 0 0 0 0 0 0 0 0 0 
650 9 0 0 0 0 0 0 0 0 0 0 0 
651 9 0 0 0 0 0 0 0 0 0 0 0 
652 9 0 0 0 0 0 0 0 0 0 0 0 
653 9 0 0 0 0 0 0 0 0 0 0 0 
654 9 0 0 0 0 0 0 0 0 0 0 0 
655 9 0 0 0 0 0 0 0 0 0 0 0 
656 9 0 0 0 0 0 0 0 0 0 0 0 
657 9 0 0 0 0 0 0 0 0 0 0 0 
658 9 0 0 0 0 0 0 0 0 0 0 0 
659 9 0 0 0 0 0 0 0 0 0 0 0 
660 9 0 0 0 0 0 0 0 0 0 0 0 
661 9 0 0 0 0 0 0 0 0 0 0 0 
662 9 0 0 0 0 0 0 0 0 0 0 0 
663 9 0 0 0 0 0 0 0 0 0 0 0 
664 9 0 0 0 0 0 0 0 0 0 0 0 
665 9 0 0 0 0 0 0 0 0 0 0 0 
666 9 0 0 0 0 0 0 0 0 0 0 0 
667 9 0 0 0 0 0 0 0 0 0 0 0 
668 9 0 0 0 0 0 0 0 0 0 0 0 
669 9 0 0 0 0 0 0 0 0 0 0 0 
670 9 0 0 0 0 0 0 0 0 0 0 0 
671 9 0 0 0 0 0 0 0 0 0 0 0 
672 9 0 0 0 0 0 0 0 0 0 0 0 
673 9 0 0 0 0 0 0 0 0 0 0 0 
674 9 0 0 0 0 0 0 0 0 0 0 0 
675 9 0 0 0 0 0 0 0 0 0 0 0 
676 9 0 0 0 0 0 0 0 0 0 0 0 
677 9 0 0 0 0 0 0 0 0 0 0 0 
678 9 0 0 0 0 0 0 0 0 0 0 0 
679 9 0 0 0 0 0 0 0 0 0 0 0 
680 9 0 0 0 0 0 0 0 0 0 0 0 
681 9 0 0 0 0 0 0 0 0 0 0 0 
682 9 0 0 0 0 0 0 0 0 0 0 0 
683 9 0 0 0 0 0 0 0 0 0 0 0 
684 9 0 0 0 0 0 0 0 0 0 0 0 
685 9 0 0 0 0 0 0 0 0 0 0 0 
686 9 0 0 0 0 0 0 0 0 0 0 0 
687 9 0 0 0 0 0 0 0 0 0 0 0 
688 9 0 0 0 0 0 0 0 0 0 0 0 
689 9 0 0 0 0 0 0 0 0 0 0 0 
690 9 0 0 0 0 0 0 0 0 0 0 0 
691 9 0 0 0 0 0 0 0 0 0 0 0 
692 9 0 0 0 0 0 0 0 0 0 0 0 
693 9 0 0 0 0 0 0 0 0 0 0 0 
694 9 0 0 0 0 0 0 0 0 0 0 0 
695 9 0 0 0 0 0 0 0 0 0 0 0 
696 9 0 0 0 0 0 0 0 0 0 0 0 
697 9 0 0 0 0 0 0 0 0 0 0 0 
698 9 0 0 0 0 0 0 0 0 0 0 0 
699 9 0 0 0 0 0 0 0 0 0 0 0 
700 9 0 0 0 0 0 0 0 0 0 0 0 
701 9 0 0 0 0 0 0 0 0 0 0 0 
702 9 0 0 0 0 0 0 0 0 0 0 0 
703 9 0 0 0 0 0 0 0 0 0 0 0 
704 9 0 0 0 0 0 0 0 0 0 0 0 
705 9 0 0 0 0 0 0 0 0 0 0 0 
706 9 0 0 0 0 0 0 0 0 0 0 0 
707 9 0 0 0 0 0 0 0 0 0 0 0 
708 9 0 0 0 0 0 0 0 0 0 0 0 
709 9 0 0 0 0 0 0 0 0 0 0 0 
710 9 0 0 0 0 0 0 0 0 0 0 0 
711 9 0 0 0 0 0 0 0 0 0 0 0 
712 9 0 0 0 0 0 0 0 0 0 0 0 
713 9 0 0 0 0 0 0 0 0 0 0 0 
714 9 0 0 0 0 0 0 0 0 0 0 0 
715 9 0 0 0 0 0 0 0 0 0 0 0 
716 9 0 0 0 0 0 0 0 0 0 0 0 
717 9 0 0 0 0 0 0 0 0 0 0 0 
718 9 0 0 0 0 0 0 0 0 0 0 0 
719 9 0 0 0 0 0 0 0 0 0 0 0 
720 9 0 0 0 0 0 0 0 0 0 0 0 
721 9 0 0 0 0 0 0 0 0 0 0 0 
722 9 0 0 0 0 0 0 0 0 0 0 0 
723 9 0 0 0 0 0 0 0 0 0 0 0 
724 9 0 0 0 0 0 0 0 0 0 0 0 
725 9 0 0 0 0 0 0 0 0 0 0 0 
726 9 0 0 0 0 0 0 0 0 0 0 0 
727 9 0 0 0 0 0 0 0 0 0 0 0 
728 9 0 0 0 0 0 0 0 0 0 0 0 
729 9 0 0 0 0 0 0 0 0 0 0 0 
730 9 0 0 0 0 0 0 0 0 0 0 0 
731 9 0 0 0 0 0 0 0 0 0 0 0 
732 9 0 0 0 0 0 0 0 0 0 0 0 
733 9 0 0 0 0 0 0 0 0 0 0 0 
734 9 0 0 0 0 0 0 0 0 0 0 0 
735 9 0 0 0 0 0 0 0 0 0 0 0 
736 9 0 0 0 0 0 0 0 0 0 0 0 
737 9 0 0 0 0 0 0 0 0 0 0 0 
738 9 0 0 0 0 0 0 0 0 0 0 0 
739 9 0 0 0 0 0 0 0 0 0 0 0 
740 9 0 0 0 0 0 0 0 0 0 0 0 
741 9 0 0 0 0 0 0 0 0 0 0 0 
742 9 0 0 0 0 0 0 0 0 0 0 0 
743 9 0 0 0 0 0 0 0 0 0 0 0 
744 9 0 0 0 0 0 0 0 0 0 0 0 
745 9 0 0 0 0 0 0 0 0 0 0 0 
746 9 0 0 0 0 0 0 0 0 0 0 0 
747 9 0 0 0 0 0 0 0 0 0 0 0 
748 9 0 0 0 0 0 0 0 0 0 0 0 
749 9 0 0 0 0 0 0 0 0 0 0 0 
750 9 0 0 0 0 0 0 0 0 0 0 0 
751 9 0 0 0 0 0 0 0 0 0 0 0 
752 9 0 0 0 0 0 0 0 0 0 0 0 
753 9 0 0 0 0 0 0 0 0 0 0 0 
754 9 0 0 0 0 0 0 0 0 0 0 0 
755 9 0 0 0 0 0 0 0 0 0 0 0 
756 9 0 0 0 0 0 0 0 0 0 0 0 
757 9 0 0 0 0 0 0 0 0 0 0 0 
758 9 0 0 0 0 0 0 0 0 0 0 0 
759 9 0 0 0 0 0 0 0 0 0 0 0 
760 9 0 0 0 0 0 0 0 0 0 0 0 
761 9 0 0 0 0 0 0 0 0 0 0 0 
762 9 0 0 0 0 0 0 0 0 0 0 0 
763 9 0 0 0 0 0 0 0 0 0 0 0 
764 9 0 0 0 0 0 0 0 0 0 0 0 
765 9 0 0 0 0 0 0 0 0 0 0 0 
766 9 0 0 0 0 0 0 0 0 0 0 0 
767 9 0 0 0 0 0 0 0 0 0 0 0 
768 9 0 0 0 0 0 0 0 0 0 0 0 
769 9 0 0 0 0 0 0 0 0 0 0 0 
770 9 0 0 0 0 0 0 0 0 0 0 0 
771 9 0 0 0 0 0 0 0 0 0 0 0 
772 9 0 0 0 0 0 0 0 0 0 0 0 
773 9 0 0 0 0 0 0 0 0 0 0 0 
774 9 0 0 0 0 0 0 0 0 0 0 0 
775 9 0 0 0 0 0 0 0 0 0 0 0 
776 9 0 0 0 0 0 0 0 0 0 0 0 
777 9 0 0 0 0 0 0 0 0 0 0 0 
778 9 0 0 0 0 0 0 0 0 0 0 0 
779 9 0 0 0 0 0 0 0 0 0 0 0 
780 9 0 0 0 0 0 0 0 0 0 0 0 
781 9 0 0 0 0 0 0 0 0 0 0 0 
782 9 0 0 0 0 0 0 0 0 0 0 0 
783 9 0 0 0 0 0 0 0 0 0 0 0 
784 9 0 0 0 0 0 0 0 0 0 0 0 
785 9 0 0 0 0 0 0 0 0 0 0 0 
786 9 0 0 0 0 0 0 0 0 0 0 0 
787 9 0 0 0 0 0 0 0 0 0 0 0 
788 9 0 0 0 0 0 0 0 0 0 0 0 
789 9 0 0 0 0 0 0 0 0 0 0 0 
790 9 0 0 0 0 0 0 0 0 0 0 0 
791 9 0 0 0 0 0 0 0 0 0 0 0 
792 9 0 0 0 0 0 0 0 0 0 0 0 
793 9 0 0 0 0 0 0 0 0 0 0 0 
794 9 0 0 0 0 0 0 0 0 0 0 0 
795 9 0 0 0 0 0 0 0 0 0 0 0 
796 9 0 0 0 0 0 0 0 0 0 0 0 
797 9 0 0 0 0 0 0 0 0 0 0 0 
798 9 0 0 0 0 0 0 0 0 0 0 0 
799 9 0 0 0 0 0 0 0 0 0 0 0 
800 9 0 0 0 0 0 0 0 0 0 0 0 
801 9 0 0 0 0 0 0 0 0 0 0 0 
802 9 0 0 0 0 0 0 0 0 0 0 0 
803 9 0 0 0 0 0 0 0 0 0 0 0 
804 9 0 0 0 0 0 0 0 0 0 0 0 
805 9 0 0 0 0 0 0 0 0 0 0 0 
806 9 0 0 0 0 0 0 0 0 0 0 0 
807 9 0 0 0 0 0 0 0 0 0 0 0 
808 9 0 0 0 0 0 0 0 0 0 0 0 
809 9 0 0 0 0 0 0 0 0 0 0 0 
810 9 0 0 0 0 0 0 0 0 0 0 0 
811 9 0 0 0 0 0 0 0 0 0 0 0 
812 9 0 0 0 0 0 0 0 0 0 0 0 
813 9 0 0 0 0 0 0 0 0 0 0 0 
814 9 0 0 0 0 0 0 0 0 0 0 0 
815 9 0 0 0 0 0 0 0 0 0 0 0 
816 9 0 0 0 0 0 0 0 0 0 0 0 
817 9 0 0 0 0 0 0 0 0 0 0 0 
818 9 0 0 0 0 0 0 0 0 0 0 0 
819 9 0 0 0 0 0 0 0 0 0 0 0 
820 9 0 0 0 0 0 0 0 0 0 0 0 
821 9 0 0 0 0 0 0 0 0 0 0 0 
822 9 0 0 0 0 0 0 0 0 0 0 0 
823 9 0 0 0 0 0 0 0 0 0 0 0 
824 9 0 0 0 0 0 0 0 0 0 0 0 
825 9 -1 324 1 19 -1 -1 -1 -1 -1 2 -11 
826 9 -1 22 3 10 -1 -1 -1 -1 -1 1 -36 
827 9 0 0 0 0 0 0 0 0 0 0 0 
828 9 0 0 0 0 0 0 0 0 0 0 0 
829 9 -1 250 1 30 -1 -1 -1 -1 -1 2 -21 
830 9 -1 300 0 34 -1 -1 -1 -1 -1 0 -47 
831 9 0 0 0 0 0 0 0 0 0 0 0 
832 9 0 0 0 0 0 0 0 0 0 0 0 
833 9 0 0 0 0 0 0 0 0 0 0 0 
834 9 0 0 0 0 0 0 0 0 0 0 0 
835 9 0 0 0 0 0 0 0 0 0 0 0 
836 9 0 0 0 0 0 0 0 0 0 0 0 
837 9 0 0 0 0 0 0 0 0 0 0 0 
838 9 0 0 0 0 0 0 0 0 0 0 0 
839 9 0 0 0 0 0 0 0 0 0 0 0 
840 9 0 0 0 0 0 0 0 0 0 0 0 
841 9 0 0 0 0 0 0 0 0 0 0 0 
842 9 0 0 0 0 0 0 0 0 0 0 0 
843 9 0 0 0 0 0 0 0 0 0 0 0 
844 9 0 0 0 0 0 0 0 0 0 0 0 
845 9 0 0 0 0 0 0 0 0 0 0 0 
846 9 0 0 0 0 0 0 0 0 0 0 0 
847 9 -1 155 3 10 -1 -1 -1 -1 -1 3 -2 
848 9 -1 326 3 12 -1 -1 -1 -1 -1 3 -6 
849 9 -1 287 2 17 -1 -1 -1 -1 -1 2 3609 
850 9 24 0 0 0 0 0 0 0 0 0 0 
851 9 -1 291 2 10 -1 -1 -1 -1 -1 1 9823 
852 9 -1 18 4 13 -1 -1 -1 -1 -1 3 2034 
853 9 -1 233 0 10 -1 -1 -1 -1 -1 1 -62 
854 9 -1 262 0 36 -1 -1 -1 -1 -1 1 -33 
855 9 0 0 0 0 0 0 0 0 0 0 0 
856 9 0 0 0 0 0 0 0 0 0 0 0 
857 9 0 0 0 0 0 0 0 0 0 0 0 
858 9 0 0 0 0 0 0 0 0 0 0 0 
859 9 0 0 0 0 0 0 0 0 0 0 0 
860 9 0 0 0 0 0 0 0 0 0 0 0 
861 9 0 0 0 0 0 0 0 0 0 0 0 
862 9 0 0 0 0 0 0 0 0 0 0 0 
863 9 0 0 0 0 0 0 0 0 0 0 0 
864 9 0 0 0 0 0 0 0 0 0 0 0 
865 9 0 0 0 0 0 0 0 0 0 0 0 
866 9 0 0 0 0 0 0 0 0 0 0 0 
867 9 0 0 0 0 0 0 0 0 0 0 0 
868 9 0 0 0 0 0 0 0 0 0 0 0 
869 9 0 0 0 0 0 0 0 0 0 0 0 
870 9 0 0 0 0 0 0 0 0 0 0 0 
871 9 0 0 0 0 0 0 0 0 0 0 0 
872 9 0 0 0 0 0 0 0 0 0 0 0 
873 9 0 0 0 0 0 0 0 0 0 0 0 
874 9 0 0 0 0 0 0 0 0 0 0 0 
875 9 0 0 0 0 0 0 0 0 0 0 0 
876 9 0 0 0 0 0 0 0 0 0 0 0 
877 9 0 0 0 0 0 0 0 0 0 0 0 
878 9 0 0 0 0 0 0 0 0 0 0 0 
879 9 0 0 0 0 0 0 0 0 0 0 0 
880 9 0 0 0 0 0 0 0 0 0 0 0 
881 9 0 0 0 0 0 0 0 0 0 0 0 
882 9 0 0 0 0 0 0 0 0 0 0 0 
883 9 0 0 0 0 0 0 0 0 0 0 0 
884 9 0 0 0 0 0 0 0 0 0 0 0 
885 9 0 0 0 0 0 0 0 0 0 0 0 
886 9 0 0 0 0 0 0 0 0 0 0 0 
887 9 0 0 0 0 0 0 0 0 0 0 0 
888 9 0 0 0 0 0 0 0 0 0 0 0 
889 9 0 0 0 0 0 0 0 0 0 0 0 
890 9 0 0 0 0 0 0 0 0 0 0 0 
891 9 0 0 0 0 0 0 0 0 0 0 0 
892 9 0 0 0 0 0 0 0 0 0 0 0 
893 9 0 0 0 0 0 0 0 0 0 0 0 
894 9 0 0 0 0 0 0 0 0 0 0 0 
895 9 0 0 0 0 0 0 0 0 0 0 0 
896 9 0 0 0 0 0 0 0 0 0 0 0 
897 9 0 0 0 0 0 0 0 0 0 0 0 
898 9 0 0 0 0 0 0 0 0 0 0 0 
899 9 0 0 0 0 0 0 0 0 0 0 0 
900 9 0 0 0 0 0 0 0 0 0 0 0 
901 9 0 0 0 0 0 0 0 0 0 0 0 
902 9 0 0 0 0 0 0 0 0 0 0 0 
903 9 0 0 0 0 0 0 0 0 0 0 0 
904 9 0 0 0 0 0 0 0 0 0 0 0 
905 9 0 0 0 0 0 0 0 0 0 0 0 
906 9 0 0 0 0 0 0 0 0 0 0 0 
907 9 0 0 0 0 0 0 0 0 0 0 0 
908 9 0 0 0 0 0 0 0 0 0 0 0 
909 9 0 0 0 0 0 0 0 0 0 0 0 
910 9 0 0 0 0 0 0 0 0 0 0 0 
911 9 0 0 0 0 0 0 0 0 0 0 0 
912 9 0 0 0 0 0 0 0 0 0 0 0 
913 9 0 0 0 0 0 0 0 0 0 0 0 
914 9 0 0 0 0 0 0 0 0 0 0 0 
915 9 0 0 0 0 0 0 0 0 0 0 0 
916 9 0 0 0 0 0 0 0 0 0 0 0 
917 9 0 0 0 0 0 0 0 0 0 0 0 
918 9 0 0 0 0 0 0 0 0 0 0 0 
919 9 0 0 0 0 0 0 0 0 0 0 0 
920 9 0 0 0 0 0 0 0 0 0 0 0 
921 9 0 0 0 0 0 0 0 0 0 0 0 
922 9 0 0 0 0 0 0 0 0 0 0 0 
923 9 0 0 0 0 0 0 0 0 0 0 0 
924 9 0 0 0 0 0 0 0 0 0 0 0 
925 9 0 0 0 0 0 0 0 0 0 0 0 
926 9 0 0 0 0 0 0 0 0 0 0 0 
927 9 0 0 0 0 0 0 0 0 0 0 0 
928 9 0 0 0 0 0 0 0 0 0 0 0 
929 9 0 0 0 0 0 0 0 0 0 0 0 
930 9 0 0 0 0 0 0 0 0 0 0 0 
931 9 0 0 0 0 0 0 0 0 0 0 0 
932 9 0 0 0 0 0 0 0 0 0 0 0 
933 9 0 0 0 0 0 0 0 0 0 0 0 
934 9 0 0 0 0 0 0 0 0 0 0 0 
935 9 0 0 0 0 0 0 0 0 0 0 0 
936 9 0 0 0 0 0 0 0 0 0 0 0 
937 9 0 0 0 0 0 0 0 0 0 0 0 
938 9 0 0 0 0 0 0 0 0 0 0 0 
939 9 0 0 0 0 0 0 0 0 0 0 0 
940 9 0 0 0 0 0 0 0 0 0 0 0 
941 9 0 0 0 0 0 0 0 0 0 0 0 
942 9 0 0 0 0 0 0 0 0 0 0 0 
943 9 0 0 0 0 0 0 0 0 0 0 0 
944 9 0 0 0 0 0 0 0 0 0 0 0 
945 9 0 0 0 0 0 0 0 0 0 0 0 
946 9 0 0 0 0 0 0 0 0 0 0 0 
947 9 0 0 0 0 0 0 0 0 0 0 0 
948 9 0 0 0 0 0 0 0 0 0 0 0 
949 9 0 0 0 0 0 0 0 0 0 0 0 
950 9 0 0 0 0 0 0 0 0 0 0 0 
951 9 0 0 0 0 0 0 0 0 0 0 0 
952 9 0 0 0 0 0 0 0 0 0 0 0 
953 9 0 0 0 0 0 0 0 0 0 0 0 
954 9 0 0 0 0 0 0 0 0 0 0 0 
955 9 0 0 0 0 0 0 0 0 0 0 0 
956 9 0 0 0 0 0 0 0 0 0 0 0 
957 9 0 0 0 0 0 0 0 0 0 0 0 
958 9 0 0 0 0 0 0 0 0 0 0 0 
959 9 0 0 0 0 0 0 0 0 0 0 0 
960 9 0 0 0 0 0 0 0 0 0 0 0 
961 9 0 0 0 0 0 0 0 0 0 0 0 
962 9 0 0 0 0 0 0 0 0 0 0 0 
963 9 0 0 0 0 0 0 0 0 0 0 0 
964 9 0 0 0 0 0 0 0 0 0 0 0 
965 9 0 0 0 0 0 0 0 0 0 0 0 
966 9 0 0 0 0 0 0 0 0 0 0 0 
967 9 0 0 0 0 0 0 0 0 0 0 0 
968 9 0 0 0 0 0 0 0 0 0 0 0 
969 9 0 0 0 0 0 0 0 0 0 0 0 
970 9 0 0 0 0 0 0 0 0 0 0 0 
971 9 0 0 0 0 0 0 0 0 0 0 0 
972 9 0 0 0 0 0 0 0 0 0 0 0 
973 9 0 0 0 0 0 0 0 0 0 0 0 
974 9 0 0 0 0 0 0 0 0 0 0 0 
975 9 0 0 0 0 0 0 0 0 0 0 0 
976 9 0 0 0 0 0 0 0 0 0 0 0 
977 9 0 0 0 0 0 0 0 0 0 0 0 
978 9 0 0 0 0 0 0 0 0 0 0 0 
979 9 0 0 0 0 0 0 0 0 0 0 0 
980 9 0 0 0 0 0 0 0 0 0 0 0 
981 9 0 0 0 0 0 0 0 0 0 0 0 
982 9 0 0 0 0 0 0 0 0 0 0 0 
983 9 0 0 0 0 0 0 0 0 0 0 0 
984 9 0 0 0 0 0 0 0 0 0 0 0 
985 9 0 0 0 0 0 0 0 0 0 0 0 
986 9 0 0 0 0 0 0 0 0 0 0 0 
987 9 0 0 0 0 0 0 0 0 0 0 0 
988 9 0 0 0 0 0 0 0 0 0 0 0 
989 9 0 0 0 0 0 0 0 0 0 0 0 
990 9 0 0 0 0 0 0 0 0 0 0 0 
991 9 0 0 0 0 0 0 0 0 0 0 0 
992 9 0 0 0 0 0 0 0 0 0 0 0 
993 9 0 0 0 0 0 0 0 0 0 0 0 
994 9 0 0 0 0 0 0 0 0 0 0 0 
995 9 0 0 0 0 0 0 0 0 0 0 0 
996 9 0 0 0 0 0 0 0 0 0 0 0 
997 9 0 0 0 0 0 0 0 0 0 0 0 
998 9 0 0 0 0 0 0 0 0 0 0 0 
999 9 0 0 0 0 0 0 0 0 0 0 0 
1000 9 0 0 0 0 0 0 0 0 0 0 0 
1001 9 0 0 0 0 0 0 0 0 0 0 0 
1002 9 0 0 0 0 0 0 0 0 0 0 0 
1003 9 0 0 0 0 0 0 0 0 0 0 0 
1004 9 0 0 0 0 0 0 0 0 0 0 0 
1005 9 0 0 0 0 0 0 0 0 0 0 0 
1006 9 0 0 0 0 0 0 0 0 0 0 0 
1007 9 0 0 0 0 0 0 0 0 0 0 0 
1008 9 0 0 0 0 0 0 0 0 0 0 0 
1009 9 0 0 0 0 0 0 0 0 0 0 0 
1010 9 0 0 0 0 0 0 0 0 0 0 0 
1011 9 0 0 0 0 0 0 0 0 0 0 0 
1012 9 0 0 0 0 0 0 0 0 0 0 0 
1013 9 0 0 0 0 0 0 0 0 0 0 0 
1014 9 0 0 0 0 0 0 0 0 0 0 0 
1015 9 0 0 0 0 0 0 0 0 0 0 0 
1016 9 0 0 0 0 0 0 0 0 0 0 0 
1017 9 0 0 0 0 0 0 0 0 0 0 0 
1018 9 0 0 0 0 0 0 0 0 0 0 0 
1019 9 0 0 0 0 0 0 0 0 0 0 0 
1020 9 0 0 0 0 0 0 0 0 0 0 0 
1021 9 0 0 0 0 0 0 0 0 0 0 0 
1022 9 0 0 0 0 0 0 0 0 0 0 0 
1023 10 0 0 0 0 0 0 0 0 0 0 0 
1024 10 0 0 0 0 0 0 0 0 0 0 0 
1025 10 0 0 0 0 0 0 0 0 0 0 0 
1026 10 0 0 0 0 0 0 0 0 0 0 0 
1027 10 0 0 0 0 0 0 0 0 0 0 0 
1028 10 0 0 0 0 0 0 0 0 0 0 0 
1029 10 0 0 0 0 0 0 0 0 0 0 0 
1030 10 0 0 0 0 0 0 0 0 0 0 0 
1031 10 0 0 0 0 0 0 0 0 0 0 0 
1032 10 0 0 0 0 0 0 0 0 0 0 0 
1033 10 0 0 0 0 0 0 0 0 0 0 0 
1034 10 0 0 0 0 0 0 0 0 0 0 0 
1035 10 0 0 0 0 0 0 0 0 0 0 0 
1036 10 0 0 0 0 0 0 0 0 0 0 0 
1037 10 0 0 0 0 0 0 0 0 0 0 0 
1038 10 0 0 0 0 0 0 0 0 0 0 0 
1039 10 0 0 0 0 0 0 0 0 0 0 0 
1040 10 0 0 0 0 0 0 0 0 0 0 0 
1041 10 0 0 0 0 0 0 0 0 0 0 0 
1042 10 0 0 0 0 0 0 0 0 0 0 0 
1043 10 0 0 0 0 0 0 0 0 0 0 0 
1044 10 0 0 0 0 0 0 0 0 0 0 0 
1045 10 0 0 0 0 0 0 0 0 0 0 0 
1046 10 0 0 0 0 0 0 0 0 0 0 0 
1047 10 0 0 0 0 0 0 0 0 0 0 0 
1048 10 0 0 0 0 0 0 0 0 0 0 0 
1049 10 0 0 0 0 0 0 0 0 0 0 0 
1050 10 0 0 0 0 0 0 0 0 0 0 0 
1051 10 0 0 0 0 0 0 0 0 0 0 0 
1052 10 0 0 0 0 0 0 0 0 0 0 0 
1053 10 0 0 0 0 0 0 0 0 0 0 0 
1054 10 0 0 0 0 0 0 0 0 0 0 0 
1055 10 0 0 0 0 0 0 0 0 0 0 0 
1056 10 0 0 0 0 0 0 0 0 0 0 0 
1057 10 0 0 0 0 0 0 0 0 0 0 0 
1058 10 0 0 0 0 0 0 0 0 0 0 0 
1059 10 0 0 0 0 0 0 0 0 0 0 0 
1060 10 0 0 0 0 0 0 0 0 0 0 0 
1061 10 0 0 0 0 0 0 0 0 0 0 0 
1062 10 0 0 0 0 0 0 0 0 0 0 0 
1063 10 0 0 0 0 0 0 0 0 0 0 0 
1064 10 0 0 0 0 0 0 0 0 0 0 0 
1065 10 0 0 0 0 0 0 0 0 0 0 0 
1066 10 0 0 0 0 0 0 0 0 0 0 0 
1067 10 0 0 0 0 0 0 0 0 0 0 0 
1068 10 0 0 0 0 0 0 0 0 0 0 0 
1069 10 0 0 0 0 0 0 0 0 0 0 0 
1070 10 0 0 0 0 0 0 0 0 0 0 0 
1071 10 0 0 0 0 0 0 0 0 0 0 0 
1072 10 0 0 0 0 0 0 0 0 0 0 0 
1073 10 0 0 0 0 0 0 0 0 0 0 0 
1074 10 0 0 0 0 0 0 0 0 0 0 0 
1075 10 0 0 0 0 0 0 0 0 0 0 0 
1076 10 0 0 0 0 0 0 0 0 0 0 0 
1077 10 0 0 0 0 0 0 0 0 0 0 0 
1078 10 0 0 0 0 0 0 0 0 0 0 0 
1079 10 0 0 0 0 0 0 0 0 0 0 0 
1080 10 0 0 0 0 0 0 0 0 0 0 0 
1081 10 0 0 0 0 0 0 0 0 0 0 0 
1082 10 0 0 0 0 0 0 0 0 0 0 0 
1083 10 0 0 0 0 0 0 0 0 0 0 0 
1084 10 0 0 0 0 0 0 0 0 0 0 0 
1085 10 0 0 0 0 0 0 0 0 0 0 0 
1086 10 0 0 0 0 0 0 0 0 0 0 0 
1087 10 0 0 0 0 0 0 0 0 0 0 0 
1088 10 0 0 0 0 0 0 0 0 0 0 0 
1089 10 0 0 0 0 0 0 0 0 0 0 0 
1090 10 0 0 0 0 0 0 0 0 0 0 0 
1091 10 0 0 0 0 0 0 0 0 0 0 0 
1092 10 0 0 0 0 0 0 0 0 0 0 0 
1093 10 0 0 0 0 0 0 0 0 0 0 0 
1094 10 0 0 0 0 0 0 0 0 0 0 0 
1095 10 0 0 0 0 0 0 0 0 0 0 0 
1096 10 0 0 0 0 0 0 0 0 0 0 0 
1097 10 0 0 0 0 0 0 0 0 0 0 0 
1098 10 0 0 0 0 0 0 0 0 0 0 0 
1099 10 0 0 0 0 0 0 0 0 0 0 0 
1100 10 0 0 0 0 0 0 0 0 0 0 0 
1101 10 0 0 0 0 0 0 0 0 0 0 0 
1102 10 0 0 0 0 0 0 0 0 0 0 0 
1103 10 0 0 0 0 0 0 0 0 0 0 0 
1104 10 0 0 0 0 0 0 0 0 0 0 0 
1105 10 0 0 0 0 0 0 0 0 0 0 0 
1106 10 0 0 0 0 0 0 0 0 0 0 0 
1107 10 0 0 0 0 0 0 0 0 0 0 0 
1108 10 0 0 0 0 0 0 0 0 0 0 0 
1109 10 0 0 0 0 0 0 0 0 0 0 0 
1110 10 0 0 0 0 0 0 0 0 0 0 0 
1111 10 0 0 0 0 0 0 0 0 0 0 0 
1112 10 0 0 0 0 0 0 0 0 0 0 0 
1113 10 0 0 0 0 0 0 0 0 0 0 0 
1114 10 0 0 0 0 0 0 0 0 0 0 0 
1115 10 0 0 0 0 0 0 0 0 0 0 0 
1116 10 0 0 0 0 0 0 0 0 0 0 0 
1117 10 0 0 0 0 0 0 0 0 0 0 0 
1118 10 0 0 0 0 0 0 0 0 0 0 0 
1119 10 0 0 0 0 0 0 0 0 0 0 0 
1120 10 0 0 0 0 0 0 0 0 0 0 0 
1121 10 0 0 0 0 0 0 0 0 0 0 0 
1122 10 0 0 0 0 0 0 0 0 0 0 0 
1123 10 0 0 0 0 0 0 0 0 0 0 0 
1124 10 0 0 0 0 0 0 0 0 0 0 0 
1125 10 0 0 0 0 0 0 0 0 0 0 0 
1126 10 0 0 0 0 0 0 0 0 0 0 0 
1127 10 0 0 0 0 0 0 0 0 0 0 0 
1128 10 0 0 0 0 0 0 0 0 0 0 0 
1129 10 0 0 0 0 0 0 0 0 0 0 0 
1130 10 0 0 0 0 0 0 0 0 0 0 0 
1131 10 0 0 0 0 0 0 0 0 0 0 0 
1132 10 0 0 0 0 0 0 0 0 0 0 0 
1133 10 0 0 0 0 0 0 0 0 0 0 0 
1134 10 0 0 0 0 0 0 0 0 0 0 0 
1135 10 0 0 0 0 0 0 0 0 0 0 0 
1136 10 0 0 0 0 0 0 0 0 0 0 0 
1137 10 0 0 0 0 0 0 0 0 0 0 0 
1138 10 0 0 0 0 0 0 0 0 0 0 0 
1139 10 0 0 0 0 0 0 0 0 0 0 0 
1140 10 0 0 0 0 0 0 0 0 0 0 0 
1141 10 0 0 0 0 0 0 0 0 0 0 0 
1142 10 0 0 0 0 0 0 0 0 0 0 0 
1143 10 0 0 0 0 0 0 0 0 0 0 0 
1144 10 0 0 0 0 0 0 0 0 0 0 0 
1145 10 0 0 0 0 0 0 0 0 0 0 0 
1146 10 0 0 0 0 0 0 0 0 0 0 0 
1147 10 0 0 0 0 0 0 0 0 0 0 0 
1148 10 0 0 0 0 0 0 0 0 0 0 0 
1149 10 0 0 0 0 0 0 0 0 0 0 0 
1150 10 0 0 0 0 0 0 0 0 0 0 0 
1151 10 0 0 0 0 0 0 0 0 0 0 0 
1152 10 0 0 0 0 0 0 0 0 0 0 0 
1153 10 0 0 0 0 0 0 0 0 0 0 0 
1154 10 0 0 0 0 0 0 0 0 0 0 0 
1155 10 0 0 0 0 0 0 0 0 0 0 0 
1156 10 0 0 0 0 0 0 0 0 0 0 0 
1157 10 0 0 0 0 0 0 0 0 0 0 0 
1158 10 0 0 0 0 0 0 0 0 0 0 0 
1159 10 0 0 0 0 0 0 0 0 0 0 0 
1160 10 0 0 0 0 0 0 0 0 0 0 0 
1161 10 0 0 0 0 0 0 0 0 0 0 0 
1162 10 0 0 0 0 0 0 0 0 0 0 0 
1163 10 0 0 0 0 0 0 0 0 0 0 0 
1164 10 0 0 0 0 0 0 0 0 0 0 0 
1165 10 0 0 0 0 0 0 0 0 0 0 0 
1166 10 0 0 0 0 0 0 0 0 0 0 0 
1167 10 0 0 0 0 0 0 0 0 0 0 0 
1168 10 0 0 0 0 0 0 0 0 0 0 0 
1169 10 0 0 0 0 0 0 0 0 0 0 0 
1170 10 0 0 0 0 0 0 0 0 0 0 0 
1171 10 0 0 0 0 0 0 0 0 0 0 0 
1172 10 0 0 0 0 0 0 0 0 0 0 0 
1173 10 0 0 0 0 0 0 0 0 0 0 0 
1174 10 0 0 0 0 0 0 0 0 0 0 0 
1175 10 0 0 0 0 0 0 0 0 0 0 0 
1176 10 0 0 0 0 0 0 0 0 0 0 0 
1177 10 0 0 0 0 0 0 0 0 0 0 0 
1178 10 0 0 0 0 0 0 0 0 0 0 0 
1179 10 0 0 0 0 0 0 0 0 0 0 0 
1180 10 0 0 0 0 0 0 0 0 0 0 0 
1181 10 0 0 0 0 0 0 0 0 0 0 0 
1182 10 0 0 0 0 0 0 0 0 0 0 0 
1183 10 0 0 0 0 0 0 0 0 0 0 0 
1184 10 0 0 0 0 0 0 0 0 0 0 0 
1185 10 0 0 0 0 0 0 0 0 0 0 0 
1186 10 0 0 0 0 0 0 0 0 0 0 0 
1187 10 0 0 0 0 0 0 0 0 0 0 0 
1188 10 0 0 0 0 0 0 0 0 0 0 0 
1189 10 0 0 0 0 0 0 0 0 0 0 0 
1190 10 0 0 0 0 0 0 0 0 0 0 0 
1191 10 0 0 0 0 0 0 0 0 0 0 0 
1192 10 0 0 0 0 0 0 0 0 0 0 0 
1193 10 0 0 0 0 0 0 0 0 0 0 0 
1194 10 0 0 0 0 0 0 0 0 0 0 0 
1195 10 0 0 0 0 0 0 0 0 0 0 0 
1196 10 0 0 0 0 0 0 0 0 0 0 0 
1197 10 0 0 0 0 0 0 0 0 0 0 0 
1198 10 0 0 0 0 0 0 0 0 0 0 0 
1199 10 0 0 0 0 0 0 0 0 0 0 0 
1200 10 0 0 0 0 0 0 0 0 0 0 0 
1201 10 0 0 0 0 0 0 0 0 0 0 0 
1202 10 0 0 0 0 0 0 0 0 0 0 0 
1203 10 0 0 0 0 0 0 0 0 0 0 0 
1204 10 0 0 0 0 0 0 0 0 0 0 0 
1205 10 0 0 0 0 0 0 0 0 0 0 0 
1206 10 0 0 0 0 0 0 0 0 0 0 0 
1207 10 0 0 0 0 0 0 0 0 0 0 0 
1208 10 0 0 0 0 0 0 0 0 0 0 0 
1209 10 0 0 0 0 0 0 0 0 0 0 0 
1210 10 0 0 0 0 0 0 0 0 0 0 0 
1211 10 0 0 0 0 0 0 0 0 0 0 0 
1212 10 0 0 0 0 0 0 0 0 0 0 0 
1213 10 0 0 0 0 0 0 0 0 0 0 0 
1214 10 0 0 0 0 0 0 0 0 0 0 0 
1215 10 0 0 0 0 0 0 0 0 0 0 0 
1216 10 0 0 0 0 0 0 0 0 0 0 0 
1217 10 0 0 0 0 0 0 0 0 0 0 0 
1218 10 0 0 0 0 0 0 0 0 0 0 0 
1219 10 0 0 0 0 0 0 0 0 0 0 0 
1220 10 0 0 0 0 0 0 0 0 0 0 0 
1221 10 0 0 0 0 0 0 0 0 0 0 0 
1222 10 0 0 0 0 0 0 0 0 0 0 0 
1223 10 0 0 0 0 0 0 0 0 0 0 0 
1224 10 0 0 0 0 0 0 0 0 0 0 0 
1225 10 0 0 0 0 0 0 0 0 0 0 0 
1226 10 0 0 0 0 0 0 0 0 0 0 0 
1227 10 0 0 0 0 0 0 0 0 0 0 0 
1228 10 0 0 0 0 0 0 0 0 0 0 0 
1229 10 0 0 0 0 0 0 0 0 0 0 0 
1230 10 0 0 0 0 0 0 0 0 0 0 0 
1231 10 0 0 0 0 0 0 0 0 0 0 0 
1232 10 0 0 0 0 0 0 0 0 0 0 0 
1233 10 0 0 0 0 0 0 0 0 0 0 0 
1234 10 0 0 0 0 0 0 0 0 0 0 0 
1235 10 0 0 0 0 0 0 0 0 0 0 0 
1236 10 0 0 0 0 0 0 0 0 0 0 0 
1237 10 0 0 0 0 0 0 0 0 0 0 0 
1238 10 0 0 0 0 0 0 0 0 0 0 0 
1239 10 0 0 0 0 0 0 0 0 0 0 0 
1240 10 0 0 0 0 0 0 0 0 0 0 0 
1241 10 0 0 0 0 0 0 0 0 0 0 0 
1242 10 0 0 0 0 0 0 0 0 0 0 0 
1243 10 0 0 0 0 0 0 0 0 0 0 0 
1244 10 0 0 0 0 0 0 0 0 0 0 0 
1245 10 0 0 0 0 0 0 0 0 0 0 0 
1246 10 0 0 0 0 0 0 0 0 0 0 0 
1247 10 0 0 0 0 0 0 0 0 0 0 0 
1248 10 0 0 0 0 0 0 0 0 0 0 0 
1249 10 0 0 0 0 0 0 0 0 0 0 0 
1250 10 0 0 0 0 0 0 0 0 0 0 0 
1251 10 0 0 0 0 0 0 0 0 0 0 0 
1252 10 0 0 0 0 0 0 0 0 0 0 0 
1253 10 0 0 0 0 0 0 0 0 0 0 0 
1254 10 0 0 0 0 0 0 0 0 0 0 0 
1255 10 0 0 0 0 0 0 0 0 0 0 0 
1256 10 0 0 0 0 0 0 0 0 0 0 0 
1257 10 0 0 0 0 0 0 0 0 0 0 0 
1258 10 0 0 0 0 0 0 0 0 0 0 0 
1259 10 0 0 0 0 0 0 0 0 0 0 0 
1260 10 0 0 0 0 0 0 0 0 0 0 0 
1261 10 0 0 0 0 0 0 0 0 0 0 0 
1262 10 0 0 0 0 0 0 0 0 0 0 0 
1263 10 0 0 0 0 0 0 0 0 0 0 0 
1264 10 0 0 0 0 0 0 0 0 0 0 0 
1265 10 0 0 0 0 0 0 0 0 0 0 0 
1266 10 0 0 0 0 0 0 0 0 0 0 0 
1267 10 0 0 0 0 0 0 0 0 0 0 0 
1268 10 0 0 0 0 0 0 0 0 0 0 0 
1269 10 0 0 0 0 0 0 0 0 0 0 0 
1270 10 0 0 0 0 0 0 0 0 0 0 0 
1271 10 0 0 0 0 0 0 0 0 0 0 0 
1272 10 0 0 0 0 0 0 0 0 0 0 0 
1273 10 0 0 0 0 0 0 0 0 0 0 0 
1274 10 0 0 0 0 0 0 0 0 0 0 0 
1275 10 0 0 0 0 0 0 0 0 0 0 0 
1276 10 0 0 0 0 0 0 0 0 0 0 0 
1277 10 0 0 0 0 0 0 0 0 0 0 0 
1278 10 0 0 0 0 0 0 0 0 0 0 0 
1279 10 0 0 0 0 0 0 0 0 0 0 0 
1280 10 0 0 0 0 0 0 0 0 0 0 0 
1281 10 0 0 0 0 0 0 0 0 0 0 0 
1282 10 0 0 0 0 0 0 0 0 0 0 0 
1283 10 0 0 0 0 0 0 0 0 0 0 0 
1284 10 0 0 0 0 0 0 0 0 0 0 0 
1285 10 0 0 0 0 0 0 0 0 0 0 0 
1286 10 0 0 0 0 0 0 0 0 0 0 0 
1287 10 0 0 0 0 0 0 0 0 0 0 0 
1288 10 0 0 0 0 0 0 0 0 0 0 0 
1289 10 0 0 0 0 0 0 0 0 0 0 0 
1290 10 0 0 0 0 0 0 0 0 0 0 0 
1291 10 0 0 0 0 0 0 0 0 0 0 0 
1292 10 0 0 0 0 0 0 0 0 0 0 0 
1293 10 0 0 0 0 0 0 0 0 0 0 0 
1294 10 0 0 0 0 0 0 0 0 0 0 0 
1295 10 0 0 0 0 0 0 0 0 0 0 0 
1296 10 0 0 0 0 0 0 0 0 0 0 0 
1297 10 0 0 0 0 0 0 0 0 0 0 0 
1298 10 0 0 0 0 0 0 0 0 0 0 0 
1299 10 0 0 0 0 0 0 0 0 0 0 0 
1300 10 0 0 0 0 0 0 0 0 0 0 0 
1301 10 0 0 0 0 0 0 0 0 0 0 0 
1302 10 0 0 0 0 0 0 0 0 0 0 0 
1303 10 0 0 0 0 0 0 0 0 0 0 0 
1304 10 0 0 0 0 0 0 0 0 0 0 0 
1305 10 0 0 0 0 0 0 0 0 0 0 0 
1306 10 0 0 0 0 0 0 0 0 0 0 0 
1307 10 0 0 0 0 0 0 0 0 0 0 0 
1308 10 0 0 0 0 0 0 0 0 0 0 0 
1309 10 0 0 0 0 0 0 0 0 0 0 0 
1310 10 0 0 0 0 0 0 0 0 0 0 0 
1311 10 0 0 0 0 0 0 0 0 0 0 0 
1312 10 0 0 0 0 0 0 0 0 0 0 0 
1313 10 0 0 0 0 0 0 0 0 0 0 0 
1314 10 0 0 0 0 0 0 0 0 0 0 0 
1315 10 0 0 0 0 0 0 0 0 0 0 0 
1316 10 0 0 0 0 0 0 0 0 0 0 0 
1317 10 0 0 0 0 0 0 0 0 0 0 0 
1318 10 0 0 0 0 0 0 0 0 0 0 0 
1319 10 0 0 0 0 0 0 0 0 0 0 0 
1320 10 0 0 0 0 0 0 0 0 0 0 0 
1321 10 0 0 0 0 0 0 0 0 0 0 0 
1322 10 0 0 0 0 0 0 0 0 0 0 0 
1323 10 0 0 0 0 0 0 0 0 0 0 0 
1324 10 0 0 0 0 0 0 0 0 0 0 0 
1325 10 0 0 0 0 0 0 0 0 0 0 0 
1326 10 0 0 0 0 0 0 0 0 0 0 0 
1327 10 0 0 0 0 0 0 0 0 0 0 0 
1328 10 0 0 0 0 0 0 0 0 0 0 0 
1329 10 0 0 0 0 0 0 0 0 0 0 0 
1330 10 0 0 0 0 0 0 0 0 0 0 0 
1331 10 0 0 0 0 0 0 0 0 0 0 0 
1332 10 0 0 0 0 0 0 0 0 0 0 0 
1333 10 0 0 0 0 0 0 0 0 0 0 0 
1334 10 0 0 0 0 0 0 0 0 0 0 0 
1335 10 0 0 0 0 0 0 0 0 0 0 0 
1336 10 0 0 0 0 0 0 0 0 0 0 0 
1337 10 0 0 0 0 0 0 0 0 0 0 0 
1338 10 0 0 0 0 0 0 0 0 0 0 0 
1339 10 0 0 0 0 0 0 0 0 0 0 0 
1340 10 0 0 0 0 0 0 0 0 0 0 0 
1341 10 0 0 0 0 0 0 0 0 0 0 0 
1342 10 0 0 0 0 0 0 0 0 0 0 0 
1343 10 0 0 0 0 0 0 0 0 0 0 0 
1344 10 0 0 0 0 0 0 0 0 0 0 0 
1345 10 0 0 0 0 0 0 0 0 0 0 0 
1346 10 0 0 0 0 0 0 0 0 0 0 0 
1347 10 0 0 0 0 0 0 0 0 0 0 0 
1348 10 0 0 0 0 0 0 0 0 0 0 0 
1349 10 0 0 0 0 0 0 0 0 0 0 0 
1350 10 0 0 0 0 0 0 0 0 0 0 0 
1351 10 0 0 0 0 0 0 0 0 0 0 0 
1352 10 0 0 0 0 0 0 0 0 0 0 0 
1353 10 0 0 0 0 0 0 0 0 0 0 0 
1354 10 0 0 0 0 0 0 0 0 0 0 0 
1355 10 0 0 0 0 0 0 0 0 0 0 0 
1356 10 0 0 0 0 0 0 0 0 0 0 0 
1357 10 0 0 0 0 0 0 0 0 0 0 0 
1358 10 0 0 0 0 0 0 0 0 0 0 0 
1359 10 0 0 0 0 0 0 0 0 0 0 0 
1360 10 0 0 0 0 0 0 0 0 0 0 0 
1361 10 0 0 0 0 0 0 0 0 0 0 0 
1362 10 0 0 0 0 0 0 0 0 0 0 0 
1363 10 0 0 0 0 0 0 0 0 0 0 0 
1364 10 0 0 0 0 0 0 0 0 0 0 0 
1365 10 0 0 0 0 0 0 0 0 0 0 0 
1366 10 0 0 0 0 0 0 0 0 0 0 0 
1367 10 0 0 0 0 0 0 0 0 0 0 0 
1368 10 0 0 0 0 0 0 0 0 0 0 0 
1369 10 0 0 0 0 0 0 0 0 0 0 0 
1370 10 0 0 0 0 0 0 0 0 0 0 0 
1371 10 0 0 0 0 0 0 0 0 0 0 0 
1372 10 0 0 0 0 0 0 0 0 0 0 0 
1373 10 0 0 0 0 0 0 0 0 0 0 0 
1374 10 0 0 0 0 0 0 0 0 0 0 0 
1375 10 0 0 0 0 0 0 0 0 0 0 0 
1376 10 0 0 0 0 0 0 0 0 0 0 0 
1377 10 0 0 0 0 0 0 0 0 0 0 0 
1378 10 0 0 0 0 0 0 0 0 0 0 0 
1379 10 0 0 0 0 0 0 0 0 0 0 0 
1380 10 0 0 0 0 0 0 0 0 0 0 0 
1381 10 0 0 0 0 0 0 0 0 0 0 0 
1382 10 0 0 0 0 0 0 0 0 0 0 0 
1383 10 0 0 0 0 0 0 0 0 0 0 0 
1384 10 0 0 0 0 0 0 0 0 0 0 0 
1385 10 0 0 0 0 0 0 0 0 0 0 0 
1386 10 0 0 0 0 0 0 0 0 0 0 0 
1387 10 0 0 0 0 0 0 0 0 0 0 0 
1388 10 0 0 0 0 0 0 0 0 0 0 0 
1389 10 0 0 0 0 0 0 0 0 0 0 0 
1390 10 0 0 0 0 0 0 0 0 0 0 0 
1391 10 0 0 0 0 0 0 0 0 0 0 0 
1392 10 0 0 0 0 0 0 0 0 0 0 0 
1393 10 0 0 0 0 0 0 0 0 0 0 0 
1394 10 0 0 0 0 0 0 0 0 0 0 0 
1395 10 0 0 0 0 0 0 0 0 0 0 0 
1396 10 0 0 0 0 0 0 0 0 0 0 0 
1397 10 0 0 0 0 0 0 0 0 0 0 0 
1398 10 0 0 0 0 0 0 0 0 0 0 0 
1399 10 0 0 0 0 0 0 0 0 0 0 0 
1400 10 0 0 0 0 0 0 0 0 0 0 0 
1401 10 0 0 0 0 0 0 0 0 0 0 0 
1402 10 0 0 0 0 0 0 0 0 0 0 0 
1403 10 0 0 0 0 0 0 0 0 0 0 0 
1404 10 0 0 0 0 0 0 0 0 0 0 0 
1405 10 0 0 0 0 0 0 0 0 0 0 0 
1406 10 0 0 0 0 0 0 0 0 0 0 0 
1407 10 0 0 0 0 0 0 0 0 0 0 0 
1408 10 0 0 0 0 0 0 0 0 0 0 0 
1409 10 0 0 0 0 0 0 0 0 0 0 0 
1410 10 0 0 0 0 0 0 0 0 0 0 0 
1411 10 0 0 0 0 0 0 0 0 0 0 0 
1412 10 0 0 0 0 0 0 0 0 0 0 0 
1413 10 0 0 0 0 0 0 0 0 0 0 0 
1414 10 0 0 0 0 0 0 0 0 0 0 0 
1415 10 0 0 0 0 0 0 0 0 0 0 0 
1416 10 0 0 0 0 0 0 0 0 0 0 0 
1417 10 0 0 0 0 0 0 0 0 0 0 0 
1418 10 0 0 0 0 0 0 0 0 0 0 0 
1419 10 0 0 0 0 0 0 0 0 0 0 0 
1420 10 0 0 0 0 0 0 0 0 0 0 0 
1421 10 0 0 0 0 0 0 0 0 0 0 0 
1422 10 0 0 0 0 0 0 0 0 0 0 0 
1423 10 0 0 0 0 0 0 0 0 0 0 0 
1424 10 0 0 0 0 0 0 0 0 0 0 0 
1425 10 0 0 0 0 0 0 0 0 0 0 0 
1426 10 0 0 0 0 0 0 0 0 0 0 0 
1427 10 0 0 0 0 0 0 0 0 0 0 0 
1428 10 0 0 0 0 0 0 0 0 0 0 0 
1429 10 0 0 0 0 0 0 0 0 0 0 0 
1430 10 0 0 0 0 0 0 0 0 0 0 0 
1431 10 0 0 0 0 0 0 0 0 0 0 0 
1432 10 0 0 0 0 0 0 0 0 0 0 0 
1433 10 0 0 0 0 0 0 0 0 0 0 0 
1434 10 0 0 0 0 0 0 0 0 0 0 0 
1435 10 0 0 0 0 0 0 0 0 0 0 0 
1436 10 0 0 0 0 0 0 0 0 0 0 0 
1437 10 0 0 0 0 0 0 0 0 0 0 0 
1438 10 0 0 0 0 0 0 0 0 0 0 0 
1439 10 0 0 0 0 0 0 0 0 0 0 0 
1440 10 0 0 0 0 0 0 0 0 0 0 0 
1441 10 0 0 0 0 0 0 0 0 0 0 0 
1442 10 0 0 0 0 0 0 0 0 0 0 0 
1443 10 0 0 0 0 0 0 0 0 0 0 0 
1444 10 0 0 0 0 0 0 0 0 0 0 0 
1445 10 0 0 0 0 0 0 0 0 0 0 0 
1446 10 0 0 0 0 0 0 0 0 0 0 0 
1447 10 0 0 0 0 0 0 0 0 0 0 0 
1448 10 0 0 0 0 0 0 0 0 0 0 0 
1449 10 0 0 0 0 0 0 0 0 0 0 0 
1450 10 0 0 0 0 0 0 0 0 0 0 0 
1451 10 0 0 0 0 0 0 0 0 0 0 0 
1452 10 0 0 0 0 0 0 0 0 0 0 0 
1453 10 0 0 0 0 0 0 0 0 0 0 0 
1454 10 0 0 0 0 0 0 0 0 0 0 0 
1455 10 0 0 0 0 0 0 0 0 0 0 0 
1456 10 0 0 0 0 0 0 0 0 0 0 0 
1457 10 0 0 0 0 0 0 0 0 0 0 0 
1458 10 0 0 0 0 0 0 0 0 0 0 0 
1459 10 0 0 0 0 0 0 0 0 0 0 0 
1460 10 0 0 0 0 0 0 0 0 0 0 0 
1461 10 0 0 0 0 0 0 0 0 0 0 0 
1462 10 0 0 0 0 0 0 0 0 0 0 0 
1463 10 0 0 0 0 0 0 0 0 0 0 0 
1464 10 0 0 0 0 0 0 0 0 0 0 0 
1465 10 0 0 0 0 0 0 0 0 0 0 0 
1466 10 0 0 0 0 0 0 0 0 0 0 0 
1467 10 0 0 0 0 0 0 0 0 0 0 0 
1468 10 0 0 0 0 0 0 0 0 0 0 0 
1469 10 0 0 0 0 0 0 0 0 0 0 0 
1470 10 0 0 0 0 0 0 0 0 0 0 0 
1471 10 0 0 0 0 0 0 0 0 0 0 0 
1472 10 0 0 0 0 0 0 0 0 0 0 0 
1473 10 0 0 0 0 0 0 0 0 0 0 0 
1474 10 0 0 0 0 0 0 0 0 0 0 0 
1475 10 0 0 0 0 0 0 0 0 0 0 0 
1476 10 0 0 0 0 0 0 0 0 0 0 0 
1477 10 0 0 0 0 0 0 0 0 0 0 0 
1478 10 0 0 0 0 0 0 0 0 0 0 0 
1479 10 0 0 0 0 0 0 0 0 0 0 0 
1480 10 0 0 0 0 0 0 0 0 0 0 0 
1481 10 0 0 0 0 0 0 0 0 0 0 0 
1482 10 0 0 0 0 0 0 0 0 0 0 0 
1483 10 0 0 0 0 0 0 0 0 0 0 0 
1484 10 0 0 0 0 0 0 0 0 0 0 0 
1485 10 0 0 0 0 0 0 0 0 0 0 0 
1486 10 0 0 0 0 0 0 0 0 0 0 0 
1487 10 0 0 0 0 0 0 0 0 0 0 0 
1488 10 0 0 0 0 0 0 0 0 0 0 0 
1489 10 0 0 0 0 0 0 0 0 0 0 0 
1490 10 0 0 0 0 0 0 0 0 0 0 0 
1491 10 0 0 0 0 0 0 0 0 0 0 0 
1492 10 0 0 0 0 0 0 0 0 0 0 0 
1493 10 0 0 0 0 0 0 0 0 0 0 0 
1494 10 0 0 0 0 0 0 0 0 0 0 0 
1495 10 0 0 0 0 0 0 0 0 0 0 0 
1496 10 0 0 0 0 0 0 0 0 0 0 0 
1497 10 0 0 0 0 0 0 0 0 0 0 0 
1498 10 0 0 0 0 0 0 0 0 0 0 0 
1499 10 0 0 0 0 0 0 0 0 0 0 0 
1500 10 0 0 0 0 0 0 0 0 0 0 0 
1501 10 0 0 0 0 0 0 0 0 0 0 0 
1502 10 0 0 0 0 0 0 0 0 0 0 0 
1503 10 0 0 0 0 0 0 0 0 0 0 0 
1504 10 0 0 0 0 0 0 0 0 0 0 0 
1505 10 0 0 0 0 0 0 0 0 0 0 0 
1506 10 0 0 0 0 0 0 0 0 0 0 0 
1507 10 0 0 0 0 0 0 0 0 0 0 0 
1508 10 0 0 0 0 0 0 0 0 0 0 0 
1509 10 0 0 0 0 0 0 0 0 0 0 0 
1510 10 0 0 0 0 0 0 0 0 0 0 0 
1511 10 0 0 0 0 0 0 0 0 0 0 0 
1512 10 0 0 0 0 0 0 0 0 0 0 0 
1513 10 0 0 0 0 0 0 0 0 0 0 0 
1514 10 0 0 0 0 0 0 0 0 0 0 0 
1515 10 0 0 0 0 0 0 0 0 0 0 0 
1516 10 0 0 0 0 0 0 0 0 0 0 0 
1517 10 0 0 0 0 0 0 0 0 0 0 0 
1518 10 0 0 0 0 0 0 0 0 0 0 0 
1519 10 0 0 0 0 0 0 0 0 0 0 0 
1520 10 0 0 0 0 0 0 0 0 0 0 0 
1521 10 0 0 0 0 0 0 0 0 0 0 0 
1522 10 0 0 0 0 0 0 0 0 0 0 0 
1523 10 0 0 0 0 0 0 0 0 0 0 0 
1524 10 0 0 0 0 0 0 0 0 0 0 0 
1525 10 0 0 0 0 0 0 0 0 0 0 0 
1526 10 0 0 0 0 0 0 0 0 0 0 0 
1527 10 0 0 0 0 0 0 0 0 0 0 0 
1528 10 0 0 0 0 0 0 0 0 0 0 0 
1529 10 0 0 0 0 0 0 0 0 0 0 0 
1530 10 0 0 0 0 0 0 0 0 0 0 0 
1531 10 0 0 0 0 0 0 0 0 0 0 0 
1532 10 0 0 0 0 0 0 0 0 0 0 0 
1533 10 0 0 0 0 0 0 0 0 0 0 0 
1534 10 0 0 0 0 0 0 0 0 0 0 0 
1535 10 0 0 0 0 0 0 0 0 0 0 0 
1536 10 0 0 0 0 0 0 0 0 0 0 0 
1537 10 0 0 0 0 0 0 0 0 0 0 0 
1538 10 0 0 0 0 0 0 0 0 0 0 0 
1539 10 0 0 0 0 0 0 0 0 0 0 0 
1540 10 0 0 0 0 0 0 0 0 0 0 0 
1541 10 0 0 0 0 0 0 0 0 0 0 0 
1542 10 0 0 0 0 0 0 0 0 0 0 0 
1543 10 0 0 0 0 0 0 0 0 0 0 0 
1544 10 0 0 0 0 0 0 0 0 0 0 0 
1545 10 0 0 0 0 0 0 0 0 0 0 0 
1546 10 0 0 0 0 0 0 0 0 0 0 0 
1547 10 0 0 0 0 0 0 0 0 0 0 0 
1548 10 0 0 0 0 0 0 0 0 0 0 0 
1549 10 0 0 0 0 0 0 0 0 0 0 0 
1550 10 0 0 0 0 0 0 0 0 0 0 0 
1551 10 0 0 0 0 0 0 0 0 0 0 0 
1552 10 0 0 0 0 0 0 0 0 0 0 0 
1553 10 0 0 0 0 0 0 0 0 0 0 0 
1554 10 0 0 0 0 0 0 0 0 0 0 0 
1555 10 0 0 0 0 0 0 0 0 0 0 0 
1556 10 0 0 0 0 0 0 0 0 0 0 0 
1557 10 0 0 0 0 0 0 0 0 0 0 0 
1558 10 0 0 0 0 0 0 0 0 0 0 0 
1559 10 0 0 0 0 0 0 0 0 0 0 0 
1560 10 0 0 0 0 0 0 0 0 0 0 0 
1561 10 0 0 0 0 0 0 0 0 0 0 0 
1562 10 0 0 0 0 0 0 0 0 0 0 0 
1563 10 0 0 0 0 0 0 0 0 0 0 0 
1564 10 0 0 0 0 0 0 0 0 0 0 0 
1565 10 0 0 0 0 0 0 0 0 0 0 0 
1566 10 0 0 0 0 0 0 0 0 0 0 0 
1567 10 0 0 0 0 0 0 0 0 0 0 0 
1568 10 0 0 0 0 0 0 0 0 0 0 0 
1569 10 0 0 0 0 0 0 0 0 0 0 0 
1570 10 0 0 0 0 0 0 0 0 0 0 0 
1571 10 0 0 0 0 0 0 0 0 0 0 0 
1572 10 0 0 0 0 0 0 0 0 0 0 0 
1573 10 0 0 0 0 0 0 0 0 0 0 0 
1574 10 0 0 0 0 0 0 0 0 0 0 0 
1575 10 0 0 0 0 0 0 0 0 0 0 0 
1576 10 0 0 0 0 0 0 0 0 0 0 0 
1577 10 0 0 0 0 0 0 0 0 0 0 0 
1578 10 0 0 0 0 0 0 0 0 0 0 0 
1579 10 0 0 0 0 0 0 0 0 0 0 0 
1580 10 0 0 0 0 0 0 0 0 0 0 0 
1581 10 0 0 0 0 0 0 0 0 0 0 0 
1582 10 0 0 0 0 0 0 0 0 0 0 0 
1583 10 0 0 0 0 0 0 0 0 0 0 0 
1584 10 0 0 0 0 0 0 0 0 0 0 0 
1585 10 0 0 0 0 0 0 0 0 0 0 0 
1586 10 0 0 0 0 0 0 0 0 0 0 0 
1587 10 0 0 0 0 0 0 0 0 0 0 0 
1588 10 0 0 0 0 0 0 0 0 0 0 0 
1589 10 0 0 0 0 0 0 0 0 0 0 0 
1590 10 0 0 0 0 0 0 0 0 0 0 0 
1591 10 0 0 0 0 0 0 0 0 0 0 0 
1592 10 0 0 0 0 0 0 0 0 0 0 0 
1593 10 0 0 0 0 0 0 0 0 0 0 0 
1594 10 0 0 0 0 0 0 0 0 0 0 0 
1595 10 0 0 0 0 0 0 0 0 0 0 0 
1596 10 0 0 0 0 0 0 0 0 0 0 0 
1597 10 0 0 0 0 0 0 0 0 0 0 0 
1598 10 0 0 0 0 0 0 0 0 0 0 0 
1599 10 0 0 0 0 0 0 0 0 0 0 0 
1600 10 0 0 0 0 0 0 0 0 0 0 0 
1601 10 0 0 0 0 0 0 0 0 0 0 0 
1602 10 0 0 0 0 0 0 0 0 0 0 0 
1603 10 0 0 0 0 0 0 0 0 0 0 0 
1604 10 0 0 0 0 0 0 0 0 0 0 0 
1605 10 0 0 0 0 0 0 0 0 0 0 0 
1606 10 0 0 0 0 0 0 0 0 0 0 0 
1607 10 0 0 0 0 0 0 0 0 0 0 0 
1608 10 0 0 0 0 0 0 0 0 0 0 0 
1609 10 0 0 0 0 0 0 0 0 0 0 0 
1610 10 0 0 0 0 0 0 0 0 0 0 0 
1611 10 0 0 0 0 0 0 0 0 0 0 0 
1612 10 0 0 0 0 0 0 0 0 0 0 0 
1613 10 0 0 0 0 0 0 0 0 0 0 0 
1614 10 0 0 0 0 0 0 0 0 0 0 0 
1615 10 0 0 0 0 0 0 0 0 0 0 0 
1616 10 0 0 0 0 0 0 0 0 0 0 0 
1617 10 0 0 0 0 0 0 0 0 0 0 0 
1618 10 0 0 0 0 0 0 0 0 0 0 0 
1619 10 0 0 0 0 0 0 0 0 0 0 0 
1620 10 0 0 0 0 0 0 0 0 0 0 0 
1621 10 0 0 0 0 0 0 0 0 0 0 0 
1622 10 0 0 0 0 0 0 0 0 0 0 0 
1623 10 0 0 0 0 0 0 0 0 0 0 0 
1624 10 0 0 0 0 0 0 0 0 0 0 0 
1625 10 0 0 0 0 0 0 0 0 0 0 0 
1626 10 0 0 0 0 0 0 0 0 0 0 0 
1627 10 0 0 0 0 0 0 0 0 0 0 0 
1628 10 0 0 0 0 0 0 0 0 0 0 0 
1629 10 0 0 0 0 0 0 0 0 0 0 0 
1630 10 0 0 0 0 0 0 0 0 0 0 0 
1631 10 0 0 0 0 0 0 0 0 0 0 0 
1632 10 0 0 0 0 0 0 0 0 0 0 0 
1633 10 0 0 0 0 0 0 0 0 0 0 0 
1634 10 0 0 0 0 0 0 0 0 0 0 0 
1635 10 0 0 0 0 0 0 0 0 0 0 0 
1636 10 0 0 0 0 0 0 0 0 0 0 0 
1637 10 0 0 0 0 0 0 0 0 0 0 0 
1638 10 0 0 0 0 0 0 0 0 0 0 0 
1639 10 0 0 0 0 0 0 0 0 0 0 0 
1640 10 0 0 0 0 0 0 0 0 0 0 0 
1641 10 0 0 0 0 0 0 0 0 0 0 0 
1642 10 0 0 0 0 0 0 0 0 0 0 0 
1643 10 0 0 0 0 0 0 0 0 0 0 0 
1644 10 0 0 0 0 0 0 0 0 0 0 0 
1645 10 0 0 0 0 0 0 0 0 0 0 0 
1646 10 0 0 0 0 0 0 0 0 0 0 0 
1647 10 0 0 0 0 0 0 0 0 0 0 0 
1648 10 0 0 0 0 0 0 0 0 0 0 0 
1649 10 0 0 0 0 0 0 0 0 0 0 0 
1650 10 0 0 0 0 0 0 0 0 0 0 0 
1651 10 8 0 0 0 0 0 0 0 0 0 0 
1652 10 9 0 0 0 0 0 0 0 0 0 0 
1653 10 10 0 0 0 0 0 0 0 0 0 0 
1654 10 11 0 0 0 0 0 0 0 0 0 0 
1655 10 0 0 0 0 0 0 0 0 0 0 0 
1656 10 0 0 0 0 0 0 0 0 0 0 0 
1657 10 0 0 0 0 0 0 0 0 0 0 0 
1658 10 0 0 0 0 0 0 0 0 0 0 0 
1659 10 13 0 0 0 0 0 0 0 0 0 0 
1660 10 14 0 0 0 0 0 0 0 0 0 0 
1661 10 15 0 0 0 0 0 0 0 0 0 0 
1662 10 16 0 0 0 0 0 0 0 0 0 0 
1663 10 0 0 0 0 0 0 0 0 0 0 0 
1664 10 0 0 0 0 0 0 0 0 0 0 0 
1665 10 0 0 0 0 0 0 0 0 0 0 0 
1666 10 0 0 0 0 0 0 0 0 0 0 0 
1667 10 0 0 0 0 0 0 0 0 0 0 0 
1668 10 0 0 0 0 0 0 0 0 0 0 0 
1669 10 0 0 0 0 0 0 0 0 0 0 0 
1670 10 0 0 0 0 0 0 0 0 0 0 0 
1671 10 0 0 0 0 0 0 0 0 0 0 0 
1672 10 0 0 0 0 0 0 0 0 0 0 0 
1673 10 0 0 0 0 0 0 0 0 0 0 0 
1674 10 0 0 0 0 0 0 0 0 0 0 0 
1675 10 0 0 0 0 0 0 0 0 0 0 0 
1676 10 0 0 0 0 0 0 0 0 0 0 0 
1677 10 0 0 0 0 0 0 0 0 0 0 0 
1678 10 0 0 0 0 0 0 0 0 0 0 0 
1679 10 0 0 0 0 0 0 0 0 0 0 0 
1680 10 0 0 0 0 0 0 0 0 0 0 0 
1681 10 0 0 0 0 0 0 0 0 0 0 0 
1682 10 0 0 0 0 0 0 0 0 0 0 0 
1683 10 0 0 0 0 0 0 0 0 0 0 0 
1684 10 0 0 0 0 0 0 0 0 0 0 0 
1685 10 0 0 0 0 0 0 0 0 0 0 0 
1686 10 0 0 0 0 0 0 0 0 0 0 0 
1687 10 0 0 0 0 0 0 0 0 0 0 0 
1688 10 0 0 0 0 0 0 0 0 0 0 0 
1689 10 0 0 0 0 0 0 0 0 0 0 0 
1690 10 0 0 0 0 0 0 0 0 0 0 0 
1691 10 0 0 0 0 0 0 0 0 0 0 0 
1692 10 0 0 0 0 0 0 0 0 0 0 0 
1693 10 0 0 0 0 0 0 0 0 0 0 0 
1694 10 0 0 0 0 0 0 0 0 0 0 0 
1695 10 18 0 0 0 0 0 0 0 0 0 0 
1696 10 19 0 0 0 0 0 0 0 0 0 0 
1697 10 20 0 0 0 0 0 0 0 0 0 0 
1698 10 21 0 0 0 0 0 0 0 0 0 0 
1699 10 22 0 0 0 0 0 0 0 0 0 0 
1700 10 23 0 0 0 0 0 0 0 0 0 0 
1701 10 0 0 0 0 0 0 0 0 0 0 0 
1702 10 0 0 0 0 0 0 0 0 0 0 0 
1703 10 25 0 0 0 0 0 0 0 0 0 0 
1704 10 26 0 0 0 0 0 0 0 0 0 0 
1705 10 27 0 0 0 0 0 0 0 0 0 0 
1706 10 28 0 0 0 0 0 0 0 0 0 0 
1707 10 29 0 0 0 0 0 0 0 0 0 0 
1708 10 30 0 0 0 0 0 0 0 0 0 0 
1709 10 31 0 0 0 0 0 0 0 0 0 0 
1710 10 32 0 0 0 0 0 0 0 0 0 0 
1711 10 0 0 0 0 0 0 0 0 0 0 0 
1712 10 0 0 0 0 0 0 0 0 0 0 0 
1713 10 0 0 0 0 0 0 0 0 0 0 0 
1714 10 0 0 0 0 0 0 0 0 0 0 0 
1715 10 0 0 0 0 0 0 0 0 0 0 0 
1716 10 0 0 0 0 0 0 0 0 0 0 0 
1717 10 0 0 0 0 0 0 0 0 0 0 0 
1718 10 0 0 0 0 0 0 0 0 0 0 0 
1719 10 0 0 0 0 0 0 0 0 0 0 0 
1720 10 0 0 0 0 0 0 0 0 0 0 0 
1721 10 0 0 0 0 0 0 0 0 0 0 0 
1722 10 0 0 0 0 0 0 0 0 0 0 0 
1723 10 0 0 0 0 0 0 0 0 0 0 0 
1724 10 0 0 0 0 0 0 0 0 0 0 0 
1725 10 0 0 0 0 0 0 0 0 0 0 0 
1726 10 0 0 0 0 0 0 0 0 0 0 0 
1727 10 0 0 0 0 0 0 0 0 0 0 0 
1728 10 0 0 0 0 0 0 0 0 0 0 0 
1729 10 0 0 0 0 0 0 0 0 0 0 0 
1730 10 0 0 0 0 0 0 0 0 0 0 0 
1731 10 0 0 0 0 0 0 0 0 0 0 0 
1732 10 0 0 0 0 0 0 0 0 0 0 0 
1733 10 0 0 0 0 0 0 0 0 0 0 0 
1734 10 0 0 0 0 0 0 0 0 0 0 0 
1735 10 0 0 0 0 0 0 0 0 0 0 0 
1736 10 0 0 0 0 0 0 0 0 0 0 0 
1737 10 0 0 0 0 0 0 0 0 0 0 0 
1738 10 0 0 0 0 0 0 0 0 0 0 0 
1739 10 0 0 0 0 0 0 0 0 0 0 0 
1740 10 0 0 0 0 0 0 0 0 0 0 0 
1741 10 0 0 0 0 0 0 0 0 0 0 0 
1742 10 0 0 0 0 0 0 0 0 0 0 0 
1743 10 0 0 0 0 0 0 0 0 0 0 0 
1744 10 0 0 0 0 0 0 0 0 0 0 0 
1745 10 0 0 0 0 0 0 0 0 0 0 0 
1746 10 0 0 0 0 0 0 0 0 0 0 0 
1747 10 0 0 0 0 0 0 0 0 0 0 0 
1748 10 0 0 0 0 0 0 0 0 0 0 0 
1749 10 0 0 0 0 0 0 0 0 0 0 0 
1750 10 0 0 0 0 0 0 0 0 0 0 0 
1751 10 0 0 0 0 0 0 0 0 0 0 0 
1752 10 0 0 0 0 0 0 0 0 0 0 0 
1753 10 0 0 0 0 0 0 0 0 0 0 0 
1754 10 0 0 0 0 0 0 0 0 0 0 0 
1755 10 0 0 0 0 0 0 0 0 0 0 0 
1756 10 0 0 0 0 0 0 0 0 0 0 0 
1757 10 0 0 0 0 0 0 0 0 0 0 0 
1758 10 0 0 0 0 0 0 0 0 0 0 0 
1759 10 0 0 0 0 0 0 0 0 0 0 0 
1760 10 0 0 0 0 0 0 0 0 0 0 0 
1761 10 0 0 0 0 0 0 0 0 0 0 0 
1762 10 0 0 0 0 0 0 0 0 0 0 0 
1763 10 0 0 0 0 0 0 0 0 0 0 0 
1764 10 0 0 0 0 0 0 0 0 0 0 0 
1765 10 0 0 0 0 0 0 0 0 0 0 0 
1766 10 0 0 0 0 0 0 0 0 0 0 0 
1767 10 0 0 0 0 0 0 0 0 0 0 0 
1768 10 0 0 0 0 0 0 0 0 0 0 0 
1769 10 0 0 0 0 0 0 0 0 0 0 0 
1770 10 0 0 0 0 0 0 0 0 0 0 0 
1771 10 0 0 0 0 0 0 0 0 0 0 0 
1772 10 0 0 0 0 0 0 0 0 0 0 0 
1773 10 0 0 0 0 0 0 0 0 0 0 0 
1774 10 0 0 0 0 0 0 0 0 0 0 0 
1775 10 0 0 0 0 0 0 0 0 0 0 0 
1776 10 0 0 0 0 0 0 0 0 0 0 0 
1777 10 0 0 0 0 0 0 0 0 0 0 0 
1778 10 0 0 0 0 0 0 0 0 0 0 0 
1779 10 0 0 0 0 0 0 0 0 0 0 0 
1780 10 0 0 0 0 0 0 0 0 0 0 0 
1781 10 0 0 0 0 0 0 0 0 0 0 0 
1782 10 0 0 0 0 0 0 0 0 0 0 0 
1783 10 0 0 0 0 0 0 0 0 0 0 0 
1784 10 0 0 0 0 0 0 0 0 0 0 0 
1785 10 0 0 0 0 0 0 0 0 0 0 0 
1786 10 0 0 0 0 0 0 0 0 0 0 0 
1787 10 0 0 0 0 0 0 0 0 0 0 0 
1788 10 0 0 0 0 0 0 0 0 0 0 0 
1789 10 0 0 0 0 0 0 0 0 0 0 0 
1790 10 0 0 0 0 0 0 0 0 0 0 0 
1791 10 0 0 0 0 0 0 0 0 0 0 0 
1792 10 0 0 0 0 0 0 0 0 0 0 0 
1793 10 0 0 0 0 0 0 0 0 0 0 0 
1794 10 0 0 0 0 0 0 0 0 0 0 0 
1795 10 0 0 0 0 0 0 0 0 0 0 0 
1796 10 0 0 0 0 0 0 0 0 0 0 0 
1797 10 0 0 0 0 0 0 0 0 0 0 0 
1798 10 0 0 0 0 0 0 0 0 0 0 0 
1799 10 0 0 0 0 0 0 0 0 0 0 0 
1800 10 0 0 0 0 0 0 0 0 0 0 0 
1801 10 0 0 0 0 0 0 0 0 0 0 0 
1802 10 0 0 0 0 0 0 0 0 0 0 0 
1803 10 0 0 0 0 0 0 0 0 0 0 0 
1804 10 0 0 0 0 0 0 0 0 0 0 0 
1805 10 0 0 0 0 0 0 0 0 0 0 0 
1806 10 0 0 0 0 0 0 0 0 0 0 0 
1807 10 0 0 0 0 0 0 0 0 0 0 0 
1808 10 0 0 0 0 0 0 0 0 0 0 0 
1809 10 0 0 0 0 0 0 0 0 0 0 0 
1810 10 0 0 0 0 0 0 0 0 0 0 0 
1811 10 0 0 0 0 0 0 0 0 0 0 0 
1812 10 0 0 0 0 0 0 0 0 0 0 0 
1813 10 0 0 0 0 0 0 0 0 0 0 0 
1814 10 0 0 0 0 0 0 0 0 0 0 0 
1815 10 0 0 0 0 0 0 0 0 0 0 0 
1816 10 0 0 0 0 0 0 0 0 0 0 0 
1817 10 0 0 0 0 0 0 0 0 0 0 0 
1818 10 0 0 0 0 0 0 0 0 0 0 0 
1819 10 0 0 0 0 0 0 0 0 0 0 0 
1820 10 0 0 0 0 0 0 0 0 0 0 0 
1821 10 0 0 0 0 0 0 0 0 0 0 0 
1822 10 0 0 0 0 0 0 0 0 0 0 0 
1823 10 0 0 0 0 0 0 0 0 0 0 0 
1824 10 0 0 0 0 0 0 0 0 0 0 0 
1825 10 0 0 0 0 0 0 0 0 0 0 0 
1826 10 0 0 0 0 0 0 0 0 0 0 0 
1827 10 0 0 0 0 0 0 0 0 0 0 0 
1828 10 0 0 0 0 0 0 0 0 0 0 0 
1829 10 0 0 0 0 0 0 0 0 0 0 0 
1830 10 0 0 0 0 0 0 0 0 0 0 0 
1831 10 0 0 0 0 0 0 0 0 0 0 0 
1832 10 0 0 0 0 0 0 0 0 0 0 0 
1833 10 0 0 0 0 0 0 0 0 0 0 0 
1834 10 0 0 0 0 0 0 0 0 0 0 0 
1835 10 0 0 0 0 0 0 0 0 0 0 0 
1836 10 0 0 0 0 0 0 0 0 0 0 0 
1837 10 0 0 0 0 0 0 0 0 0 0 0 
1838 10 0 0 0 0 0 0 0 0 0 0 0 
1839 10 0 0 0 0 0 0 0 0 0 0 0 
1840 10 0 0 0 0 0 0 0 0 0 0 0 
1841 10 0 0 0 0 0 0 0 0 0 0 0 
1842 10 0 0 0 0 0 0 0 0 0 0 0 
1843 10 0 0 0 0 0 0 0 0 0 0 0 
1844 10 0 0 0 0 0 0 0 0 0 0 0 
1845 10 0 0 0 0 0 0 0 0 0 0 0 
1846 10 0 0 0 0 0 0 0 0 0 0 0 
1847 10 0 0 0 0 0 0 0 0 0 0 0 
1848 10 0 0 0 0 0 0 0 0 0 0 0 
1849 10 0 0 0 0 0 0 0 0 0 0 0 
1850 10 0 0 0 0 0 0 0 0 0 0 0 
1851 10 0 0 0 0 0 0 0 0 0 0 0 
1852 10 0 0 0 0 0 0 0 0 0 0 0 
1853 10 0 0 0 0 0 0 0 0 0 0 0 
1854 10 0 0 0 0 0 0 0 0 0 0 0 
1855 10 0 0 0 0 0 0 0 0 0 0 0 
1856 10 0 0 0 0 0 0 0 0 0 0 0 
1857 10 0 0 0 0 0 0 0 0 0 0 0 
1858 10 0 0 0 0 0 0 0 0 0 0 0 
1859 10 0 0 0 0 0 0 0 0 0 0 0 
1860 10 0 0 0 0 0 0 0 0 0 0 0 
1861 10 0 0 0 0 0 0 0 0 0 0 0 
1862 10 0 0 0 0 0 0 0 0 0 0 0 
1863 10 0 0 0 0 0 0 0 0 0 0 0 
1864 10 0 0 0 0 0 0 0 0 0 0 0 
1865 10 0 0 0 0 0 0 0 0 0 0 0 
1866 10 0 0 0 0 0 0 0 0 0 0 0 
1867 10 0 0 0 0 0 0 0 0 0 0 0 
1868 10 0 0 0 0 0 0 0 0 0 0 0 
1869 10 0 0 0 0 0 0 0 0 0 0 0 
1870 10 0 0 0 0 0 0 0 0 0 0 0 
1871 10 0 0 0 0 0 0 0 0 0 0 0 
1872 10 0 0 0 0 0 0 0 0 0 0 0 
1873 10 0 0 0 0 0 0 0 0 0 0 0 
1874 10 0 0 0 0 0 0 0 0 0 0 0 
1875 10 0 0 0 0 0 0 0 0 0 0 0 
1876 10 0 0 0 0 0 0 0 0 0 0 0 
1877 10 0 0 0 0 0 0 0 0 0 0 0 
1878 10 0 0 0 0 0 0 0 0 0 0 0 
1879 10 0 0 0 0 0 0 0 0 0 0 0 
1880 10 0 0 0 0 0 0 0 0 0 0 0 
1881 10 0 0 0 0 0 0 0 0 0 0 0 
1882 10 0 0 0 0 0 0 0 0 0 0 0 
1883 10 0 0 0 0 0 0 0 0 0 0 0 
1884 10 0 0 0 0 0 0 0 0 0 0 0 
1885 10 0 0 0 0 0 0 0 0 0 0 0 
1886 10 0 0 0 0 0 0 0 0 0 0 0 
1887 10 0 0 0 0 0 0 0 0 0 0 0 
1888 10 0 0 0 0 0 0 0 0 0 0 0 
1889 10 0 0 0 0 0 0 0 0 0 0 0 
1890 10 0 0 0 0 0 0 0 0 0 0 0 
1891 10 0 0 0 0 0 0 0 0 0 0 0 
1892 10 0 0 0 0 0 0 0 0 0 0 0 
1893 10 0 0 0 0 0 0 0 0 0 0 0 
1894 10 0 0 0 0 0 0 0 0 0 0 0 
1895 10 0 0 0 0 0 0 0 0 0 0 0 
1896 10 0 0 0 0 0 0 0 0 0 0 0 
1897 10 0 0 0 0 0 0 0 0 0 0 0 
1898 10 0 0 0 0 0 0 0 0 0 0 0 
1899 10 0 0 0 0 0 0 0 0 0 0 0 
1900 10 0 0 0 0 0 0 0 0 0 0 0 
1901 10 0 0 0 0 0 0 0 0 0 0 0 
1902 10 0 0 0 0 0 0 0 0 0 0 0 
1903 10 0 0 0 0 0 0 0 0 0 0 0 
1904 10 0 0 0 0 0 0 0 0 0 0 0 
1905 10 0 0 0 0 0 0 0 0 0 0 0 
1906 10 0 0 0 0 0 0 0 0 0 0 0 
1907 10 0 0 0 0 0 0 0 0 0 0 0 
1908 10 0 0 0 0 0 0 0 0 0 0 0 
1909 10 0 0 0 0 0 0 0 0 0 0 0 
1910 10 0 0 0 0 0 0 0 0 0 0 0 
1911 10 0 0 0 0 0 0 0 0 0 0 0 
1912 10 0 0 0 0 0 0 0 0 0 0 0 
1913 10 0 0 0 0 0 0 0 0 0 0 0 
1914 10 0 0 0 0 0 0 0 0 0 0 0 
1915 10 0 0 0 0 0 0 0 0 0 0 0 
1916 10 0 0 0 0 0 0 0 0 0 0 0 
1917 10 0 0 0 0 0 0 0 0 0 0 0 
1918 10 0 0 0 0 0 0 0 0 0 0 0 
1919 10 0 0 0 0 0 0 0 0 0 0 0 
1920 10 0 0 0 0 0 0 0 0 0 0 0 
1921 10 0 0 0 0 0 0 0 0 0 0 0 
1922 10 0 0 0 0 0 0 0 0 0 0 0 
1923 10 0 0 0 0 0 0 0 0 0 0 0 
1924 10 0 0 0 0 0 0 0 0 0 0 0 
1925 10 0 0 0 0 0 0 0 0 0 0 0 
1926 10 0 0 0 0 0 0 0 0 0 0 0 
1927 10 0 0 0 0 0 0 0 0 0 0 0 
1928 10 0 0 0 0 0 0 0 0 0 0 0 
1929 10 0 0 0 0 0 0 0 0 0 0 0 
1930 10 0 0 0 0 0 0 0 0 0 0 0 
1931 10 0 0 0 0 0 0 0 0 0 0 0 
1932 10 0 0 0 0 0 0 0 0 0 0 0 
1933 10 0 0 0 0 0 0 0 0 0 0 0 
1934 10 0 0 0 0 0 0 0 0 0 0 0 
1935 10 0 0 0 0 0 0 0 0 0 0 0 
1936 10 0 0 0 0 0 0 0 0 0 0 0 
1937 10 0 0 0 0 0 0 0 0 0 0 0 
1938 10 0 0 0 0 0 0 0 0 0 0 0 
1939 10 0 0 0 0 0 0 0 0 0 0 0 
1940 10 0 0 0 0 0 0 0 0 0 0 0 
1941 10 0 0 0 0 0 0 0 0 0 0 0 
1942 10 0 0 0 0 0 0 0 0 0 0 0 
1943 10 0 0 0 0 0 0 0 0 0 0 0 
1944 10 0 0 0 0 0 0 0 0 0 0 0 
1945 10 0 0 0 0 0 0 0 0 0 0 0 
1946 10 0 0 0 0 0 0 0 0 0 0 0 
1947 10 0 0 0 0 0 0 0 0 0 0 0 
1948 10 0 0 0 0 0 0 0 0 0 0 0 
1949 10 0 0 0 0 0 0 0 0 0 0 0 
1950 10 0 0 0 0 0 0 0 0 0 0 0 
1951 10 0 0 0 0 0 0 0 0 0 0 0 
1952 10 0 0 0 0 0 0 0 0 0 0 0 
1953 10 0 0 0 0 0 0 0 0 0 0 0 
1954 10 0 0 0 0 0 0 0 0 0 0 0 
1955 10 0 0 0 0 0 0 0 0 0 0 0 
1956 10 0 0 0 0 0 0 0 0 0 0 0 
1957 10 0 0 0 0 0 0 0 0 0 0 0 
1958 10 0 0 0 0 0 0 0 0 0 0 0 
1959 10 0 0 0 0 0 0 0 0 0 0 0 
1960 10 0 0 0 0 0 0 0 0 0 0 0 
1961 10 0 0 0 0 0 0 0 0 0 0 0 
1962 10 0 0 0 0 0 0 0 0 0 0 0 
1963 10 0 0 0 0 0 0 0 0 0 0 0 
1964 10 0 0 0 0 0 0 0 0 0 0 0 
1965 10 0 0 0 0 0 0 0 0 0 0 0 
1966 10 0 0 0 0 0 0 0 0 0 0 0 
1967 10 0 0 0 0 0 0 0 0 0 0 0 
1968 10 0 0 0 0 0 0 0 0 0 0 0 
1969 10 0 0 0 0 0 0 0 0 0 0 0 
1970 10 0 0 0 0 0 0 0 0 0 0 0 
1971 10 0 0 0 0 0 0 0 0 0 0 0 
1972 10 0 0 0 0 0 0 0 0 0 0 0 
1973 10 0 0 0 0 0 0 0 0 0 0 0 
1974 10 0 0 0 0 0 0 0 0 0 0 0 
1975 10 0 0 0 0 0 0 0 0 0 0 0 
1976 10 0 0 0 0 0 0 0 0 0 0 0 
1977 10 0 0 0 0 0 0 0 0 0 0 0 
1978 10 0 0 0 0 0 0 0 0 0 0 0 
1979 10 0 0 0 0 0 0 0 0 0 0 0 
1980 10 0 0 0 0 0 0 0 0 0 0 0 
1981 10 0 0 0 0 0 0 0 0 0 0 0 
1982 10 0 0 0 0 0 0 0 0 0 0 0 
1983 10 0 0 0 0 0 0 0 0 0 0 0 
1984 10 0 0 0 0 0 0 0 0 0 0 0 
1985 10 0 0 0 0 0 0 0 0 0 0 0 
1986 10 0 0 0 0 0 0 0 0 0 0 0 
1987 10 0 0 0 0 0 0 0 0 0 0 0 
1988 10 0 0 0 0 0 0 0 0 0 0 0 
1989 10 0 0 0 0 0 0 0 0 0 0 0 
1990 10 0 0 0 0 0 0 0 0 0 0 0 
1991 10 0 0 0 0 0 0 0 0 0 0 0 
1992 10 0 0 0 0 0 0 0 0 0 0 0 
1993 10 0 0 0 0 0 0 0 0 0 0 0 
1994 10 0 0 0 0 0 0 0 0 0 0 0 
1995 10 0 0 0 0 0 0 0 0 0 0 0 
1996 10 0 0 0 0 0 0 0 0 0 0 0 
1997 10 0 0 0 0 0 0 0 0 0 0 0 
1998 10 0 0 0 0 0 0 0 0 0 0 0 
1999 10 0 0 0 0 0 0 0 0 0 0 0 
2000 10 0 0 0 0 0 0 0 0 0 0 0 
2001 10 0 0 0 0 0 0 0 0 0 0 0 
2002 10 0 0 0 0 0 0 0 0 0 0 0 
2003 10 0 0 0 0 0 0 0 0 0 0 0 
2004 10 0 0 0 0 0 0 0 0 0 0 0 
2005 10 0 0 0 0 0 0 0 0 0 0 0 
2006 10 0 0 0 0 0 0 0 0 0 0 0 
2007 10 0 0 0 0 0 0 0 0 0 0 0 
2008 10 0 0 0 0 0 0 0 0 0 0 0 
2009 10 0 0 0 0 0 0 0 0 0 0 0 
2010 10 0 0 0 0 0 0 0 0 0 0 0 
2011 10 0 0 0 0 0 0 0 0 0 0 0 
2012 10 0 0 0 0 0 0 0 0 0 0 0 
2013 10 0 0 0 0 0 0 0 0 0 0 0 
2014 10 0 0 0 0 0 0 0 0 0 0 0 
2015 10 0 0 0 0 0 0 0 0 0 0 0 
2016 10 0 0 0 0 0 0 0 0 0 0 0 
2017 10 0 0 0 0 0 0 0 0 0 0 0 
2018 10 0 0 0 0 0 0 0 0 0 0 0 
2019 10 0 0 0 0 0 0 0 0 0 0 0 
2020 10 0 0 0 0 0 0 0 0 0 0 0 
2021 10 0 0 0 0 0 0 0 0 0 0 0 
2022 10 0 0 0 0 0 0 0 0 0 0 0 
2023 10 0 0 0 0 0 0 0 0 0 0 0 
2024 10 0 0 0 0 0 0 0 0 0 0 0 
2025 10 0 0 0 0 0 0 0 0 0 0 0 
2026 10 0 0 0 0 0 0 0 0 0 0 0 
2027 10 0 0 0 0 0 0 0 0 0 0 0 
2028 10 0 0 0 0 0 0 0 0 0 0 0 
2029 10 0 0 0 0 0 0 0 0 0 0 0 
2030 10 0 0 0 0 0 0 0 0 0 0 0 
2031 10 0 0 0 0 0 0 0 0 0 0 0 
2032 10 0 0 0 0 0 0 0 0 0 0 0 
2033 10 0 0 0 0 0 0 0 0 0 0 0 
2034 10 0 0 0 0 0 0 0 0 0 0 0 
2035 10 0 0 0 0 0 0 0 0 0 0 0 
2036 10 0 0 0 0 0 0 0 0 0 0 0 
2037 10 0 0 0 0 0 0 0 0 0 0 0 
2038 10 0 0 0 0 0 0 0 0 0 0 0 
2039 10 0 0 0 0 0 0 0 0 0 0 0 
2040 10 0 0 0 0 0 0 0 0 0 0 0 
2041 10 0 0 0 0 0 0 0 0 0 0 0 
2042 10 0 0 0 0 0 0 0 0 0 0 0 
2043 10 0 0 0 0 0 0 0 0 0 0 0 
2044 10 0 0 0 0 0 0 0 0 0 0 0 
2045 10 0 0 0 0 0 0 0 0 0 0 0 
2046 10 0 0 0 0 0 0 0 0 0 0 0 

0 4 1 2 bottle_2 0.00186858 3 -36 -103 264 -1 -103 6 39 -103 186 
1 4 1 2 bottle_2 0.00531679 2 14 -3 240 9 2 30 
2 4 1 2 bottle_2 0.0441176 2 39 -73 150 39 -88 60 
3 4 1 2 bottle_2 0.950495 16 39 -93 150 29 -93 264 29 -98 282 34 -98 312 34 -98 288 34 -98 282 39 -103 6 29 -98 264 34 -103 288 -36 -98 60 29 -103 330 39 -103 300 -36 -98 84 39 -103 330 39 -103 144 -31 -103 72 
4 4 1 2 bottle_2 0.545455 1 39 -103 72 
5 4 1 2 bottle_2 0.360902 8 34 -88 300 39 -88 210 39 -83 30 34 -83 312 39 -78 6 34 -78 282 39 -78 330 39 -78 264 
6 4 1 2 bottle_2 0.246575 3 4 -18 234 -21 -23 288 4 -3 54 
7 4 0 
8 4 1 2 bottle_2 1 1 -1 -23 234 
9 4 1 2 bottle_2 1 11 -6 2 234 9 -23 6 -6 -23 234 -1 -28 264 -11 -3 288 -16 -23 288 -6 -28 60 -1 -3 264 -6 2 60 -6 -3 54 -6 -8 60 
10 4 1 2 bottle_2 0.946695 74 -11 -33 282 -26 -93 60 -21 -93 60 -26 -93 6 14 -103 42 -11 -93 54 -6 -103 42 9 -103 30 -6 -93 54 -11 -103 6 34 -93 6 -16 -103 30 9 -103 6 -1 -103 30 19 -103 30 -6 -93 42 -1 -93 42 -6 -103 60 14 -93 30 19 -103 54 -1 -93 30 29 -93 30 19 -103 60 -31 -93 330 -31 -93 312 4 -103 72 34 -93 54 24 -93 30 19 -93 6 -36 -93 234 19 -103 72 -21 -103 234 -21 -103 330 -6 -93 84 -11 -103 330 4 -103 132 -11 -103 210 -16 -103 210 -21 -103 288 -16 -103 300 -1 -28 150 9 -73 132 19 -73 186 19 -78 288 -21 -103 312 -6 -103 210 -6 -103 330 4 -103 330 -16 -93 132 -26 -93 300 4 -93 60 -16 -103 288 -11 -103 300 -6 -78 72 -11 -78 72 9 -103 300 14 -73 132 -26 -93 150 -21 -103 6 9 -103 144 4 -73 264 -1 -103 150 9 -73 144 -6 -103 186 9 -93 60 14 -98 60 -6 -103 282 24 -93 60 -21 -78 186 -16 -103 84 -21 -93 312 -21 -93 300 14 -93 60 14 -73 300 
11 4 1 2 bottle_2 0.990792 269 24 -103 84 -31 -93 264 14 -103 312 4 -93 72 29 -78 84 -16 -98 132 -16 -98 144 -26 -93 240 -1 -78 72 9 -98 72 9 -93 72 4 -103 240 -16 -93 288 24 -103 30 -1 -78 60 14 -103 300 24 -103 54 19 -93 60 29 -93 234 14 -73 312 29 -98 6 4 -98 84 -11 -93 144 9 -98 42 -1 -98 84 14 -98 72 4 -78 54 24 -98 54 -11 -98 144 -21 -93 330 24 -78 60 34 -93 132 14 -98 6 -21 -78 300 14 -103 330 24 -93 282 24 -103 6 29 -93 210 -1 -78 132 34 -98 30 34 -93 186 -6 -98 132 -16 -93 282 -16 -98 30 9 -98 30 19 -98 132 9 -78 300 -6 -78 210 34 -98 42 -1 -78 30 -6 -78 30 9 -78 54 4 -73 312 -16 -78 288 -1 -78 330 -6 -78 282 -6 -78 300 14 -78 6 4 -98 144 19 -78 6 19 -93 84 -21 -103 60 -36 -88 282 24 -98 84 4 -78 330 -16 -93 186 29 -98 54 -16 -93 240 34 -88 60 -26 -98 42 39 -98 72 14 -98 144 -16 -98 60 -21 -103 186 9 -78 186 -1 -78 282 4 -78 288 -26 -98 60 -11 -93 264 -6 -93 264 -1 -93 264 -11 -98 54 9 -93 312 9 -78 60 29 -98 72 34 -98 60 9 -98 150 14 -78 60 14 -93 282 -1 -93 282 4 -93 210 14 -78 72 -6 -98 72 34 -88 72 19 -98 144 -11 -98 186 -16 -98 186 -6 -98 60 -1 -78 6 -1 -78 144 19 -93 186 24 -88 288 -6 -98 300 -6 -98 54 19 -78 132 -6 -98 30 -11 -98 42 34 -88 132 -21 -98 234 -31 -83 234 -26 -83 6 -26 -103 30 29 -103 30 14 -78 132 -1 -78 264 -26 -88 72 9 -93 264 9 -78 132 29 -103 42 -16 -98 234 -26 -98 72 -31 -98 132 29 -98 150 -11 -98 72 19 -93 150 -1 -78 186 4 -78 144 -6 -78 186 29 -98 312 34 -98 150 24 -98 288 24 -103 210 -21 -83 60 4 -78 150 4 -98 330 -26 -98 330 24 -98 282 9 -78 150 29 -83 42 -11 -98 234 -31 -103 300 -6 -98 288 24 -88 234 24 -88 240 14 -98 312 24 -98 240 -26 -98 264 34 -103 84 -31 -83 264 -36 -98 330 -36 -98 282 34 -103 60 -31 -103 330 34 -103 72 -26 -88 42 24 -83 186 -11 -98 288 4 -98 264 -26 -98 300 29 -88 30 24 -103 288 24 -88 210 -26 -103 72 4 -83 144 24 -83 6 34 -103 132 -26 -88 30 14 -83 132 -6 -83 144 -26 -103 150 19 -88 300 -31 -103 42 4 -83 150 4 -83 132 -21 -83 6 19 -88 312 -1 -98 240 34 -103 150 19 -83 210 -26 -88 6 -6 -83 42 -1 -83 42 -1 -83 54 -31 -88 240 -31 -103 54 14 -83 330 -11 -83 42 4 -83 42 4 -83 54 -31 -88 300 -36 -103 282 -11 -83 30 -11 -83 264 -21 -83 300 -11 -83 84 14 -83 144 14 -83 312 -21 -88 84 9 -83 330 4 -83 60 -16 -83 150 -11 -83 186 -16 -83 144 -36 -103 234 -1 -83 234 14 -83 30 -16 -83 300 -21 -88 72 -1 -83 84 14 -83 300 9 -83 210 24 -88 6 4 -83 72 19 -83 186 14 -83 84 9 -83 60 -16 -83 312 24 -88 144 -11 -83 240 14 -83 288 9 -88 240 -21 -88 54 9 -83 312 -16 -83 330 -1 -88 264 14 -88 330 4 -88 234 -16 -83 240 -6 -83 330 -1 -88 282 9 -88 144 9 -88 312 14 -88 210 24 -88 60 -11 -88 234 -6 -88 288 -26 -88 240 14 -88 186 9 -83 282 19 -88 144 -26 -88 330 4 -83 300 9 -88 132 4 -88 132 -26 -88 264 -16 -88 288 4 -88 186 -6 -88 330 -16 -88 264 -6 -88 210 -1 -88 312 4 -88 288 -6 -88 312 19 -88 6 -21 -88 288 14 -88 84 -16 -88 72 14 -88 72 -6 -88 54 -6 -88 132 -6 -88 42 -21 -88 312 -6 -88 60 4 -88 60 9 -88 72 -11 -88 72 -16 -88 144 -11 -88 54 -11 -88 132 
12 4 1 2 bottle_2 0.545455 3 -31 -98 84 34 -93 234 34 -93 42 
13 4 1 2 bottle_2 0.957983 19 9 -13 234 9 -43 150 -6 -3 288 4 -28 150 -1 -23 330 -16 -23 72 4 -38 150 14 -48 132 14 -38 132 9 -28 144 9 -13 30 9 -48 144 4 -3 150 -16 2 282 14 -13 210 19 -53 132 -16 -3 282 19 -58 150 14 -53 144 
14 4 1 2 bottle_2 1 34 14 -18 210 -1 -3 60 4 -18 42 -16 -28 300 -6 -28 264 -1 -43 186 -16 -3 72 -11 2 60 -1 -33 60 4 -3 264 -11 -18 288 -1 -8 54 24 -58 132 9 -33 240 14 -23 240 14 -23 312 19 -58 144 9 -28 6 -6 -33 60 4 2 330 -6 -13 234 4 -13 6 14 -8 240 14 -13 240 9 -28 132 9 -13 6 -1 -38 150 -1 -28 42 -1 -8 264 4 -3 6 -1 -13 42 -16 -8 288 -21 2 300 -6 -8 54 
15 4 1 2 bottle_2 0.285714 1 -31 -88 30 
16 4 1 2 bottle_2 0.987531 66 -31 -93 60 -31 -93 72 9 -58 144 -31 -93 132 9 -68 210 9 -73 210 14 -58 144 -6 -73 150 -36 -93 6 -36 -93 186 -1 -73 234 19 -63 132 9 -68 150 4 -73 132 4 -73 234 4 -73 6 9 -73 42 9 -73 30 9 -73 60 4 -73 30 19 -68 132 39 -78 186 4 -73 240 14 -73 210 -6 -73 186 34 -83 330 9 -68 132 34 -88 234 39 -73 144 9 -68 240 -6 -73 264 -1 -73 6 4 -68 144 14 -73 54 39 -83 150 39 -73 60 14 -68 30 -1 -63 186 14 -73 330 39 -78 72 29 -83 264 14 -73 234 29 -88 288 34 -88 6 39 -78 84 39 -83 84 29 -78 330 34 -73 150 19 -68 150 24 -78 282 34 -78 60 19 -73 6 29 -83 234 34 -78 144 34 -83 72 24 -78 300 19 -73 282 29 -78 6 34 -73 132 24 -63 144 29 -78 42 14 -73 264 29 -78 186 24 -78 240 29 -78 150 29 -73 144 
17 4 1 2 bottle_2 0.0340909 1 -6 82 312 
18 4 1 2 bottle_2 0.0181269 1 -16 72 60 
19 4 1 2 bottle_2 0.438202 26 14 37 282 34 42 6 34 62 30 39 37 282 29 37 30 39 37 30 34 37 6 19 42 54 24 42 132 34 42 84 39 42 210 39 42 282 24 42 6 39 42 54 39 42 30 39 42 6 34 47 54 24 47 6 34 47 30 34 52 234 34 52 210 34 52 150 34 52 6 39 52 30 14 57 30 19 57 6 
20 4 1 2 bottle_2 0.964029 201 -11 22 6 -16 22 6 4 22 288 14 22 42 19 22 60 4 22 54 -6 22 330 -16 22 42 24 22 84 -6 27 60 -11 22 42 4 22 30 14 27 186 -6 27 132 -1 22 30 19 22 6 4 27 234 -1 27 210 -11 27 144 -11 27 60 -11 27 84 -11 27 54 14 22 288 9 27 6 -21 22 282 -16 22 72 9 27 72 -16 27 300 4 27 72 4 27 84 19 22 72 -6 27 6 -16 27 186 -1 27 150 9 27 330 19 27 186 -26 22 288 9 27 150 -1 27 30 -16 27 6 -21 27 312 29 22 132 -1 22 312 -11 27 330 4 22 60 -16 27 60 -26 27 288 19 27 84 9 22 312 24 22 42 -21 22 300 14 27 330 29 22 144 -21 27 330 -31 22 288 -21 27 54 -11 27 72 29 22 54 -16 27 330 24 22 6 -26 27 330 4 22 300 4 22 72 -16 22 312 29 22 60 -6 22 282 29 27 144 -16 27 84 -26 22 6 19 22 282 24 27 54 -21 17 42 -16 22 132 -11 22 288 19 32 144 34 22 132 -16 27 72 29 22 186 19 32 150 -21 22 210 -11 22 132 19 27 264 -1 22 60 19 27 330 -21 22 186 -16 32 186 -16 22 84 19 32 210 24 22 264 -26 32 234 24 27 6 -26 22 210 24 17 6 34 17 72 24 17 312 19 22 150 -26 22 186 -6 22 60 24 17 300 34 22 72 14 17 330 24 17 330 34 12 72 -16 17 72 29 27 210 -21 27 72 -21 22 84 29 17 54 -26 32 210 34 27 150 39 17 132 -31 22 186 14 17 288 -36 22 300 14 17 300 -11 22 264 -26 22 54 14 17 240 34 17 150 24 -13 150 24 17 132 9 22 132 -26 27 60 29 27 6 34 27 72 -26 2 282 19 37 144 24 17 288 39 17 150 39 22 84 19 17 210 4 22 144 -6 22 186 -26 7 282 -11 22 210 -26 22 84 -31 2 288 -21 22 240 24 17 210 9 37 330 14 -8 282 -26 -3 234 -21 17 6 29 27 234 14 7 210 -6 17 330 -1 17 72 -6 17 300 -6 7 210 -6 12 210 -1 17 6 14 7 234 14 -8 6 9 2 264 9 7 150 -1 12 210 -1 17 54 4 17 72 4 12 210 -6 7 42 -6 17 42 4 7 150 -21 12 264 14 7 132 -1 12 264 9 12 132 -1 12 144 19 -3 150 9 7 132 -16 7 6 24 -3 144 14 2 186 19 -13 150 9 17 300 14 17 144 9 17 288 -11 2 84 29 17 210 19 17 150 19 12 150 14 17 60 24 17 144 -1 7 60 9 17 186 19 12 144 9 2 42 14 17 72 -11 7 30 4 2 300 14 17 84 34 22 30 14 2 6 4 7 132 9 17 54 -6 7 6 14 -3 132 4 7 330 -16 2 6 4 17 6 14 37 72 -21 2 288 
21 4 1 2 bottle_2 0.577703 57 14 37 240 19 -3 186 -1 7 234 -31 -3 234 19 -8 186 -1 2 240 -11 7 240 -6 -3 186 -11 2 72 -6 7 234 -1 22 210 -11 7 186 -26 17 6 39 27 132 14 2 210 -6 17 288 4 7 240 14 37 6 19 37 72 39 22 186 39 27 60 9 37 54 39 22 60 34 27 6 19 -13 210 14 37 30 9 37 282 34 7 84 -16 7 300 9 7 240 14 2 240 -21 7 312 14 2 330 14 37 42 34 -8 84 -26 2 234 39 27 210 24 2 288 29 -8 210 -21 2 210 34 32 6 34 32 30 39 27 30 -26 2 54 24 -3 150 39 27 42 39 22 210 39 22 288 39 17 30 34 17 282 39 12 282 -26 2 312 29 -8 144 29 -3 144 19 2 300 -31 2 330 19 7 300 
22 4 1 2 bottle_2 0.230769 3 29 32 132 34 57 6 39 52 150 
23 4 1 2 bottle_2 0.940747 1204 14 32 282 19 32 240 39 42 144 34 27 210 39 52 132 39 32 150 39 52 60 29 67 6 39 67 144 24 67 6 39 27 54 39 42 186 39 57 210 34 42 60 34 67 150 29 57 210 39 57 60 39 62 210 39 47 210 34 57 84 34 27 30 39 32 84 39 37 186 24 67 30 34 72 132 39 52 186 34 47 282 39 67 30 24 62 282 29 47 282 34 72 144 24 62 210 34 62 60 39 72 132 29 77 150 19 57 282 24 37 6 29 52 282 19 32 264 34 42 150 24 77 6 34 77 6 39 42 72 39 72 210 34 67 54 29 47 60 39 77 30 34 67 84 39 37 72 24 32 240 34 47 240 34 62 282 24 72 282 24 72 54 29 72 282 29 72 186 34 67 60 29 67 60 29 57 240 39 72 54 34 32 282 34 52 72 29 47 234 39 62 282 29 52 288 29 57 330 19 52 6 34 72 84 24 72 210 34 72 60 34 57 330 29 42 144 34 77 210 29 77 144 19 72 282 24 52 234 34 27 42 29 47 150 24 52 330 29 57 288 39 47 330 29 77 60 34 42 264 39 17 54 29 77 282 39 67 282 19 82 6 39 62 42 34 67 72 9 32 288 29 57 72 34 77 186 39 17 60 24 52 60 29 42 288 29 62 330 39 62 264 29 42 150 24 57 312 39 42 240 34 37 72 34 82 60 29 32 84 39 32 330 29 47 42 19 62 240 24 42 150 39 72 72 34 32 234 39 32 264 34 82 54 39 47 300 39 82 84 29 32 240 24 47 288 39 62 330 34 37 264 24 62 288 39 17 186 24 47 60 24 47 234 29 32 288 34 62 312 34 27 240 29 82 54 29 42 54 29 72 72 19 57 312 29 67 312 29 37 264 34 72 240 19 62 288 34 72 72 34 72 234 29 37 234 24 37 60 39 17 234 34 57 300 39 72 240 19 57 210 24 32 60 39 72 42 19 42 282 24 57 144 24 77 264 24 32 84 39 32 312 39 77 72 39 62 312 24 42 240 29 62 300 14 57 282 19 47 210 34 77 42 39 67 330 29 32 264 39 77 42 24 42 288 24 37 288 24 47 300 39 72 264 24 72 60 29 22 282 4 12 330 19 67 30 39 77 234 34 27 264 29 72 312 34 22 240 34 77 72 29 87 6 24 72 300 19 77 264 19 82 30 19 37 288 24 62 72 24 62 84 39 17 264 19 32 330 29 77 72 19 87 30 34 82 72 29 47 84 34 82 264 14 42 282 24 87 60 39 87 132 34 22 264 29 27 312 24 37 312 34 82 42 34 22 330 24 37 42 39 77 330 34 87 132 19 37 312 29 87 132 39 12 60 29 22 288 24 92 6 34 87 30 24 47 132 39 87 30 14 57 312 24 62 150 19 82 330 24 62 132 39 87 84 29 82 312 39 12 234 19 32 42 19 42 330 14 37 312 34 87 60 14 47 282 19 47 312 24 42 42 19 82 300 39 7 6 29 17 282 14 72 282 29 87 282 39 87 282 39 12 72 14 82 282 19 92 6 29 92 6 24 87 234 39 12 264 24 67 72 34 12 282 24 87 330 24 92 150 39 92 6 24 92 54 14 47 300 34 87 72 14 52 312 29 87 72 29 42 72 34 92 144 34 12 264 29 87 234 29 87 264 24 92 144 29 92 54 39 92 30 29 92 144 34 92 84 19 92 54 19 42 60 14 87 300 9 92 6 14 77 288 -16 72 144 19 52 54 14 92 282 -16 62 144 19 62 186 24 92 234 29 92 84 24 82 84 39 12 150 14 87 312 39 92 282 24 87 150 4 92 6 34 92 282 9 42 234 19 57 186 39 7 60 14 82 330 9 92 30 -16 67 84 34 87 312 19 92 234 39 7 240 19 62 42 39 7 72 14 72 312 19 47 60 -16 2 54 34 7 240 39 92 240 24 97 150 14 82 264 24 87 132 29 92 240 34 92 42 24 87 144 19 92 42 29 92 42 19 52 186 -11 92 6 19 97 6 9 92 84 14 92 288 14 32 42 24 77 84 34 97 132 4 42 234 4 97 150 19 97 282 14 52 6 4 97 144 39 97 30 39 97 210 19 97 60 29 97 60 -1 92 60 39 92 312 29 -8 186 19 67 42 19 97 84 39 102 132 24 72 150 14 97 210 34 92 300 29 97 186 39 7 300 9 92 72 -16 62 72 29 97 84 34 7 312 19 97 30 9 92 42 19 97 186 34 102 6 9 42 288 -31 107 144 -11 92 30 19 97 54 -21 67 132 14 97 60 34 102 150 29 97 234 14 97 30 29 7 210 -26 2 42 39 -3 30 29 102 132 -21 57 150 14 62 210 34 102 144 -16 57 60 9 97 132 -16 12 288 4 97 6 19 92 144 39 97 72 19 42 144 -36 107 210 -26 107 132 19 37 84 -16 87 54 -21 67 84 -16 92 60 -16 92 30 -21 67 54 34 102 84 9 92 312 -21 82 186 -21 32 132 -21 72 60 34 12 60 -1 92 42 14 92 234 -36 102 6 -26 102 132 -11 92 72 24 97 288 -21 17 210 39 107 132 29 97 264 -21 82 60 -36 107 42 -26 102 6 19 82 60 34 2 264 -6 97 6 -31 2 132 -11 97 6 -21 87 186 19 -8 330 34 107 6 -16 97 6 -26 107 30 -26 102 144 4 42 282 -31 102 210 -21 97 6 9 97 240 -21 97 150 29 107 6 -11 62 132 19 47 150 -21 47 144 19 102 6 39 107 144 39 2 288 -36 102 264 24 2 282 -6 97 264 9 97 54 4 97 264 -11 87 84 -16 12 282 34 2 210 -16 97 132 14 97 330 24 102 30 -11 92 42 39 2 312 14 97 300 39 102 234 -16 92 72 9 32 54 -1 97 84 -36 2 144 -36 102 234 -36 102 288 -1 97 264 -21 47 150 19 97 312 -11 62 150 -26 102 186 -26 107 84 34 107 144 -21 77 72 -1 12 6 24 107 6 34 102 234 34 97 330 14 72 240 14 82 240 -1 32 144 19 87 84 -21 92 30 -26 102 84 -21 102 150 -1 97 288 9 97 288 14 62 30 19 102 84 39 2 330 -21 57 30 39 -3 282 -21 82 72 29 102 42 -31 2 54 9 97 234 -11 97 84 39 107 60 4 32 150 -36 102 300 19 102 186 -16 97 30 -31 102 288 -11 97 54 -21 62 30 14 52 30 9 102 6 -16 97 60 29 107 150 -26 77 132 34 12 144 14 102 60 -21 97 30 -1 97 240 -16 97 54 9 57 312 29 107 84 34 102 300 34 2 300 -1 102 6 29 -3 84 -26 57 132 -36 2 60 -26 92 132 9 32 144 4 97 312 19 62 150 34 2 330 39 107 54 -31 102 330 -26 72 6 -21 102 282 -26 107 330 -6 42 240 19 102 72 -21 57 186 -36 2 42 9 37 60 29 107 186 -26 92 282 -26 97 60 -21 32 84 4 97 330 29 107 54 29 102 330 -21 102 210 39 107 186 -26 77 84 -26 67 84 29 -8 150 -26 77 144 -21 37 144 -16 102 132 -26 57 54 24 107 60 19 102 234 -16 102 6 -6 12 330 19 47 72 -6 12 54 4 32 6 -26 77 150 -26 92 60 24 102 288 24 102 300 19 62 132 9 62 312 14 102 240 19 107 84 -21 102 84 -11 97 240 -26 77 186 -26 87 150 -21 102 60 14 -3 282 -36 97 132 -36 7 186 39 107 234 19 102 42 4 102 60 -26 97 234 -21 107 282 29 7 330 -11 97 300 -26 82 144 -1 32 300 -6 32 264 -26 67 210 -1 97 312 -26 87 60 -21 97 234 9 102 84 -11 32 288 -6 102 144 -26 97 240 -26 67 60 4 102 30 19 62 72 -26 67 30 4 102 84 29 107 72 -16 7 234 -1 102 60 -26 62 60 4 32 132 -21 97 300 19 102 300 14 102 288 -36 97 210 -36 7 84 9 107 150 -21 52 6 -21 107 84 -26 97 42 -6 102 186 -26 77 240 -26 52 60 -6 97 210 -16 107 6 19 57 150 -36 7 144 -26 47 72 29 12 234 -21 102 72 9 52 288 -1 97 210 -26 47 60 29 12 6 14 102 264 -6 42 282 -6 42 234 -1 107 132 9 52 264 -36 97 264 -36 7 72 -16 107 30 -26 92 234 4 92 330 9 62 330 29 107 288 34 -3 300 -26 62 72 -31 92 150 -21 92 330 9 107 60 -26 67 42 -21 37 150 -21 77 6 -26 72 72 19 2 282 14 77 6 24 107 42 -31 97 330 -11 102 210 14 102 300 4 107 60 14 107 54 -21 107 330 -16 102 288 -36 2 210 19 107 72 14 42 54 29 107 300 -16 32 144 -6 107 132 14 102 312 -31 92 144 4 102 234 9 32 72 -36 97 72 -31 92 30 -31 7 72 4 32 60 -1 107 60 9 102 330 4 92 300 9 32 84 -31 7 312 24 -3 300 9 107 30 -16 102 234 -31 92 84 -26 47 30 4 12 312 -1 107 30 -26 62 234 19 57 144 -16 107 60 9 102 312 19 72 54 -31 52 6 -26 62 240 -31 82 6 19 7 240 4 102 42 14 107 234 -6 102 300 -31 7 60 -1 32 6 4 37 30 -1 32 54 -6 107 186 9 47 330 -16 102 240 -26 82 42 14 107 72 14 57 54 -36 92 282 -31 92 60 -1 107 54 -6 107 60 -26 47 42 -21 42 72 -11 107 210 -31 57 150 -6 107 84 9 107 234 14 107 42 -36 7 210 -36 92 132 -16 107 264 -11 102 234 -31 52 150 -31 62 282 -11 82 84 -21 92 234 14 17 186 -11 57 72 -36 92 144 -31 87 84 4 37 282 9 107 72 -31 57 30 -31 82 282 -31 42 144 -21 17 186 -31 52 210 -21 92 312 -31 67 150 -31 67 84 -31 72 84 -31 67 132 -31 42 150 -31 72 132 -31 47 84 -1 17 132 -16 107 240 -36 27 330 -26 57 282 34 2 150 -6 107 72 -26 42 42 9 107 42 -31 82 54 -31 62 210 -31 57 186 -31 52 186 -11 107 240 -31 42 30 -6 107 300 -31 27 60 -21 92 300 -6 102 312 34 2 144 -1 32 30 4 107 42 -11 107 264 4 32 42 19 67 150 -31 82 30 -31 12 84 -31 62 186 -31 82 240 14 77 30 19 82 84 -11 107 330 -11 102 312 -36 17 186 -26 67 264 -31 17 84 29 -3 240 -31 87 72 -31 62 288 -31 47 72 -31 32 264 -31 77 240 -31 57 42 -36 52 6 -16 32 282 -31 87 288 -36 92 60 -1 107 312 -36 62 6 -26 82 282 -36 92 72 -21 7 240 -31 22 60 -31 77 72 -31 17 234 -36 27 210 -31 62 300 19 52 84 -31 77 264 -36 72 6 -31 32 60 -31 57 300 -31 72 234 -36 92 312 -36 87 144 -36 87 132 -36 32 264 -21 2 330 -36 82 6 14 57 60 -36 17 210 14 62 42 -31 82 288 19 47 84 -31 27 72 -11 32 144 9 7 264 -31 47 210 -36 57 282 -36 22 186 -31 87 42 -36 32 210 -1 12 312 -31 77 330 34 7 150 -36 57 132 -31 22 72 -36 22 30 -31 82 330 -1 12 282 -21 42 60 -16 32 300 -36 32 288 -31 52 330 -36 17 60 -21 -3 30 -36 17 72 -36 52 30 -16 47 144 -31 22 54 -36 27 240 -36 32 240 -36 22 234 -26 72 264 -26 32 282 -16 47 72 -36 77 186 -36 37 6 9 67 330 -1 37 330 -36 82 144 -26 2 186 -36 52 300 -31 42 234 24 -3 84 -36 62 72 29 2 234 -36 42 150 -21 37 54 -36 22 84 -36 22 72 -36 72 132 -36 72 186 -16 32 210 -36 7 6 -26 52 234 -36 27 144 -36 82 84 -31 52 312 34 -3 42 19 12 300 -11 42 264 -36 52 60 -36 67 186 14 42 72 -36 87 330 -36 67 54 -36 82 240 -36 37 30 -36 62 60 -31 7 330 -36 52 72 -16 72 54 -36 67 42 4 7 300 -36 82 60 -36 57 240 -36 27 60 -31 42 240 -1 37 186 -11 77 132 -36 52 330 -26 67 300 24 7 312 -36 77 60 -36 12 6 -36 62 330 -36 37 132 -36 32 60 -36 37 288 14 47 186 14 87 84 -11 17 234 -36 57 234 -36 67 234 -16 32 84 -36 37 60 14 62 54 -36 42 240 -36 72 330 -16 92 312 -36 67 240 -36 77 330 -26 12 186 -1 7 300 24 2 84 -26 52 330 -16 37 84 4 37 210 -16 67 210 -11 92 330 14 37 150 9 12 300 -21 67 240 9 92 132 -36 42 330 -6 32 42 14 67 186 -16 82 186 -16 52 42 -11 82 72 24 2 240 -36 42 312 -11 42 240 -16 92 300 29 2 6 14 12 330 19 82 150 19 72 132 -26 77 312 19 12 282 -26 2 132 -21 62 282 -11 62 72 14 52 54 9 42 30 -1 92 300 -16 47 54 -11 12 54 14 62 60 -6 62 150 -6 32 54 -31 42 282 -6 42 330 14 42 84 -6 87 72 -21 12 234 4 92 132 -1 92 144 9 77 312 -26 52 300 -16 37 132 -6 37 330 -36 7 300 -1 37 282 -11 77 144 -26 17 132 14 -3 42 -31 42 312 -16 32 60 -16 82 6 -1 7 132 14 52 60 -6 32 84 -36 17 282 -31 42 288 -21 12 240 -16 92 282 -16 62 30 -11 52 72 -6 32 60 -6 87 132 -21 42 42 -1 92 150 -21 37 6 -26 12 42 4 92 234 9 62 210 -31 37 264 -6 7 84 9 7 288 -31 37 300 9 37 150 -36 7 312 -26 37 210 14 12 300 -26 17 240 -6 37 282 -6 57 132 -26 17 150 4 42 6 -21 87 312 -11 47 132 9 42 132 -36 17 288 -26 12 60 -26 7 132 -11 32 6 14 12 288 -16 62 240 -16 37 54 -6 37 42 14 62 72 -16 37 150 14 62 150 9 12 72 -11 32 30 9 12 264 -21 7 54 -11 67 72 4 47 312 9 77 240 -16 17 30 -21 67 264 9 47 186 -1 87 84 -21 57 300 14 12 42 4 42 30 -21 17 312 -11 62 54 24 -3 6 14 12 60 19 12 72 -26 17 264 -26 7 150 -21 67 282 -16 52 186 14 47 150 -11 77 72 -1 7 84 4 92 150 -16 37 42 14 47 84 -11 87 186 24 7 72 4 57 300 4 67 300 -26 12 150 -6 57 72 14 67 150 -11 92 288 9 52 30 -31 12 312 4 52 300 -11 37 54 -11 2 150 4 42 42 -6 87 6 -6 57 60 -11 82 42 -16 77 30 -31 17 264 -26 17 288 -16 42 312 14 2 264 9 67 30 -6 12 84 -1 87 60 -26 17 300 19 2 30 -1 37 132 4 52 312 -21 12 60 -16 57 234 -16 47 30 4 72 300 -11 47 60 14 72 60 24 2 60 -1 87 300 -21 42 240 -21 42 282 9 67 186 14 77 60 -11 37 42 -21 52 282 -6 37 72 9 47 72 -16 37 282 -6 52 132 9 47 84 -11 37 150 4 72 264 -11 72 186 -1 87 132 -6 82 132 -16 77 6 -16 37 186 14 52 84 -16 62 300 9 57 60 -6 12 132 -11 42 186 -11 17 132 -21 37 312 -16 37 264 -21 47 330 24 -3 54 -6 47 84 -1 62 150 -21 82 288 24 2 54 -1 42 30 -11 42 60 4 82 264 -16 42 6 -16 72 30 -16 37 240 -11 62 234 9 82 60 -16 87 288 -1 62 288 9 62 132 19 -3 42 24 2 42 -21 77 330 -1 62 300 9 62 60 14 77 150 9 62 150 -11 77 54 4 77 312 -16 47 186 4 87 210 -11 47 264 4 47 42 9 52 54 -21 12 330 4 47 54 4 47 60 -6 57 42 -21 47 300 -6 82 60 4 72 240 -6 87 330 4 57 240 -11 87 330 -11 52 30 -16 57 288 -16 72 6 -16 47 210 9 67 144 -11 47 234 4 87 132 -21 12 150 4 62 144 4 52 186 -11 87 312 -11 47 42 -16 72 240 -11 7 132 -11 2 132 -6 62 60 -16 52 288 -11 72 210 -1 52 300 4 62 132 -1 52 186 -1 52 240 -6 67 84 9 47 144 4 67 186 -6 87 288 -1 67 282 -6 62 210 -6 52 186 -21 77 312 -21 77 288 -16 52 330 -6 57 30 -6 62 282 4 87 144 -1 52 84 -1 67 288 -11 62 288 -11 57 240 -1 47 6 -1 57 264 -16 67 288 -16 77 234 -1 67 186 -1 67 234 -6 52 210 -1 87 186 -1 82 6 -16 82 240 -1 62 186 -1 72 288 -16 82 312 9 72 132 -1 72 300 9 57 150 -11 62 312 4 67 150 -1 72 264 4 62 60 4 77 210 -6 77 150 -16 67 312 -16 2 144 -1 82 288 4 47 132 -6 62 330 -11 57 330 -6 72 84 -6 62 240 -1 52 150 -1 57 312 -16 72 264 4 82 72 -16 82 300 -1 52 72 -1 62 6 9 67 72 -11 57 264 -1 57 240 -1 52 60 -1 62 30 -1 72 330 -11 67 264 -1 57 186 4 57 132 -1 72 210 -1 77 234 -1 62 60 -6 62 30 -1 62 54 -1 52 30 9 72 84 -6 72 288 -6 77 282 -6 72 312 -6 57 300 -6 77 288 
24 4 1 2 bottle_2 0.166667 2 19 -3 84 -1 2 288 
25 4 1 2 bottle_2 0.991023 92 14 -48 210 -26 -78 264 9 -53 234 9 -53 210 -16 -78 60 -11 -48 264 9 -58 210 14 -58 330 14 -58 186 -6 -48 264 -1 -63 330 -1 -53 330 9 -48 234 -16 -53 282 -1 -53 6 -16 -53 264 4 -63 330 9 -48 240 4 -53 288 4 -68 210 -1 -58 234 -21 -78 42 9 -58 186 -16 -48 282 -11 -53 282 14 -48 186 9 -68 312 -1 -53 300 -11 -58 264 4 -58 264 -11 -73 240 -6 -53 42 -1 -73 312 -21 -78 60 -11 -48 282 19 -68 186 -16 -78 150 4 -63 264 -16 -73 234 14 -68 300 -26 -78 186 -16 -48 288 9 -63 330 14 -53 6 -1 -73 54 14 -58 6 -36 -88 234 -6 -48 42 4 -58 282 14 -63 234 -1 -73 72 -11 -53 54 -1 -58 282 -11 -53 30 -6 -58 210 -6 -48 312 -1 -53 42 -6 -58 288 14 -48 300 -16 -58 288 -11 -48 42 -1 -43 240 4 -43 264 -1 -53 282 -26 -83 84 14 -73 60 -11 -63 300 -1 -68 264 -11 -48 330 9 -63 234 -36 -83 288 -1 -58 288 -11 -73 288 4 -48 282 -16 -53 60 -1 -53 60 -31 -83 30 14 -53 30 -6 -73 60 4 -43 210 -36 -83 234 -6 -48 54 4 -68 30 -6 -58 42 14 -48 264 -11 -73 312 24 -73 288 4 -68 234 -16 -68 240 -6 -33 288 -16 -73 6 14 -63 330 
26 4 1 2 bottle_2 0.964766 753 9 -73 72 9 -63 6 14 -48 30 -6 -43 264 -16 -48 60 -6 -58 54 14 -63 60 -6 -48 60 9 -48 264 -21 -68 234 -1 -63 72 -6 -53 300 4 -43 288 -11 -63 288 14 -43 6 9 -43 234 4 -63 72 14 -68 330 9 -58 60 14 -68 60 4 -68 6 -1 -43 60 -11 -43 234 -1 -43 330 24 -73 72 9 -63 72 -21 -58 240 -21 -73 210 -16 -63 330 -16 -53 6 -21 -58 234 -11 -63 282 -1 -63 60 4 -38 54 9 -73 84 19 -73 72 4 -68 72 -21 -53 240 9 -53 60 -26 -73 240 14 -58 60 -1 -68 42 -11 -58 312 9 -63 132 4 -48 60 -1 -63 54 14 -53 54 19 -68 54 14 -43 330 -11 -53 312 14 -33 6 -1 -38 264 14 -28 330 19 -68 84 -36 -78 300 -16 -23 60 4 -8 234 -6 -48 72 -11 -58 30 9 -58 72 -1 -38 60 -16 -43 288 -6 -63 240 -16 -43 264 4 -63 6 14 -28 6 19 -68 60 19 -63 60 -16 -68 210 -11 -43 300 -21 -58 330 -16 -23 264 -11 -13 60 14 -63 72 -1 -68 30 -36 -78 240 34 -58 150 -21 -73 288 4 -43 60 -11 -58 186 -21 -43 288 -31 -78 42 19 -38 132 -16 -58 72 14 -38 6 -31 -73 264 -31 -83 60 19 -58 42 -6 -18 6 -31 -53 300 -11 -43 210 -1 -28 240 -16 -58 210 -11 -73 42 9 -33 150 -21 -68 312 -1 -53 72 -1 -63 150 -11 -8 264 4 -38 282 9 -53 72 4 -38 60 -6 2 42 -6 -23 6 4 -48 72 4 -68 84 -31 -83 132 -6 -3 30 4 -33 330 -26 -73 330 -11 -53 186 -1 -58 84 -6 -33 72 -21 -43 282 -26 -23 300 34 -68 144 -36 -78 210 -1 -23 282 -16 -58 42 -11 -3 240 34 -73 210 -1 -58 144 24 -48 84 39 -73 132 -1 -53 150 34 -73 6 9 -3 132 -21 -48 60 -26 -73 186 34 -73 234 4 -53 132 9 -23 144 -1 -33 186 -26 -68 264 -1 -63 30 -11 -18 54 -16 -63 264 4 -38 42 39 -73 210 -21 -48 42 -6 -18 42 -21 -73 42 39 -73 42 -16 -63 6 -11 -68 72 -21 -48 72 -16 -58 84 -21 -68 6 -6 -68 42 -11 -13 186 19 -48 84 -31 -73 42 -11 -43 54 -21 -58 30 -36 -63 264 4 -18 54 -21 -48 84 -21 -48 54 -6 2 6 -21 -43 264 9 -28 264 4 -53 84 39 -73 330 -11 2 300 -36 -58 330 -31 -78 150 -6 -8 42 4 -33 210 -26 -68 30 -16 -13 264 -31 -78 72 29 -43 84 24 -28 186 -36 -3 240 4 -8 210 14 -43 312 -36 -53 330 19 -18 234 -1 -28 186 4 -28 60 -21 -58 42 -11 -28 54 39 -63 132 14 -43 42 9 -23 300 -6 -38 72 4 -33 282 24 -38 84 -6 -28 42 39 -68 6 -26 -18 264 19 -23 312 29 -68 282 -31 -63 330 9 -28 300 -36 -83 6 39 -63 144 9 -23 150 -26 -73 54 39 -68 72 29 -48 210 -16 -8 264 -36 -8 240 -6 -43 84 -26 -23 54 -16 -33 186 34 -48 84 14 -23 144 -16 -18 240 -11 -63 72 39 -53 132 19 -28 300 19 -33 210 9 -13 312 -31 -68 282 -6 -33 186 34 -63 210 -6 -38 60 34 -63 72 -31 -68 210 -16 -63 30 -36 -63 240 39 -68 42 -6 2 330 -26 -23 42 34 -43 84 34 -53 186 -31 -73 54 -11 -13 42 -26 -58 30 -31 -48 330 -36 -48 330 -16 -8 72 -6 -33 84 34 -68 330 34 -68 288 -36 -68 282 -16 -18 84 39 -58 144 14 -48 72 -16 -28 264 -1 -48 132 -26 -28 300 39 -63 84 -16 -28 60 29 -63 300 9 -33 186 -26 -13 312 29 -33 84 39 -68 330 34 -63 234 -11 -63 6 -6 -38 84 39 -63 6 -36 -78 30 -36 -73 300 -36 -58 234 -11 2 42 39 -63 54 -36 -53 300 -11 -33 60 -36 -73 84 -11 -33 264 -36 -68 60 4 -23 186 -31 -68 132 -26 -23 264 -36 -73 60 24 -28 210 -36 -73 54 9 -18 150 -36 -68 132 -16 -43 60 -21 -38 312 -26 -48 84 -31 -68 54 -36 -68 144 -26 -38 186 -36 -78 60 -26 -43 300 -31 -28 330 -11 -13 30 19 -48 72 -36 -88 42 -31 -63 132 -11 -8 42 -26 -33 312 -31 -73 72 -6 -23 186 -16 -28 240 9 -28 54 -26 -48 42 -36 -83 84 -26 -48 210 -21 -23 60 34 -58 60 29 -43 234 -36 -63 42 9 -38 300 19 -33 186 4 -38 234 -26 -68 132 -36 -73 186 -11 -3 6 -31 -48 264 -11 -63 54 -6 -38 210 -36 -88 84 -6 -58 144 29 -28 210 34 -58 6 24 -23 210 29 -53 264 -21 -43 186 39 -63 312 -26 -68 54 24 -43 330 39 -58 54 39 -58 30 -26 -73 144 -36 -88 150 24 -43 72 29 -33 210 14 -13 30 29 -58 282 34 -43 150 24 -33 240 -36 -58 132 -26 -58 132 -36 -88 144 -21 -68 60 39 -58 264 -26 -43 312 9 -38 312 -31 -68 6 -21 -38 186 -26 -43 282 -26 -53 6 -6 -53 144 19 -18 300 -21 -68 54 -16 -43 54 39 -53 210 -36 -23 330 -36 -58 30 39 -58 288 -11 -38 330 34 -58 288 -26 -68 60 29 -53 288 39 -48 144 -21 -63 84 -6 -33 42 29 -48 6 -21 -28 42 -1 -23 288 34 -53 240 24 -33 150 -36 -13 240 -31 -28 312 -11 -28 186 -11 -63 42 14 -38 60 39 -53 234 -26 -13 264 -21 -63 42 -6 -8 330 34 -53 6 -36 -23 288 -31 -53 30 -1 -8 210 -21 -33 330 -31 -23 330 -21 -68 72 29 -38 234 4 -8 312 39 -53 72 4 -33 300 4 -13 312 -16 -13 54 4 -18 60 -31 -58 210 39 -53 186 -31 -43 330 14 -8 186 29 -53 282 -26 -28 288 34 -38 72 9 -18 186 -16 -8 60 -36 -53 30 -6 -23 150 19 -38 186 39 -53 42 14 -33 54 14 -38 282 -16 -3 264 -26 -53 132 -36 -23 282 29 -38 72 -36 -48 60 -6 -13 330 29 -43 240 -26 -33 300 -31 -48 6 -11 -48 150 -36 -13 330 34 -48 234 -36 -8 330 39 -48 30 34 -13 132 -16 -3 54 -21 -13 72 -31 -13 312 39 -43 132 -21 -63 72 14 -28 288 -6 -63 132 -16 -43 84 39 -48 60 19 -33 312 19 -18 330 -31 -23 72 19 -43 60 -26 -3 330 -16 -18 312 -1 -33 84 -31 -48 144 -36 -13 234 24 -33 330 29 -33 132 14 -43 84 4 -3 132 39 -48 42 34 -48 282 -36 -43 42 24 -28 132 -36 -53 210 -16 -38 240 -1 -3 288 -21 -63 54 -36 -43 72 -26 -38 330 -36 -48 6 39 -43 84 -36 -28 288 19 -13 312 19 -23 288 -31 -18 60 9 -28 288 39 -43 240 19 -38 300 9 -28 60 4 -38 84 -26 -43 60 -16 -28 42 29 -48 30 24 -23 150 -21 -43 60 9 -23 54 -36 -38 144 24 -23 330 -31 -43 60 -31 -38 210 39 -38 6 29 -38 240 -11 -38 150 24 -38 288 -36 -38 132 -36 -38 60 -21 -23 6 -16 -23 234 39 -38 210 39 -43 288 -11 -33 6 24 -38 330 -26 -13 60 39 -43 282 -21 -28 72 -1 -8 288 -31 -28 54 -36 -43 30 -1 -13 72 29 -43 330 -1 -18 72 14 -28 264 -11 -33 330 29 -43 60 -1 -3 312 34 -43 300 -36 -43 6 39 -38 84 29 -43 282 -16 -28 234 -36 -33 72 -11 -33 150 -6 -28 144 -31 -33 132 -31 -33 210 24 -23 282 34 -38 144 39 -38 54 34 -43 30 39 -38 282 -36 -38 234 34 -43 330 19 -38 72 -11 -38 72 -31 -33 54 34 -38 264 39 -38 288 34 -33 234 -36 -28 84 -36 -28 54 19 -28 84 29 -38 330 39 -38 300 -21 -28 60 -36 -28 60 -36 -28 72 -16 -68 144 34 -33 132 24 -13 288 39 -33 84 -31 -43 42 -26 -53 150 -26 -33 54 -36 -43 300 -36 -23 60 39 -33 282 -36 -23 72 -16 -8 54 -36 -18 150 29 -33 240 -21 -8 330 39 -33 60 -26 -18 330 -11 -38 60 -6 -53 132 19 -23 6 -31 -18 84 -31 -23 264 -26 -13 84 19 -18 288 34 -38 330 -21 -33 42 -31 -18 132 29 -33 282 14 -28 54 -31 -38 150 34 -28 240 -36 -13 282 -36 -33 30 -36 -28 312 -36 -13 288 -21 -13 330 -16 -23 186 -31 -18 264 -11 2 330 34 -33 300 -36 -13 60 -36 -13 72 -21 -13 30 -21 -3 42 24 -8 84 34 -28 264 -16 -3 42 -11 -18 210 39 -28 60 -31 -38 72 34 -33 144 34 -28 186 39 -28 282 39 -33 132 9 -13 54 39 -28 42 24 -38 264 39 -18 210 4 -23 288 29 -33 288 34 -23 240 -36 -8 54 39 -8 6 29 -23 282 39 -13 72 -6 -18 150 39 -28 300 -26 -43 30 -1 -8 312 -6 -18 210 34 -28 300 -26 -23 30 39 -23 150 39 -23 288 -6 -8 300 39 -18 72 34 -18 234 -6 -18 300 29 -28 288 -26 -48 150 -31 -23 186 29 -33 300 19 -33 72 -36 -3 54 9 -33 84 -36 -18 240 34 -13 144 -36 -8 42 -36 -28 234 4 -18 300 39 -18 186 -16 -58 150 -36 -3 282 39 -8 234 39 -23 144 -26 -28 210 39 -18 264 -31 -28 210 -16 -33 54 -11 -48 144 39 -23 84 -31 -13 144 -26 -38 234 34 -8 234 29 -23 288 39 -28 132 -11 -23 312 9 -13 288 -26 -3 42 34 -23 300 24 -18 312 -36 -23 240 -36 -28 300 39 -13 42 29 -8 264 39 -13 288 -31 -8 144 9 -18 288 -26 -8 84 34 -18 282 -36 -18 30 -6 -43 132 34 -28 30 29 -8 312 34 -8 186 29 -18 288 34 -28 60 34 -33 42 34 -8 288 39 -8 282 34 -13 72 -6 -3 312 -26 -38 42 -21 -53 144 -31 -13 210 29 -13 288 -26 -18 30 39 -23 132 -6 -13 150 34 -13 300 -36 -33 264 34 -8 300 29 -13 312 -31 -33 240 34 -13 330 -11 -13 330 19 -13 6 29 -18 312 29 -28 6 39 -13 132 -11 -18 330 -16 -58 144 -31 -8 150 -26 -33 72 14 -23 54 -31 -8 42 -11 -18 312 34 -23 54 -31 -8 186 24 -23 264 34 -13 30 29 -13 240 -31 -3 150 19 -28 72 -26 -38 144 9 -3 60 -21 -13 6 -21 -48 144 14 -18 42 34 -13 60 34 -23 42 19 -23 30 -26 -38 60 9 -8 60 19 -28 60 24 -23 72 19 -8 84 29 -33 42 9 -13 60 -21 -8 54 14 -3 84 -31 -38 300 -26 -33 234 -21 -28 234 9 -8 282 -21 -8 6 14 -18 54 19 -13 264 29 -13 6 -16 -8 330 -31 -33 6 -26 -23 6 -26 -28 144 -16 -13 330 29 -18 60 9 -13 84 9 -18 72 -26 -8 72 -1 2 84 9 2 72 -26 -8 30 -31 -28 6 14 -3 72 9 -3 72 -6 -13 144 14 -13 60 24 -18 30 -21 -38 60 19 -23 42 -31 -23 6 -21 -38 144 29 -18 42 24 -18 54 -21 -38 150 -26 -8 150 19 -13 60 -11 -18 150 29 -13 42 29 -8 42 19 -8 60 19 -8 54 19 -13 42 24 -8 54 -6 -23 132 24 -8 42 -21 -3 144 -16 -18 132 -16 -23 150 -11 -3 144 -11 -18 144 -21 -13 150 -11 -23 132 -16 -3 150 
27 4 1 2 bottle_2 1 52 29 -68 210 29 -73 210 24 -38 240 24 -48 240 29 -63 30 24 -63 330 29 -73 30 24 -68 240 24 -38 234 29 -53 6 24 -38 30 24 -53 210 24 -43 234 24 -58 210 24 -48 234 19 -38 240 34 -68 84 29 -53 42 24 -48 30 9 -8 264 29 -63 186 19 -48 300 24 -58 234 29 -48 72 29 -58 42 19 -58 288 -6 -13 72 9 -13 264 19 -28 30 29 -53 54 24 -58 30 29 -53 150 19 -43 312 19 -63 282 19 -48 264 14 -33 300 19 -58 330 29 -58 150 19 -53 264 4 -8 186 19 -38 234 29 -68 54 24 -53 6 19 -58 312 24 -73 30 29 -73 72 24 -58 6 29 -58 144 24 -43 150 24 -58 42 24 -53 60 19 -58 234 
28 4 1 2 bottle_2 1 14 24 -53 72 24 -58 60 19 -48 6 24 -63 60 24 -73 60 14 -63 264 14 -68 264 19 -68 6 4 -63 300 -6 -58 312 4 -68 288 -1 -63 300 -1 -68 300 -1 -68 312 
29 4 1 2 bottle_2 1 15 -6 -3 150 -31 -53 240 -26 -58 240 -31 -33 288 -21 -43 42 -16 -53 132 -21 -58 60 -21 -53 60 -21 -58 144 -31 -78 240 -31 -68 300 -26 -68 234 -26 -53 330 -16 -68 30 -21 -73 144 
30 4 1 2 bottle_2 1 6 -1 -38 84 -31 -28 288 -21 -33 312 -26 -13 72 -26 -78 234 -31 -8 240 
31 4 1 2 bottle_2 1 6 -11 -13 234 -16 -3 6 -16 -18 6 4 -28 210 -1 -33 42 -1 -38 42 
32 4 1 2 bottle_2 1 13 -11 -28 240 -21 -3 264 -16 -28 210 -31 -13 330 19 -13 186 -16 -28 30 -16 -23 30 -21 -18 264 -11 -8 6 -11 -13 6 -1 -8 186 -21 -18 312 24 -18 186 
33 4 1 2 bottle_2 0.0384615 1 -1 -73 42 
34 4 1 2 bottle_2 0.0340909 1 -36 -93 42 
35 4 1 2 bottle_2 0.00839161 5 4 52 60 -6 52 288 4 52 144 -1 52 6 -11 47 6 
36 4 1 2 bottle_2 0.193548 1 -11 72 234 
37 4 1 2 bottle_2 1 6 -6 72 72 -6 77 60 -11 82 312 -11 82 300 -6 67 54 -1 67 72 
38 4 1 2 bottle_2 1 5 4 82 186 -1 82 210 -11 82 264 4 82 150 -6 82 234 
39 4 1 2 bottle_2 1 9 -1 77 6 4 77 54 4 77 60 -11 77 312 9 77 72 -6 77 6 9 77 54 -1 77 72 -1 72 42 
40 4 1 2 bottle_2 0.935065 12 4 72 30 -11 77 282 -6 72 42 -1 72 84 -11 72 30 -1 77 144 4 67 42 -6 72 210 -16 72 282 4 72 144 -6 67 30 -1 67 60 
41 4 1 2 bottle_2 0.285714 1 4 67 60 
