10 46 4
0 0 -1 89 2 28 -1 -1 -1 -1 -1 2 334 
1 1 0 0 0 0 0 0 0 0 0 0 0 
2 1 -1 70 2 29 -1 -1 -1 -1 -1 0 1020 
3 2 0 0 0 0 0 0 0 0 0 0 0 
4 2 0 0 0 0 0 0 0 0 0 0 0 
5 2 -1 173 2 16 -1 -1 -1 -1 -1 2 2806 
6 2 -1 33 2 37 -1 -1 -1 -1 -1 3 59 
7 3 0 0 0 0 0 0 0 0 0 0 0 
8 3 0 0 0 0 0 0 0 0 0 0 0 
9 3 0 0 0 0 0 0 0 0 0 0 0 
10 3 0 0 0 0 0 0 0 0 0 0 0 
11 3 -1 129 4 14 -1 -1 -1 -1 -1 2 10302 
12 3 -1 118 3 34 -1 -1 -1 -1 -1 2 -74 
13 3 32 0 0 0 0 0 0 0 0 0 0 
14 3 -1 34 3 39 -1 -1 -1 -1 -1 3 12 
15 4 0 0 0 0 0 0 0 0 0 0 0 
16 4 0 0 0 0 0 0 0 0 0 0 0 
17 4 0 0 0 0 0 0 0 0 0 0 0 
18 4 0 0 0 0 0 0 0 0 0 0 0 
19 4 0 0 0 0 0 0 0 0 0 0 0 
20 4 0 0 0 0 0 0 0 0 0 0 0 
21 4 0 0 0 0 0 0 0 0 0 0 0 
22 4 0 0 0 0 0 0 0 0 0 0 0 
23 4 -1 291 1 33 -1 -1 -1 -1 -1 2 19 
24 4 -1 140 4 18 -1 -1 -1 -1 -1 0 11229 
25 4 13 0 0 0 0 0 0 0 0 0 0 
26 4 -1 275 3 28 -1 -1 -1 -1 -1 2 46 
27 4 0 0 0 0 0 0 0 0 0 0 0 
28 4 0 0 0 0 0 0 0 0 0 0 0 
29 4 -1 39 2 14 -1 -1 -1 -1 -1 1 7337 
30 4 45 0 0 0 0 0 0 0 0 0 0 
31 5 0 0 0 0 0 0 0 0 0 0 0 
32 5 0 0 0 0 0 0 0 0 0 0 0 
33 5 0 0 0 0 0 0 0 0 0 0 0 
34 5 0 0 0 0 0 0 0 0 0 0 0 
35 5 0 0 0 0 0 0 0 0 0 0 0 
36 5 0 0 0 0 0 0 0 0 0 0 0 
37 5 0 0 0 0 0 0 0 0 0 0 0 
38 5 0 0 0 0 0 0 0 0 0 0 0 
39 5 0 0 0 0 0 0 0 0 0 0 0 
40 5 0 0 0 0 0 0 0 0 0 0 0 
41 5 0 0 0 0 0 0 0 0 0 0 0 
42 5 0 0 0 0 0 0 0 0 0 0 0 
43 5 0 0 0 0 0 0 0 0 0 0 0 
44 5 0 0 0 0 0 0 0 0 0 0 0 
45 5 0 0 0 0 0 0 0 0 0 0 0 
46 5 0 0 0 0 0 0 0 0 0 0 0 
47 5 1 0 0 0 0 0 0 0 0 0 0 
48 5 -1 353 1 14 -1 -1 -1 -1 -1 3 7 
49 5 -1 230 2 39 -1 -1 -1 -1 -1 1 64 
50 5 12 0 0 0 0 0 0 0 0 0 0 
51 5 0 0 0 0 0 0 0 0 0 0 0 
52 5 0 0 0 0 0 0 0 0 0 0 0 
53 5 -1 77 2 34 -1 -1 -1 -1 -1 0 421 
54 5 31 0 0 0 0 0 0 0 0 0 0 
55 5 0 0 0 0 0 0 0 0 0 0 0 
56 5 0 0 0 0 0 0 0 0 0 0 0 
57 5 0 0 0 0 0 0 0 0 0 0 0 
58 5 0 0 0 0 0 0 0 0 0 0 0 
59 5 -1 24 2 23 -1 -1 -1 -1 -1 0 1705 
60 5 -1 193 0 31 -1 -1 -1 -1 -1 1 -83 
61 5 0 0 0 0 0 0 0 0 0 0 0 
62 5 0 0 0 0 0 0 0 0 0 0 0 
63 6 0 0 0 0 0 0 0 0 0 0 0 
64 6 0 0 0 0 0 0 0 0 0 0 0 
65 6 0 0 0 0 0 0 0 0 0 0 0 
66 6 0 0 0 0 0 0 0 0 0 0 0 
67 6 0 0 0 0 0 0 0 0 0 0 0 
68 6 0 0 0 0 0 0 0 0 0 0 0 
69 6 0 0 0 0 0 0 0 0 0 0 0 
70 6 0 0 0 0 0 0 0 0 0 0 0 
71 6 0 0 0 0 0 0 0 0 0 0 0 
72 6 0 0 0 0 0 0 0 0 0 0 0 
73 6 0 0 0 0 0 0 0 0 0 0 0 
74 6 0 0 0 0 0 0 0 0 0 0 0 
75 6 0 0 0 0 0 0 0 0 0 0 0 
76 6 0 0 0 0 0 0 0 0 0 0 0 
77 6 0 0 0 0 0 0 0 0 0 0 0 
78 6 0 0 0 0 0 0 0 0 0 0 0 
79 6 0 0 0 0 0 0 0 0 0 0 0 
80 6 0 0 0 0 0 0 0 0 0 0 0 
81 6 0 0 0 0 0 0 0 0 0 0 0 
82 6 0 0 0 0 0 0 0 0 0 0 0 
83 6 0 0 0 0 0 0 0 0 0 0 0 
84 6 0 0 0 0 0 0 0 0 0 0 0 
85 6 0 0 0 0 0 0 0 0 0 0 0 
86 6 0 0 0 0 0 0 0 0 0 0 0 
87 6 0 0 0 0 0 0 0 0 0 0 0 
88 6 0 0 0 0 0 0 0 0 0 0 0 
89 6 0 0 0 0 0 0 0 0 0 0 0 
90 6 0 0 0 0 0 0 0 0 0 0 0 
91 6 0 0 0 0 0 0 0 0 0 0 0 
92 6 0 0 0 0 0 0 0 0 0 0 0 
93 6 0 0 0 0 0 0 0 0 0 0 0 
94 6 0 0 0 0 0 0 0 0 0 0 0 
95 6 0 0 0 0 0 0 0 0 0 0 0 
96 6 0 0 0 0 0 0 0 0 0 0 0 
97 6 2 0 0 0 0 0 0 0 0 0 0 
98 6 -1 82 1 12 -1 -1 -1 -1 -1 3 18 
99 6 6 0 0 0 0 0 0 0 0 0 0 
100 6 -1 23 0 23 -1 -1 -1 -1 -1 1 47 
101 6 0 0 0 0 0 0 0 0 0 0 0 
102 6 0 0 0 0 0 0 0 0 0 0 0 
103 6 0 0 0 0 0 0 0 0 0 0 0 
104 6 0 0 0 0 0 0 0 0 0 0 0 
105 6 0 0 0 0 0 0 0 0 0 0 0 
106 6 0 0 0 0 0 0 0 0 0 0 0 
107 6 -1 203 2 33 -1 -1 -1 -1 -1 3 176 
108 6 -1 154 2 33 -1 -1 -1 -1 -1 3 52 
109 6 0 0 0 0 0 0 0 0 0 0 0 
110 6 0 0 0 0 0 0 0 0 0 0 0 
111 6 0 0 0 0 0 0 0 0 0 0 0 
112 6 0 0 0 0 0 0 0 0 0 0 0 
113 6 0 0 0 0 0 0 0 0 0 0 0 
114 6 0 0 0 0 0 0 0 0 0 0 0 
115 6 0 0 0 0 0 0 0 0 0 0 0 
116 6 0 0 0 0 0 0 0 0 0 0 0 
117 6 0 0 0 0 0 0 0 0 0 0 0 
118 6 0 0 0 0 0 0 0 0 0 0 0 
119 6 -1 357 0 31 -1 -1 -1 -1 -1 3 -20 
120 6 37 0 0 0 0 0 0 0 0 0 0 
121 6 38 0 0 0 0 0 0 0 0 0 0 
122 6 -1 268 3 34 -1 -1 -1 -1 -1 0 18 
123 6 0 0 0 0 0 0 0 0 0 0 0 
124 6 0 0 0 0 0 0 0 0 0 0 0 
125 6 0 0 0 0 0 0 0 0 0 0 0 
126 6 0 0 0 0 0 0 0 0 0 0 0 
127 7 0 0 0 0 0 0 0 0 0 0 0 
128 7 0 0 0 0 0 0 0 0 0 0 0 
129 7 0 0 0 0 0 0 0 0 0 0 0 
130 7 0 0 0 0 0 0 0 0 0 0 0 
131 7 0 0 0 0 0 0 0 0 0 0 0 
132 7 0 0 0 0 0 0 0 0 0 0 0 
133 7 0 0 0 0 0 0 0 0 0 0 0 
134 7 0 0 0 0 0 0 0 0 0 0 0 
135 7 0 0 0 0 0 0 0 0 0 0 0 
136 7 0 0 0 0 0 0 0 0 0 0 0 
137 7 0 0 0 0 0 0 0 0 0 0 0 
138 7 0 0 0 0 0 0 0 0 0 0 0 
139 7 0 0 0 0 0 0 0 0 0 0 0 
140 7 0 0 0 0 0 0 0 0 0 0 0 
141 7 0 0 0 0 0 0 0 0 0 0 0 
142 7 0 0 0 0 0 0 0 0 0 0 0 
143 7 0 0 0 0 0 0 0 0 0 0 0 
144 7 0 0 0 0 0 0 0 0 0 0 0 
145 7 0 0 0 0 0 0 0 0 0 0 0 
146 7 0 0 0 0 0 0 0 0 0 0 0 
147 7 0 0 0 0 0 0 0 0 0 0 0 
148 7 0 0 0 0 0 0 0 0 0 0 0 
149 7 0 0 0 0 0 0 0 0 0 0 0 
150 7 0 0 0 0 0 0 0 0 0 0 0 
151 7 0 0 0 0 0 0 0 0 0 0 0 
152 7 0 0 0 0 0 0 0 0 0 0 0 
153 7 0 0 0 0 0 0 0 0 0 0 0 
154 7 0 0 0 0 0 0 0 0 0 0 0 
155 7 0 0 0 0 0 0 0 0 0 0 0 
156 7 0 0 0 0 0 0 0 0 0 0 0 
157 7 0 0 0 0 0 0 0 0 0 0 0 
158 7 0 0 0 0 0 0 0 0 0 0 0 
159 7 0 0 0 0 0 0 0 0 0 0 0 
160 7 0 0 0 0 0 0 0 0 0 0 0 
161 7 0 0 0 0 0 0 0 0 0 0 0 
162 7 0 0 0 0 0 0 0 0 0 0 0 
163 7 0 0 0 0 0 0 0 0 0 0 0 
164 7 0 0 0 0 0 0 0 0 0 0 0 
165 7 0 0 0 0 0 0 0 0 0 0 0 
166 7 0 0 0 0 0 0 0 0 0 0 0 
167 7 0 0 0 0 0 0 0 0 0 0 0 
168 7 0 0 0 0 0 0 0 0 0 0 0 
169 7 0 0 0 0 0 0 0 0 0 0 0 
170 7 0 0 0 0 0 0 0 0 0 0 0 
171 7 0 0 0 0 0 0 0 0 0 0 0 
172 7 0 0 0 0 0 0 0 0 0 0 0 
173 7 0 0 0 0 0 0 0 0 0 0 0 
174 7 0 0 0 0 0 0 0 0 0 0 0 
175 7 0 0 0 0 0 0 0 0 0 0 0 
176 7 0 0 0 0 0 0 0 0 0 0 0 
177 7 0 0 0 0 0 0 0 0 0 0 0 
178 7 0 0 0 0 0 0 0 0 0 0 0 
179 7 0 0 0 0 0 0 0 0 0 0 0 
180 7 0 0 0 0 0 0 0 0 0 0 0 
181 7 0 0 0 0 0 0 0 0 0 0 0 
182 7 0 0 0 0 0 0 0 0 0 0 0 
183 7 0 0 0 0 0 0 0 0 0 0 0 
184 7 0 0 0 0 0 0 0 0 0 0 0 
185 7 0 0 0 0 0 0 0 0 0 0 0 
186 7 0 0 0 0 0 0 0 0 0 0 0 
187 7 0 0 0 0 0 0 0 0 0 0 0 
188 7 0 0 0 0 0 0 0 0 0 0 0 
189 7 0 0 0 0 0 0 0 0 0 0 0 
190 7 0 0 0 0 0 0 0 0 0 0 0 
191 7 0 0 0 0 0 0 0 0 0 0 0 
192 7 0 0 0 0 0 0 0 0 0 0 0 
193 7 0 0 0 0 0 0 0 0 0 0 0 
194 7 0 0 0 0 0 0 0 0 0 0 0 
195 7 0 0 0 0 0 0 0 0 0 0 0 
196 7 0 0 0 0 0 0 0 0 0 0 0 
197 7 -1 101 0 18 -1 -1 -1 -1 -1 3 -5 
198 7 5 0 0 0 0 0 0 0 0 0 0 
199 7 0 0 0 0 0 0 0 0 0 0 0 
200 7 0 0 0 0 0 0 0 0 0 0 0 
201 7 -1 5 4 28 -1 -1 -1 -1 -1 2 9676 
202 7 11 0 0 0 0 0 0 0 0 0 0 
203 7 0 0 0 0 0 0 0 0 0 0 0 
204 7 0 0 0 0 0 0 0 0 0 0 0 
205 7 0 0 0 0 0 0 0 0 0 0 0 
206 7 0 0 0 0 0 0 0 0 0 0 0 
207 7 0 0 0 0 0 0 0 0 0 0 0 
208 7 0 0 0 0 0 0 0 0 0 0 0 
209 7 0 0 0 0 0 0 0 0 0 0 0 
210 7 0 0 0 0 0 0 0 0 0 0 0 
211 7 0 0 0 0 0 0 0 0 0 0 0 
212 7 0 0 0 0 0 0 0 0 0 0 0 
213 7 0 0 0 0 0 0 0 0 0 0 0 
214 7 0 0 0 0 0 0 0 0 0 0 0 
215 7 -1 151 2 25 -1 -1 -1 -1 -1 0 615 
216 7 21 0 0 0 0 0 0 0 0 0 0 
217 7 -1 168 1 18 -1 -1 -1 -1 -1 3 3 
218 7 -1 357 2 21 -1 -1 -1 -1 -1 3 880 
219 7 0 0 0 0 0 0 0 0 0 0 0 
220 7 0 0 0 0 0 0 0 0 0 0 0 
221 7 0 0 0 0 0 0 0 0 0 0 0 
222 7 0 0 0 0 0 0 0 0 0 0 0 
223 7 0 0 0 0 0 0 0 0 0 0 0 
224 7 0 0 0 0 0 0 0 0 0 0 0 
225 7 0 0 0 0 0 0 0 0 0 0 0 
226 7 0 0 0 0 0 0 0 0 0 0 0 
227 7 0 0 0 0 0 0 0 0 0 0 0 
228 7 0 0 0 0 0 0 0 0 0 0 0 
229 7 0 0 0 0 0 0 0 0 0 0 0 
230 7 0 0 0 0 0 0 0 0 0 0 0 
231 7 0 0 0 0 0 0 0 0 0 0 0 
232 7 0 0 0 0 0 0 0 0 0 0 0 
233 7 0 0 0 0 0 0 0 0 0 0 0 
234 7 0 0 0 0 0 0 0 0 0 0 0 
235 7 0 0 0 0 0 0 0 0 0 0 0 
236 7 0 0 0 0 0 0 0 0 0 0 0 
237 7 0 0 0 0 0 0 0 0 0 0 0 
238 7 0 0 0 0 0 0 0 0 0 0 0 
239 7 33 0 0 0 0 0 0 0 0 0 0 
240 7 -1 263 3 39 -1 -1 -1 -1 -1 0 -55 
241 7 0 0 0 0 0 0 0 0 0 0 0 
242 7 0 0 0 0 0 0 0 0 0 0 0 
243 7 0 0 0 0 0 0 0 0 0 0 0 
244 7 0 0 0 0 0 0 0 0 0 0 0 
245 7 -1 271 4 17 -1 -1 -1 -1 -1 3 1404 
246 7 44 0 0 0 0 0 0 0 0 0 0 
247 7 0 0 0 0 0 0 0 0 0 0 0 
248 7 0 0 0 0 0 0 0 0 0 0 0 
249 7 0 0 0 0 0 0 0 0 0 0 0 
250 7 0 0 0 0 0 0 0 0 0 0 0 
251 7 0 0 0 0 0 0 0 0 0 0 0 
252 7 0 0 0 0 0 0 0 0 0 0 0 
253 7 0 0 0 0 0 0 0 0 0 0 0 
254 7 0 0 0 0 0 0 0 0 0 0 0 
255 8 0 0 0 0 0 0 0 0 0 0 0 
256 8 0 0 0 0 0 0 0 0 0 0 0 
257 8 0 0 0 0 0 0 0 0 0 0 0 
258 8 0 0 0 0 0 0 0 0 0 0 0 
259 8 0 0 0 0 0 0 0 0 0 0 0 
260 8 0 0 0 0 0 0 0 0 0 0 0 
261 8 0 0 0 0 0 0 0 0 0 0 0 
262 8 0 0 0 0 0 0 0 0 0 0 0 
263 8 0 0 0 0 0 0 0 0 0 0 0 
264 8 0 0 0 0 0 0 0 0 0 0 0 
265 8 0 0 0 0 0 0 0 0 0 0 0 
266 8 0 0 0 0 0 0 0 0 0 0 0 
267 8 0 0 0 0 0 0 0 0 0 0 0 
268 8 0 0 0 0 0 0 0 0 0 0 0 
269 8 0 0 0 0 0 0 0 0 0 0 0 
270 8 0 0 0 0 0 0 0 0 0 0 0 
271 8 0 0 0 0 0 0 0 0 0 0 0 
272 8 0 0 0 0 0 0 0 0 0 0 0 
273 8 0 0 0 0 0 0 0 0 0 0 0 
274 8 0 0 0 0 0 0 0 0 0 0 0 
275 8 0 0 0 0 0 0 0 0 0 0 0 
276 8 0 0 0 0 0 0 0 0 0 0 0 
277 8 0 0 0 0 0 0 0 0 0 0 0 
278 8 0 0 0 0 0 0 0 0 0 0 0 
279 8 0 0 0 0 0 0 0 0 0 0 0 
280 8 0 0 0 0 0 0 0 0 0 0 0 
281 8 0 0 0 0 0 0 0 0 0 0 0 
282 8 0 0 0 0 0 0 0 0 0 0 0 
283 8 0 0 0 0 0 0 0 0 0 0 0 
284 8 0 0 0 0 0 0 0 0 0 0 0 
285 8 0 0 0 0 0 0 0 0 0 0 0 
286 8 0 0 0 0 0 0 0 0 0 0 0 
287 8 0 0 0 0 0 0 0 0 0 0 0 
288 8 0 0 0 0 0 0 0 0 0 0 0 
289 8 0 0 0 0 0 0 0 0 0 0 0 
290 8 0 0 0 0 0 0 0 0 0 0 0 
291 8 0 0 0 0 0 0 0 0 0 0 0 
292 8 0 0 0 0 0 0 0 0 0 0 0 
293 8 0 0 0 0 0 0 0 0 0 0 0 
294 8 0 0 0 0 0 0 0 0 0 0 0 
295 8 0 0 0 0 0 0 0 0 0 0 0 
296 8 0 0 0 0 0 0 0 0 0 0 0 
297 8 0 0 0 0 0 0 0 0 0 0 0 
298 8 0 0 0 0 0 0 0 0 0 0 0 
299 8 0 0 0 0 0 0 0 0 0 0 0 
300 8 0 0 0 0 0 0 0 0 0 0 0 
301 8 0 0 0 0 0 0 0 0 0 0 0 
302 8 0 0 0 0 0 0 0 0 0 0 0 
303 8 0 0 0 0 0 0 0 0 0 0 0 
304 8 0 0 0 0 0 0 0 0 0 0 0 
305 8 0 0 0 0 0 0 0 0 0 0 0 
306 8 0 0 0 0 0 0 0 0 0 0 0 
307 8 0 0 0 0 0 0 0 0 0 0 0 
308 8 0 0 0 0 0 0 0 0 0 0 0 
309 8 0 0 0 0 0 0 0 0 0 0 0 
310 8 0 0 0 0 0 0 0 0 0 0 0 
311 8 0 0 0 0 0 0 0 0 0 0 0 
312 8 0 0 0 0 0 0 0 0 0 0 0 
313 8 0 0 0 0 0 0 0 0 0 0 0 
314 8 0 0 0 0 0 0 0 0 0 0 0 
315 8 0 0 0 0 0 0 0 0 0 0 0 
316 8 0 0 0 0 0 0 0 0 0 0 0 
317 8 0 0 0 0 0 0 0 0 0 0 0 
318 8 0 0 0 0 0 0 0 0 0 0 0 
319 8 0 0 0 0 0 0 0 0 0 0 0 
320 8 0 0 0 0 0 0 0 0 0 0 0 
321 8 0 0 0 0 0 0 0 0 0 0 0 
322 8 0 0 0 0 0 0 0 0 0 0 0 
323 8 0 0 0 0 0 0 0 0 0 0 0 
324 8 0 0 0 0 0 0 0 0 0 0 0 
325 8 0 0 0 0 0 0 0 0 0 0 0 
326 8 0 0 0 0 0 0 0 0 0 0 0 
327 8 0 0 0 0 0 0 0 0 0 0 0 
328 8 0 0 0 0 0 0 0 0 0 0 0 
329 8 0 0 0 0 0 0 0 0 0 0 0 
330 8 0 0 0 0 0 0 0 0 0 0 0 
331 8 0 0 0 0 0 0 0 0 0 0 0 
332 8 0 0 0 0 0 0 0 0 0 0 0 
333 8 0 0 0 0 0 0 0 0 0 0 0 
334 8 0 0 0 0 0 0 0 0 0 0 0 
335 8 0 0 0 0 0 0 0 0 0 0 0 
336 8 0 0 0 0 0 0 0 0 0 0 0 
337 8 0 0 0 0 0 0 0 0 0 0 0 
338 8 0 0 0 0 0 0 0 0 0 0 0 
339 8 0 0 0 0 0 0 0 0 0 0 0 
340 8 0 0 0 0 0 0 0 0 0 0 0 
341 8 0 0 0 0 0 0 0 0 0 0 0 
342 8 0 0 0 0 0 0 0 0 0 0 0 
343 8 0 0 0 0 0 0 0 0 0 0 0 
344 8 0 0 0 0 0 0 0 0 0 0 0 
345 8 0 0 0 0 0 0 0 0 0 0 0 
346 8 0 0 0 0 0 0 0 0 0 0 0 
347 8 0 0 0 0 0 0 0 0 0 0 0 
348 8 0 0 0 0 0 0 0 0 0 0 0 
349 8 0 0 0 0 0 0 0 0 0 0 0 
350 8 0 0 0 0 0 0 0 0 0 0 0 
351 8 0 0 0 0 0 0 0 0 0 0 0 
352 8 0 0 0 0 0 0 0 0 0 0 0 
353 8 0 0 0 0 0 0 0 0 0 0 0 
354 8 0 0 0 0 0 0 0 0 0 0 0 
355 8 0 0 0 0 0 0 0 0 0 0 0 
356 8 0 0 0 0 0 0 0 0 0 0 0 
357 8 0 0 0 0 0 0 0 0 0 0 0 
358 8 0 0 0 0 0 0 0 0 0 0 0 
359 8 0 0 0 0 0 0 0 0 0 0 0 
360 8 0 0 0 0 0 0 0 0 0 0 0 
361 8 0 0 0 0 0 0 0 0 0 0 0 
362 8 0 0 0 0 0 0 0 0 0 0 0 
363 8 0 0 0 0 0 0 0 0 0 0 0 
364 8 0 0 0 0 0 0 0 0 0 0 0 
365 8 0 0 0 0 0 0 0 0 0 0 0 
366 8 0 0 0 0 0 0 0 0 0 0 0 
367 8 0 0 0 0 0 0 0 0 0 0 0 
368 8 0 0 0 0 0 0 0 0 0 0 0 
369 8 0 0 0 0 0 0 0 0 0 0 0 
370 8 0 0 0 0 0 0 0 0 0 0 0 
371 8 0 0 0 0 0 0 0 0 0 0 0 
372 8 0 0 0 0 0 0 0 0 0 0 0 
373 8 0 0 0 0 0 0 0 0 0 0 0 
374 8 0 0 0 0 0 0 0 0 0 0 0 
375 8 0 0 0 0 0 0 0 0 0 0 0 
376 8 0 0 0 0 0 0 0 0 0 0 0 
377 8 0 0 0 0 0 0 0 0 0 0 0 
378 8 0 0 0 0 0 0 0 0 0 0 0 
379 8 0 0 0 0 0 0 0 0 0 0 0 
380 8 0 0 0 0 0 0 0 0 0 0 0 
381 8 0 0 0 0 0 0 0 0 0 0 0 
382 8 0 0 0 0 0 0 0 0 0 0 0 
383 8 0 0 0 0 0 0 0 0 0 0 0 
384 8 0 0 0 0 0 0 0 0 0 0 0 
385 8 0 0 0 0 0 0 0 0 0 0 0 
386 8 0 0 0 0 0 0 0 0 0 0 0 
387 8 0 0 0 0 0 0 0 0 0 0 0 
388 8 0 0 0 0 0 0 0 0 0 0 0 
389 8 0 0 0 0 0 0 0 0 0 0 0 
390 8 0 0 0 0 0 0 0 0 0 0 0 
391 8 0 0 0 0 0 0 0 0 0 0 0 
392 8 0 0 0 0 0 0 0 0 0 0 0 
393 8 0 0 0 0 0 0 0 0 0 0 0 
394 8 0 0 0 0 0 0 0 0 0 0 0 
395 8 3 0 0 0 0 0 0 0 0 0 0 
396 8 4 0 0 0 0 0 0 0 0 0 0 
397 8 0 0 0 0 0 0 0 0 0 0 0 
398 8 0 0 0 0 0 0 0 0 0 0 0 
399 8 0 0 0 0 0 0 0 0 0 0 0 
400 8 0 0 0 0 0 0 0 0 0 0 0 
401 8 0 0 0 0 0 0 0 0 0 0 0 
402 8 0 0 0 0 0 0 0 0 0 0 0 
403 8 -1 328 1 37 -1 -1 -1 -1 -1 3 20 
404 8 10 0 0 0 0 0 0 0 0 0 0 
405 8 0 0 0 0 0 0 0 0 0 0 0 
406 8 0 0 0 0 0 0 0 0 0 0 0 
407 8 0 0 0 0 0 0 0 0 0 0 0 
408 8 0 0 0 0 0 0 0 0 0 0 0 
409 8 0 0 0 0 0 0 0 0 0 0 0 
410 8 0 0 0 0 0 0 0 0 0 0 0 
411 8 0 0 0 0 0 0 0 0 0 0 0 
412 8 0 0 0 0 0 0 0 0 0 0 0 
413 8 0 0 0 0 0 0 0 0 0 0 0 
414 8 0 0 0 0 0 0 0 0 0 0 0 
415 8 0 0 0 0 0 0 0 0 0 0 0 
416 8 0 0 0 0 0 0 0 0 0 0 0 
417 8 0 0 0 0 0 0 0 0 0 0 0 
418 8 0 0 0 0 0 0 0 0 0 0 0 
419 8 0 0 0 0 0 0 0 0 0 0 0 
420 8 0 0 0 0 0 0 0 0 0 0 0 
421 8 0 0 0 0 0 0 0 0 0 0 0 
422 8 0 0 0 0 0 0 0 0 0 0 0 
423 8 0 0 0 0 0 0 0 0 0 0 0 
424 8 0 0 0 0 0 0 0 0 0 0 0 
425 8 0 0 0 0 0 0 0 0 0 0 0 
426 8 0 0 0 0 0 0 0 0 0 0 0 
427 8 0 0 0 0 0 0 0 0 0 0 0 
428 8 0 0 0 0 0 0 0 0 0 0 0 
429 8 0 0 0 0 0 0 0 0 0 0 0 
430 8 0 0 0 0 0 0 0 0 0 0 0 
431 8 -1 256 4 20 -1 -1 -1 -1 -1 3 1673 
432 8 -1 81 1 17 -1 -1 -1 -1 -1 2 -54 
433 8 0 0 0 0 0 0 0 0 0 0 0 
434 8 0 0 0 0 0 0 0 0 0 0 0 
435 8 -1 243 2 39 -1 -1 -1 -1 -1 0 302 
436 8 25 0 0 0 0 0 0 0 0 0 0 
437 8 -1 3 2 12 -1 -1 -1 -1 -1 1 8673 
438 8 30 0 0 0 0 0 0 0 0 0 0 
439 8 0 0 0 0 0 0 0 0 0 0 0 
440 8 0 0 0 0 0 0 0 0 0 0 0 
441 8 0 0 0 0 0 0 0 0 0 0 0 
442 8 0 0 0 0 0 0 0 0 0 0 0 
443 8 0 0 0 0 0 0 0 0 0 0 0 
444 8 0 0 0 0 0 0 0 0 0 0 0 
445 8 0 0 0 0 0 0 0 0 0 0 0 
446 8 0 0 0 0 0 0 0 0 0 0 0 
447 8 0 0 0 0 0 0 0 0 0 0 0 
448 8 0 0 0 0 0 0 0 0 0 0 0 
449 8 0 0 0 0 0 0 0 0 0 0 0 
450 8 0 0 0 0 0 0 0 0 0 0 0 
451 8 0 0 0 0 0 0 0 0 0 0 0 
452 8 0 0 0 0 0 0 0 0 0 0 0 
453 8 0 0 0 0 0 0 0 0 0 0 0 
454 8 0 0 0 0 0 0 0 0 0 0 0 
455 8 0 0 0 0 0 0 0 0 0 0 0 
456 8 0 0 0 0 0 0 0 0 0 0 0 
457 8 0 0 0 0 0 0 0 0 0 0 0 
458 8 0 0 0 0 0 0 0 0 0 0 0 
459 8 0 0 0 0 0 0 0 0 0 0 0 
460 8 0 0 0 0 0 0 0 0 0 0 0 
461 8 0 0 0 0 0 0 0 0 0 0 0 
462 8 0 0 0 0 0 0 0 0 0 0 0 
463 8 0 0 0 0 0 0 0 0 0 0 0 
464 8 0 0 0 0 0 0 0 0 0 0 0 
465 8 0 0 0 0 0 0 0 0 0 0 0 
466 8 0 0 0 0 0 0 0 0 0 0 0 
467 8 0 0 0 0 0 0 0 0 0 0 0 
468 8 0 0 0 0 0 0 0 0 0 0 0 
469 8 0 0 0 0 0 0 0 0 0 0 0 
470 8 0 0 0 0 0 0 0 0 0 0 0 
471 8 0 0 0 0 0 0 0 0 0 0 0 
472 8 0 0 0 0 0 0 0 0 0 0 0 
473 8 0 0 0 0 0 0 0 0 0 0 0 
474 8 0 0 0 0 0 0 0 0 0 0 0 
475 8 0 0 0 0 0 0 0 0 0 0 0 
476 8 0 0 0 0 0 0 0 0 0 0 0 
477 8 0 0 0 0 0 0 0 0 0 0 0 
478 8 0 0 0 0 0 0 0 0 0 0 0 
479 8 0 0 0 0 0 0 0 0 0 0 0 
480 8 0 0 0 0 0 0 0 0 0 0 0 
481 8 34 0 0 0 0 0 0 0 0 0 0 
482 8 -1 91 1 35 -1 -1 -1 -1 -1 1 -2 
483 8 0 0 0 0 0 0 0 0 0 0 0 
484 8 0 0 0 0 0 0 0 0 0 0 0 
485 8 0 0 0 0 0 0 0 0 0 0 0 
486 8 0 0 0 0 0 0 0 0 0 0 0 
487 8 0 0 0 0 0 0 0 0 0 0 0 
488 8 0 0 0 0 0 0 0 0 0 0 0 
489 8 0 0 0 0 0 0 0 0 0 0 0 
490 8 0 0 0 0 0 0 0 0 0 0 0 
491 8 -1 122 1 32 -1 -1 -1 -1 -1 3 8 
492 8 43 0 0 0 0 0 0 0 0 0 0 
493 8 0 0 0 0 0 0 0 0 0 0 0 
494 8 0 0 0 0 0 0 0 0 0 0 0 
495 8 0 0 0 0 0 0 0 0 0 0 0 
496 8 0 0 0 0 0 0 0 0 0 0 0 
497 8 0 0 0 0 0 0 0 0 0 0 0 
498 8 0 0 0 0 0 0 0 0 0 0 0 
499 8 0 0 0 0 0 0 0 0 0 0 0 
500 8 0 0 0 0 0 0 0 0 0 0 0 
501 8 0 0 0 0 0 0 0 0 0 0 0 
502 8 0 0 0 0 0 0 0 0 0 0 0 
503 8 0 0 0 0 0 0 0 0 0 0 0 
504 8 0 0 0 0 0 0 0 0 0 0 0 
505 8 0 0 0 0 0 0 0 0 0 0 0 
506 8 0 0 0 0 0 0 0 0 0 0 0 
507 8 0 0 0 0 0 0 0 0 0 0 0 
508 8 0 0 0 0 0 0 0 0 0 0 0 
509 8 0 0 0 0 0 0 0 0 0 0 0 
510 8 0 0 0 0 0 0 0 0 0 0 0 
511 9 0 0 0 0 0 0 0 0 0 0 0 
512 9 0 0 0 0 0 0 0 0 0 0 0 
513 9 0 0 0 0 0 0 0 0 0 0 0 
514 9 0 0 0 0 0 0 0 0 0 0 0 
515 9 0 0 0 0 0 0 0 0 0 0 0 
516 9 0 0 0 0 0 0 0 0 0 0 0 
517 9 0 0 0 0 0 0 0 0 0 0 0 
518 9 0 0 0 0 0 0 0 0 0 0 0 
519 9 0 0 0 0 0 0 0 0 0 0 0 
520 9 0 0 0 0 0 0 0 0 0 0 0 
521 9 0 0 0 0 0 0 0 0 0 0 0 
522 9 0 0 0 0 0 0 0 0 0 0 0 
523 9 0 0 0 0 0 0 0 0 0 0 0 
524 9 0 0 0 0 0 0 0 0 0 0 0 
525 9 0 0 0 0 0 0 0 0 0 0 0 
526 9 0 0 0 0 0 0 0 0 0 0 0 
527 9 0 0 0 0 0 0 0 0 0 0 0 
528 9 0 0 0 0 0 0 0 0 0 0 0 
529 9 0 0 0 0 0 0 0 0 0 0 0 
530 9 0 0 0 0 0 0 0 0 0 0 0 
531 9 0 0 0 0 0 0 0 0 0 0 0 
532 9 0 0 0 0 0 0 0 0 0 0 0 
533 9 0 0 0 0 0 0 0 0 0 0 0 
534 9 0 0 0 0 0 0 0 0 0 0 0 
535 9 0 0 0 0 0 0 0 0 0 0 0 
536 9 0 0 0 0 0 0 0 0 0 0 0 
537 9 0 0 0 0 0 0 0 0 0 0 0 
538 9 0 0 0 0 0 0 0 0 0 0 0 
539 9 0 0 0 0 0 0 0 0 0 0 0 
540 9 0 0 0 0 0 0 0 0 0 0 0 
541 9 0 0 0 0 0 0 0 0 0 0 0 
542 9 0 0 0 0 0 0 0 0 0 0 0 
543 9 0 0 0 0 0 0 0 0 0 0 0 
544 9 0 0 0 0 0 0 0 0 0 0 0 
545 9 0 0 0 0 0 0 0 0 0 0 0 
546 9 0 0 0 0 0 0 0 0 0 0 0 
547 9 0 0 0 0 0 0 0 0 0 0 0 
548 9 0 0 0 0 0 0 0 0 0 0 0 
549 9 0 0 0 0 0 0 0 0 0 0 0 
550 9 0 0 0 0 0 0 0 0 0 0 0 
551 9 0 0 0 0 0 0 0 0 0 0 0 
552 9 0 0 0 0 0 0 0 0 0 0 0 
553 9 0 0 0 0 0 0 0 0 0 0 0 
554 9 0 0 0 0 0 0 0 0 0 0 0 
555 9 0 0 0 0 0 0 0 0 0 0 0 
556 9 0 0 0 0 0 0 0 0 0 0 0 
557 9 0 0 0 0 0 0 0 0 0 0 0 
558 9 0 0 0 0 0 0 0 0 0 0 0 
559 9 0 0 0 0 0 0 0 0 0 0 0 
560 9 0 0 0 0 0 0 0 0 0 0 0 
561 9 0 0 0 0 0 0 0 0 0 0 0 
562 9 0 0 0 0 0 0 0 0 0 0 0 
563 9 0 0 0 0 0 0 0 0 0 0 0 
564 9 0 0 0 0 0 0 0 0 0 0 0 
565 9 0 0 0 0 0 0 0 0 0 0 0 
566 9 0 0 0 0 0 0 0 0 0 0 0 
567 9 0 0 0 0 0 0 0 0 0 0 0 
568 9 0 0 0 0 0 0 0 0 0 0 0 
569 9 0 0 0 0 0 0 0 0 0 0 0 
570 9 0 0 0 0 0 0 0 0 0 0 0 
571 9 0 0 0 0 0 0 0 0 0 0 0 
572 9 0 0 0 0 0 0 0 0 0 0 0 
573 9 0 0 0 0 0 0 0 0 0 0 0 
574 9 0 0 0 0 0 0 0 0 0 0 0 
575 9 0 0 0 0 0 0 0 0 0 0 0 
576 9 0 0 0 0 0 0 0 0 0 0 0 
577 9 0 0 0 0 0 0 0 0 0 0 0 
578 9 0 0 0 0 0 0 0 0 0 0 0 
579 9 0 0 0 0 0 0 0 0 0 0 0 
580 9 0 0 0 0 0 0 0 0 0 0 0 
581 9 0 0 0 0 0 0 0 0 0 0 0 
582 9 0 0 0 0 0 0 0 0 0 0 0 
583 9 0 0 0 0 0 0 0 0 0 0 0 
584 9 0 0 0 0 0 0 0 0 0 0 0 
585 9 0 0 0 0 0 0 0 0 0 0 0 
586 9 0 0 0 0 0 0 0 0 0 0 0 
587 9 0 0 0 0 0 0 0 0 0 0 0 
588 9 0 0 0 0 0 0 0 0 0 0 0 
589 9 0 0 0 0 0 0 0 0 0 0 0 
590 9 0 0 0 0 0 0 0 0 0 0 0 
591 9 0 0 0 0 0 0 0 0 0 0 0 
592 9 0 0 0 0 0 0 0 0 0 0 0 
593 9 0 0 0 0 0 0 0 0 0 0 0 
594 9 0 0 0 0 0 0 0 0 0 0 0 
595 9 0 0 0 0 0 0 0 0 0 0 0 
596 9 0 0 0 0 0 0 0 0 0 0 0 
597 9 0 0 0 0 0 0 0 0 0 0 0 
598 9 0 0 0 0 0 0 0 0 0 0 0 
599 9 0 0 0 0 0 0 0 0 0 0 0 
600 9 0 0 0 0 0 0 0 0 0 0 0 
601 9 0 0 0 0 0 0 0 0 0 0 0 
602 9 0 0 0 0 0 0 0 0 0 0 0 
603 9 0 0 0 0 0 0 0 0 0 0 0 
604 9 0 0 0 0 0 0 0 0 0 0 0 
605 9 0 0 0 0 0 0 0 0 0 0 0 
606 9 0 0 0 0 0 0 0 0 0 0 0 
607 9 0 0 0 0 0 0 0 0 0 0 0 
608 9 0 0 0 0 0 0 0 0 0 0 0 
609 9 0 0 0 0 0 0 0 0 0 0 0 
610 9 0 0 0 0 0 0 0 0 0 0 0 
611 9 0 0 0 0 0 0 0 0 0 0 0 
612 9 0 0 0 0 0 0 0 0 0 0 0 
613 9 0 0 0 0 0 0 0 0 0 0 0 
614 9 0 0 0 0 0 0 0 0 0 0 0 
615 9 0 0 0 0 0 0 0 0 0 0 0 
616 9 0 0 0 0 0 0 0 0 0 0 0 
617 9 0 0 0 0 0 0 0 0 0 0 0 
618 9 0 0 0 0 0 0 0 0 0 0 0 
619 9 0 0 0 0 0 0 0 0 0 0 0 
620 9 0 0 0 0 0 0 0 0 0 0 0 
621 9 0 0 0 0 0 0 0 0 0 0 0 
622 9 0 0 0 0 0 0 0 0 0 0 0 
623 9 0 0 0 0 0 0 0 0 0 0 0 
624 9 0 0 0 0 0 0 0 0 0 0 0 
625 9 0 0 0 0 0 0 0 0 0 0 0 
626 9 0 0 0 0 0 0 0 0 0 0 0 
627 9 0 0 0 0 0 0 0 0 0 0 0 
628 9 0 0 0 0 0 0 0 0 0 0 0 
629 9 0 0 0 0 0 0 0 0 0 0 0 
630 9 0 0 0 0 0 0 0 0 0 0 0 
631 9 0 0 0 0 0 0 0 0 0 0 0 
632 9 0 0 0 0 0 0 0 0 0 0 0 
633 9 0 0 0 0 0 0 0 0 0 0 0 
634 9 0 0 0 0 0 0 0 0 0 0 0 
635 9 0 0 0 0 0 0 0 0 0 0 0 
636 9 0 0 0 0 0 0 0 0 0 0 0 
637 9 0 0 0 0 0 0 0 0 0 0 0 
638 9 0 0 0 0 0 0 0 0 0 0 0 
639 9 0 0 0 0 0 0 0 0 0 0 0 
640 9 0 0 0 0 0 0 0 0 0 0 0 
641 9 0 0 0 0 0 0 0 0 0 0 0 
642 9 0 0 0 0 0 0 0 0 0 0 0 
643 9 0 0 0 0 0 0 0 0 0 0 0 
644 9 0 0 0 0 0 0 0 0 0 0 0 
645 9 0 0 0 0 0 0 0 0 0 0 0 
646 9 0 0 0 0 0 0 0 0 0 0 0 
647 9 0 0 0 0 0 0 0 0 0 0 0 
648 9 0 0 0 0 0 0 0 0 0 0 0 
649 9 0 0 0 0 0 0 0 0 0 0 0 
650 9 0 0 0 0 0 0 0 0 0 0 0 
651 9 0 0 0 0 0 0 0 0 0 0 0 
652 9 0 0 0 0 0 0 0 0 0 0 0 
653 9 0 0 0 0 0 0 0 0 0 0 0 
654 9 0 0 0 0 0 0 0 0 0 0 0 
655 9 0 0 0 0 0 0 0 0 0 0 0 
656 9 0 0 0 0 0 0 0 0 0 0 0 
657 9 0 0 0 0 0 0 0 0 0 0 0 
658 9 0 0 0 0 0 0 0 0 0 0 0 
659 9 0 0 0 0 0 0 0 0 0 0 0 
660 9 0 0 0 0 0 0 0 0 0 0 0 
661 9 0 0 0 0 0 0 0 0 0 0 0 
662 9 0 0 0 0 0 0 0 0 0 0 0 
663 9 0 0 0 0 0 0 0 0 0 0 0 
664 9 0 0 0 0 0 0 0 0 0 0 0 
665 9 0 0 0 0 0 0 0 0 0 0 0 
666 9 0 0 0 0 0 0 0 0 0 0 0 
667 9 0 0 0 0 0 0 0 0 0 0 0 
668 9 0 0 0 0 0 0 0 0 0 0 0 
669 9 0 0 0 0 0 0 0 0 0 0 0 
670 9 0 0 0 0 0 0 0 0 0 0 0 
671 9 0 0 0 0 0 0 0 0 0 0 0 
672 9 0 0 0 0 0 0 0 0 0 0 0 
673 9 0 0 0 0 0 0 0 0 0 0 0 
674 9 0 0 0 0 0 0 0 0 0 0 0 
675 9 0 0 0 0 0 0 0 0 0 0 0 
676 9 0 0 0 0 0 0 0 0 0 0 0 
677 9 0 0 0 0 0 0 0 0 0 0 0 
678 9 0 0 0 0 0 0 0 0 0 0 0 
679 9 0 0 0 0 0 0 0 0 0 0 0 
680 9 0 0 0 0 0 0 0 0 0 0 0 
681 9 0 0 0 0 0 0 0 0 0 0 0 
682 9 0 0 0 0 0 0 0 0 0 0 0 
683 9 0 0 0 0 0 0 0 0 0 0 0 
684 9 0 0 0 0 0 0 0 0 0 0 0 
685 9 0 0 0 0 0 0 0 0 0 0 0 
686 9 0 0 0 0 0 0 0 0 0 0 0 
687 9 0 0 0 0 0 0 0 0 0 0 0 
688 9 0 0 0 0 0 0 0 0 0 0 0 
689 9 0 0 0 0 0 0 0 0 0 0 0 
690 9 0 0 0 0 0 0 0 0 0 0 0 
691 9 0 0 0 0 0 0 0 0 0 0 0 
692 9 0 0 0 0 0 0 0 0 0 0 0 
693 9 0 0 0 0 0 0 0 0 0 0 0 
694 9 0 0 0 0 0 0 0 0 0 0 0 
695 9 0 0 0 0 0 0 0 0 0 0 0 
696 9 0 0 0 0 0 0 0 0 0 0 0 
697 9 0 0 0 0 0 0 0 0 0 0 0 
698 9 0 0 0 0 0 0 0 0 0 0 0 
699 9 0 0 0 0 0 0 0 0 0 0 0 
700 9 0 0 0 0 0 0 0 0 0 0 0 
701 9 0 0 0 0 0 0 0 0 0 0 0 
702 9 0 0 0 0 0 0 0 0 0 0 0 
703 9 0 0 0 0 0 0 0 0 0 0 0 
704 9 0 0 0 0 0 0 0 0 0 0 0 
705 9 0 0 0 0 0 0 0 0 0 0 0 
706 9 0 0 0 0 0 0 0 0 0 0 0 
707 9 0 0 0 0 0 0 0 0 0 0 0 
708 9 0 0 0 0 0 0 0 0 0 0 0 
709 9 0 0 0 0 0 0 0 0 0 0 0 
710 9 0 0 0 0 0 0 0 0 0 0 0 
711 9 0 0 0 0 0 0 0 0 0 0 0 
712 9 0 0 0 0 0 0 0 0 0 0 0 
713 9 0 0 0 0 0 0 0 0 0 0 0 
714 9 0 0 0 0 0 0 0 0 0 0 0 
715 9 0 0 0 0 0 0 0 0 0 0 0 
716 9 0 0 0 0 0 0 0 0 0 0 0 
717 9 0 0 0 0 0 0 0 0 0 0 0 
718 9 0 0 0 0 0 0 0 0 0 0 0 
719 9 0 0 0 0 0 0 0 0 0 0 0 
720 9 0 0 0 0 0 0 0 0 0 0 0 
721 9 0 0 0 0 0 0 0 0 0 0 0 
722 9 0 0 0 0 0 0 0 0 0 0 0 
723 9 0 0 0 0 0 0 0 0 0 0 0 
724 9 0 0 0 0 0 0 0 0 0 0 0 
725 9 0 0 0 0 0 0 0 0 0 0 0 
726 9 0 0 0 0 0 0 0 0 0 0 0 
727 9 0 0 0 0 0 0 0 0 0 0 0 
728 9 0 0 0 0 0 0 0 0 0 0 0 
729 9 0 0 0 0 0 0 0 0 0 0 0 
730 9 0 0 0 0 0 0 0 0 0 0 0 
731 9 0 0 0 0 0 0 0 0 0 0 0 
732 9 0 0 0 0 0 0 0 0 0 0 0 
733 9 0 0 0 0 0 0 0 0 0 0 0 
734 9 0 0 0 0 0 0 0 0 0 0 0 
735 9 0 0 0 0 0 0 0 0 0 0 0 
736 9 0 0 0 0 0 0 0 0 0 0 0 
737 9 0 0 0 0 0 0 0 0 0 0 0 
738 9 0 0 0 0 0 0 0 0 0 0 0 
739 9 0 0 0 0 0 0 0 0 0 0 0 
740 9 0 0 0 0 0 0 0 0 0 0 0 
741 9 0 0 0 0 0 0 0 0 0 0 0 
742 9 0 0 0 0 0 0 0 0 0 0 0 
743 9 0 0 0 0 0 0 0 0 0 0 0 
744 9 0 0 0 0 0 0 0 0 0 0 0 
745 9 0 0 0 0 0 0 0 0 0 0 0 
746 9 0 0 0 0 0 0 0 0 0 0 0 
747 9 0 0 0 0 0 0 0 0 0 0 0 
748 9 0 0 0 0 0 0 0 0 0 0 0 
749 9 0 0 0 0 0 0 0 0 0 0 0 
750 9 0 0 0 0 0 0 0 0 0 0 0 
751 9 0 0 0 0 0 0 0 0 0 0 0 
752 9 0 0 0 0 0 0 0 0 0 0 0 
753 9 0 0 0 0 0 0 0 0 0 0 0 
754 9 0 0 0 0 0 0 0 0 0 0 0 
755 9 0 0 0 0 0 0 0 0 0 0 0 
756 9 0 0 0 0 0 0 0 0 0 0 0 
757 9 0 0 0 0 0 0 0 0 0 0 0 
758 9 0 0 0 0 0 0 0 0 0 0 0 
759 9 0 0 0 0 0 0 0 0 0 0 0 
760 9 0 0 0 0 0 0 0 0 0 0 0 
761 9 0 0 0 0 0 0 0 0 0 0 0 
762 9 0 0 0 0 0 0 0 0 0 0 0 
763 9 0 0 0 0 0 0 0 0 0 0 0 
764 9 0 0 0 0 0 0 0 0 0 0 0 
765 9 0 0 0 0 0 0 0 0 0 0 0 
766 9 0 0 0 0 0 0 0 0 0 0 0 
767 9 0 0 0 0 0 0 0 0 0 0 0 
768 9 0 0 0 0 0 0 0 0 0 0 0 
769 9 0 0 0 0 0 0 0 0 0 0 0 
770 9 0 0 0 0 0 0 0 0 0 0 0 
771 9 0 0 0 0 0 0 0 0 0 0 0 
772 9 0 0 0 0 0 0 0 0 0 0 0 
773 9 0 0 0 0 0 0 0 0 0 0 0 
774 9 0 0 0 0 0 0 0 0 0 0 0 
775 9 0 0 0 0 0 0 0 0 0 0 0 
776 9 0 0 0 0 0 0 0 0 0 0 0 
777 9 0 0 0 0 0 0 0 0 0 0 0 
778 9 0 0 0 0 0 0 0 0 0 0 0 
779 9 0 0 0 0 0 0 0 0 0 0 0 
780 9 0 0 0 0 0 0 0 0 0 0 0 
781 9 0 0 0 0 0 0 0 0 0 0 0 
782 9 0 0 0 0 0 0 0 0 0 0 0 
783 9 0 0 0 0 0 0 0 0 0 0 0 
784 9 0 0 0 0 0 0 0 0 0 0 0 
785 9 0 0 0 0 0 0 0 0 0 0 0 
786 9 0 0 0 0 0 0 0 0 0 0 0 
787 9 0 0 0 0 0 0 0 0 0 0 0 
788 9 0 0 0 0 0 0 0 0 0 0 0 
789 9 0 0 0 0 0 0 0 0 0 0 0 
790 9 0 0 0 0 0 0 0 0 0 0 0 
791 9 0 0 0 0 0 0 0 0 0 0 0 
792 9 0 0 0 0 0 0 0 0 0 0 0 
793 9 0 0 0 0 0 0 0 0 0 0 0 
794 9 0 0 0 0 0 0 0 0 0 0 0 
795 9 0 0 0 0 0 0 0 0 0 0 0 
796 9 0 0 0 0 0 0 0 0 0 0 0 
797 9 0 0 0 0 0 0 0 0 0 0 0 
798 9 0 0 0 0 0 0 0 0 0 0 0 
799 9 0 0 0 0 0 0 0 0 0 0 0 
800 9 0 0 0 0 0 0 0 0 0 0 0 
801 9 0 0 0 0 0 0 0 0 0 0 0 
802 9 0 0 0 0 0 0 0 0 0 0 0 
803 9 0 0 0 0 0 0 0 0 0 0 0 
804 9 0 0 0 0 0 0 0 0 0 0 0 
805 9 0 0 0 0 0 0 0 0 0 0 0 
806 9 0 0 0 0 0 0 0 0 0 0 0 
807 9 -1 30 2 39 -1 -1 -1 -1 -1 2 132 
808 9 9 0 0 0 0 0 0 0 0 0 0 
809 9 0 0 0 0 0 0 0 0 0 0 0 
810 9 0 0 0 0 0 0 0 0 0 0 0 
811 9 0 0 0 0 0 0 0 0 0 0 0 
812 9 0 0 0 0 0 0 0 0 0 0 0 
813 9 0 0 0 0 0 0 0 0 0 0 0 
814 9 0 0 0 0 0 0 0 0 0 0 0 
815 9 0 0 0 0 0 0 0 0 0 0 0 
816 9 0 0 0 0 0 0 0 0 0 0 0 
817 9 0 0 0 0 0 0 0 0 0 0 0 
818 9 0 0 0 0 0 0 0 0 0 0 0 
819 9 0 0 0 0 0 0 0 0 0 0 0 
820 9 0 0 0 0 0 0 0 0 0 0 0 
821 9 0 0 0 0 0 0 0 0 0 0 0 
822 9 0 0 0 0 0 0 0 0 0 0 0 
823 9 0 0 0 0 0 0 0 0 0 0 0 
824 9 0 0 0 0 0 0 0 0 0 0 0 
825 9 0 0 0 0 0 0 0 0 0 0 0 
826 9 0 0 0 0 0 0 0 0 0 0 0 
827 9 0 0 0 0 0 0 0 0 0 0 0 
828 9 0 0 0 0 0 0 0 0 0 0 0 
829 9 0 0 0 0 0 0 0 0 0 0 0 
830 9 0 0 0 0 0 0 0 0 0 0 0 
831 9 0 0 0 0 0 0 0 0 0 0 0 
832 9 0 0 0 0 0 0 0 0 0 0 0 
833 9 0 0 0 0 0 0 0 0 0 0 0 
834 9 0 0 0 0 0 0 0 0 0 0 0 
835 9 0 0 0 0 0 0 0 0 0 0 0 
836 9 0 0 0 0 0 0 0 0 0 0 0 
837 9 0 0 0 0 0 0 0 0 0 0 0 
838 9 0 0 0 0 0 0 0 0 0 0 0 
839 9 0 0 0 0 0 0 0 0 0 0 0 
840 9 0 0 0 0 0 0 0 0 0 0 0 
841 9 0 0 0 0 0 0 0 0 0 0 0 
842 9 0 0 0 0 0 0 0 0 0 0 0 
843 9 0 0 0 0 0 0 0 0 0 0 0 
844 9 0 0 0 0 0 0 0 0 0 0 0 
845 9 0 0 0 0 0 0 0 0 0 0 0 
846 9 0 0 0 0 0 0 0 0 0 0 0 
847 9 0 0 0 0 0 0 0 0 0 0 0 
848 9 0 0 0 0 0 0 0 0 0 0 0 
849 9 0 0 0 0 0 0 0 0 0 0 0 
850 9 0 0 0 0 0 0 0 0 0 0 0 
851 9 0 0 0 0 0 0 0 0 0 0 0 
852 9 0 0 0 0 0 0 0 0 0 0 0 
853 9 0 0 0 0 0 0 0 0 0 0 0 
854 9 0 0 0 0 0 0 0 0 0 0 0 
855 9 0 0 0 0 0 0 0 0 0 0 0 
856 9 0 0 0 0 0 0 0 0 0 0 0 
857 9 0 0 0 0 0 0 0 0 0 0 0 
858 9 0 0 0 0 0 0 0 0 0 0 0 
859 9 0 0 0 0 0 0 0 0 0 0 0 
860 9 0 0 0 0 0 0 0 0 0 0 0 
861 9 0 0 0 0 0 0 0 0 0 0 0 
862 9 0 0 0 0 0 0 0 0 0 0 0 
863 9 -1 328 4 14 -1 -1 -1 -1 -1 2 4467 
864 9 -1 108 2 20 -1 -1 -1 -1 -1 1 2142 
865 9 18 0 0 0 0 0 0 0 0 0 0 
866 9 -1 296 4 38 -1 -1 -1 -1 -1 3 2197 
867 9 0 0 0 0 0 0 0 0 0 0 0 
868 9 0 0 0 0 0 0 0 0 0 0 0 
869 9 0 0 0 0 0 0 0 0 0 0 0 
870 9 0 0 0 0 0 0 0 0 0 0 0 
871 9 -1 305 3 29 -1 -1 -1 -1 -1 2 -20 
872 9 24 0 0 0 0 0 0 0 0 0 0 
873 9 0 0 0 0 0 0 0 0 0 0 0 
874 9 0 0 0 0 0 0 0 0 0 0 0 
875 9 -1 102 4 33 -1 -1 -1 -1 -1 0 3601 
876 9 -1 6 2 14 -1 -1 -1 -1 -1 0 6377 
877 9 0 0 0 0 0 0 0 0 0 0 0 
878 9 0 0 0 0 0 0 0 0 0 0 0 
879 9 0 0 0 0 0 0 0 0 0 0 0 
880 9 0 0 0 0 0 0 0 0 0 0 0 
881 9 0 0 0 0 0 0 0 0 0 0 0 
882 9 0 0 0 0 0 0 0 0 0 0 0 
883 9 0 0 0 0 0 0 0 0 0 0 0 
884 9 0 0 0 0 0 0 0 0 0 0 0 
885 9 0 0 0 0 0 0 0 0 0 0 0 
886 9 0 0 0 0 0 0 0 0 0 0 0 
887 9 0 0 0 0 0 0 0 0 0 0 0 
888 9 0 0 0 0 0 0 0 0 0 0 0 
889 9 0 0 0 0 0 0 0 0 0 0 0 
890 9 0 0 0 0 0 0 0 0 0 0 0 
891 9 0 0 0 0 0 0 0 0 0 0 0 
892 9 0 0 0 0 0 0 0 0 0 0 0 
893 9 0 0 0 0 0 0 0 0 0 0 0 
894 9 0 0 0 0 0 0 0 0 0 0 0 
895 9 0 0 0 0 0 0 0 0 0 0 0 
896 9 0 0 0 0 0 0 0 0 0 0 0 
897 9 0 0 0 0 0 0 0 0 0 0 0 
898 9 0 0 0 0 0 0 0 0 0 0 0 
899 9 0 0 0 0 0 0 0 0 0 0 0 
900 9 0 0 0 0 0 0 0 0 0 0 0 
901 9 0 0 0 0 0 0 0 0 0 0 0 
902 9 0 0 0 0 0 0 0 0 0 0 0 
903 9 0 0 0 0 0 0 0 0 0 0 0 
904 9 0 0 0 0 0 0 0 0 0 0 0 
905 9 0 0 0 0 0 0 0 0 0 0 0 
906 9 0 0 0 0 0 0 0 0 0 0 0 
907 9 0 0 0 0 0 0 0 0 0 0 0 
908 9 0 0 0 0 0 0 0 0 0 0 0 
909 9 0 0 0 0 0 0 0 0 0 0 0 
910 9 0 0 0 0 0 0 0 0 0 0 0 
911 9 0 0 0 0 0 0 0 0 0 0 0 
912 9 0 0 0 0 0 0 0 0 0 0 0 
913 9 0 0 0 0 0 0 0 0 0 0 0 
914 9 0 0 0 0 0 0 0 0 0 0 0 
915 9 0 0 0 0 0 0 0 0 0 0 0 
916 9 0 0 0 0 0 0 0 0 0 0 0 
917 9 0 0 0 0 0 0 0 0 0 0 0 
918 9 0 0 0 0 0 0 0 0 0 0 0 
919 9 0 0 0 0 0 0 0 0 0 0 0 
920 9 0 0 0 0 0 0 0 0 0 0 0 
921 9 0 0 0 0 0 0 0 0 0 0 0 
922 9 0 0 0 0 0 0 0 0 0 0 0 
923 9 0 0 0 0 0 0 0 0 0 0 0 
924 9 0 0 0 0 0 0 0 0 0 0 0 
925 9 0 0 0 0 0 0 0 0 0 0 0 
926 9 0 0 0 0 0 0 0 0 0 0 0 
927 9 0 0 0 0 0 0 0 0 0 0 0 
928 9 0 0 0 0 0 0 0 0 0 0 0 
929 9 0 0 0 0 0 0 0 0 0 0 0 
930 9 0 0 0 0 0 0 0 0 0 0 0 
931 9 0 0 0 0 0 0 0 0 0 0 0 
932 9 0 0 0 0 0 0 0 0 0 0 0 
933 9 0 0 0 0 0 0 0 0 0 0 0 
934 9 0 0 0 0 0 0 0 0 0 0 0 
935 9 0 0 0 0 0 0 0 0 0 0 0 
936 9 0 0 0 0 0 0 0 0 0 0 0 
937 9 0 0 0 0 0 0 0 0 0 0 0 
938 9 0 0 0 0 0 0 0 0 0 0 0 
939 9 0 0 0 0 0 0 0 0 0 0 0 
940 9 0 0 0 0 0 0 0 0 0 0 0 
941 9 0 0 0 0 0 0 0 0 0 0 0 
942 9 0 0 0 0 0 0 0 0 0 0 0 
943 9 0 0 0 0 0 0 0 0 0 0 0 
944 9 0 0 0 0 0 0 0 0 0 0 0 
945 9 0 0 0 0 0 0 0 0 0 0 0 
946 9 0 0 0 0 0 0 0 0 0 0 0 
947 9 0 0 0 0 0 0 0 0 0 0 0 
948 9 0 0 0 0 0 0 0 0 0 0 0 
949 9 0 0 0 0 0 0 0 0 0 0 0 
950 9 0 0 0 0 0 0 0 0 0 0 0 
951 9 0 0 0 0 0 0 0 0 0 0 0 
952 9 0 0 0 0 0 0 0 0 0 0 0 
953 9 0 0 0 0 0 0 0 0 0 0 0 
954 9 0 0 0 0 0 0 0 0 0 0 0 
955 9 0 0 0 0 0 0 0 0 0 0 0 
956 9 0 0 0 0 0 0 0 0 0 0 0 
957 9 0 0 0 0 0 0 0 0 0 0 0 
958 9 0 0 0 0 0 0 0 0 0 0 0 
959 9 0 0 0 0 0 0 0 0 0 0 0 
960 9 0 0 0 0 0 0 0 0 0 0 0 
961 9 0 0 0 0 0 0 0 0 0 0 0 
962 9 0 0 0 0 0 0 0 0 0 0 0 
963 9 0 0 0 0 0 0 0 0 0 0 0 
964 9 0 0 0 0 0 0 0 0 0 0 0 
965 9 35 0 0 0 0 0 0 0 0 0 0 
966 9 36 0 0 0 0 0 0 0 0 0 0 
967 9 0 0 0 0 0 0 0 0 0 0 0 
968 9 0 0 0 0 0 0 0 0 0 0 0 
969 9 0 0 0 0 0 0 0 0 0 0 0 
970 9 0 0 0 0 0 0 0 0 0 0 0 
971 9 0 0 0 0 0 0 0 0 0 0 0 
972 9 0 0 0 0 0 0 0 0 0 0 0 
973 9 0 0 0 0 0 0 0 0 0 0 0 
974 9 0 0 0 0 0 0 0 0 0 0 0 
975 9 0 0 0 0 0 0 0 0 0 0 0 
976 9 0 0 0 0 0 0 0 0 0 0 0 
977 9 0 0 0 0 0 0 0 0 0 0 0 
978 9 0 0 0 0 0 0 0 0 0 0 0 
979 9 0 0 0 0 0 0 0 0 0 0 0 
980 9 0 0 0 0 0 0 0 0 0 0 0 
981 9 0 0 0 0 0 0 0 0 0 0 0 
982 9 0 0 0 0 0 0 0 0 0 0 0 
983 9 -1 154 2 25 -1 -1 -1 -1 -1 3 410 
984 9 -1 203 1 33 -1 -1 -1 -1 -1 1 26 
985 9 0 0 0 0 0 0 0 0 0 0 0 
986 9 0 0 0 0 0 0 0 0 0 0 0 
987 9 0 0 0 0 0 0 0 0 0 0 0 
988 9 0 0 0 0 0 0 0 0 0 0 0 
989 9 0 0 0 0 0 0 0 0 0 0 0 
990 9 0 0 0 0 0 0 0 0 0 0 0 
991 9 0 0 0 0 0 0 0 0 0 0 0 
992 9 0 0 0 0 0 0 0 0 0 0 0 
993 9 0 0 0 0 0 0 0 0 0 0 0 
994 9 0 0 0 0 0 0 0 0 0 0 0 
995 9 0 0 0 0 0 0 0 0 0 0 0 
996 9 0 0 0 0 0 0 0 0 0 0 0 
997 9 0 0 0 0 0 0 0 0 0 0 0 
998 9 0 0 0 0 0 0 0 0 0 0 0 
999 9 0 0 0 0 0 0 0 0 0 0 0 
1000 9 0 0 0 0 0 0 0 0 0 0 0 
1001 9 0 0 0 0 0 0 0 0 0 0 0 
1002 9 0 0 0 0 0 0 0 0 0 0 0 
1003 9 0 0 0 0 0 0 0 0 0 0 0 
1004 9 0 0 0 0 0 0 0 0 0 0 0 
1005 9 0 0 0 0 0 0 0 0 0 0 0 
1006 9 0 0 0 0 0 0 0 0 0 0 0 
1007 9 0 0 0 0 0 0 0 0 0 0 0 
1008 9 0 0 0 0 0 0 0 0 0 0 0 
1009 9 0 0 0 0 0 0 0 0 0 0 0 
1010 9 0 0 0 0 0 0 0 0 0 0 0 
1011 9 0 0 0 0 0 0 0 0 0 0 0 
1012 9 0 0 0 0 0 0 0 0 0 0 0 
1013 9 0 0 0 0 0 0 0 0 0 0 0 
1014 9 0 0 0 0 0 0 0 0 0 0 0 
1015 9 0 0 0 0 0 0 0 0 0 0 0 
1016 9 0 0 0 0 0 0 0 0 0 0 0 
1017 9 0 0 0 0 0 0 0 0 0 0 0 
1018 9 0 0 0 0 0 0 0 0 0 0 0 
1019 9 0 0 0 0 0 0 0 0 0 0 0 
1020 9 0 0 0 0 0 0 0 0 0 0 0 
1021 9 0 0 0 0 0 0 0 0 0 0 0 
1022 9 0 0 0 0 0 0 0 0 0 0 0 
1023 10 0 0 0 0 0 0 0 0 0 0 0 
1024 10 0 0 0 0 0 0 0 0 0 0 0 
1025 10 0 0 0 0 0 0 0 0 0 0 0 
1026 10 0 0 0 0 0 0 0 0 0 0 0 
1027 10 0 0 0 0 0 0 0 0 0 0 0 
1028 10 0 0 0 0 0 0 0 0 0 0 0 
1029 10 0 0 0 0 0 0 0 0 0 0 0 
1030 10 0 0 0 0 0 0 0 0 0 0 0 
1031 10 0 0 0 0 0 0 0 0 0 0 0 
1032 10 0 0 0 0 0 0 0 0 0 0 0 
1033 10 0 0 0 0 0 0 0 0 0 0 0 
1034 10 0 0 0 0 0 0 0 0 0 0 0 
1035 10 0 0 0 0 0 0 0 0 0 0 0 
1036 10 0 0 0 0 0 0 0 0 0 0 0 
1037 10 0 0 0 0 0 0 0 0 0 0 0 
1038 10 0 0 0 0 0 0 0 0 0 0 0 
1039 10 0 0 0 0 0 0 0 0 0 0 0 
1040 10 0 0 0 0 0 0 0 0 0 0 0 
1041 10 0 0 0 0 0 0 0 0 0 0 0 
1042 10 0 0 0 0 0 0 0 0 0 0 0 
1043 10 0 0 0 0 0 0 0 0 0 0 0 
1044 10 0 0 0 0 0 0 0 0 0 0 0 
1045 10 0 0 0 0 0 0 0 0 0 0 0 
1046 10 0 0 0 0 0 0 0 0 0 0 0 
1047 10 0 0 0 0 0 0 0 0 0 0 0 
1048 10 0 0 0 0 0 0 0 0 0 0 0 
1049 10 0 0 0 0 0 0 0 0 0 0 0 
1050 10 0 0 0 0 0 0 0 0 0 0 0 
1051 10 0 0 0 0 0 0 0 0 0 0 0 
1052 10 0 0 0 0 0 0 0 0 0 0 0 
1053 10 0 0 0 0 0 0 0 0 0 0 0 
1054 10 0 0 0 0 0 0 0 0 0 0 0 
1055 10 0 0 0 0 0 0 0 0 0 0 0 
1056 10 0 0 0 0 0 0 0 0 0 0 0 
1057 10 0 0 0 0 0 0 0 0 0 0 0 
1058 10 0 0 0 0 0 0 0 0 0 0 0 
1059 10 0 0 0 0 0 0 0 0 0 0 0 
1060 10 0 0 0 0 0 0 0 0 0 0 0 
1061 10 0 0 0 0 0 0 0 0 0 0 0 
1062 10 0 0 0 0 0 0 0 0 0 0 0 
1063 10 0 0 0 0 0 0 0 0 0 0 0 
1064 10 0 0 0 0 0 0 0 0 0 0 0 
1065 10 0 0 0 0 0 0 0 0 0 0 0 
1066 10 0 0 0 0 0 0 0 0 0 0 0 
1067 10 0 0 0 0 0 0 0 0 0 0 0 
1068 10 0 0 0 0 0 0 0 0 0 0 0 
1069 10 0 0 0 0 0 0 0 0 0 0 0 
1070 10 0 0 0 0 0 0 0 0 0 0 0 
1071 10 0 0 0 0 0 0 0 0 0 0 0 
1072 10 0 0 0 0 0 0 0 0 0 0 0 
1073 10 0 0 0 0 0 0 0 0 0 0 0 
1074 10 0 0 0 0 0 0 0 0 0 0 0 
1075 10 0 0 0 0 0 0 0 0 0 0 0 
1076 10 0 0 0 0 0 0 0 0 0 0 0 
1077 10 0 0 0 0 0 0 0 0 0 0 0 
1078 10 0 0 0 0 0 0 0 0 0 0 0 
1079 10 0 0 0 0 0 0 0 0 0 0 0 
1080 10 0 0 0 0 0 0 0 0 0 0 0 
1081 10 0 0 0 0 0 0 0 0 0 0 0 
1082 10 0 0 0 0 0 0 0 0 0 0 0 
1083 10 0 0 0 0 0 0 0 0 0 0 0 
1084 10 0 0 0 0 0 0 0 0 0 0 0 
1085 10 0 0 0 0 0 0 0 0 0 0 0 
1086 10 0 0 0 0 0 0 0 0 0 0 0 
1087 10 0 0 0 0 0 0 0 0 0 0 0 
1088 10 0 0 0 0 0 0 0 0 0 0 0 
1089 10 0 0 0 0 0 0 0 0 0 0 0 
1090 10 0 0 0 0 0 0 0 0 0 0 0 
1091 10 0 0 0 0 0 0 0 0 0 0 0 
1092 10 0 0 0 0 0 0 0 0 0 0 0 
1093 10 0 0 0 0 0 0 0 0 0 0 0 
1094 10 0 0 0 0 0 0 0 0 0 0 0 
1095 10 0 0 0 0 0 0 0 0 0 0 0 
1096 10 0 0 0 0 0 0 0 0 0 0 0 
1097 10 0 0 0 0 0 0 0 0 0 0 0 
1098 10 0 0 0 0 0 0 0 0 0 0 0 
1099 10 0 0 0 0 0 0 0 0 0 0 0 
1100 10 0 0 0 0 0 0 0 0 0 0 0 
1101 10 0 0 0 0 0 0 0 0 0 0 0 
1102 10 0 0 0 0 0 0 0 0 0 0 0 
1103 10 0 0 0 0 0 0 0 0 0 0 0 
1104 10 0 0 0 0 0 0 0 0 0 0 0 
1105 10 0 0 0 0 0 0 0 0 0 0 0 
1106 10 0 0 0 0 0 0 0 0 0 0 0 
1107 10 0 0 0 0 0 0 0 0 0 0 0 
1108 10 0 0 0 0 0 0 0 0 0 0 0 
1109 10 0 0 0 0 0 0 0 0 0 0 0 
1110 10 0 0 0 0 0 0 0 0 0 0 0 
1111 10 0 0 0 0 0 0 0 0 0 0 0 
1112 10 0 0 0 0 0 0 0 0 0 0 0 
1113 10 0 0 0 0 0 0 0 0 0 0 0 
1114 10 0 0 0 0 0 0 0 0 0 0 0 
1115 10 0 0 0 0 0 0 0 0 0 0 0 
1116 10 0 0 0 0 0 0 0 0 0 0 0 
1117 10 0 0 0 0 0 0 0 0 0 0 0 
1118 10 0 0 0 0 0 0 0 0 0 0 0 
1119 10 0 0 0 0 0 0 0 0 0 0 0 
1120 10 0 0 0 0 0 0 0 0 0 0 0 
1121 10 0 0 0 0 0 0 0 0 0 0 0 
1122 10 0 0 0 0 0 0 0 0 0 0 0 
1123 10 0 0 0 0 0 0 0 0 0 0 0 
1124 10 0 0 0 0 0 0 0 0 0 0 0 
1125 10 0 0 0 0 0 0 0 0 0 0 0 
1126 10 0 0 0 0 0 0 0 0 0 0 0 
1127 10 0 0 0 0 0 0 0 0 0 0 0 
1128 10 0 0 0 0 0 0 0 0 0 0 0 
1129 10 0 0 0 0 0 0 0 0 0 0 0 
1130 10 0 0 0 0 0 0 0 0 0 0 0 
1131 10 0 0 0 0 0 0 0 0 0 0 0 
1132 10 0 0 0 0 0 0 0 0 0 0 0 
1133 10 0 0 0 0 0 0 0 0 0 0 0 
1134 10 0 0 0 0 0 0 0 0 0 0 0 
1135 10 0 0 0 0 0 0 0 0 0 0 0 
1136 10 0 0 0 0 0 0 0 0 0 0 0 
1137 10 0 0 0 0 0 0 0 0 0 0 0 
1138 10 0 0 0 0 0 0 0 0 0 0 0 
1139 10 0 0 0 0 0 0 0 0 0 0 0 
1140 10 0 0 0 0 0 0 0 0 0 0 0 
1141 10 0 0 0 0 0 0 0 0 0 0 0 
1142 10 0 0 0 0 0 0 0 0 0 0 0 
1143 10 0 0 0 0 0 0 0 0 0 0 0 
1144 10 0 0 0 0 0 0 0 0 0 0 0 
1145 10 0 0 0 0 0 0 0 0 0 0 0 
1146 10 0 0 0 0 0 0 0 0 0 0 0 
1147 10 0 0 0 0 0 0 0 0 0 0 0 
1148 10 0 0 0 0 0 0 0 0 0 0 0 
1149 10 0 0 0 0 0 0 0 0 0 0 0 
1150 10 0 0 0 0 0 0 0 0 0 0 0 
1151 10 0 0 0 0 0 0 0 0 0 0 0 
1152 10 0 0 0 0 0 0 0 0 0 0 0 
1153 10 0 0 0 0 0 0 0 0 0 0 0 
1154 10 0 0 0 0 0 0 0 0 0 0 0 
1155 10 0 0 0 0 0 0 0 0 0 0 0 
1156 10 0 0 0 0 0 0 0 0 0 0 0 
1157 10 0 0 0 0 0 0 0 0 0 0 0 
1158 10 0 0 0 0 0 0 0 0 0 0 0 
1159 10 0 0 0 0 0 0 0 0 0 0 0 
1160 10 0 0 0 0 0 0 0 0 0 0 0 
1161 10 0 0 0 0 0 0 0 0 0 0 0 
1162 10 0 0 0 0 0 0 0 0 0 0 0 
1163 10 0 0 0 0 0 0 0 0 0 0 0 
1164 10 0 0 0 0 0 0 0 0 0 0 0 
1165 10 0 0 0 0 0 0 0 0 0 0 0 
1166 10 0 0 0 0 0 0 0 0 0 0 0 
1167 10 0 0 0 0 0 0 0 0 0 0 0 
1168 10 0 0 0 0 0 0 0 0 0 0 0 
1169 10 0 0 0 0 0 0 0 0 0 0 0 
1170 10 0 0 0 0 0 0 0 0 0 0 0 
1171 10 0 0 0 0 0 0 0 0 0 0 0 
1172 10 0 0 0 0 0 0 0 0 0 0 0 
1173 10 0 0 0 0 0 0 0 0 0 0 0 
1174 10 0 0 0 0 0 0 0 0 0 0 0 
1175 10 0 0 0 0 0 0 0 0 0 0 0 
1176 10 0 0 0 0 0 0 0 0 0 0 0 
1177 10 0 0 0 0 0 0 0 0 0 0 0 
1178 10 0 0 0 0 0 0 0 0 0 0 0 
1179 10 0 0 0 0 0 0 0 0 0 0 0 
1180 10 0 0 0 0 0 0 0 0 0 0 0 
1181 10 0 0 0 0 0 0 0 0 0 0 0 
1182 10 0 0 0 0 0 0 0 0 0 0 0 
1183 10 0 0 0 0 0 0 0 0 0 0 0 
1184 10 0 0 0 0 0 0 0 0 0 0 0 
1185 10 0 0 0 0 0 0 0 0 0 0 0 
1186 10 0 0 0 0 0 0 0 0 0 0 0 
1187 10 0 0 0 0 0 0 0 0 0 0 0 
1188 10 0 0 0 0 0 0 0 0 0 0 0 
1189 10 0 0 0 0 0 0 0 0 0 0 0 
1190 10 0 0 0 0 0 0 0 0 0 0 0 
1191 10 0 0 0 0 0 0 0 0 0 0 0 
1192 10 0 0 0 0 0 0 0 0 0 0 0 
1193 10 0 0 0 0 0 0 0 0 0 0 0 
1194 10 0 0 0 0 0 0 0 0 0 0 0 
1195 10 0 0 0 0 0 0 0 0 0 0 0 
1196 10 0 0 0 0 0 0 0 0 0 0 0 
1197 10 0 0 0 0 0 0 0 0 0 0 0 
1198 10 0 0 0 0 0 0 0 0 0 0 0 
1199 10 0 0 0 0 0 0 0 0 0 0 0 
1200 10 0 0 0 0 0 0 0 0 0 0 0 
1201 10 0 0 0 0 0 0 0 0 0 0 0 
1202 10 0 0 0 0 0 0 0 0 0 0 0 
1203 10 0 0 0 0 0 0 0 0 0 0 0 
1204 10 0 0 0 0 0 0 0 0 0 0 0 
1205 10 0 0 0 0 0 0 0 0 0 0 0 
1206 10 0 0 0 0 0 0 0 0 0 0 0 
1207 10 0 0 0 0 0 0 0 0 0 0 0 
1208 10 0 0 0 0 0 0 0 0 0 0 0 
1209 10 0 0 0 0 0 0 0 0 0 0 0 
1210 10 0 0 0 0 0 0 0 0 0 0 0 
1211 10 0 0 0 0 0 0 0 0 0 0 0 
1212 10 0 0 0 0 0 0 0 0 0 0 0 
1213 10 0 0 0 0 0 0 0 0 0 0 0 
1214 10 0 0 0 0 0 0 0 0 0 0 0 
1215 10 0 0 0 0 0 0 0 0 0 0 0 
1216 10 0 0 0 0 0 0 0 0 0 0 0 
1217 10 0 0 0 0 0 0 0 0 0 0 0 
1218 10 0 0 0 0 0 0 0 0 0 0 0 
1219 10 0 0 0 0 0 0 0 0 0 0 0 
1220 10 0 0 0 0 0 0 0 0 0 0 0 
1221 10 0 0 0 0 0 0 0 0 0 0 0 
1222 10 0 0 0 0 0 0 0 0 0 0 0 
1223 10 0 0 0 0 0 0 0 0 0 0 0 
1224 10 0 0 0 0 0 0 0 0 0 0 0 
1225 10 0 0 0 0 0 0 0 0 0 0 0 
1226 10 0 0 0 0 0 0 0 0 0 0 0 
1227 10 0 0 0 0 0 0 0 0 0 0 0 
1228 10 0 0 0 0 0 0 0 0 0 0 0 
1229 10 0 0 0 0 0 0 0 0 0 0 0 
1230 10 0 0 0 0 0 0 0 0 0 0 0 
1231 10 0 0 0 0 0 0 0 0 0 0 0 
1232 10 0 0 0 0 0 0 0 0 0 0 0 
1233 10 0 0 0 0 0 0 0 0 0 0 0 
1234 10 0 0 0 0 0 0 0 0 0 0 0 
1235 10 0 0 0 0 0 0 0 0 0 0 0 
1236 10 0 0 0 0 0 0 0 0 0 0 0 
1237 10 0 0 0 0 0 0 0 0 0 0 0 
1238 10 0 0 0 0 0 0 0 0 0 0 0 
1239 10 0 0 0 0 0 0 0 0 0 0 0 
1240 10 0 0 0 0 0 0 0 0 0 0 0 
1241 10 0 0 0 0 0 0 0 0 0 0 0 
1242 10 0 0 0 0 0 0 0 0 0 0 0 
1243 10 0 0 0 0 0 0 0 0 0 0 0 
1244 10 0 0 0 0 0 0 0 0 0 0 0 
1245 10 0 0 0 0 0 0 0 0 0 0 0 
1246 10 0 0 0 0 0 0 0 0 0 0 0 
1247 10 0 0 0 0 0 0 0 0 0 0 0 
1248 10 0 0 0 0 0 0 0 0 0 0 0 
1249 10 0 0 0 0 0 0 0 0 0 0 0 
1250 10 0 0 0 0 0 0 0 0 0 0 0 
1251 10 0 0 0 0 0 0 0 0 0 0 0 
1252 10 0 0 0 0 0 0 0 0 0 0 0 
1253 10 0 0 0 0 0 0 0 0 0 0 0 
1254 10 0 0 0 0 0 0 0 0 0 0 0 
1255 10 0 0 0 0 0 0 0 0 0 0 0 
1256 10 0 0 0 0 0 0 0 0 0 0 0 
1257 10 0 0 0 0 0 0 0 0 0 0 0 
1258 10 0 0 0 0 0 0 0 0 0 0 0 
1259 10 0 0 0 0 0 0 0 0 0 0 0 
1260 10 0 0 0 0 0 0 0 0 0 0 0 
1261 10 0 0 0 0 0 0 0 0 0 0 0 
1262 10 0 0 0 0 0 0 0 0 0 0 0 
1263 10 0 0 0 0 0 0 0 0 0 0 0 
1264 10 0 0 0 0 0 0 0 0 0 0 0 
1265 10 0 0 0 0 0 0 0 0 0 0 0 
1266 10 0 0 0 0 0 0 0 0 0 0 0 
1267 10 0 0 0 0 0 0 0 0 0 0 0 
1268 10 0 0 0 0 0 0 0 0 0 0 0 
1269 10 0 0 0 0 0 0 0 0 0 0 0 
1270 10 0 0 0 0 0 0 0 0 0 0 0 
1271 10 0 0 0 0 0 0 0 0 0 0 0 
1272 10 0 0 0 0 0 0 0 0 0 0 0 
1273 10 0 0 0 0 0 0 0 0 0 0 0 
1274 10 0 0 0 0 0 0 0 0 0 0 0 
1275 10 0 0 0 0 0 0 0 0 0 0 0 
1276 10 0 0 0 0 0 0 0 0 0 0 0 
1277 10 0 0 0 0 0 0 0 0 0 0 0 
1278 10 0 0 0 0 0 0 0 0 0 0 0 
1279 10 0 0 0 0 0 0 0 0 0 0 0 
1280 10 0 0 0 0 0 0 0 0 0 0 0 
1281 10 0 0 0 0 0 0 0 0 0 0 0 
1282 10 0 0 0 0 0 0 0 0 0 0 0 
1283 10 0 0 0 0 0 0 0 0 0 0 0 
1284 10 0 0 0 0 0 0 0 0 0 0 0 
1285 10 0 0 0 0 0 0 0 0 0 0 0 
1286 10 0 0 0 0 0 0 0 0 0 0 0 
1287 10 0 0 0 0 0 0 0 0 0 0 0 
1288 10 0 0 0 0 0 0 0 0 0 0 0 
1289 10 0 0 0 0 0 0 0 0 0 0 0 
1290 10 0 0 0 0 0 0 0 0 0 0 0 
1291 10 0 0 0 0 0 0 0 0 0 0 0 
1292 10 0 0 0 0 0 0 0 0 0 0 0 
1293 10 0 0 0 0 0 0 0 0 0 0 0 
1294 10 0 0 0 0 0 0 0 0 0 0 0 
1295 10 0 0 0 0 0 0 0 0 0 0 0 
1296 10 0 0 0 0 0 0 0 0 0 0 0 
1297 10 0 0 0 0 0 0 0 0 0 0 0 
1298 10 0 0 0 0 0 0 0 0 0 0 0 
1299 10 0 0 0 0 0 0 0 0 0 0 0 
1300 10 0 0 0 0 0 0 0 0 0 0 0 
1301 10 0 0 0 0 0 0 0 0 0 0 0 
1302 10 0 0 0 0 0 0 0 0 0 0 0 
1303 10 0 0 0 0 0 0 0 0 0 0 0 
1304 10 0 0 0 0 0 0 0 0 0 0 0 
1305 10 0 0 0 0 0 0 0 0 0 0 0 
1306 10 0 0 0 0 0 0 0 0 0 0 0 
1307 10 0 0 0 0 0 0 0 0 0 0 0 
1308 10 0 0 0 0 0 0 0 0 0 0 0 
1309 10 0 0 0 0 0 0 0 0 0 0 0 
1310 10 0 0 0 0 0 0 0 0 0 0 0 
1311 10 0 0 0 0 0 0 0 0 0 0 0 
1312 10 0 0 0 0 0 0 0 0 0 0 0 
1313 10 0 0 0 0 0 0 0 0 0 0 0 
1314 10 0 0 0 0 0 0 0 0 0 0 0 
1315 10 0 0 0 0 0 0 0 0 0 0 0 
1316 10 0 0 0 0 0 0 0 0 0 0 0 
1317 10 0 0 0 0 0 0 0 0 0 0 0 
1318 10 0 0 0 0 0 0 0 0 0 0 0 
1319 10 0 0 0 0 0 0 0 0 0 0 0 
1320 10 0 0 0 0 0 0 0 0 0 0 0 
1321 10 0 0 0 0 0 0 0 0 0 0 0 
1322 10 0 0 0 0 0 0 0 0 0 0 0 
1323 10 0 0 0 0 0 0 0 0 0 0 0 
1324 10 0 0 0 0 0 0 0 0 0 0 0 
1325 10 0 0 0 0 0 0 0 0 0 0 0 
1326 10 0 0 0 0 0 0 0 0 0 0 0 
1327 10 0 0 0 0 0 0 0 0 0 0 0 
1328 10 0 0 0 0 0 0 0 0 0 0 0 
1329 10 0 0 0 0 0 0 0 0 0 0 0 
1330 10 0 0 0 0 0 0 0 0 0 0 0 
1331 10 0 0 0 0 0 0 0 0 0 0 0 
1332 10 0 0 0 0 0 0 0 0 0 0 0 
1333 10 0 0 0 0 0 0 0 0 0 0 0 
1334 10 0 0 0 0 0 0 0 0 0 0 0 
1335 10 0 0 0 0 0 0 0 0 0 0 0 
1336 10 0 0 0 0 0 0 0 0 0 0 0 
1337 10 0 0 0 0 0 0 0 0 0 0 0 
1338 10 0 0 0 0 0 0 0 0 0 0 0 
1339 10 0 0 0 0 0 0 0 0 0 0 0 
1340 10 0 0 0 0 0 0 0 0 0 0 0 
1341 10 0 0 0 0 0 0 0 0 0 0 0 
1342 10 0 0 0 0 0 0 0 0 0 0 0 
1343 10 0 0 0 0 0 0 0 0 0 0 0 
1344 10 0 0 0 0 0 0 0 0 0 0 0 
1345 10 0 0 0 0 0 0 0 0 0 0 0 
1346 10 0 0 0 0 0 0 0 0 0 0 0 
1347 10 0 0 0 0 0 0 0 0 0 0 0 
1348 10 0 0 0 0 0 0 0 0 0 0 0 
1349 10 0 0 0 0 0 0 0 0 0 0 0 
1350 10 0 0 0 0 0 0 0 0 0 0 0 
1351 10 0 0 0 0 0 0 0 0 0 0 0 
1352 10 0 0 0 0 0 0 0 0 0 0 0 
1353 10 0 0 0 0 0 0 0 0 0 0 0 
1354 10 0 0 0 0 0 0 0 0 0 0 0 
1355 10 0 0 0 0 0 0 0 0 0 0 0 
1356 10 0 0 0 0 0 0 0 0 0 0 0 
1357 10 0 0 0 0 0 0 0 0 0 0 0 
1358 10 0 0 0 0 0 0 0 0 0 0 0 
1359 10 0 0 0 0 0 0 0 0 0 0 0 
1360 10 0 0 0 0 0 0 0 0 0 0 0 
1361 10 0 0 0 0 0 0 0 0 0 0 0 
1362 10 0 0 0 0 0 0 0 0 0 0 0 
1363 10 0 0 0 0 0 0 0 0 0 0 0 
1364 10 0 0 0 0 0 0 0 0 0 0 0 
1365 10 0 0 0 0 0 0 0 0 0 0 0 
1366 10 0 0 0 0 0 0 0 0 0 0 0 
1367 10 0 0 0 0 0 0 0 0 0 0 0 
1368 10 0 0 0 0 0 0 0 0 0 0 0 
1369 10 0 0 0 0 0 0 0 0 0 0 0 
1370 10 0 0 0 0 0 0 0 0 0 0 0 
1371 10 0 0 0 0 0 0 0 0 0 0 0 
1372 10 0 0 0 0 0 0 0 0 0 0 0 
1373 10 0 0 0 0 0 0 0 0 0 0 0 
1374 10 0 0 0 0 0 0 0 0 0 0 0 
1375 10 0 0 0 0 0 0 0 0 0 0 0 
1376 10 0 0 0 0 0 0 0 0 0 0 0 
1377 10 0 0 0 0 0 0 0 0 0 0 0 
1378 10 0 0 0 0 0 0 0 0 0 0 0 
1379 10 0 0 0 0 0 0 0 0 0 0 0 
1380 10 0 0 0 0 0 0 0 0 0 0 0 
1381 10 0 0 0 0 0 0 0 0 0 0 0 
1382 10 0 0 0 0 0 0 0 0 0 0 0 
1383 10 0 0 0 0 0 0 0 0 0 0 0 
1384 10 0 0 0 0 0 0 0 0 0 0 0 
1385 10 0 0 0 0 0 0 0 0 0 0 0 
1386 10 0 0 0 0 0 0 0 0 0 0 0 
1387 10 0 0 0 0 0 0 0 0 0 0 0 
1388 10 0 0 0 0 0 0 0 0 0 0 0 
1389 10 0 0 0 0 0 0 0 0 0 0 0 
1390 10 0 0 0 0 0 0 0 0 0 0 0 
1391 10 0 0 0 0 0 0 0 0 0 0 0 
1392 10 0 0 0 0 0 0 0 0 0 0 0 
1393 10 0 0 0 0 0 0 0 0 0 0 0 
1394 10 0 0 0 0 0 0 0 0 0 0 0 
1395 10 0 0 0 0 0 0 0 0 0 0 0 
1396 10 0 0 0 0 0 0 0 0 0 0 0 
1397 10 0 0 0 0 0 0 0 0 0 0 0 
1398 10 0 0 0 0 0 0 0 0 0 0 0 
1399 10 0 0 0 0 0 0 0 0 0 0 0 
1400 10 0 0 0 0 0 0 0 0 0 0 0 
1401 10 0 0 0 0 0 0 0 0 0 0 0 
1402 10 0 0 0 0 0 0 0 0 0 0 0 
1403 10 0 0 0 0 0 0 0 0 0 0 0 
1404 10 0 0 0 0 0 0 0 0 0 0 0 
1405 10 0 0 0 0 0 0 0 0 0 0 0 
1406 10 0 0 0 0 0 0 0 0 0 0 0 
1407 10 0 0 0 0 0 0 0 0 0 0 0 
1408 10 0 0 0 0 0 0 0 0 0 0 0 
1409 10 0 0 0 0 0 0 0 0 0 0 0 
1410 10 0 0 0 0 0 0 0 0 0 0 0 
1411 10 0 0 0 0 0 0 0 0 0 0 0 
1412 10 0 0 0 0 0 0 0 0 0 0 0 
1413 10 0 0 0 0 0 0 0 0 0 0 0 
1414 10 0 0 0 0 0 0 0 0 0 0 0 
1415 10 0 0 0 0 0 0 0 0 0 0 0 
1416 10 0 0 0 0 0 0 0 0 0 0 0 
1417 10 0 0 0 0 0 0 0 0 0 0 0 
1418 10 0 0 0 0 0 0 0 0 0 0 0 
1419 10 0 0 0 0 0 0 0 0 0 0 0 
1420 10 0 0 0 0 0 0 0 0 0 0 0 
1421 10 0 0 0 0 0 0 0 0 0 0 0 
1422 10 0 0 0 0 0 0 0 0 0 0 0 
1423 10 0 0 0 0 0 0 0 0 0 0 0 
1424 10 0 0 0 0 0 0 0 0 0 0 0 
1425 10 0 0 0 0 0 0 0 0 0 0 0 
1426 10 0 0 0 0 0 0 0 0 0 0 0 
1427 10 0 0 0 0 0 0 0 0 0 0 0 
1428 10 0 0 0 0 0 0 0 0 0 0 0 
1429 10 0 0 0 0 0 0 0 0 0 0 0 
1430 10 0 0 0 0 0 0 0 0 0 0 0 
1431 10 0 0 0 0 0 0 0 0 0 0 0 
1432 10 0 0 0 0 0 0 0 0 0 0 0 
1433 10 0 0 0 0 0 0 0 0 0 0 0 
1434 10 0 0 0 0 0 0 0 0 0 0 0 
1435 10 0 0 0 0 0 0 0 0 0 0 0 
1436 10 0 0 0 0 0 0 0 0 0 0 0 
1437 10 0 0 0 0 0 0 0 0 0 0 0 
1438 10 0 0 0 0 0 0 0 0 0 0 0 
1439 10 0 0 0 0 0 0 0 0 0 0 0 
1440 10 0 0 0 0 0 0 0 0 0 0 0 
1441 10 0 0 0 0 0 0 0 0 0 0 0 
1442 10 0 0 0 0 0 0 0 0 0 0 0 
1443 10 0 0 0 0 0 0 0 0 0 0 0 
1444 10 0 0 0 0 0 0 0 0 0 0 0 
1445 10 0 0 0 0 0 0 0 0 0 0 0 
1446 10 0 0 0 0 0 0 0 0 0 0 0 
1447 10 0 0 0 0 0 0 0 0 0 0 0 
1448 10 0 0 0 0 0 0 0 0 0 0 0 
1449 10 0 0 0 0 0 0 0 0 0 0 0 
1450 10 0 0 0 0 0 0 0 0 0 0 0 
1451 10 0 0 0 0 0 0 0 0 0 0 0 
1452 10 0 0 0 0 0 0 0 0 0 0 0 
1453 10 0 0 0 0 0 0 0 0 0 0 0 
1454 10 0 0 0 0 0 0 0 0 0 0 0 
1455 10 0 0 0 0 0 0 0 0 0 0 0 
1456 10 0 0 0 0 0 0 0 0 0 0 0 
1457 10 0 0 0 0 0 0 0 0 0 0 0 
1458 10 0 0 0 0 0 0 0 0 0 0 0 
1459 10 0 0 0 0 0 0 0 0 0 0 0 
1460 10 0 0 0 0 0 0 0 0 0 0 0 
1461 10 0 0 0 0 0 0 0 0 0 0 0 
1462 10 0 0 0 0 0 0 0 0 0 0 0 
1463 10 0 0 0 0 0 0 0 0 0 0 0 
1464 10 0 0 0 0 0 0 0 0 0 0 0 
1465 10 0 0 0 0 0 0 0 0 0 0 0 
1466 10 0 0 0 0 0 0 0 0 0 0 0 
1467 10 0 0 0 0 0 0 0 0 0 0 0 
1468 10 0 0 0 0 0 0 0 0 0 0 0 
1469 10 0 0 0 0 0 0 0 0 0 0 0 
1470 10 0 0 0 0 0 0 0 0 0 0 0 
1471 10 0 0 0 0 0 0 0 0 0 0 0 
1472 10 0 0 0 0 0 0 0 0 0 0 0 
1473 10 0 0 0 0 0 0 0 0 0 0 0 
1474 10 0 0 0 0 0 0 0 0 0 0 0 
1475 10 0 0 0 0 0 0 0 0 0 0 0 
1476 10 0 0 0 0 0 0 0 0 0 0 0 
1477 10 0 0 0 0 0 0 0 0 0 0 0 
1478 10 0 0 0 0 0 0 0 0 0 0 0 
1479 10 0 0 0 0 0 0 0 0 0 0 0 
1480 10 0 0 0 0 0 0 0 0 0 0 0 
1481 10 0 0 0 0 0 0 0 0 0 0 0 
1482 10 0 0 0 0 0 0 0 0 0 0 0 
1483 10 0 0 0 0 0 0 0 0 0 0 0 
1484 10 0 0 0 0 0 0 0 0 0 0 0 
1485 10 0 0 0 0 0 0 0 0 0 0 0 
1486 10 0 0 0 0 0 0 0 0 0 0 0 
1487 10 0 0 0 0 0 0 0 0 0 0 0 
1488 10 0 0 0 0 0 0 0 0 0 0 0 
1489 10 0 0 0 0 0 0 0 0 0 0 0 
1490 10 0 0 0 0 0 0 0 0 0 0 0 
1491 10 0 0 0 0 0 0 0 0 0 0 0 
1492 10 0 0 0 0 0 0 0 0 0 0 0 
1493 10 0 0 0 0 0 0 0 0 0 0 0 
1494 10 0 0 0 0 0 0 0 0 0 0 0 
1495 10 0 0 0 0 0 0 0 0 0 0 0 
1496 10 0 0 0 0 0 0 0 0 0 0 0 
1497 10 0 0 0 0 0 0 0 0 0 0 0 
1498 10 0 0 0 0 0 0 0 0 0 0 0 
1499 10 0 0 0 0 0 0 0 0 0 0 0 
1500 10 0 0 0 0 0 0 0 0 0 0 0 
1501 10 0 0 0 0 0 0 0 0 0 0 0 
1502 10 0 0 0 0 0 0 0 0 0 0 0 
1503 10 0 0 0 0 0 0 0 0 0 0 0 
1504 10 0 0 0 0 0 0 0 0 0 0 0 
1505 10 0 0 0 0 0 0 0 0 0 0 0 
1506 10 0 0 0 0 0 0 0 0 0 0 0 
1507 10 0 0 0 0 0 0 0 0 0 0 0 
1508 10 0 0 0 0 0 0 0 0 0 0 0 
1509 10 0 0 0 0 0 0 0 0 0 0 0 
1510 10 0 0 0 0 0 0 0 0 0 0 0 
1511 10 0 0 0 0 0 0 0 0 0 0 0 
1512 10 0 0 0 0 0 0 0 0 0 0 0 
1513 10 0 0 0 0 0 0 0 0 0 0 0 
1514 10 0 0 0 0 0 0 0 0 0 0 0 
1515 10 0 0 0 0 0 0 0 0 0 0 0 
1516 10 0 0 0 0 0 0 0 0 0 0 0 
1517 10 0 0 0 0 0 0 0 0 0 0 0 
1518 10 0 0 0 0 0 0 0 0 0 0 0 
1519 10 0 0 0 0 0 0 0 0 0 0 0 
1520 10 0 0 0 0 0 0 0 0 0 0 0 
1521 10 0 0 0 0 0 0 0 0 0 0 0 
1522 10 0 0 0 0 0 0 0 0 0 0 0 
1523 10 0 0 0 0 0 0 0 0 0 0 0 
1524 10 0 0 0 0 0 0 0 0 0 0 0 
1525 10 0 0 0 0 0 0 0 0 0 0 0 
1526 10 0 0 0 0 0 0 0 0 0 0 0 
1527 10 0 0 0 0 0 0 0 0 0 0 0 
1528 10 0 0 0 0 0 0 0 0 0 0 0 
1529 10 0 0 0 0 0 0 0 0 0 0 0 
1530 10 0 0 0 0 0 0 0 0 0 0 0 
1531 10 0 0 0 0 0 0 0 0 0 0 0 
1532 10 0 0 0 0 0 0 0 0 0 0 0 
1533 10 0 0 0 0 0 0 0 0 0 0 0 
1534 10 0 0 0 0 0 0 0 0 0 0 0 
1535 10 0 0 0 0 0 0 0 0 0 0 0 
1536 10 0 0 0 0 0 0 0 0 0 0 0 
1537 10 0 0 0 0 0 0 0 0 0 0 0 
1538 10 0 0 0 0 0 0 0 0 0 0 0 
1539 10 0 0 0 0 0 0 0 0 0 0 0 
1540 10 0 0 0 0 0 0 0 0 0 0 0 
1541 10 0 0 0 0 0 0 0 0 0 0 0 
1542 10 0 0 0 0 0 0 0 0 0 0 0 
1543 10 0 0 0 0 0 0 0 0 0 0 0 
1544 10 0 0 0 0 0 0 0 0 0 0 0 
1545 10 0 0 0 0 0 0 0 0 0 0 0 
1546 10 0 0 0 0 0 0 0 0 0 0 0 
1547 10 0 0 0 0 0 0 0 0 0 0 0 
1548 10 0 0 0 0 0 0 0 0 0 0 0 
1549 10 0 0 0 0 0 0 0 0 0 0 0 
1550 10 0 0 0 0 0 0 0 0 0 0 0 
1551 10 0 0 0 0 0 0 0 0 0 0 0 
1552 10 0 0 0 0 0 0 0 0 0 0 0 
1553 10 0 0 0 0 0 0 0 0 0 0 0 
1554 10 0 0 0 0 0 0 0 0 0 0 0 
1555 10 0 0 0 0 0 0 0 0 0 0 0 
1556 10 0 0 0 0 0 0 0 0 0 0 0 
1557 10 0 0 0 0 0 0 0 0 0 0 0 
1558 10 0 0 0 0 0 0 0 0 0 0 0 
1559 10 0 0 0 0 0 0 0 0 0 0 0 
1560 10 0 0 0 0 0 0 0 0 0 0 0 
1561 10 0 0 0 0 0 0 0 0 0 0 0 
1562 10 0 0 0 0 0 0 0 0 0 0 0 
1563 10 0 0 0 0 0 0 0 0 0 0 0 
1564 10 0 0 0 0 0 0 0 0 0 0 0 
1565 10 0 0 0 0 0 0 0 0 0 0 0 
1566 10 0 0 0 0 0 0 0 0 0 0 0 
1567 10 0 0 0 0 0 0 0 0 0 0 0 
1568 10 0 0 0 0 0 0 0 0 0 0 0 
1569 10 0 0 0 0 0 0 0 0 0 0 0 
1570 10 0 0 0 0 0 0 0 0 0 0 0 
1571 10 0 0 0 0 0 0 0 0 0 0 0 
1572 10 0 0 0 0 0 0 0 0 0 0 0 
1573 10 0 0 0 0 0 0 0 0 0 0 0 
1574 10 0 0 0 0 0 0 0 0 0 0 0 
1575 10 0 0 0 0 0 0 0 0 0 0 0 
1576 10 0 0 0 0 0 0 0 0 0 0 0 
1577 10 0 0 0 0 0 0 0 0 0 0 0 
1578 10 0 0 0 0 0 0 0 0 0 0 0 
1579 10 0 0 0 0 0 0 0 0 0 0 0 
1580 10 0 0 0 0 0 0 0 0 0 0 0 
1581 10 0 0 0 0 0 0 0 0 0 0 0 
1582 10 0 0 0 0 0 0 0 0 0 0 0 
1583 10 0 0 0 0 0 0 0 0 0 0 0 
1584 10 0 0 0 0 0 0 0 0 0 0 0 
1585 10 0 0 0 0 0 0 0 0 0 0 0 
1586 10 0 0 0 0 0 0 0 0 0 0 0 
1587 10 0 0 0 0 0 0 0 0 0 0 0 
1588 10 0 0 0 0 0 0 0 0 0 0 0 
1589 10 0 0 0 0 0 0 0 0 0 0 0 
1590 10 0 0 0 0 0 0 0 0 0 0 0 
1591 10 0 0 0 0 0 0 0 0 0 0 0 
1592 10 0 0 0 0 0 0 0 0 0 0 0 
1593 10 0 0 0 0 0 0 0 0 0 0 0 
1594 10 0 0 0 0 0 0 0 0 0 0 0 
1595 10 0 0 0 0 0 0 0 0 0 0 0 
1596 10 0 0 0 0 0 0 0 0 0 0 0 
1597 10 0 0 0 0 0 0 0 0 0 0 0 
1598 10 0 0 0 0 0 0 0 0 0 0 0 
1599 10 0 0 0 0 0 0 0 0 0 0 0 
1600 10 0 0 0 0 0 0 0 0 0 0 0 
1601 10 0 0 0 0 0 0 0 0 0 0 0 
1602 10 0 0 0 0 0 0 0 0 0 0 0 
1603 10 0 0 0 0 0 0 0 0 0 0 0 
1604 10 0 0 0 0 0 0 0 0 0 0 0 
1605 10 0 0 0 0 0 0 0 0 0 0 0 
1606 10 0 0 0 0 0 0 0 0 0 0 0 
1607 10 0 0 0 0 0 0 0 0 0 0 0 
1608 10 0 0 0 0 0 0 0 0 0 0 0 
1609 10 0 0 0 0 0 0 0 0 0 0 0 
1610 10 0 0 0 0 0 0 0 0 0 0 0 
1611 10 0 0 0 0 0 0 0 0 0 0 0 
1612 10 0 0 0 0 0 0 0 0 0 0 0 
1613 10 0 0 0 0 0 0 0 0 0 0 0 
1614 10 0 0 0 0 0 0 0 0 0 0 0 
1615 10 7 0 0 0 0 0 0 0 0 0 0 
1616 10 8 0 0 0 0 0 0 0 0 0 0 
1617 10 0 0 0 0 0 0 0 0 0 0 0 
1618 10 0 0 0 0 0 0 0 0 0 0 0 
1619 10 0 0 0 0 0 0 0 0 0 0 0 
1620 10 0 0 0 0 0 0 0 0 0 0 0 
1621 10 0 0 0 0 0 0 0 0 0 0 0 
1622 10 0 0 0 0 0 0 0 0 0 0 0 
1623 10 0 0 0 0 0 0 0 0 0 0 0 
1624 10 0 0 0 0 0 0 0 0 0 0 0 
1625 10 0 0 0 0 0 0 0 0 0 0 0 
1626 10 0 0 0 0 0 0 0 0 0 0 0 
1627 10 0 0 0 0 0 0 0 0 0 0 0 
1628 10 0 0 0 0 0 0 0 0 0 0 0 
1629 10 0 0 0 0 0 0 0 0 0 0 0 
1630 10 0 0 0 0 0 0 0 0 0 0 0 
1631 10 0 0 0 0 0 0 0 0 0 0 0 
1632 10 0 0 0 0 0 0 0 0 0 0 0 
1633 10 0 0 0 0 0 0 0 0 0 0 0 
1634 10 0 0 0 0 0 0 0 0 0 0 0 
1635 10 0 0 0 0 0 0 0 0 0 0 0 
1636 10 0 0 0 0 0 0 0 0 0 0 0 
1637 10 0 0 0 0 0 0 0 0 0 0 0 
1638 10 0 0 0 0 0 0 0 0 0 0 0 
1639 10 0 0 0 0 0 0 0 0 0 0 0 
1640 10 0 0 0 0 0 0 0 0 0 0 0 
1641 10 0 0 0 0 0 0 0 0 0 0 0 
1642 10 0 0 0 0 0 0 0 0 0 0 0 
1643 10 0 0 0 0 0 0 0 0 0 0 0 
1644 10 0 0 0 0 0 0 0 0 0 0 0 
1645 10 0 0 0 0 0 0 0 0 0 0 0 
1646 10 0 0 0 0 0 0 0 0 0 0 0 
1647 10 0 0 0 0 0 0 0 0 0 0 0 
1648 10 0 0 0 0 0 0 0 0 0 0 0 
1649 10 0 0 0 0 0 0 0 0 0 0 0 
1650 10 0 0 0 0 0 0 0 0 0 0 0 
1651 10 0 0 0 0 0 0 0 0 0 0 0 
1652 10 0 0 0 0 0 0 0 0 0 0 0 
1653 10 0 0 0 0 0 0 0 0 0 0 0 
1654 10 0 0 0 0 0 0 0 0 0 0 0 
1655 10 0 0 0 0 0 0 0 0 0 0 0 
1656 10 0 0 0 0 0 0 0 0 0 0 0 
1657 10 0 0 0 0 0 0 0 0 0 0 0 
1658 10 0 0 0 0 0 0 0 0 0 0 0 
1659 10 0 0 0 0 0 0 0 0 0 0 0 
1660 10 0 0 0 0 0 0 0 0 0 0 0 
1661 10 0 0 0 0 0 0 0 0 0 0 0 
1662 10 0 0 0 0 0 0 0 0 0 0 0 
1663 10 0 0 0 0 0 0 0 0 0 0 0 
1664 10 0 0 0 0 0 0 0 0 0 0 0 
1665 10 0 0 0 0 0 0 0 0 0 0 0 
1666 10 0 0 0 0 0 0 0 0 0 0 0 
1667 10 0 0 0 0 0 0 0 0 0 0 0 
1668 10 0 0 0 0 0 0 0 0 0 0 0 
1669 10 0 0 0 0 0 0 0 0 0 0 0 
1670 10 0 0 0 0 0 0 0 0 0 0 0 
1671 10 0 0 0 0 0 0 0 0 0 0 0 
1672 10 0 0 0 0 0 0 0 0 0 0 0 
1673 10 0 0 0 0 0 0 0 0 0 0 0 
1674 10 0 0 0 0 0 0 0 0 0 0 0 
1675 10 0 0 0 0 0 0 0 0 0 0 0 
1676 10 0 0 0 0 0 0 0 0 0 0 0 
1677 10 0 0 0 0 0 0 0 0 0 0 0 
1678 10 0 0 0 0 0 0 0 0 0 0 0 
1679 10 0 0 0 0 0 0 0 0 0 0 0 
1680 10 0 0 0 0 0 0 0 0 0 0 0 
1681 10 0 0 0 0 0 0 0 0 0 0 0 
1682 10 0 0 0 0 0 0 0 0 0 0 0 
1683 10 0 0 0 0 0 0 0 0 0 0 0 
1684 10 0 0 0 0 0 0 0 0 0 0 0 
1685 10 0 0 0 0 0 0 0 0 0 0 0 
1686 10 0 0 0 0 0 0 0 0 0 0 0 
1687 10 0 0 0 0 0 0 0 0 0 0 0 
1688 10 0 0 0 0 0 0 0 0 0 0 0 
1689 10 0 0 0 0 0 0 0 0 0 0 0 
1690 10 0 0 0 0 0 0 0 0 0 0 0 
1691 10 0 0 0 0 0 0 0 0 0 0 0 
1692 10 0 0 0 0 0 0 0 0 0 0 0 
1693 10 0 0 0 0 0 0 0 0 0 0 0 
1694 10 0 0 0 0 0 0 0 0 0 0 0 
1695 10 0 0 0 0 0 0 0 0 0 0 0 
1696 10 0 0 0 0 0 0 0 0 0 0 0 
1697 10 0 0 0 0 0 0 0 0 0 0 0 
1698 10 0 0 0 0 0 0 0 0 0 0 0 
1699 10 0 0 0 0 0 0 0 0 0 0 0 
1700 10 0 0 0 0 0 0 0 0 0 0 0 
1701 10 0 0 0 0 0 0 0 0 0 0 0 
1702 10 0 0 0 0 0 0 0 0 0 0 0 
1703 10 0 0 0 0 0 0 0 0 0 0 0 
1704 10 0 0 0 0 0 0 0 0 0 0 0 
1705 10 0 0 0 0 0 0 0 0 0 0 0 
1706 10 0 0 0 0 0 0 0 0 0 0 0 
1707 10 0 0 0 0 0 0 0 0 0 0 0 
1708 10 0 0 0 0 0 0 0 0 0 0 0 
1709 10 0 0 0 0 0 0 0 0 0 0 0 
1710 10 0 0 0 0 0 0 0 0 0 0 0 
1711 10 0 0 0 0 0 0 0 0 0 0 0 
1712 10 0 0 0 0 0 0 0 0 0 0 0 
1713 10 0 0 0 0 0 0 0 0 0 0 0 
1714 10 0 0 0 0 0 0 0 0 0 0 0 
1715 10 0 0 0 0 0 0 0 0 0 0 0 
1716 10 0 0 0 0 0 0 0 0 0 0 0 
1717 10 0 0 0 0 0 0 0 0 0 0 0 
1718 10 0 0 0 0 0 0 0 0 0 0 0 
1719 10 0 0 0 0 0 0 0 0 0 0 0 
1720 10 0 0 0 0 0 0 0 0 0 0 0 
1721 10 0 0 0 0 0 0 0 0 0 0 0 
1722 10 0 0 0 0 0 0 0 0 0 0 0 
1723 10 0 0 0 0 0 0 0 0 0 0 0 
1724 10 0 0 0 0 0 0 0 0 0 0 0 
1725 10 0 0 0 0 0 0 0 0 0 0 0 
1726 10 0 0 0 0 0 0 0 0 0 0 0 
1727 10 14 0 0 0 0 0 0 0 0 0 0 
1728 10 15 0 0 0 0 0 0 0 0 0 0 
1729 10 16 0 0 0 0 0 0 0 0 0 0 
1730 10 17 0 0 0 0 0 0 0 0 0 0 
1731 10 0 0 0 0 0 0 0 0 0 0 0 
1732 10 0 0 0 0 0 0 0 0 0 0 0 
1733 10 19 0 0 0 0 0 0 0 0 0 0 
1734 10 20 0 0 0 0 0 0 0 0 0 0 
1735 10 0 0 0 0 0 0 0 0 0 0 0 
1736 10 0 0 0 0 0 0 0 0 0 0 0 
1737 10 0 0 0 0 0 0 0 0 0 0 0 
1738 10 0 0 0 0 0 0 0 0 0 0 0 
1739 10 0 0 0 0 0 0 0 0 0 0 0 
1740 10 0 0 0 0 0 0 0 0 0 0 0 
1741 10 0 0 0 0 0 0 0 0 0 0 0 
1742 10 0 0 0 0 0 0 0 0 0 0 0 
1743 10 22 0 0 0 0 0 0 0 0 0 0 
1744 10 23 0 0 0 0 0 0 0 0 0 0 
1745 10 0 0 0 0 0 0 0 0 0 0 0 
1746 10 0 0 0 0 0 0 0 0 0 0 0 
1747 10 0 0 0 0 0 0 0 0 0 0 0 
1748 10 0 0 0 0 0 0 0 0 0 0 0 
1749 10 0 0 0 0 0 0 0 0 0 0 0 
1750 10 0 0 0 0 0 0 0 0 0 0 0 
1751 10 26 0 0 0 0 0 0 0 0 0 0 
1752 10 27 0 0 0 0 0 0 0 0 0 0 
1753 10 28 0 0 0 0 0 0 0 0 0 0 
1754 10 29 0 0 0 0 0 0 0 0 0 0 
1755 10 0 0 0 0 0 0 0 0 0 0 0 
1756 10 0 0 0 0 0 0 0 0 0 0 0 
1757 10 0 0 0 0 0 0 0 0 0 0 0 
1758 10 0 0 0 0 0 0 0 0 0 0 0 
1759 10 0 0 0 0 0 0 0 0 0 0 0 
1760 10 0 0 0 0 0 0 0 0 0 0 0 
1761 10 0 0 0 0 0 0 0 0 0 0 0 
1762 10 0 0 0 0 0 0 0 0 0 0 0 
1763 10 0 0 0 0 0 0 0 0 0 0 0 
1764 10 0 0 0 0 0 0 0 0 0 0 0 
1765 10 0 0 0 0 0 0 0 0 0 0 0 
1766 10 0 0 0 0 0 0 0 0 0 0 0 
1767 10 0 0 0 0 0 0 0 0 0 0 0 
1768 10 0 0 0 0 0 0 0 0 0 0 0 
1769 10 0 0 0 0 0 0 0 0 0 0 0 
1770 10 0 0 0 0 0 0 0 0 0 0 0 
1771 10 0 0 0 0 0 0 0 0 0 0 0 
1772 10 0 0 0 0 0 0 0 0 0 0 0 
1773 10 0 0 0 0 0 0 0 0 0 0 0 
1774 10 0 0 0 0 0 0 0 0 0 0 0 
1775 10 0 0 0 0 0 0 0 0 0 0 0 
1776 10 0 0 0 0 0 0 0 0 0 0 0 
1777 10 0 0 0 0 0 0 0 0 0 0 0 
1778 10 0 0 0 0 0 0 0 0 0 0 0 
1779 10 0 0 0 0 0 0 0 0 0 0 0 
1780 10 0 0 0 0 0 0 0 0 0 0 0 
1781 10 0 0 0 0 0 0 0 0 0 0 0 
1782 10 0 0 0 0 0 0 0 0 0 0 0 
1783 10 0 0 0 0 0 0 0 0 0 0 0 
1784 10 0 0 0 0 0 0 0 0 0 0 0 
1785 10 0 0 0 0 0 0 0 0 0 0 0 
1786 10 0 0 0 0 0 0 0 0 0 0 0 
1787 10 0 0 0 0 0 0 0 0 0 0 0 
1788 10 0 0 0 0 0 0 0 0 0 0 0 
1789 10 0 0 0 0 0 0 0 0 0 0 0 
1790 10 0 0 0 0 0 0 0 0 0 0 0 
1791 10 0 0 0 0 0 0 0 0 0 0 0 
1792 10 0 0 0 0 0 0 0 0 0 0 0 
1793 10 0 0 0 0 0 0 0 0 0 0 0 
1794 10 0 0 0 0 0 0 0 0 0 0 0 
1795 10 0 0 0 0 0 0 0 0 0 0 0 
1796 10 0 0 0 0 0 0 0 0 0 0 0 
1797 10 0 0 0 0 0 0 0 0 0 0 0 
1798 10 0 0 0 0 0 0 0 0 0 0 0 
1799 10 0 0 0 0 0 0 0 0 0 0 0 
1800 10 0 0 0 0 0 0 0 0 0 0 0 
1801 10 0 0 0 0 0 0 0 0 0 0 0 
1802 10 0 0 0 0 0 0 0 0 0 0 0 
1803 10 0 0 0 0 0 0 0 0 0 0 0 
1804 10 0 0 0 0 0 0 0 0 0 0 0 
1805 10 0 0 0 0 0 0 0 0 0 0 0 
1806 10 0 0 0 0 0 0 0 0 0 0 0 
1807 10 0 0 0 0 0 0 0 0 0 0 0 
1808 10 0 0 0 0 0 0 0 0 0 0 0 
1809 10 0 0 0 0 0 0 0 0 0 0 0 
1810 10 0 0 0 0 0 0 0 0 0 0 0 
1811 10 0 0 0 0 0 0 0 0 0 0 0 
1812 10 0 0 0 0 0 0 0 0 0 0 0 
1813 10 0 0 0 0 0 0 0 0 0 0 0 
1814 10 0 0 0 0 0 0 0 0 0 0 0 
1815 10 0 0 0 0 0 0 0 0 0 0 0 
1816 10 0 0 0 0 0 0 0 0 0 0 0 
1817 10 0 0 0 0 0 0 0 0 0 0 0 
1818 10 0 0 0 0 0 0 0 0 0 0 0 
1819 10 0 0 0 0 0 0 0 0 0 0 0 
1820 10 0 0 0 0 0 0 0 0 0 0 0 
1821 10 0 0 0 0 0 0 0 0 0 0 0 
1822 10 0 0 0 0 0 0 0 0 0 0 0 
1823 10 0 0 0 0 0 0 0 0 0 0 0 
1824 10 0 0 0 0 0 0 0 0 0 0 0 
1825 10 0 0 0 0 0 0 0 0 0 0 0 
1826 10 0 0 0 0 0 0 0 0 0 0 0 
1827 10 0 0 0 0 0 0 0 0 0 0 0 
1828 10 0 0 0 0 0 0 0 0 0 0 0 
1829 10 0 0 0 0 0 0 0 0 0 0 0 
1830 10 0 0 0 0 0 0 0 0 0 0 0 
1831 10 0 0 0 0 0 0 0 0 0 0 0 
1832 10 0 0 0 0 0 0 0 0 0 0 0 
1833 10 0 0 0 0 0 0 0 0 0 0 0 
1834 10 0 0 0 0 0 0 0 0 0 0 0 
1835 10 0 0 0 0 0 0 0 0 0 0 0 
1836 10 0 0 0 0 0 0 0 0 0 0 0 
1837 10 0 0 0 0 0 0 0 0 0 0 0 
1838 10 0 0 0 0 0 0 0 0 0 0 0 
1839 10 0 0 0 0 0 0 0 0 0 0 0 
1840 10 0 0 0 0 0 0 0 0 0 0 0 
1841 10 0 0 0 0 0 0 0 0 0 0 0 
1842 10 0 0 0 0 0 0 0 0 0 0 0 
1843 10 0 0 0 0 0 0 0 0 0 0 0 
1844 10 0 0 0 0 0 0 0 0 0 0 0 
1845 10 0 0 0 0 0 0 0 0 0 0 0 
1846 10 0 0 0 0 0 0 0 0 0 0 0 
1847 10 0 0 0 0 0 0 0 0 0 0 0 
1848 10 0 0 0 0 0 0 0 0 0 0 0 
1849 10 0 0 0 0 0 0 0 0 0 0 0 
1850 10 0 0 0 0 0 0 0 0 0 0 0 
1851 10 0 0 0 0 0 0 0 0 0 0 0 
1852 10 0 0 0 0 0 0 0 0 0 0 0 
1853 10 0 0 0 0 0 0 0 0 0 0 0 
1854 10 0 0 0 0 0 0 0 0 0 0 0 
1855 10 0 0 0 0 0 0 0 0 0 0 0 
1856 10 0 0 0 0 0 0 0 0 0 0 0 
1857 10 0 0 0 0 0 0 0 0 0 0 0 
1858 10 0 0 0 0 0 0 0 0 0 0 0 
1859 10 0 0 0 0 0 0 0 0 0 0 0 
1860 10 0 0 0 0 0 0 0 0 0 0 0 
1861 10 0 0 0 0 0 0 0 0 0 0 0 
1862 10 0 0 0 0 0 0 0 0 0 0 0 
1863 10 0 0 0 0 0 0 0 0 0 0 0 
1864 10 0 0 0 0 0 0 0 0 0 0 0 
1865 10 0 0 0 0 0 0 0 0 0 0 0 
1866 10 0 0 0 0 0 0 0 0 0 0 0 
1867 10 0 0 0 0 0 0 0 0 0 0 0 
1868 10 0 0 0 0 0 0 0 0 0 0 0 
1869 10 0 0 0 0 0 0 0 0 0 0 0 
1870 10 0 0 0 0 0 0 0 0 0 0 0 
1871 10 0 0 0 0 0 0 0 0 0 0 0 
1872 10 0 0 0 0 0 0 0 0 0 0 0 
1873 10 0 0 0 0 0 0 0 0 0 0 0 
1874 10 0 0 0 0 0 0 0 0 0 0 0 
1875 10 0 0 0 0 0 0 0 0 0 0 0 
1876 10 0 0 0 0 0 0 0 0 0 0 0 
1877 10 0 0 0 0 0 0 0 0 0 0 0 
1878 10 0 0 0 0 0 0 0 0 0 0 0 
1879 10 0 0 0 0 0 0 0 0 0 0 0 
1880 10 0 0 0 0 0 0 0 0 0 0 0 
1881 10 0 0 0 0 0 0 0 0 0 0 0 
1882 10 0 0 0 0 0 0 0 0 0 0 0 
1883 10 0 0 0 0 0 0 0 0 0 0 0 
1884 10 0 0 0 0 0 0 0 0 0 0 0 
1885 10 0 0 0 0 0 0 0 0 0 0 0 
1886 10 0 0 0 0 0 0 0 0 0 0 0 
1887 10 0 0 0 0 0 0 0 0 0 0 0 
1888 10 0 0 0 0 0 0 0 0 0 0 0 
1889 10 0 0 0 0 0 0 0 0 0 0 0 
1890 10 0 0 0 0 0 0 0 0 0 0 0 
1891 10 0 0 0 0 0 0 0 0 0 0 0 
1892 10 0 0 0 0 0 0 0 0 0 0 0 
1893 10 0 0 0 0 0 0 0 0 0 0 0 
1894 10 0 0 0 0 0 0 0 0 0 0 0 
1895 10 0 0 0 0 0 0 0 0 0 0 0 
1896 10 0 0 0 0 0 0 0 0 0 0 0 
1897 10 0 0 0 0 0 0 0 0 0 0 0 
1898 10 0 0 0 0 0 0 0 0 0 0 0 
1899 10 0 0 0 0 0 0 0 0 0 0 0 
1900 10 0 0 0 0 0 0 0 0 0 0 0 
1901 10 0 0 0 0 0 0 0 0 0 0 0 
1902 10 0 0 0 0 0 0 0 0 0 0 0 
1903 10 0 0 0 0 0 0 0 0 0 0 0 
1904 10 0 0 0 0 0 0 0 0 0 0 0 
1905 10 0 0 0 0 0 0 0 0 0 0 0 
1906 10 0 0 0 0 0 0 0 0 0 0 0 
1907 10 0 0 0 0 0 0 0 0 0 0 0 
1908 10 0 0 0 0 0 0 0 0 0 0 0 
1909 10 0 0 0 0 0 0 0 0 0 0 0 
1910 10 0 0 0 0 0 0 0 0 0 0 0 
1911 10 0 0 0 0 0 0 0 0 0 0 0 
1912 10 0 0 0 0 0 0 0 0 0 0 0 
1913 10 0 0 0 0 0 0 0 0 0 0 0 
1914 10 0 0 0 0 0 0 0 0 0 0 0 
1915 10 0 0 0 0 0 0 0 0 0 0 0 
1916 10 0 0 0 0 0 0 0 0 0 0 0 
1917 10 0 0 0 0 0 0 0 0 0 0 0 
1918 10 0 0 0 0 0 0 0 0 0 0 0 
1919 10 0 0 0 0 0 0 0 0 0 0 0 
1920 10 0 0 0 0 0 0 0 0 0 0 0 
1921 10 0 0 0 0 0 0 0 0 0 0 0 
1922 10 0 0 0 0 0 0 0 0 0 0 0 
1923 10 0 0 0 0 0 0 0 0 0 0 0 
1924 10 0 0 0 0 0 0 0 0 0 0 0 
1925 10 0 0 0 0 0 0 0 0 0 0 0 
1926 10 0 0 0 0 0 0 0 0 0 0 0 
1927 10 0 0 0 0 0 0 0 0 0 0 0 
1928 10 0 0 0 0 0 0 0 0 0 0 0 
1929 10 0 0 0 0 0 0 0 0 0 0 0 
1930 10 0 0 0 0 0 0 0 0 0 0 0 
1931 10 0 0 0 0 0 0 0 0 0 0 0 
1932 10 0 0 0 0 0 0 0 0 0 0 0 
1933 10 0 0 0 0 0 0 0 0 0 0 0 
1934 10 0 0 0 0 0 0 0 0 0 0 0 
1935 10 0 0 0 0 0 0 0 0 0 0 0 
1936 10 0 0 0 0 0 0 0 0 0 0 0 
1937 10 0 0 0 0 0 0 0 0 0 0 0 
1938 10 0 0 0 0 0 0 0 0 0 0 0 
1939 10 0 0 0 0 0 0 0 0 0 0 0 
1940 10 0 0 0 0 0 0 0 0 0 0 0 
1941 10 0 0 0 0 0 0 0 0 0 0 0 
1942 10 0 0 0 0 0 0 0 0 0 0 0 
1943 10 0 0 0 0 0 0 0 0 0 0 0 
1944 10 0 0 0 0 0 0 0 0 0 0 0 
1945 10 0 0 0 0 0 0 0 0 0 0 0 
1946 10 0 0 0 0 0 0 0 0 0 0 0 
1947 10 0 0 0 0 0 0 0 0 0 0 0 
1948 10 0 0 0 0 0 0 0 0 0 0 0 
1949 10 0 0 0 0 0 0 0 0 0 0 0 
1950 10 0 0 0 0 0 0 0 0 0 0 0 
1951 10 0 0 0 0 0 0 0 0 0 0 0 
1952 10 0 0 0 0 0 0 0 0 0 0 0 
1953 10 0 0 0 0 0 0 0 0 0 0 0 
1954 10 0 0 0 0 0 0 0 0 0 0 0 
1955 10 0 0 0 0 0 0 0 0 0 0 0 
1956 10 0 0 0 0 0 0 0 0 0 0 0 
1957 10 0 0 0 0 0 0 0 0 0 0 0 
1958 10 0 0 0 0 0 0 0 0 0 0 0 
1959 10 0 0 0 0 0 0 0 0 0 0 0 
1960 10 0 0 0 0 0 0 0 0 0 0 0 
1961 10 0 0 0 0 0 0 0 0 0 0 0 
1962 10 0 0 0 0 0 0 0 0 0 0 0 
1963 10 0 0 0 0 0 0 0 0 0 0 0 
1964 10 0 0 0 0 0 0 0 0 0 0 0 
1965 10 0 0 0 0 0 0 0 0 0 0 0 
1966 10 0 0 0 0 0 0 0 0 0 0 0 
1967 10 39 0 0 0 0 0 0 0 0 0 0 
1968 10 40 0 0 0 0 0 0 0 0 0 0 
1969 10 41 0 0 0 0 0 0 0 0 0 0 
1970 10 42 0 0 0 0 0 0 0 0 0 0 
1971 10 0 0 0 0 0 0 0 0 0 0 0 
1972 10 0 0 0 0 0 0 0 0 0 0 0 
1973 10 0 0 0 0 0 0 0 0 0 0 0 
1974 10 0 0 0 0 0 0 0 0 0 0 0 
1975 10 0 0 0 0 0 0 0 0 0 0 0 
1976 10 0 0 0 0 0 0 0 0 0 0 0 
1977 10 0 0 0 0 0 0 0 0 0 0 0 
1978 10 0 0 0 0 0 0 0 0 0 0 0 
1979 10 0 0 0 0 0 0 0 0 0 0 0 
1980 10 0 0 0 0 0 0 0 0 0 0 0 
1981 10 0 0 0 0 0 0 0 0 0 0 0 
1982 10 0 0 0 0 0 0 0 0 0 0 0 
1983 10 0 0 0 0 0 0 0 0 0 0 0 
1984 10 0 0 0 0 0 0 0 0 0 0 0 
1985 10 0 0 0 0 0 0 0 0 0 0 0 
1986 10 0 0 0 0 0 0 0 0 0 0 0 
1987 10 0 0 0 0 0 0 0 0 0 0 0 
1988 10 0 0 0 0 0 0 0 0 0 0 0 
1989 10 0 0 0 0 0 0 0 0 0 0 0 
1990 10 0 0 0 0 0 0 0 0 0 0 0 
1991 10 0 0 0 0 0 0 0 0 0 0 0 
1992 10 0 0 0 0 0 0 0 0 0 0 0 
1993 10 0 0 0 0 0 0 0 0 0 0 0 
1994 10 0 0 0 0 0 0 0 0 0 0 0 
1995 10 0 0 0 0 0 0 0 0 0 0 0 
1996 10 0 0 0 0 0 0 0 0 0 0 0 
1997 10 0 0 0 0 0 0 0 0 0 0 0 
1998 10 0 0 0 0 0 0 0 0 0 0 0 
1999 10 0 0 0 0 0 0 0 0 0 0 0 
2000 10 0 0 0 0 0 0 0 0 0 0 0 
2001 10 0 0 0 0 0 0 0 0 0 0 0 
2002 10 0 0 0 0 0 0 0 0 0 0 0 
2003 10 0 0 0 0 0 0 0 0 0 0 0 
2004 10 0 0 0 0 0 0 0 0 0 0 0 
2005 10 0 0 0 0 0 0 0 0 0 0 0 
2006 10 0 0 0 0 0 0 0 0 0 0 0 
2007 10 0 0 0 0 0 0 0 0 0 0 0 
2008 10 0 0 0 0 0 0 0 0 0 0 0 
2009 10 0 0 0 0 0 0 0 0 0 0 0 
2010 10 0 0 0 0 0 0 0 0 0 0 0 
2011 10 0 0 0 0 0 0 0 0 0 0 0 
2012 10 0 0 0 0 0 0 0 0 0 0 0 
2013 10 0 0 0 0 0 0 0 0 0 0 0 
2014 10 0 0 0 0 0 0 0 0 0 0 0 
2015 10 0 0 0 0 0 0 0 0 0 0 0 
2016 10 0 0 0 0 0 0 0 0 0 0 0 
2017 10 0 0 0 0 0 0 0 0 0 0 0 
2018 10 0 0 0 0 0 0 0 0 0 0 0 
2019 10 0 0 0 0 0 0 0 0 0 0 0 
2020 10 0 0 0 0 0 0 0 0 0 0 0 
2021 10 0 0 0 0 0 0 0 0 0 0 0 
2022 10 0 0 0 0 0 0 0 0 0 0 0 
2023 10 0 0 0 0 0 0 0 0 0 0 0 
2024 10 0 0 0 0 0 0 0 0 0 0 0 
2025 10 0 0 0 0 0 0 0 0 0 0 0 
2026 10 0 0 0 0 0 0 0 0 0 0 0 
2027 10 0 0 0 0 0 0 0 0 0 0 0 
2028 10 0 0 0 0 0 0 0 0 0 0 0 
2029 10 0 0 0 0 0 0 0 0 0 0 0 
2030 10 0 0 0 0 0 0 0 0 0 0 0 
2031 10 0 0 0 0 0 0 0 0 0 0 0 
2032 10 0 0 0 0 0 0 0 0 0 0 0 
2033 10 0 0 0 0 0 0 0 0 0 0 0 
2034 10 0 0 0 0 0 0 0 0 0 0 0 
2035 10 0 0 0 0 0 0 0 0 0 0 0 
2036 10 0 0 0 0 0 0 0 0 0 0 0 
2037 10 0 0 0 0 0 0 0 0 0 0 0 
2038 10 0 0 0 0 0 0 0 0 0 0 0 
2039 10 0 0 0 0 0 0 0 0 0 0 0 
2040 10 0 0 0 0 0 0 0 0 0 0 0 
2041 10 0 0 0 0 0 0 0 0 0 0 0 
2042 10 0 0 0 0 0 0 0 0 0 0 0 
2043 10 0 0 0 0 0 0 0 0 0 0 0 
2044 10 0 0 0 0 0 0 0 0 0 0 0 
2045 10 0 0 0 0 0 0 0 0 0 0 0 
2046 10 0 0 0 0 0 0 0 0 0 0 0 

0 4 1 3 pack_2 0.000611247 1 -8 -111 60 
1 4 1 3 pack_2 0.00677201 1 -8 44 96 
2 4 1 3 pack_2 0.017341 1 2 -21 342 
3 4 1 3 pack_2 0.923077 10 -3 -21 360 22 59 360 -3 -31 360 -3 44 96 -18 -21 186 -13 44 114 -3 -16 360 2 -21 348 22 34 60 22 39 60 
4 4 1 3 pack_2 0.545455 1 12 -21 330 
5 4 1 3 pack_2 0.0659341 1 32 54 330 
6 4 1 3 pack_2 0.285714 2 -8 -106 60 -3 -71 330 
7 4 1 3 pack_2 0.945652 29 -13 -106 60 -38 -106 96 17 -111 234 2 -106 126 -8 -111 78 -3 -106 60 2 -111 144 7 -111 144 -8 -96 60 -3 -111 60 12 -111 264 -8 -101 60 -13 -111 78 -13 -111 60 12 -106 114 12 -111 348 -8 -111 144 -8 -106 348 -18 -111 96 -48 -106 120 -8 -111 360 12 -101 60 -13 -111 186 12 -111 360 -28 -96 78 32 -111 312 -38 -96 96 12 -111 120 -8 -106 78 
8 4 1 3 pack_2 0.971098 112 -28 -111 78 -23 -106 126 7 -96 78 -28 -106 126 2 -101 96 12 -111 186 17 -111 114 -3 -96 78 2 -96 60 -33 -111 198 -43 -96 114 -13 -111 144 22 -111 186 -38 -106 30 -23 -96 114 -3 -101 96 27 -101 30 7 -111 36 22 -91 60 2 -111 294 7 -111 96 -8 -96 144 -8 -101 330 -18 -101 348 -23 -91 78 -18 -106 186 -28 -106 114 27 -111 126 -33 -111 114 -8 -111 36 27 -96 60 27 -111 144 7 -91 36 -8 -66 78 2 -106 360 7 -111 294 -3 -106 264 2 -106 264 22 -96 144 -38 -111 264 -28 -96 126 -18 -91 78 22 -106 282 37 -111 198 -28 -96 120 -3 -91 264 -3 -101 342 7 -96 312 22 -111 78 2 -96 234 -33 -111 78 -43 -106 186 -18 -106 282 32 -111 144 -43 -106 144 -23 -96 126 -13 -101 360 -18 -111 144 32 -111 36 22 -101 126 -8 -106 234 -3 -111 114 -28 -91 294 32 -101 36 32 -106 330 -18 -101 120 -38 -111 36 37 -111 348 -43 -111 264 12 -66 60 -3 -71 78 -23 -101 186 12 -86 234 32 -96 312 42 -111 348 -33 -96 114 -33 -91 186 2 -106 198 27 -106 348 7 -86 234 -38 -111 360 47 -111 348 17 -101 114 -28 -111 60 27 -101 126 -13 -106 126 -8 -86 60 -18 -106 294 -18 -56 96 -48 -111 282 -23 -106 60 37 -111 78 -43 -111 342 52 -111 294 -28 -106 144 -8 -101 360 32 -106 198 -3 -106 294 42 -111 78 -3 -91 342 -48 -111 348 52 -111 348 2 -86 96 27 -101 294 -38 -106 360 -13 -101 186 37 -106 282 -18 -101 264 32 -106 126 37 -106 360 42 -106 234 -43 -101 144 
9 4 1 3 pack_2 1 2 7 -61 60 7 -66 60 
10 4 1 3 pack_2 1 2 -38 -111 330 -28 -111 330 
11 4 1 3 pack_2 0.782609 3 -8 -101 114 27 -91 330 17 -91 78 
12 4 1 3 pack_2 0.137931 2 -53 -111 264 -48 -111 330 
13 4 1 3 pack_2 0.015544 1 2 79 144 
14 4 1 3 pack_2 0.179104 2 -8 79 78 7 79 60 
15 4 1 3 pack_2 0.963855 400 -3 54 264 -8 54 282 2 54 234 32 54 342 17 49 114 -13 54 294 2 49 186 22 49 294 7 54 144 -23 54 294 2 49 234 7 44 264 -28 59 360 22 54 360 -13 44 264 17 44 144 17 44 114 -8 54 144 17 44 120 27 44 294 32 49 348 -23 59 360 17 49 360 -18 54 312 12 54 342 7 39 264 -3 54 330 7 54 348 22 49 330 27 39 144 -13 54 36 22 39 114 -3 54 30 17 39 120 7 54 342 -18 54 342 12 49 312 22 44 342 -18 39 264 -33 49 360 -3 39 282 12 39 114 2 39 234 2 39 186 7 34 264 -28 49 312 -28 49 360 -3 44 294 2 39 126 -18 49 342 -18 49 186 22 34 294 -13 39 294 22 34 234 -13 49 360 -28 49 330 27 34 312 -33 49 186 12 44 342 7 34 120 2 44 330 17 29 234 2 44 360 -33 44 234 -48 44 198 -33 49 30 -8 44 342 -18 44 312 -18 44 144 -23 34 282 -3 44 360 -18 49 36 -23 49 36 27 34 342 -23 39 60 -43 44 234 37 34 342 22 34 348 -18 44 342 -23 44 360 -13 34 294 27 34 348 12 29 144 7 29 126 -23 49 30 -33 39 294 2 44 30 22 24 120 -8 34 198 22 24 126 -8 39 330 -38 39 60 -28 39 360 2 34 144 7 39 330 17 24 114 2 39 348 37 24 312 -33 39 234 22 34 360 22 24 114 -3 34 126 7 34 312 2 39 312 22 24 294 -38 39 186 -13 39 360 -8 39 360 22 29 312 -18 39 342 17 29 294 -18 39 198 -28 44 36 -13 24 282 -3 29 144 -8 19 264 -18 29 294 -38 39 198 -8 34 330 2 24 186 -13 39 36 22 19 120 7 34 330 22 19 126 -28 34 60 -18 24 282 17 19 234 17 19 144 -3 34 360 -33 39 30 -23 29 294 22 19 114 7 19 234 -38 34 186 -13 39 30 27 19 144 -38 34 60 12 29 348 -28 39 198 32 19 330 -33 34 186 -28 34 348 17 24 360 -18 39 30 -18 39 36 -28 39 36 -43 34 36 -23 29 60 -13 34 330 27 19 330 7 19 144 22 14 126 -43 29 186 -33 29 60 -8 24 198 -3 34 30 27 19 342 -33 34 30 2 24 330 -18 29 144 -3 24 126 37 19 342 7 14 126 17 14 78 22 9 144 7 14 120 27 19 348 -28 34 330 -23 29 348 2 24 348 12 19 186 -8 24 330 -28 29 348 -18 24 186 -28 24 360 -43 29 36 -13 24 360 -28 19 78 -3 14 78 -8 24 360 12 9 78 -18 19 96 22 9 114 -13 14 78 7 19 360 2 29 30 32 9 294 -33 24 186 -3 19 126 7 9 120 22 4 144 -8 14 144 27 9 330 -3 29 36 -38 24 60 -33 24 234 32 9 144 7 19 198 17 14 312 -8 9 78 22 9 312 27 9 36 17 4 60 37 4 312 27 4 294 22 4 114 22 4 60 2 14 330 27 4 144 22 9 78 27 4 120 -23 24 234 12 4 60 7 9 60 -3 9 144 7 4 126 2 9 144 -3 14 330 -3 14 360 17 4 78 -3 24 30 22 9 30 22 -1 126 -3 9 60 -3 24 36 -13 14 60 -23 9 96 32 -1 312 -23 14 186 7 14 198 -38 19 60 -43 19 60 22 4 348 7 -1 78 -33 19 198 27 -1 120 22 4 342 -3 4 144 22 4 78 -23 4 78 32 4 36 12 4 96 -3 9 360 -3 -1 78 -3 4 60 17 4 96 2 14 312 22 -6 126 -3 9 198 -8 -1 78 -28 9 360 -33 9 78 -18 19 234 17 4 348 -33 9 360 -8 4 60 7 4 348 12 -6 144 12 -6 78 22 4 360 12 4 348 -48 14 234 -13 4 186 22 -6 60 7 4 330 12 -6 114 7 -6 120 22 -1 78 22 -11 144 -13 14 330 -28 19 36 2 -6 96 -33 14 114 -3 4 360 17 -11 144 -3 4 348 -18 9 342 7 -1 114 27 -6 114 32 -1 60 -8 4 360 -28 4 360 22 -11 294 17 -11 120 32 -11 312 32 -1 348 -18 9 198 -13 -6 96 27 -6 60 -23 9 198 27 -11 294 -13 4 114 -3 14 36 -33 -1 96 12 -11 114 27 -11 144 22 -16 144 27 -6 30 22 -6 78 -33 14 126 12 -6 96 -23 14 30 -13 9 330 2 -1 114 17 -16 114 -23 4 60 -3 -1 126 -43 9 36 -33 -1 78 2 9 30 -18 -11 78 -48 4 198 -33 -1 360 37 -16 312 17 -21 126 -3 9 30 12 -11 312 -23 -11 78 -18 4 120 27 -16 144 -3 9 36 22 -21 126 12 -11 96 -18 -1 114 -3 -1 114 -3 -6 126 -8 4 30 27 -21 294 22 -21 114 -18 4 126 22 -11 282 27 -11 78 -18 9 36 27 -21 144 22 -21 312 32 -21 294 -13 4 30 -13 -11 60 -3 -6 114 32 -16 60 17 -16 96 -23 -6 60 -28 4 36 -43 -1 234 -38 -1 60 32 -26 294 -23 -1 342 -38 -6 198 -43 -11 186 22 -21 78 -23 -11 60 -28 -6 60 27 -31 126 -38 -6 30 27 -21 78 -43 -1 126 -48 -11 198 12 -31 114 2 -21 120 -43 -11 198 -43 -16 96 -18 -1 36 -48 -1 126 22 -36 294 -3 -16 114 -33 -11 60 -48 -6 120 -43 -11 30 -38 -16 78 32 -31 36 -3 -11 36 -43 -11 36 -23 -11 342 17 -31 96 -18 -11 30 -48 -11 120 -43 -16 30 22 -46 294 -33 -16 234 -38 -16 234 -28 -16 36 -48 -21 234 -43 -21 234 -33 -21 234 -48 -16 144 17 -46 96 17 -61 114 -38 -26 60 27 -56 120 -48 -21 144 -48 -31 114 27 -56 78 22 -71 114 -53 -36 120 -53 -36 126 32 -76 294 22 -76 282 32 -96 294 22 -86 282 27 -96 282 
16 4 1 3 pack_2 0.987818 473 17 -21 360 -13 -16 144 -28 -16 360 27 -21 330 -8 -31 60 -8 -16 36 7 -46 96 -38 -16 186 -38 -11 186 -43 -36 114 -38 -6 186 -3 -16 330 27 -46 60 -3 -11 198 2 -36 96 -28 -31 96 17 -11 342 -8 -21 60 2 -16 30 2 -6 186 -3 -6 186 17 -36 78 17 -6 348 32 -26 330 17 -6 342 -38 -26 114 -48 -41 114 -3 -6 30 22 -21 360 -18 -41 120 -43 -21 198 -8 -46 60 12 -46 30 -8 -6 348 -18 -21 348 27 -51 60 7 -16 360 -18 -11 144 22 -46 78 -28 -6 186 22 -51 60 27 -36 60 -13 -6 360 -8 -11 186 -13 -11 30 -48 -46 126 17 -31 78 12 -21 30 -3 -36 96 -3 -16 126 -38 -51 96 12 -46 96 2 -26 60 -13 -21 36 -13 -1 360 22 -76 342 -43 -21 114 2 -11 312 2 -36 60 12 -46 60 7 -21 30 -3 -21 36 -23 -41 120 -28 -11 186 -23 -26 96 -28 -41 144 17 -26 348 12 -1 348 -8 -31 114 -3 -51 114 17 -31 30 -13 -1 198 27 -76 312 -8 -51 120 17 -86 348 -38 -21 30 12 -76 348 17 -86 342 -18 -36 114 -8 -71 198 2 -1 144 -38 -41 120 -48 -21 126 -8 -36 120 7 -11 144 -13 -21 30 -3 -81 186 -33 -71 186 12 -91 330 22 -56 78 2 -66 186 7 -86 360 7 -91 360 -8 -86 198 -23 -46 96 2 -11 144 22 -36 36 27 -66 312 7 -11 342 -8 -21 78 12 -11 330 27 -86 312 -23 -16 96 -3 -11 60 22 -31 30 -3 -21 342 12 -71 342 12 -16 36 -23 -41 114 -8 -71 186 12 -86 342 -23 -21 234 -3 -41 78 7 -81 144 2 -76 330 -23 -1 186 2 -61 186 -18 -51 126 -8 -11 360 12 -91 348 -3 -11 360 -13 -86 186 12 -91 342 17 -71 126 -3 -86 144 12 -86 330 -13 -16 330 22 -51 36 -33 -81 186 32 -41 36 2 -86 360 -3 -86 96 -43 -21 126 12 -81 330 12 -96 342 -3 -86 360 12 -81 126 -8 -51 60 17 -81 120 2 -56 186 22 -71 312 -8 -16 78 -8 -66 342 17 -71 312 7 -51 360 2 -11 348 7 -81 342 7 -71 330 27 -36 30 7 -91 348 -38 -76 198 7 -16 330 12 -26 60 -33 -86 96 -48 -51 126 17 -86 78 22 -76 144 22 -71 144 -8 -71 30 -13 -26 348 2 -56 330 -23 -86 360 -43 -41 144 -38 -46 126 -28 -71 186 -28 -51 186 -3 -21 78 2 -86 342 -23 -26 360 27 -61 312 -8 -86 360 12 -61 312 7 -66 144 -18 -11 186 22 -51 30 -18 -86 360 -8 -71 330 -23 -51 60 2 -6 60 -8 -51 342 12 -76 78 -43 -91 120 22 -86 126 -18 -81 186 12 -56 144 7 -81 312 12 -1 30 2 -51 144 27 -16 60 7 -71 120 -18 -31 96 12 -71 114 22 -86 144 -18 -56 360 2 -36 36 -38 -26 198 32 -71 312 17 -56 126 2 -51 60 -3 -81 60 2 -71 348 -3 -46 342 -38 -36 144 -3 -71 348 -33 -51 96 22 -91 120 -8 -61 30 -3 -61 342 27 -56 30 -13 -86 60 -8 -21 114 -3 -71 198 -13 -76 360 -23 -36 114 22 -86 30 -18 -86 36 -8 -51 186 -13 -51 348 17 -81 60 2 -66 342 -18 -96 198 -38 -91 198 -13 -66 360 -8 -66 330 22 -21 36 12 -81 36 -8 -81 330 2 -1 60 27 -86 342 22 -11 60 -8 -56 126 -3 -86 78 27 -86 60 -38 -96 144 -3 -51 348 -3 -31 186 22 -61 78 -33 -91 120 22 -71 60 -38 -91 120 -43 -96 144 27 -51 312 2 -31 360 -8 -56 186 -3 -16 96 -3 -56 348 12 -61 342 -33 -31 120 17 -16 60 -13 -81 78 12 -16 60 -23 -76 198 7 -16 78 32 -56 312 -3 -26 30 17 -46 144 -8 -91 30 -33 -91 126 2 -26 198 -8 -76 60 -13 -86 120 -13 -61 30 2 -76 60 -48 -56 114 7 -61 120 12 -81 60 -33 -66 198 12 -76 60 -8 -46 342 -18 -86 126 -28 -76 198 -23 -16 198 -23 -51 360 -38 -26 144 -13 -61 186 27 -51 342 -13 -56 36 22 -1 36 -18 -81 120 12 -41 330 17 -66 60 -33 -91 36 -13 -26 36 -13 -76 114 -18 -81 30 7 -76 60 -23 -81 96 22 -76 36 -38 -26 30 17 -76 36 27 -66 60 -33 -66 60 27 -66 30 -23 -56 78 -48 -56 120 7 -71 96 -18 -26 36 2 -41 360 27 -16 30 22 -11 36 2 -56 60 -33 -86 144 -8 -31 342 7 -66 96 -38 -91 36 27 -86 348 -33 -106 60 22 -36 312 7 -1 60 -8 -41 360 -23 -36 186 -33 -76 60 7 -96 114 7 -56 78 -28 -96 36 12 -66 78 -28 -51 198 -23 -81 36 27 -81 30 -8 -46 144 -28 -21 144 -28 -61 360 -43 -106 36 12 -71 36 27 -71 30 -3 -41 360 -38 -81 30 32 -96 60 -8 -41 186 -18 -51 198 -23 -21 198 -33 -91 60 27 -46 312 -48 -101 144 32 -86 30 -38 -51 198 -33 -86 114 2 -66 96 -3 -66 126 -13 -96 36 -13 -71 114 -3 -56 60 17 -61 36 -33 -51 120 -13 -46 36 7 -6 78 27 -86 120 27 -61 126 -23 -51 114 -48 -91 120 -43 -96 96 -53 -106 120 -3 -31 120 -38 -51 126 -43 -106 30 2 -36 360 -38 -81 96 -18 -16 114 -13 -56 78 22 -56 360 22 -101 360 -43 -106 60 -38 -91 30 -18 -61 144 -38 -81 60 -33 -101 78 -18 -36 186 22 -36 126 22 -46 144 -28 -76 36 7 -76 114 37 -86 312 -28 -66 36 -3 -61 60 22 -81 360 -33 -26 36 12 -36 126 -8 -41 342 22 -86 360 -33 -56 30 -33 -71 114 -23 -26 234 27 -51 348 -8 -61 36 -23 -61 60 -28 -91 144 -23 -76 126 -18 -41 198 7 -61 36 32 -86 342 -18 -51 30 -3 -81 264 -3 -101 282 -3 -36 144 2 -81 264 -18 -11 120 32 -91 342 2 -91 198 -28 -26 30 -18 -46 30 -33 -71 96 -33 -51 234 -38 -71 120 2 -76 198 -33 -66 120 -33 -81 144 -13 -61 126 -8 -76 36 -43 -66 186 -28 -61 114 -28 -101 234 -23 -106 312 -43 -76 186 -23 -61 36 -33 -11 120 -28 -106 312 -8 -36 186 -33 -56 60 -18 -61 78 -38 -76 114 2 -61 30 7 -81 264 -23 -66 234 -8 -81 120 7 -31 120 -28 -61 60 2 -56 198 12 -81 186 -3 -61 234 -18 -61 264 12 -66 30 -43 -96 60 -13 -76 330 -38 -26 234 12 -86 294 -33 -81 360 -13 -41 30 2 -66 234 -33 -91 360 -23 -61 114 -23 -1 114 -13 -61 264 -38 -76 126 -33 -86 360 -18 -71 264 12 -66 294 -3 -71 234 2 -71 234 -43 -81 60 -28 -71 120 -13 -71 264 -28 -11 120 2 -76 264 -48 -81 234 -8 -76 264 -28 -6 120 -48 -81 126 -28 -76 120 7 -61 234 17 -76 282 -43 -86 36 -8 -61 264 -38 -66 114 -3 -76 234 -8 -61 234 -28 -51 264 22 -76 234 17 -66 264 -3 -71 264 2 -51 234 -38 -6 144 -43 -56 144 17 -71 264 
17 4 1 3 pack_2 0.857143 5 17 -61 234 7 -66 264 -23 -71 282 -18 -61 282 -33 -61 294 
18 4 1 3 pack_2 0.0659341 1 -28 -31 234 
19 4 1 3 pack_2 0.885586 1748 47 69 96 37 59 96 52 -6 114 -48 114 60 52 44 186 57 54 360 47 -31 144 52 24 36 52 9 78 52 24 186 52 74 126 -53 -21 264 57 39 330 42 19 96 47 69 186 57 -6 234 47 79 36 47 79 120 47 -1 186 52 29 36 -53 104 96 57 79 78 52 -1 264 47 39 282 47 44 114 42 39 198 27 79 120 47 -21 120 57 -6 36 47 -11 198 47 44 282 47 -36 186 52 -1 282 52 -11 114 -53 -6 264 -43 94 30 57 -6 96 47 -11 126 52 44 60 47 29 78 52 39 114 47 59 114 52 64 348 47 -36 78 -48 99 36 42 -31 186 42 -21 96 52 84 78 47 -51 144 37 64 96 57 74 360 52 59 186 37 49 96 52 34 60 47 69 120 47 69 114 47 44 120 -48 4 264 42 74 234 52 29 60 52 39 198 42 -31 78 57 79 360 47 24 78 -48 109 348 -53 99 120 52 54 186 -53 109 120 57 -31 120 42 104 198 42 99 120 52 -101 360 22 109 198 42 94 282 42 94 36 32 109 360 57 -86 282 -43 59 348 57 -91 330 47 99 360 52 114 294 -38 104 294 -53 49 78 42 94 96 32 89 144 -8 114 264 32 24 114 17 109 348 -3 114 114 22 109 144 27 114 144 22 109 282 52 -81 30 27 104 198 32 99 114 -23 94 60 12 104 144 27 104 126 32 104 294 57 -21 96 42 99 294 32 44 186 42 104 120 27 104 96 52 -101 234 42 114 186 32 114 360 52 -86 294 12 114 36 22 104 120 -53 -46 348 52 -81 282 27 94 120 52 -91 30 57 -86 78 32 104 120 42 114 114 2 109 198 37 -86 282 52 -81 360 27 104 114 -8 114 60 42 99 30 52 -96 36 42 99 282 52 -96 360 42 109 198 47 109 294 27 94 114 47 99 96 -48 79 234 52 -46 126 17 99 264 52 114 30 27 89 144 52 19 198 57 34 78 57 14 342 -23 104 282 57 -36 186 57 24 198 57 34 264 2 114 282 27 109 60 -23 104 30 47 109 60 52 54 294 57 49 312 57 14 30 57 19 78 57 29 294 -48 29 348 52 9 114 52 -66 30 -18 114 360 47 114 330 47 -106 126 42 109 186 27 99 120 52 59 96 -53 79 342 -53 14 264 52 24 96 22 109 60 47 99 312 57 -1 282 57 4 198 57 4 294 -3 114 264 57 -71 330 -43 89 294 52 69 186 57 64 330 -48 9 264 32 -56 96 -33 109 360 57 -56 360 57 69 78 -53 94 312 -48 89 348 -48 94 312 57 64 198 57 -71 312 -48 89 294 52 -96 114 -28 104 78 -23 114 96 57 -76 60 52 -56 264 32 89 60 27 89 114 52 69 264 -53 84 30 57 -1 78 -33 109 186 -38 99 198 52 4 234 27 84 126 57 64 264 57 94 30 57 59 348 -53 29 78 57 4 60 52 9 342 57 44 312 22 114 360 57 -96 60 12 114 60 42 99 264 47 104 282 57 44 360 22 114 96 47 109 348 32 84 234 57 -106 60 -53 59 342 47 94 312 47 104 330 -3 109 360 57 -16 120 52 -11 234 57 -106 126 57 -26 114 22 99 96 12 89 282 52 -96 198 -48 4 360 52 59 234 -53 49 264 57 14 264 42 99 126 -28 99 78 47 109 282 -48 84 312 57 -86 60 37 74 198 -48 -6 360 52 49 126 2 109 186 27 114 348 57 29 78 57 29 96 37 9 96 -3 114 126 -3 109 342 52 -51 114 57 24 36 52 -21 60 -18 114 234 2 114 234 27 99 234 27 114 264 27 114 60 37 104 282 -18 109 30 57 19 96 57 19 120 -3 109 294 57 29 126 -18 109 198 -53 74 348 -53 69 342 52 -111 78 52 -96 78 57 -86 348 57 -101 60 52 19 264 -48 79 264 57 39 198 37 -56 96 47 -41 126 52 -31 144 57 -11 294 47 -51 360 47 -106 78 52 -56 120 47 -1 78 47 -61 144 47 4 186 52 -36 60 47 -101 360 52 -31 198 47 -46 78 37 -51 96 32 114 342 -53 109 360 52 -26 78 37 -86 96 52 -81 78 47 -86 198 57 -11 360 42 9 96 57 -36 312 57 104 234 52 -11 264 42 74 120 42 14 96 37 -41 96 -53 -31 342 42 19 198 57 -11 198 47 -16 282 47 -11 282 52 -61 186 37 94 330 -53 -6 360 12 114 96 42 54 198 -48 104 342 37 109 60 57 114 30 52 74 348 47 79 78 57 109 294 47 79 312 17 99 114 12 99 126 -53 114 330 -53 109 264 37 69 114 47 -86 78 -43 84 30 -53 114 186 32 99 144 -43 99 360 37 54 186 42 69 294 52 59 144 -53 89 60 42 104 312 52 89 186 -38 114 30 47 84 126 12 94 114 47 -6 126 17 94 120 -53 -21 348 42 29 96 47 34 282 47 29 96 42 84 342 57 99 96 47 29 360 57 109 330 47 39 186 42 39 186 42 -1 78 -53 -56 348 47 19 96 57 104 36 37 34 198 52 39 342 37 44 186 47 34 186 57 114 60 57 94 60 57 -46 30 57 -86 144 52 -61 30 32 34 186 -53 -31 78 47 19 120 47 44 144 52 -61 96 57 -6 348 32 59 282 47 -26 120 57 -11 120 42 34 78 42 34 96 57 -21 30 57 94 78 52 -31 294 47 -96 360 52 -91 60 57 -71 126 52 -81 36 52 -66 96 52 -81 294 52 -66 186 57 -41 360 47 -91 114 57 114 198 52 -76 294 32 39 186 57 109 342 57 -56 96 17 99 282 32 -71 96 47 -56 360 42 -56 198 37 -76 96 47 -76 120 47 -81 144 57 99 186 -53 -61 360 32 -91 96 52 -51 96 52 -81 342 47 -96 126 42 -86 96 52 -76 78 47 24 198 -33 99 264 -38 114 114 -38 104 60 47 84 282 -53 89 234 -43 104 36 37 -66 96 17 84 126 52 -11 36 -48 104 312 -33 94 60 -38 99 36 32 84 114 12 109 294 47 99 60 17 99 126 57 114 264 32 84 96 42 -56 96 42 -46 186 -48 104 78 -53 104 144 -48 109 60 -48 114 186 47 -46 186 -53 94 330 42 109 144 32 -66 96 22 84 120 47 -56 282 47 -46 198 -48 84 36 -33 114 342 27 84 120 -18 114 198 37 104 30 32 114 60 57 89 312 7 114 342 7 104 114 7 109 294 42 104 126 27 114 126 42 104 30 37 114 282 12 114 114 32 114 294 2 114 126 52 -76 144 2 114 330 57 114 330 52 -11 30 37 74 282 2 104 120 17 114 78 32 114 114 -53 74 78 37 -96 96 37 109 78 -13 114 36 17 104 294 22 114 282 42 109 312 12 114 294 37 114 264 37 104 78 47 84 78 17 99 96 37 114 312 52 109 186 22 109 120 42 74 264 52 94 312 2 89 114 57 84 144 37 114 126 47 74 78 52 84 186 -33 104 36 32 -61 96 -53 94 126 42 89 312 42 89 60 52 94 282 52 59 360 42 84 144 -48 94 60 -38 114 96 -43 109 60 12 89 120 -48 104 360 52 69 330 -48 114 120 47 94 360 -53 109 36 22 114 30 42 79 144 47 79 330 -38 109 186 32 79 282 32 104 144 -48 109 144 -33 114 198 52 89 114 52 89 282 52 89 360 -53 104 126 -38 89 60 -43 99 348 42 84 60 47 -66 198 -53 19 360 47 -31 360 -53 99 126 57 84 60 52 84 282 -53 114 342 47 -26 360 52 44 96 42 89 78 52 84 234 -43 104 312 -38 99 234 -38 114 312 -33 104 60 47 89 114 47 89 144 32 89 78 42 89 294 -43 84 234 -48 79 78 52 114 36 47 89 30 27 89 120 37 -91 198 -28 109 186 17 79 126 47 -106 282 37 -21 282 -28 109 234 -43 69 342 57 -76 78 -23 114 282 -48 74 342 57 -51 330 -48 59 348 57 -96 30 -23 109 234 57 14 60 57 -56 60 32 -46 96 57 -36 126 32 59 198 7 94 282 -28 109 264 57 -71 198 57 -31 36 57 69 120 57 -46 234 -23 114 60 -28 114 348 22 74 114 57 -51 36 -48 -96 348 32 54 96 12 84 120 57 -76 114 57 -21 60 57 -81 60 32 -36 96 57 -56 30 57 -101 294 -3 89 282 32 -101 198 32 59 114 -53 -96 360 42 -106 96 -3 109 264 37 4 282 32 79 312 57 -101 114 -48 14 342 57 -31 264 57 -36 78 -53 54 348 -13 109 282 57 -66 282 -23 89 60 57 74 60 57 -106 114 22 79 126 -53 79 330 57 -66 78 32 -6 96 -48 -51 342 -48 9 342 -53 49 348 57 -81 96 37 24 282 -23 114 312 57 -31 330 57 -76 360 57 24 312 32 -11 198 -48 -101 342 32 49 114 57 64 60 17 89 294 57 -81 330 -48 39 360 57 49 114 57 -61 114 52 14 264 52 4 36 -48 -41 342 -53 84 294 -28 114 360 57 74 234 57 -76 312 -53 -106 264 42 54 294 52 19 60 42 -36 282 57 -96 144 -48 -1 348 -28 114 186 52 -56 78 57 -61 348 57 -46 78 52 -66 60 -53 64 348 52 -21 348 32 -81 186 32 -96 186 52 -106 348 52 -86 348 -48 79 36 42 79 342 42 -66 78 -13 114 96 42 -41 78 52 -96 348 22 104 186 2 99 120 -38 114 144 2 104 96 42 74 60 27 104 348 -18 99 30 -18 109 348 -8 109 234 -23 114 114 -48 79 294 -48 79 312 52 59 312 -33 114 144 47 -11 234 2 114 78 47 -51 234 47 -66 234 2 99 264 47 -96 234 27 79 282 22 84 294 -48 34 78 22 99 60 -33 109 330 -48 79 282 -33 89 234 32 69 294 -38 99 330 -48 99 144 -33 99 312 42 -96 78 27 109 30 7 109 36 52 54 312 42 54 126 17 94 78 47 19 294 52 49 312 -43 -6 342 -43 -46 342 17 84 294 42 49 360 -43 -76 342 -43 -91 342 17 89 96 -43 24 342 32 44 282 -43 -81 342 -53 79 198 -33 89 294 -53 89 144 42 -51 114 -48 -91 264 42 -61 114 42 39 360 42 -66 114 -48 9 78 42 -106 114 -48 -96 264 -53 44 330 2 104 312 17 104 348 17 104 198 -43 79 36 22 109 30 47 59 264 -13 109 312 52 59 330 47 -1 294 2 99 126 47 49 36 -13 104 78 -13 104 60 32 99 348 -38 84 294 52 54 330 47 69 330 -48 -46 360 -43 9 348 47 64 342 7 104 348 12 104 198 42 -16 360 42 4 360 42 -76 360 -53 84 126 42 -36 360 42 -41 360 42 -86 360 42 -51 360 42 9 360 -48 -21 78 -43 99 186 7 104 186 -33 104 348 -13 94 264 -28 104 186 17 104 60 27 79 264 32 84 36 42 34 360 47 -46 264 47 -26 264 -33 104 342 47 -31 264 47 49 348 47 24 264 -43 -26 348 37 89 348 27 94 186 -48 74 36 -43 69 78 -33 84 234 -3 109 60 -28 84 264 47 34 30 -48 74 294 32 74 78 -53 74 96 42 -31 120 47 19 30 37 74 60 -13 109 114 47 -11 30 17 89 78 -38 79 36 32 -1 282 32 -31 282 32 -16 282 32 4 282 -38 89 348 32 9 282 -23 104 186 -3 104 186 47 39 348 42 -56 120 32 69 312 22 79 312 7 79 282 -48 59 330 2 104 30 37 4 114 52 -86 312 47 -6 348 37 69 36 32 79 60 7 89 126 47 -1 60 12 104 360 47 -16 60 42 -36 144 -33 104 120 42 -31 144 -38 84 348 42 -21 144 52 -71 312 42 19 294 -48 79 96 7 104 360 7 79 120 -43 69 60 27 79 198 47 -26 60 -18 104 96 47 -36 60 47 -51 60 -33 99 330 32 64 126 47 -46 60 42 54 234 47 -66 60 -23 104 360 47 -101 348 2 94 126 -53 14 330 -28 109 126 32 94 348 47 -56 294 42 -101 120 22 89 60 22 79 264 -18 109 126 47 -106 60 -28 99 312 2 79 114 27 44 114 -3 84 294 -48 -76 78 -43 -101 348 27 69 186 -38 84 330 52 29 330 27 29 198 -53 -6 282 -18 104 342 -48 84 120 47 9 36 -53 59 234 -43 94 186 -23 89 78 -23 109 126 37 69 60 -33 89 96 7 99 330 -43 74 30 -43 74 312 27 4 198 42 54 36 -48 -96 78 -33 99 120 -43 54 78 32 -76 282 -53 -11 282 42 29 264 27 74 78 47 -11 36 -53 49 294 -53 69 198 37 79 348 42 -91 126 42 -96 126 -43 89 126 -28 84 78 22 69 96 47 -51 36 32 74 60 17 84 78 -38 64 348 -43 59 360 27 64 126 -13 104 126 32 -101 282 -18 79 282 17 74 282 -53 69 186 12 99 198 47 -71 36 -53 44 294 42 44 264 42 54 30 -53 -16 330 32 44 294 42 -11 264 -53 74 144 27 79 60 -28 104 126 32 39 294 17 94 60 -53 -21 330 -8 99 198 -53 -26 282 -43 54 360 12 99 60 42 -36 264 -38 79 360 12 74 282 -3 99 342 2 74 114 32 79 30 52 -86 330 -53 -46 330 17 74 96 -38 44 342 32 84 360 -43 79 198 -13 89 78 -53 -51 330 32 54 120 37 49 144 37 59 312 -3 74 114 42 59 348 27 -1 186 27 -11 186 7 79 264 -43 44 360 7 94 330 -33 74 78 37 44 126 22 74 78 -18 84 78 -13 99 144 -18 99 114 27 49 282 42 34 234 -38 49 348 2 84 126 -28 99 126 22 69 312 17 89 186 -28 89 312 7 79 96 -48 74 114 -33 69 342 27 29 96 -43 29 264 32 74 30 37 -36 114 -38 69 360 37 -81 114 22 79 186 22 74 234 7 69 120 -38 14 342 -43 34 360 -28 74 282 -8 94 96 17 69 96 -48 49 282 12 94 360 32 79 348 47 -16 342 -53 19 312 37 9 294 -18 99 126 12 84 78 -13 94 186 -33 74 294 -53 -76 282 47 -46 342 27 79 36 -23 69 60 37 44 360 27 64 78 -28 94 114 22 69 186 22 59 126 -33 69 78 17 64 294 -43 19 264 -53 44 30 32 74 360 42 14 234 32 49 126 -48 54 234 -18 69 60 37 34 264 22 54 198 27 84 30 37 64 348 -43 14 264 17 64 282 -33 69 348 -18 89 96 -8 84 120 17 74 78 -48 49 60 -43 84 144 37 54 60 -53 -91 282 17 84 60 -13 84 114 27 64 234 -13 94 126 -43 19 78 -8 79 60 -48 64 198 -8 89 126 42 39 348 42 -71 294 37 29 360 42 -1 234 42 -96 294 -43 79 186 42 -61 294 42 -41 294 -43 14 360 37 24 126 -53 14 60 -38 49 264 22 69 234 32 69 342 22 84 36 -48 69 120 -48 54 96 27 59 78 -33 84 114 27 79 30 -53 19 96 -53 -6 312 42 29 36 -53 39 186 -18 69 264 -3 89 60 -43 9 78 27 -6 96 -38 89 144 -48 49 234 -38 -96 342 12 69 264 32 -36 114 42 -11 234 -33 74 360 27 -11 96 42 19 60 37 9 120 32 -41 114 37 14 264 17 79 186 -53 -11 312 37 49 312 -18 89 186 42 14 30 -8 79 120 2 69 264 -38 44 78 37 9 360 -23 94 126 42 39 312 47 4 312 12 74 144 17 69 78 -53 9 96 17 79 60 -43 -6 78 42 -31 234 -43 -6 360 -43 -11 264 37 54 348 7 64 126 37 -6 120 -38 54 60 -23 74 294 27 64 60 32 -61 114 42 -36 234 -48 14 330 27 -86 96 22 44 186 -28 84 186 22 64 234 -33 44 342 47 -6 312 37 -6 360 27 74 360 -43 -16 264 -28 69 294 22 49 120 -23 84 330 42 -26 30 32 34 78 37 -1 264 -38 74 120 12 59 282 -13 64 60 7 74 312 27 4 282 12 54 120 32 -71 114 37 -36 78 42 29 342 27 74 348 22 34 186 37 39 60 37 -21 360 47 -16 312 -28 64 78 -13 84 312 -53 -31 312 -43 74 144 22 -31 198 42 -61 234 -38 34 78 -53 14 30 -18 59 60 22 29 186 22 79 360 -43 39 330 22 39 282 -33 64 360 22 49 126 -8 79 126 -43 -26 360 42 -66 234 -48 39 234 7 64 96 -53 -36 294 12 84 36 47 -1 330 -3 74 126 -33 49 264 2 59 120 42 -41 30 12 74 234 37 -81 78 -23 69 294 22 -41 198 -48 -1 330 -28 54 60 -53 9 186 17 59 264 -23 84 144 -38 29 78 -43 -41 264 37 -41 264 -8 64 60 -13 59 60 32 24 78 -18 59 264 32 49 60 42 -16 60 -33 74 114 32 29 264 37 -51 360 -43 39 60 37 -86 294 -43 34 330 -53 -46 294 27 -21 282 -43 -96 264 -43 -71 264 7 79 36 -53 29 198 37 -96 78 -23 54 60 -28 59 282 47 -16 330 37 -96 294 -33 24 342 -18 79 330 -8 59 114 -33 39 348 37 -101 294 22 -81 198 37 -106 78 37 -101 264 42 -11 36 -38 24 78 -48 19 60 -53 -26 96 42 -26 60 -3 69 60 37 29 36 37 -31 144 22 14 96 42 -31 348 -18 74 330 -43 29 282 -33 54 360 32 44 60 27 39 78 27 54 60 -33 34 348 27 -46 282 -48 14 60 7 74 36 12 74 60 47 -36 330 -23 59 78 7 69 78 42 -36 60 47 -61 312 -28 49 342 42 -71 30 -43 -56 78 2 69 78 -38 49 294 -33 79 144 22 4 186 -18 64 234 -53 -11 30 42 -46 348 42 -26 36 2 74 60 17 24 198 -13 69 330 27 -56 282 7 74 30 -43 -56 360 37 4 234 -53 -71 294 -48 9 60 32 29 360 -13 69 144 37 19 30 -53 -46 96 -3 64 78 42 -56 60 42 19 330 -23 74 126 -48 34 186 -23 69 330 27 -61 282 -38 9 78 -48 -26 282 42 -106 30 32 24 360 37 -46 126 -18 69 330 47 -86 312 -28 49 78 12 44 282 -48 4 60 -33 34 78 47 -96 312 -8 64 126 22 -16 186 -53 -11 234 -53 -101 60 27 -76 114 -38 -1 264 27 29 78 17 34 282 -38 39 330 -53 -26 30 17 39 186 -43 -86 78 37 9 30 -38 49 96 37 -6 234 -13 59 234 -23 69 144 17 49 78 -38 -76 348 17 29 96 47 -71 330 27 49 360 32 4 264 -3 59 60 -13 64 348 -13 59 96 -43 -96 78 -38 -101 348 -8 59 234 -38 59 186 42 -96 60 17 4 198 42 -101 60 -8 54 78 22 59 36 22 -11 96 -48 24 186 7 59 78 -48 14 30 42 -61 36 -53 -36 186 2 64 30 17 44 264 32 -6 120 -33 -31 342 17 29 282 2 64 60 -53 -71 96 -3 49 96 22 -46 186 22 49 60 7 64 360 22 -51 186 -48 -11 60 7 59 348 -48 -51 282 42 -11 312 -33 -41 342 -23 59 312 22 -96 186 22 -81 186 22 -66 186 22 -21 96 -18 59 198 17 -6 198 -38 39 312 37 -101 144 32 4 360 2 54 312 -53 -46 186 42 -51 342 32 34 30 -28 54 198 42 -1 330 27 19 78 12 49 78 -8 59 342 -33 4 348 -53 19 126 17 24 282 -53 -46 30 27 49 30 22 34 264 42 -81 36 32 29 36 -48 -26 60 42 -16 312 -8 39 114 -33 -51 342 17 59 36 -13 44 78 37 -1 36 22 34 78 -48 -21 294 -13 54 330 -3 59 360 -53 -36 234 -38 39 96 -43 -1 282 -53 -91 96 32 -26 78 7 59 60 17 19 282 -33 -61 342 -33 -6 348 -28 34 78 -48 -81 330 -53 -41 234 2 49 36 42 -11 330 7 54 36 12 29 198 -48 4 36 -28 44 96 22 29 264 -48 -26 312 32 19 60 -48 -71 282 27 29 234 -48 -41 60 12 54 60 -48 -16 96 2 49 78 2 54 60 -53 9 126 12 24 198 -48 -31 294 -53 -46 36 -53 -21 198 -13 49 312 12 54 36 -48 -1 234 -3 44 60 -33 -16 348 32 -21 360 22 -91 96 -43 -11 282 22 -71 96 22 -61 96 -28 29 78 -8 34 60 2 44 36 -48 -46 60 7 24 282 17 9 186 -28 39 96 -53 -26 198 -23 49 120 32 19 30 17 -36 198 27 34 36 -53 -81 186 27 29 60 -53 -6 144 22 24 78 -38 -31 360 -48 -86 282 -13 39 120 37 -41 30 37 -26 60 -48 -51 60 2 19 114 17 29 78 32 14 36 -53 -16 114 -38 -56 264 -53 -11 144 32 9 60 37 -31 60 -28 44 120 17 49 30 -43 -21 282 12 44 60 32 -66 78 42 -36 330 -48 -36 96 7 44 30 -53 -86 30 32 -6 234 -13 34 120 7 19 294 -28 24 282 32 -36 126 -53 -101 186 -3 34 60 12 44 36 32 -71 78 -53 -71 36 -48 -51 294 -28 44 126 -8 24 60 -48 -66 60 -48 -16 234 7 39 36 7 14 282 -28 14 264 2 39 60 7 39 30 12 14 96 27 24 36 -48 -46 96 27 29 30 -23 39 126 -13 34 312 7 39 60 -38 -61 78 42 -61 312 32 -86 78 2 9 282 22 19 234 -33 -46 348 17 29 60 -8 24 96 -23 14 264 -48 -51 96 32 -66 360 37 -51 348 2 34 60 -38 -66 78 -13 19 294 37 -56 60 22 29 36 -43 19 120 -33 -51 348 32 -71 360 -48 -66 294 7 9 294 37 -46 36 -3 24 60 -28 14 282 -48 -56 96 -3 24 78 7 34 60 -8 24 234 37 -61 348 -3 4 282 37 -91 234 -48 -66 312 -28 -31 342 -38 -61 360 -28 19 96 17 -31 186 -43 -46 330 -48 -91 60 2 29 60 17 34 30 -18 9 264 32 -86 360 37 -96 234 -53 -106 36 17 -36 186 -48 -76 294 12 29 36 7 29 60 -28 24 114 17 -41 186 7 24 36 27 -31 120 -33 -26 264 -48 -46 30 32 -31 234 -23 24 120 12 -1 282 37 -86 30 37 -51 342 -48 -106 60 -8 4 294 -33 -71 348 -28 -46 342 -8 4 264 12 24 36 32 -81 144 17 -96 186 -18 -1 282 -28 -6 264 -33 -91 348 37 -36 312 -43 14 144 -48 -91 294 17 -31 294 42 -91 330 -48 -81 96 -28 4 294 27 -41 120 27 -41 264 37 -66 342 17 -81 96 17 -86 96 -23 14 312 -33 -41 264 37 -41 312 -33 -1 294 12 -11 282 -43 -71 330 -43 -41 294 -33 19 144 17 -41 282 -3 -6 264 37 -106 60 -48 -61 186 2 -6 264 -48 -91 96 -8 4 234 -28 -66 342 37 -46 312 -48 -36 198 -23 -11 264 -8 -16 282 -48 -71 30 -3 -1 312 -3 -16 294 -33 -11 282 -13 -16 282 27 -56 264 7 -11 264 17 -51 282 37 -51 312 -28 -6 294 12 -26 294 -53 -81 114 -13 -21 282 -8 -6 234 -43 -26 186 27 -71 78 -3 -26 282 12 -61 198 -3 -6 234 -8 -21 294 7 -26 294 -13 -21 264 -38 -41 60 37 -56 330 27 -76 264 27 -56 360 27 -76 78 -23 -31 60 -33 -36 60 -13 -26 282 7 -36 120 7 -21 264 2 -6 234 27 -81 264 27 -81 78 -8 -31 282 -28 -96 342 -18 -16 294 -13 -26 264 -48 -81 36 27 -31 234 32 -76 234 17 -26 264 12 -76 198 -53 -81 120 22 -21 234 12 -26 264 -13 -31 282 -53 -101 114 -43 -101 282 -53 -91 144 12 -11 234 2 -36 120 -28 -41 60 -48 -101 186 32 -81 234 -48 -106 186 27 -36 234 27 -91 78 -33 -31 282 -8 -31 264 27 -76 360 12 -31 264 22 -41 126 -43 -66 96 -3 -41 282 -23 -36 36 32 -41 312 -33 -81 78 12 -96 198 -8 -41 282 7 -16 234 7 -41 294 27 -101 264 -43 -46 186 -18 -36 264 -33 -66 360 -13 -36 264 -18 -36 36 12 -101 198 32 -41 330 2 -36 126 -28 -41 234 32 -91 234 -43 -56 30 -38 -41 36 -13 -36 36 27 -101 78 32 -76 60 -18 -31 234 12 -21 234 -28 -71 348 27 -91 360 2 -31 312 -8 -31 30 -3 -41 264 -28 -76 348 2 -41 126 2 -51 282 27 -96 360 7 -36 312 -38 -66 282 22 -36 234 7 -46 198 -38 -36 198 -3 -36 312 22 -56 264 -23 -26 312 -13 -46 264 -53 -101 126 -13 -41 294 2 -56 282 -23 -36 294 -13 -36 330 -13 -51 282 27 -41 342 -18 -51 282 -13 -36 312 7 -31 234 -8 -36 342 -3 -46 126 -33 -46 294 -28 -86 264 -28 -36 330 32 -96 348 -18 -41 348 -13 -41 144 -13 -36 198 -13 -46 234 22 -41 342 12 -36 360 -8 -56 294 2 -41 198 7 -41 186 -18 -46 294 -43 -96 312 -8 -46 330 -3 -46 30 -13 -66 60 -28 -41 312 2 -41 186 2 -66 294 -18 -51 294 7 -76 282 -23 -56 348 -48 -81 114 -13 -51 144 -18 -51 144 -28 -46 312 -18 -76 60 -23 -76 60 -18 -56 342 -3 -71 120 -28 -51 330 -48 -76 120 7 -86 282 -43 -61 120 -48 -71 126 7 -76 294 12 -51 234 27 -76 234 2 -81 294 -3 -71 36 17 -76 264 -18 -61 330 -38 -106 330 22 -96 264 -43 -66 126 -43 -71 114 -3 -71 312 -33 -66 330 -33 -76 282 -28 -76 282 -18 -81 282 -3 -76 312 -33 -71 312 -18 -71 330 -28 -81 282 -23 -66 312 27 -91 234 -3 -86 36 -33 -86 282 -28 -71 312 -38 -91 294 -3 -91 36 -23 -81 294 7 -101 294 -8 -86 312 -13 -81 312 -3 -96 36 -3 -91 312 22 -86 234 -33 -91 294 -33 -86 312 -3 -96 312 -28 -96 294 -28 -91 330 -28 -91 312 -33 -96 312 
20 4 1 3 pack_2 0.0697674 1 -28 -101 312 
21 4 1 3 pack_2 0.139535 5 -28 74 330 -33 84 186 -38 24 330 -43 -46 312 -43 54 60 
22 4 1 3 pack_2 0.6 10 -38 89 198 2 104 234 -8 104 294 -18 104 294 2 89 294 -13 104 282 -13 109 120 -43 19 342 -3 109 144 7 114 330 
23 4 1 3 pack_2 0.0909091 1 -3 114 144 
24 4 1 3 pack_2 0.0425532 2 -38 69 60 -28 89 36 
25 4 1 3 pack_2 0.878049 6 -48 69 330 -43 49 342 12 104 60 12 84 312 32 89 348 32 94 360 
26 4 1 3 pack_2 0.850746 19 -13 89 312 -3 69 78 2 69 96 -13 64 282 7 64 60 -23 59 114 -28 64 234 -33 59 60 -13 54 120 -8 54 120 -28 49 114 -18 64 36 -18 64 30 -38 49 144 -18 29 114 -28 34 144 -28 34 120 -13 29 126 -38 34 144 
27 4 1 3 pack_2 0.230769 1 -8 -1 312 
28 4 1 3 pack_2 0.980989 43 -28 24 126 -23 64 312 -33 24 120 -33 59 312 17 64 312 7 79 312 -38 9 282 -33 64 330 -43 29 114 -3 74 144 17 69 312 -48 29 114 7 84 36 -38 59 330 -43 29 312 -48 69 114 2 69 144 -13 69 114 -18 69 114 -33 89 342 -8 69 114 7 94 348 -33 64 294 -48 44 294 -28 29 114 2 89 234 -33 94 360 -53 64 120 7 99 60 27 84 360 -18 29 126 -53 44 114 -38 14 330 2 19 294 -33 19 294 -13 -6 312 -43 4 294 -33 14 312 -33 4 294 -3 14 294 2 89 312 -23 -11 312 -33 34 120 
29 4 1 3 pack_2 0.857143 25 2 79 198 -43 -11 330 -3 94 348 -3 99 234 -33 94 342 -53 34 120 -38 74 30 -8 94 330 -23 -1 330 -48 14 312 -13 24 312 -38 4 294 27 79 348 -18 99 312 17 69 330 -33 49 126 27 84 342 -43 34 120 -48 39 120 -23 -6 312 -13 94 342 -8 99 60 22 89 342 -38 59 114 -43 -6 312 
30 4 1 3 pack_2 0.166667 1 -13 79 186 
31 4 1 3 pack_2 0.193548 10 2 69 30 -3 64 96 2 74 198 22 59 312 -3 74 36 12 64 348 32 64 342 32 64 330 -13 69 36 22 69 348 
32 4 1 3 pack_2 0.00816326 5 -28 89 30 -23 89 36 -33 4 342 -13 89 60 -3 79 36 
33 4 1 3 pack_2 1 1 27 89 360 
34 4 1 3 pack_2 1 1 7 89 348 
35 4 1 3 pack_2 1 5 -28 24 144 -28 29 144 -43 -11 312 -13 69 126 -43 4 312 
36 4 1 3 pack_2 0.950495 16 -53 39 144 -23 99 330 -38 64 198 -53 49 144 -48 49 120 -8 69 348 -53 59 126 -28 59 120 -3 74 30 -18 94 360 -33 9 294 -33 9 312 -38 49 126 -33 59 120 -28 54 126 -23 94 360 
37 4 1 3 pack_2 0.571429 10 -8 94 234 2 99 60 -28 59 144 -48 54 126 17 99 36 -33 59 126 -33 59 144 -38 64 60 -43 54 144 -43 59 144 
38 4 1 3 pack_2 0.705882 2 -23 69 36 17 94 30 
39 4 1 3 pack_2 1 13 -33 74 30 -23 79 36 -3 94 36 -18 84 36 -13 79 36 12 99 30 -23 69 30 -13 79 30 -18 79 30 -8 74 348 -3 89 36 -8 79 186 -13 84 234 
40 4 1 3 pack_2 1 5 -33 64 36 22 84 360 -3 84 342 22 84 348 17 84 342 
41 4 1 3 pack_2 1 2 12 94 36 7 79 330 
42 4 1 3 pack_2 1 14 -23 79 186 7 89 360 -13 89 360 -3 74 360 -23 74 186 -13 84 360 -8 84 342 7 84 342 -28 69 30 -8 89 360 -13 74 348 12 79 342 -28 64 36 -13 79 348 
43 4 1 3 pack_2 1 2 -33 9 330 -33 4 330 
44 4 1 3 pack_2 1 2 -13 69 360 -8 69 360 
45 4 1 3 pack_2 0.130435 1 -23 89 348 
