10 58 4
0 0 -1 267 2 19 -1 -1 -1 -1 -1 3 12 
1 1 -1 290 3 34 -1 -1 -1 -1 -1 1 -5 
2 1 -1 295 2 21 -1 -1 -1 -1 -1 1 1219 
3 2 -1 253 2 36 -1 -1 -1 -1 -1 1 430 
4 2 20 0 0 0 0 0 0 0 0 0 0 
5 2 21 0 0 0 0 0 0 0 0 0 0 
6 2 -1 263 2 26 -1 -1 -1 -1 -1 2 858 
7 3 -1 195 2 22 -1 -1 -1 -1 -1 1 1208 
8 3 19 0 0 0 0 0 0 0 0 0 0 
9 3 0 0 0 0 0 0 0 0 0 0 0 
10 3 0 0 0 0 0 0 0 0 0 0 0 
11 3 0 0 0 0 0 0 0 0 0 0 0 
12 3 0 0 0 0 0 0 0 0 0 0 0 
13 3 -1 119 4 17 -1 -1 -1 -1 -1 1 1610 
14 3 -1 275 4 11 -1 -1 -1 -1 -1 3 1446 
15 4 0 0 0 0 0 0 0 0 0 0 0 
16 4 -1 305 4 36 -1 -1 -1 -1 -1 2 1477 
17 4 0 0 0 0 0 0 0 0 0 0 0 
18 4 0 0 0 0 0 0 0 0 0 0 0 
19 4 0 0 0 0 0 0 0 0 0 0 0 
20 4 0 0 0 0 0 0 0 0 0 0 0 
21 4 0 0 0 0 0 0 0 0 0 0 0 
22 4 0 0 0 0 0 0 0 0 0 0 0 
23 4 0 0 0 0 0 0 0 0 0 0 0 
24 4 0 0 0 0 0 0 0 0 0 0 0 
25 4 0 0 0 0 0 0 0 0 0 0 0 
26 4 0 0 0 0 0 0 0 0 0 0 0 
27 4 22 0 0 0 0 0 0 0 0 0 0 
28 4 -1 217 2 21 -1 -1 -1 -1 -1 3 1139 
29 4 -1 130 2 21 -1 -1 -1 -1 -1 1 1926 
30 4 -1 306 1 16 -1 -1 -1 -1 -1 3 -8 
31 5 0 0 0 0 0 0 0 0 0 0 0 
32 5 0 0 0 0 0 0 0 0 0 0 0 
33 5 -1 15 2 32 -1 -1 -1 -1 -1 2 478 
34 5 -1 356 1 32 -1 -1 -1 -1 -1 3 3 
35 5 0 0 0 0 0 0 0 0 0 0 0 
36 5 0 0 0 0 0 0 0 0 0 0 0 
37 5 0 0 0 0 0 0 0 0 0 0 0 
38 5 0 0 0 0 0 0 0 0 0 0 0 
39 5 0 0 0 0 0 0 0 0 0 0 0 
40 5 0 0 0 0 0 0 0 0 0 0 0 
41 5 0 0 0 0 0 0 0 0 0 0 0 
42 5 0 0 0 0 0 0 0 0 0 0 0 
43 5 0 0 0 0 0 0 0 0 0 0 0 
44 5 0 0 0 0 0 0 0 0 0 0 0 
45 5 0 0 0 0 0 0 0 0 0 0 0 
46 5 0 0 0 0 0 0 0 0 0 0 0 
47 5 0 0 0 0 0 0 0 0 0 0 0 
48 5 0 0 0 0 0 0 0 0 0 0 0 
49 5 0 0 0 0 0 0 0 0 0 0 0 
50 5 0 0 0 0 0 0 0 0 0 0 0 
51 5 0 0 0 0 0 0 0 0 0 0 0 
52 5 0 0 0 0 0 0 0 0 0 0 0 
53 5 0 0 0 0 0 0 0 0 0 0 0 
54 5 0 0 0 0 0 0 0 0 0 0 0 
55 5 0 0 0 0 0 0 0 0 0 0 0 
56 5 0 0 0 0 0 0 0 0 0 0 0 
57 5 -1 251 1 29 -1 -1 -1 -1 -1 1 -43 
58 5 34 0 0 0 0 0 0 0 0 0 0 
59 5 35 0 0 0 0 0 0 0 0 0 0 
60 5 -1 103 2 12 -1 -1 -1 -1 -1 2 8442 
61 5 56 0 0 0 0 0 0 0 0 0 0 
62 5 57 0 0 0 0 0 0 0 0 0 0 
63 6 0 0 0 0 0 0 0 0 0 0 0 
64 6 0 0 0 0 0 0 0 0 0 0 0 
65 6 0 0 0 0 0 0 0 0 0 0 0 
66 6 0 0 0 0 0 0 0 0 0 0 0 
67 6 -1 231 2 31 -1 -1 -1 -1 -1 1 693 
68 6 -1 357 3 24 -1 -1 -1 -1 -1 3 0 
69 6 13 0 0 0 0 0 0 0 0 0 0 
70 6 -1 314 0 21 -1 -1 -1 -1 -1 0 -37 
71 6 0 0 0 0 0 0 0 0 0 0 0 
72 6 0 0 0 0 0 0 0 0 0 0 0 
73 6 0 0 0 0 0 0 0 0 0 0 0 
74 6 0 0 0 0 0 0 0 0 0 0 0 
75 6 0 0 0 0 0 0 0 0 0 0 0 
76 6 0 0 0 0 0 0 0 0 0 0 0 
77 6 0 0 0 0 0 0 0 0 0 0 0 
78 6 0 0 0 0 0 0 0 0 0 0 0 
79 6 0 0 0 0 0 0 0 0 0 0 0 
80 6 0 0 0 0 0 0 0 0 0 0 0 
81 6 0 0 0 0 0 0 0 0 0 0 0 
82 6 0 0 0 0 0 0 0 0 0 0 0 
83 6 0 0 0 0 0 0 0 0 0 0 0 
84 6 0 0 0 0 0 0 0 0 0 0 0 
85 6 0 0 0 0 0 0 0 0 0 0 0 
86 6 0 0 0 0 0 0 0 0 0 0 0 
87 6 0 0 0 0 0 0 0 0 0 0 0 
88 6 0 0 0 0 0 0 0 0 0 0 0 
89 6 0 0 0 0 0 0 0 0 0 0 0 
90 6 0 0 0 0 0 0 0 0 0 0 0 
91 6 0 0 0 0 0 0 0 0 0 0 0 
92 6 0 0 0 0 0 0 0 0 0 0 0 
93 6 0 0 0 0 0 0 0 0 0 0 0 
94 6 0 0 0 0 0 0 0 0 0 0 0 
95 6 0 0 0 0 0 0 0 0 0 0 0 
96 6 0 0 0 0 0 0 0 0 0 0 0 
97 6 0 0 0 0 0 0 0 0 0 0 0 
98 6 0 0 0 0 0 0 0 0 0 0 0 
99 6 0 0 0 0 0 0 0 0 0 0 0 
100 6 0 0 0 0 0 0 0 0 0 0 0 
101 6 0 0 0 0 0 0 0 0 0 0 0 
102 6 0 0 0 0 0 0 0 0 0 0 0 
103 6 0 0 0 0 0 0 0 0 0 0 0 
104 6 0 0 0 0 0 0 0 0 0 0 0 
105 6 0 0 0 0 0 0 0 0 0 0 0 
106 6 0 0 0 0 0 0 0 0 0 0 0 
107 6 0 0 0 0 0 0 0 0 0 0 0 
108 6 0 0 0 0 0 0 0 0 0 0 0 
109 6 0 0 0 0 0 0 0 0 0 0 0 
110 6 0 0 0 0 0 0 0 0 0 0 0 
111 6 0 0 0 0 0 0 0 0 0 0 0 
112 6 0 0 0 0 0 0 0 0 0 0 0 
113 6 0 0 0 0 0 0 0 0 0 0 0 
114 6 0 0 0 0 0 0 0 0 0 0 0 
115 6 23 0 0 0 0 0 0 0 0 0 0 
116 6 -1 189 3 21 -1 -1 -1 -1 -1 0 -30 
117 6 0 0 0 0 0 0 0 0 0 0 0 
118 6 0 0 0 0 0 0 0 0 0 0 0 
119 6 0 0 0 0 0 0 0 0 0 0 0 
120 6 0 0 0 0 0 0 0 0 0 0 0 
121 6 -1 288 4 35 -1 -1 -1 -1 -1 0 1889 
122 6 -1 319 4 28 -1 -1 -1 -1 -1 2 1882 
123 6 0 0 0 0 0 0 0 0 0 0 0 
124 6 0 0 0 0 0 0 0 0 0 0 0 
125 6 0 0 0 0 0 0 0 0 0 0 0 
126 6 0 0 0 0 0 0 0 0 0 0 0 
127 7 0 0 0 0 0 0 0 0 0 0 0 
128 7 0 0 0 0 0 0 0 0 0 0 0 
129 7 0 0 0 0 0 0 0 0 0 0 0 
130 7 0 0 0 0 0 0 0 0 0 0 0 
131 7 0 0 0 0 0 0 0 0 0 0 0 
132 7 0 0 0 0 0 0 0 0 0 0 0 
133 7 0 0 0 0 0 0 0 0 0 0 0 
134 7 0 0 0 0 0 0 0 0 0 0 0 
135 7 1 0 0 0 0 0 0 0 0 0 0 
136 7 -1 244 3 32 -1 -1 -1 -1 -1 0 -1 
137 7 -1 203 0 15 -1 -1 -1 -1 -1 3 4 
138 7 12 0 0 0 0 0 0 0 0 0 0 
139 7 0 0 0 0 0 0 0 0 0 0 0 
140 7 0 0 0 0 0 0 0 0 0 0 0 
141 7 14 0 0 0 0 0 0 0 0 0 0 
142 7 -1 144 4 13 -1 -1 -1 -1 -1 3 314 
143 7 0 0 0 0 0 0 0 0 0 0 0 
144 7 0 0 0 0 0 0 0 0 0 0 0 
145 7 0 0 0 0 0 0 0 0 0 0 0 
146 7 0 0 0 0 0 0 0 0 0 0 0 
147 7 0 0 0 0 0 0 0 0 0 0 0 
148 7 0 0 0 0 0 0 0 0 0 0 0 
149 7 0 0 0 0 0 0 0 0 0 0 0 
150 7 0 0 0 0 0 0 0 0 0 0 0 
151 7 0 0 0 0 0 0 0 0 0 0 0 
152 7 0 0 0 0 0 0 0 0 0 0 0 
153 7 0 0 0 0 0 0 0 0 0 0 0 
154 7 0 0 0 0 0 0 0 0 0 0 0 
155 7 0 0 0 0 0 0 0 0 0 0 0 
156 7 0 0 0 0 0 0 0 0 0 0 0 
157 7 0 0 0 0 0 0 0 0 0 0 0 
158 7 0 0 0 0 0 0 0 0 0 0 0 
159 7 0 0 0 0 0 0 0 0 0 0 0 
160 7 0 0 0 0 0 0 0 0 0 0 0 
161 7 0 0 0 0 0 0 0 0 0 0 0 
162 7 0 0 0 0 0 0 0 0 0 0 0 
163 7 0 0 0 0 0 0 0 0 0 0 0 
164 7 0 0 0 0 0 0 0 0 0 0 0 
165 7 0 0 0 0 0 0 0 0 0 0 0 
166 7 0 0 0 0 0 0 0 0 0 0 0 
167 7 0 0 0 0 0 0 0 0 0 0 0 
168 7 0 0 0 0 0 0 0 0 0 0 0 
169 7 0 0 0 0 0 0 0 0 0 0 0 
170 7 0 0 0 0 0 0 0 0 0 0 0 
171 7 0 0 0 0 0 0 0 0 0 0 0 
172 7 0 0 0 0 0 0 0 0 0 0 0 
173 7 0 0 0 0 0 0 0 0 0 0 0 
174 7 0 0 0 0 0 0 0 0 0 0 0 
175 7 0 0 0 0 0 0 0 0 0 0 0 
176 7 0 0 0 0 0 0 0 0 0 0 0 
177 7 0 0 0 0 0 0 0 0 0 0 0 
178 7 0 0 0 0 0 0 0 0 0 0 0 
179 7 0 0 0 0 0 0 0 0 0 0 0 
180 7 0 0 0 0 0 0 0 0 0 0 0 
181 7 0 0 0 0 0 0 0 0 0 0 0 
182 7 0 0 0 0 0 0 0 0 0 0 0 
183 7 0 0 0 0 0 0 0 0 0 0 0 
184 7 0 0 0 0 0 0 0 0 0 0 0 
185 7 0 0 0 0 0 0 0 0 0 0 0 
186 7 0 0 0 0 0 0 0 0 0 0 0 
187 7 0 0 0 0 0 0 0 0 0 0 0 
188 7 0 0 0 0 0 0 0 0 0 0 0 
189 7 0 0 0 0 0 0 0 0 0 0 0 
190 7 0 0 0 0 0 0 0 0 0 0 0 
191 7 0 0 0 0 0 0 0 0 0 0 0 
192 7 0 0 0 0 0 0 0 0 0 0 0 
193 7 0 0 0 0 0 0 0 0 0 0 0 
194 7 0 0 0 0 0 0 0 0 0 0 0 
195 7 0 0 0 0 0 0 0 0 0 0 0 
196 7 0 0 0 0 0 0 0 0 0 0 0 
197 7 0 0 0 0 0 0 0 0 0 0 0 
198 7 0 0 0 0 0 0 0 0 0 0 0 
199 7 0 0 0 0 0 0 0 0 0 0 0 
200 7 0 0 0 0 0 0 0 0 0 0 0 
201 7 0 0 0 0 0 0 0 0 0 0 0 
202 7 0 0 0 0 0 0 0 0 0 0 0 
203 7 0 0 0 0 0 0 0 0 0 0 0 
204 7 0 0 0 0 0 0 0 0 0 0 0 
205 7 0 0 0 0 0 0 0 0 0 0 0 
206 7 0 0 0 0 0 0 0 0 0 0 0 
207 7 0 0 0 0 0 0 0 0 0 0 0 
208 7 0 0 0 0 0 0 0 0 0 0 0 
209 7 0 0 0 0 0 0 0 0 0 0 0 
210 7 0 0 0 0 0 0 0 0 0 0 0 
211 7 0 0 0 0 0 0 0 0 0 0 0 
212 7 0 0 0 0 0 0 0 0 0 0 0 
213 7 0 0 0 0 0 0 0 0 0 0 0 
214 7 0 0 0 0 0 0 0 0 0 0 0 
215 7 0 0 0 0 0 0 0 0 0 0 0 
216 7 0 0 0 0 0 0 0 0 0 0 0 
217 7 0 0 0 0 0 0 0 0 0 0 0 
218 7 0 0 0 0 0 0 0 0 0 0 0 
219 7 0 0 0 0 0 0 0 0 0 0 0 
220 7 0 0 0 0 0 0 0 0 0 0 0 
221 7 0 0 0 0 0 0 0 0 0 0 0 
222 7 0 0 0 0 0 0 0 0 0 0 0 
223 7 0 0 0 0 0 0 0 0 0 0 0 
224 7 0 0 0 0 0 0 0 0 0 0 0 
225 7 0 0 0 0 0 0 0 0 0 0 0 
226 7 0 0 0 0 0 0 0 0 0 0 0 
227 7 0 0 0 0 0 0 0 0 0 0 0 
228 7 0 0 0 0 0 0 0 0 0 0 0 
229 7 0 0 0 0 0 0 0 0 0 0 0 
230 7 0 0 0 0 0 0 0 0 0 0 0 
231 7 0 0 0 0 0 0 0 0 0 0 0 
232 7 0 0 0 0 0 0 0 0 0 0 0 
233 7 -1 143 3 10 -1 -1 -1 -1 -1 0 -68 
234 7 -1 176 3 12 -1 -1 -1 -1 -1 0 71 
235 7 0 0 0 0 0 0 0 0 0 0 0 
236 7 0 0 0 0 0 0 0 0 0 0 0 
237 7 0 0 0 0 0 0 0 0 0 0 0 
238 7 0 0 0 0 0 0 0 0 0 0 0 
239 7 0 0 0 0 0 0 0 0 0 0 0 
240 7 0 0 0 0 0 0 0 0 0 0 0 
241 7 0 0 0 0 0 0 0 0 0 0 0 
242 7 0 0 0 0 0 0 0 0 0 0 0 
243 7 -1 347 2 14 -1 -1 -1 -1 -1 3 1145 
244 7 -1 217 2 11 -1 -1 -1 -1 -1 2 9385 
245 7 -1 320 4 14 -1 -1 -1 -1 -1 2 2007 
246 7 55 0 0 0 0 0 0 0 0 0 0 
247 7 0 0 0 0 0 0 0 0 0 0 0 
248 7 0 0 0 0 0 0 0 0 0 0 0 
249 7 0 0 0 0 0 0 0 0 0 0 0 
250 7 0 0 0 0 0 0 0 0 0 0 0 
251 7 0 0 0 0 0 0 0 0 0 0 0 
252 7 0 0 0 0 0 0 0 0 0 0 0 
253 7 0 0 0 0 0 0 0 0 0 0 0 
254 7 0 0 0 0 0 0 0 0 0 0 0 
255 8 0 0 0 0 0 0 0 0 0 0 0 
256 8 0 0 0 0 0 0 0 0 0 0 0 
257 8 0 0 0 0 0 0 0 0 0 0 0 
258 8 0 0 0 0 0 0 0 0 0 0 0 
259 8 0 0 0 0 0 0 0 0 0 0 0 
260 8 0 0 0 0 0 0 0 0 0 0 0 
261 8 0 0 0 0 0 0 0 0 0 0 0 
262 8 0 0 0 0 0 0 0 0 0 0 0 
263 8 0 0 0 0 0 0 0 0 0 0 0 
264 8 0 0 0 0 0 0 0 0 0 0 0 
265 8 0 0 0 0 0 0 0 0 0 0 0 
266 8 0 0 0 0 0 0 0 0 0 0 0 
267 8 0 0 0 0 0 0 0 0 0 0 0 
268 8 0 0 0 0 0 0 0 0 0 0 0 
269 8 0 0 0 0 0 0 0 0 0 0 0 
270 8 0 0 0 0 0 0 0 0 0 0 0 
271 8 0 0 0 0 0 0 0 0 0 0 0 
272 8 0 0 0 0 0 0 0 0 0 0 0 
273 8 -1 273 3 11 -1 -1 -1 -1 -1 2 -6 
274 8 -1 226 1 30 -1 -1 -1 -1 -1 1 -14 
275 8 -1 92 1 11 -1 -1 -1 -1 -1 3 1 
276 8 11 0 0 0 0 0 0 0 0 0 0 
277 8 0 0 0 0 0 0 0 0 0 0 0 
278 8 0 0 0 0 0 0 0 0 0 0 0 
279 8 0 0 0 0 0 0 0 0 0 0 0 
280 8 0 0 0 0 0 0 0 0 0 0 0 
281 8 0 0 0 0 0 0 0 0 0 0 0 
282 8 0 0 0 0 0 0 0 0 0 0 0 
283 8 0 0 0 0 0 0 0 0 0 0 0 
284 8 0 0 0 0 0 0 0 0 0 0 0 
285 8 -1 223 3 13 -1 -1 -1 -1 -1 3 -1 
286 8 18 0 0 0 0 0 0 0 0 0 0 
287 8 0 0 0 0 0 0 0 0 0 0 0 
288 8 0 0 0 0 0 0 0 0 0 0 0 
289 8 0 0 0 0 0 0 0 0 0 0 0 
290 8 0 0 0 0 0 0 0 0 0 0 0 
291 8 0 0 0 0 0 0 0 0 0 0 0 
292 8 0 0 0 0 0 0 0 0 0 0 0 
293 8 0 0 0 0 0 0 0 0 0 0 0 
294 8 0 0 0 0 0 0 0 0 0 0 0 
295 8 0 0 0 0 0 0 0 0 0 0 0 
296 8 0 0 0 0 0 0 0 0 0 0 0 
297 8 0 0 0 0 0 0 0 0 0 0 0 
298 8 0 0 0 0 0 0 0 0 0 0 0 
299 8 0 0 0 0 0 0 0 0 0 0 0 
300 8 0 0 0 0 0 0 0 0 0 0 0 
301 8 0 0 0 0 0 0 0 0 0 0 0 
302 8 0 0 0 0 0 0 0 0 0 0 0 
303 8 0 0 0 0 0 0 0 0 0 0 0 
304 8 0 0 0 0 0 0 0 0 0 0 0 
305 8 0 0 0 0 0 0 0 0 0 0 0 
306 8 0 0 0 0 0 0 0 0 0 0 0 
307 8 0 0 0 0 0 0 0 0 0 0 0 
308 8 0 0 0 0 0 0 0 0 0 0 0 
309 8 0 0 0 0 0 0 0 0 0 0 0 
310 8 0 0 0 0 0 0 0 0 0 0 0 
311 8 0 0 0 0 0 0 0 0 0 0 0 
312 8 0 0 0 0 0 0 0 0 0 0 0 
313 8 0 0 0 0 0 0 0 0 0 0 0 
314 8 0 0 0 0 0 0 0 0 0 0 0 
315 8 0 0 0 0 0 0 0 0 0 0 0 
316 8 0 0 0 0 0 0 0 0 0 0 0 
317 8 0 0 0 0 0 0 0 0 0 0 0 
318 8 0 0 0 0 0 0 0 0 0 0 0 
319 8 0 0 0 0 0 0 0 0 0 0 0 
320 8 0 0 0 0 0 0 0 0 0 0 0 
321 8 0 0 0 0 0 0 0 0 0 0 0 
322 8 0 0 0 0 0 0 0 0 0 0 0 
323 8 0 0 0 0 0 0 0 0 0 0 0 
324 8 0 0 0 0 0 0 0 0 0 0 0 
325 8 0 0 0 0 0 0 0 0 0 0 0 
326 8 0 0 0 0 0 0 0 0 0 0 0 
327 8 0 0 0 0 0 0 0 0 0 0 0 
328 8 0 0 0 0 0 0 0 0 0 0 0 
329 8 0 0 0 0 0 0 0 0 0 0 0 
330 8 0 0 0 0 0 0 0 0 0 0 0 
331 8 0 0 0 0 0 0 0 0 0 0 0 
332 8 0 0 0 0 0 0 0 0 0 0 0 
333 8 0 0 0 0 0 0 0 0 0 0 0 
334 8 0 0 0 0 0 0 0 0 0 0 0 
335 8 0 0 0 0 0 0 0 0 0 0 0 
336 8 0 0 0 0 0 0 0 0 0 0 0 
337 8 0 0 0 0 0 0 0 0 0 0 0 
338 8 0 0 0 0 0 0 0 0 0 0 0 
339 8 0 0 0 0 0 0 0 0 0 0 0 
340 8 0 0 0 0 0 0 0 0 0 0 0 
341 8 0 0 0 0 0 0 0 0 0 0 0 
342 8 0 0 0 0 0 0 0 0 0 0 0 
343 8 0 0 0 0 0 0 0 0 0 0 0 
344 8 0 0 0 0 0 0 0 0 0 0 0 
345 8 0 0 0 0 0 0 0 0 0 0 0 
346 8 0 0 0 0 0 0 0 0 0 0 0 
347 8 0 0 0 0 0 0 0 0 0 0 0 
348 8 0 0 0 0 0 0 0 0 0 0 0 
349 8 0 0 0 0 0 0 0 0 0 0 0 
350 8 0 0 0 0 0 0 0 0 0 0 0 
351 8 0 0 0 0 0 0 0 0 0 0 0 
352 8 0 0 0 0 0 0 0 0 0 0 0 
353 8 0 0 0 0 0 0 0 0 0 0 0 
354 8 0 0 0 0 0 0 0 0 0 0 0 
355 8 0 0 0 0 0 0 0 0 0 0 0 
356 8 0 0 0 0 0 0 0 0 0 0 0 
357 8 0 0 0 0 0 0 0 0 0 0 0 
358 8 0 0 0 0 0 0 0 0 0 0 0 
359 8 0 0 0 0 0 0 0 0 0 0 0 
360 8 0 0 0 0 0 0 0 0 0 0 0 
361 8 0 0 0 0 0 0 0 0 0 0 0 
362 8 0 0 0 0 0 0 0 0 0 0 0 
363 8 0 0 0 0 0 0 0 0 0 0 0 
364 8 0 0 0 0 0 0 0 0 0 0 0 
365 8 0 0 0 0 0 0 0 0 0 0 0 
366 8 0 0 0 0 0 0 0 0 0 0 0 
367 8 0 0 0 0 0 0 0 0 0 0 0 
368 8 0 0 0 0 0 0 0 0 0 0 0 
369 8 0 0 0 0 0 0 0 0 0 0 0 
370 8 0 0 0 0 0 0 0 0 0 0 0 
371 8 0 0 0 0 0 0 0 0 0 0 0 
372 8 0 0 0 0 0 0 0 0 0 0 0 
373 8 0 0 0 0 0 0 0 0 0 0 0 
374 8 0 0 0 0 0 0 0 0 0 0 0 
375 8 0 0 0 0 0 0 0 0 0 0 0 
376 8 0 0 0 0 0 0 0 0 0 0 0 
377 8 0 0 0 0 0 0 0 0 0 0 0 
378 8 0 0 0 0 0 0 0 0 0 0 0 
379 8 0 0 0 0 0 0 0 0 0 0 0 
380 8 0 0 0 0 0 0 0 0 0 0 0 
381 8 0 0 0 0 0 0 0 0 0 0 0 
382 8 0 0 0 0 0 0 0 0 0 0 0 
383 8 0 0 0 0 0 0 0 0 0 0 0 
384 8 0 0 0 0 0 0 0 0 0 0 0 
385 8 0 0 0 0 0 0 0 0 0 0 0 
386 8 0 0 0 0 0 0 0 0 0 0 0 
387 8 0 0 0 0 0 0 0 0 0 0 0 
388 8 0 0 0 0 0 0 0 0 0 0 0 
389 8 0 0 0 0 0 0 0 0 0 0 0 
390 8 0 0 0 0 0 0 0 0 0 0 0 
391 8 0 0 0 0 0 0 0 0 0 0 0 
392 8 0 0 0 0 0 0 0 0 0 0 0 
393 8 0 0 0 0 0 0 0 0 0 0 0 
394 8 0 0 0 0 0 0 0 0 0 0 0 
395 8 0 0 0 0 0 0 0 0 0 0 0 
396 8 0 0 0 0 0 0 0 0 0 0 0 
397 8 0 0 0 0 0 0 0 0 0 0 0 
398 8 0 0 0 0 0 0 0 0 0 0 0 
399 8 0 0 0 0 0 0 0 0 0 0 0 
400 8 0 0 0 0 0 0 0 0 0 0 0 
401 8 0 0 0 0 0 0 0 0 0 0 0 
402 8 0 0 0 0 0 0 0 0 0 0 0 
403 8 0 0 0 0 0 0 0 0 0 0 0 
404 8 0 0 0 0 0 0 0 0 0 0 0 
405 8 0 0 0 0 0 0 0 0 0 0 0 
406 8 0 0 0 0 0 0 0 0 0 0 0 
407 8 0 0 0 0 0 0 0 0 0 0 0 
408 8 0 0 0 0 0 0 0 0 0 0 0 
409 8 0 0 0 0 0 0 0 0 0 0 0 
410 8 0 0 0 0 0 0 0 0 0 0 0 
411 8 0 0 0 0 0 0 0 0 0 0 0 
412 8 0 0 0 0 0 0 0 0 0 0 0 
413 8 0 0 0 0 0 0 0 0 0 0 0 
414 8 0 0 0 0 0 0 0 0 0 0 0 
415 8 0 0 0 0 0 0 0 0 0 0 0 
416 8 0 0 0 0 0 0 0 0 0 0 0 
417 8 0 0 0 0 0 0 0 0 0 0 0 
418 8 0 0 0 0 0 0 0 0 0 0 0 
419 8 0 0 0 0 0 0 0 0 0 0 0 
420 8 0 0 0 0 0 0 0 0 0 0 0 
421 8 0 0 0 0 0 0 0 0 0 0 0 
422 8 0 0 0 0 0 0 0 0 0 0 0 
423 8 0 0 0 0 0 0 0 0 0 0 0 
424 8 0 0 0 0 0 0 0 0 0 0 0 
425 8 0 0 0 0 0 0 0 0 0 0 0 
426 8 0 0 0 0 0 0 0 0 0 0 0 
427 8 0 0 0 0 0 0 0 0 0 0 0 
428 8 0 0 0 0 0 0 0 0 0 0 0 
429 8 0 0 0 0 0 0 0 0 0 0 0 
430 8 0 0 0 0 0 0 0 0 0 0 0 
431 8 0 0 0 0 0 0 0 0 0 0 0 
432 8 0 0 0 0 0 0 0 0 0 0 0 
433 8 0 0 0 0 0 0 0 0 0 0 0 
434 8 0 0 0 0 0 0 0 0 0 0 0 
435 8 0 0 0 0 0 0 0 0 0 0 0 
436 8 0 0 0 0 0 0 0 0 0 0 0 
437 8 0 0 0 0 0 0 0 0 0 0 0 
438 8 0 0 0 0 0 0 0 0 0 0 0 
439 8 0 0 0 0 0 0 0 0 0 0 0 
440 8 0 0 0 0 0 0 0 0 0 0 0 
441 8 0 0 0 0 0 0 0 0 0 0 0 
442 8 0 0 0 0 0 0 0 0 0 0 0 
443 8 0 0 0 0 0 0 0 0 0 0 0 
444 8 0 0 0 0 0 0 0 0 0 0 0 
445 8 0 0 0 0 0 0 0 0 0 0 0 
446 8 0 0 0 0 0 0 0 0 0 0 0 
447 8 0 0 0 0 0 0 0 0 0 0 0 
448 8 0 0 0 0 0 0 0 0 0 0 0 
449 8 0 0 0 0 0 0 0 0 0 0 0 
450 8 0 0 0 0 0 0 0 0 0 0 0 
451 8 0 0 0 0 0 0 0 0 0 0 0 
452 8 0 0 0 0 0 0 0 0 0 0 0 
453 8 0 0 0 0 0 0 0 0 0 0 0 
454 8 0 0 0 0 0 0 0 0 0 0 0 
455 8 0 0 0 0 0 0 0 0 0 0 0 
456 8 0 0 0 0 0 0 0 0 0 0 0 
457 8 0 0 0 0 0 0 0 0 0 0 0 
458 8 0 0 0 0 0 0 0 0 0 0 0 
459 8 0 0 0 0 0 0 0 0 0 0 0 
460 8 0 0 0 0 0 0 0 0 0 0 0 
461 8 0 0 0 0 0 0 0 0 0 0 0 
462 8 0 0 0 0 0 0 0 0 0 0 0 
463 8 0 0 0 0 0 0 0 0 0 0 0 
464 8 0 0 0 0 0 0 0 0 0 0 0 
465 8 0 0 0 0 0 0 0 0 0 0 0 
466 8 0 0 0 0 0 0 0 0 0 0 0 
467 8 24 0 0 0 0 0 0 0 0 0 0 
468 8 -1 121 2 36 -1 -1 -1 -1 -1 3 37 
469 8 -1 313 0 14 -1 -1 -1 -1 -1 3 12 
470 8 -1 197 4 14 -1 -1 -1 -1 -1 3 568 
471 8 0 0 0 0 0 0 0 0 0 0 0 
472 8 0 0 0 0 0 0 0 0 0 0 0 
473 8 0 0 0 0 0 0 0 0 0 0 0 
474 8 0 0 0 0 0 0 0 0 0 0 0 
475 8 0 0 0 0 0 0 0 0 0 0 0 
476 8 0 0 0 0 0 0 0 0 0 0 0 
477 8 0 0 0 0 0 0 0 0 0 0 0 
478 8 0 0 0 0 0 0 0 0 0 0 0 
479 8 0 0 0 0 0 0 0 0 0 0 0 
480 8 0 0 0 0 0 0 0 0 0 0 0 
481 8 0 0 0 0 0 0 0 0 0 0 0 
482 8 0 0 0 0 0 0 0 0 0 0 0 
483 8 0 0 0 0 0 0 0 0 0 0 0 
484 8 0 0 0 0 0 0 0 0 0 0 0 
485 8 0 0 0 0 0 0 0 0 0 0 0 
486 8 0 0 0 0 0 0 0 0 0 0 0 
487 8 -1 62 1 22 -1 -1 -1 -1 -1 2 25 
488 8 -1 167 0 21 -1 -1 -1 -1 -1 1 -40 
489 8 -1 80 0 15 -1 -1 -1 -1 -1 2 -48 
490 8 47 0 0 0 0 0 0 0 0 0 0 
491 8 -1 34 2 31 -1 -1 -1 -1 -1 0 822 
492 8 -1 9 2 14 -1 -1 -1 -1 -1 2 6458 
493 8 0 0 0 0 0 0 0 0 0 0 0 
494 8 0 0 0 0 0 0 0 0 0 0 0 
495 8 0 0 0 0 0 0 0 0 0 0 0 
496 8 0 0 0 0 0 0 0 0 0 0 0 
497 8 0 0 0 0 0 0 0 0 0 0 0 
498 8 0 0 0 0 0 0 0 0 0 0 0 
499 8 0 0 0 0 0 0 0 0 0 0 0 
500 8 0 0 0 0 0 0 0 0 0 0 0 
501 8 0 0 0 0 0 0 0 0 0 0 0 
502 8 0 0 0 0 0 0 0 0 0 0 0 
503 8 0 0 0 0 0 0 0 0 0 0 0 
504 8 0 0 0 0 0 0 0 0 0 0 0 
505 8 0 0 0 0 0 0 0 0 0 0 0 
506 8 0 0 0 0 0 0 0 0 0 0 0 
507 8 0 0 0 0 0 0 0 0 0 0 0 
508 8 0 0 0 0 0 0 0 0 0 0 0 
509 8 0 0 0 0 0 0 0 0 0 0 0 
510 8 0 0 0 0 0 0 0 0 0 0 0 
511 9 0 0 0 0 0 0 0 0 0 0 0 
512 9 0 0 0 0 0 0 0 0 0 0 0 
513 9 0 0 0 0 0 0 0 0 0 0 0 
514 9 0 0 0 0 0 0 0 0 0 0 0 
515 9 0 0 0 0 0 0 0 0 0 0 0 
516 9 0 0 0 0 0 0 0 0 0 0 0 
517 9 0 0 0 0 0 0 0 0 0 0 0 
518 9 0 0 0 0 0 0 0 0 0 0 0 
519 9 0 0 0 0 0 0 0 0 0 0 0 
520 9 0 0 0 0 0 0 0 0 0 0 0 
521 9 0 0 0 0 0 0 0 0 0 0 0 
522 9 0 0 0 0 0 0 0 0 0 0 0 
523 9 0 0 0 0 0 0 0 0 0 0 0 
524 9 0 0 0 0 0 0 0 0 0 0 0 
525 9 0 0 0 0 0 0 0 0 0 0 0 
526 9 0 0 0 0 0 0 0 0 0 0 0 
527 9 0 0 0 0 0 0 0 0 0 0 0 
528 9 0 0 0 0 0 0 0 0 0 0 0 
529 9 0 0 0 0 0 0 0 0 0 0 0 
530 9 0 0 0 0 0 0 0 0 0 0 0 
531 9 0 0 0 0 0 0 0 0 0 0 0 
532 9 0 0 0 0 0 0 0 0 0 0 0 
533 9 0 0 0 0 0 0 0 0 0 0 0 
534 9 0 0 0 0 0 0 0 0 0 0 0 
535 9 0 0 0 0 0 0 0 0 0 0 0 
536 9 0 0 0 0 0 0 0 0 0 0 0 
537 9 0 0 0 0 0 0 0 0 0 0 0 
538 9 0 0 0 0 0 0 0 0 0 0 0 
539 9 0 0 0 0 0 0 0 0 0 0 0 
540 9 0 0 0 0 0 0 0 0 0 0 0 
541 9 0 0 0 0 0 0 0 0 0 0 0 
542 9 0 0 0 0 0 0 0 0 0 0 0 
543 9 0 0 0 0 0 0 0 0 0 0 0 
544 9 0 0 0 0 0 0 0 0 0 0 0 
545 9 0 0 0 0 0 0 0 0 0 0 0 
546 9 0 0 0 0 0 0 0 0 0 0 0 
547 9 -1 339 2 11 -1 -1 -1 -1 -1 1 9758 
548 9 4 0 0 0 0 0 0 0 0 0 0 
549 9 -1 288 4 13 -1 -1 -1 -1 -1 3 14 
550 9 7 0 0 0 0 0 0 0 0 0 0 
551 9 8 0 0 0 0 0 0 0 0 0 0 
552 9 -1 33 2 38 -1 -1 -1 -1 -1 1 339 
553 9 0 0 0 0 0 0 0 0 0 0 0 
554 9 0 0 0 0 0 0 0 0 0 0 0 
555 9 0 0 0 0 0 0 0 0 0 0 0 
556 9 0 0 0 0 0 0 0 0 0 0 0 
557 9 0 0 0 0 0 0 0 0 0 0 0 
558 9 0 0 0 0 0 0 0 0 0 0 0 
559 9 0 0 0 0 0 0 0 0 0 0 0 
560 9 0 0 0 0 0 0 0 0 0 0 0 
561 9 0 0 0 0 0 0 0 0 0 0 0 
562 9 0 0 0 0 0 0 0 0 0 0 0 
563 9 0 0 0 0 0 0 0 0 0 0 0 
564 9 0 0 0 0 0 0 0 0 0 0 0 
565 9 0 0 0 0 0 0 0 0 0 0 0 
566 9 0 0 0 0 0 0 0 0 0 0 0 
567 9 0 0 0 0 0 0 0 0 0 0 0 
568 9 0 0 0 0 0 0 0 0 0 0 0 
569 9 0 0 0 0 0 0 0 0 0 0 0 
570 9 0 0 0 0 0 0 0 0 0 0 0 
571 9 15 0 0 0 0 0 0 0 0 0 0 
572 9 -1 288 1 32 -1 -1 -1 -1 -1 3 4 
573 9 0 0 0 0 0 0 0 0 0 0 0 
574 9 0 0 0 0 0 0 0 0 0 0 0 
575 9 0 0 0 0 0 0 0 0 0 0 0 
576 9 0 0 0 0 0 0 0 0 0 0 0 
577 9 0 0 0 0 0 0 0 0 0 0 0 
578 9 0 0 0 0 0 0 0 0 0 0 0 
579 9 0 0 0 0 0 0 0 0 0 0 0 
580 9 0 0 0 0 0 0 0 0 0 0 0 
581 9 0 0 0 0 0 0 0 0 0 0 0 
582 9 0 0 0 0 0 0 0 0 0 0 0 
583 9 0 0 0 0 0 0 0 0 0 0 0 
584 9 0 0 0 0 0 0 0 0 0 0 0 
585 9 0 0 0 0 0 0 0 0 0 0 0 
586 9 0 0 0 0 0 0 0 0 0 0 0 
587 9 0 0 0 0 0 0 0 0 0 0 0 
588 9 0 0 0 0 0 0 0 0 0 0 0 
589 9 0 0 0 0 0 0 0 0 0 0 0 
590 9 0 0 0 0 0 0 0 0 0 0 0 
591 9 0 0 0 0 0 0 0 0 0 0 0 
592 9 0 0 0 0 0 0 0 0 0 0 0 
593 9 0 0 0 0 0 0 0 0 0 0 0 
594 9 0 0 0 0 0 0 0 0 0 0 0 
595 9 0 0 0 0 0 0 0 0 0 0 0 
596 9 0 0 0 0 0 0 0 0 0 0 0 
597 9 0 0 0 0 0 0 0 0 0 0 0 
598 9 0 0 0 0 0 0 0 0 0 0 0 
599 9 0 0 0 0 0 0 0 0 0 0 0 
600 9 0 0 0 0 0 0 0 0 0 0 0 
601 9 0 0 0 0 0 0 0 0 0 0 0 
602 9 0 0 0 0 0 0 0 0 0 0 0 
603 9 0 0 0 0 0 0 0 0 0 0 0 
604 9 0 0 0 0 0 0 0 0 0 0 0 
605 9 0 0 0 0 0 0 0 0 0 0 0 
606 9 0 0 0 0 0 0 0 0 0 0 0 
607 9 0 0 0 0 0 0 0 0 0 0 0 
608 9 0 0 0 0 0 0 0 0 0 0 0 
609 9 0 0 0 0 0 0 0 0 0 0 0 
610 9 0 0 0 0 0 0 0 0 0 0 0 
611 9 0 0 0 0 0 0 0 0 0 0 0 
612 9 0 0 0 0 0 0 0 0 0 0 0 
613 9 0 0 0 0 0 0 0 0 0 0 0 
614 9 0 0 0 0 0 0 0 0 0 0 0 
615 9 0 0 0 0 0 0 0 0 0 0 0 
616 9 0 0 0 0 0 0 0 0 0 0 0 
617 9 0 0 0 0 0 0 0 0 0 0 0 
618 9 0 0 0 0 0 0 0 0 0 0 0 
619 9 0 0 0 0 0 0 0 0 0 0 0 
620 9 0 0 0 0 0 0 0 0 0 0 0 
621 9 0 0 0 0 0 0 0 0 0 0 0 
622 9 0 0 0 0 0 0 0 0 0 0 0 
623 9 0 0 0 0 0 0 0 0 0 0 0 
624 9 0 0 0 0 0 0 0 0 0 0 0 
625 9 0 0 0 0 0 0 0 0 0 0 0 
626 9 0 0 0 0 0 0 0 0 0 0 0 
627 9 0 0 0 0 0 0 0 0 0 0 0 
628 9 0 0 0 0 0 0 0 0 0 0 0 
629 9 0 0 0 0 0 0 0 0 0 0 0 
630 9 0 0 0 0 0 0 0 0 0 0 0 
631 9 0 0 0 0 0 0 0 0 0 0 0 
632 9 0 0 0 0 0 0 0 0 0 0 0 
633 9 0 0 0 0 0 0 0 0 0 0 0 
634 9 0 0 0 0 0 0 0 0 0 0 0 
635 9 0 0 0 0 0 0 0 0 0 0 0 
636 9 0 0 0 0 0 0 0 0 0 0 0 
637 9 0 0 0 0 0 0 0 0 0 0 0 
638 9 0 0 0 0 0 0 0 0 0 0 0 
639 9 0 0 0 0 0 0 0 0 0 0 0 
640 9 0 0 0 0 0 0 0 0 0 0 0 
641 9 0 0 0 0 0 0 0 0 0 0 0 
642 9 0 0 0 0 0 0 0 0 0 0 0 
643 9 0 0 0 0 0 0 0 0 0 0 0 
644 9 0 0 0 0 0 0 0 0 0 0 0 
645 9 0 0 0 0 0 0 0 0 0 0 0 
646 9 0 0 0 0 0 0 0 0 0 0 0 
647 9 0 0 0 0 0 0 0 0 0 0 0 
648 9 0 0 0 0 0 0 0 0 0 0 0 
649 9 0 0 0 0 0 0 0 0 0 0 0 
650 9 0 0 0 0 0 0 0 0 0 0 0 
651 9 0 0 0 0 0 0 0 0 0 0 0 
652 9 0 0 0 0 0 0 0 0 0 0 0 
653 9 0 0 0 0 0 0 0 0 0 0 0 
654 9 0 0 0 0 0 0 0 0 0 0 0 
655 9 0 0 0 0 0 0 0 0 0 0 0 
656 9 0 0 0 0 0 0 0 0 0 0 0 
657 9 0 0 0 0 0 0 0 0 0 0 0 
658 9 0 0 0 0 0 0 0 0 0 0 0 
659 9 0 0 0 0 0 0 0 0 0 0 0 
660 9 0 0 0 0 0 0 0 0 0 0 0 
661 9 0 0 0 0 0 0 0 0 0 0 0 
662 9 0 0 0 0 0 0 0 0 0 0 0 
663 9 0 0 0 0 0 0 0 0 0 0 0 
664 9 0 0 0 0 0 0 0 0 0 0 0 
665 9 0 0 0 0 0 0 0 0 0 0 0 
666 9 0 0 0 0 0 0 0 0 0 0 0 
667 9 0 0 0 0 0 0 0 0 0 0 0 
668 9 0 0 0 0 0 0 0 0 0 0 0 
669 9 0 0 0 0 0 0 0 0 0 0 0 
670 9 0 0 0 0 0 0 0 0 0 0 0 
671 9 0 0 0 0 0 0 0 0 0 0 0 
672 9 0 0 0 0 0 0 0 0 0 0 0 
673 9 0 0 0 0 0 0 0 0 0 0 0 
674 9 0 0 0 0 0 0 0 0 0 0 0 
675 9 0 0 0 0 0 0 0 0 0 0 0 
676 9 0 0 0 0 0 0 0 0 0 0 0 
677 9 0 0 0 0 0 0 0 0 0 0 0 
678 9 0 0 0 0 0 0 0 0 0 0 0 
679 9 0 0 0 0 0 0 0 0 0 0 0 
680 9 0 0 0 0 0 0 0 0 0 0 0 
681 9 0 0 0 0 0 0 0 0 0 0 0 
682 9 0 0 0 0 0 0 0 0 0 0 0 
683 9 0 0 0 0 0 0 0 0 0 0 0 
684 9 0 0 0 0 0 0 0 0 0 0 0 
685 9 0 0 0 0 0 0 0 0 0 0 0 
686 9 0 0 0 0 0 0 0 0 0 0 0 
687 9 0 0 0 0 0 0 0 0 0 0 0 
688 9 0 0 0 0 0 0 0 0 0 0 0 
689 9 0 0 0 0 0 0 0 0 0 0 0 
690 9 0 0 0 0 0 0 0 0 0 0 0 
691 9 0 0 0 0 0 0 0 0 0 0 0 
692 9 0 0 0 0 0 0 0 0 0 0 0 
693 9 0 0 0 0 0 0 0 0 0 0 0 
694 9 0 0 0 0 0 0 0 0 0 0 0 
695 9 0 0 0 0 0 0 0 0 0 0 0 
696 9 0 0 0 0 0 0 0 0 0 0 0 
697 9 0 0 0 0 0 0 0 0 0 0 0 
698 9 0 0 0 0 0 0 0 0 0 0 0 
699 9 0 0 0 0 0 0 0 0 0 0 0 
700 9 0 0 0 0 0 0 0 0 0 0 0 
701 9 0 0 0 0 0 0 0 0 0 0 0 
702 9 0 0 0 0 0 0 0 0 0 0 0 
703 9 0 0 0 0 0 0 0 0 0 0 0 
704 9 0 0 0 0 0 0 0 0 0 0 0 
705 9 0 0 0 0 0 0 0 0 0 0 0 
706 9 0 0 0 0 0 0 0 0 0 0 0 
707 9 0 0 0 0 0 0 0 0 0 0 0 
708 9 0 0 0 0 0 0 0 0 0 0 0 
709 9 0 0 0 0 0 0 0 0 0 0 0 
710 9 0 0 0 0 0 0 0 0 0 0 0 
711 9 0 0 0 0 0 0 0 0 0 0 0 
712 9 0 0 0 0 0 0 0 0 0 0 0 
713 9 0 0 0 0 0 0 0 0 0 0 0 
714 9 0 0 0 0 0 0 0 0 0 0 0 
715 9 0 0 0 0 0 0 0 0 0 0 0 
716 9 0 0 0 0 0 0 0 0 0 0 0 
717 9 0 0 0 0 0 0 0 0 0 0 0 
718 9 0 0 0 0 0 0 0 0 0 0 0 
719 9 0 0 0 0 0 0 0 0 0 0 0 
720 9 0 0 0 0 0 0 0 0 0 0 0 
721 9 0 0 0 0 0 0 0 0 0 0 0 
722 9 0 0 0 0 0 0 0 0 0 0 0 
723 9 0 0 0 0 0 0 0 0 0 0 0 
724 9 0 0 0 0 0 0 0 0 0 0 0 
725 9 0 0 0 0 0 0 0 0 0 0 0 
726 9 0 0 0 0 0 0 0 0 0 0 0 
727 9 0 0 0 0 0 0 0 0 0 0 0 
728 9 0 0 0 0 0 0 0 0 0 0 0 
729 9 0 0 0 0 0 0 0 0 0 0 0 
730 9 0 0 0 0 0 0 0 0 0 0 0 
731 9 0 0 0 0 0 0 0 0 0 0 0 
732 9 0 0 0 0 0 0 0 0 0 0 0 
733 9 0 0 0 0 0 0 0 0 0 0 0 
734 9 0 0 0 0 0 0 0 0 0 0 0 
735 9 0 0 0 0 0 0 0 0 0 0 0 
736 9 0 0 0 0 0 0 0 0 0 0 0 
737 9 0 0 0 0 0 0 0 0 0 0 0 
738 9 0 0 0 0 0 0 0 0 0 0 0 
739 9 0 0 0 0 0 0 0 0 0 0 0 
740 9 0 0 0 0 0 0 0 0 0 0 0 
741 9 0 0 0 0 0 0 0 0 0 0 0 
742 9 0 0 0 0 0 0 0 0 0 0 0 
743 9 0 0 0 0 0 0 0 0 0 0 0 
744 9 0 0 0 0 0 0 0 0 0 0 0 
745 9 0 0 0 0 0 0 0 0 0 0 0 
746 9 0 0 0 0 0 0 0 0 0 0 0 
747 9 0 0 0 0 0 0 0 0 0 0 0 
748 9 0 0 0 0 0 0 0 0 0 0 0 
749 9 0 0 0 0 0 0 0 0 0 0 0 
750 9 0 0 0 0 0 0 0 0 0 0 0 
751 9 0 0 0 0 0 0 0 0 0 0 0 
752 9 0 0 0 0 0 0 0 0 0 0 0 
753 9 0 0 0 0 0 0 0 0 0 0 0 
754 9 0 0 0 0 0 0 0 0 0 0 0 
755 9 0 0 0 0 0 0 0 0 0 0 0 
756 9 0 0 0 0 0 0 0 0 0 0 0 
757 9 0 0 0 0 0 0 0 0 0 0 0 
758 9 0 0 0 0 0 0 0 0 0 0 0 
759 9 0 0 0 0 0 0 0 0 0 0 0 
760 9 0 0 0 0 0 0 0 0 0 0 0 
761 9 0 0 0 0 0 0 0 0 0 0 0 
762 9 0 0 0 0 0 0 0 0 0 0 0 
763 9 0 0 0 0 0 0 0 0 0 0 0 
764 9 0 0 0 0 0 0 0 0 0 0 0 
765 9 0 0 0 0 0 0 0 0 0 0 0 
766 9 0 0 0 0 0 0 0 0 0 0 0 
767 9 0 0 0 0 0 0 0 0 0 0 0 
768 9 0 0 0 0 0 0 0 0 0 0 0 
769 9 0 0 0 0 0 0 0 0 0 0 0 
770 9 0 0 0 0 0 0 0 0 0 0 0 
771 9 0 0 0 0 0 0 0 0 0 0 0 
772 9 0 0 0 0 0 0 0 0 0 0 0 
773 9 0 0 0 0 0 0 0 0 0 0 0 
774 9 0 0 0 0 0 0 0 0 0 0 0 
775 9 0 0 0 0 0 0 0 0 0 0 0 
776 9 0 0 0 0 0 0 0 0 0 0 0 
777 9 0 0 0 0 0 0 0 0 0 0 0 
778 9 0 0 0 0 0 0 0 0 0 0 0 
779 9 0 0 0 0 0 0 0 0 0 0 0 
780 9 0 0 0 0 0 0 0 0 0 0 0 
781 9 0 0 0 0 0 0 0 0 0 0 0 
782 9 0 0 0 0 0 0 0 0 0 0 0 
783 9 0 0 0 0 0 0 0 0 0 0 0 
784 9 0 0 0 0 0 0 0 0 0 0 0 
785 9 0 0 0 0 0 0 0 0 0 0 0 
786 9 0 0 0 0 0 0 0 0 0 0 0 
787 9 0 0 0 0 0 0 0 0 0 0 0 
788 9 0 0 0 0 0 0 0 0 0 0 0 
789 9 0 0 0 0 0 0 0 0 0 0 0 
790 9 0 0 0 0 0 0 0 0 0 0 0 
791 9 0 0 0 0 0 0 0 0 0 0 0 
792 9 0 0 0 0 0 0 0 0 0 0 0 
793 9 0 0 0 0 0 0 0 0 0 0 0 
794 9 0 0 0 0 0 0 0 0 0 0 0 
795 9 0 0 0 0 0 0 0 0 0 0 0 
796 9 0 0 0 0 0 0 0 0 0 0 0 
797 9 0 0 0 0 0 0 0 0 0 0 0 
798 9 0 0 0 0 0 0 0 0 0 0 0 
799 9 0 0 0 0 0 0 0 0 0 0 0 
800 9 0 0 0 0 0 0 0 0 0 0 0 
801 9 0 0 0 0 0 0 0 0 0 0 0 
802 9 0 0 0 0 0 0 0 0 0 0 0 
803 9 0 0 0 0 0 0 0 0 0 0 0 
804 9 0 0 0 0 0 0 0 0 0 0 0 
805 9 0 0 0 0 0 0 0 0 0 0 0 
806 9 0 0 0 0 0 0 0 0 0 0 0 
807 9 0 0 0 0 0 0 0 0 0 0 0 
808 9 0 0 0 0 0 0 0 0 0 0 0 
809 9 0 0 0 0 0 0 0 0 0 0 0 
810 9 0 0 0 0 0 0 0 0 0 0 0 
811 9 0 0 0 0 0 0 0 0 0 0 0 
812 9 0 0 0 0 0 0 0 0 0 0 0 
813 9 0 0 0 0 0 0 0 0 0 0 0 
814 9 0 0 0 0 0 0 0 0 0 0 0 
815 9 0 0 0 0 0 0 0 0 0 0 0 
816 9 0 0 0 0 0 0 0 0 0 0 0 
817 9 0 0 0 0 0 0 0 0 0 0 0 
818 9 0 0 0 0 0 0 0 0 0 0 0 
819 9 0 0 0 0 0 0 0 0 0 0 0 
820 9 0 0 0 0 0 0 0 0 0 0 0 
821 9 0 0 0 0 0 0 0 0 0 0 0 
822 9 0 0 0 0 0 0 0 0 0 0 0 
823 9 0 0 0 0 0 0 0 0 0 0 0 
824 9 0 0 0 0 0 0 0 0 0 0 0 
825 9 0 0 0 0 0 0 0 0 0 0 0 
826 9 0 0 0 0 0 0 0 0 0 0 0 
827 9 0 0 0 0 0 0 0 0 0 0 0 
828 9 0 0 0 0 0 0 0 0 0 0 0 
829 9 0 0 0 0 0 0 0 0 0 0 0 
830 9 0 0 0 0 0 0 0 0 0 0 0 
831 9 0 0 0 0 0 0 0 0 0 0 0 
832 9 0 0 0 0 0 0 0 0 0 0 0 
833 9 0 0 0 0 0 0 0 0 0 0 0 
834 9 0 0 0 0 0 0 0 0 0 0 0 
835 9 0 0 0 0 0 0 0 0 0 0 0 
836 9 0 0 0 0 0 0 0 0 0 0 0 
837 9 0 0 0 0 0 0 0 0 0 0 0 
838 9 0 0 0 0 0 0 0 0 0 0 0 
839 9 0 0 0 0 0 0 0 0 0 0 0 
840 9 0 0 0 0 0 0 0 0 0 0 0 
841 9 0 0 0 0 0 0 0 0 0 0 0 
842 9 0 0 0 0 0 0 0 0 0 0 0 
843 9 0 0 0 0 0 0 0 0 0 0 0 
844 9 0 0 0 0 0 0 0 0 0 0 0 
845 9 0 0 0 0 0 0 0 0 0 0 0 
846 9 0 0 0 0 0 0 0 0 0 0 0 
847 9 0 0 0 0 0 0 0 0 0 0 0 
848 9 0 0 0 0 0 0 0 0 0 0 0 
849 9 0 0 0 0 0 0 0 0 0 0 0 
850 9 0 0 0 0 0 0 0 0 0 0 0 
851 9 0 0 0 0 0 0 0 0 0 0 0 
852 9 0 0 0 0 0 0 0 0 0 0 0 
853 9 0 0 0 0 0 0 0 0 0 0 0 
854 9 0 0 0 0 0 0 0 0 0 0 0 
855 9 0 0 0 0 0 0 0 0 0 0 0 
856 9 0 0 0 0 0 0 0 0 0 0 0 
857 9 0 0 0 0 0 0 0 0 0 0 0 
858 9 0 0 0 0 0 0 0 0 0 0 0 
859 9 0 0 0 0 0 0 0 0 0 0 0 
860 9 0 0 0 0 0 0 0 0 0 0 0 
861 9 0 0 0 0 0 0 0 0 0 0 0 
862 9 0 0 0 0 0 0 0 0 0 0 0 
863 9 0 0 0 0 0 0 0 0 0 0 0 
864 9 0 0 0 0 0 0 0 0 0 0 0 
865 9 0 0 0 0 0 0 0 0 0 0 0 
866 9 0 0 0 0 0 0 0 0 0 0 0 
867 9 0 0 0 0 0 0 0 0 0 0 0 
868 9 0 0 0 0 0 0 0 0 0 0 0 
869 9 0 0 0 0 0 0 0 0 0 0 0 
870 9 0 0 0 0 0 0 0 0 0 0 0 
871 9 0 0 0 0 0 0 0 0 0 0 0 
872 9 0 0 0 0 0 0 0 0 0 0 0 
873 9 0 0 0 0 0 0 0 0 0 0 0 
874 9 0 0 0 0 0 0 0 0 0 0 0 
875 9 0 0 0 0 0 0 0 0 0 0 0 
876 9 0 0 0 0 0 0 0 0 0 0 0 
877 9 0 0 0 0 0 0 0 0 0 0 0 
878 9 0 0 0 0 0 0 0 0 0 0 0 
879 9 0 0 0 0 0 0 0 0 0 0 0 
880 9 0 0 0 0 0 0 0 0 0 0 0 
881 9 0 0 0 0 0 0 0 0 0 0 0 
882 9 0 0 0 0 0 0 0 0 0 0 0 
883 9 0 0 0 0 0 0 0 0 0 0 0 
884 9 0 0 0 0 0 0 0 0 0 0 0 
885 9 0 0 0 0 0 0 0 0 0 0 0 
886 9 0 0 0 0 0 0 0 0 0 0 0 
887 9 0 0 0 0 0 0 0 0 0 0 0 
888 9 0 0 0 0 0 0 0 0 0 0 0 
889 9 0 0 0 0 0 0 0 0 0 0 0 
890 9 0 0 0 0 0 0 0 0 0 0 0 
891 9 0 0 0 0 0 0 0 0 0 0 0 
892 9 0 0 0 0 0 0 0 0 0 0 0 
893 9 0 0 0 0 0 0 0 0 0 0 0 
894 9 0 0 0 0 0 0 0 0 0 0 0 
895 9 0 0 0 0 0 0 0 0 0 0 0 
896 9 0 0 0 0 0 0 0 0 0 0 0 
897 9 0 0 0 0 0 0 0 0 0 0 0 
898 9 0 0 0 0 0 0 0 0 0 0 0 
899 9 0 0 0 0 0 0 0 0 0 0 0 
900 9 0 0 0 0 0 0 0 0 0 0 0 
901 9 0 0 0 0 0 0 0 0 0 0 0 
902 9 0 0 0 0 0 0 0 0 0 0 0 
903 9 0 0 0 0 0 0 0 0 0 0 0 
904 9 0 0 0 0 0 0 0 0 0 0 0 
905 9 0 0 0 0 0 0 0 0 0 0 0 
906 9 0 0 0 0 0 0 0 0 0 0 0 
907 9 0 0 0 0 0 0 0 0 0 0 0 
908 9 0 0 0 0 0 0 0 0 0 0 0 
909 9 0 0 0 0 0 0 0 0 0 0 0 
910 9 0 0 0 0 0 0 0 0 0 0 0 
911 9 0 0 0 0 0 0 0 0 0 0 0 
912 9 0 0 0 0 0 0 0 0 0 0 0 
913 9 0 0 0 0 0 0 0 0 0 0 0 
914 9 0 0 0 0 0 0 0 0 0 0 0 
915 9 0 0 0 0 0 0 0 0 0 0 0 
916 9 0 0 0 0 0 0 0 0 0 0 0 
917 9 0 0 0 0 0 0 0 0 0 0 0 
918 9 0 0 0 0 0 0 0 0 0 0 0 
919 9 0 0 0 0 0 0 0 0 0 0 0 
920 9 0 0 0 0 0 0 0 0 0 0 0 
921 9 0 0 0 0 0 0 0 0 0 0 0 
922 9 0 0 0 0 0 0 0 0 0 0 0 
923 9 0 0 0 0 0 0 0 0 0 0 0 
924 9 0 0 0 0 0 0 0 0 0 0 0 
925 9 0 0 0 0 0 0 0 0 0 0 0 
926 9 0 0 0 0 0 0 0 0 0 0 0 
927 9 0 0 0 0 0 0 0 0 0 0 0 
928 9 0 0 0 0 0 0 0 0 0 0 0 
929 9 0 0 0 0 0 0 0 0 0 0 0 
930 9 0 0 0 0 0 0 0 0 0 0 0 
931 9 0 0 0 0 0 0 0 0 0 0 0 
932 9 0 0 0 0 0 0 0 0 0 0 0 
933 9 0 0 0 0 0 0 0 0 0 0 0 
934 9 0 0 0 0 0 0 0 0 0 0 0 
935 9 0 0 0 0 0 0 0 0 0 0 0 
936 9 0 0 0 0 0 0 0 0 0 0 0 
937 9 25 0 0 0 0 0 0 0 0 0 0 
938 9 -1 167 4 18 -1 -1 -1 -1 -1 0 5771 
939 9 -1 299 1 10 -1 -1 -1 -1 -1 1 -70 
940 9 -1 345 0 38 -1 -1 -1 -1 -1 3 34 
941 9 32 0 0 0 0 0 0 0 0 0 0 
942 9 33 0 0 0 0 0 0 0 0 0 0 
943 9 0 0 0 0 0 0 0 0 0 0 0 
944 9 0 0 0 0 0 0 0 0 0 0 0 
945 9 0 0 0 0 0 0 0 0 0 0 0 
946 9 0 0 0 0 0 0 0 0 0 0 0 
947 9 0 0 0 0 0 0 0 0 0 0 0 
948 9 0 0 0 0 0 0 0 0 0 0 0 
949 9 0 0 0 0 0 0 0 0 0 0 0 
950 9 0 0 0 0 0 0 0 0 0 0 0 
951 9 0 0 0 0 0 0 0 0 0 0 0 
952 9 0 0 0 0 0 0 0 0 0 0 0 
953 9 0 0 0 0 0 0 0 0 0 0 0 
954 9 0 0 0 0 0 0 0 0 0 0 0 
955 9 0 0 0 0 0 0 0 0 0 0 0 
956 9 0 0 0 0 0 0 0 0 0 0 0 
957 9 0 0 0 0 0 0 0 0 0 0 0 
958 9 0 0 0 0 0 0 0 0 0 0 0 
959 9 0 0 0 0 0 0 0 0 0 0 0 
960 9 0 0 0 0 0 0 0 0 0 0 0 
961 9 0 0 0 0 0 0 0 0 0 0 0 
962 9 0 0 0 0 0 0 0 0 0 0 0 
963 9 0 0 0 0 0 0 0 0 0 0 0 
964 9 0 0 0 0 0 0 0 0 0 0 0 
965 9 0 0 0 0 0 0 0 0 0 0 0 
966 9 0 0 0 0 0 0 0 0 0 0 0 
967 9 0 0 0 0 0 0 0 0 0 0 0 
968 9 0 0 0 0 0 0 0 0 0 0 0 
969 9 0 0 0 0 0 0 0 0 0 0 0 
970 9 0 0 0 0 0 0 0 0 0 0 0 
971 9 0 0 0 0 0 0 0 0 0 0 0 
972 9 0 0 0 0 0 0 0 0 0 0 0 
973 9 0 0 0 0 0 0 0 0 0 0 0 
974 9 0 0 0 0 0 0 0 0 0 0 0 
975 9 -1 134 0 33 -1 -1 -1 -1 -1 1 2 
976 9 -1 168 0 23 -1 -1 -1 -1 -1 0 -6 
977 9 -1 346 0 20 -1 -1 -1 -1 -1 0 -51 
978 9 42 0 0 0 0 0 0 0 0 0 0 
979 9 -1 323 3 11 -1 -1 -1 -1 -1 2 -9 
980 9 -1 235 4 37 -1 -1 -1 -1 -1 1 4324 
981 9 0 0 0 0 0 0 0 0 0 0 0 
982 9 0 0 0 0 0 0 0 0 0 0 0 
983 9 -1 74 1 29 -1 -1 -1 -1 -1 0 -20 
984 9 -1 327 1 15 -1 -1 -1 -1 -1 1 15 
985 9 -1 177 4 21 -1 -1 -1 -1 -1 3 104 
986 9 54 0 0 0 0 0 0 0 0 0 0 
987 9 0 0 0 0 0 0 0 0 0 0 0 
988 9 0 0 0 0 0 0 0 0 0 0 0 
989 9 0 0 0 0 0 0 0 0 0 0 0 
990 9 0 0 0 0 0 0 0 0 0 0 0 
991 9 0 0 0 0 0 0 0 0 0 0 0 
992 9 0 0 0 0 0 0 0 0 0 0 0 
993 9 0 0 0 0 0 0 0 0 0 0 0 
994 9 0 0 0 0 0 0 0 0 0 0 0 
995 9 0 0 0 0 0 0 0 0 0 0 0 
996 9 0 0 0 0 0 0 0 0 0 0 0 
997 9 0 0 0 0 0 0 0 0 0 0 0 
998 9 0 0 0 0 0 0 0 0 0 0 0 
999 9 0 0 0 0 0 0 0 0 0 0 0 
1000 9 0 0 0 0 0 0 0 0 0 0 0 
1001 9 0 0 0 0 0 0 0 0 0 0 0 
1002 9 0 0 0 0 0 0 0 0 0 0 0 
1003 9 0 0 0 0 0 0 0 0 0 0 0 
1004 9 0 0 0 0 0 0 0 0 0 0 0 
1005 9 0 0 0 0 0 0 0 0 0 0 0 
1006 9 0 0 0 0 0 0 0 0 0 0 0 
1007 9 0 0 0 0 0 0 0 0 0 0 0 
1008 9 0 0 0 0 0 0 0 0 0 0 0 
1009 9 0 0 0 0 0 0 0 0 0 0 0 
1010 9 0 0 0 0 0 0 0 0 0 0 0 
1011 9 0 0 0 0 0 0 0 0 0 0 0 
1012 9 0 0 0 0 0 0 0 0 0 0 0 
1013 9 0 0 0 0 0 0 0 0 0 0 0 
1014 9 0 0 0 0 0 0 0 0 0 0 0 
1015 9 0 0 0 0 0 0 0 0 0 0 0 
1016 9 0 0 0 0 0 0 0 0 0 0 0 
1017 9 0 0 0 0 0 0 0 0 0 0 0 
1018 9 0 0 0 0 0 0 0 0 0 0 0 
1019 9 0 0 0 0 0 0 0 0 0 0 0 
1020 9 0 0 0 0 0 0 0 0 0 0 0 
1021 9 0 0 0 0 0 0 0 0 0 0 0 
1022 9 0 0 0 0 0 0 0 0 0 0 0 
1023 10 0 0 0 0 0 0 0 0 0 0 0 
1024 10 0 0 0 0 0 0 0 0 0 0 0 
1025 10 0 0 0 0 0 0 0 0 0 0 0 
1026 10 0 0 0 0 0 0 0 0 0 0 0 
1027 10 0 0 0 0 0 0 0 0 0 0 0 
1028 10 0 0 0 0 0 0 0 0 0 0 0 
1029 10 0 0 0 0 0 0 0 0 0 0 0 
1030 10 0 0 0 0 0 0 0 0 0 0 0 
1031 10 0 0 0 0 0 0 0 0 0 0 0 
1032 10 0 0 0 0 0 0 0 0 0 0 0 
1033 10 0 0 0 0 0 0 0 0 0 0 0 
1034 10 0 0 0 0 0 0 0 0 0 0 0 
1035 10 0 0 0 0 0 0 0 0 0 0 0 
1036 10 0 0 0 0 0 0 0 0 0 0 0 
1037 10 0 0 0 0 0 0 0 0 0 0 0 
1038 10 0 0 0 0 0 0 0 0 0 0 0 
1039 10 0 0 0 0 0 0 0 0 0 0 0 
1040 10 0 0 0 0 0 0 0 0 0 0 0 
1041 10 0 0 0 0 0 0 0 0 0 0 0 
1042 10 0 0 0 0 0 0 0 0 0 0 0 
1043 10 0 0 0 0 0 0 0 0 0 0 0 
1044 10 0 0 0 0 0 0 0 0 0 0 0 
1045 10 0 0 0 0 0 0 0 0 0 0 0 
1046 10 0 0 0 0 0 0 0 0 0 0 0 
1047 10 0 0 0 0 0 0 0 0 0 0 0 
1048 10 0 0 0 0 0 0 0 0 0 0 0 
1049 10 0 0 0 0 0 0 0 0 0 0 0 
1050 10 0 0 0 0 0 0 0 0 0 0 0 
1051 10 0 0 0 0 0 0 0 0 0 0 0 
1052 10 0 0 0 0 0 0 0 0 0 0 0 
1053 10 0 0 0 0 0 0 0 0 0 0 0 
1054 10 0 0 0 0 0 0 0 0 0 0 0 
1055 10 0 0 0 0 0 0 0 0 0 0 0 
1056 10 0 0 0 0 0 0 0 0 0 0 0 
1057 10 0 0 0 0 0 0 0 0 0 0 0 
1058 10 0 0 0 0 0 0 0 0 0 0 0 
1059 10 0 0 0 0 0 0 0 0 0 0 0 
1060 10 0 0 0 0 0 0 0 0 0 0 0 
1061 10 0 0 0 0 0 0 0 0 0 0 0 
1062 10 0 0 0 0 0 0 0 0 0 0 0 
1063 10 0 0 0 0 0 0 0 0 0 0 0 
1064 10 0 0 0 0 0 0 0 0 0 0 0 
1065 10 0 0 0 0 0 0 0 0 0 0 0 
1066 10 0 0 0 0 0 0 0 0 0 0 0 
1067 10 0 0 0 0 0 0 0 0 0 0 0 
1068 10 0 0 0 0 0 0 0 0 0 0 0 
1069 10 0 0 0 0 0 0 0 0 0 0 0 
1070 10 0 0 0 0 0 0 0 0 0 0 0 
1071 10 0 0 0 0 0 0 0 0 0 0 0 
1072 10 0 0 0 0 0 0 0 0 0 0 0 
1073 10 0 0 0 0 0 0 0 0 0 0 0 
1074 10 0 0 0 0 0 0 0 0 0 0 0 
1075 10 0 0 0 0 0 0 0 0 0 0 0 
1076 10 0 0 0 0 0 0 0 0 0 0 0 
1077 10 0 0 0 0 0 0 0 0 0 0 0 
1078 10 0 0 0 0 0 0 0 0 0 0 0 
1079 10 0 0 0 0 0 0 0 0 0 0 0 
1080 10 0 0 0 0 0 0 0 0 0 0 0 
1081 10 0 0 0 0 0 0 0 0 0 0 0 
1082 10 0 0 0 0 0 0 0 0 0 0 0 
1083 10 0 0 0 0 0 0 0 0 0 0 0 
1084 10 0 0 0 0 0 0 0 0 0 0 0 
1085 10 0 0 0 0 0 0 0 0 0 0 0 
1086 10 0 0 0 0 0 0 0 0 0 0 0 
1087 10 0 0 0 0 0 0 0 0 0 0 0 
1088 10 0 0 0 0 0 0 0 0 0 0 0 
1089 10 0 0 0 0 0 0 0 0 0 0 0 
1090 10 0 0 0 0 0 0 0 0 0 0 0 
1091 10 0 0 0 0 0 0 0 0 0 0 0 
1092 10 0 0 0 0 0 0 0 0 0 0 0 
1093 10 0 0 0 0 0 0 0 0 0 0 0 
1094 10 0 0 0 0 0 0 0 0 0 0 0 
1095 10 2 0 0 0 0 0 0 0 0 0 0 
1096 10 3 0 0 0 0 0 0 0 0 0 0 
1097 10 0 0 0 0 0 0 0 0 0 0 0 
1098 10 0 0 0 0 0 0 0 0 0 0 0 
1099 10 5 0 0 0 0 0 0 0 0 0 0 
1100 10 6 0 0 0 0 0 0 0 0 0 0 
1101 10 0 0 0 0 0 0 0 0 0 0 0 
1102 10 0 0 0 0 0 0 0 0 0 0 0 
1103 10 0 0 0 0 0 0 0 0 0 0 0 
1104 10 0 0 0 0 0 0 0 0 0 0 0 
1105 10 9 0 0 0 0 0 0 0 0 0 0 
1106 10 10 0 0 0 0 0 0 0 0 0 0 
1107 10 0 0 0 0 0 0 0 0 0 0 0 
1108 10 0 0 0 0 0 0 0 0 0 0 0 
1109 10 0 0 0 0 0 0 0 0 0 0 0 
1110 10 0 0 0 0 0 0 0 0 0 0 0 
1111 10 0 0 0 0 0 0 0 0 0 0 0 
1112 10 0 0 0 0 0 0 0 0 0 0 0 
1113 10 0 0 0 0 0 0 0 0 0 0 0 
1114 10 0 0 0 0 0 0 0 0 0 0 0 
1115 10 0 0 0 0 0 0 0 0 0 0 0 
1116 10 0 0 0 0 0 0 0 0 0 0 0 
1117 10 0 0 0 0 0 0 0 0 0 0 0 
1118 10 0 0 0 0 0 0 0 0 0 0 0 
1119 10 0 0 0 0 0 0 0 0 0 0 0 
1120 10 0 0 0 0 0 0 0 0 0 0 0 
1121 10 0 0 0 0 0 0 0 0 0 0 0 
1122 10 0 0 0 0 0 0 0 0 0 0 0 
1123 10 0 0 0 0 0 0 0 0 0 0 0 
1124 10 0 0 0 0 0 0 0 0 0 0 0 
1125 10 0 0 0 0 0 0 0 0 0 0 0 
1126 10 0 0 0 0 0 0 0 0 0 0 0 
1127 10 0 0 0 0 0 0 0 0 0 0 0 
1128 10 0 0 0 0 0 0 0 0 0 0 0 
1129 10 0 0 0 0 0 0 0 0 0 0 0 
1130 10 0 0 0 0 0 0 0 0 0 0 0 
1131 10 0 0 0 0 0 0 0 0 0 0 0 
1132 10 0 0 0 0 0 0 0 0 0 0 0 
1133 10 0 0 0 0 0 0 0 0 0 0 0 
1134 10 0 0 0 0 0 0 0 0 0 0 0 
1135 10 0 0 0 0 0 0 0 0 0 0 0 
1136 10 0 0 0 0 0 0 0 0 0 0 0 
1137 10 0 0 0 0 0 0 0 0 0 0 0 
1138 10 0 0 0 0 0 0 0 0 0 0 0 
1139 10 0 0 0 0 0 0 0 0 0 0 0 
1140 10 0 0 0 0 0 0 0 0 0 0 0 
1141 10 0 0 0 0 0 0 0 0 0 0 0 
1142 10 0 0 0 0 0 0 0 0 0 0 0 
1143 10 0 0 0 0 0 0 0 0 0 0 0 
1144 10 0 0 0 0 0 0 0 0 0 0 0 
1145 10 16 0 0 0 0 0 0 0 0 0 0 
1146 10 17 0 0 0 0 0 0 0 0 0 0 
1147 10 0 0 0 0 0 0 0 0 0 0 0 
1148 10 0 0 0 0 0 0 0 0 0 0 0 
1149 10 0 0 0 0 0 0 0 0 0 0 0 
1150 10 0 0 0 0 0 0 0 0 0 0 0 
1151 10 0 0 0 0 0 0 0 0 0 0 0 
1152 10 0 0 0 0 0 0 0 0 0 0 0 
1153 10 0 0 0 0 0 0 0 0 0 0 0 
1154 10 0 0 0 0 0 0 0 0 0 0 0 
1155 10 0 0 0 0 0 0 0 0 0 0 0 
1156 10 0 0 0 0 0 0 0 0 0 0 0 
1157 10 0 0 0 0 0 0 0 0 0 0 0 
1158 10 0 0 0 0 0 0 0 0 0 0 0 
1159 10 0 0 0 0 0 0 0 0 0 0 0 
1160 10 0 0 0 0 0 0 0 0 0 0 0 
1161 10 0 0 0 0 0 0 0 0 0 0 0 
1162 10 0 0 0 0 0 0 0 0 0 0 0 
1163 10 0 0 0 0 0 0 0 0 0 0 0 
1164 10 0 0 0 0 0 0 0 0 0 0 0 
1165 10 0 0 0 0 0 0 0 0 0 0 0 
1166 10 0 0 0 0 0 0 0 0 0 0 0 
1167 10 0 0 0 0 0 0 0 0 0 0 0 
1168 10 0 0 0 0 0 0 0 0 0 0 0 
1169 10 0 0 0 0 0 0 0 0 0 0 0 
1170 10 0 0 0 0 0 0 0 0 0 0 0 
1171 10 0 0 0 0 0 0 0 0 0 0 0 
1172 10 0 0 0 0 0 0 0 0 0 0 0 
1173 10 0 0 0 0 0 0 0 0 0 0 0 
1174 10 0 0 0 0 0 0 0 0 0 0 0 
1175 10 0 0 0 0 0 0 0 0 0 0 0 
1176 10 0 0 0 0 0 0 0 0 0 0 0 
1177 10 0 0 0 0 0 0 0 0 0 0 0 
1178 10 0 0 0 0 0 0 0 0 0 0 0 
1179 10 0 0 0 0 0 0 0 0 0 0 0 
1180 10 0 0 0 0 0 0 0 0 0 0 0 
1181 10 0 0 0 0 0 0 0 0 0 0 0 
1182 10 0 0 0 0 0 0 0 0 0 0 0 
1183 10 0 0 0 0 0 0 0 0 0 0 0 
1184 10 0 0 0 0 0 0 0 0 0 0 0 
1185 10 0 0 0 0 0 0 0 0 0 0 0 
1186 10 0 0 0 0 0 0 0 0 0 0 0 
1187 10 0 0 0 0 0 0 0 0 0 0 0 
1188 10 0 0 0 0 0 0 0 0 0 0 0 
1189 10 0 0 0 0 0 0 0 0 0 0 0 
1190 10 0 0 0 0 0 0 0 0 0 0 0 
1191 10 0 0 0 0 0 0 0 0 0 0 0 
1192 10 0 0 0 0 0 0 0 0 0 0 0 
1193 10 0 0 0 0 0 0 0 0 0 0 0 
1194 10 0 0 0 0 0 0 0 0 0 0 0 
1195 10 0 0 0 0 0 0 0 0 0 0 0 
1196 10 0 0 0 0 0 0 0 0 0 0 0 
1197 10 0 0 0 0 0 0 0 0 0 0 0 
1198 10 0 0 0 0 0 0 0 0 0 0 0 
1199 10 0 0 0 0 0 0 0 0 0 0 0 
1200 10 0 0 0 0 0 0 0 0 0 0 0 
1201 10 0 0 0 0 0 0 0 0 0 0 0 
1202 10 0 0 0 0 0 0 0 0 0 0 0 
1203 10 0 0 0 0 0 0 0 0 0 0 0 
1204 10 0 0 0 0 0 0 0 0 0 0 0 
1205 10 0 0 0 0 0 0 0 0 0 0 0 
1206 10 0 0 0 0 0 0 0 0 0 0 0 
1207 10 0 0 0 0 0 0 0 0 0 0 0 
1208 10 0 0 0 0 0 0 0 0 0 0 0 
1209 10 0 0 0 0 0 0 0 0 0 0 0 
1210 10 0 0 0 0 0 0 0 0 0 0 0 
1211 10 0 0 0 0 0 0 0 0 0 0 0 
1212 10 0 0 0 0 0 0 0 0 0 0 0 
1213 10 0 0 0 0 0 0 0 0 0 0 0 
1214 10 0 0 0 0 0 0 0 0 0 0 0 
1215 10 0 0 0 0 0 0 0 0 0 0 0 
1216 10 0 0 0 0 0 0 0 0 0 0 0 
1217 10 0 0 0 0 0 0 0 0 0 0 0 
1218 10 0 0 0 0 0 0 0 0 0 0 0 
1219 10 0 0 0 0 0 0 0 0 0 0 0 
1220 10 0 0 0 0 0 0 0 0 0 0 0 
1221 10 0 0 0 0 0 0 0 0 0 0 0 
1222 10 0 0 0 0 0 0 0 0 0 0 0 
1223 10 0 0 0 0 0 0 0 0 0 0 0 
1224 10 0 0 0 0 0 0 0 0 0 0 0 
1225 10 0 0 0 0 0 0 0 0 0 0 0 
1226 10 0 0 0 0 0 0 0 0 0 0 0 
1227 10 0 0 0 0 0 0 0 0 0 0 0 
1228 10 0 0 0 0 0 0 0 0 0 0 0 
1229 10 0 0 0 0 0 0 0 0 0 0 0 
1230 10 0 0 0 0 0 0 0 0 0 0 0 
1231 10 0 0 0 0 0 0 0 0 0 0 0 
1232 10 0 0 0 0 0 0 0 0 0 0 0 
1233 10 0 0 0 0 0 0 0 0 0 0 0 
1234 10 0 0 0 0 0 0 0 0 0 0 0 
1235 10 0 0 0 0 0 0 0 0 0 0 0 
1236 10 0 0 0 0 0 0 0 0 0 0 0 
1237 10 0 0 0 0 0 0 0 0 0 0 0 
1238 10 0 0 0 0 0 0 0 0 0 0 0 
1239 10 0 0 0 0 0 0 0 0 0 0 0 
1240 10 0 0 0 0 0 0 0 0 0 0 0 
1241 10 0 0 0 0 0 0 0 0 0 0 0 
1242 10 0 0 0 0 0 0 0 0 0 0 0 
1243 10 0 0 0 0 0 0 0 0 0 0 0 
1244 10 0 0 0 0 0 0 0 0 0 0 0 
1245 10 0 0 0 0 0 0 0 0 0 0 0 
1246 10 0 0 0 0 0 0 0 0 0 0 0 
1247 10 0 0 0 0 0 0 0 0 0 0 0 
1248 10 0 0 0 0 0 0 0 0 0 0 0 
1249 10 0 0 0 0 0 0 0 0 0 0 0 
1250 10 0 0 0 0 0 0 0 0 0 0 0 
1251 10 0 0 0 0 0 0 0 0 0 0 0 
1252 10 0 0 0 0 0 0 0 0 0 0 0 
1253 10 0 0 0 0 0 0 0 0 0 0 0 
1254 10 0 0 0 0 0 0 0 0 0 0 0 
1255 10 0 0 0 0 0 0 0 0 0 0 0 
1256 10 0 0 0 0 0 0 0 0 0 0 0 
1257 10 0 0 0 0 0 0 0 0 0 0 0 
1258 10 0 0 0 0 0 0 0 0 0 0 0 
1259 10 0 0 0 0 0 0 0 0 0 0 0 
1260 10 0 0 0 0 0 0 0 0 0 0 0 
1261 10 0 0 0 0 0 0 0 0 0 0 0 
1262 10 0 0 0 0 0 0 0 0 0 0 0 
1263 10 0 0 0 0 0 0 0 0 0 0 0 
1264 10 0 0 0 0 0 0 0 0 0 0 0 
1265 10 0 0 0 0 0 0 0 0 0 0 0 
1266 10 0 0 0 0 0 0 0 0 0 0 0 
1267 10 0 0 0 0 0 0 0 0 0 0 0 
1268 10 0 0 0 0 0 0 0 0 0 0 0 
1269 10 0 0 0 0 0 0 0 0 0 0 0 
1270 10 0 0 0 0 0 0 0 0 0 0 0 
1271 10 0 0 0 0 0 0 0 0 0 0 0 
1272 10 0 0 0 0 0 0 0 0 0 0 0 
1273 10 0 0 0 0 0 0 0 0 0 0 0 
1274 10 0 0 0 0 0 0 0 0 0 0 0 
1275 10 0 0 0 0 0 0 0 0 0 0 0 
1276 10 0 0 0 0 0 0 0 0 0 0 0 
1277 10 0 0 0 0 0 0 0 0 0 0 0 
1278 10 0 0 0 0 0 0 0 0 0 0 0 
1279 10 0 0 0 0 0 0 0 0 0 0 0 
1280 10 0 0 0 0 0 0 0 0 0 0 0 
1281 10 0 0 0 0 0 0 0 0 0 0 0 
1282 10 0 0 0 0 0 0 0 0 0 0 0 
1283 10 0 0 0 0 0 0 0 0 0 0 0 
1284 10 0 0 0 0 0 0 0 0 0 0 0 
1285 10 0 0 0 0 0 0 0 0 0 0 0 
1286 10 0 0 0 0 0 0 0 0 0 0 0 
1287 10 0 0 0 0 0 0 0 0 0 0 0 
1288 10 0 0 0 0 0 0 0 0 0 0 0 
1289 10 0 0 0 0 0 0 0 0 0 0 0 
1290 10 0 0 0 0 0 0 0 0 0 0 0 
1291 10 0 0 0 0 0 0 0 0 0 0 0 
1292 10 0 0 0 0 0 0 0 0 0 0 0 
1293 10 0 0 0 0 0 0 0 0 0 0 0 
1294 10 0 0 0 0 0 0 0 0 0 0 0 
1295 10 0 0 0 0 0 0 0 0 0 0 0 
1296 10 0 0 0 0 0 0 0 0 0 0 0 
1297 10 0 0 0 0 0 0 0 0 0 0 0 
1298 10 0 0 0 0 0 0 0 0 0 0 0 
1299 10 0 0 0 0 0 0 0 0 0 0 0 
1300 10 0 0 0 0 0 0 0 0 0 0 0 
1301 10 0 0 0 0 0 0 0 0 0 0 0 
1302 10 0 0 0 0 0 0 0 0 0 0 0 
1303 10 0 0 0 0 0 0 0 0 0 0 0 
1304 10 0 0 0 0 0 0 0 0 0 0 0 
1305 10 0 0 0 0 0 0 0 0 0 0 0 
1306 10 0 0 0 0 0 0 0 0 0 0 0 
1307 10 0 0 0 0 0 0 0 0 0 0 0 
1308 10 0 0 0 0 0 0 0 0 0 0 0 
1309 10 0 0 0 0 0 0 0 0 0 0 0 
1310 10 0 0 0 0 0 0 0 0 0 0 0 
1311 10 0 0 0 0 0 0 0 0 0 0 0 
1312 10 0 0 0 0 0 0 0 0 0 0 0 
1313 10 0 0 0 0 0 0 0 0 0 0 0 
1314 10 0 0 0 0 0 0 0 0 0 0 0 
1315 10 0 0 0 0 0 0 0 0 0 0 0 
1316 10 0 0 0 0 0 0 0 0 0 0 0 
1317 10 0 0 0 0 0 0 0 0 0 0 0 
1318 10 0 0 0 0 0 0 0 0 0 0 0 
1319 10 0 0 0 0 0 0 0 0 0 0 0 
1320 10 0 0 0 0 0 0 0 0 0 0 0 
1321 10 0 0 0 0 0 0 0 0 0 0 0 
1322 10 0 0 0 0 0 0 0 0 0 0 0 
1323 10 0 0 0 0 0 0 0 0 0 0 0 
1324 10 0 0 0 0 0 0 0 0 0 0 0 
1325 10 0 0 0 0 0 0 0 0 0 0 0 
1326 10 0 0 0 0 0 0 0 0 0 0 0 
1327 10 0 0 0 0 0 0 0 0 0 0 0 
1328 10 0 0 0 0 0 0 0 0 0 0 0 
1329 10 0 0 0 0 0 0 0 0 0 0 0 
1330 10 0 0 0 0 0 0 0 0 0 0 0 
1331 10 0 0 0 0 0 0 0 0 0 0 0 
1332 10 0 0 0 0 0 0 0 0 0 0 0 
1333 10 0 0 0 0 0 0 0 0 0 0 0 
1334 10 0 0 0 0 0 0 0 0 0 0 0 
1335 10 0 0 0 0 0 0 0 0 0 0 0 
1336 10 0 0 0 0 0 0 0 0 0 0 0 
1337 10 0 0 0 0 0 0 0 0 0 0 0 
1338 10 0 0 0 0 0 0 0 0 0 0 0 
1339 10 0 0 0 0 0 0 0 0 0 0 0 
1340 10 0 0 0 0 0 0 0 0 0 0 0 
1341 10 0 0 0 0 0 0 0 0 0 0 0 
1342 10 0 0 0 0 0 0 0 0 0 0 0 
1343 10 0 0 0 0 0 0 0 0 0 0 0 
1344 10 0 0 0 0 0 0 0 0 0 0 0 
1345 10 0 0 0 0 0 0 0 0 0 0 0 
1346 10 0 0 0 0 0 0 0 0 0 0 0 
1347 10 0 0 0 0 0 0 0 0 0 0 0 
1348 10 0 0 0 0 0 0 0 0 0 0 0 
1349 10 0 0 0 0 0 0 0 0 0 0 0 
1350 10 0 0 0 0 0 0 0 0 0 0 0 
1351 10 0 0 0 0 0 0 0 0 0 0 0 
1352 10 0 0 0 0 0 0 0 0 0 0 0 
1353 10 0 0 0 0 0 0 0 0 0 0 0 
1354 10 0 0 0 0 0 0 0 0 0 0 0 
1355 10 0 0 0 0 0 0 0 0 0 0 0 
1356 10 0 0 0 0 0 0 0 0 0 0 0 
1357 10 0 0 0 0 0 0 0 0 0 0 0 
1358 10 0 0 0 0 0 0 0 0 0 0 0 
1359 10 0 0 0 0 0 0 0 0 0 0 0 
1360 10 0 0 0 0 0 0 0 0 0 0 0 
1361 10 0 0 0 0 0 0 0 0 0 0 0 
1362 10 0 0 0 0 0 0 0 0 0 0 0 
1363 10 0 0 0 0 0 0 0 0 0 0 0 
1364 10 0 0 0 0 0 0 0 0 0 0 0 
1365 10 0 0 0 0 0 0 0 0 0 0 0 
1366 10 0 0 0 0 0 0 0 0 0 0 0 
1367 10 0 0 0 0 0 0 0 0 0 0 0 
1368 10 0 0 0 0 0 0 0 0 0 0 0 
1369 10 0 0 0 0 0 0 0 0 0 0 0 
1370 10 0 0 0 0 0 0 0 0 0 0 0 
1371 10 0 0 0 0 0 0 0 0 0 0 0 
1372 10 0 0 0 0 0 0 0 0 0 0 0 
1373 10 0 0 0 0 0 0 0 0 0 0 0 
1374 10 0 0 0 0 0 0 0 0 0 0 0 
1375 10 0 0 0 0 0 0 0 0 0 0 0 
1376 10 0 0 0 0 0 0 0 0 0 0 0 
1377 10 0 0 0 0 0 0 0 0 0 0 0 
1378 10 0 0 0 0 0 0 0 0 0 0 0 
1379 10 0 0 0 0 0 0 0 0 0 0 0 
1380 10 0 0 0 0 0 0 0 0 0 0 0 
1381 10 0 0 0 0 0 0 0 0 0 0 0 
1382 10 0 0 0 0 0 0 0 0 0 0 0 
1383 10 0 0 0 0 0 0 0 0 0 0 0 
1384 10 0 0 0 0 0 0 0 0 0 0 0 
1385 10 0 0 0 0 0 0 0 0 0 0 0 
1386 10 0 0 0 0 0 0 0 0 0 0 0 
1387 10 0 0 0 0 0 0 0 0 0 0 0 
1388 10 0 0 0 0 0 0 0 0 0 0 0 
1389 10 0 0 0 0 0 0 0 0 0 0 0 
1390 10 0 0 0 0 0 0 0 0 0 0 0 
1391 10 0 0 0 0 0 0 0 0 0 0 0 
1392 10 0 0 0 0 0 0 0 0 0 0 0 
1393 10 0 0 0 0 0 0 0 0 0 0 0 
1394 10 0 0 0 0 0 0 0 0 0 0 0 
1395 10 0 0 0 0 0 0 0 0 0 0 0 
1396 10 0 0 0 0 0 0 0 0 0 0 0 
1397 10 0 0 0 0 0 0 0 0 0 0 0 
1398 10 0 0 0 0 0 0 0 0 0 0 0 
1399 10 0 0 0 0 0 0 0 0 0 0 0 
1400 10 0 0 0 0 0 0 0 0 0 0 0 
1401 10 0 0 0 0 0 0 0 0 0 0 0 
1402 10 0 0 0 0 0 0 0 0 0 0 0 
1403 10 0 0 0 0 0 0 0 0 0 0 0 
1404 10 0 0 0 0 0 0 0 0 0 0 0 
1405 10 0 0 0 0 0 0 0 0 0 0 0 
1406 10 0 0 0 0 0 0 0 0 0 0 0 
1407 10 0 0 0 0 0 0 0 0 0 0 0 
1408 10 0 0 0 0 0 0 0 0 0 0 0 
1409 10 0 0 0 0 0 0 0 0 0 0 0 
1410 10 0 0 0 0 0 0 0 0 0 0 0 
1411 10 0 0 0 0 0 0 0 0 0 0 0 
1412 10 0 0 0 0 0 0 0 0 0 0 0 
1413 10 0 0 0 0 0 0 0 0 0 0 0 
1414 10 0 0 0 0 0 0 0 0 0 0 0 
1415 10 0 0 0 0 0 0 0 0 0 0 0 
1416 10 0 0 0 0 0 0 0 0 0 0 0 
1417 10 0 0 0 0 0 0 0 0 0 0 0 
1418 10 0 0 0 0 0 0 0 0 0 0 0 
1419 10 0 0 0 0 0 0 0 0 0 0 0 
1420 10 0 0 0 0 0 0 0 0 0 0 0 
1421 10 0 0 0 0 0 0 0 0 0 0 0 
1422 10 0 0 0 0 0 0 0 0 0 0 0 
1423 10 0 0 0 0 0 0 0 0 0 0 0 
1424 10 0 0 0 0 0 0 0 0 0 0 0 
1425 10 0 0 0 0 0 0 0 0 0 0 0 
1426 10 0 0 0 0 0 0 0 0 0 0 0 
1427 10 0 0 0 0 0 0 0 0 0 0 0 
1428 10 0 0 0 0 0 0 0 0 0 0 0 
1429 10 0 0 0 0 0 0 0 0 0 0 0 
1430 10 0 0 0 0 0 0 0 0 0 0 0 
1431 10 0 0 0 0 0 0 0 0 0 0 0 
1432 10 0 0 0 0 0 0 0 0 0 0 0 
1433 10 0 0 0 0 0 0 0 0 0 0 0 
1434 10 0 0 0 0 0 0 0 0 0 0 0 
1435 10 0 0 0 0 0 0 0 0 0 0 0 
1436 10 0 0 0 0 0 0 0 0 0 0 0 
1437 10 0 0 0 0 0 0 0 0 0 0 0 
1438 10 0 0 0 0 0 0 0 0 0 0 0 
1439 10 0 0 0 0 0 0 0 0 0 0 0 
1440 10 0 0 0 0 0 0 0 0 0 0 0 
1441 10 0 0 0 0 0 0 0 0 0 0 0 
1442 10 0 0 0 0 0 0 0 0 0 0 0 
1443 10 0 0 0 0 0 0 0 0 0 0 0 
1444 10 0 0 0 0 0 0 0 0 0 0 0 
1445 10 0 0 0 0 0 0 0 0 0 0 0 
1446 10 0 0 0 0 0 0 0 0 0 0 0 
1447 10 0 0 0 0 0 0 0 0 0 0 0 
1448 10 0 0 0 0 0 0 0 0 0 0 0 
1449 10 0 0 0 0 0 0 0 0 0 0 0 
1450 10 0 0 0 0 0 0 0 0 0 0 0 
1451 10 0 0 0 0 0 0 0 0 0 0 0 
1452 10 0 0 0 0 0 0 0 0 0 0 0 
1453 10 0 0 0 0 0 0 0 0 0 0 0 
1454 10 0 0 0 0 0 0 0 0 0 0 0 
1455 10 0 0 0 0 0 0 0 0 0 0 0 
1456 10 0 0 0 0 0 0 0 0 0 0 0 
1457 10 0 0 0 0 0 0 0 0 0 0 0 
1458 10 0 0 0 0 0 0 0 0 0 0 0 
1459 10 0 0 0 0 0 0 0 0 0 0 0 
1460 10 0 0 0 0 0 0 0 0 0 0 0 
1461 10 0 0 0 0 0 0 0 0 0 0 0 
1462 10 0 0 0 0 0 0 0 0 0 0 0 
1463 10 0 0 0 0 0 0 0 0 0 0 0 
1464 10 0 0 0 0 0 0 0 0 0 0 0 
1465 10 0 0 0 0 0 0 0 0 0 0 0 
1466 10 0 0 0 0 0 0 0 0 0 0 0 
1467 10 0 0 0 0 0 0 0 0 0 0 0 
1468 10 0 0 0 0 0 0 0 0 0 0 0 
1469 10 0 0 0 0 0 0 0 0 0 0 0 
1470 10 0 0 0 0 0 0 0 0 0 0 0 
1471 10 0 0 0 0 0 0 0 0 0 0 0 
1472 10 0 0 0 0 0 0 0 0 0 0 0 
1473 10 0 0 0 0 0 0 0 0 0 0 0 
1474 10 0 0 0 0 0 0 0 0 0 0 0 
1475 10 0 0 0 0 0 0 0 0 0 0 0 
1476 10 0 0 0 0 0 0 0 0 0 0 0 
1477 10 0 0 0 0 0 0 0 0 0 0 0 
1478 10 0 0 0 0 0 0 0 0 0 0 0 
1479 10 0 0 0 0 0 0 0 0 0 0 0 
1480 10 0 0 0 0 0 0 0 0 0 0 0 
1481 10 0 0 0 0 0 0 0 0 0 0 0 
1482 10 0 0 0 0 0 0 0 0 0 0 0 
1483 10 0 0 0 0 0 0 0 0 0 0 0 
1484 10 0 0 0 0 0 0 0 0 0 0 0 
1485 10 0 0 0 0 0 0 0 0 0 0 0 
1486 10 0 0 0 0 0 0 0 0 0 0 0 
1487 10 0 0 0 0 0 0 0 0 0 0 0 
1488 10 0 0 0 0 0 0 0 0 0 0 0 
1489 10 0 0 0 0 0 0 0 0 0 0 0 
1490 10 0 0 0 0 0 0 0 0 0 0 0 
1491 10 0 0 0 0 0 0 0 0 0 0 0 
1492 10 0 0 0 0 0 0 0 0 0 0 0 
1493 10 0 0 0 0 0 0 0 0 0 0 0 
1494 10 0 0 0 0 0 0 0 0 0 0 0 
1495 10 0 0 0 0 0 0 0 0 0 0 0 
1496 10 0 0 0 0 0 0 0 0 0 0 0 
1497 10 0 0 0 0 0 0 0 0 0 0 0 
1498 10 0 0 0 0 0 0 0 0 0 0 0 
1499 10 0 0 0 0 0 0 0 0 0 0 0 
1500 10 0 0 0 0 0 0 0 0 0 0 0 
1501 10 0 0 0 0 0 0 0 0 0 0 0 
1502 10 0 0 0 0 0 0 0 0 0 0 0 
1503 10 0 0 0 0 0 0 0 0 0 0 0 
1504 10 0 0 0 0 0 0 0 0 0 0 0 
1505 10 0 0 0 0 0 0 0 0 0 0 0 
1506 10 0 0 0 0 0 0 0 0 0 0 0 
1507 10 0 0 0 0 0 0 0 0 0 0 0 
1508 10 0 0 0 0 0 0 0 0 0 0 0 
1509 10 0 0 0 0 0 0 0 0 0 0 0 
1510 10 0 0 0 0 0 0 0 0 0 0 0 
1511 10 0 0 0 0 0 0 0 0 0 0 0 
1512 10 0 0 0 0 0 0 0 0 0 0 0 
1513 10 0 0 0 0 0 0 0 0 0 0 0 
1514 10 0 0 0 0 0 0 0 0 0 0 0 
1515 10 0 0 0 0 0 0 0 0 0 0 0 
1516 10 0 0 0 0 0 0 0 0 0 0 0 
1517 10 0 0 0 0 0 0 0 0 0 0 0 
1518 10 0 0 0 0 0 0 0 0 0 0 0 
1519 10 0 0 0 0 0 0 0 0 0 0 0 
1520 10 0 0 0 0 0 0 0 0 0 0 0 
1521 10 0 0 0 0 0 0 0 0 0 0 0 
1522 10 0 0 0 0 0 0 0 0 0 0 0 
1523 10 0 0 0 0 0 0 0 0 0 0 0 
1524 10 0 0 0 0 0 0 0 0 0 0 0 
1525 10 0 0 0 0 0 0 0 0 0 0 0 
1526 10 0 0 0 0 0 0 0 0 0 0 0 
1527 10 0 0 0 0 0 0 0 0 0 0 0 
1528 10 0 0 0 0 0 0 0 0 0 0 0 
1529 10 0 0 0 0 0 0 0 0 0 0 0 
1530 10 0 0 0 0 0 0 0 0 0 0 0 
1531 10 0 0 0 0 0 0 0 0 0 0 0 
1532 10 0 0 0 0 0 0 0 0 0 0 0 
1533 10 0 0 0 0 0 0 0 0 0 0 0 
1534 10 0 0 0 0 0 0 0 0 0 0 0 
1535 10 0 0 0 0 0 0 0 0 0 0 0 
1536 10 0 0 0 0 0 0 0 0 0 0 0 
1537 10 0 0 0 0 0 0 0 0 0 0 0 
1538 10 0 0 0 0 0 0 0 0 0 0 0 
1539 10 0 0 0 0 0 0 0 0 0 0 0 
1540 10 0 0 0 0 0 0 0 0 0 0 0 
1541 10 0 0 0 0 0 0 0 0 0 0 0 
1542 10 0 0 0 0 0 0 0 0 0 0 0 
1543 10 0 0 0 0 0 0 0 0 0 0 0 
1544 10 0 0 0 0 0 0 0 0 0 0 0 
1545 10 0 0 0 0 0 0 0 0 0 0 0 
1546 10 0 0 0 0 0 0 0 0 0 0 0 
1547 10 0 0 0 0 0 0 0 0 0 0 0 
1548 10 0 0 0 0 0 0 0 0 0 0 0 
1549 10 0 0 0 0 0 0 0 0 0 0 0 
1550 10 0 0 0 0 0 0 0 0 0 0 0 
1551 10 0 0 0 0 0 0 0 0 0 0 0 
1552 10 0 0 0 0 0 0 0 0 0 0 0 
1553 10 0 0 0 0 0 0 0 0 0 0 0 
1554 10 0 0 0 0 0 0 0 0 0 0 0 
1555 10 0 0 0 0 0 0 0 0 0 0 0 
1556 10 0 0 0 0 0 0 0 0 0 0 0 
1557 10 0 0 0 0 0 0 0 0 0 0 0 
1558 10 0 0 0 0 0 0 0 0 0 0 0 
1559 10 0 0 0 0 0 0 0 0 0 0 0 
1560 10 0 0 0 0 0 0 0 0 0 0 0 
1561 10 0 0 0 0 0 0 0 0 0 0 0 
1562 10 0 0 0 0 0 0 0 0 0 0 0 
1563 10 0 0 0 0 0 0 0 0 0 0 0 
1564 10 0 0 0 0 0 0 0 0 0 0 0 
1565 10 0 0 0 0 0 0 0 0 0 0 0 
1566 10 0 0 0 0 0 0 0 0 0 0 0 
1567 10 0 0 0 0 0 0 0 0 0 0 0 
1568 10 0 0 0 0 0 0 0 0 0 0 0 
1569 10 0 0 0 0 0 0 0 0 0 0 0 
1570 10 0 0 0 0 0 0 0 0 0 0 0 
1571 10 0 0 0 0 0 0 0 0 0 0 0 
1572 10 0 0 0 0 0 0 0 0 0 0 0 
1573 10 0 0 0 0 0 0 0 0 0 0 0 
1574 10 0 0 0 0 0 0 0 0 0 0 0 
1575 10 0 0 0 0 0 0 0 0 0 0 0 
1576 10 0 0 0 0 0 0 0 0 0 0 0 
1577 10 0 0 0 0 0 0 0 0 0 0 0 
1578 10 0 0 0 0 0 0 0 0 0 0 0 
1579 10 0 0 0 0 0 0 0 0 0 0 0 
1580 10 0 0 0 0 0 0 0 0 0 0 0 
1581 10 0 0 0 0 0 0 0 0 0 0 0 
1582 10 0 0 0 0 0 0 0 0 0 0 0 
1583 10 0 0 0 0 0 0 0 0 0 0 0 
1584 10 0 0 0 0 0 0 0 0 0 0 0 
1585 10 0 0 0 0 0 0 0 0 0 0 0 
1586 10 0 0 0 0 0 0 0 0 0 0 0 
1587 10 0 0 0 0 0 0 0 0 0 0 0 
1588 10 0 0 0 0 0 0 0 0 0 0 0 
1589 10 0 0 0 0 0 0 0 0 0 0 0 
1590 10 0 0 0 0 0 0 0 0 0 0 0 
1591 10 0 0 0 0 0 0 0 0 0 0 0 
1592 10 0 0 0 0 0 0 0 0 0 0 0 
1593 10 0 0 0 0 0 0 0 0 0 0 0 
1594 10 0 0 0 0 0 0 0 0 0 0 0 
1595 10 0 0 0 0 0 0 0 0 0 0 0 
1596 10 0 0 0 0 0 0 0 0 0 0 0 
1597 10 0 0 0 0 0 0 0 0 0 0 0 
1598 10 0 0 0 0 0 0 0 0 0 0 0 
1599 10 0 0 0 0 0 0 0 0 0 0 0 
1600 10 0 0 0 0 0 0 0 0 0 0 0 
1601 10 0 0 0 0 0 0 0 0 0 0 0 
1602 10 0 0 0 0 0 0 0 0 0 0 0 
1603 10 0 0 0 0 0 0 0 0 0 0 0 
1604 10 0 0 0 0 0 0 0 0 0 0 0 
1605 10 0 0 0 0 0 0 0 0 0 0 0 
1606 10 0 0 0 0 0 0 0 0 0 0 0 
1607 10 0 0 0 0 0 0 0 0 0 0 0 
1608 10 0 0 0 0 0 0 0 0 0 0 0 
1609 10 0 0 0 0 0 0 0 0 0 0 0 
1610 10 0 0 0 0 0 0 0 0 0 0 0 
1611 10 0 0 0 0 0 0 0 0 0 0 0 
1612 10 0 0 0 0 0 0 0 0 0 0 0 
1613 10 0 0 0 0 0 0 0 0 0 0 0 
1614 10 0 0 0 0 0 0 0 0 0 0 0 
1615 10 0 0 0 0 0 0 0 0 0 0 0 
1616 10 0 0 0 0 0 0 0 0 0 0 0 
1617 10 0 0 0 0 0 0 0 0 0 0 0 
1618 10 0 0 0 0 0 0 0 0 0 0 0 
1619 10 0 0 0 0 0 0 0 0 0 0 0 
1620 10 0 0 0 0 0 0 0 0 0 0 0 
1621 10 0 0 0 0 0 0 0 0 0 0 0 
1622 10 0 0 0 0 0 0 0 0 0 0 0 
1623 10 0 0 0 0 0 0 0 0 0 0 0 
1624 10 0 0 0 0 0 0 0 0 0 0 0 
1625 10 0 0 0 0 0 0 0 0 0 0 0 
1626 10 0 0 0 0 0 0 0 0 0 0 0 
1627 10 0 0 0 0 0 0 0 0 0 0 0 
1628 10 0 0 0 0 0 0 0 0 0 0 0 
1629 10 0 0 0 0 0 0 0 0 0 0 0 
1630 10 0 0 0 0 0 0 0 0 0 0 0 
1631 10 0 0 0 0 0 0 0 0 0 0 0 
1632 10 0 0 0 0 0 0 0 0 0 0 0 
1633 10 0 0 0 0 0 0 0 0 0 0 0 
1634 10 0 0 0 0 0 0 0 0 0 0 0 
1635 10 0 0 0 0 0 0 0 0 0 0 0 
1636 10 0 0 0 0 0 0 0 0 0 0 0 
1637 10 0 0 0 0 0 0 0 0 0 0 0 
1638 10 0 0 0 0 0 0 0 0 0 0 0 
1639 10 0 0 0 0 0 0 0 0 0 0 0 
1640 10 0 0 0 0 0 0 0 0 0 0 0 
1641 10 0 0 0 0 0 0 0 0 0 0 0 
1642 10 0 0 0 0 0 0 0 0 0 0 0 
1643 10 0 0 0 0 0 0 0 0 0 0 0 
1644 10 0 0 0 0 0 0 0 0 0 0 0 
1645 10 0 0 0 0 0 0 0 0 0 0 0 
1646 10 0 0 0 0 0 0 0 0 0 0 0 
1647 10 0 0 0 0 0 0 0 0 0 0 0 
1648 10 0 0 0 0 0 0 0 0 0 0 0 
1649 10 0 0 0 0 0 0 0 0 0 0 0 
1650 10 0 0 0 0 0 0 0 0 0 0 0 
1651 10 0 0 0 0 0 0 0 0 0 0 0 
1652 10 0 0 0 0 0 0 0 0 0 0 0 
1653 10 0 0 0 0 0 0 0 0 0 0 0 
1654 10 0 0 0 0 0 0 0 0 0 0 0 
1655 10 0 0 0 0 0 0 0 0 0 0 0 
1656 10 0 0 0 0 0 0 0 0 0 0 0 
1657 10 0 0 0 0 0 0 0 0 0 0 0 
1658 10 0 0 0 0 0 0 0 0 0 0 0 
1659 10 0 0 0 0 0 0 0 0 0 0 0 
1660 10 0 0 0 0 0 0 0 0 0 0 0 
1661 10 0 0 0 0 0 0 0 0 0 0 0 
1662 10 0 0 0 0 0 0 0 0 0 0 0 
1663 10 0 0 0 0 0 0 0 0 0 0 0 
1664 10 0 0 0 0 0 0 0 0 0 0 0 
1665 10 0 0 0 0 0 0 0 0 0 0 0 
1666 10 0 0 0 0 0 0 0 0 0 0 0 
1667 10 0 0 0 0 0 0 0 0 0 0 0 
1668 10 0 0 0 0 0 0 0 0 0 0 0 
1669 10 0 0 0 0 0 0 0 0 0 0 0 
1670 10 0 0 0 0 0 0 0 0 0 0 0 
1671 10 0 0 0 0 0 0 0 0 0 0 0 
1672 10 0 0 0 0 0 0 0 0 0 0 0 
1673 10 0 0 0 0 0 0 0 0 0 0 0 
1674 10 0 0 0 0 0 0 0 0 0 0 0 
1675 10 0 0 0 0 0 0 0 0 0 0 0 
1676 10 0 0 0 0 0 0 0 0 0 0 0 
1677 10 0 0 0 0 0 0 0 0 0 0 0 
1678 10 0 0 0 0 0 0 0 0 0 0 0 
1679 10 0 0 0 0 0 0 0 0 0 0 0 
1680 10 0 0 0 0 0 0 0 0 0 0 0 
1681 10 0 0 0 0 0 0 0 0 0 0 0 
1682 10 0 0 0 0 0 0 0 0 0 0 0 
1683 10 0 0 0 0 0 0 0 0 0 0 0 
1684 10 0 0 0 0 0 0 0 0 0 0 0 
1685 10 0 0 0 0 0 0 0 0 0 0 0 
1686 10 0 0 0 0 0 0 0 0 0 0 0 
1687 10 0 0 0 0 0 0 0 0 0 0 0 
1688 10 0 0 0 0 0 0 0 0 0 0 0 
1689 10 0 0 0 0 0 0 0 0 0 0 0 
1690 10 0 0 0 0 0 0 0 0 0 0 0 
1691 10 0 0 0 0 0 0 0 0 0 0 0 
1692 10 0 0 0 0 0 0 0 0 0 0 0 
1693 10 0 0 0 0 0 0 0 0 0 0 0 
1694 10 0 0 0 0 0 0 0 0 0 0 0 
1695 10 0 0 0 0 0 0 0 0 0 0 0 
1696 10 0 0 0 0 0 0 0 0 0 0 0 
1697 10 0 0 0 0 0 0 0 0 0 0 0 
1698 10 0 0 0 0 0 0 0 0 0 0 0 
1699 10 0 0 0 0 0 0 0 0 0 0 0 
1700 10 0 0 0 0 0 0 0 0 0 0 0 
1701 10 0 0 0 0 0 0 0 0 0 0 0 
1702 10 0 0 0 0 0 0 0 0 0 0 0 
1703 10 0 0 0 0 0 0 0 0 0 0 0 
1704 10 0 0 0 0 0 0 0 0 0 0 0 
1705 10 0 0 0 0 0 0 0 0 0 0 0 
1706 10 0 0 0 0 0 0 0 0 0 0 0 
1707 10 0 0 0 0 0 0 0 0 0 0 0 
1708 10 0 0 0 0 0 0 0 0 0 0 0 
1709 10 0 0 0 0 0 0 0 0 0 0 0 
1710 10 0 0 0 0 0 0 0 0 0 0 0 
1711 10 0 0 0 0 0 0 0 0 0 0 0 
1712 10 0 0 0 0 0 0 0 0 0 0 0 
1713 10 0 0 0 0 0 0 0 0 0 0 0 
1714 10 0 0 0 0 0 0 0 0 0 0 0 
1715 10 0 0 0 0 0 0 0 0 0 0 0 
1716 10 0 0 0 0 0 0 0 0 0 0 0 
1717 10 0 0 0 0 0 0 0 0 0 0 0 
1718 10 0 0 0 0 0 0 0 0 0 0 0 
1719 10 0 0 0 0 0 0 0 0 0 0 0 
1720 10 0 0 0 0 0 0 0 0 0 0 0 
1721 10 0 0 0 0 0 0 0 0 0 0 0 
1722 10 0 0 0 0 0 0 0 0 0 0 0 
1723 10 0 0 0 0 0 0 0 0 0 0 0 
1724 10 0 0 0 0 0 0 0 0 0 0 0 
1725 10 0 0 0 0 0 0 0 0 0 0 0 
1726 10 0 0 0 0 0 0 0 0 0 0 0 
1727 10 0 0 0 0 0 0 0 0 0 0 0 
1728 10 0 0 0 0 0 0 0 0 0 0 0 
1729 10 0 0 0 0 0 0 0 0 0 0 0 
1730 10 0 0 0 0 0 0 0 0 0 0 0 
1731 10 0 0 0 0 0 0 0 0 0 0 0 
1732 10 0 0 0 0 0 0 0 0 0 0 0 
1733 10 0 0 0 0 0 0 0 0 0 0 0 
1734 10 0 0 0 0 0 0 0 0 0 0 0 
1735 10 0 0 0 0 0 0 0 0 0 0 0 
1736 10 0 0 0 0 0 0 0 0 0 0 0 
1737 10 0 0 0 0 0 0 0 0 0 0 0 
1738 10 0 0 0 0 0 0 0 0 0 0 0 
1739 10 0 0 0 0 0 0 0 0 0 0 0 
1740 10 0 0 0 0 0 0 0 0 0 0 0 
1741 10 0 0 0 0 0 0 0 0 0 0 0 
1742 10 0 0 0 0 0 0 0 0 0 0 0 
1743 10 0 0 0 0 0 0 0 0 0 0 0 
1744 10 0 0 0 0 0 0 0 0 0 0 0 
1745 10 0 0 0 0 0 0 0 0 0 0 0 
1746 10 0 0 0 0 0 0 0 0 0 0 0 
1747 10 0 0 0 0 0 0 0 0 0 0 0 
1748 10 0 0 0 0 0 0 0 0 0 0 0 
1749 10 0 0 0 0 0 0 0 0 0 0 0 
1750 10 0 0 0 0 0 0 0 0 0 0 0 
1751 10 0 0 0 0 0 0 0 0 0 0 0 
1752 10 0 0 0 0 0 0 0 0 0 0 0 
1753 10 0 0 0 0 0 0 0 0 0 0 0 
1754 10 0 0 0 0 0 0 0 0 0 0 0 
1755 10 0 0 0 0 0 0 0 0 0 0 0 
1756 10 0 0 0 0 0 0 0 0 0 0 0 
1757 10 0 0 0 0 0 0 0 0 0 0 0 
1758 10 0 0 0 0 0 0 0 0 0 0 0 
1759 10 0 0 0 0 0 0 0 0 0 0 0 
1760 10 0 0 0 0 0 0 0 0 0 0 0 
1761 10 0 0 0 0 0 0 0 0 0 0 0 
1762 10 0 0 0 0 0 0 0 0 0 0 0 
1763 10 0 0 0 0 0 0 0 0 0 0 0 
1764 10 0 0 0 0 0 0 0 0 0 0 0 
1765 10 0 0 0 0 0 0 0 0 0 0 0 
1766 10 0 0 0 0 0 0 0 0 0 0 0 
1767 10 0 0 0 0 0 0 0 0 0 0 0 
1768 10 0 0 0 0 0 0 0 0 0 0 0 
1769 10 0 0 0 0 0 0 0 0 0 0 0 
1770 10 0 0 0 0 0 0 0 0 0 0 0 
1771 10 0 0 0 0 0 0 0 0 0 0 0 
1772 10 0 0 0 0 0 0 0 0 0 0 0 
1773 10 0 0 0 0 0 0 0 0 0 0 0 
1774 10 0 0 0 0 0 0 0 0 0 0 0 
1775 10 0 0 0 0 0 0 0 0 0 0 0 
1776 10 0 0 0 0 0 0 0 0 0 0 0 
1777 10 0 0 0 0 0 0 0 0 0 0 0 
1778 10 0 0 0 0 0 0 0 0 0 0 0 
1779 10 0 0 0 0 0 0 0 0 0 0 0 
1780 10 0 0 0 0 0 0 0 0 0 0 0 
1781 10 0 0 0 0 0 0 0 0 0 0 0 
1782 10 0 0 0 0 0 0 0 0 0 0 0 
1783 10 0 0 0 0 0 0 0 0 0 0 0 
1784 10 0 0 0 0 0 0 0 0 0 0 0 
1785 10 0 0 0 0 0 0 0 0 0 0 0 
1786 10 0 0 0 0 0 0 0 0 0 0 0 
1787 10 0 0 0 0 0 0 0 0 0 0 0 
1788 10 0 0 0 0 0 0 0 0 0 0 0 
1789 10 0 0 0 0 0 0 0 0 0 0 0 
1790 10 0 0 0 0 0 0 0 0 0 0 0 
1791 10 0 0 0 0 0 0 0 0 0 0 0 
1792 10 0 0 0 0 0 0 0 0 0 0 0 
1793 10 0 0 0 0 0 0 0 0 0 0 0 
1794 10 0 0 0 0 0 0 0 0 0 0 0 
1795 10 0 0 0 0 0 0 0 0 0 0 0 
1796 10 0 0 0 0 0 0 0 0 0 0 0 
1797 10 0 0 0 0 0 0 0 0 0 0 0 
1798 10 0 0 0 0 0 0 0 0 0 0 0 
1799 10 0 0 0 0 0 0 0 0 0 0 0 
1800 10 0 0 0 0 0 0 0 0 0 0 0 
1801 10 0 0 0 0 0 0 0 0 0 0 0 
1802 10 0 0 0 0 0 0 0 0 0 0 0 
1803 10 0 0 0 0 0 0 0 0 0 0 0 
1804 10 0 0 0 0 0 0 0 0 0 0 0 
1805 10 0 0 0 0 0 0 0 0 0 0 0 
1806 10 0 0 0 0 0 0 0 0 0 0 0 
1807 10 0 0 0 0 0 0 0 0 0 0 0 
1808 10 0 0 0 0 0 0 0 0 0 0 0 
1809 10 0 0 0 0 0 0 0 0 0 0 0 
1810 10 0 0 0 0 0 0 0 0 0 0 0 
1811 10 0 0 0 0 0 0 0 0 0 0 0 
1812 10 0 0 0 0 0 0 0 0 0 0 0 
1813 10 0 0 0 0 0 0 0 0 0 0 0 
1814 10 0 0 0 0 0 0 0 0 0 0 0 
1815 10 0 0 0 0 0 0 0 0 0 0 0 
1816 10 0 0 0 0 0 0 0 0 0 0 0 
1817 10 0 0 0 0 0 0 0 0 0 0 0 
1818 10 0 0 0 0 0 0 0 0 0 0 0 
1819 10 0 0 0 0 0 0 0 0 0 0 0 
1820 10 0 0 0 0 0 0 0 0 0 0 0 
1821 10 0 0 0 0 0 0 0 0 0 0 0 
1822 10 0 0 0 0 0 0 0 0 0 0 0 
1823 10 0 0 0 0 0 0 0 0 0 0 0 
1824 10 0 0 0 0 0 0 0 0 0 0 0 
1825 10 0 0 0 0 0 0 0 0 0 0 0 
1826 10 0 0 0 0 0 0 0 0 0 0 0 
1827 10 0 0 0 0 0 0 0 0 0 0 0 
1828 10 0 0 0 0 0 0 0 0 0 0 0 
1829 10 0 0 0 0 0 0 0 0 0 0 0 
1830 10 0 0 0 0 0 0 0 0 0 0 0 
1831 10 0 0 0 0 0 0 0 0 0 0 0 
1832 10 0 0 0 0 0 0 0 0 0 0 0 
1833 10 0 0 0 0 0 0 0 0 0 0 0 
1834 10 0 0 0 0 0 0 0 0 0 0 0 
1835 10 0 0 0 0 0 0 0 0 0 0 0 
1836 10 0 0 0 0 0 0 0 0 0 0 0 
1837 10 0 0 0 0 0 0 0 0 0 0 0 
1838 10 0 0 0 0 0 0 0 0 0 0 0 
1839 10 0 0 0 0 0 0 0 0 0 0 0 
1840 10 0 0 0 0 0 0 0 0 0 0 0 
1841 10 0 0 0 0 0 0 0 0 0 0 0 
1842 10 0 0 0 0 0 0 0 0 0 0 0 
1843 10 0 0 0 0 0 0 0 0 0 0 0 
1844 10 0 0 0 0 0 0 0 0 0 0 0 
1845 10 0 0 0 0 0 0 0 0 0 0 0 
1846 10 0 0 0 0 0 0 0 0 0 0 0 
1847 10 0 0 0 0 0 0 0 0 0 0 0 
1848 10 0 0 0 0 0 0 0 0 0 0 0 
1849 10 0 0 0 0 0 0 0 0 0 0 0 
1850 10 0 0 0 0 0 0 0 0 0 0 0 
1851 10 0 0 0 0 0 0 0 0 0 0 0 
1852 10 0 0 0 0 0 0 0 0 0 0 0 
1853 10 0 0 0 0 0 0 0 0 0 0 0 
1854 10 0 0 0 0 0 0 0 0 0 0 0 
1855 10 0 0 0 0 0 0 0 0 0 0 0 
1856 10 0 0 0 0 0 0 0 0 0 0 0 
1857 10 0 0 0 0 0 0 0 0 0 0 0 
1858 10 0 0 0 0 0 0 0 0 0 0 0 
1859 10 0 0 0 0 0 0 0 0 0 0 0 
1860 10 0 0 0 0 0 0 0 0 0 0 0 
1861 10 0 0 0 0 0 0 0 0 0 0 0 
1862 10 0 0 0 0 0 0 0 0 0 0 0 
1863 10 0 0 0 0 0 0 0 0 0 0 0 
1864 10 0 0 0 0 0 0 0 0 0 0 0 
1865 10 0 0 0 0 0 0 0 0 0 0 0 
1866 10 0 0 0 0 0 0 0 0 0 0 0 
1867 10 0 0 0 0 0 0 0 0 0 0 0 
1868 10 0 0 0 0 0 0 0 0 0 0 0 
1869 10 0 0 0 0 0 0 0 0 0 0 0 
1870 10 0 0 0 0 0 0 0 0 0 0 0 
1871 10 0 0 0 0 0 0 0 0 0 0 0 
1872 10 0 0 0 0 0 0 0 0 0 0 0 
1873 10 0 0 0 0 0 0 0 0 0 0 0 
1874 10 0 0 0 0 0 0 0 0 0 0 0 
1875 10 0 0 0 0 0 0 0 0 0 0 0 
1876 10 0 0 0 0 0 0 0 0 0 0 0 
1877 10 26 0 0 0 0 0 0 0 0 0 0 
1878 10 27 0 0 0 0 0 0 0 0 0 0 
1879 10 28 0 0 0 0 0 0 0 0 0 0 
1880 10 29 0 0 0 0 0 0 0 0 0 0 
1881 10 30 0 0 0 0 0 0 0 0 0 0 
1882 10 31 0 0 0 0 0 0 0 0 0 0 
1883 10 0 0 0 0 0 0 0 0 0 0 0 
1884 10 0 0 0 0 0 0 0 0 0 0 0 
1885 10 0 0 0 0 0 0 0 0 0 0 0 
1886 10 0 0 0 0 0 0 0 0 0 0 0 
1887 10 0 0 0 0 0 0 0 0 0 0 0 
1888 10 0 0 0 0 0 0 0 0 0 0 0 
1889 10 0 0 0 0 0 0 0 0 0 0 0 
1890 10 0 0 0 0 0 0 0 0 0 0 0 
1891 10 0 0 0 0 0 0 0 0 0 0 0 
1892 10 0 0 0 0 0 0 0 0 0 0 0 
1893 10 0 0 0 0 0 0 0 0 0 0 0 
1894 10 0 0 0 0 0 0 0 0 0 0 0 
1895 10 0 0 0 0 0 0 0 0 0 0 0 
1896 10 0 0 0 0 0 0 0 0 0 0 0 
1897 10 0 0 0 0 0 0 0 0 0 0 0 
1898 10 0 0 0 0 0 0 0 0 0 0 0 
1899 10 0 0 0 0 0 0 0 0 0 0 0 
1900 10 0 0 0 0 0 0 0 0 0 0 0 
1901 10 0 0 0 0 0 0 0 0 0 0 0 
1902 10 0 0 0 0 0 0 0 0 0 0 0 
1903 10 0 0 0 0 0 0 0 0 0 0 0 
1904 10 0 0 0 0 0 0 0 0 0 0 0 
1905 10 0 0 0 0 0 0 0 0 0 0 0 
1906 10 0 0 0 0 0 0 0 0 0 0 0 
1907 10 0 0 0 0 0 0 0 0 0 0 0 
1908 10 0 0 0 0 0 0 0 0 0 0 0 
1909 10 0 0 0 0 0 0 0 0 0 0 0 
1910 10 0 0 0 0 0 0 0 0 0 0 0 
1911 10 0 0 0 0 0 0 0 0 0 0 0 
1912 10 0 0 0 0 0 0 0 0 0 0 0 
1913 10 0 0 0 0 0 0 0 0 0 0 0 
1914 10 0 0 0 0 0 0 0 0 0 0 0 
1915 10 0 0 0 0 0 0 0 0 0 0 0 
1916 10 0 0 0 0 0 0 0 0 0 0 0 
1917 10 0 0 0 0 0 0 0 0 0 0 0 
1918 10 0 0 0 0 0 0 0 0 0 0 0 
1919 10 0 0 0 0 0 0 0 0 0 0 0 
1920 10 0 0 0 0 0 0 0 0 0 0 0 
1921 10 0 0 0 0 0 0 0 0 0 0 0 
1922 10 0 0 0 0 0 0 0 0 0 0 0 
1923 10 0 0 0 0 0 0 0 0 0 0 0 
1924 10 0 0 0 0 0 0 0 0 0 0 0 
1925 10 0 0 0 0 0 0 0 0 0 0 0 
1926 10 0 0 0 0 0 0 0 0 0 0 0 
1927 10 0 0 0 0 0 0 0 0 0 0 0 
1928 10 0 0 0 0 0 0 0 0 0 0 0 
1929 10 0 0 0 0 0 0 0 0 0 0 0 
1930 10 0 0 0 0 0 0 0 0 0 0 0 
1931 10 0 0 0 0 0 0 0 0 0 0 0 
1932 10 0 0 0 0 0 0 0 0 0 0 0 
1933 10 0 0 0 0 0 0 0 0 0 0 0 
1934 10 0 0 0 0 0 0 0 0 0 0 0 
1935 10 0 0 0 0 0 0 0 0 0 0 0 
1936 10 0 0 0 0 0 0 0 0 0 0 0 
1937 10 0 0 0 0 0 0 0 0 0 0 0 
1938 10 0 0 0 0 0 0 0 0 0 0 0 
1939 10 0 0 0 0 0 0 0 0 0 0 0 
1940 10 0 0 0 0 0 0 0 0 0 0 0 
1941 10 0 0 0 0 0 0 0 0 0 0 0 
1942 10 0 0 0 0 0 0 0 0 0 0 0 
1943 10 0 0 0 0 0 0 0 0 0 0 0 
1944 10 0 0 0 0 0 0 0 0 0 0 0 
1945 10 0 0 0 0 0 0 0 0 0 0 0 
1946 10 0 0 0 0 0 0 0 0 0 0 0 
1947 10 0 0 0 0 0 0 0 0 0 0 0 
1948 10 0 0 0 0 0 0 0 0 0 0 0 
1949 10 0 0 0 0 0 0 0 0 0 0 0 
1950 10 0 0 0 0 0 0 0 0 0 0 0 
1951 10 36 0 0 0 0 0 0 0 0 0 0 
1952 10 37 0 0 0 0 0 0 0 0 0 0 
1953 10 38 0 0 0 0 0 0 0 0 0 0 
1954 10 39 0 0 0 0 0 0 0 0 0 0 
1955 10 40 0 0 0 0 0 0 0 0 0 0 
1956 10 41 0 0 0 0 0 0 0 0 0 0 
1957 10 0 0 0 0 0 0 0 0 0 0 0 
1958 10 0 0 0 0 0 0 0 0 0 0 0 
1959 10 43 0 0 0 0 0 0 0 0 0 0 
1960 10 44 0 0 0 0 0 0 0 0 0 0 
1961 10 45 0 0 0 0 0 0 0 0 0 0 
1962 10 46 0 0 0 0 0 0 0 0 0 0 
1963 10 0 0 0 0 0 0 0 0 0 0 0 
1964 10 0 0 0 0 0 0 0 0 0 0 0 
1965 10 0 0 0 0 0 0 0 0 0 0 0 
1966 10 0 0 0 0 0 0 0 0 0 0 0 
1967 10 48 0 0 0 0 0 0 0 0 0 0 
1968 10 49 0 0 0 0 0 0 0 0 0 0 
1969 10 50 0 0 0 0 0 0 0 0 0 0 
1970 10 51 0 0 0 0 0 0 0 0 0 0 
1971 10 52 0 0 0 0 0 0 0 0 0 0 
1972 10 53 0 0 0 0 0 0 0 0 0 0 
1973 10 0 0 0 0 0 0 0 0 0 0 0 
1974 10 0 0 0 0 0 0 0 0 0 0 0 
1975 10 0 0 0 0 0 0 0 0 0 0 0 
1976 10 0 0 0 0 0 0 0 0 0 0 0 
1977 10 0 0 0 0 0 0 0 0 0 0 0 
1978 10 0 0 0 0 0 0 0 0 0 0 0 
1979 10 0 0 0 0 0 0 0 0 0 0 0 
1980 10 0 0 0 0 0 0 0 0 0 0 0 
1981 10 0 0 0 0 0 0 0 0 0 0 0 
1982 10 0 0 0 0 0 0 0 0 0 0 0 
1983 10 0 0 0 0 0 0 0 0 0 0 0 
1984 10 0 0 0 0 0 0 0 0 0 0 0 
1985 10 0 0 0 0 0 0 0 0 0 0 0 
1986 10 0 0 0 0 0 0 0 0 0 0 0 
1987 10 0 0 0 0 0 0 0 0 0 0 0 
1988 10 0 0 0 0 0 0 0 0 0 0 0 
1989 10 0 0 0 0 0 0 0 0 0 0 0 
1990 10 0 0 0 0 0 0 0 0 0 0 0 
1991 10 0 0 0 0 0 0 0 0 0 0 0 
1992 10 0 0 0 0 0 0 0 0 0 0 0 
1993 10 0 0 0 0 0 0 0 0 0 0 0 
1994 10 0 0 0 0 0 0 0 0 0 0 0 
1995 10 0 0 0 0 0 0 0 0 0 0 0 
1996 10 0 0 0 0 0 0 0 0 0 0 0 
1997 10 0 0 0 0 0 0 0 0 0 0 0 
1998 10 0 0 0 0 0 0 0 0 0 0 0 
1999 10 0 0 0 0 0 0 0 0 0 0 0 
2000 10 0 0 0 0 0 0 0 0 0 0 0 
2001 10 0 0 0 0 0 0 0 0 0 0 0 
2002 10 0 0 0 0 0 0 0 0 0 0 0 
2003 10 0 0 0 0 0 0 0 0 0 0 0 
2004 10 0 0 0 0 0 0 0 0 0 0 0 
2005 10 0 0 0 0 0 0 0 0 0 0 0 
2006 10 0 0 0 0 0 0 0 0 0 0 0 
2007 10 0 0 0 0 0 0 0 0 0 0 0 
2008 10 0 0 0 0 0 0 0 0 0 0 0 
2009 10 0 0 0 0 0 0 0 0 0 0 0 
2010 10 0 0 0 0 0 0 0 0 0 0 0 
2011 10 0 0 0 0 0 0 0 0 0 0 0 
2012 10 0 0 0 0 0 0 0 0 0 0 0 
2013 10 0 0 0 0 0 0 0 0 0 0 0 
2014 10 0 0 0 0 0 0 0 0 0 0 0 
2015 10 0 0 0 0 0 0 0 0 0 0 0 
2016 10 0 0 0 0 0 0 0 0 0 0 0 
2017 10 0 0 0 0 0 0 0 0 0 0 0 
2018 10 0 0 0 0 0 0 0 0 0 0 0 
2019 10 0 0 0 0 0 0 0 0 0 0 0 
2020 10 0 0 0 0 0 0 0 0 0 0 0 
2021 10 0 0 0 0 0 0 0 0 0 0 0 
2022 10 0 0 0 0 0 0 0 0 0 0 0 
2023 10 0 0 0 0 0 0 0 0 0 0 0 
2024 10 0 0 0 0 0 0 0 0 0 0 0 
2025 10 0 0 0 0 0 0 0 0 0 0 0 
2026 10 0 0 0 0 0 0 0 0 0 0 0 
2027 10 0 0 0 0 0 0 0 0 0 0 0 
2028 10 0 0 0 0 0 0 0 0 0 0 0 
2029 10 0 0 0 0 0 0 0 0 0 0 0 
2030 10 0 0 0 0 0 0 0 0 0 0 0 
2031 10 0 0 0 0 0 0 0 0 0 0 0 
2032 10 0 0 0 0 0 0 0 0 0 0 0 
2033 10 0 0 0 0 0 0 0 0 0 0 0 
2034 10 0 0 0 0 0 0 0 0 0 0 0 
2035 10 0 0 0 0 0 0 0 0 0 0 0 
2036 10 0 0 0 0 0 0 0 0 0 0 0 
2037 10 0 0 0 0 0 0 0 0 0 0 0 
2038 10 0 0 0 0 0 0 0 0 0 0 0 
2039 10 0 0 0 0 0 0 0 0 0 0 0 
2040 10 0 0 0 0 0 0 0 0 0 0 0 
2041 10 0 0 0 0 0 0 0 0 0 0 0 
2042 10 0 0 0 0 0 0 0 0 0 0 0 
2043 10 0 0 0 0 0 0 0 0 0 0 0 
2044 10 0 0 0 0 0 0 0 0 0 0 0 
2045 10 0 0 0 0 0 0 0 0 0 0 0 
2046 10 0 0 0 0 0 0 0 0 0 0 0 

0 4 1 0 bottle_1 0.00611621 1 32 -64 30 
1 4 1 0 bottle_1 0.0983607 1 -18 66 96 
2 4 1 0 bottle_1 0.545455 2 -23 66 318 22 66 180 
3 4 1 0 bottle_1 0.97537 33 22 66 318 22 66 186 22 66 342 32 71 36 32 61 30 27 91 30 32 91 6 32 86 36 17 91 6 22 91 318 27 91 186 32 91 354 27 91 240 32 91 96 -18 91 96 32 91 204 22 91 48 32 91 144 32 86 126 32 91 90 32 91 180 32 86 204 32 91 342 32 86 96 32 86 186 27 86 318 -18 91 72 32 91 66 27 91 48 32 91 48 -18 91 66 -18 91 138 -18 91 48 
4 4 1 0 bottle_1 0.347826 4 -28 81 66 32 81 342 32 61 342 -28 71 96 
5 4 1 0 bottle_1 0.993954 137 -23 91 72 -28 91 186 -28 91 276 -28 71 144 -28 91 66 -28 66 66 -28 86 72 -28 76 96 -23 76 72 -28 71 126 -28 76 66 -28 81 30 -28 76 126 -23 81 72 -23 76 48 -28 71 72 -23 86 66 -23 91 90 32 61 204 32 76 324 -23 81 48 32 66 204 -28 86 342 -23 66 66 -23 86 48 -23 91 126 32 76 30 32 66 36 32 66 354 -23 71 144 -28 71 66 -28 66 36 -28 81 324 -28 76 324 -28 76 72 -28 86 36 -28 81 144 -28 71 342 -28 86 324 -28 66 96 -28 76 180 -28 71 204 -28 76 36 -28 71 30 32 81 138 -28 86 186 -28 71 90 -28 81 186 -28 81 318 -28 76 354 -28 91 318 -28 66 126 -28 91 96 -28 86 204 -28 66 72 -28 71 138 -28 91 36 -28 86 318 32 66 48 -23 91 342 -23 91 36 22 86 240 22 81 324 -23 81 324 22 76 180 27 76 36 -23 76 354 32 76 90 27 81 138 27 76 6 27 76 90 -23 71 126 27 71 354 27 81 96 27 71 186 27 86 48 32 86 180 32 66 72 32 81 90 32 66 276 27 86 180 27 66 354 -28 71 276 22 71 324 -23 66 72 32 71 90 32 86 30 -28 71 6 32 76 342 32 71 318 32 61 324 32 86 324 32 71 186 32 81 240 27 76 186 27 71 180 27 86 96 22 86 276 32 76 276 32 76 126 32 71 72 32 71 240 27 66 36 32 71 66 27 81 90 22 71 240 32 61 180 -23 91 186 27 66 324 32 61 186 -23 86 36 32 61 6 27 66 72 32 61 96 27 66 96 32 61 66 -23 66 48 32 66 144 -23 66 354 -23 86 30 -23 71 180 22 81 48 -23 81 180 -23 66 90 22 76 48 -23 86 180 22 71 48 -23 66 126 -28 66 144 -23 86 186 22 86 138 -28 66 204 -28 61 66 32 61 90 -28 66 240 22 81 6 22 71 6 
6 4 1 0 bottle_1 1 6 27 61 36 22 71 354 27 61 240 27 61 6 22 66 6 17 71 204 
7 4 1 0 bottle_1 1 2 -23 86 204 -18 86 90 
8 4 1 0 bottle_1 0.878049 6 -3 91 6 -3 91 36 -3 91 30 -3 91 48 -8 66 354 -8 91 72 
9 4 1 0 bottle_1 1 14 7 66 144 -18 91 324 12 91 186 12 91 48 12 91 66 12 91 90 12 91 72 -13 91 90 7 91 6 -13 91 126 7 91 36 -13 91 138 2 91 6 2 91 30 
10 4 1 0 bottle_1 1 1 -8 91 48 
11 4 1 0 bottle_1 0.545455 1 -18 91 240 
12 4 1 0 bottle_1 0.0528634 2 17 91 96 17 91 90 
13 4 1 0 bottle_1 0.00696864 1 32 -39 276 
14 4 1 0 bottle_1 0.285714 1 32 56 318 
15 4 1 0 bottle_1 1 8 32 46 276 32 51 240 32 1 276 32 -54 240 32 51 342 32 56 180 32 -19 342 32 -54 204 
16 4 1 0 bottle_1 1 4 32 56 36 32 56 342 32 -14 342 32 -19 240 
17 4 1 0 bottle_1 1 12 32 -29 342 32 -64 204 32 -39 240 32 -14 204 32 -74 276 32 -59 204 32 -84 204 32 -9 204 32 -79 240 32 6 240 32 1 240 32 1 324 
18 4 1 0 bottle_1 0.935065 12 32 -54 342 32 -34 324 32 -39 324 32 -54 324 32 1 126 32 -14 126 32 -29 36 32 -64 354 32 -49 48 32 -54 48 32 -59 48 32 -64 48 
19 4 1 0 bottle_1 0.00189215 1 -8 91 36 
20 4 1 0 bottle_1 0.000729395 1 32 -89 324 
21 4 1 0 bottle_1 0.0240843 8 7 -59 90 7 -54 90 12 -54 72 2 -39 96 7 -49 90 7 -44 90 2 -44 96 12 -44 72 
22 4 0 
23 4 0 
24 4 1 0 bottle_1 0.146341 1 -18 -34 180 
25 4 1 0 bottle_1 1 10 32 -39 90 32 -79 324 32 -34 90 32 -49 66 32 -49 318 32 -84 72 32 -39 96 32 -84 66 27 -44 72 27 -39 48 
26 4 1 0 bottle_1 1 56 17 21 180 12 21 180 12 21 318 17 21 318 2 21 204 12 -29 144 -18 26 30 12 -29 138 -13 26 30 22 26 318 -3 26 6 -8 26 6 -13 21 36 -3 26 354 -23 26 144 -23 26 30 -23 26 36 27 26 72 22 21 318 27 26 66 -23 26 48 27 26 48 -28 26 6 -3 -34 180 22 16 318 -28 31 72 17 -34 90 17 -34 96 -28 26 354 12 -34 96 -28 26 36 -8 -34 186 -13 -34 204 -28 21 276 -28 21 324 -28 21 342 -13 -34 186 -3 -29 138 -28 16 6 -18 -29 186 2 -34 126 -23 11 48 -23 11 72 22 -29 96 -3 -34 126 -13 -34 144 22 -34 90 -23 -29 204 -23 -29 186 -18 -39 36 27 -29 96 27 -29 90 -23 -29 48 -23 -39 144 27 -44 66 -23 -54 186 
27 4 1 0 bottle_1 0.545455 1 -28 -84 186 
28 4 1 0 bottle_1 0.991974 103 2 -59 126 27 -9 144 27 -4 144 32 -44 30 27 36 6 22 16 6 27 -34 66 27 -34 72 12 -9 318 27 11 36 27 36 324 27 26 30 27 26 354 27 26 36 22 11 6 27 11 30 27 36 318 27 21 72 -3 -9 354 27 41 6 22 -59 90 22 16 276 27 21 66 27 -4 354 22 36 6 27 36 36 27 -59 66 27 36 30 27 36 48 27 -49 72 27 36 144 27 11 72 27 6 36 22 11 276 -18 46 36 -23 46 48 -13 46 90 -23 46 30 -23 46 6 27 -54 204 27 6 6 27 -29 66 -18 46 354 22 6 276 22 46 6 27 41 180 27 41 144 -18 46 6 32 -54 30 27 16 126 -23 46 138 27 -29 72 27 46 72 27 46 90 -18 46 66 27 11 126 22 46 240 27 46 66 22 11 318 27 -4 342 -18 46 90 22 16 240 27 26 126 -23 46 144 2 -4 342 22 26 240 27 46 126 -3 -69 138 27 36 72 27 1 72 27 11 96 -18 46 342 32 -49 186 12 -49 144 27 36 126 27 -14 354 -13 46 48 22 16 66 -18 46 96 27 -4 6 27 31 66 -18 46 324 27 -34 48 27 36 66 27 41 96 -18 46 318 27 6 126 27 -19 342 -13 -9 30 27 31 96 32 -59 186 27 -19 204 -13 -59 90 22 -54 6 22 46 324 32 -49 72 27 -24 324 27 -59 342 32 -64 36 27 -29 342 27 -19 324 27 41 66 27 -4 72 
29 4 1 0 bottle_1 0.990022 1819 -18 41 144 27 -49 354 -13 46 126 27 -49 240 22 46 342 -18 41 36 -13 46 36 -18 41 318 27 -34 318 27 -4 324 27 -49 48 32 -69 48 27 -19 354 7 -59 48 22 16 30 22 16 48 17 11 240 22 -59 6 22 -4 6 -13 -4 30 -18 41 30 22 51 180 -28 -59 240 32 -84 126 27 -24 186 -13 41 126 -23 -59 36 27 -24 48 22 41 30 -13 46 180 -23 -64 30 27 -24 66 27 1 96 22 -34 72 27 -24 72 22 21 48 27 1 126 -13 46 354 -13 41 36 -28 41 6 -28 41 204 27 -19 48 -23 -59 30 32 -79 318 -13 -9 36 -23 -64 6 22 46 66 22 -9 342 22 -4 240 27 -64 342 27 -54 96 22 6 144 22 -54 90 17 -59 90 27 -4 90 22 26 36 32 -54 72 22 21 90 27 -9 96 27 -39 318 27 -14 96 -23 -59 6 32 -84 36 22 6 66 22 1 36 -18 41 186 -13 -14 30 2 -14 204 -28 41 354 22 -14 342 2 1 204 27 -19 180 32 -84 138 27 -14 90 -13 46 186 22 21 96 22 -4 36 22 -4 30 -23 41 66 27 -4 126 32 -84 30 -8 46 96 -13 46 6 -18 -64 30 22 -9 36 -23 -64 240 27 -69 66 -18 -59 30 -23 41 72 -23 41 30 22 16 96 22 6 90 32 -59 30 -13 41 354 -13 41 30 -28 -54 240 27 -4 180 27 -9 126 22 16 72 -23 41 354 32 -49 138 27 -59 96 22 -4 342 22 11 342 -13 41 6 17 46 240 32 -69 318 22 46 144 27 -19 72 27 -19 126 32 -79 36 27 -4 318 27 -29 180 32 -74 66 22 46 126 32 -89 48 -13 -4 6 27 -44 318 27 -19 66 17 51 90 -18 -59 204 22 1 66 -18 -64 48 22 -9 204 22 21 72 22 -49 6 27 -49 276 27 -74 72 -23 -49 36 22 -14 30 17 51 276 32 -79 48 -18 -59 240 27 -24 144 27 -44 138 22 6 72 27 -44 354 22 -4 72 -8 46 204 27 -79 240 -8 -59 138 -18 -54 186 27 -49 138 22 -4 48 22 11 180 -8 -54 72 -13 -14 36 27 -24 90 22 1 72 -3 -49 72 -18 41 240 22 -24 318 32 -64 180 -28 -14 204 27 -34 6 12 46 72 -13 41 318 27 -59 240 17 46 66 17 -64 90 12 11 318 -23 -29 66 17 46 72 2 46 72 32 -79 72 -13 -14 6 12 46 324 22 31 180 -18 -64 318 -23 -34 66 2 -59 66 17 -14 318 -13 -59 36 22 41 186 22 -54 276 22 -4 180 32 -74 6 22 -24 66 22 -4 90 22 21 138 -23 -14 72 -23 41 96 22 -24 204 22 -19 180 32 -44 126 17 6 30 27 -39 354 27 -74 240 32 -79 90 -23 -44 66 32 -54 126 27 -69 342 22 -9 66 32 -74 138 27 -64 96 22 -49 72 22 1 96 17 31 240 12 46 66 -18 -69 186 -23 -54 240 17 46 276 22 -24 144 -13 -44 186 22 -44 342 17 -9 318 -13 1 6 27 -24 96 27 -79 324 27 -84 138 -28 16 342 -23 -29 72 -23 -24 72 17 1 36 27 -84 180 22 -44 354 17 -4 48 22 26 144 17 6 276 27 -84 342 17 1 66 32 -74 72 32 -79 96 22 -14 72 32 -49 6 32 -49 144 17 31 30 22 31 90 17 51 342 17 -34 318 2 41 72 -3 46 96 -18 -59 318 32 -84 96 22 -14 90 22 41 204 22 -24 30 7 41 66 22 -19 66 -23 -14 126 22 1 354 -23 -64 342 17 -44 126 12 -54 144 32 -29 96 7 41 96 12 16 180 -3 46 126 17 26 72 12 46 342 17 6 318 7 46 90 -8 -64 204 7 41 180 32 -54 354 27 -79 138 -13 -49 96 27 -29 126 -13 41 180 17 51 354 -18 -49 36 17 21 36 -3 16 354 22 -39 354 32 -74 30 -13 -39 186 32 -89 72 22 -29 318 12 46 96 32 -69 186 22 36 72 7 -54 144 32 -59 90 -8 41 72 -8 -59 6 -8 -4 96 32 -59 354 -8 46 48 -23 6 144 17 -19 66 2 46 66 2 46 90 17 36 66 32 -74 90 -3 46 66 -13 -54 180 27 -64 240 -23 -64 72 17 46 354 -3 26 72 -3 21 354 12 -64 30 2 41 96 2 46 126 17 -29 276 2 41 48 17 -24 240 -23 -44 72 17 -39 318 -3 -59 126 22 16 186 22 -54 72 27 -74 180 2 -64 66 -13 -54 6 32 -89 186 7 -9 186 27 -54 144 -3 -39 138 27 -74 324 22 21 126 -23 -64 276 22 -59 72 17 -49 318 22 -14 324 -3 41 138 22 -9 96 2 46 96 -8 1 96 -23 -44 96 17 16 72 17 -34 276 17 -44 318 17 21 72 -23 -19 138 22 -9 324 -28 31 36 32 -79 66 -28 -54 342 17 -19 186 -23 -59 66 12 41 72 27 -74 186 12 1 324 -3 36 72 12 -49 240 17 -24 90 27 -69 204 32 -69 144 7 31 96 27 -69 96 -8 6 96 22 31 204 22 36 138 -23 -29 30 -18 -64 90 27 -79 144 -13 -19 36 17 -19 324 2 41 318 -28 -54 318 7 46 324 27 -79 48 27 -39 144 -23 6 36 -13 -4 126 -28 36 354 -18 -49 240 22 -44 96 -23 -49 66 22 31 72 2 -64 48 -23 16 30 2 41 342 17 6 48 17 -69 90 27 -69 240 7 1 186 -23 6 72 -8 11 96 -13 41 204 27 -84 72 -28 -69 30 17 11 66 -28 -59 180 -28 -74 204 32 -69 30 -23 -54 204 -3 -39 126 32 -69 138 -23 21 180 2 -19 204 -8 -59 342 22 -19 96 12 41 48 22 41 144 17 16 96 -18 -49 186 17 31 72 27 -54 126 2 21 342 27 -34 30 32 -49 96 17 -4 324 22 26 204 17 6 324 7 -4 324 7 36 48 27 -74 96 17 21 66 -23 -44 6 -8 46 342 -23 21 144 -23 -39 6 17 -49 6 22 -29 6 17 16 66 -3 -14 90 -23 11 180 12 21 240 7 11 324 7 46 144 22 36 354 22 -54 318 -23 -59 318 22 -49 126 -13 1 36 -8 41 204 -8 -49 276 -8 -4 138 7 -9 72 32 -69 72 -3 46 6 -18 31 36 -8 -64 6 -18 -34 66 -13 -19 30 7 41 318 17 -64 126 -3 -9 90 27 -69 144 32 -44 96 -3 16 72 -23 -24 36 -13 -59 342 17 11 96 7 46 342 32 -69 6 27 -84 48 27 -49 318 17 -49 90 17 11 48 -13 -19 126 -3 -29 126 22 41 126 7 46 276 27 -54 324 27 -84 6 -23 -29 240 17 -24 186 22 -44 240 17 -54 90 -8 -19 96 7 -9 318 27 -79 96 7 16 96 7 41 342 -18 -19 144 -18 -74 186 12 46 138 17 1 324 -23 16 138 -18 -9 144 7 31 48 -28 -69 342 -3 -19 90 -13 -44 36 17 -4 90 12 -4 186 17 -39 180 -8 -9 354 22 -64 138 22 -14 144 -8 31 126 12 41 318 7 46 6 17 -34 324 27 -74 126 17 6 72 2 41 6 7 41 144 -23 -19 180 32 -64 96 22 -84 276 -3 41 30 -8 41 342 -28 -69 318 -23 -59 342 32 -69 96 32 -64 144 7 -39 144 -3 41 354 12 -64 138 17 31 66 -3 -59 276 -3 46 180 -8 46 36 -3 -54 276 -13 -69 36 -3 -64 186 22 -44 126 -3 41 324 12 26 318 12 41 276 -18 31 30 -3 -64 204 -8 1 138 12 36 48 17 -54 318 22 -14 186 -18 -14 66 12 -14 186 -13 1 144 2 21 354 12 26 90 -3 46 342 -8 46 6 12 -9 66 -23 -69 30 -13 41 276 -23 31 144 -13 -49 36 27 -54 6 17 -29 186 27 -89 324 22 -69 354 -23 -69 6 2 41 30 -8 -14 48 -23 36 66 12 46 180 -13 -9 48 12 46 186 -23 -69 66 -23 -74 90 7 -14 66 -18 26 240 7 -19 72 -13 11 144 -13 31 6 -23 16 186 -8 -39 48 -3 -64 324 27 -89 72 -8 -4 6 2 -4 72 22 -49 138 -23 21 126 -23 -44 354 12 31 90 22 -44 138 22 -49 240 22 -49 342 -18 -54 48 -13 -19 48 12 1 66 -8 21 126 -13 -9 144 22 -44 324 12 -4 96 22 -64 318 -8 -9 138 -18 36 138 -3 1 90 -8 -64 276 -13 -69 354 17 -4 72 22 31 126 -18 -44 30 27 -59 6 27 -64 48 7 41 186 27 -69 6 12 -4 48 17 1 6 -8 -44 276 17 26 48 12 31 36 12 -4 66 17 -19 72 2 31 186 -3 -4 96 17 -19 6 32 -59 6 17 -9 90 22 -54 96 27 -89 66 12 36 72 2 -59 186 22 -69 72 -23 -69 96 12 41 342 7 -4 72 12 1 48 -8 41 276 17 -19 276 -23 -69 72 -8 11 90 -13 -64 240 7 41 204 17 41 96 17 31 96 17 31 48 -13 36 126 2 16 204 17 -14 30 7 1 72 22 -49 96 7 1 180 -13 31 126 -3 31 354 -18 -14 138 17 16 186 -18 26 144 22 -39 6 12 -4 240 17 -44 6 17 -34 186 -23 31 180 7 6 180 22 -79 324 22 -84 318 12 11 90 -13 -69 342 27 -44 30 -13 -19 138 12 -19 186 12 -34 90 2 16 186 17 41 318 -18 31 138 -8 16 126 -18 16 48 -8 -19 354 12 26 36 -8 1 144 17 -24 36 -8 -39 354 -3 26 144 17 41 90 17 -29 6 7 11 318 12 -59 96 22 -9 144 22 -59 66 -23 1 30 2 -14 72 -18 16 318 -13 31 144 7 -19 66 -13 -44 30 17 11 180 -23 -49 354 2 -49 126 -18 -9 138 -3 21 342 7 41 30 -18 -39 72 -8 -4 144 -23 -54 354 -18 -59 354 -3 -54 342 -18 36 180 12 36 324 -13 11 138 -23 31 126 -3 21 204 -8 -39 66 -13 -29 144 -13 -49 204 27 -89 6 -23 -24 354 -23 31 66 27 -49 180 -3 36 144 -23 -54 96 -18 -34 72 17 36 90 7 31 180 12 1 90 -8 21 144 -23 -74 96 -18 36 30 -18 -24 186 -23 31 36 -13 26 96 7 -14 186 -3 31 144 -18 -39 240 -3 36 96 2 6 72 -18 -19 72 -23 -4 204 2 36 126 -18 -4 138 -18 -29 72 12 26 180 7 26 90 2 36 72 2 11 126 -8 -64 324 -23 31 186 2 16 354 -3 -59 324 2 36 96 12 -24 324 -23 -14 204 -3 -39 48 2 -59 324 2 36 90 -13 -59 204 -23 -19 204 2 -64 354 17 41 144 -23 16 342 -23 -24 276 -3 -49 342 2 6 126 22 -29 126 17 16 138 2 -64 138 -18 31 342 -28 -74 354 -18 31 354 -23 31 72 -13 31 30 12 -29 90 17 -14 276 17 36 180 -13 -39 36 -8 -24 354 12 -9 90 7 -14 324 7 26 324 -13 31 36 22 -64 180 7 -14 180 7 -59 186 22 -54 324 12 36 318 7 -9 342 -13 21 126 7 -44 240 12 26 48 -8 -44 66 -18 36 186 12 -14 96 -18 36 324 -3 -9 30 22 11 204 -28 36 276 -18 -39 90 -13 -39 144 -18 -34 96 22 -29 48 22 11 354 12 16 276 -23 -74 204 -8 16 354 12 41 144 -18 -44 90 -18 36 6 -8 -24 96 7 -64 180 -18 -34 48 -23 -24 342 -23 -74 66 -23 -14 36 17 -69 276 12 -19 96 -18 -4 66 -23 6 342 22 -59 126 12 41 186 12 -4 90 -23 -44 324 -23 16 354 -23 -9 342 12 -59 126 -23 -4 324 22 16 354 -23 36 6 -18 -74 72 2 36 342 -8 -4 126 -13 -34 324 7 31 72 -13 -49 144 7 -59 324 -8 -34 48 -18 -9 126 -23 -59 276 17 26 144 -3 41 180 12 6 72 -8 31 144 -8 -49 138 -13 -74 90 -3 6 342 -3 -44 204 -3 6 276 -18 -19 126 -3 11 126 12 -29 318 -13 -39 6 7 6 66 7 36 126 12 -49 318 12 -39 90 27 -89 144 -8 -9 126 17 31 90 -18 -24 90 12 -69 36 12 11 72 12 26 66 2 21 324 7 -14 342 -18 1 180 -3 11 90 17 -74 90 -23 -69 342 -8 36 90 27 -89 36 -8 31 90 12 11 36 -13 31 90 2 26 204 -3 11 342 -3 -49 354 -18 21 144 22 -54 180 -13 6 36 -23 11 240 12 -59 318 2 -4 90 -13 31 48 17 1 342 -13 31 354 2 31 96 -28 -74 138 2 31 354 7 11 48 -23 -4 342 -18 -49 90 22 -74 186 12 -64 180 -18 -9 72 -23 21 354 12 21 276 -13 -74 48 7 41 240 -28 -74 240 2 -29 30 12 21 66 17 -44 342 2 -59 342 2 -14 66 -18 -54 96 -3 6 96 7 36 342 -3 -49 318 2 11 72 2 31 90 -28 -84 66 7 11 72 2 26 324 2 1 66 -13 -29 36 2 -14 354 2 36 138 -23 -54 90 2 36 324 12 -64 324 -18 -74 66 -18 -74 90 12 -29 6 2 31 318 7 -19 342 -3 36 342 12 -39 276 -23 -54 126 -8 -69 240 -13 -24 90 -8 36 144 7 11 96 -23 -49 126 2 -69 144 17 -59 144 -8 -69 354 2 -59 204 -23 21 90 2 31 144 22 -79 186 17 16 126 17 6 126 22 -59 180 2 -24 204 22 -69 66 7 6 90 -13 -39 72 22 -39 30 12 16 66 -13 -34 66 -3 -9 138 22 -79 180 2 16 276 2 31 72 -23 36 96 -3 -44 354 -8 -19 66 17 1 138 -28 -74 318 2 26 276 7 36 324 -13 -74 30 17 36 126 12 6 36 12 -49 96 -18 31 186 12 -34 6 7 11 90 7 16 90 7 -44 138 12 41 204 -3 -54 324 2 31 276 -3 -24 354 -23 6 6 7 -29 204 -18 -14 96 -8 -69 6 -13 -59 318 -8 -49 66 2 -54 144 -18 -74 354 -13 -39 354 -23 36 90 2 11 186 -28 -74 324 2 -44 354 -3 -44 72 -3 -39 36 7 26 186 -8 26 96 12 11 96 2 -34 36 -28 -84 180 -18 36 342 -18 -69 66 7 -24 126 -3 -19 36 7 -24 6 -13 11 30 7 -59 240 -8 -34 72 7 26 72 7 1 48 -8 -54 66 7 1 90 -13 36 324 -8 -49 204 -13 16 36 17 6 342 -13 36 342 -3 31 90 -18 -14 180 -18 -74 240 -3 -34 204 2 31 66 2 36 318 -18 -4 72 2 -14 36 17 -24 342 -3 16 90 17 -29 36 -13 -9 96 7 -39 240 12 1 72 2 26 318 2 -34 240 2 -34 186 2 -14 30 17 -74 276 -8 -19 48 22 -79 138 17 -69 204 2 -39 186 -3 -69 342 2 -24 240 7 31 276 -23 1 276 -3 -69 204 12 16 342 -13 36 48 12 -19 6 12 16 324 -23 31 354 22 -69 144 -23 31 96 2 11 66 7 36 138 7 -24 342 2 21 96 7 -64 276 12 -24 6 17 -49 138 -8 -29 6 2 -24 72 -18 -29 6 -18 6 186 -3 -24 90 12 -44 6 17 -44 138 -28 -79 354 -13 -64 276 12 36 126 2 -34 204 7 16 72 -18 36 240 2 -74 138 -3 -4 30 -18 -54 354 -3 -29 36 -3 26 66 -23 -4 30 7 21 72 2 -24 36 12 36 96 17 1 186 -18 -54 342 7 -69 36 -18 26 354 22 -84 354 22 -84 186 7 16 126 12 31 96 -8 -44 48 -23 21 96 7 31 342 27 -89 96 -3 21 96 12 31 126 -3 21 90 2 -44 66 -23 31 6 -13 -39 318 2 -19 36 12 -14 6 -8 -69 180 12 -9 36 7 -9 126 2 -14 240 7 31 138 7 26 204 12 26 96 -3 16 126 12 21 126 2 -39 342 7 -9 240 -23 -79 72 -18 -34 354 -3 -69 240 2 -39 204 -8 26 276 -3 21 66 12 -59 324 12 26 126 2 -69 318 7 21 354 12 -9 72 -18 21 354 -13 -9 318 -23 31 90 -8 36 6 -8 -9 66 -23 -79 48 2 -44 48 22 -49 30 -3 -14 30 -18 -39 354 -18 -29 342 22 -74 66 17 -29 48 7 -49 36 -18 6 126 -18 -14 186 -3 36 6 -18 -49 354 17 -59 180 -18 -19 180 -3 1 72 17 36 204 17 -54 180 -18 6 66 -8 31 36 -18 21 126 2 26 72 -18 -49 66 -8 -39 318 22 -84 72 2 -44 318 2 -29 66 17 -34 144 17 -19 138 -28 -89 36 12 -24 180 -18 -19 318 12 -14 204 -13 -44 324 -18 -29 276 12 -39 354 17 -9 204 17 16 354 -13 16 30 -18 -14 240 -13 -14 186 -13 -24 96 12 -19 240 2 26 144 -13 -39 240 -18 -4 318 -18 1 72 -8 -69 36 2 -9 276 -8 -74 66 17 6 354 17 -4 138 7 -19 240 -13 -44 318 17 -24 126 -23 16 276 2 1 276 17 -69 138 2 -9 96 7 -14 6 -8 -29 276 -13 -4 180 2 -69 240 -3 -74 144 2 -64 72 7 -19 186 -28 -89 30 22 -84 138 -8 16 6 22 -84 66 -28 -79 276 2 -14 276 7 31 204 -8 -44 90 -3 -24 30 17 21 354 -18 -4 48 -13 26 90 -13 26 48 12 -4 354 -3 -44 30 -13 -24 180 7 11 276 -13 -14 180 7 -54 342 7 36 204 -8 -64 30 -13 -54 318 -13 21 318 17 -54 138 -13 16 96 12 -19 30 -28 -89 66 -13 -24 72 -3 -39 318 -8 -74 204 -18 16 342 17 16 204 -13 -24 66 -18 -49 342 17 -44 144 -3 -34 342 12 -39 240 17 -74 318 -28 -84 204 7 -49 30 -23 26 96 12 -59 186 -13 -29 72 22 -74 30 -3 31 6 -3 16 324 -3 -29 204 -13 -44 72 2 1 96 -3 -4 276 17 -69 30 22 -89 240 -8 -19 240 7 -44 324 -3 -64 180 -28 -79 342 7 -24 144 7 -39 276 17 -79 90 -18 16 126 -13 -19 72 12 -14 30 -18 -24 36 2 -19 276 2 11 318 7 -69 30 -8 36 138 7 -69 342 22 -54 30 -18 1 36 2 -19 324 -13 -64 66 -18 -19 324 -3 -4 72 7 6 276 -18 -14 324 12 -64 204 -8 -29 90 -8 -19 72 -8 -24 30 -8 -44 36 -13 6 96 17 1 354 -28 -84 354 -18 -9 324 -28 -79 318 -28 -89 180 2 -74 186 -13 -19 66 -13 6 48 -18 -24 324 -13 -49 48 -13 -34 342 -13 6 186 -8 -14 36 -8 -44 318 12 -34 240 -13 1 66 -13 1 96 -8 -54 324 -3 -14 144 -3 -44 324 -18 31 66 2 -44 36 2 -34 6 2 16 144 -3 -9 276 12 6 126 2 -44 144 7 -24 138 -8 26 318 2 -39 66 -23 36 240 -18 -39 324 -8 -24 240 -13 36 186 -13 16 204 22 -74 126 17 -9 126 7 -19 126 -8 16 204 17 -79 240 12 -19 342 7 -14 138 7 -19 324 -3 -64 240 2 -24 186 7 31 36 12 -59 276 -18 1 96 -8 -69 48 12 -44 90 -18 -39 276 -8 26 138 22 -84 36 -23 -79 36 -18 -14 48 12 -24 204 -13 -79 144 17 11 342 12 21 138 -13 36 66 -13 -54 204 17 -64 186 7 -39 318 -18 36 204 -3 -39 324 22 -64 342 12 -24 126 7 -24 318 17 -49 324 22 -89 30 17 -84 276 2 -29 48 17 -74 180 17 31 204 12 -4 126 12 -69 90 12 -54 276 22 -89 6 12 1 354 17 -34 36 17 -64 324 12 -49 342 7 -44 276 22 -59 342 17 -79 342 7 -24 186 -3 36 30 -18 1 324 -23 -79 30 2 -9 138 -8 -64 126 -8 1 276 2 -34 318 2 11 138 7 11 138 -3 11 324 7 -29 96 12 6 30 2 -24 6 17 -79 96 7 11 144 12 -69 342 7 -34 318 7 -29 30 -8 -74 90 7 -9 30 2 -9 6 2 -39 138 12 -44 36 -8 -59 318 -3 16 186 -8 -44 30 17 -79 72 -18 -24 342 -13 16 186 17 -84 90 12 -79 96 -23 -84 72 -13 -29 204 -8 -34 36 12 -24 138 -23 -74 318 -8 31 66 -13 36 72 -8 -74 36 -8 -14 30 -13 -34 240 12 26 30 7 6 240 -23 -84 66 -18 36 96 -18 -24 354 2 -49 276 7 -19 48 -23 -84 48 12 -39 204 -23 31 318 2 11 180 7 -74 324 -28 -89 138 7 -74 318 -18 36 72 2 -64 240 12 -24 342 -8 31 72 -13 -74 186 2 -19 6 -8 26 30 7 -74 144 2 -74 354 -18 31 72 -3 -24 324 -13 -79 66 12 -79 90 12 -74 36 -3 -24 66 -8 -4 72 12 -34 30 12 26 144 -8 -59 96 7 -9 6 -3 31 30 7 -59 126 -3 -29 66 2 -4 6 -3 -74 186 -13 -14 324 -13 -24 204 -18 -79 342 -3 21 180 -3 36 48 12 -69 48 17 1 204 17 -49 36 22 -74 48 12 -29 180 -13 -4 276 -13 -29 30 -18 -59 276 -3 31 186 2 -49 180 -3 -74 342 -8 -34 342 7 -74 36 -13 -79 126 17 -49 354 22 -89 66 17 -79 354 12 -29 204 27 -64 36 12 -54 90 -3 -74 72 -8 16 48 12 -14 276 2 -4 30 12 -24 144 -3 11 180 -8 26 48 -23 -79 204 12 -74 342 -8 -39 90 -3 6 66 -13 16 180 -8 -69 126 2 36 36 -18 11 72 7 21 240 -8 21 30 -3 -9 66 -23 -89 180 -3 16 36 -18 6 96 -3 -79 126 -13 -79 36 -3 -19 72 7 -39 324 -8 6 180 -8 31 186 -23 -79 240 17 -79 180 -18 31 90 -8 -74 96 -18 -84 186 17 -84 96 -18 -79 66 17 -74 126 12 -74 138 -8 21 180 -3 -49 186 12 -19 354 17 -29 66 17 -69 36 7 -74 204 7 -4 30 22 -64 36 22 -39 48 12 -69 354 12 -4 342 -3 -4 66 -8 -49 318 2 -69 36 2 31 6 -13 6 180 -8 11 30 7 16 240 -8 -49 96 -3 -14 66 -13 6 276 2 36 6 12 -4 204 7 -9 354 2 -34 72 -8 26 180 -3 -49 48 -18 16 72 -8 -44 204 2 -14 144 2 -14 324 12 -24 36 -13 -84 138 7 -44 6 7 -79 354 7 -79 90 -3 -49 180 -23 -74 144 -18 -84 144 2 6 6 -3 1 66 -8 21 48 -8 21 72 12 -84 96 -8 -9 36 -3 31 240 -8 1 72 7 -79 126 -13 -54 48 -23 -84 126 -13 -9 324 -23 -39 180 -28 -89 342 17 -79 30 22 -89 90 17 -74 30 12 -79 180 7 -59 204 -13 -79 354 -23 -84 144 -13 -79 90 -13 -79 96 17 -59 36 17 -59 324 -8 -29 126 -18 1 30 17 -79 126 -23 -89 96 -3 -44 6 -13 1 276 17 -84 66 -13 1 72 -23 -84 6 2 -9 144 12 -4 138 12 -79 48 -18 11 96 -13 -79 342 -8 -79 72 -13 -79 324 2 31 30 -23 -84 138 7 -59 354 -18 21 96 -13 -29 138 -3 -49 30 -13 6 90 7 21 36 -3 21 36 -18 31 276 -23 -4 6 -18 -84 36 -13 31 276 -18 -19 30 -8 6 324 12 -14 144 7 -24 354 -3 1 48 12 -14 138 2 -44 72 7 26 240 -3 -44 144 7 -69 6 12 21 204 12 -79 66 7 -39 48 -3 -34 72 -3 11 30 -18 -84 6 -13 21 72 -28 -89 318 -18 6 354 -18 -84 342 -8 -79 66 -3 26 30 2 6 240 -3 -29 72 -8 6 186 -18 26 90 -3 -49 6 -8 1 36 2 -4 324 -3 -79 30 -23 -89 138 -8 -79 36 -18 -54 72 -8 1 318 -8 -79 90 7 -29 48 12 -64 354 2 -44 240 17 -59 342 22 -44 48 -13 -79 180 12 -79 138 7 1 36 -18 -89 144 2 -79 318 -18 -89 36 17 -89 276 22 -89 96 2 -79 342 -13 -84 66 17 -84 144 -13 11 72 7 -74 66 2 1 36 2 -79 204 -18 26 96 -13 -49 72 -18 1 6 7 -29 324 -13 6 72 7 -29 354 7 -74 72 -18 -89 30 -3 -79 90 12 -39 36 12 -84 180 -3 -74 90 2 16 6 -3 -79 138 17 -89 96 -8 -79 30 7 36 6 7 -79 72 -23 -89 204 -13 -89 30 2 -79 90 -13 6 342 7 -79 66 2 -79 126 2 1 30 7 6 30 -18 -29 126 2 -79 48 -3 -54 6 -3 -79 66 -18 -4 204 12 -49 354 -13 11 276 12 -29 66 12 -84 276 7 -79 6 12 -39 48 17 -59 204 17 -89 324 12 31 6 17 -84 126 17 -64 72 17 -54 186 -18 -9 204 -18 -54 276 2 26 240 -3 1 6 -23 -69 144 2 -39 180 -18 -14 30 -8 -14 318 -3 -34 240 7 -84 90 2 -9 324 17 -89 36 -3 -64 90 -13 11 90 -3 -79 276 -8 -84 48 2 -79 6 -3 -79 72 -8 -89 30 2 -79 72 -13 -89 90 7 -84 276 7 11 6 2 -79 66 -13 -84 354 -18 -84 96 -13 -79 276 -13 -84 96 -13 -84 6 -8 -79 240 -18 -89 126 7 -84 354 -13 -89 72 2 -84 126 7 21 30 17 -89 342 -23 -84 342 -8 -89 36 -18 -14 6 -13 -89 96 7 -84 204 -23 -44 138 17 -89 6 -3 -89 30 -13 -89 6 -18 -84 276 17 -69 72 -3 -4 240 -3 -59 48 17 -44 48 17 -74 66 -8 -89 90 7 -89 90 2 -84 342 -8 -14 186 -18 -84 204 17 -89 354 12 -74 66 12 -49 204 -8 -89 204 7 -84 48 -18 -49 276 -3 -89 36 -3 -79 240 -13 -84 342 -23 -39 138 -3 -64 36 -13 -89 204 -18 -89 324 7 21 6 2 -84 180 -18 -89 66 2 -84 354 -18 -9 30 -3 -84 72 12 -54 204 12 -54 354 -3 -89 144 -13 -54 72 12 -89 276 12 -84 138 2 -84 66 12 -89 72 -18 -89 204 -3 -89 90 -3 -54 48 -8 -39 126 7 -84 144 -3 -84 180 2 -59 240 2 -74 90 17 -59 354 7 -84 36 12 -29 72 -8 -84 186 -3 -69 96 12 -89 318 7 -59 66 -18 -29 138 -3 21 240 -8 1 186 12 -89 48 2 -54 6 -3 -84 96 -8 -84 354 7 -84 72 -8 -59 48 7 -64 6 2 6 36 -8 6 66 12 -89 66 -3 -49 90 7 -89 36 -3 -89 72 7 -54 66 2 -84 36 -8 -89 72 -3 -84 354 -3 -84 318 -3 -49 36 -18 16 276 7 -89 324 2 -89 204 2 -89 144 17 -89 126 -3 -44 240 -3 -89 66 -3 -44 90 -8 21 66 -13 -89 276 12 21 6 7 -89 354 -13 -14 204 7 -89 72 -8 -89 342 -8 -89 318 -18 -34 144 2 -89 126 -13 -14 354 -3 -39 90 7 -39 66 12 -89 138 -18 -49 126 -8 -89 180 -3 -14 324 2 -9 186 7 -89 144 -8 -14 204 17 -59 48 -23 -59 144 12 -34 66 -3 -14 318 12 -69 66 2 -69 90 -13 -14 342 17 -69 66 -18 -39 126 -13 -64 126 -8 -14 342 -8 11 66 -13 -4 342 2 -59 30 7 -49 72 -18 -9 354 2 -9 180 12 -39 66 17 -64 66 -13 -9 342 12 -64 72 -13 -49 126 -13 -44 126 12 -49 66 17 -44 66 -13 -39 126 12 -54 66 7 -64 90 -13 -54 126 
30 4 1 0 bottle_1 0.375 1 -28 -84 36 
31 4 1 0 bottle_1 0.978541 38 -28 -74 126 -28 -69 126 -28 16 324 -23 -24 66 -28 36 48 -23 -14 354 -23 -19 66 -23 1 72 -23 1 66 -28 41 144 -28 36 144 -23 -34 96 -23 -34 48 -28 -74 66 -28 -79 72 -28 -74 36 -28 41 138 -28 6 342 -28 16 318 -28 -44 240 -28 46 180 -28 -64 144 -28 -79 90 -28 -59 138 -23 -29 96 -23 1 90 -28 -69 66 -28 -9 318 -28 36 72 -28 -39 318 -28 -44 318 -23 -14 96 -23 -34 90 -28 31 126 -23 -14 90 -28 -54 144 -28 -39 354 -28 -54 30 
32 4 1 0 bottle_1 0.929577 11 17 51 186 17 51 180 17 51 126 12 51 186 -8 51 144 7 51 240 7 51 204 2 51 126 -3 51 138 2 51 96 -13 51 204 
33 4 1 0 bottle_1 1 9 -3 51 180 2 51 186 -3 51 186 -3 51 342 -8 51 318 2 51 324 -8 51 240 -3 51 318 -3 51 204 
34 4 0 
35 4 1 0 bottle_1 0.0234375 1 32 -39 6 
36 4 1 0 bottle_1 1 15 -3 71 204 32 51 66 32 51 36 32 51 144 27 51 36 27 51 6 32 46 6 27 51 276 27 51 240 32 46 66 32 46 138 32 46 354 27 51 186 -13 56 66 27 51 204 
37 4 1 0 bottle_1 1 7 27 46 240 27 46 6 27 46 318 27 46 342 27 46 180 27 46 354 27 41 204 
38 4 1 0 bottle_1 0.971591 171 -28 46 36 -28 51 126 -28 51 354 -28 51 342 -28 56 90 -28 56 126 -28 56 96 -28 56 144 -28 56 354 -28 56 66 -28 56 48 7 66 72 -28 51 318 2 61 186 -28 56 180 2 71 354 -28 51 186 7 66 96 2 76 354 -28 61 138 -28 56 318 2 71 180 12 86 6 2 71 186 2 76 204 2 71 126 12 86 354 2 76 186 7 81 276 2 76 180 7 81 6 -28 61 324 12 81 72 12 81 66 7 71 72 7 76 66 7 81 324 12 81 90 -28 61 6 -28 61 186 2 71 72 -28 61 318 7 76 126 17 86 138 12 81 96 2 71 66 -3 71 30 7 66 6 -23 61 96 17 86 144 7 71 90 12 81 36 7 71 96 7 71 66 17 86 30 7 66 276 -8 71 36 2 71 36 7 81 354 -8 61 126 -23 56 90 -23 61 90 17 86 204 -23 61 180 7 76 30 12 81 144 7 61 276 12 61 144 -8 71 48 7 71 126 2 71 30 17 81 96 12 66 66 7 61 204 17 86 342 -18 61 30 -23 61 318 12 66 324 -18 61 144 7 61 240 -8 71 66 7 76 324 -8 61 96 -8 71 6 17 81 48 17 81 90 -23 81 36 12 61 72 -23 61 324 -13 61 96 17 81 6 -13 61 72 -18 61 72 -23 56 126 12 81 354 17 81 204 7 71 342 12 81 318 12 61 90 12 76 96 -23 61 30 12 66 36 -18 61 66 12 66 318 -18 71 186 -23 61 342 -8 76 138 -3 71 144 12 66 276 -8 76 66 22 81 36 -23 51 36 -18 66 144 7 71 276 22 81 72 17 81 276 -13 71 96 -18 66 318 -23 56 204 12 76 6 12 76 144 -18 71 66 22 76 36 27 66 90 -18 66 342 22 71 30 17 81 318 22 76 66 -13 66 72 22 76 30 17 81 342 17 81 324 22 76 72 -13 71 126 22 76 138 22 71 66 -18 71 126 -18 71 30 -3 71 66 -18 71 342 -8 71 180 17 76 276 12 71 90 7 71 6 -8 66 96 12 61 342 -13 66 90 17 76 48 -23 76 276 -18 71 354 -13 61 30 27 61 324 -13 61 240 17 66 96 12 71 138 17 66 276 27 61 66 17 66 318 -13 71 186 27 61 90 -13 66 6 -13 71 342 -23 56 342 -18 66 204 -8 71 240 -13 71 318 12 61 324 17 71 90 -23 76 240 -3 71 90 -23 66 204 
39 4 1 0 bottle_1 0.980989 86 17 76 342 -18 56 126 17 71 66 -8 71 318 12 61 186 27 61 180 -23 56 354 12 71 240 -3 71 72 -18 56 72 -13 76 6 17 71 48 12 71 324 -18 66 276 17 71 138 -8 76 90 -18 76 72 -13 76 36 -18 56 96 -18 56 90 12 71 342 17 71 72 -18 56 66 -13 66 138 -13 76 144 -8 66 48 -13 76 186 12 71 318 -18 76 126 17 71 342 -18 76 180 12 61 276 -13 76 90 -13 76 66 12 71 354 -18 76 186 22 61 342 -18 76 240 -18 76 354 22 61 96 22 61 66 22 61 354 -18 76 6 -18 76 30 22 61 90 17 61 354 22 61 144 17 61 144 17 61 324 17 61 126 27 56 6 17 61 30 17 56 48 17 61 36 17 61 186 -18 81 66 17 56 30 -18 81 186 17 56 180 -18 86 72 17 56 342 27 56 66 27 56 72 27 56 138 27 56 96 -18 81 48 -18 81 354 -18 81 324 -18 81 30 -18 81 36 22 56 6 17 56 240 22 56 204 22 56 318 22 56 66 22 56 30 22 56 126 22 56 342 22 56 186 22 56 138 27 51 96 27 51 144 22 51 204 22 51 30 22 51 354 22 51 342 
40 4 0 
41 4 1 0 bottle_1 1 70 -3 76 6 7 76 72 2 76 324 2 56 318 2 56 180 2 56 48 7 51 36 2 56 240 -8 51 66 2 56 204 2 56 30 12 56 144 7 51 72 7 56 96 2 56 36 -8 56 90 -8 56 126 -8 41 66 12 56 126 7 56 126 -8 51 72 7 56 204 -8 51 96 7 51 354 -8 51 90 2 56 66 12 56 72 2 56 72 7 51 90 7 76 342 2 56 90 12 51 66 -8 51 126 2 51 48 12 56 180 12 51 90 -8 51 36 -8 56 30 -13 56 324 -18 56 186 -3 56 6 -3 56 240 -13 51 96 -3 56 354 -3 51 66 -8 51 354 -13 56 90 12 56 6 -3 56 342 -13 51 126 -13 51 90 -13 56 96 12 51 6 -18 51 342 -18 51 318 -3 56 126 2 51 6 -8 56 180 -13 56 354 2 51 66 12 56 276 -13 56 126 -3 51 6 17 56 126 -18 51 36 -3 56 72 2 51 90 17 51 72 17 51 66 -18 46 72 
42 4 1 0 bottle_1 0.705882 6 -18 51 138 -18 56 318 -18 51 72 -23 51 6 -23 51 324 27 41 354 
43 4 1 0 bottle_1 0.94382 14 -28 21 36 -23 -9 48 -28 -9 6 -28 1 6 -28 26 96 -23 -9 66 -28 -9 30 -28 26 126 -28 -9 276 -28 11 66 -28 21 90 -23 11 66 -28 -4 144 -28 -4 138 
44 4 1 0 bottle_1 0.988399 71 -28 11 96 -28 11 186 -28 16 96 -28 6 354 -28 16 180 -28 16 144 -28 -34 6 -28 1 90 -28 -4 204 -28 1 186 -28 16 30 -28 -29 48 -28 16 36 -28 -34 180 -28 6 72 -28 -29 36 -28 6 66 -28 -14 342 -28 1 66 -28 -34 324 -28 -39 144 -28 -29 6 -28 -44 126 -28 -24 90 -28 -54 90 -28 -9 342 -28 -14 324 -28 -19 318 -28 -9 204 -28 -59 126 -28 -14 144 -28 -34 36 -28 6 276 -28 -54 96 -28 -24 324 -28 1 276 -28 -39 126 -28 -49 90 -28 -9 354 -28 -4 72 -28 -9 186 -28 -9 126 -28 -54 66 -28 41 96 -28 -49 36 -28 41 90 -28 -34 90 -28 -19 354 -28 -49 144 -28 -4 180 -28 -39 96 -28 -54 138 -28 6 36 -28 -34 96 -28 -4 96 -28 -59 48 -28 -44 48 -28 -19 72 -28 -19 30 -28 -24 144 -28 -34 66 -28 -24 48 -28 -14 66 -28 -19 48 -28 -19 240 -28 -14 72 -28 -64 90 -23 -14 48 -28 -19 6 -28 -64 96 -28 36 90 
45 4 1 0 bottle_1 0.971098 112 27 41 240 32 41 6 32 41 72 32 41 66 32 41 48 27 36 276 32 36 90 32 36 354 32 36 66 32 36 48 27 31 204 27 31 342 27 31 276 32 31 144 32 31 36 32 31 72 32 31 66 27 26 180 27 26 324 27 26 276 32 26 96 32 26 36 32 26 90 32 26 354 32 26 66 27 21 36 27 21 276 32 21 144 32 21 96 32 21 36 32 21 66 27 16 138 27 16 342 27 16 30 27 16 48 27 16 324 32 16 342 32 16 36 32 16 90 32 16 6 32 16 72 32 16 66 32 16 48 27 11 138 27 11 144 27 11 276 32 11 138 32 11 36 32 11 90 32 11 6 32 11 72 32 11 66 32 11 324 32 11 318 27 6 180 27 6 324 27 6 318 32 6 126 32 6 144 32 6 96 32 6 30 32 6 90 32 6 276 27 1 318 32 1 30 32 1 36 32 1 90 32 1 354 32 1 318 32 -4 96 32 -4 144 32 -4 30 32 -4 240 27 -9 240 32 -9 96 32 -9 138 32 -9 90 32 -9 72 32 -9 48 27 -14 240 27 -14 276 32 -14 180 32 -14 186 32 -14 36 32 -14 30 32 -14 90 32 -14 6 32 -14 72 32 -14 276 32 -14 240 32 -19 96 32 -19 90 32 -19 6 32 -19 354 32 -19 72 27 -24 240 32 -24 126 32 -24 138 32 -24 36 32 -24 144 32 -24 90 32 -24 6 32 -24 66 32 -24 48 32 -29 126 32 -29 186 32 -29 138 32 -29 6 32 -29 72 32 -29 48 32 -34 126 32 -39 144 
46 4 1 0 bottle_1 0.545455 1 32 -44 354 
47 4 1 0 bottle_1 0.157303 7 32 41 342 32 26 186 32 41 324 32 16 318 32 21 318 32 41 240 32 16 276 
48 4 1 0 bottle_1 0.146341 1 7 86 240 
49 4 1 0 bottle_1 0.923077 20 7 81 48 12 86 30 7 91 204 7 81 66 -18 81 240 7 81 180 -13 86 96 -18 86 240 7 81 138 12 86 72 -13 86 90 12 91 342 2 81 276 -18 86 276 2 81 36 2 81 342 2 81 354 -18 86 30 -18 86 318 -18 86 342 
50 4 1 0 bottle_1 1 47 -8 86 318 -8 86 324 -8 86 342 -8 86 186 -3 86 96 -3 86 90 -8 86 144 -8 81 6 -8 86 48 -8 86 90 -8 81 30 -8 91 144 -8 81 342 -3 91 66 -8 86 66 -3 91 126 -3 86 66 -8 81 48 -13 86 318 -8 81 144 -8 81 138 -13 86 354 -13 81 240 -3 81 72 -13 81 6 -8 81 66 -13 86 30 -13 81 318 -13 91 324 -3 81 66 -13 81 30 -13 81 354 -13 81 342 -3 81 138 -13 86 66 7 86 66 7 86 72 -3 91 324 7 91 342 -3 81 318 7 91 318 -3 81 276 7 91 138 7 91 126 2 91 72 -3 91 240 -3 91 180 
51 4 1 0 bottle_1 0.935065 12 2 81 48 2 91 240 -3 86 354 -3 81 30 2 91 318 2 91 180 2 91 342 2 91 354 2 86 204 2 86 186 2 86 30 -3 86 186 
52 4 1 0 bottle_1 0.347826 4 -8 76 96 -8 76 48 -3 76 90 -3 76 96 
53 4 1 0 bottle_1 0.953271 34 -8 66 144 -8 76 240 -8 76 318 2 76 48 -3 76 240 -8 66 138 -3 66 90 -8 66 180 -3 66 36 -8 66 342 -8 61 72 -3 66 72 -3 66 138 -13 66 276 -3 66 96 -13 61 342 2 66 96 -8 61 48 -3 66 66 2 66 48 2 66 186 2 66 72 -3 66 6 -8 66 318 7 61 48 -3 61 72 2 61 6 2 61 90 -8 61 6 -3 61 48 7 61 66 -3 61 126 2 61 30 2 61 66 
54 4 1 0 bottle_1 0.0397351 1 -3 66 324 
55 4 1 0 bottle_1 0.028103 2 -3 61 342 -3 61 324 
56 4 1 0 bottle_1 0.258373 9 -23 -34 204 -23 -49 186 -23 -64 90 -28 -44 204 -28 -34 240 -28 -44 276 -28 -49 180 -18 -39 186 -18 -44 186 
57 4 1 0 bottle_1 0.0142518 2 -28 -44 186 -28 -64 36 
