10 50 4
0 0 -1 300 2 22 -1 -1 -1 -1 -1 2 613 
1 1 0 0 0 0 0 0 0 0 0 0 0 
2 1 -1 150 2 34 -1 -1 -1 -1 -1 0 432 
3 2 0 0 0 0 0 0 0 0 0 0 0 
4 2 0 0 0 0 0 0 0 0 0 0 0 
5 2 -1 57 2 13 -1 -1 -1 -1 -1 2 4448 
6 2 -1 37 2 37 -1 -1 -1 -1 -1 3 3 
7 3 0 0 0 0 0 0 0 0 0 0 0 
8 3 0 0 0 0 0 0 0 0 0 0 0 
9 3 0 0 0 0 0 0 0 0 0 0 0 
10 3 0 0 0 0 0 0 0 0 0 0 0 
11 3 -1 131 4 19 -1 -1 -1 -1 -1 2 8028 
12 3 -1 306 3 26 -1 -1 -1 -1 -1 2 -98 
13 3 32 0 0 0 0 0 0 0 0 0 0 
14 3 -1 276 2 33 -1 -1 -1 -1 -1 3 74 
15 4 0 0 0 0 0 0 0 0 0 0 0 
16 4 0 0 0 0 0 0 0 0 0 0 0 
17 4 0 0 0 0 0 0 0 0 0 0 0 
18 4 0 0 0 0 0 0 0 0 0 0 0 
19 4 0 0 0 0 0 0 0 0 0 0 0 
20 4 0 0 0 0 0 0 0 0 0 0 0 
21 4 0 0 0 0 0 0 0 0 0 0 0 
22 4 0 0 0 0 0 0 0 0 0 0 0 
23 4 1 0 0 0 0 0 0 0 0 0 0 
24 4 -1 277 4 16 -1 -1 -1 -1 -1 0 9116 
25 4 13 0 0 0 0 0 0 0 0 0 0 
26 4 -1 40 3 34 -1 -1 -1 -1 -1 2 47 
27 4 0 0 0 0 0 0 0 0 0 0 0 
28 4 0 0 0 0 0 0 0 0 0 0 0 
29 4 -1 15 0 37 -1 -1 -1 -1 -1 3 15 
30 4 -1 15 2 16 -1 -1 -1 -1 -1 2 5465 
31 5 0 0 0 0 0 0 0 0 0 0 0 
32 5 0 0 0 0 0 0 0 0 0 0 0 
33 5 0 0 0 0 0 0 0 0 0 0 0 
34 5 0 0 0 0 0 0 0 0 0 0 0 
35 5 0 0 0 0 0 0 0 0 0 0 0 
36 5 0 0 0 0 0 0 0 0 0 0 0 
37 5 0 0 0 0 0 0 0 0 0 0 0 
38 5 0 0 0 0 0 0 0 0 0 0 0 
39 5 0 0 0 0 0 0 0 0 0 0 0 
40 5 0 0 0 0 0 0 0 0 0 0 0 
41 5 0 0 0 0 0 0 0 0 0 0 0 
42 5 0 0 0 0 0 0 0 0 0 0 0 
43 5 0 0 0 0 0 0 0 0 0 0 0 
44 5 0 0 0 0 0 0 0 0 0 0 0 
45 5 0 0 0 0 0 0 0 0 0 0 0 
46 5 0 0 0 0 0 0 0 0 0 0 0 
47 5 0 0 0 0 0 0 0 0 0 0 0 
48 5 0 0 0 0 0 0 0 0 0 0 0 
49 5 -1 67 3 12 -1 -1 -1 -1 -1 3 -30 
50 5 -1 224 3 38 -1 -1 -1 -1 -1 0 9 
51 5 0 0 0 0 0 0 0 0 0 0 0 
52 5 0 0 0 0 0 0 0 0 0 0 0 
53 5 -1 118 2 23 -1 -1 -1 -1 -1 3 555 
54 5 -1 46 3 10 -1 -1 -1 -1 -1 0 -22 
55 5 0 0 0 0 0 0 0 0 0 0 0 
56 5 0 0 0 0 0 0 0 0 0 0 0 
57 5 0 0 0 0 0 0 0 0 0 0 0 
58 5 0 0 0 0 0 0 0 0 0 0 0 
59 5 33 0 0 0 0 0 0 0 0 0 0 
60 5 34 0 0 0 0 0 0 0 0 0 0 
61 5 -1 6 3 21 -1 -1 -1 -1 -1 3 -1 
62 5 -1 93 0 16 -1 -1 -1 -1 -1 1 9 
63 6 0 0 0 0 0 0 0 0 0 0 0 
64 6 0 0 0 0 0 0 0 0 0 0 0 
65 6 0 0 0 0 0 0 0 0 0 0 0 
66 6 0 0 0 0 0 0 0 0 0 0 0 
67 6 0 0 0 0 0 0 0 0 0 0 0 
68 6 0 0 0 0 0 0 0 0 0 0 0 
69 6 0 0 0 0 0 0 0 0 0 0 0 
70 6 0 0 0 0 0 0 0 0 0 0 0 
71 6 0 0 0 0 0 0 0 0 0 0 0 
72 6 0 0 0 0 0 0 0 0 0 0 0 
73 6 0 0 0 0 0 0 0 0 0 0 0 
74 6 0 0 0 0 0 0 0 0 0 0 0 
75 6 0 0 0 0 0 0 0 0 0 0 0 
76 6 0 0 0 0 0 0 0 0 0 0 0 
77 6 0 0 0 0 0 0 0 0 0 0 0 
78 6 0 0 0 0 0 0 0 0 0 0 0 
79 6 0 0 0 0 0 0 0 0 0 0 0 
80 6 0 0 0 0 0 0 0 0 0 0 0 
81 6 0 0 0 0 0 0 0 0 0 0 0 
82 6 0 0 0 0 0 0 0 0 0 0 0 
83 6 0 0 0 0 0 0 0 0 0 0 0 
84 6 0 0 0 0 0 0 0 0 0 0 0 
85 6 0 0 0 0 0 0 0 0 0 0 0 
86 6 0 0 0 0 0 0 0 0 0 0 0 
87 6 0 0 0 0 0 0 0 0 0 0 0 
88 6 0 0 0 0 0 0 0 0 0 0 0 
89 6 0 0 0 0 0 0 0 0 0 0 0 
90 6 0 0 0 0 0 0 0 0 0 0 0 
91 6 0 0 0 0 0 0 0 0 0 0 0 
92 6 0 0 0 0 0 0 0 0 0 0 0 
93 6 0 0 0 0 0 0 0 0 0 0 0 
94 6 0 0 0 0 0 0 0 0 0 0 0 
95 6 0 0 0 0 0 0 0 0 0 0 0 
96 6 0 0 0 0 0 0 0 0 0 0 0 
97 6 0 0 0 0 0 0 0 0 0 0 0 
98 6 0 0 0 0 0 0 0 0 0 0 0 
99 6 2 0 0 0 0 0 0 0 0 0 0 
100 6 -1 219 0 33 -1 -1 -1 -1 -1 0 25 
101 6 8 0 0 0 0 0 0 0 0 0 0 
102 6 -1 349 2 22 -1 -1 -1 -1 -1 1 746 
103 6 0 0 0 0 0 0 0 0 0 0 0 
104 6 0 0 0 0 0 0 0 0 0 0 0 
105 6 0 0 0 0 0 0 0 0 0 0 0 
106 6 0 0 0 0 0 0 0 0 0 0 0 
107 6 -1 71 2 14 -1 -1 -1 -1 -1 1 3528 
108 6 27 0 0 0 0 0 0 0 0 0 0 
109 6 -1 316 4 19 -1 -1 -1 -1 -1 3 209 
110 6 31 0 0 0 0 0 0 0 0 0 0 
111 6 0 0 0 0 0 0 0 0 0 0 0 
112 6 0 0 0 0 0 0 0 0 0 0 0 
113 6 0 0 0 0 0 0 0 0 0 0 0 
114 6 0 0 0 0 0 0 0 0 0 0 0 
115 6 0 0 0 0 0 0 0 0 0 0 0 
116 6 0 0 0 0 0 0 0 0 0 0 0 
117 6 0 0 0 0 0 0 0 0 0 0 0 
118 6 0 0 0 0 0 0 0 0 0 0 0 
119 6 0 0 0 0 0 0 0 0 0 0 0 
120 6 0 0 0 0 0 0 0 0 0 0 0 
121 6 0 0 0 0 0 0 0 0 0 0 0 
122 6 0 0 0 0 0 0 0 0 0 0 0 
123 6 -1 257 0 15 -1 -1 -1 -1 -1 3 -31 
124 6 41 0 0 0 0 0 0 0 0 0 0 
125 6 -1 82 2 37 -1 -1 -1 -1 -1 0 428 
126 6 49 0 0 0 0 0 0 0 0 0 0 
127 7 0 0 0 0 0 0 0 0 0 0 0 
128 7 0 0 0 0 0 0 0 0 0 0 0 
129 7 0 0 0 0 0 0 0 0 0 0 0 
130 7 0 0 0 0 0 0 0 0 0 0 0 
131 7 0 0 0 0 0 0 0 0 0 0 0 
132 7 0 0 0 0 0 0 0 0 0 0 0 
133 7 0 0 0 0 0 0 0 0 0 0 0 
134 7 0 0 0 0 0 0 0 0 0 0 0 
135 7 0 0 0 0 0 0 0 0 0 0 0 
136 7 0 0 0 0 0 0 0 0 0 0 0 
137 7 0 0 0 0 0 0 0 0 0 0 0 
138 7 0 0 0 0 0 0 0 0 0 0 0 
139 7 0 0 0 0 0 0 0 0 0 0 0 
140 7 0 0 0 0 0 0 0 0 0 0 0 
141 7 0 0 0 0 0 0 0 0 0 0 0 
142 7 0 0 0 0 0 0 0 0 0 0 0 
143 7 0 0 0 0 0 0 0 0 0 0 0 
144 7 0 0 0 0 0 0 0 0 0 0 0 
145 7 0 0 0 0 0 0 0 0 0 0 0 
146 7 0 0 0 0 0 0 0 0 0 0 0 
147 7 0 0 0 0 0 0 0 0 0 0 0 
148 7 0 0 0 0 0 0 0 0 0 0 0 
149 7 0 0 0 0 0 0 0 0 0 0 0 
150 7 0 0 0 0 0 0 0 0 0 0 0 
151 7 0 0 0 0 0 0 0 0 0 0 0 
152 7 0 0 0 0 0 0 0 0 0 0 0 
153 7 0 0 0 0 0 0 0 0 0 0 0 
154 7 0 0 0 0 0 0 0 0 0 0 0 
155 7 0 0 0 0 0 0 0 0 0 0 0 
156 7 0 0 0 0 0 0 0 0 0 0 0 
157 7 0 0 0 0 0 0 0 0 0 0 0 
158 7 0 0 0 0 0 0 0 0 0 0 0 
159 7 0 0 0 0 0 0 0 0 0 0 0 
160 7 0 0 0 0 0 0 0 0 0 0 0 
161 7 0 0 0 0 0 0 0 0 0 0 0 
162 7 0 0 0 0 0 0 0 0 0 0 0 
163 7 0 0 0 0 0 0 0 0 0 0 0 
164 7 0 0 0 0 0 0 0 0 0 0 0 
165 7 0 0 0 0 0 0 0 0 0 0 0 
166 7 0 0 0 0 0 0 0 0 0 0 0 
167 7 0 0 0 0 0 0 0 0 0 0 0 
168 7 0 0 0 0 0 0 0 0 0 0 0 
169 7 0 0 0 0 0 0 0 0 0 0 0 
170 7 0 0 0 0 0 0 0 0 0 0 0 
171 7 0 0 0 0 0 0 0 0 0 0 0 
172 7 0 0 0 0 0 0 0 0 0 0 0 
173 7 0 0 0 0 0 0 0 0 0 0 0 
174 7 0 0 0 0 0 0 0 0 0 0 0 
175 7 0 0 0 0 0 0 0 0 0 0 0 
176 7 0 0 0 0 0 0 0 0 0 0 0 
177 7 0 0 0 0 0 0 0 0 0 0 0 
178 7 0 0 0 0 0 0 0 0 0 0 0 
179 7 0 0 0 0 0 0 0 0 0 0 0 
180 7 0 0 0 0 0 0 0 0 0 0 0 
181 7 0 0 0 0 0 0 0 0 0 0 0 
182 7 0 0 0 0 0 0 0 0 0 0 0 
183 7 0 0 0 0 0 0 0 0 0 0 0 
184 7 0 0 0 0 0 0 0 0 0 0 0 
185 7 0 0 0 0 0 0 0 0 0 0 0 
186 7 0 0 0 0 0 0 0 0 0 0 0 
187 7 0 0 0 0 0 0 0 0 0 0 0 
188 7 0 0 0 0 0 0 0 0 0 0 0 
189 7 0 0 0 0 0 0 0 0 0 0 0 
190 7 0 0 0 0 0 0 0 0 0 0 0 
191 7 0 0 0 0 0 0 0 0 0 0 0 
192 7 0 0 0 0 0 0 0 0 0 0 0 
193 7 0 0 0 0 0 0 0 0 0 0 0 
194 7 0 0 0 0 0 0 0 0 0 0 0 
195 7 0 0 0 0 0 0 0 0 0 0 0 
196 7 0 0 0 0 0 0 0 0 0 0 0 
197 7 0 0 0 0 0 0 0 0 0 0 0 
198 7 0 0 0 0 0 0 0 0 0 0 0 
199 7 0 0 0 0 0 0 0 0 0 0 0 
200 7 0 0 0 0 0 0 0 0 0 0 0 
201 7 -1 147 1 26 -1 -1 -1 -1 -1 3 3 
202 7 7 0 0 0 0 0 0 0 0 0 0 
203 7 0 0 0 0 0 0 0 0 0 0 0 
204 7 0 0 0 0 0 0 0 0 0 0 0 
205 7 9 0 0 0 0 0 0 0 0 0 0 
206 7 -1 109 3 20 -1 -1 -1 -1 -1 2 33 
207 7 0 0 0 0 0 0 0 0 0 0 0 
208 7 0 0 0 0 0 0 0 0 0 0 0 
209 7 0 0 0 0 0 0 0 0 0 0 0 
210 7 0 0 0 0 0 0 0 0 0 0 0 
211 7 0 0 0 0 0 0 0 0 0 0 0 
212 7 0 0 0 0 0 0 0 0 0 0 0 
213 7 0 0 0 0 0 0 0 0 0 0 0 
214 7 0 0 0 0 0 0 0 0 0 0 0 
215 7 -1 2 2 29 -1 -1 -1 -1 -1 2 762 
216 7 -1 81 2 15 -1 -1 -1 -1 -1 0 4712 
217 7 0 0 0 0 0 0 0 0 0 0 0 
218 7 0 0 0 0 0 0 0 0 0 0 0 
219 7 28 0 0 0 0 0 0 0 0 0 0 
220 7 -1 134 4 38 -1 -1 -1 -1 -1 3 799 
221 7 0 0 0 0 0 0 0 0 0 0 0 
222 7 0 0 0 0 0 0 0 0 0 0 0 
223 7 0 0 0 0 0 0 0 0 0 0 0 
224 7 0 0 0 0 0 0 0 0 0 0 0 
225 7 0 0 0 0 0 0 0 0 0 0 0 
226 7 0 0 0 0 0 0 0 0 0 0 0 
227 7 0 0 0 0 0 0 0 0 0 0 0 
228 7 0 0 0 0 0 0 0 0 0 0 0 
229 7 0 0 0 0 0 0 0 0 0 0 0 
230 7 0 0 0 0 0 0 0 0 0 0 0 
231 7 0 0 0 0 0 0 0 0 0 0 0 
232 7 0 0 0 0 0 0 0 0 0 0 0 
233 7 0 0 0 0 0 0 0 0 0 0 0 
234 7 0 0 0 0 0 0 0 0 0 0 0 
235 7 0 0 0 0 0 0 0 0 0 0 0 
236 7 0 0 0 0 0 0 0 0 0 0 0 
237 7 0 0 0 0 0 0 0 0 0 0 0 
238 7 0 0 0 0 0 0 0 0 0 0 0 
239 7 0 0 0 0 0 0 0 0 0 0 0 
240 7 0 0 0 0 0 0 0 0 0 0 0 
241 7 0 0 0 0 0 0 0 0 0 0 0 
242 7 0 0 0 0 0 0 0 0 0 0 0 
243 7 0 0 0 0 0 0 0 0 0 0 0 
244 7 0 0 0 0 0 0 0 0 0 0 0 
245 7 0 0 0 0 0 0 0 0 0 0 0 
246 7 0 0 0 0 0 0 0 0 0 0 0 
247 7 35 0 0 0 0 0 0 0 0 0 0 
248 7 -1 7 2 24 -1 -1 -1 -1 -1 3 451 
249 7 0 0 0 0 0 0 0 0 0 0 0 
250 7 0 0 0 0 0 0 0 0 0 0 0 
251 7 42 0 0 0 0 0 0 0 0 0 0 
252 7 -1 86 2 34 -1 -1 -1 -1 -1 3 138 
253 7 0 0 0 0 0 0 0 0 0 0 0 
254 7 0 0 0 0 0 0 0 0 0 0 0 
255 8 0 0 0 0 0 0 0 0 0 0 0 
256 8 0 0 0 0 0 0 0 0 0 0 0 
257 8 0 0 0 0 0 0 0 0 0 0 0 
258 8 0 0 0 0 0 0 0 0 0 0 0 
259 8 0 0 0 0 0 0 0 0 0 0 0 
260 8 0 0 0 0 0 0 0 0 0 0 0 
261 8 0 0 0 0 0 0 0 0 0 0 0 
262 8 0 0 0 0 0 0 0 0 0 0 0 
263 8 0 0 0 0 0 0 0 0 0 0 0 
264 8 0 0 0 0 0 0 0 0 0 0 0 
265 8 0 0 0 0 0 0 0 0 0 0 0 
266 8 0 0 0 0 0 0 0 0 0 0 0 
267 8 0 0 0 0 0 0 0 0 0 0 0 
268 8 0 0 0 0 0 0 0 0 0 0 0 
269 8 0 0 0 0 0 0 0 0 0 0 0 
270 8 0 0 0 0 0 0 0 0 0 0 0 
271 8 0 0 0 0 0 0 0 0 0 0 0 
272 8 0 0 0 0 0 0 0 0 0 0 0 
273 8 0 0 0 0 0 0 0 0 0 0 0 
274 8 0 0 0 0 0 0 0 0 0 0 0 
275 8 0 0 0 0 0 0 0 0 0 0 0 
276 8 0 0 0 0 0 0 0 0 0 0 0 
277 8 0 0 0 0 0 0 0 0 0 0 0 
278 8 0 0 0 0 0 0 0 0 0 0 0 
279 8 0 0 0 0 0 0 0 0 0 0 0 
280 8 0 0 0 0 0 0 0 0 0 0 0 
281 8 0 0 0 0 0 0 0 0 0 0 0 
282 8 0 0 0 0 0 0 0 0 0 0 0 
283 8 0 0 0 0 0 0 0 0 0 0 0 
284 8 0 0 0 0 0 0 0 0 0 0 0 
285 8 0 0 0 0 0 0 0 0 0 0 0 
286 8 0 0 0 0 0 0 0 0 0 0 0 
287 8 0 0 0 0 0 0 0 0 0 0 0 
288 8 0 0 0 0 0 0 0 0 0 0 0 
289 8 0 0 0 0 0 0 0 0 0 0 0 
290 8 0 0 0 0 0 0 0 0 0 0 0 
291 8 0 0 0 0 0 0 0 0 0 0 0 
292 8 0 0 0 0 0 0 0 0 0 0 0 
293 8 0 0 0 0 0 0 0 0 0 0 0 
294 8 0 0 0 0 0 0 0 0 0 0 0 
295 8 0 0 0 0 0 0 0 0 0 0 0 
296 8 0 0 0 0 0 0 0 0 0 0 0 
297 8 0 0 0 0 0 0 0 0 0 0 0 
298 8 0 0 0 0 0 0 0 0 0 0 0 
299 8 0 0 0 0 0 0 0 0 0 0 0 
300 8 0 0 0 0 0 0 0 0 0 0 0 
301 8 0 0 0 0 0 0 0 0 0 0 0 
302 8 0 0 0 0 0 0 0 0 0 0 0 
303 8 0 0 0 0 0 0 0 0 0 0 0 
304 8 0 0 0 0 0 0 0 0 0 0 0 
305 8 0 0 0 0 0 0 0 0 0 0 0 
306 8 0 0 0 0 0 0 0 0 0 0 0 
307 8 0 0 0 0 0 0 0 0 0 0 0 
308 8 0 0 0 0 0 0 0 0 0 0 0 
309 8 0 0 0 0 0 0 0 0 0 0 0 
310 8 0 0 0 0 0 0 0 0 0 0 0 
311 8 0 0 0 0 0 0 0 0 0 0 0 
312 8 0 0 0 0 0 0 0 0 0 0 0 
313 8 0 0 0 0 0 0 0 0 0 0 0 
314 8 0 0 0 0 0 0 0 0 0 0 0 
315 8 0 0 0 0 0 0 0 0 0 0 0 
316 8 0 0 0 0 0 0 0 0 0 0 0 
317 8 0 0 0 0 0 0 0 0 0 0 0 
318 8 0 0 0 0 0 0 0 0 0 0 0 
319 8 0 0 0 0 0 0 0 0 0 0 0 
320 8 0 0 0 0 0 0 0 0 0 0 0 
321 8 0 0 0 0 0 0 0 0 0 0 0 
322 8 0 0 0 0 0 0 0 0 0 0 0 
323 8 0 0 0 0 0 0 0 0 0 0 0 
324 8 0 0 0 0 0 0 0 0 0 0 0 
325 8 0 0 0 0 0 0 0 0 0 0 0 
326 8 0 0 0 0 0 0 0 0 0 0 0 
327 8 0 0 0 0 0 0 0 0 0 0 0 
328 8 0 0 0 0 0 0 0 0 0 0 0 
329 8 0 0 0 0 0 0 0 0 0 0 0 
330 8 0 0 0 0 0 0 0 0 0 0 0 
331 8 0 0 0 0 0 0 0 0 0 0 0 
332 8 0 0 0 0 0 0 0 0 0 0 0 
333 8 0 0 0 0 0 0 0 0 0 0 0 
334 8 0 0 0 0 0 0 0 0 0 0 0 
335 8 0 0 0 0 0 0 0 0 0 0 0 
336 8 0 0 0 0 0 0 0 0 0 0 0 
337 8 0 0 0 0 0 0 0 0 0 0 0 
338 8 0 0 0 0 0 0 0 0 0 0 0 
339 8 0 0 0 0 0 0 0 0 0 0 0 
340 8 0 0 0 0 0 0 0 0 0 0 0 
341 8 0 0 0 0 0 0 0 0 0 0 0 
342 8 0 0 0 0 0 0 0 0 0 0 0 
343 8 0 0 0 0 0 0 0 0 0 0 0 
344 8 0 0 0 0 0 0 0 0 0 0 0 
345 8 0 0 0 0 0 0 0 0 0 0 0 
346 8 0 0 0 0 0 0 0 0 0 0 0 
347 8 0 0 0 0 0 0 0 0 0 0 0 
348 8 0 0 0 0 0 0 0 0 0 0 0 
349 8 0 0 0 0 0 0 0 0 0 0 0 
350 8 0 0 0 0 0 0 0 0 0 0 0 
351 8 0 0 0 0 0 0 0 0 0 0 0 
352 8 0 0 0 0 0 0 0 0 0 0 0 
353 8 0 0 0 0 0 0 0 0 0 0 0 
354 8 0 0 0 0 0 0 0 0 0 0 0 
355 8 0 0 0 0 0 0 0 0 0 0 0 
356 8 0 0 0 0 0 0 0 0 0 0 0 
357 8 0 0 0 0 0 0 0 0 0 0 0 
358 8 0 0 0 0 0 0 0 0 0 0 0 
359 8 0 0 0 0 0 0 0 0 0 0 0 
360 8 0 0 0 0 0 0 0 0 0 0 0 
361 8 0 0 0 0 0 0 0 0 0 0 0 
362 8 0 0 0 0 0 0 0 0 0 0 0 
363 8 0 0 0 0 0 0 0 0 0 0 0 
364 8 0 0 0 0 0 0 0 0 0 0 0 
365 8 0 0 0 0 0 0 0 0 0 0 0 
366 8 0 0 0 0 0 0 0 0 0 0 0 
367 8 0 0 0 0 0 0 0 0 0 0 0 
368 8 0 0 0 0 0 0 0 0 0 0 0 
369 8 0 0 0 0 0 0 0 0 0 0 0 
370 8 0 0 0 0 0 0 0 0 0 0 0 
371 8 0 0 0 0 0 0 0 0 0 0 0 
372 8 0 0 0 0 0 0 0 0 0 0 0 
373 8 0 0 0 0 0 0 0 0 0 0 0 
374 8 0 0 0 0 0 0 0 0 0 0 0 
375 8 0 0 0 0 0 0 0 0 0 0 0 
376 8 0 0 0 0 0 0 0 0 0 0 0 
377 8 0 0 0 0 0 0 0 0 0 0 0 
378 8 0 0 0 0 0 0 0 0 0 0 0 
379 8 0 0 0 0 0 0 0 0 0 0 0 
380 8 0 0 0 0 0 0 0 0 0 0 0 
381 8 0 0 0 0 0 0 0 0 0 0 0 
382 8 0 0 0 0 0 0 0 0 0 0 0 
383 8 0 0 0 0 0 0 0 0 0 0 0 
384 8 0 0 0 0 0 0 0 0 0 0 0 
385 8 0 0 0 0 0 0 0 0 0 0 0 
386 8 0 0 0 0 0 0 0 0 0 0 0 
387 8 0 0 0 0 0 0 0 0 0 0 0 
388 8 0 0 0 0 0 0 0 0 0 0 0 
389 8 0 0 0 0 0 0 0 0 0 0 0 
390 8 0 0 0 0 0 0 0 0 0 0 0 
391 8 0 0 0 0 0 0 0 0 0 0 0 
392 8 0 0 0 0 0 0 0 0 0 0 0 
393 8 0 0 0 0 0 0 0 0 0 0 0 
394 8 0 0 0 0 0 0 0 0 0 0 0 
395 8 0 0 0 0 0 0 0 0 0 0 0 
396 8 0 0 0 0 0 0 0 0 0 0 0 
397 8 0 0 0 0 0 0 0 0 0 0 0 
398 8 0 0 0 0 0 0 0 0 0 0 0 
399 8 0 0 0 0 0 0 0 0 0 0 0 
400 8 0 0 0 0 0 0 0 0 0 0 0 
401 8 0 0 0 0 0 0 0 0 0 0 0 
402 8 0 0 0 0 0 0 0 0 0 0 0 
403 8 -1 335 4 18 -1 -1 -1 -1 -1 0 5208 
404 8 6 0 0 0 0 0 0 0 0 0 0 
405 8 0 0 0 0 0 0 0 0 0 0 0 
406 8 0 0 0 0 0 0 0 0 0 0 0 
407 8 0 0 0 0 0 0 0 0 0 0 0 
408 8 0 0 0 0 0 0 0 0 0 0 0 
409 8 0 0 0 0 0 0 0 0 0 0 0 
410 8 0 0 0 0 0 0 0 0 0 0 0 
411 8 0 0 0 0 0 0 0 0 0 0 0 
412 8 0 0 0 0 0 0 0 0 0 0 0 
413 8 -1 314 2 27 -1 -1 -1 -1 -1 1 642 
414 8 12 0 0 0 0 0 0 0 0 0 0 
415 8 0 0 0 0 0 0 0 0 0 0 0 
416 8 0 0 0 0 0 0 0 0 0 0 0 
417 8 0 0 0 0 0 0 0 0 0 0 0 
418 8 0 0 0 0 0 0 0 0 0 0 0 
419 8 0 0 0 0 0 0 0 0 0 0 0 
420 8 0 0 0 0 0 0 0 0 0 0 0 
421 8 0 0 0 0 0 0 0 0 0 0 0 
422 8 0 0 0 0 0 0 0 0 0 0 0 
423 8 0 0 0 0 0 0 0 0 0 0 0 
424 8 0 0 0 0 0 0 0 0 0 0 0 
425 8 0 0 0 0 0 0 0 0 0 0 0 
426 8 0 0 0 0 0 0 0 0 0 0 0 
427 8 0 0 0 0 0 0 0 0 0 0 0 
428 8 0 0 0 0 0 0 0 0 0 0 0 
429 8 0 0 0 0 0 0 0 0 0 0 0 
430 8 0 0 0 0 0 0 0 0 0 0 0 
431 8 -1 310 4 38 -1 -1 -1 -1 -1 2 7357 
432 8 -1 311 3 38 -1 -1 -1 -1 -1 3 -4 
433 8 -1 162 2 20 -1 -1 -1 -1 -1 2 1990 
434 8 -1 108 3 14 -1 -1 -1 -1 -1 3 -10 
435 8 0 0 0 0 0 0 0 0 0 0 0 
436 8 0 0 0 0 0 0 0 0 0 0 0 
437 8 0 0 0 0 0 0 0 0 0 0 0 
438 8 0 0 0 0 0 0 0 0 0 0 0 
439 8 0 0 0 0 0 0 0 0 0 0 0 
440 8 0 0 0 0 0 0 0 0 0 0 0 
441 8 29 0 0 0 0 0 0 0 0 0 0 
442 8 30 0 0 0 0 0 0 0 0 0 0 
443 8 0 0 0 0 0 0 0 0 0 0 0 
444 8 0 0 0 0 0 0 0 0 0 0 0 
445 8 0 0 0 0 0 0 0 0 0 0 0 
446 8 0 0 0 0 0 0 0 0 0 0 0 
447 8 0 0 0 0 0 0 0 0 0 0 0 
448 8 0 0 0 0 0 0 0 0 0 0 0 
449 8 0 0 0 0 0 0 0 0 0 0 0 
450 8 0 0 0 0 0 0 0 0 0 0 0 
451 8 0 0 0 0 0 0 0 0 0 0 0 
452 8 0 0 0 0 0 0 0 0 0 0 0 
453 8 0 0 0 0 0 0 0 0 0 0 0 
454 8 0 0 0 0 0 0 0 0 0 0 0 
455 8 0 0 0 0 0 0 0 0 0 0 0 
456 8 0 0 0 0 0 0 0 0 0 0 0 
457 8 0 0 0 0 0 0 0 0 0 0 0 
458 8 0 0 0 0 0 0 0 0 0 0 0 
459 8 0 0 0 0 0 0 0 0 0 0 0 
460 8 0 0 0 0 0 0 0 0 0 0 0 
461 8 0 0 0 0 0 0 0 0 0 0 0 
462 8 0 0 0 0 0 0 0 0 0 0 0 
463 8 0 0 0 0 0 0 0 0 0 0 0 
464 8 0 0 0 0 0 0 0 0 0 0 0 
465 8 0 0 0 0 0 0 0 0 0 0 0 
466 8 0 0 0 0 0 0 0 0 0 0 0 
467 8 0 0 0 0 0 0 0 0 0 0 0 
468 8 0 0 0 0 0 0 0 0 0 0 0 
469 8 0 0 0 0 0 0 0 0 0 0 0 
470 8 0 0 0 0 0 0 0 0 0 0 0 
471 8 0 0 0 0 0 0 0 0 0 0 0 
472 8 0 0 0 0 0 0 0 0 0 0 0 
473 8 0 0 0 0 0 0 0 0 0 0 0 
474 8 0 0 0 0 0 0 0 0 0 0 0 
475 8 0 0 0 0 0 0 0 0 0 0 0 
476 8 0 0 0 0 0 0 0 0 0 0 0 
477 8 0 0 0 0 0 0 0 0 0 0 0 
478 8 0 0 0 0 0 0 0 0 0 0 0 
479 8 0 0 0 0 0 0 0 0 0 0 0 
480 8 0 0 0 0 0 0 0 0 0 0 0 
481 8 0 0 0 0 0 0 0 0 0 0 0 
482 8 0 0 0 0 0 0 0 0 0 0 0 
483 8 0 0 0 0 0 0 0 0 0 0 0 
484 8 0 0 0 0 0 0 0 0 0 0 0 
485 8 0 0 0 0 0 0 0 0 0 0 0 
486 8 0 0 0 0 0 0 0 0 0 0 0 
487 8 0 0 0 0 0 0 0 0 0 0 0 
488 8 0 0 0 0 0 0 0 0 0 0 0 
489 8 0 0 0 0 0 0 0 0 0 0 0 
490 8 0 0 0 0 0 0 0 0 0 0 0 
491 8 0 0 0 0 0 0 0 0 0 0 0 
492 8 0 0 0 0 0 0 0 0 0 0 0 
493 8 0 0 0 0 0 0 0 0 0 0 0 
494 8 0 0 0 0 0 0 0 0 0 0 0 
495 8 0 0 0 0 0 0 0 0 0 0 0 
496 8 0 0 0 0 0 0 0 0 0 0 0 
497 8 -1 166 0 38 -1 -1 -1 -1 -1 2 -20 
498 8 -1 155 2 37 -1 -1 -1 -1 -1 2 416 
499 8 0 0 0 0 0 0 0 0 0 0 0 
500 8 0 0 0 0 0 0 0 0 0 0 0 
501 8 0 0 0 0 0 0 0 0 0 0 0 
502 8 0 0 0 0 0 0 0 0 0 0 0 
503 8 0 0 0 0 0 0 0 0 0 0 0 
504 8 0 0 0 0 0 0 0 0 0 0 0 
505 8 -1 110 2 12 -1 -1 -1 -1 -1 3 2717 
506 8 -1 355 3 26 -1 -1 -1 -1 -1 0 -8 
507 8 0 0 0 0 0 0 0 0 0 0 0 
508 8 0 0 0 0 0 0 0 0 0 0 0 
509 8 0 0 0 0 0 0 0 0 0 0 0 
510 8 0 0 0 0 0 0 0 0 0 0 0 
511 9 0 0 0 0 0 0 0 0 0 0 0 
512 9 0 0 0 0 0 0 0 0 0 0 0 
513 9 0 0 0 0 0 0 0 0 0 0 0 
514 9 0 0 0 0 0 0 0 0 0 0 0 
515 9 0 0 0 0 0 0 0 0 0 0 0 
516 9 0 0 0 0 0 0 0 0 0 0 0 
517 9 0 0 0 0 0 0 0 0 0 0 0 
518 9 0 0 0 0 0 0 0 0 0 0 0 
519 9 0 0 0 0 0 0 0 0 0 0 0 
520 9 0 0 0 0 0 0 0 0 0 0 0 
521 9 0 0 0 0 0 0 0 0 0 0 0 
522 9 0 0 0 0 0 0 0 0 0 0 0 
523 9 0 0 0 0 0 0 0 0 0 0 0 
524 9 0 0 0 0 0 0 0 0 0 0 0 
525 9 0 0 0 0 0 0 0 0 0 0 0 
526 9 0 0 0 0 0 0 0 0 0 0 0 
527 9 0 0 0 0 0 0 0 0 0 0 0 
528 9 0 0 0 0 0 0 0 0 0 0 0 
529 9 0 0 0 0 0 0 0 0 0 0 0 
530 9 0 0 0 0 0 0 0 0 0 0 0 
531 9 0 0 0 0 0 0 0 0 0 0 0 
532 9 0 0 0 0 0 0 0 0 0 0 0 
533 9 0 0 0 0 0 0 0 0 0 0 0 
534 9 0 0 0 0 0 0 0 0 0 0 0 
535 9 0 0 0 0 0 0 0 0 0 0 0 
536 9 0 0 0 0 0 0 0 0 0 0 0 
537 9 0 0 0 0 0 0 0 0 0 0 0 
538 9 0 0 0 0 0 0 0 0 0 0 0 
539 9 0 0 0 0 0 0 0 0 0 0 0 
540 9 0 0 0 0 0 0 0 0 0 0 0 
541 9 0 0 0 0 0 0 0 0 0 0 0 
542 9 0 0 0 0 0 0 0 0 0 0 0 
543 9 0 0 0 0 0 0 0 0 0 0 0 
544 9 0 0 0 0 0 0 0 0 0 0 0 
545 9 0 0 0 0 0 0 0 0 0 0 0 
546 9 0 0 0 0 0 0 0 0 0 0 0 
547 9 0 0 0 0 0 0 0 0 0 0 0 
548 9 0 0 0 0 0 0 0 0 0 0 0 
549 9 0 0 0 0 0 0 0 0 0 0 0 
550 9 0 0 0 0 0 0 0 0 0 0 0 
551 9 0 0 0 0 0 0 0 0 0 0 0 
552 9 0 0 0 0 0 0 0 0 0 0 0 
553 9 0 0 0 0 0 0 0 0 0 0 0 
554 9 0 0 0 0 0 0 0 0 0 0 0 
555 9 0 0 0 0 0 0 0 0 0 0 0 
556 9 0 0 0 0 0 0 0 0 0 0 0 
557 9 0 0 0 0 0 0 0 0 0 0 0 
558 9 0 0 0 0 0 0 0 0 0 0 0 
559 9 0 0 0 0 0 0 0 0 0 0 0 
560 9 0 0 0 0 0 0 0 0 0 0 0 
561 9 0 0 0 0 0 0 0 0 0 0 0 
562 9 0 0 0 0 0 0 0 0 0 0 0 
563 9 0 0 0 0 0 0 0 0 0 0 0 
564 9 0 0 0 0 0 0 0 0 0 0 0 
565 9 0 0 0 0 0 0 0 0 0 0 0 
566 9 0 0 0 0 0 0 0 0 0 0 0 
567 9 0 0 0 0 0 0 0 0 0 0 0 
568 9 0 0 0 0 0 0 0 0 0 0 0 
569 9 0 0 0 0 0 0 0 0 0 0 0 
570 9 0 0 0 0 0 0 0 0 0 0 0 
571 9 0 0 0 0 0 0 0 0 0 0 0 
572 9 0 0 0 0 0 0 0 0 0 0 0 
573 9 0 0 0 0 0 0 0 0 0 0 0 
574 9 0 0 0 0 0 0 0 0 0 0 0 
575 9 0 0 0 0 0 0 0 0 0 0 0 
576 9 0 0 0 0 0 0 0 0 0 0 0 
577 9 0 0 0 0 0 0 0 0 0 0 0 
578 9 0 0 0 0 0 0 0 0 0 0 0 
579 9 0 0 0 0 0 0 0 0 0 0 0 
580 9 0 0 0 0 0 0 0 0 0 0 0 
581 9 0 0 0 0 0 0 0 0 0 0 0 
582 9 0 0 0 0 0 0 0 0 0 0 0 
583 9 0 0 0 0 0 0 0 0 0 0 0 
584 9 0 0 0 0 0 0 0 0 0 0 0 
585 9 0 0 0 0 0 0 0 0 0 0 0 
586 9 0 0 0 0 0 0 0 0 0 0 0 
587 9 0 0 0 0 0 0 0 0 0 0 0 
588 9 0 0 0 0 0 0 0 0 0 0 0 
589 9 0 0 0 0 0 0 0 0 0 0 0 
590 9 0 0 0 0 0 0 0 0 0 0 0 
591 9 0 0 0 0 0 0 0 0 0 0 0 
592 9 0 0 0 0 0 0 0 0 0 0 0 
593 9 0 0 0 0 0 0 0 0 0 0 0 
594 9 0 0 0 0 0 0 0 0 0 0 0 
595 9 0 0 0 0 0 0 0 0 0 0 0 
596 9 0 0 0 0 0 0 0 0 0 0 0 
597 9 0 0 0 0 0 0 0 0 0 0 0 
598 9 0 0 0 0 0 0 0 0 0 0 0 
599 9 0 0 0 0 0 0 0 0 0 0 0 
600 9 0 0 0 0 0 0 0 0 0 0 0 
601 9 0 0 0 0 0 0 0 0 0 0 0 
602 9 0 0 0 0 0 0 0 0 0 0 0 
603 9 0 0 0 0 0 0 0 0 0 0 0 
604 9 0 0 0 0 0 0 0 0 0 0 0 
605 9 0 0 0 0 0 0 0 0 0 0 0 
606 9 0 0 0 0 0 0 0 0 0 0 0 
607 9 0 0 0 0 0 0 0 0 0 0 0 
608 9 0 0 0 0 0 0 0 0 0 0 0 
609 9 0 0 0 0 0 0 0 0 0 0 0 
610 9 0 0 0 0 0 0 0 0 0 0 0 
611 9 0 0 0 0 0 0 0 0 0 0 0 
612 9 0 0 0 0 0 0 0 0 0 0 0 
613 9 0 0 0 0 0 0 0 0 0 0 0 
614 9 0 0 0 0 0 0 0 0 0 0 0 
615 9 0 0 0 0 0 0 0 0 0 0 0 
616 9 0 0 0 0 0 0 0 0 0 0 0 
617 9 0 0 0 0 0 0 0 0 0 0 0 
618 9 0 0 0 0 0 0 0 0 0 0 0 
619 9 0 0 0 0 0 0 0 0 0 0 0 
620 9 0 0 0 0 0 0 0 0 0 0 0 
621 9 0 0 0 0 0 0 0 0 0 0 0 
622 9 0 0 0 0 0 0 0 0 0 0 0 
623 9 0 0 0 0 0 0 0 0 0 0 0 
624 9 0 0 0 0 0 0 0 0 0 0 0 
625 9 0 0 0 0 0 0 0 0 0 0 0 
626 9 0 0 0 0 0 0 0 0 0 0 0 
627 9 0 0 0 0 0 0 0 0 0 0 0 
628 9 0 0 0 0 0 0 0 0 0 0 0 
629 9 0 0 0 0 0 0 0 0 0 0 0 
630 9 0 0 0 0 0 0 0 0 0 0 0 
631 9 0 0 0 0 0 0 0 0 0 0 0 
632 9 0 0 0 0 0 0 0 0 0 0 0 
633 9 0 0 0 0 0 0 0 0 0 0 0 
634 9 0 0 0 0 0 0 0 0 0 0 0 
635 9 0 0 0 0 0 0 0 0 0 0 0 
636 9 0 0 0 0 0 0 0 0 0 0 0 
637 9 0 0 0 0 0 0 0 0 0 0 0 
638 9 0 0 0 0 0 0 0 0 0 0 0 
639 9 0 0 0 0 0 0 0 0 0 0 0 
640 9 0 0 0 0 0 0 0 0 0 0 0 
641 9 0 0 0 0 0 0 0 0 0 0 0 
642 9 0 0 0 0 0 0 0 0 0 0 0 
643 9 0 0 0 0 0 0 0 0 0 0 0 
644 9 0 0 0 0 0 0 0 0 0 0 0 
645 9 0 0 0 0 0 0 0 0 0 0 0 
646 9 0 0 0 0 0 0 0 0 0 0 0 
647 9 0 0 0 0 0 0 0 0 0 0 0 
648 9 0 0 0 0 0 0 0 0 0 0 0 
649 9 0 0 0 0 0 0 0 0 0 0 0 
650 9 0 0 0 0 0 0 0 0 0 0 0 
651 9 0 0 0 0 0 0 0 0 0 0 0 
652 9 0 0 0 0 0 0 0 0 0 0 0 
653 9 0 0 0 0 0 0 0 0 0 0 0 
654 9 0 0 0 0 0 0 0 0 0 0 0 
655 9 0 0 0 0 0 0 0 0 0 0 0 
656 9 0 0 0 0 0 0 0 0 0 0 0 
657 9 0 0 0 0 0 0 0 0 0 0 0 
658 9 0 0 0 0 0 0 0 0 0 0 0 
659 9 0 0 0 0 0 0 0 0 0 0 0 
660 9 0 0 0 0 0 0 0 0 0 0 0 
661 9 0 0 0 0 0 0 0 0 0 0 0 
662 9 0 0 0 0 0 0 0 0 0 0 0 
663 9 0 0 0 0 0 0 0 0 0 0 0 
664 9 0 0 0 0 0 0 0 0 0 0 0 
665 9 0 0 0 0 0 0 0 0 0 0 0 
666 9 0 0 0 0 0 0 0 0 0 0 0 
667 9 0 0 0 0 0 0 0 0 0 0 0 
668 9 0 0 0 0 0 0 0 0 0 0 0 
669 9 0 0 0 0 0 0 0 0 0 0 0 
670 9 0 0 0 0 0 0 0 0 0 0 0 
671 9 0 0 0 0 0 0 0 0 0 0 0 
672 9 0 0 0 0 0 0 0 0 0 0 0 
673 9 0 0 0 0 0 0 0 0 0 0 0 
674 9 0 0 0 0 0 0 0 0 0 0 0 
675 9 0 0 0 0 0 0 0 0 0 0 0 
676 9 0 0 0 0 0 0 0 0 0 0 0 
677 9 0 0 0 0 0 0 0 0 0 0 0 
678 9 0 0 0 0 0 0 0 0 0 0 0 
679 9 0 0 0 0 0 0 0 0 0 0 0 
680 9 0 0 0 0 0 0 0 0 0 0 0 
681 9 0 0 0 0 0 0 0 0 0 0 0 
682 9 0 0 0 0 0 0 0 0 0 0 0 
683 9 0 0 0 0 0 0 0 0 0 0 0 
684 9 0 0 0 0 0 0 0 0 0 0 0 
685 9 0 0 0 0 0 0 0 0 0 0 0 
686 9 0 0 0 0 0 0 0 0 0 0 0 
687 9 0 0 0 0 0 0 0 0 0 0 0 
688 9 0 0 0 0 0 0 0 0 0 0 0 
689 9 0 0 0 0 0 0 0 0 0 0 0 
690 9 0 0 0 0 0 0 0 0 0 0 0 
691 9 0 0 0 0 0 0 0 0 0 0 0 
692 9 0 0 0 0 0 0 0 0 0 0 0 
693 9 0 0 0 0 0 0 0 0 0 0 0 
694 9 0 0 0 0 0 0 0 0 0 0 0 
695 9 0 0 0 0 0 0 0 0 0 0 0 
696 9 0 0 0 0 0 0 0 0 0 0 0 
697 9 0 0 0 0 0 0 0 0 0 0 0 
698 9 0 0 0 0 0 0 0 0 0 0 0 
699 9 0 0 0 0 0 0 0 0 0 0 0 
700 9 0 0 0 0 0 0 0 0 0 0 0 
701 9 0 0 0 0 0 0 0 0 0 0 0 
702 9 0 0 0 0 0 0 0 0 0 0 0 
703 9 0 0 0 0 0 0 0 0 0 0 0 
704 9 0 0 0 0 0 0 0 0 0 0 0 
705 9 0 0 0 0 0 0 0 0 0 0 0 
706 9 0 0 0 0 0 0 0 0 0 0 0 
707 9 0 0 0 0 0 0 0 0 0 0 0 
708 9 0 0 0 0 0 0 0 0 0 0 0 
709 9 0 0 0 0 0 0 0 0 0 0 0 
710 9 0 0 0 0 0 0 0 0 0 0 0 
711 9 0 0 0 0 0 0 0 0 0 0 0 
712 9 0 0 0 0 0 0 0 0 0 0 0 
713 9 0 0 0 0 0 0 0 0 0 0 0 
714 9 0 0 0 0 0 0 0 0 0 0 0 
715 9 0 0 0 0 0 0 0 0 0 0 0 
716 9 0 0 0 0 0 0 0 0 0 0 0 
717 9 0 0 0 0 0 0 0 0 0 0 0 
718 9 0 0 0 0 0 0 0 0 0 0 0 
719 9 0 0 0 0 0 0 0 0 0 0 0 
720 9 0 0 0 0 0 0 0 0 0 0 0 
721 9 0 0 0 0 0 0 0 0 0 0 0 
722 9 0 0 0 0 0 0 0 0 0 0 0 
723 9 0 0 0 0 0 0 0 0 0 0 0 
724 9 0 0 0 0 0 0 0 0 0 0 0 
725 9 0 0 0 0 0 0 0 0 0 0 0 
726 9 0 0 0 0 0 0 0 0 0 0 0 
727 9 0 0 0 0 0 0 0 0 0 0 0 
728 9 0 0 0 0 0 0 0 0 0 0 0 
729 9 0 0 0 0 0 0 0 0 0 0 0 
730 9 0 0 0 0 0 0 0 0 0 0 0 
731 9 0 0 0 0 0 0 0 0 0 0 0 
732 9 0 0 0 0 0 0 0 0 0 0 0 
733 9 0 0 0 0 0 0 0 0 0 0 0 
734 9 0 0 0 0 0 0 0 0 0 0 0 
735 9 0 0 0 0 0 0 0 0 0 0 0 
736 9 0 0 0 0 0 0 0 0 0 0 0 
737 9 0 0 0 0 0 0 0 0 0 0 0 
738 9 0 0 0 0 0 0 0 0 0 0 0 
739 9 0 0 0 0 0 0 0 0 0 0 0 
740 9 0 0 0 0 0 0 0 0 0 0 0 
741 9 0 0 0 0 0 0 0 0 0 0 0 
742 9 0 0 0 0 0 0 0 0 0 0 0 
743 9 0 0 0 0 0 0 0 0 0 0 0 
744 9 0 0 0 0 0 0 0 0 0 0 0 
745 9 0 0 0 0 0 0 0 0 0 0 0 
746 9 0 0 0 0 0 0 0 0 0 0 0 
747 9 0 0 0 0 0 0 0 0 0 0 0 
748 9 0 0 0 0 0 0 0 0 0 0 0 
749 9 0 0 0 0 0 0 0 0 0 0 0 
750 9 0 0 0 0 0 0 0 0 0 0 0 
751 9 0 0 0 0 0 0 0 0 0 0 0 
752 9 0 0 0 0 0 0 0 0 0 0 0 
753 9 0 0 0 0 0 0 0 0 0 0 0 
754 9 0 0 0 0 0 0 0 0 0 0 0 
755 9 0 0 0 0 0 0 0 0 0 0 0 
756 9 0 0 0 0 0 0 0 0 0 0 0 
757 9 0 0 0 0 0 0 0 0 0 0 0 
758 9 0 0 0 0 0 0 0 0 0 0 0 
759 9 0 0 0 0 0 0 0 0 0 0 0 
760 9 0 0 0 0 0 0 0 0 0 0 0 
761 9 0 0 0 0 0 0 0 0 0 0 0 
762 9 0 0 0 0 0 0 0 0 0 0 0 
763 9 0 0 0 0 0 0 0 0 0 0 0 
764 9 0 0 0 0 0 0 0 0 0 0 0 
765 9 0 0 0 0 0 0 0 0 0 0 0 
766 9 0 0 0 0 0 0 0 0 0 0 0 
767 9 0 0 0 0 0 0 0 0 0 0 0 
768 9 0 0 0 0 0 0 0 0 0 0 0 
769 9 0 0 0 0 0 0 0 0 0 0 0 
770 9 0 0 0 0 0 0 0 0 0 0 0 
771 9 0 0 0 0 0 0 0 0 0 0 0 
772 9 0 0 0 0 0 0 0 0 0 0 0 
773 9 0 0 0 0 0 0 0 0 0 0 0 
774 9 0 0 0 0 0 0 0 0 0 0 0 
775 9 0 0 0 0 0 0 0 0 0 0 0 
776 9 0 0 0 0 0 0 0 0 0 0 0 
777 9 0 0 0 0 0 0 0 0 0 0 0 
778 9 0 0 0 0 0 0 0 0 0 0 0 
779 9 0 0 0 0 0 0 0 0 0 0 0 
780 9 0 0 0 0 0 0 0 0 0 0 0 
781 9 0 0 0 0 0 0 0 0 0 0 0 
782 9 0 0 0 0 0 0 0 0 0 0 0 
783 9 0 0 0 0 0 0 0 0 0 0 0 
784 9 0 0 0 0 0 0 0 0 0 0 0 
785 9 0 0 0 0 0 0 0 0 0 0 0 
786 9 0 0 0 0 0 0 0 0 0 0 0 
787 9 0 0 0 0 0 0 0 0 0 0 0 
788 9 0 0 0 0 0 0 0 0 0 0 0 
789 9 0 0 0 0 0 0 0 0 0 0 0 
790 9 0 0 0 0 0 0 0 0 0 0 0 
791 9 0 0 0 0 0 0 0 0 0 0 0 
792 9 0 0 0 0 0 0 0 0 0 0 0 
793 9 0 0 0 0 0 0 0 0 0 0 0 
794 9 0 0 0 0 0 0 0 0 0 0 0 
795 9 0 0 0 0 0 0 0 0 0 0 0 
796 9 0 0 0 0 0 0 0 0 0 0 0 
797 9 0 0 0 0 0 0 0 0 0 0 0 
798 9 0 0 0 0 0 0 0 0 0 0 0 
799 9 0 0 0 0 0 0 0 0 0 0 0 
800 9 0 0 0 0 0 0 0 0 0 0 0 
801 9 0 0 0 0 0 0 0 0 0 0 0 
802 9 0 0 0 0 0 0 0 0 0 0 0 
803 9 0 0 0 0 0 0 0 0 0 0 0 
804 9 0 0 0 0 0 0 0 0 0 0 0 
805 9 0 0 0 0 0 0 0 0 0 0 0 
806 9 0 0 0 0 0 0 0 0 0 0 0 
807 9 3 0 0 0 0 0 0 0 0 0 0 
808 9 -1 60 0 12 -1 -1 -1 -1 -1 3 -25 
809 9 0 0 0 0 0 0 0 0 0 0 0 
810 9 0 0 0 0 0 0 0 0 0 0 0 
811 9 0 0 0 0 0 0 0 0 0 0 0 
812 9 0 0 0 0 0 0 0 0 0 0 0 
813 9 0 0 0 0 0 0 0 0 0 0 0 
814 9 0 0 0 0 0 0 0 0 0 0 0 
815 9 0 0 0 0 0 0 0 0 0 0 0 
816 9 0 0 0 0 0 0 0 0 0 0 0 
817 9 0 0 0 0 0 0 0 0 0 0 0 
818 9 0 0 0 0 0 0 0 0 0 0 0 
819 9 0 0 0 0 0 0 0 0 0 0 0 
820 9 0 0 0 0 0 0 0 0 0 0 0 
821 9 0 0 0 0 0 0 0 0 0 0 0 
822 9 0 0 0 0 0 0 0 0 0 0 0 
823 9 0 0 0 0 0 0 0 0 0 0 0 
824 9 0 0 0 0 0 0 0 0 0 0 0 
825 9 0 0 0 0 0 0 0 0 0 0 0 
826 9 0 0 0 0 0 0 0 0 0 0 0 
827 9 10 0 0 0 0 0 0 0 0 0 0 
828 9 11 0 0 0 0 0 0 0 0 0 0 
829 9 0 0 0 0 0 0 0 0 0 0 0 
830 9 0 0 0 0 0 0 0 0 0 0 0 
831 9 0 0 0 0 0 0 0 0 0 0 0 
832 9 0 0 0 0 0 0 0 0 0 0 0 
833 9 0 0 0 0 0 0 0 0 0 0 0 
834 9 0 0 0 0 0 0 0 0 0 0 0 
835 9 0 0 0 0 0 0 0 0 0 0 0 
836 9 0 0 0 0 0 0 0 0 0 0 0 
837 9 0 0 0 0 0 0 0 0 0 0 0 
838 9 0 0 0 0 0 0 0 0 0 0 0 
839 9 0 0 0 0 0 0 0 0 0 0 0 
840 9 0 0 0 0 0 0 0 0 0 0 0 
841 9 0 0 0 0 0 0 0 0 0 0 0 
842 9 0 0 0 0 0 0 0 0 0 0 0 
843 9 0 0 0 0 0 0 0 0 0 0 0 
844 9 0 0 0 0 0 0 0 0 0 0 0 
845 9 0 0 0 0 0 0 0 0 0 0 0 
846 9 0 0 0 0 0 0 0 0 0 0 0 
847 9 0 0 0 0 0 0 0 0 0 0 0 
848 9 0 0 0 0 0 0 0 0 0 0 0 
849 9 0 0 0 0 0 0 0 0 0 0 0 
850 9 0 0 0 0 0 0 0 0 0 0 0 
851 9 0 0 0 0 0 0 0 0 0 0 0 
852 9 0 0 0 0 0 0 0 0 0 0 0 
853 9 0 0 0 0 0 0 0 0 0 0 0 
854 9 0 0 0 0 0 0 0 0 0 0 0 
855 9 0 0 0 0 0 0 0 0 0 0 0 
856 9 0 0 0 0 0 0 0 0 0 0 0 
857 9 0 0 0 0 0 0 0 0 0 0 0 
858 9 0 0 0 0 0 0 0 0 0 0 0 
859 9 0 0 0 0 0 0 0 0 0 0 0 
860 9 0 0 0 0 0 0 0 0 0 0 0 
861 9 0 0 0 0 0 0 0 0 0 0 0 
862 9 0 0 0 0 0 0 0 0 0 0 0 
863 9 -1 135 3 30 -1 -1 -1 -1 -1 0 -16 
864 9 16 0 0 0 0 0 0 0 0 0 0 
865 9 17 0 0 0 0 0 0 0 0 0 0 
866 9 -1 110 3 12 -1 -1 -1 -1 -1 1 -3 
867 9 -1 16 4 24 -1 -1 -1 -1 -1 2 6588 
868 9 -1 63 4 38 -1 -1 -1 -1 -1 3 2270 
869 9 -1 73 2 21 -1 -1 -1 -1 -1 2 3044 
870 9 26 0 0 0 0 0 0 0 0 0 0 
871 9 0 0 0 0 0 0 0 0 0 0 0 
872 9 0 0 0 0 0 0 0 0 0 0 0 
873 9 0 0 0 0 0 0 0 0 0 0 0 
874 9 0 0 0 0 0 0 0 0 0 0 0 
875 9 0 0 0 0 0 0 0 0 0 0 0 
876 9 0 0 0 0 0 0 0 0 0 0 0 
877 9 0 0 0 0 0 0 0 0 0 0 0 
878 9 0 0 0 0 0 0 0 0 0 0 0 
879 9 0 0 0 0 0 0 0 0 0 0 0 
880 9 0 0 0 0 0 0 0 0 0 0 0 
881 9 0 0 0 0 0 0 0 0 0 0 0 
882 9 0 0 0 0 0 0 0 0 0 0 0 
883 9 0 0 0 0 0 0 0 0 0 0 0 
884 9 0 0 0 0 0 0 0 0 0 0 0 
885 9 0 0 0 0 0 0 0 0 0 0 0 
886 9 0 0 0 0 0 0 0 0 0 0 0 
887 9 0 0 0 0 0 0 0 0 0 0 0 
888 9 0 0 0 0 0 0 0 0 0 0 0 
889 9 0 0 0 0 0 0 0 0 0 0 0 
890 9 0 0 0 0 0 0 0 0 0 0 0 
891 9 0 0 0 0 0 0 0 0 0 0 0 
892 9 0 0 0 0 0 0 0 0 0 0 0 
893 9 0 0 0 0 0 0 0 0 0 0 0 
894 9 0 0 0 0 0 0 0 0 0 0 0 
895 9 0 0 0 0 0 0 0 0 0 0 0 
896 9 0 0 0 0 0 0 0 0 0 0 0 
897 9 0 0 0 0 0 0 0 0 0 0 0 
898 9 0 0 0 0 0 0 0 0 0 0 0 
899 9 0 0 0 0 0 0 0 0 0 0 0 
900 9 0 0 0 0 0 0 0 0 0 0 0 
901 9 0 0 0 0 0 0 0 0 0 0 0 
902 9 0 0 0 0 0 0 0 0 0 0 0 
903 9 0 0 0 0 0 0 0 0 0 0 0 
904 9 0 0 0 0 0 0 0 0 0 0 0 
905 9 0 0 0 0 0 0 0 0 0 0 0 
906 9 0 0 0 0 0 0 0 0 0 0 0 
907 9 0 0 0 0 0 0 0 0 0 0 0 
908 9 0 0 0 0 0 0 0 0 0 0 0 
909 9 0 0 0 0 0 0 0 0 0 0 0 
910 9 0 0 0 0 0 0 0 0 0 0 0 
911 9 0 0 0 0 0 0 0 0 0 0 0 
912 9 0 0 0 0 0 0 0 0 0 0 0 
913 9 0 0 0 0 0 0 0 0 0 0 0 
914 9 0 0 0 0 0 0 0 0 0 0 0 
915 9 0 0 0 0 0 0 0 0 0 0 0 
916 9 0 0 0 0 0 0 0 0 0 0 0 
917 9 0 0 0 0 0 0 0 0 0 0 0 
918 9 0 0 0 0 0 0 0 0 0 0 0 
919 9 0 0 0 0 0 0 0 0 0 0 0 
920 9 0 0 0 0 0 0 0 0 0 0 0 
921 9 0 0 0 0 0 0 0 0 0 0 0 
922 9 0 0 0 0 0 0 0 0 0 0 0 
923 9 0 0 0 0 0 0 0 0 0 0 0 
924 9 0 0 0 0 0 0 0 0 0 0 0 
925 9 0 0 0 0 0 0 0 0 0 0 0 
926 9 0 0 0 0 0 0 0 0 0 0 0 
927 9 0 0 0 0 0 0 0 0 0 0 0 
928 9 0 0 0 0 0 0 0 0 0 0 0 
929 9 0 0 0 0 0 0 0 0 0 0 0 
930 9 0 0 0 0 0 0 0 0 0 0 0 
931 9 0 0 0 0 0 0 0 0 0 0 0 
932 9 0 0 0 0 0 0 0 0 0 0 0 
933 9 0 0 0 0 0 0 0 0 0 0 0 
934 9 0 0 0 0 0 0 0 0 0 0 0 
935 9 0 0 0 0 0 0 0 0 0 0 0 
936 9 0 0 0 0 0 0 0 0 0 0 0 
937 9 0 0 0 0 0 0 0 0 0 0 0 
938 9 0 0 0 0 0 0 0 0 0 0 0 
939 9 0 0 0 0 0 0 0 0 0 0 0 
940 9 0 0 0 0 0 0 0 0 0 0 0 
941 9 0 0 0 0 0 0 0 0 0 0 0 
942 9 0 0 0 0 0 0 0 0 0 0 0 
943 9 0 0 0 0 0 0 0 0 0 0 0 
944 9 0 0 0 0 0 0 0 0 0 0 0 
945 9 0 0 0 0 0 0 0 0 0 0 0 
946 9 0 0 0 0 0 0 0 0 0 0 0 
947 9 0 0 0 0 0 0 0 0 0 0 0 
948 9 0 0 0 0 0 0 0 0 0 0 0 
949 9 0 0 0 0 0 0 0 0 0 0 0 
950 9 0 0 0 0 0 0 0 0 0 0 0 
951 9 0 0 0 0 0 0 0 0 0 0 0 
952 9 0 0 0 0 0 0 0 0 0 0 0 
953 9 0 0 0 0 0 0 0 0 0 0 0 
954 9 0 0 0 0 0 0 0 0 0 0 0 
955 9 0 0 0 0 0 0 0 0 0 0 0 
956 9 0 0 0 0 0 0 0 0 0 0 0 
957 9 0 0 0 0 0 0 0 0 0 0 0 
958 9 0 0 0 0 0 0 0 0 0 0 0 
959 9 0 0 0 0 0 0 0 0 0 0 0 
960 9 0 0 0 0 0 0 0 0 0 0 0 
961 9 0 0 0 0 0 0 0 0 0 0 0 
962 9 0 0 0 0 0 0 0 0 0 0 0 
963 9 0 0 0 0 0 0 0 0 0 0 0 
964 9 0 0 0 0 0 0 0 0 0 0 0 
965 9 0 0 0 0 0 0 0 0 0 0 0 
966 9 0 0 0 0 0 0 0 0 0 0 0 
967 9 0 0 0 0 0 0 0 0 0 0 0 
968 9 0 0 0 0 0 0 0 0 0 0 0 
969 9 0 0 0 0 0 0 0 0 0 0 0 
970 9 0 0 0 0 0 0 0 0 0 0 0 
971 9 0 0 0 0 0 0 0 0 0 0 0 
972 9 0 0 0 0 0 0 0 0 0 0 0 
973 9 0 0 0 0 0 0 0 0 0 0 0 
974 9 0 0 0 0 0 0 0 0 0 0 0 
975 9 0 0 0 0 0 0 0 0 0 0 0 
976 9 0 0 0 0 0 0 0 0 0 0 0 
977 9 0 0 0 0 0 0 0 0 0 0 0 
978 9 0 0 0 0 0 0 0 0 0 0 0 
979 9 0 0 0 0 0 0 0 0 0 0 0 
980 9 0 0 0 0 0 0 0 0 0 0 0 
981 9 0 0 0 0 0 0 0 0 0 0 0 
982 9 0 0 0 0 0 0 0 0 0 0 0 
983 9 0 0 0 0 0 0 0 0 0 0 0 
984 9 0 0 0 0 0 0 0 0 0 0 0 
985 9 0 0 0 0 0 0 0 0 0 0 0 
986 9 0 0 0 0 0 0 0 0 0 0 0 
987 9 0 0 0 0 0 0 0 0 0 0 0 
988 9 0 0 0 0 0 0 0 0 0 0 0 
989 9 0 0 0 0 0 0 0 0 0 0 0 
990 9 0 0 0 0 0 0 0 0 0 0 0 
991 9 0 0 0 0 0 0 0 0 0 0 0 
992 9 0 0 0 0 0 0 0 0 0 0 0 
993 9 0 0 0 0 0 0 0 0 0 0 0 
994 9 0 0 0 0 0 0 0 0 0 0 0 
995 9 36 0 0 0 0 0 0 0 0 0 0 
996 9 -1 330 1 33 -1 -1 -1 -1 -1 0 31 
997 9 39 0 0 0 0 0 0 0 0 0 0 
998 9 40 0 0 0 0 0 0 0 0 0 0 
999 9 0 0 0 0 0 0 0 0 0 0 0 
1000 9 0 0 0 0 0 0 0 0 0 0 0 
1001 9 0 0 0 0 0 0 0 0 0 0 0 
1002 9 0 0 0 0 0 0 0 0 0 0 0 
1003 9 0 0 0 0 0 0 0 0 0 0 0 
1004 9 0 0 0 0 0 0 0 0 0 0 0 
1005 9 0 0 0 0 0 0 0 0 0 0 0 
1006 9 0 0 0 0 0 0 0 0 0 0 0 
1007 9 0 0 0 0 0 0 0 0 0 0 0 
1008 9 0 0 0 0 0 0 0 0 0 0 0 
1009 9 0 0 0 0 0 0 0 0 0 0 0 
1010 9 0 0 0 0 0 0 0 0 0 0 0 
1011 9 -1 356 4 15 -1 -1 -1 -1 -1 0 3595 
1012 9 45 0 0 0 0 0 0 0 0 0 0 
1013 9 -1 52 0 34 -1 -1 -1 -1 -1 1 -43 
1014 9 48 0 0 0 0 0 0 0 0 0 0 
1015 9 0 0 0 0 0 0 0 0 0 0 0 
1016 9 0 0 0 0 0 0 0 0 0 0 0 
1017 9 0 0 0 0 0 0 0 0 0 0 0 
1018 9 0 0 0 0 0 0 0 0 0 0 0 
1019 9 0 0 0 0 0 0 0 0 0 0 0 
1020 9 0 0 0 0 0 0 0 0 0 0 0 
1021 9 0 0 0 0 0 0 0 0 0 0 0 
1022 9 0 0 0 0 0 0 0 0 0 0 0 
1023 10 0 0 0 0 0 0 0 0 0 0 0 
1024 10 0 0 0 0 0 0 0 0 0 0 0 
1025 10 0 0 0 0 0 0 0 0 0 0 0 
1026 10 0 0 0 0 0 0 0 0 0 0 0 
1027 10 0 0 0 0 0 0 0 0 0 0 0 
1028 10 0 0 0 0 0 0 0 0 0 0 0 
1029 10 0 0 0 0 0 0 0 0 0 0 0 
1030 10 0 0 0 0 0 0 0 0 0 0 0 
1031 10 0 0 0 0 0 0 0 0 0 0 0 
1032 10 0 0 0 0 0 0 0 0 0 0 0 
1033 10 0 0 0 0 0 0 0 0 0 0 0 
1034 10 0 0 0 0 0 0 0 0 0 0 0 
1035 10 0 0 0 0 0 0 0 0 0 0 0 
1036 10 0 0 0 0 0 0 0 0 0 0 0 
1037 10 0 0 0 0 0 0 0 0 0 0 0 
1038 10 0 0 0 0 0 0 0 0 0 0 0 
1039 10 0 0 0 0 0 0 0 0 0 0 0 
1040 10 0 0 0 0 0 0 0 0 0 0 0 
1041 10 0 0 0 0 0 0 0 0 0 0 0 
1042 10 0 0 0 0 0 0 0 0 0 0 0 
1043 10 0 0 0 0 0 0 0 0 0 0 0 
1044 10 0 0 0 0 0 0 0 0 0 0 0 
1045 10 0 0 0 0 0 0 0 0 0 0 0 
1046 10 0 0 0 0 0 0 0 0 0 0 0 
1047 10 0 0 0 0 0 0 0 0 0 0 0 
1048 10 0 0 0 0 0 0 0 0 0 0 0 
1049 10 0 0 0 0 0 0 0 0 0 0 0 
1050 10 0 0 0 0 0 0 0 0 0 0 0 
1051 10 0 0 0 0 0 0 0 0 0 0 0 
1052 10 0 0 0 0 0 0 0 0 0 0 0 
1053 10 0 0 0 0 0 0 0 0 0 0 0 
1054 10 0 0 0 0 0 0 0 0 0 0 0 
1055 10 0 0 0 0 0 0 0 0 0 0 0 
1056 10 0 0 0 0 0 0 0 0 0 0 0 
1057 10 0 0 0 0 0 0 0 0 0 0 0 
1058 10 0 0 0 0 0 0 0 0 0 0 0 
1059 10 0 0 0 0 0 0 0 0 0 0 0 
1060 10 0 0 0 0 0 0 0 0 0 0 0 
1061 10 0 0 0 0 0 0 0 0 0 0 0 
1062 10 0 0 0 0 0 0 0 0 0 0 0 
1063 10 0 0 0 0 0 0 0 0 0 0 0 
1064 10 0 0 0 0 0 0 0 0 0 0 0 
1065 10 0 0 0 0 0 0 0 0 0 0 0 
1066 10 0 0 0 0 0 0 0 0 0 0 0 
1067 10 0 0 0 0 0 0 0 0 0 0 0 
1068 10 0 0 0 0 0 0 0 0 0 0 0 
1069 10 0 0 0 0 0 0 0 0 0 0 0 
1070 10 0 0 0 0 0 0 0 0 0 0 0 
1071 10 0 0 0 0 0 0 0 0 0 0 0 
1072 10 0 0 0 0 0 0 0 0 0 0 0 
1073 10 0 0 0 0 0 0 0 0 0 0 0 
1074 10 0 0 0 0 0 0 0 0 0 0 0 
1075 10 0 0 0 0 0 0 0 0 0 0 0 
1076 10 0 0 0 0 0 0 0 0 0 0 0 
1077 10 0 0 0 0 0 0 0 0 0 0 0 
1078 10 0 0 0 0 0 0 0 0 0 0 0 
1079 10 0 0 0 0 0 0 0 0 0 0 0 
1080 10 0 0 0 0 0 0 0 0 0 0 0 
1081 10 0 0 0 0 0 0 0 0 0 0 0 
1082 10 0 0 0 0 0 0 0 0 0 0 0 
1083 10 0 0 0 0 0 0 0 0 0 0 0 
1084 10 0 0 0 0 0 0 0 0 0 0 0 
1085 10 0 0 0 0 0 0 0 0 0 0 0 
1086 10 0 0 0 0 0 0 0 0 0 0 0 
1087 10 0 0 0 0 0 0 0 0 0 0 0 
1088 10 0 0 0 0 0 0 0 0 0 0 0 
1089 10 0 0 0 0 0 0 0 0 0 0 0 
1090 10 0 0 0 0 0 0 0 0 0 0 0 
1091 10 0 0 0 0 0 0 0 0 0 0 0 
1092 10 0 0 0 0 0 0 0 0 0 0 0 
1093 10 0 0 0 0 0 0 0 0 0 0 0 
1094 10 0 0 0 0 0 0 0 0 0 0 0 
1095 10 0 0 0 0 0 0 0 0 0 0 0 
1096 10 0 0 0 0 0 0 0 0 0 0 0 
1097 10 0 0 0 0 0 0 0 0 0 0 0 
1098 10 0 0 0 0 0 0 0 0 0 0 0 
1099 10 0 0 0 0 0 0 0 0 0 0 0 
1100 10 0 0 0 0 0 0 0 0 0 0 0 
1101 10 0 0 0 0 0 0 0 0 0 0 0 
1102 10 0 0 0 0 0 0 0 0 0 0 0 
1103 10 0 0 0 0 0 0 0 0 0 0 0 
1104 10 0 0 0 0 0 0 0 0 0 0 0 
1105 10 0 0 0 0 0 0 0 0 0 0 0 
1106 10 0 0 0 0 0 0 0 0 0 0 0 
1107 10 0 0 0 0 0 0 0 0 0 0 0 
1108 10 0 0 0 0 0 0 0 0 0 0 0 
1109 10 0 0 0 0 0 0 0 0 0 0 0 
1110 10 0 0 0 0 0 0 0 0 0 0 0 
1111 10 0 0 0 0 0 0 0 0 0 0 0 
1112 10 0 0 0 0 0 0 0 0 0 0 0 
1113 10 0 0 0 0 0 0 0 0 0 0 0 
1114 10 0 0 0 0 0 0 0 0 0 0 0 
1115 10 0 0 0 0 0 0 0 0 0 0 0 
1116 10 0 0 0 0 0 0 0 0 0 0 0 
1117 10 0 0 0 0 0 0 0 0 0 0 0 
1118 10 0 0 0 0 0 0 0 0 0 0 0 
1119 10 0 0 0 0 0 0 0 0 0 0 0 
1120 10 0 0 0 0 0 0 0 0 0 0 0 
1121 10 0 0 0 0 0 0 0 0 0 0 0 
1122 10 0 0 0 0 0 0 0 0 0 0 0 
1123 10 0 0 0 0 0 0 0 0 0 0 0 
1124 10 0 0 0 0 0 0 0 0 0 0 0 
1125 10 0 0 0 0 0 0 0 0 0 0 0 
1126 10 0 0 0 0 0 0 0 0 0 0 0 
1127 10 0 0 0 0 0 0 0 0 0 0 0 
1128 10 0 0 0 0 0 0 0 0 0 0 0 
1129 10 0 0 0 0 0 0 0 0 0 0 0 
1130 10 0 0 0 0 0 0 0 0 0 0 0 
1131 10 0 0 0 0 0 0 0 0 0 0 0 
1132 10 0 0 0 0 0 0 0 0 0 0 0 
1133 10 0 0 0 0 0 0 0 0 0 0 0 
1134 10 0 0 0 0 0 0 0 0 0 0 0 
1135 10 0 0 0 0 0 0 0 0 0 0 0 
1136 10 0 0 0 0 0 0 0 0 0 0 0 
1137 10 0 0 0 0 0 0 0 0 0 0 0 
1138 10 0 0 0 0 0 0 0 0 0 0 0 
1139 10 0 0 0 0 0 0 0 0 0 0 0 
1140 10 0 0 0 0 0 0 0 0 0 0 0 
1141 10 0 0 0 0 0 0 0 0 0 0 0 
1142 10 0 0 0 0 0 0 0 0 0 0 0 
1143 10 0 0 0 0 0 0 0 0 0 0 0 
1144 10 0 0 0 0 0 0 0 0 0 0 0 
1145 10 0 0 0 0 0 0 0 0 0 0 0 
1146 10 0 0 0 0 0 0 0 0 0 0 0 
1147 10 0 0 0 0 0 0 0 0 0 0 0 
1148 10 0 0 0 0 0 0 0 0 0 0 0 
1149 10 0 0 0 0 0 0 0 0 0 0 0 
1150 10 0 0 0 0 0 0 0 0 0 0 0 
1151 10 0 0 0 0 0 0 0 0 0 0 0 
1152 10 0 0 0 0 0 0 0 0 0 0 0 
1153 10 0 0 0 0 0 0 0 0 0 0 0 
1154 10 0 0 0 0 0 0 0 0 0 0 0 
1155 10 0 0 0 0 0 0 0 0 0 0 0 
1156 10 0 0 0 0 0 0 0 0 0 0 0 
1157 10 0 0 0 0 0 0 0 0 0 0 0 
1158 10 0 0 0 0 0 0 0 0 0 0 0 
1159 10 0 0 0 0 0 0 0 0 0 0 0 
1160 10 0 0 0 0 0 0 0 0 0 0 0 
1161 10 0 0 0 0 0 0 0 0 0 0 0 
1162 10 0 0 0 0 0 0 0 0 0 0 0 
1163 10 0 0 0 0 0 0 0 0 0 0 0 
1164 10 0 0 0 0 0 0 0 0 0 0 0 
1165 10 0 0 0 0 0 0 0 0 0 0 0 
1166 10 0 0 0 0 0 0 0 0 0 0 0 
1167 10 0 0 0 0 0 0 0 0 0 0 0 
1168 10 0 0 0 0 0 0 0 0 0 0 0 
1169 10 0 0 0 0 0 0 0 0 0 0 0 
1170 10 0 0 0 0 0 0 0 0 0 0 0 
1171 10 0 0 0 0 0 0 0 0 0 0 0 
1172 10 0 0 0 0 0 0 0 0 0 0 0 
1173 10 0 0 0 0 0 0 0 0 0 0 0 
1174 10 0 0 0 0 0 0 0 0 0 0 0 
1175 10 0 0 0 0 0 0 0 0 0 0 0 
1176 10 0 0 0 0 0 0 0 0 0 0 0 
1177 10 0 0 0 0 0 0 0 0 0 0 0 
1178 10 0 0 0 0 0 0 0 0 0 0 0 
1179 10 0 0 0 0 0 0 0 0 0 0 0 
1180 10 0 0 0 0 0 0 0 0 0 0 0 
1181 10 0 0 0 0 0 0 0 0 0 0 0 
1182 10 0 0 0 0 0 0 0 0 0 0 0 
1183 10 0 0 0 0 0 0 0 0 0 0 0 
1184 10 0 0 0 0 0 0 0 0 0 0 0 
1185 10 0 0 0 0 0 0 0 0 0 0 0 
1186 10 0 0 0 0 0 0 0 0 0 0 0 
1187 10 0 0 0 0 0 0 0 0 0 0 0 
1188 10 0 0 0 0 0 0 0 0 0 0 0 
1189 10 0 0 0 0 0 0 0 0 0 0 0 
1190 10 0 0 0 0 0 0 0 0 0 0 0 
1191 10 0 0 0 0 0 0 0 0 0 0 0 
1192 10 0 0 0 0 0 0 0 0 0 0 0 
1193 10 0 0 0 0 0 0 0 0 0 0 0 
1194 10 0 0 0 0 0 0 0 0 0 0 0 
1195 10 0 0 0 0 0 0 0 0 0 0 0 
1196 10 0 0 0 0 0 0 0 0 0 0 0 
1197 10 0 0 0 0 0 0 0 0 0 0 0 
1198 10 0 0 0 0 0 0 0 0 0 0 0 
1199 10 0 0 0 0 0 0 0 0 0 0 0 
1200 10 0 0 0 0 0 0 0 0 0 0 0 
1201 10 0 0 0 0 0 0 0 0 0 0 0 
1202 10 0 0 0 0 0 0 0 0 0 0 0 
1203 10 0 0 0 0 0 0 0 0 0 0 0 
1204 10 0 0 0 0 0 0 0 0 0 0 0 
1205 10 0 0 0 0 0 0 0 0 0 0 0 
1206 10 0 0 0 0 0 0 0 0 0 0 0 
1207 10 0 0 0 0 0 0 0 0 0 0 0 
1208 10 0 0 0 0 0 0 0 0 0 0 0 
1209 10 0 0 0 0 0 0 0 0 0 0 0 
1210 10 0 0 0 0 0 0 0 0 0 0 0 
1211 10 0 0 0 0 0 0 0 0 0 0 0 
1212 10 0 0 0 0 0 0 0 0 0 0 0 
1213 10 0 0 0 0 0 0 0 0 0 0 0 
1214 10 0 0 0 0 0 0 0 0 0 0 0 
1215 10 0 0 0 0 0 0 0 0 0 0 0 
1216 10 0 0 0 0 0 0 0 0 0 0 0 
1217 10 0 0 0 0 0 0 0 0 0 0 0 
1218 10 0 0 0 0 0 0 0 0 0 0 0 
1219 10 0 0 0 0 0 0 0 0 0 0 0 
1220 10 0 0 0 0 0 0 0 0 0 0 0 
1221 10 0 0 0 0 0 0 0 0 0 0 0 
1222 10 0 0 0 0 0 0 0 0 0 0 0 
1223 10 0 0 0 0 0 0 0 0 0 0 0 
1224 10 0 0 0 0 0 0 0 0 0 0 0 
1225 10 0 0 0 0 0 0 0 0 0 0 0 
1226 10 0 0 0 0 0 0 0 0 0 0 0 
1227 10 0 0 0 0 0 0 0 0 0 0 0 
1228 10 0 0 0 0 0 0 0 0 0 0 0 
1229 10 0 0 0 0 0 0 0 0 0 0 0 
1230 10 0 0 0 0 0 0 0 0 0 0 0 
1231 10 0 0 0 0 0 0 0 0 0 0 0 
1232 10 0 0 0 0 0 0 0 0 0 0 0 
1233 10 0 0 0 0 0 0 0 0 0 0 0 
1234 10 0 0 0 0 0 0 0 0 0 0 0 
1235 10 0 0 0 0 0 0 0 0 0 0 0 
1236 10 0 0 0 0 0 0 0 0 0 0 0 
1237 10 0 0 0 0 0 0 0 0 0 0 0 
1238 10 0 0 0 0 0 0 0 0 0 0 0 
1239 10 0 0 0 0 0 0 0 0 0 0 0 
1240 10 0 0 0 0 0 0 0 0 0 0 0 
1241 10 0 0 0 0 0 0 0 0 0 0 0 
1242 10 0 0 0 0 0 0 0 0 0 0 0 
1243 10 0 0 0 0 0 0 0 0 0 0 0 
1244 10 0 0 0 0 0 0 0 0 0 0 0 
1245 10 0 0 0 0 0 0 0 0 0 0 0 
1246 10 0 0 0 0 0 0 0 0 0 0 0 
1247 10 0 0 0 0 0 0 0 0 0 0 0 
1248 10 0 0 0 0 0 0 0 0 0 0 0 
1249 10 0 0 0 0 0 0 0 0 0 0 0 
1250 10 0 0 0 0 0 0 0 0 0 0 0 
1251 10 0 0 0 0 0 0 0 0 0 0 0 
1252 10 0 0 0 0 0 0 0 0 0 0 0 
1253 10 0 0 0 0 0 0 0 0 0 0 0 
1254 10 0 0 0 0 0 0 0 0 0 0 0 
1255 10 0 0 0 0 0 0 0 0 0 0 0 
1256 10 0 0 0 0 0 0 0 0 0 0 0 
1257 10 0 0 0 0 0 0 0 0 0 0 0 
1258 10 0 0 0 0 0 0 0 0 0 0 0 
1259 10 0 0 0 0 0 0 0 0 0 0 0 
1260 10 0 0 0 0 0 0 0 0 0 0 0 
1261 10 0 0 0 0 0 0 0 0 0 0 0 
1262 10 0 0 0 0 0 0 0 0 0 0 0 
1263 10 0 0 0 0 0 0 0 0 0 0 0 
1264 10 0 0 0 0 0 0 0 0 0 0 0 
1265 10 0 0 0 0 0 0 0 0 0 0 0 
1266 10 0 0 0 0 0 0 0 0 0 0 0 
1267 10 0 0 0 0 0 0 0 0 0 0 0 
1268 10 0 0 0 0 0 0 0 0 0 0 0 
1269 10 0 0 0 0 0 0 0 0 0 0 0 
1270 10 0 0 0 0 0 0 0 0 0 0 0 
1271 10 0 0 0 0 0 0 0 0 0 0 0 
1272 10 0 0 0 0 0 0 0 0 0 0 0 
1273 10 0 0 0 0 0 0 0 0 0 0 0 
1274 10 0 0 0 0 0 0 0 0 0 0 0 
1275 10 0 0 0 0 0 0 0 0 0 0 0 
1276 10 0 0 0 0 0 0 0 0 0 0 0 
1277 10 0 0 0 0 0 0 0 0 0 0 0 
1278 10 0 0 0 0 0 0 0 0 0 0 0 
1279 10 0 0 0 0 0 0 0 0 0 0 0 
1280 10 0 0 0 0 0 0 0 0 0 0 0 
1281 10 0 0 0 0 0 0 0 0 0 0 0 
1282 10 0 0 0 0 0 0 0 0 0 0 0 
1283 10 0 0 0 0 0 0 0 0 0 0 0 
1284 10 0 0 0 0 0 0 0 0 0 0 0 
1285 10 0 0 0 0 0 0 0 0 0 0 0 
1286 10 0 0 0 0 0 0 0 0 0 0 0 
1287 10 0 0 0 0 0 0 0 0 0 0 0 
1288 10 0 0 0 0 0 0 0 0 0 0 0 
1289 10 0 0 0 0 0 0 0 0 0 0 0 
1290 10 0 0 0 0 0 0 0 0 0 0 0 
1291 10 0 0 0 0 0 0 0 0 0 0 0 
1292 10 0 0 0 0 0 0 0 0 0 0 0 
1293 10 0 0 0 0 0 0 0 0 0 0 0 
1294 10 0 0 0 0 0 0 0 0 0 0 0 
1295 10 0 0 0 0 0 0 0 0 0 0 0 
1296 10 0 0 0 0 0 0 0 0 0 0 0 
1297 10 0 0 0 0 0 0 0 0 0 0 0 
1298 10 0 0 0 0 0 0 0 0 0 0 0 
1299 10 0 0 0 0 0 0 0 0 0 0 0 
1300 10 0 0 0 0 0 0 0 0 0 0 0 
1301 10 0 0 0 0 0 0 0 0 0 0 0 
1302 10 0 0 0 0 0 0 0 0 0 0 0 
1303 10 0 0 0 0 0 0 0 0 0 0 0 
1304 10 0 0 0 0 0 0 0 0 0 0 0 
1305 10 0 0 0 0 0 0 0 0 0 0 0 
1306 10 0 0 0 0 0 0 0 0 0 0 0 
1307 10 0 0 0 0 0 0 0 0 0 0 0 
1308 10 0 0 0 0 0 0 0 0 0 0 0 
1309 10 0 0 0 0 0 0 0 0 0 0 0 
1310 10 0 0 0 0 0 0 0 0 0 0 0 
1311 10 0 0 0 0 0 0 0 0 0 0 0 
1312 10 0 0 0 0 0 0 0 0 0 0 0 
1313 10 0 0 0 0 0 0 0 0 0 0 0 
1314 10 0 0 0 0 0 0 0 0 0 0 0 
1315 10 0 0 0 0 0 0 0 0 0 0 0 
1316 10 0 0 0 0 0 0 0 0 0 0 0 
1317 10 0 0 0 0 0 0 0 0 0 0 0 
1318 10 0 0 0 0 0 0 0 0 0 0 0 
1319 10 0 0 0 0 0 0 0 0 0 0 0 
1320 10 0 0 0 0 0 0 0 0 0 0 0 
1321 10 0 0 0 0 0 0 0 0 0 0 0 
1322 10 0 0 0 0 0 0 0 0 0 0 0 
1323 10 0 0 0 0 0 0 0 0 0 0 0 
1324 10 0 0 0 0 0 0 0 0 0 0 0 
1325 10 0 0 0 0 0 0 0 0 0 0 0 
1326 10 0 0 0 0 0 0 0 0 0 0 0 
1327 10 0 0 0 0 0 0 0 0 0 0 0 
1328 10 0 0 0 0 0 0 0 0 0 0 0 
1329 10 0 0 0 0 0 0 0 0 0 0 0 
1330 10 0 0 0 0 0 0 0 0 0 0 0 
1331 10 0 0 0 0 0 0 0 0 0 0 0 
1332 10 0 0 0 0 0 0 0 0 0 0 0 
1333 10 0 0 0 0 0 0 0 0 0 0 0 
1334 10 0 0 0 0 0 0 0 0 0 0 0 
1335 10 0 0 0 0 0 0 0 0 0 0 0 
1336 10 0 0 0 0 0 0 0 0 0 0 0 
1337 10 0 0 0 0 0 0 0 0 0 0 0 
1338 10 0 0 0 0 0 0 0 0 0 0 0 
1339 10 0 0 0 0 0 0 0 0 0 0 0 
1340 10 0 0 0 0 0 0 0 0 0 0 0 
1341 10 0 0 0 0 0 0 0 0 0 0 0 
1342 10 0 0 0 0 0 0 0 0 0 0 0 
1343 10 0 0 0 0 0 0 0 0 0 0 0 
1344 10 0 0 0 0 0 0 0 0 0 0 0 
1345 10 0 0 0 0 0 0 0 0 0 0 0 
1346 10 0 0 0 0 0 0 0 0 0 0 0 
1347 10 0 0 0 0 0 0 0 0 0 0 0 
1348 10 0 0 0 0 0 0 0 0 0 0 0 
1349 10 0 0 0 0 0 0 0 0 0 0 0 
1350 10 0 0 0 0 0 0 0 0 0 0 0 
1351 10 0 0 0 0 0 0 0 0 0 0 0 
1352 10 0 0 0 0 0 0 0 0 0 0 0 
1353 10 0 0 0 0 0 0 0 0 0 0 0 
1354 10 0 0 0 0 0 0 0 0 0 0 0 
1355 10 0 0 0 0 0 0 0 0 0 0 0 
1356 10 0 0 0 0 0 0 0 0 0 0 0 
1357 10 0 0 0 0 0 0 0 0 0 0 0 
1358 10 0 0 0 0 0 0 0 0 0 0 0 
1359 10 0 0 0 0 0 0 0 0 0 0 0 
1360 10 0 0 0 0 0 0 0 0 0 0 0 
1361 10 0 0 0 0 0 0 0 0 0 0 0 
1362 10 0 0 0 0 0 0 0 0 0 0 0 
1363 10 0 0 0 0 0 0 0 0 0 0 0 
1364 10 0 0 0 0 0 0 0 0 0 0 0 
1365 10 0 0 0 0 0 0 0 0 0 0 0 
1366 10 0 0 0 0 0 0 0 0 0 0 0 
1367 10 0 0 0 0 0 0 0 0 0 0 0 
1368 10 0 0 0 0 0 0 0 0 0 0 0 
1369 10 0 0 0 0 0 0 0 0 0 0 0 
1370 10 0 0 0 0 0 0 0 0 0 0 0 
1371 10 0 0 0 0 0 0 0 0 0 0 0 
1372 10 0 0 0 0 0 0 0 0 0 0 0 
1373 10 0 0 0 0 0 0 0 0 0 0 0 
1374 10 0 0 0 0 0 0 0 0 0 0 0 
1375 10 0 0 0 0 0 0 0 0 0 0 0 
1376 10 0 0 0 0 0 0 0 0 0 0 0 
1377 10 0 0 0 0 0 0 0 0 0 0 0 
1378 10 0 0 0 0 0 0 0 0 0 0 0 
1379 10 0 0 0 0 0 0 0 0 0 0 0 
1380 10 0 0 0 0 0 0 0 0 0 0 0 
1381 10 0 0 0 0 0 0 0 0 0 0 0 
1382 10 0 0 0 0 0 0 0 0 0 0 0 
1383 10 0 0 0 0 0 0 0 0 0 0 0 
1384 10 0 0 0 0 0 0 0 0 0 0 0 
1385 10 0 0 0 0 0 0 0 0 0 0 0 
1386 10 0 0 0 0 0 0 0 0 0 0 0 
1387 10 0 0 0 0 0 0 0 0 0 0 0 
1388 10 0 0 0 0 0 0 0 0 0 0 0 
1389 10 0 0 0 0 0 0 0 0 0 0 0 
1390 10 0 0 0 0 0 0 0 0 0 0 0 
1391 10 0 0 0 0 0 0 0 0 0 0 0 
1392 10 0 0 0 0 0 0 0 0 0 0 0 
1393 10 0 0 0 0 0 0 0 0 0 0 0 
1394 10 0 0 0 0 0 0 0 0 0 0 0 
1395 10 0 0 0 0 0 0 0 0 0 0 0 
1396 10 0 0 0 0 0 0 0 0 0 0 0 
1397 10 0 0 0 0 0 0 0 0 0 0 0 
1398 10 0 0 0 0 0 0 0 0 0 0 0 
1399 10 0 0 0 0 0 0 0 0 0 0 0 
1400 10 0 0 0 0 0 0 0 0 0 0 0 
1401 10 0 0 0 0 0 0 0 0 0 0 0 
1402 10 0 0 0 0 0 0 0 0 0 0 0 
1403 10 0 0 0 0 0 0 0 0 0 0 0 
1404 10 0 0 0 0 0 0 0 0 0 0 0 
1405 10 0 0 0 0 0 0 0 0 0 0 0 
1406 10 0 0 0 0 0 0 0 0 0 0 0 
1407 10 0 0 0 0 0 0 0 0 0 0 0 
1408 10 0 0 0 0 0 0 0 0 0 0 0 
1409 10 0 0 0 0 0 0 0 0 0 0 0 
1410 10 0 0 0 0 0 0 0 0 0 0 0 
1411 10 0 0 0 0 0 0 0 0 0 0 0 
1412 10 0 0 0 0 0 0 0 0 0 0 0 
1413 10 0 0 0 0 0 0 0 0 0 0 0 
1414 10 0 0 0 0 0 0 0 0 0 0 0 
1415 10 0 0 0 0 0 0 0 0 0 0 0 
1416 10 0 0 0 0 0 0 0 0 0 0 0 
1417 10 0 0 0 0 0 0 0 0 0 0 0 
1418 10 0 0 0 0 0 0 0 0 0 0 0 
1419 10 0 0 0 0 0 0 0 0 0 0 0 
1420 10 0 0 0 0 0 0 0 0 0 0 0 
1421 10 0 0 0 0 0 0 0 0 0 0 0 
1422 10 0 0 0 0 0 0 0 0 0 0 0 
1423 10 0 0 0 0 0 0 0 0 0 0 0 
1424 10 0 0 0 0 0 0 0 0 0 0 0 
1425 10 0 0 0 0 0 0 0 0 0 0 0 
1426 10 0 0 0 0 0 0 0 0 0 0 0 
1427 10 0 0 0 0 0 0 0 0 0 0 0 
1428 10 0 0 0 0 0 0 0 0 0 0 0 
1429 10 0 0 0 0 0 0 0 0 0 0 0 
1430 10 0 0 0 0 0 0 0 0 0 0 0 
1431 10 0 0 0 0 0 0 0 0 0 0 0 
1432 10 0 0 0 0 0 0 0 0 0 0 0 
1433 10 0 0 0 0 0 0 0 0 0 0 0 
1434 10 0 0 0 0 0 0 0 0 0 0 0 
1435 10 0 0 0 0 0 0 0 0 0 0 0 
1436 10 0 0 0 0 0 0 0 0 0 0 0 
1437 10 0 0 0 0 0 0 0 0 0 0 0 
1438 10 0 0 0 0 0 0 0 0 0 0 0 
1439 10 0 0 0 0 0 0 0 0 0 0 0 
1440 10 0 0 0 0 0 0 0 0 0 0 0 
1441 10 0 0 0 0 0 0 0 0 0 0 0 
1442 10 0 0 0 0 0 0 0 0 0 0 0 
1443 10 0 0 0 0 0 0 0 0 0 0 0 
1444 10 0 0 0 0 0 0 0 0 0 0 0 
1445 10 0 0 0 0 0 0 0 0 0 0 0 
1446 10 0 0 0 0 0 0 0 0 0 0 0 
1447 10 0 0 0 0 0 0 0 0 0 0 0 
1448 10 0 0 0 0 0 0 0 0 0 0 0 
1449 10 0 0 0 0 0 0 0 0 0 0 0 
1450 10 0 0 0 0 0 0 0 0 0 0 0 
1451 10 0 0 0 0 0 0 0 0 0 0 0 
1452 10 0 0 0 0 0 0 0 0 0 0 0 
1453 10 0 0 0 0 0 0 0 0 0 0 0 
1454 10 0 0 0 0 0 0 0 0 0 0 0 
1455 10 0 0 0 0 0 0 0 0 0 0 0 
1456 10 0 0 0 0 0 0 0 0 0 0 0 
1457 10 0 0 0 0 0 0 0 0 0 0 0 
1458 10 0 0 0 0 0 0 0 0 0 0 0 
1459 10 0 0 0 0 0 0 0 0 0 0 0 
1460 10 0 0 0 0 0 0 0 0 0 0 0 
1461 10 0 0 0 0 0 0 0 0 0 0 0 
1462 10 0 0 0 0 0 0 0 0 0 0 0 
1463 10 0 0 0 0 0 0 0 0 0 0 0 
1464 10 0 0 0 0 0 0 0 0 0 0 0 
1465 10 0 0 0 0 0 0 0 0 0 0 0 
1466 10 0 0 0 0 0 0 0 0 0 0 0 
1467 10 0 0 0 0 0 0 0 0 0 0 0 
1468 10 0 0 0 0 0 0 0 0 0 0 0 
1469 10 0 0 0 0 0 0 0 0 0 0 0 
1470 10 0 0 0 0 0 0 0 0 0 0 0 
1471 10 0 0 0 0 0 0 0 0 0 0 0 
1472 10 0 0 0 0 0 0 0 0 0 0 0 
1473 10 0 0 0 0 0 0 0 0 0 0 0 
1474 10 0 0 0 0 0 0 0 0 0 0 0 
1475 10 0 0 0 0 0 0 0 0 0 0 0 
1476 10 0 0 0 0 0 0 0 0 0 0 0 
1477 10 0 0 0 0 0 0 0 0 0 0 0 
1478 10 0 0 0 0 0 0 0 0 0 0 0 
1479 10 0 0 0 0 0 0 0 0 0 0 0 
1480 10 0 0 0 0 0 0 0 0 0 0 0 
1481 10 0 0 0 0 0 0 0 0 0 0 0 
1482 10 0 0 0 0 0 0 0 0 0 0 0 
1483 10 0 0 0 0 0 0 0 0 0 0 0 
1484 10 0 0 0 0 0 0 0 0 0 0 0 
1485 10 0 0 0 0 0 0 0 0 0 0 0 
1486 10 0 0 0 0 0 0 0 0 0 0 0 
1487 10 0 0 0 0 0 0 0 0 0 0 0 
1488 10 0 0 0 0 0 0 0 0 0 0 0 
1489 10 0 0 0 0 0 0 0 0 0 0 0 
1490 10 0 0 0 0 0 0 0 0 0 0 0 
1491 10 0 0 0 0 0 0 0 0 0 0 0 
1492 10 0 0 0 0 0 0 0 0 0 0 0 
1493 10 0 0 0 0 0 0 0 0 0 0 0 
1494 10 0 0 0 0 0 0 0 0 0 0 0 
1495 10 0 0 0 0 0 0 0 0 0 0 0 
1496 10 0 0 0 0 0 0 0 0 0 0 0 
1497 10 0 0 0 0 0 0 0 0 0 0 0 
1498 10 0 0 0 0 0 0 0 0 0 0 0 
1499 10 0 0 0 0 0 0 0 0 0 0 0 
1500 10 0 0 0 0 0 0 0 0 0 0 0 
1501 10 0 0 0 0 0 0 0 0 0 0 0 
1502 10 0 0 0 0 0 0 0 0 0 0 0 
1503 10 0 0 0 0 0 0 0 0 0 0 0 
1504 10 0 0 0 0 0 0 0 0 0 0 0 
1505 10 0 0 0 0 0 0 0 0 0 0 0 
1506 10 0 0 0 0 0 0 0 0 0 0 0 
1507 10 0 0 0 0 0 0 0 0 0 0 0 
1508 10 0 0 0 0 0 0 0 0 0 0 0 
1509 10 0 0 0 0 0 0 0 0 0 0 0 
1510 10 0 0 0 0 0 0 0 0 0 0 0 
1511 10 0 0 0 0 0 0 0 0 0 0 0 
1512 10 0 0 0 0 0 0 0 0 0 0 0 
1513 10 0 0 0 0 0 0 0 0 0 0 0 
1514 10 0 0 0 0 0 0 0 0 0 0 0 
1515 10 0 0 0 0 0 0 0 0 0 0 0 
1516 10 0 0 0 0 0 0 0 0 0 0 0 
1517 10 0 0 0 0 0 0 0 0 0 0 0 
1518 10 0 0 0 0 0 0 0 0 0 0 0 
1519 10 0 0 0 0 0 0 0 0 0 0 0 
1520 10 0 0 0 0 0 0 0 0 0 0 0 
1521 10 0 0 0 0 0 0 0 0 0 0 0 
1522 10 0 0 0 0 0 0 0 0 0 0 0 
1523 10 0 0 0 0 0 0 0 0 0 0 0 
1524 10 0 0 0 0 0 0 0 0 0 0 0 
1525 10 0 0 0 0 0 0 0 0 0 0 0 
1526 10 0 0 0 0 0 0 0 0 0 0 0 
1527 10 0 0 0 0 0 0 0 0 0 0 0 
1528 10 0 0 0 0 0 0 0 0 0 0 0 
1529 10 0 0 0 0 0 0 0 0 0 0 0 
1530 10 0 0 0 0 0 0 0 0 0 0 0 
1531 10 0 0 0 0 0 0 0 0 0 0 0 
1532 10 0 0 0 0 0 0 0 0 0 0 0 
1533 10 0 0 0 0 0 0 0 0 0 0 0 
1534 10 0 0 0 0 0 0 0 0 0 0 0 
1535 10 0 0 0 0 0 0 0 0 0 0 0 
1536 10 0 0 0 0 0 0 0 0 0 0 0 
1537 10 0 0 0 0 0 0 0 0 0 0 0 
1538 10 0 0 0 0 0 0 0 0 0 0 0 
1539 10 0 0 0 0 0 0 0 0 0 0 0 
1540 10 0 0 0 0 0 0 0 0 0 0 0 
1541 10 0 0 0 0 0 0 0 0 0 0 0 
1542 10 0 0 0 0 0 0 0 0 0 0 0 
1543 10 0 0 0 0 0 0 0 0 0 0 0 
1544 10 0 0 0 0 0 0 0 0 0 0 0 
1545 10 0 0 0 0 0 0 0 0 0 0 0 
1546 10 0 0 0 0 0 0 0 0 0 0 0 
1547 10 0 0 0 0 0 0 0 0 0 0 0 
1548 10 0 0 0 0 0 0 0 0 0 0 0 
1549 10 0 0 0 0 0 0 0 0 0 0 0 
1550 10 0 0 0 0 0 0 0 0 0 0 0 
1551 10 0 0 0 0 0 0 0 0 0 0 0 
1552 10 0 0 0 0 0 0 0 0 0 0 0 
1553 10 0 0 0 0 0 0 0 0 0 0 0 
1554 10 0 0 0 0 0 0 0 0 0 0 0 
1555 10 0 0 0 0 0 0 0 0 0 0 0 
1556 10 0 0 0 0 0 0 0 0 0 0 0 
1557 10 0 0 0 0 0 0 0 0 0 0 0 
1558 10 0 0 0 0 0 0 0 0 0 0 0 
1559 10 0 0 0 0 0 0 0 0 0 0 0 
1560 10 0 0 0 0 0 0 0 0 0 0 0 
1561 10 0 0 0 0 0 0 0 0 0 0 0 
1562 10 0 0 0 0 0 0 0 0 0 0 0 
1563 10 0 0 0 0 0 0 0 0 0 0 0 
1564 10 0 0 0 0 0 0 0 0 0 0 0 
1565 10 0 0 0 0 0 0 0 0 0 0 0 
1566 10 0 0 0 0 0 0 0 0 0 0 0 
1567 10 0 0 0 0 0 0 0 0 0 0 0 
1568 10 0 0 0 0 0 0 0 0 0 0 0 
1569 10 0 0 0 0 0 0 0 0 0 0 0 
1570 10 0 0 0 0 0 0 0 0 0 0 0 
1571 10 0 0 0 0 0 0 0 0 0 0 0 
1572 10 0 0 0 0 0 0 0 0 0 0 0 
1573 10 0 0 0 0 0 0 0 0 0 0 0 
1574 10 0 0 0 0 0 0 0 0 0 0 0 
1575 10 0 0 0 0 0 0 0 0 0 0 0 
1576 10 0 0 0 0 0 0 0 0 0 0 0 
1577 10 0 0 0 0 0 0 0 0 0 0 0 
1578 10 0 0 0 0 0 0 0 0 0 0 0 
1579 10 0 0 0 0 0 0 0 0 0 0 0 
1580 10 0 0 0 0 0 0 0 0 0 0 0 
1581 10 0 0 0 0 0 0 0 0 0 0 0 
1582 10 0 0 0 0 0 0 0 0 0 0 0 
1583 10 0 0 0 0 0 0 0 0 0 0 0 
1584 10 0 0 0 0 0 0 0 0 0 0 0 
1585 10 0 0 0 0 0 0 0 0 0 0 0 
1586 10 0 0 0 0 0 0 0 0 0 0 0 
1587 10 0 0 0 0 0 0 0 0 0 0 0 
1588 10 0 0 0 0 0 0 0 0 0 0 0 
1589 10 0 0 0 0 0 0 0 0 0 0 0 
1590 10 0 0 0 0 0 0 0 0 0 0 0 
1591 10 0 0 0 0 0 0 0 0 0 0 0 
1592 10 0 0 0 0 0 0 0 0 0 0 0 
1593 10 0 0 0 0 0 0 0 0 0 0 0 
1594 10 0 0 0 0 0 0 0 0 0 0 0 
1595 10 0 0 0 0 0 0 0 0 0 0 0 
1596 10 0 0 0 0 0 0 0 0 0 0 0 
1597 10 0 0 0 0 0 0 0 0 0 0 0 
1598 10 0 0 0 0 0 0 0 0 0 0 0 
1599 10 0 0 0 0 0 0 0 0 0 0 0 
1600 10 0 0 0 0 0 0 0 0 0 0 0 
1601 10 0 0 0 0 0 0 0 0 0 0 0 
1602 10 0 0 0 0 0 0 0 0 0 0 0 
1603 10 0 0 0 0 0 0 0 0 0 0 0 
1604 10 0 0 0 0 0 0 0 0 0 0 0 
1605 10 0 0 0 0 0 0 0 0 0 0 0 
1606 10 0 0 0 0 0 0 0 0 0 0 0 
1607 10 0 0 0 0 0 0 0 0 0 0 0 
1608 10 0 0 0 0 0 0 0 0 0 0 0 
1609 10 0 0 0 0 0 0 0 0 0 0 0 
1610 10 0 0 0 0 0 0 0 0 0 0 0 
1611 10 0 0 0 0 0 0 0 0 0 0 0 
1612 10 0 0 0 0 0 0 0 0 0 0 0 
1613 10 0 0 0 0 0 0 0 0 0 0 0 
1614 10 0 0 0 0 0 0 0 0 0 0 0 
1615 10 0 0 0 0 0 0 0 0 0 0 0 
1616 10 0 0 0 0 0 0 0 0 0 0 0 
1617 10 4 0 0 0 0 0 0 0 0 0 0 
1618 10 5 0 0 0 0 0 0 0 0 0 0 
1619 10 0 0 0 0 0 0 0 0 0 0 0 
1620 10 0 0 0 0 0 0 0 0 0 0 0 
1621 10 0 0 0 0 0 0 0 0 0 0 0 
1622 10 0 0 0 0 0 0 0 0 0 0 0 
1623 10 0 0 0 0 0 0 0 0 0 0 0 
1624 10 0 0 0 0 0 0 0 0 0 0 0 
1625 10 0 0 0 0 0 0 0 0 0 0 0 
1626 10 0 0 0 0 0 0 0 0 0 0 0 
1627 10 0 0 0 0 0 0 0 0 0 0 0 
1628 10 0 0 0 0 0 0 0 0 0 0 0 
1629 10 0 0 0 0 0 0 0 0 0 0 0 
1630 10 0 0 0 0 0 0 0 0 0 0 0 
1631 10 0 0 0 0 0 0 0 0 0 0 0 
1632 10 0 0 0 0 0 0 0 0 0 0 0 
1633 10 0 0 0 0 0 0 0 0 0 0 0 
1634 10 0 0 0 0 0 0 0 0 0 0 0 
1635 10 0 0 0 0 0 0 0 0 0 0 0 
1636 10 0 0 0 0 0 0 0 0 0 0 0 
1637 10 0 0 0 0 0 0 0 0 0 0 0 
1638 10 0 0 0 0 0 0 0 0 0 0 0 
1639 10 0 0 0 0 0 0 0 0 0 0 0 
1640 10 0 0 0 0 0 0 0 0 0 0 0 
1641 10 0 0 0 0 0 0 0 0 0 0 0 
1642 10 0 0 0 0 0 0 0 0 0 0 0 
1643 10 0 0 0 0 0 0 0 0 0 0 0 
1644 10 0 0 0 0 0 0 0 0 0 0 0 
1645 10 0 0 0 0 0 0 0 0 0 0 0 
1646 10 0 0 0 0 0 0 0 0 0 0 0 
1647 10 0 0 0 0 0 0 0 0 0 0 0 
1648 10 0 0 0 0 0 0 0 0 0 0 0 
1649 10 0 0 0 0 0 0 0 0 0 0 0 
1650 10 0 0 0 0 0 0 0 0 0 0 0 
1651 10 0 0 0 0 0 0 0 0 0 0 0 
1652 10 0 0 0 0 0 0 0 0 0 0 0 
1653 10 0 0 0 0 0 0 0 0 0 0 0 
1654 10 0 0 0 0 0 0 0 0 0 0 0 
1655 10 0 0 0 0 0 0 0 0 0 0 0 
1656 10 0 0 0 0 0 0 0 0 0 0 0 
1657 10 0 0 0 0 0 0 0 0 0 0 0 
1658 10 0 0 0 0 0 0 0 0 0 0 0 
1659 10 0 0 0 0 0 0 0 0 0 0 0 
1660 10 0 0 0 0 0 0 0 0 0 0 0 
1661 10 0 0 0 0 0 0 0 0 0 0 0 
1662 10 0 0 0 0 0 0 0 0 0 0 0 
1663 10 0 0 0 0 0 0 0 0 0 0 0 
1664 10 0 0 0 0 0 0 0 0 0 0 0 
1665 10 0 0 0 0 0 0 0 0 0 0 0 
1666 10 0 0 0 0 0 0 0 0 0 0 0 
1667 10 0 0 0 0 0 0 0 0 0 0 0 
1668 10 0 0 0 0 0 0 0 0 0 0 0 
1669 10 0 0 0 0 0 0 0 0 0 0 0 
1670 10 0 0 0 0 0 0 0 0 0 0 0 
1671 10 0 0 0 0 0 0 0 0 0 0 0 
1672 10 0 0 0 0 0 0 0 0 0 0 0 
1673 10 0 0 0 0 0 0 0 0 0 0 0 
1674 10 0 0 0 0 0 0 0 0 0 0 0 
1675 10 0 0 0 0 0 0 0 0 0 0 0 
1676 10 0 0 0 0 0 0 0 0 0 0 0 
1677 10 0 0 0 0 0 0 0 0 0 0 0 
1678 10 0 0 0 0 0 0 0 0 0 0 0 
1679 10 0 0 0 0 0 0 0 0 0 0 0 
1680 10 0 0 0 0 0 0 0 0 0 0 0 
1681 10 0 0 0 0 0 0 0 0 0 0 0 
1682 10 0 0 0 0 0 0 0 0 0 0 0 
1683 10 0 0 0 0 0 0 0 0 0 0 0 
1684 10 0 0 0 0 0 0 0 0 0 0 0 
1685 10 0 0 0 0 0 0 0 0 0 0 0 
1686 10 0 0 0 0 0 0 0 0 0 0 0 
1687 10 0 0 0 0 0 0 0 0 0 0 0 
1688 10 0 0 0 0 0 0 0 0 0 0 0 
1689 10 0 0 0 0 0 0 0 0 0 0 0 
1690 10 0 0 0 0 0 0 0 0 0 0 0 
1691 10 0 0 0 0 0 0 0 0 0 0 0 
1692 10 0 0 0 0 0 0 0 0 0 0 0 
1693 10 0 0 0 0 0 0 0 0 0 0 0 
1694 10 0 0 0 0 0 0 0 0 0 0 0 
1695 10 0 0 0 0 0 0 0 0 0 0 0 
1696 10 0 0 0 0 0 0 0 0 0 0 0 
1697 10 0 0 0 0 0 0 0 0 0 0 0 
1698 10 0 0 0 0 0 0 0 0 0 0 0 
1699 10 0 0 0 0 0 0 0 0 0 0 0 
1700 10 0 0 0 0 0 0 0 0 0 0 0 
1701 10 0 0 0 0 0 0 0 0 0 0 0 
1702 10 0 0 0 0 0 0 0 0 0 0 0 
1703 10 0 0 0 0 0 0 0 0 0 0 0 
1704 10 0 0 0 0 0 0 0 0 0 0 0 
1705 10 0 0 0 0 0 0 0 0 0 0 0 
1706 10 0 0 0 0 0 0 0 0 0 0 0 
1707 10 0 0 0 0 0 0 0 0 0 0 0 
1708 10 0 0 0 0 0 0 0 0 0 0 0 
1709 10 0 0 0 0 0 0 0 0 0 0 0 
1710 10 0 0 0 0 0 0 0 0 0 0 0 
1711 10 0 0 0 0 0 0 0 0 0 0 0 
1712 10 0 0 0 0 0 0 0 0 0 0 0 
1713 10 0 0 0 0 0 0 0 0 0 0 0 
1714 10 0 0 0 0 0 0 0 0 0 0 0 
1715 10 0 0 0 0 0 0 0 0 0 0 0 
1716 10 0 0 0 0 0 0 0 0 0 0 0 
1717 10 0 0 0 0 0 0 0 0 0 0 0 
1718 10 0 0 0 0 0 0 0 0 0 0 0 
1719 10 0 0 0 0 0 0 0 0 0 0 0 
1720 10 0 0 0 0 0 0 0 0 0 0 0 
1721 10 0 0 0 0 0 0 0 0 0 0 0 
1722 10 0 0 0 0 0 0 0 0 0 0 0 
1723 10 0 0 0 0 0 0 0 0 0 0 0 
1724 10 0 0 0 0 0 0 0 0 0 0 0 
1725 10 0 0 0 0 0 0 0 0 0 0 0 
1726 10 0 0 0 0 0 0 0 0 0 0 0 
1727 10 14 0 0 0 0 0 0 0 0 0 0 
1728 10 15 0 0 0 0 0 0 0 0 0 0 
1729 10 0 0 0 0 0 0 0 0 0 0 0 
1730 10 0 0 0 0 0 0 0 0 0 0 0 
1731 10 0 0 0 0 0 0 0 0 0 0 0 
1732 10 0 0 0 0 0 0 0 0 0 0 0 
1733 10 18 0 0 0 0 0 0 0 0 0 0 
1734 10 19 0 0 0 0 0 0 0 0 0 0 
1735 10 20 0 0 0 0 0 0 0 0 0 0 
1736 10 21 0 0 0 0 0 0 0 0 0 0 
1737 10 22 0 0 0 0 0 0 0 0 0 0 
1738 10 23 0 0 0 0 0 0 0 0 0 0 
1739 10 24 0 0 0 0 0 0 0 0 0 0 
1740 10 25 0 0 0 0 0 0 0 0 0 0 
1741 10 0 0 0 0 0 0 0 0 0 0 0 
1742 10 0 0 0 0 0 0 0 0 0 0 0 
1743 10 0 0 0 0 0 0 0 0 0 0 0 
1744 10 0 0 0 0 0 0 0 0 0 0 0 
1745 10 0 0 0 0 0 0 0 0 0 0 0 
1746 10 0 0 0 0 0 0 0 0 0 0 0 
1747 10 0 0 0 0 0 0 0 0 0 0 0 
1748 10 0 0 0 0 0 0 0 0 0 0 0 
1749 10 0 0 0 0 0 0 0 0 0 0 0 
1750 10 0 0 0 0 0 0 0 0 0 0 0 
1751 10 0 0 0 0 0 0 0 0 0 0 0 
1752 10 0 0 0 0 0 0 0 0 0 0 0 
1753 10 0 0 0 0 0 0 0 0 0 0 0 
1754 10 0 0 0 0 0 0 0 0 0 0 0 
1755 10 0 0 0 0 0 0 0 0 0 0 0 
1756 10 0 0 0 0 0 0 0 0 0 0 0 
1757 10 0 0 0 0 0 0 0 0 0 0 0 
1758 10 0 0 0 0 0 0 0 0 0 0 0 
1759 10 0 0 0 0 0 0 0 0 0 0 0 
1760 10 0 0 0 0 0 0 0 0 0 0 0 
1761 10 0 0 0 0 0 0 0 0 0 0 0 
1762 10 0 0 0 0 0 0 0 0 0 0 0 
1763 10 0 0 0 0 0 0 0 0 0 0 0 
1764 10 0 0 0 0 0 0 0 0 0 0 0 
1765 10 0 0 0 0 0 0 0 0 0 0 0 
1766 10 0 0 0 0 0 0 0 0 0 0 0 
1767 10 0 0 0 0 0 0 0 0 0 0 0 
1768 10 0 0 0 0 0 0 0 0 0 0 0 
1769 10 0 0 0 0 0 0 0 0 0 0 0 
1770 10 0 0 0 0 0 0 0 0 0 0 0 
1771 10 0 0 0 0 0 0 0 0 0 0 0 
1772 10 0 0 0 0 0 0 0 0 0 0 0 
1773 10 0 0 0 0 0 0 0 0 0 0 0 
1774 10 0 0 0 0 0 0 0 0 0 0 0 
1775 10 0 0 0 0 0 0 0 0 0 0 0 
1776 10 0 0 0 0 0 0 0 0 0 0 0 
1777 10 0 0 0 0 0 0 0 0 0 0 0 
1778 10 0 0 0 0 0 0 0 0 0 0 0 
1779 10 0 0 0 0 0 0 0 0 0 0 0 
1780 10 0 0 0 0 0 0 0 0 0 0 0 
1781 10 0 0 0 0 0 0 0 0 0 0 0 
1782 10 0 0 0 0 0 0 0 0 0 0 0 
1783 10 0 0 0 0 0 0 0 0 0 0 0 
1784 10 0 0 0 0 0 0 0 0 0 0 0 
1785 10 0 0 0 0 0 0 0 0 0 0 0 
1786 10 0 0 0 0 0 0 0 0 0 0 0 
1787 10 0 0 0 0 0 0 0 0 0 0 0 
1788 10 0 0 0 0 0 0 0 0 0 0 0 
1789 10 0 0 0 0 0 0 0 0 0 0 0 
1790 10 0 0 0 0 0 0 0 0 0 0 0 
1791 10 0 0 0 0 0 0 0 0 0 0 0 
1792 10 0 0 0 0 0 0 0 0 0 0 0 
1793 10 0 0 0 0 0 0 0 0 0 0 0 
1794 10 0 0 0 0 0 0 0 0 0 0 0 
1795 10 0 0 0 0 0 0 0 0 0 0 0 
1796 10 0 0 0 0 0 0 0 0 0 0 0 
1797 10 0 0 0 0 0 0 0 0 0 0 0 
1798 10 0 0 0 0 0 0 0 0 0 0 0 
1799 10 0 0 0 0 0 0 0 0 0 0 0 
1800 10 0 0 0 0 0 0 0 0 0 0 0 
1801 10 0 0 0 0 0 0 0 0 0 0 0 
1802 10 0 0 0 0 0 0 0 0 0 0 0 
1803 10 0 0 0 0 0 0 0 0 0 0 0 
1804 10 0 0 0 0 0 0 0 0 0 0 0 
1805 10 0 0 0 0 0 0 0 0 0 0 0 
1806 10 0 0 0 0 0 0 0 0 0 0 0 
1807 10 0 0 0 0 0 0 0 0 0 0 0 
1808 10 0 0 0 0 0 0 0 0 0 0 0 
1809 10 0 0 0 0 0 0 0 0 0 0 0 
1810 10 0 0 0 0 0 0 0 0 0 0 0 
1811 10 0 0 0 0 0 0 0 0 0 0 0 
1812 10 0 0 0 0 0 0 0 0 0 0 0 
1813 10 0 0 0 0 0 0 0 0 0 0 0 
1814 10 0 0 0 0 0 0 0 0 0 0 0 
1815 10 0 0 0 0 0 0 0 0 0 0 0 
1816 10 0 0 0 0 0 0 0 0 0 0 0 
1817 10 0 0 0 0 0 0 0 0 0 0 0 
1818 10 0 0 0 0 0 0 0 0 0 0 0 
1819 10 0 0 0 0 0 0 0 0 0 0 0 
1820 10 0 0 0 0 0 0 0 0 0 0 0 
1821 10 0 0 0 0 0 0 0 0 0 0 0 
1822 10 0 0 0 0 0 0 0 0 0 0 0 
1823 10 0 0 0 0 0 0 0 0 0 0 0 
1824 10 0 0 0 0 0 0 0 0 0 0 0 
1825 10 0 0 0 0 0 0 0 0 0 0 0 
1826 10 0 0 0 0 0 0 0 0 0 0 0 
1827 10 0 0 0 0 0 0 0 0 0 0 0 
1828 10 0 0 0 0 0 0 0 0 0 0 0 
1829 10 0 0 0 0 0 0 0 0 0 0 0 
1830 10 0 0 0 0 0 0 0 0 0 0 0 
1831 10 0 0 0 0 0 0 0 0 0 0 0 
1832 10 0 0 0 0 0 0 0 0 0 0 0 
1833 10 0 0 0 0 0 0 0 0 0 0 0 
1834 10 0 0 0 0 0 0 0 0 0 0 0 
1835 10 0 0 0 0 0 0 0 0 0 0 0 
1836 10 0 0 0 0 0 0 0 0 0 0 0 
1837 10 0 0 0 0 0 0 0 0 0 0 0 
1838 10 0 0 0 0 0 0 0 0 0 0 0 
1839 10 0 0 0 0 0 0 0 0 0 0 0 
1840 10 0 0 0 0 0 0 0 0 0 0 0 
1841 10 0 0 0 0 0 0 0 0 0 0 0 
1842 10 0 0 0 0 0 0 0 0 0 0 0 
1843 10 0 0 0 0 0 0 0 0 0 0 0 
1844 10 0 0 0 0 0 0 0 0 0 0 0 
1845 10 0 0 0 0 0 0 0 0 0 0 0 
1846 10 0 0 0 0 0 0 0 0 0 0 0 
1847 10 0 0 0 0 0 0 0 0 0 0 0 
1848 10 0 0 0 0 0 0 0 0 0 0 0 
1849 10 0 0 0 0 0 0 0 0 0 0 0 
1850 10 0 0 0 0 0 0 0 0 0 0 0 
1851 10 0 0 0 0 0 0 0 0 0 0 0 
1852 10 0 0 0 0 0 0 0 0 0 0 0 
1853 10 0 0 0 0 0 0 0 0 0 0 0 
1854 10 0 0 0 0 0 0 0 0 0 0 0 
1855 10 0 0 0 0 0 0 0 0 0 0 0 
1856 10 0 0 0 0 0 0 0 0 0 0 0 
1857 10 0 0 0 0 0 0 0 0 0 0 0 
1858 10 0 0 0 0 0 0 0 0 0 0 0 
1859 10 0 0 0 0 0 0 0 0 0 0 0 
1860 10 0 0 0 0 0 0 0 0 0 0 0 
1861 10 0 0 0 0 0 0 0 0 0 0 0 
1862 10 0 0 0 0 0 0 0 0 0 0 0 
1863 10 0 0 0 0 0 0 0 0 0 0 0 
1864 10 0 0 0 0 0 0 0 0 0 0 0 
1865 10 0 0 0 0 0 0 0 0 0 0 0 
1866 10 0 0 0 0 0 0 0 0 0 0 0 
1867 10 0 0 0 0 0 0 0 0 0 0 0 
1868 10 0 0 0 0 0 0 0 0 0 0 0 
1869 10 0 0 0 0 0 0 0 0 0 0 0 
1870 10 0 0 0 0 0 0 0 0 0 0 0 
1871 10 0 0 0 0 0 0 0 0 0 0 0 
1872 10 0 0 0 0 0 0 0 0 0 0 0 
1873 10 0 0 0 0 0 0 0 0 0 0 0 
1874 10 0 0 0 0 0 0 0 0 0 0 0 
1875 10 0 0 0 0 0 0 0 0 0 0 0 
1876 10 0 0 0 0 0 0 0 0 0 0 0 
1877 10 0 0 0 0 0 0 0 0 0 0 0 
1878 10 0 0 0 0 0 0 0 0 0 0 0 
1879 10 0 0 0 0 0 0 0 0 0 0 0 
1880 10 0 0 0 0 0 0 0 0 0 0 0 
1881 10 0 0 0 0 0 0 0 0 0 0 0 
1882 10 0 0 0 0 0 0 0 0 0 0 0 
1883 10 0 0 0 0 0 0 0 0 0 0 0 
1884 10 0 0 0 0 0 0 0 0 0 0 0 
1885 10 0 0 0 0 0 0 0 0 0 0 0 
1886 10 0 0 0 0 0 0 0 0 0 0 0 
1887 10 0 0 0 0 0 0 0 0 0 0 0 
1888 10 0 0 0 0 0 0 0 0 0 0 0 
1889 10 0 0 0 0 0 0 0 0 0 0 0 
1890 10 0 0 0 0 0 0 0 0 0 0 0 
1891 10 0 0 0 0 0 0 0 0 0 0 0 
1892 10 0 0 0 0 0 0 0 0 0 0 0 
1893 10 0 0 0 0 0 0 0 0 0 0 0 
1894 10 0 0 0 0 0 0 0 0 0 0 0 
1895 10 0 0 0 0 0 0 0 0 0 0 0 
1896 10 0 0 0 0 0 0 0 0 0 0 0 
1897 10 0 0 0 0 0 0 0 0 0 0 0 
1898 10 0 0 0 0 0 0 0 0 0 0 0 
1899 10 0 0 0 0 0 0 0 0 0 0 0 
1900 10 0 0 0 0 0 0 0 0 0 0 0 
1901 10 0 0 0 0 0 0 0 0 0 0 0 
1902 10 0 0 0 0 0 0 0 0 0 0 0 
1903 10 0 0 0 0 0 0 0 0 0 0 0 
1904 10 0 0 0 0 0 0 0 0 0 0 0 
1905 10 0 0 0 0 0 0 0 0 0 0 0 
1906 10 0 0 0 0 0 0 0 0 0 0 0 
1907 10 0 0 0 0 0 0 0 0 0 0 0 
1908 10 0 0 0 0 0 0 0 0 0 0 0 
1909 10 0 0 0 0 0 0 0 0 0 0 0 
1910 10 0 0 0 0 0 0 0 0 0 0 0 
1911 10 0 0 0 0 0 0 0 0 0 0 0 
1912 10 0 0 0 0 0 0 0 0 0 0 0 
1913 10 0 0 0 0 0 0 0 0 0 0 0 
1914 10 0 0 0 0 0 0 0 0 0 0 0 
1915 10 0 0 0 0 0 0 0 0 0 0 0 
1916 10 0 0 0 0 0 0 0 0 0 0 0 
1917 10 0 0 0 0 0 0 0 0 0 0 0 
1918 10 0 0 0 0 0 0 0 0 0 0 0 
1919 10 0 0 0 0 0 0 0 0 0 0 0 
1920 10 0 0 0 0 0 0 0 0 0 0 0 
1921 10 0 0 0 0 0 0 0 0 0 0 0 
1922 10 0 0 0 0 0 0 0 0 0 0 0 
1923 10 0 0 0 0 0 0 0 0 0 0 0 
1924 10 0 0 0 0 0 0 0 0 0 0 0 
1925 10 0 0 0 0 0 0 0 0 0 0 0 
1926 10 0 0 0 0 0 0 0 0 0 0 0 
1927 10 0 0 0 0 0 0 0 0 0 0 0 
1928 10 0 0 0 0 0 0 0 0 0 0 0 
1929 10 0 0 0 0 0 0 0 0 0 0 0 
1930 10 0 0 0 0 0 0 0 0 0 0 0 
1931 10 0 0 0 0 0 0 0 0 0 0 0 
1932 10 0 0 0 0 0 0 0 0 0 0 0 
1933 10 0 0 0 0 0 0 0 0 0 0 0 
1934 10 0 0 0 0 0 0 0 0 0 0 0 
1935 10 0 0 0 0 0 0 0 0 0 0 0 
1936 10 0 0 0 0 0 0 0 0 0 0 0 
1937 10 0 0 0 0 0 0 0 0 0 0 0 
1938 10 0 0 0 0 0 0 0 0 0 0 0 
1939 10 0 0 0 0 0 0 0 0 0 0 0 
1940 10 0 0 0 0 0 0 0 0 0 0 0 
1941 10 0 0 0 0 0 0 0 0 0 0 0 
1942 10 0 0 0 0 0 0 0 0 0 0 0 
1943 10 0 0 0 0 0 0 0 0 0 0 0 
1944 10 0 0 0 0 0 0 0 0 0 0 0 
1945 10 0 0 0 0 0 0 0 0 0 0 0 
1946 10 0 0 0 0 0 0 0 0 0 0 0 
1947 10 0 0 0 0 0 0 0 0 0 0 0 
1948 10 0 0 0 0 0 0 0 0 0 0 0 
1949 10 0 0 0 0 0 0 0 0 0 0 0 
1950 10 0 0 0 0 0 0 0 0 0 0 0 
1951 10 0 0 0 0 0 0 0 0 0 0 0 
1952 10 0 0 0 0 0 0 0 0 0 0 0 
1953 10 0 0 0 0 0 0 0 0 0 0 0 
1954 10 0 0 0 0 0 0 0 0 0 0 0 
1955 10 0 0 0 0 0 0 0 0 0 0 0 
1956 10 0 0 0 0 0 0 0 0 0 0 0 
1957 10 0 0 0 0 0 0 0 0 0 0 0 
1958 10 0 0 0 0 0 0 0 0 0 0 0 
1959 10 0 0 0 0 0 0 0 0 0 0 0 
1960 10 0 0 0 0 0 0 0 0 0 0 0 
1961 10 0 0 0 0 0 0 0 0 0 0 0 
1962 10 0 0 0 0 0 0 0 0 0 0 0 
1963 10 0 0 0 0 0 0 0 0 0 0 0 
1964 10 0 0 0 0 0 0 0 0 0 0 0 
1965 10 0 0 0 0 0 0 0 0 0 0 0 
1966 10 0 0 0 0 0 0 0 0 0 0 0 
1967 10 0 0 0 0 0 0 0 0 0 0 0 
1968 10 0 0 0 0 0 0 0 0 0 0 0 
1969 10 0 0 0 0 0 0 0 0 0 0 0 
1970 10 0 0 0 0 0 0 0 0 0 0 0 
1971 10 0 0 0 0 0 0 0 0 0 0 0 
1972 10 0 0 0 0 0 0 0 0 0 0 0 
1973 10 0 0 0 0 0 0 0 0 0 0 0 
1974 10 0 0 0 0 0 0 0 0 0 0 0 
1975 10 0 0 0 0 0 0 0 0 0 0 0 
1976 10 0 0 0 0 0 0 0 0 0 0 0 
1977 10 0 0 0 0 0 0 0 0 0 0 0 
1978 10 0 0 0 0 0 0 0 0 0 0 0 
1979 10 0 0 0 0 0 0 0 0 0 0 0 
1980 10 0 0 0 0 0 0 0 0 0 0 0 
1981 10 0 0 0 0 0 0 0 0 0 0 0 
1982 10 0 0 0 0 0 0 0 0 0 0 0 
1983 10 0 0 0 0 0 0 0 0 0 0 0 
1984 10 0 0 0 0 0 0 0 0 0 0 0 
1985 10 0 0 0 0 0 0 0 0 0 0 0 
1986 10 0 0 0 0 0 0 0 0 0 0 0 
1987 10 0 0 0 0 0 0 0 0 0 0 0 
1988 10 0 0 0 0 0 0 0 0 0 0 0 
1989 10 0 0 0 0 0 0 0 0 0 0 0 
1990 10 0 0 0 0 0 0 0 0 0 0 0 
1991 10 0 0 0 0 0 0 0 0 0 0 0 
1992 10 0 0 0 0 0 0 0 0 0 0 0 
1993 10 37 0 0 0 0 0 0 0 0 0 0 
1994 10 38 0 0 0 0 0 0 0 0 0 0 
1995 10 0 0 0 0 0 0 0 0 0 0 0 
1996 10 0 0 0 0 0 0 0 0 0 0 0 
1997 10 0 0 0 0 0 0 0 0 0 0 0 
1998 10 0 0 0 0 0 0 0 0 0 0 0 
1999 10 0 0 0 0 0 0 0 0 0 0 0 
2000 10 0 0 0 0 0 0 0 0 0 0 0 
2001 10 0 0 0 0 0 0 0 0 0 0 0 
2002 10 0 0 0 0 0 0 0 0 0 0 0 
2003 10 0 0 0 0 0 0 0 0 0 0 0 
2004 10 0 0 0 0 0 0 0 0 0 0 0 
2005 10 0 0 0 0 0 0 0 0 0 0 0 
2006 10 0 0 0 0 0 0 0 0 0 0 0 
2007 10 0 0 0 0 0 0 0 0 0 0 0 
2008 10 0 0 0 0 0 0 0 0 0 0 0 
2009 10 0 0 0 0 0 0 0 0 0 0 0 
2010 10 0 0 0 0 0 0 0 0 0 0 0 
2011 10 0 0 0 0 0 0 0 0 0 0 0 
2012 10 0 0 0 0 0 0 0 0 0 0 0 
2013 10 0 0 0 0 0 0 0 0 0 0 0 
2014 10 0 0 0 0 0 0 0 0 0 0 0 
2015 10 0 0 0 0 0 0 0 0 0 0 0 
2016 10 0 0 0 0 0 0 0 0 0 0 0 
2017 10 0 0 0 0 0 0 0 0 0 0 0 
2018 10 0 0 0 0 0 0 0 0 0 0 0 
2019 10 0 0 0 0 0 0 0 0 0 0 0 
2020 10 0 0 0 0 0 0 0 0 0 0 0 
2021 10 0 0 0 0 0 0 0 0 0 0 0 
2022 10 0 0 0 0 0 0 0 0 0 0 0 
2023 10 43 0 0 0 0 0 0 0 0 0 0 
2024 10 44 0 0 0 0 0 0 0 0 0 0 
2025 10 0 0 0 0 0 0 0 0 0 0 0 
2026 10 0 0 0 0 0 0 0 0 0 0 0 
2027 10 46 0 0 0 0 0 0 0 0 0 0 
2028 10 47 0 0 0 0 0 0 0 0 0 0 
2029 10 0 0 0 0 0 0 0 0 0 0 0 
2030 10 0 0 0 0 0 0 0 0 0 0 0 
2031 10 0 0 0 0 0 0 0 0 0 0 0 
2032 10 0 0 0 0 0 0 0 0 0 0 0 
2033 10 0 0 0 0 0 0 0 0 0 0 0 
2034 10 0 0 0 0 0 0 0 0 0 0 0 
2035 10 0 0 0 0 0 0 0 0 0 0 0 
2036 10 0 0 0 0 0 0 0 0 0 0 0 
2037 10 0 0 0 0 0 0 0 0 0 0 0 
2038 10 0 0 0 0 0 0 0 0 0 0 0 
2039 10 0 0 0 0 0 0 0 0 0 0 0 
2040 10 0 0 0 0 0 0 0 0 0 0 0 
2041 10 0 0 0 0 0 0 0 0 0 0 0 
2042 10 0 0 0 0 0 0 0 0 0 0 0 
2043 10 0 0 0 0 0 0 0 0 0 0 0 
2044 10 0 0 0 0 0 0 0 0 0 0 0 
2045 10 0 0 0 0 0 0 0 0 0 0 0 
2046 10 0 0 0 0 0 0 0 0 0 0 0 

0 4 1 3 pack_2 0.001825 3 -8 -111 78 -8 -111 84 -28 -106 84 
1 4 1 3 pack_2 0.0410959 8 22 59 150 2 59 174 32 54 312 17 59 360 12 59 360 -13 -21 174 -3 -21 354 -3 -31 354 
2 4 1 3 pack_2 1 1 -33 -96 84 
3 4 1 3 pack_2 1 6 -13 -76 150 7 -101 150 -3 -96 192 7 -96 318 2 -106 174 -3 -111 192 
4 4 1 3 pack_2 1 5 22 -106 354 -3 -91 276 -18 -96 270 27 -106 354 -23 -106 360 
5 4 1 3 pack_2 0.973822 62 32 -111 318 -33 -111 180 22 -111 84 -18 -101 270 2 -106 192 27 -111 150 27 -111 312 17 -106 210 -28 -101 360 22 -106 6 17 -106 312 -18 -106 276 7 -111 360 -28 -111 6 -18 -91 276 -8 -101 78 -8 -96 78 -3 -101 78 7 -96 78 -23 -101 78 -38 -101 90 17 -111 294 -38 -101 192 -3 -101 342 12 -96 78 -3 -66 78 12 -101 78 -13 -101 342 2 -96 84 -13 -101 78 2 -91 78 12 -106 216 22 -111 318 -8 -106 276 -8 -71 78 12 -111 216 17 -91 6 17 -101 6 12 -101 6 7 -101 312 -18 -111 210 7 -111 78 -3 -106 24 -18 -111 342 -38 -106 180 -33 -111 360 -38 -111 180 -8 -111 192 -13 -111 270 -28 -106 354 -23 -106 354 -8 -101 354 12 -111 318 -38 -106 150 -23 -111 354 -13 -96 84 -13 -91 84 -38 -111 216 -43 -106 180 -3 -91 90 2 -101 90 -13 -101 354 
6 4 1 3 pack_2 1 10 27 -111 78 17 -106 288 27 -111 294 -28 -111 360 12 -106 192 -33 -111 84 -33 -96 174 2 -106 360 -8 -106 174 -8 -91 90 
7 4 1 3 pack_2 1 5 -33 -106 150 17 -101 354 27 -101 6 32 -106 294 22 -101 78 
8 4 1 3 pack_2 0.0740741 1 -43 -111 150 
9 4 1 3 pack_2 0.230769 1 -23 -111 276 
10 4 1 3 pack_2 0.957983 19 12 -111 294 22 -111 270 27 -111 174 32 -111 210 32 -111 24 32 -111 270 22 -106 210 17 -106 276 7 -106 216 22 -106 276 42 -111 276 42 -111 270 47 -111 192 27 -111 84 47 -111 216 32 -111 84 32 -111 78 37 -111 84 -53 -111 216 
11 4 1 3 pack_2 1 4 32 -106 276 32 -106 180 37 -106 216 42 -111 90 
12 4 1 3 pack_2 1 7 -38 -111 276 2 -111 288 -48 -111 312 -43 -111 294 -28 -111 294 -43 -111 318 -13 -111 312 
13 4 1 3 pack_2 0.0239044 1 -3 79 150 
14 4 1 3 pack_2 0.98008 41 -13 -26 150 7 -31 360 12 -26 24 -13 24 276 7 -51 90 12 -51 78 12 29 210 17 -56 84 12 -51 84 17 -26 294 37 -31 312 22 -51 6 17 -51 78 22 24 210 12 -51 90 7 34 276 27 -31 318 -3 -46 90 -28 -11 192 12 -26 360 -18 -51 78 17 -51 84 7 -46 84 -13 -96 210 17 -36 318 22 -51 78 2 -31 6 -8 -46 90 -13 -11 174 -3 -26 342 -3 -46 84 27 -56 78 -23 -51 78 12 34 216 12 34 210 -8 -46 84 -8 -21 150 -13 -26 360 -8 29 174 -8 -11 354 -3 -21 192 
15 4 1 3 pack_2 0.974811 387 22 -96 354 22 -21 288 -3 -16 360 7 4 354 22 -51 84 2 -31 84 2 -31 78 2 44 354 2 -16 360 -23 -26 192 32 -6 294 2 9 354 -28 -21 180 -13 -16 180 -33 -31 84 -13 9 180 7 39 312 2 29 342 27 -16 312 7 -31 78 -23 -86 360 32 -96 24 22 -36 84 27 -6 288 32 -86 318 2 -46 6 12 9 342 2 -71 78 37 4 312 -23 -16 192 -3 -16 174 -8 -21 342 -3 -21 174 27 -16 318 -13 -31 180 22 -31 78 37 -21 318 22 -21 354 17 4 312 -3 -6 318 -33 -81 174 2 -56 174 -28 -86 180 17 -91 360 -8 9 354 17 -6 180 -8 -96 192 -18 -91 150 12 -21 360 17 34 318 12 -1 318 -33 -46 90 7 -16 360 -13 -36 78 -38 -11 90 17 -11 342 37 -1 318 27 -21 312 27 -16 288 17 -31 6 -28 14 360 12 -11 180 -28 -31 84 27 4 150 27 24 294 -38 -91 192 -8 -86 342 -13 -56 210 2 24 312 17 -81 360 27 -91 24 -28 -81 360 -33 -21 84 -13 -31 84 2 -41 342 27 14 294 -3 -86 342 2 39 342 -13 -21 354 12 -91 360 -3 -56 174 -3 -56 180 32 -21 312 -18 -6 342 -13 29 174 12 -86 90 17 29 294 -13 -36 90 12 -11 174 22 -86 318 -38 -101 180 -13 34 342 2 -21 174 -3 -16 90 17 -36 90 -18 4 180 -28 -101 24 17 -66 360 -13 9 342 -18 24 342 17 -71 78 -3 4 180 17 -86 150 27 39 294 -38 14 180 22 34 216 -38 -46 90 -28 14 174 -23 -31 78 -23 9 180 -3 29 150 -33 34 192 -23 34 180 -8 -31 78 -23 -21 84 -3 44 150 17 -56 342 -28 -81 174 -3 -91 180 -18 4 354 -3 -16 342 12 -11 24 2 -11 312 -8 -21 354 -3 -16 6 -8 24 342 22 -6 78 2 -71 318 7 -11 180 -23 39 354 -23 9 360 12 -21 90 12 -21 354 -8 -86 360 -13 -86 150 -18 -31 84 12 -31 84 -43 -11 192 -33 -21 90 -33 -11 360 -13 44 276 2 -86 180 32 -56 318 -13 -6 78 17 -16 150 17 -41 84 -18 29 342 2 4 318 12 -1 174 2 -16 84 27 -16 342 -43 19 192 -28 -6 360 -28 -96 192 7 -81 174 -13 -11 150 -23 -26 90 -33 44 180 -18 44 342 2 -86 354 -28 39 180 27 -11 6 -3 -1 174 22 -11 342 22 -71 150 -8 34 342 7 14 312 -3 -66 342 -3 -16 84 12 19 318 -38 24 180 -33 -76 180 7 34 180 -28 4 174 -28 -91 24 12 4 78 7 44 342 -8 14 150 2 -36 78 7 -76 318 -8 -86 24 22 24 354 22 29 360 17 -11 84 12 24 180 -28 -16 78 -18 -6 180 7 -81 354 22 19 312 -38 -11 180 -23 -16 174 27 -11 342 17 19 354 7 14 180 2 -76 354 -38 4 174 -3 -6 180 -13 -96 192 -13 -16 342 -8 -91 180 -18 -81 360 -28 -36 78 -13 -81 354 12 -56 150 12 -76 318 12 -71 318 2 -61 150 -8 -61 354 17 -56 354 -28 19 174 17 4 24 7 -1 342 7 14 174 17 19 312 2 -6 174 17 14 150 27 14 342 12 -6 78 -18 -6 150 -18 39 360 -28 -11 360 2 44 342 22 14 354 -23 -26 84 -18 -16 354 -18 -11 342 -8 9 150 -23 39 288 22 9 318 -3 -36 84 2 -81 180 -13 24 354 -28 24 360 -3 -61 342 -23 24 354 2 -61 354 -3 14 174 2 -76 174 -13 19 150 12 -61 174 12 -61 342 2 -61 342 -3 -61 354 -8 14 174 -8 34 354 -23 -91 24 -3 49 270 -8 44 270 -18 -101 192 -3 44 270 12 44 216 17 39 216 2 34 180 2 34 192 17 34 342 -18 34 174 -3 -51 24 12 29 318 17 24 354 -38 34 192 -8 29 360 -23 -71 360 2 -91 150 -33 -66 180 2 -76 342 7 19 318 12 -76 342 -8 -76 180 -8 -6 180 -33 -11 174 -28 -1 78 -33 -6 90 7 -36 6 12 -41 84 -13 -1 78 7 -6 342 -33 -1 174 12 -21 6 12 -26 84 17 -26 78 17 -6 360 2 -41 78 -13 -71 360 -3 -41 78 12 -81 84 2 -76 150 -18 -11 150 -3 -66 90 -3 -76 150 12 -1 342 -18 -86 90 -23 14 192 17 -6 354 -3 39 270 -23 -6 84 12 -81 78 -18 -1 78 -8 -76 342 -13 24 180 2 -46 150 -23 -66 174 7 14 354 2 14 342 -8 -16 342 12 -61 354 7 -61 174 -23 44 354 -18 19 150 -33 -76 24 -18 24 180 -13 -66 150 -8 -76 354 2 -86 90 -23 -56 180 -18 -56 180 -8 -81 180 12 -66 318 -18 -1 24 -33 14 192 7 -96 342 -8 -91 354 -38 44 180 -13 -76 360 22 -21 6 -3 49 150 27 59 354 17 39 174 7 -86 78 12 24 318 27 14 312 -8 -56 360 22 -66 312 7 -81 78 -8 -86 78 12 -71 78 12 -16 6 2 -6 354 -8 -11 78 17 59 174 7 -1 84 17 -81 318 7 -71 174 7 24 318 17 -86 6 -13 -66 180 -28 -61 180 -8 24 174 2 -86 78 7 -66 342 -13 49 354 -8 -51 174 -3 -71 192 -23 19 24 12 -86 6 12 -51 360 -8 -61 342 -3 -86 84 2 -71 354 -18 -66 192 -3 -66 360 -28 -56 174 -13 -61 342 -18 -41 174 -13 -81 78 -8 -56 342 -38 -61 192 12 44 150 -18 9 150 -23 -81 90 -3 -46 174 17 -51 318 17 4 78 12 4 90 7 49 318 -23 -81 84 12 -71 354 7 49 276 22 49 150 12 -51 150 17 4 84 27 -51 312 22 -51 150 22 44 150 17 44 150 -28 -46 192 2 -46 180 -3 -46 192 
16 4 1 3 pack_2 1 5 -38 -101 210 -23 -101 216 -43 -96 150 -18 -106 6 -43 -101 150 
17 4 1 3 pack_2 0.545455 1 -48 -41 150 
18 4 1 3 pack_2 0.976415 69 7 -31 180 -28 -26 360 -43 -26 192 22 -31 354 -13 -26 342 -33 -56 90 -3 -31 6 -43 -26 210 -3 -26 24 -28 -16 216 12 -26 180 -13 -21 6 -3 -26 192 -23 -81 210 -38 -56 84 -23 29 288 -8 -26 24 -18 -81 24 -28 -81 210 -23 -76 216 2 49 192 -13 -16 24 -13 -81 210 -33 -1 192 -8 -81 24 -28 -56 192 -28 -81 192 -33 -11 210 -23 34 294 -8 -21 210 -33 -31 78 -23 4 210 -28 -61 192 -28 -16 150 17 -6 288 12 -6 294 -33 29 24 -28 4 192 -43 -26 90 -18 14 192 -43 -11 6 -33 9 24 2 29 192 -48 -11 210 -18 -16 6 -8 14 24 -33 9 192 -48 -1 6 -33 -61 24 -38 -6 360 -43 -16 210 -3 -46 6 -28 -91 216 -28 -91 210 17 9 288 -28 34 318 2 19 192 -8 14 192 -28 29 24 -33 -41 78 -48 -16 216 -53 -11 210 -23 -11 216 -28 -1 150 -48 4 210 17 -21 84 -18 14 6 -23 -11 150 -18 -61 216 
19 4 1 3 pack_2 1 32 -43 4 180 -23 9 6 -43 -6 6 -3 -16 210 7 -16 192 -33 -21 78 -8 -61 24 -28 -51 24 -33 44 318 -33 -31 150 7 -6 192 7 9 24 2 -16 90 7 -16 84 -38 14 216 -18 9 6 7 4 24 -18 44 312 -8 44 210 -13 14 6 -3 9 6 -8 -6 210 -18 -1 216 -13 -6 6 -33 -86 210 7 -21 84 -23 -86 216 -13 -6 210 -13 49 294 -8 49 294 2 54 276 -8 49 288 
20 4 1 3 pack_2 0.381818 35 37 54 312 2 64 24 2 49 84 7 49 78 7 44 78 2 44 78 -3 44 84 22 49 312 7 44 150 2 39 78 12 39 90 -8 49 174 22 44 312 12 34 78 17 49 318 2 34 90 -13 49 174 22 34 312 -3 39 354 7 34 354 -13 14 84 -3 9 78 17 9 6 -3 4 84 -8 4 90 -13 4 90 -8 -1 84 22 -6 6 -8 -6 84 -3 -11 78 -8 -11 84 12 -36 318 -3 -31 342 -8 -36 180 -13 -41 174 
21 4 1 3 pack_2 0.955157 71 -23 -26 24 -13 -56 78 2 -61 78 -8 -61 78 22 -56 24 17 -66 6 17 -71 6 -3 -81 78 7 -76 6 27 -76 24 27 -86 24 17 -81 24 -33 -86 84 -13 -81 270 32 -96 288 32 -96 342 37 -91 24 37 -96 6 -3 -86 276 37 -101 288 17 -96 210 42 -106 312 37 -101 342 12 -101 216 12 -91 24 37 -106 24 22 -101 174 22 -101 210 27 -101 360 22 -106 90 47 -101 6 -33 -96 78 32 -101 78 22 -96 180 27 -96 180 -33 -101 78 7 -91 210 52 -106 318 27 -101 270 47 -106 6 37 -101 192 32 -101 210 42 -101 192 -33 -101 360 42 -106 342 22 -101 270 47 -111 6 42 -101 180 47 -106 78 7 -101 276 47 -106 84 7 -96 210 12 -101 294 57 -111 312 42 -106 360 52 -106 174 52 -111 90 -43 -106 90 52 -111 84 57 -111 270 52 -111 360 57 -111 84 -8 -91 288 -23 -101 150 2 -96 216 -8 -101 288 -13 -106 6 2 -106 294 -33 -106 294 -28 -106 312 -13 -106 318 
22 4 1 3 pack_2 0.900925 2046 -43 94 360 17 114 288 42 -31 78 57 -1 276 52 29 288 37 59 90 57 -1 216 -28 104 84 52 4 174 52 54 192 42 -11 84 57 59 360 47 39 90 -43 99 294 47 -31 90 42 -11 180 -28 109 90 47 14 192 47 34 84 42 64 90 52 64 24 42 39 78 37 69 192 47 -31 174 42 -36 84 42 -11 174 -28 104 78 -48 89 216 -48 -46 354 47 -21 180 52 29 276 37 79 294 57 -6 180 -28 94 270 52 -6 192 42 54 360 52 69 210 47 94 180 47 99 174 42 54 210 47 29 270 -43 84 78 42 114 174 42 74 294 47 24 78 57 -11 150 42 44 90 37 -46 90 52 69 216 52 34 150 42 34 84 37 94 6 -53 -61 354 -33 99 276 57 -11 180 47 49 288 52 34 294 -43 109 318 47 54 210 42 39 84 52 14 78 37 54 90 12 114 24 42 24 174 47 19 180 37 74 192 -43 94 276 27 104 288 -53 -61 78 52 44 192 52 19 24 37 74 270 12 104 90 57 19 312 42 -21 84 47 59 276 12 89 288 -28 114 78 -53 -51 270 -33 114 360 37 79 90 37 -26 174 47 79 312 -48 -6 342 47 74 90 52 19 180 -13 114 6 52 39 90 -43 84 6 -53 89 78 42 74 84 57 19 342 42 29 180 -53 -101 270 27 104 84 42 79 216 37 104 78 47 24 360 52 14 360 37 59 180 47 94 342 17 109 270 42 -21 78 42 49 270 27 114 288 42 84 174 37 79 216 52 9 210 -33 114 354 42 104 24 37 64 270 57 9 342 42 44 78 52 -11 84 12 99 270 52 24 84 47 89 342 27 79 294 42 -31 84 57 9 78 52 19 360 37 44 192 37 24 180 -53 -96 354 52 64 312 37 64 180 52 29 84 52 34 90 37 109 78 47 -1 84 27 114 210 42 59 294 32 109 174 47 -36 270 47 4 84 32 94 150 -43 94 294 42 99 342 47 -46 180 47 -1 78 42 -41 270 42 4 174 -53 89 276 -13 114 78 27 99 312 42 -51 180 42 34 288 57 -11 288 -53 -81 270 -8 114 270 57 -11 360 37 -31 276 37 69 294 52 -6 342 47 -11 210 47 -46 90 47 19 276 47 -21 210 7 109 276 47 29 294 52 -1 342 2 114 276 22 114 360 -48 -1 354 57 44 210 42 104 174 -23 114 180 47 -36 360 52 -41 84 52 -36 192 -13 109 24 37 114 216 32 64 192 52 -21 216 32 79 180 47 -46 78 12 99 294 47 -31 270 32 74 180 42 -56 174 42 4 90 57 69 216 57 -16 78 42 24 276 37 114 354 47 14 288 -48 84 78 -28 109 276 47 4 78 57 -16 270 -3 114 24 52 -16 294 -48 89 276 32 114 318 -28 109 210 52 -26 84 37 84 174 -28 104 210 42 -46 174 52 -26 90 52 -11 78 47 -11 192 -18 109 84 37 109 342 -48 -76 342 57 -16 174 47 9 180 42 84 192 47 9 192 32 109 150 47 14 360 47 84 210 42 34 270 42 69 288 47 -31 78 42 -46 84 47 99 360 -53 -86 360 52 9 270 -23 114 84 57 44 192 -28 114 216 -23 114 90 47 -16 270 42 -16 276 52 4 24 52 -11 210 -28 109 180 42 39 288 42 -51 174 12 114 360 42 -1 174 27 114 318 52 4 294 57 -11 276 42 114 216 47 19 270 47 -1 150 42 14 174 47 19 150 47 24 150 57 9 150 2 114 24 -53 -81 360 42 109 360 47 44 294 32 99 6 -23 109 24 47 14 84 12 114 294 42 29 270 52 -1 354 42 -21 288 42 64 288 32 69 192 52 -6 270 42 14 192 32 84 270 52 109 24 52 109 150 -43 94 216 42 109 90 -48 114 180 52 104 6 52 69 354 52 109 312 52 99 276 -53 114 180 52 114 288 57 99 192 57 54 6 -48 104 354 52 114 24 52 64 342 52 114 294 57 109 210 42 94 312 52 109 216 57 24 192 37 84 6 -53 109 78 47 44 180 -53 99 78 57 94 360 52 104 78 47 89 312 57 89 216 47 64 354 47 89 276 27 89 90 52 29 192 47 84 150 -43 94 6 47 89 288 52 99 90 57 89 342 47 84 276 52 99 294 42 99 270 -53 94 192 -53 114 216 52 84 78 57 64 90 52 109 318 57 44 84 52 99 360 -33 104 6 -48 104 276 47 34 192 57 104 216 47 84 78 17 84 288 57 49 276 32 114 90 47 84 270 47 94 6 -53 109 24 42 84 78 57 89 24 57 84 270 32 84 84 37 109 90 52 104 354 52 79 24 57 24 216 -53 -11 84 52 49 6 52 99 342 37 94 288 52 44 180 -53 -11 342 47 89 6 47 69 354 27 89 78 47 114 78 -38 104 24 -53 109 276 -43 104 270 -43 99 90 47 104 318 57 44 174 52 99 174 -38 109 90 37 94 294 47 94 78 57 84 354 47 99 90 42 69 24 47 99 312 -38 94 270 42 89 78 47 64 180 52 34 216 -53 104 360 52 59 174 -53 99 270 -48 99 78 57 89 174 -43 94 84 -43 99 78 52 94 6 -38 99 24 52 59 6 57 59 84 -38 114 84 -38 104 84 -33 114 78 42 94 288 57 89 180 57 74 78 32 114 6 -28 109 6 42 89 84 -43 114 360 57 89 354 -38 114 78 37 89 270 52 109 354 -33 99 84 57 64 342 -53 114 342 32 89 270 22 89 294 57 54 78 57 59 78 -38 94 78 52 39 342 42 109 78 57 14 174 47 59 78 47 79 192 57 24 270 27 99 90 52 39 78 22 94 78 32 99 84 52 74 90 47 34 354 -53 -51 78 57 104 318 47 74 192 57 9 216 52 44 84 57 99 318 -38 109 354 42 69 192 47 74 270 52 49 276 37 104 294 37 109 294 32 104 288 57 114 288 37 104 90 -48 109 294 57 19 174 37 79 78 32 109 84 47 109 342 57 14 24 -53 -6 84 32 79 90 37 114 24 27 99 276 42 69 78 -48 -26 354 52 34 78 47 34 174 42 34 174 27 109 84 57 4 210 57 54 318 -53 -51 84 -53 -96 78 57 24 288 57 29 90 37 109 6 2 114 6 17 94 288 37 114 288 37 79 276 52 64 90 37 89 150 52 54 90 -33 114 174 17 104 90 47 59 192 57 94 312 47 79 360 37 99 78 42 104 78 42 94 78 27 114 90 57 109 342 47 74 216 37 59 174 52 49 78 22 84 288 37 29 192 52 79 84 52 54 78 57 104 354 52 74 276 32 94 84 52 34 180 57 59 288 52 64 78 42 109 84 52 114 6 52 84 276 27 94 90 57 64 288 52 94 90 57 109 180 42 74 6 57 69 288 -53 94 270 42 99 90 57 89 78 37 39 174 52 74 360 57 34 354 57 84 84 57 69 318 32 104 270 -53 -31 354 32 34 192 57 109 294 -38 114 150 57 109 270 42 29 192 -53 -101 78 57 99 84 42 34 180 37 109 84 52 79 90 37 94 276 57 104 78 57 89 90 32 94 318 37 84 90 52 79 192 52 59 276 52 54 84 -48 99 354 57 34 192 27 94 288 -33 114 210 57 99 276 -53 -31 270 47 84 90 57 84 288 47 64 24 22 114 6 57 34 270 57 -46 210 57 -56 270 47 -76 84 47 -66 276 52 -66 192 -13 99 270 2 114 318 -8 109 360 57 -56 192 52 -36 6 7 109 150 52 -51 288 57 -36 24 52 -56 354 -18 114 342 -3 109 276 -28 114 312 -3 114 342 32 99 210 57 -51 288 52 -71 354 -48 9 354 -8 104 276 52 -76 78 -3 104 294 -8 114 90 -3 109 150 7 109 342 57 -56 84 57 -46 312 -3 114 90 -8 114 84 52 -71 90 42 -71 192 -38 94 318 52 -66 270 17 99 318 12 114 318 57 -41 360 -53 -1 78 27 104 216 42 -56 276 -28 109 294 37 94 192 37 94 180 57 -46 84 57 -26 312 12 109 312 -13 104 270 42 94 216 2 114 180 47 -66 180 -48 84 216 52 -46 276 57 -41 78 27 104 174 37 -26 288 57 -46 354 32 99 216 -33 99 216 52 -31 6 -33 89 288 -53 -1 342 37 -76 90 47 -71 90 -53 19 84 32 99 180 -38 99 318 2 114 150 57 -31 24 2 109 180 47 -71 180 7 99 294 -13 109 180 47 -86 210 -53 54 354 52 -96 84 32 49 288 47 -91 84 -48 74 360 42 -86 270 -53 69 84 57 -101 312 52 -86 288 -48 29 342 -53 29 276 -53 24 360 57 -101 288 -48 19 342 57 -71 24 57 -101 294 52 -91 78 52 -86 210 -48 79 216 47 -101 216 47 -101 270 47 -96 24 57 -106 180 57 -106 354 -53 -106 342 47 -96 180 52 -101 294 52 -91 174 42 -91 180 -53 39 342 -53 64 276 47 -91 216 -53 59 354 -48 59 360 42 -86 288 57 -86 6 57 -81 180 57 -101 174 47 -81 270 52 -76 354 -53 49 78 57 -86 342 42 -81 270 57 -91 78 57 -71 210 52 -76 270 52 -76 216 37 -56 288 52 -71 210 52 -66 294 -43 84 354 52 -86 150 42 -71 288 47 -81 84 57 -51 312 57 -91 270 37 -71 288 -38 94 210 -48 24 354 -48 19 360 57 -101 216 57 -86 270 -53 54 84 57 -76 354 42 34 294 57 -96 210 -53 44 84 47 -86 78 42 -81 192 57 -71 360 -53 39 84 57 -76 210 -3 84 270 52 -41 276 42 -1 276 47 -46 192 42 99 210 42 94 174 -33 114 312 42 29 294 52 -36 354 52 -31 360 27 114 192 7 114 174 22 109 360 -28 114 342 52 -31 216 47 -41 216 47 -61 90 57 -41 90 32 59 192 47 -1 24 57 -21 288 42 -61 84 17 109 216 22 109 318 2 114 288 2 114 294 52 -51 180 37 109 192 -48 79 6 57 -26 360 17 114 354 47 -61 174 52 -51 90 -43 89 360 42 -61 90 22 99 318 22 114 342 37 99 174 57 -31 84 57 -31 270 57 -26 210 42 -61 174 -18 109 210 47 -36 210 47 -1 288 -23 104 270 57 54 24 -23 104 216 52 -61 150 52 -56 174 57 -36 90 27 114 354 57 -31 342 12 114 192 -18 109 270 -18 114 192 22 109 210 57 49 216 17 114 174 57 -26 342 -23 109 270 -8 109 210 47 -81 354 -43 89 216 -18 104 210 12 89 294 -48 79 84 -33 104 312 27 109 6 -43 84 294 -28 109 174 -53 -101 84 42 49 24 -48 44 78 -53 -106 84 -48 -26 360 27 89 318 42 34 24 -53 74 318 32 34 180 42 79 342 -33 114 150 47 -61 354 47 -56 354 32 74 174 42 -36 78 -18 109 174 -48 79 318 -8 114 78 32 19 192 7 114 78 57 -46 318 37 59 294 37 69 216 -48 74 270 42 54 216 37 44 294 32 -91 192 32 74 312 -3 99 294 37 -11 180 47 24 294 42 19 150 32 69 294 12 89 270 42 -61 24 -38 89 312 42 -56 24 42 -66 24 47 44 6 42 -91 78 -43 84 84 -8 89 270 32 74 150 22 104 216 -8 109 84 -43 19 342 -43 9 342 -43 -96 342 -53 84 180 -43 -81 342 42 49 360 -43 24 342 -43 -91 342 -43 -36 342 -43 -46 342 37 44 270 -38 84 276 42 -11 150 -53 74 24 -28 109 312 42 -101 150 -48 -41 360 27 79 276 7 104 174 -53 54 90 -53 -71 276 47 24 6 -48 -11 78 27 104 354 32 14 288 22 109 6 -48 79 90 -38 104 180 -13 104 78 17 99 150 52 24 312 37 34 270 47 9 294 47 64 312 -8 109 90 -3 109 90 22 79 294 32 84 6 52 -26 312 -13 89 270 47 4 294 22 99 174 42 -91 360 42 19 360 42 -31 360 2 99 276 17 104 210 12 79 288 37 74 24 -48 -21 78 -53 64 294 17 104 216 47 64 318 -23 94 78 -18 89 270 -48 -26 78 -53 64 312 -53 64 288 -28 89 288 27 74 150 32 -21 288 -43 69 78 -53 -86 276 -38 94 354 17 84 276 2 84 294 12 84 294 42 69 354 37 19 84 -38 84 84 27 79 84 12 84 270 -53 59 288 32 69 312 27 74 90 32 69 84 12 104 210 32 -46 288 -23 89 276 -53 59 294 22 79 276 42 64 354 27 79 192 -28 104 354 -43 49 354 -48 44 270 -48 -41 78 -38 69 342 2 94 288 42 19 294 27 44 192 47 59 318 -28 104 180 -53 54 174 -18 94 78 37 69 24 -48 -61 78 -38 64 342 -53 -96 276 -48 -66 360 -48 -51 78 -38 104 174 22 94 174 52 -26 318 52 -1 318 37 -6 84 32 64 270 47 -76 294 12 89 312 -13 79 270 47 -56 294 27 79 180 42 24 216 2 89 288 37 -11 270 -48 69 90 32 -86 288 17 99 180 32 -66 180 17 94 150 32 -76 180 52 -76 318 -23 84 270 -48 89 180 52 -86 318 37 -91 84 37 -66 84 -18 104 354 37 -71 84 37 -61 84 22 69 294 7 79 288 32 54 276 42 64 318 42 54 6 32 64 150 -48 -81 78 12 94 78 37 69 360 12 89 84 -23 89 78 22 84 318 -53 44 288 2 94 90 32 64 216 -38 74 78 42 9 216 -18 89 276 17 84 84 -48 39 84 7 79 270 27 19 192 -48 -101 78 27 69 174 27 89 6 27 14 192 12 79 294 42 -51 210 42 -56 210 -43 69 84 -38 79 312 -28 84 78 -53 64 180 42 64 342 -53 49 312 -48 24 270 2 99 150 32 59 84 12 99 192 7 84 276 -33 89 318 17 79 312 17 94 174 -3 99 90 27 -26 192 32 14 174 -48 84 150 37 -46 270 27 4 192 37 -81 270 -38 99 174 -38 49 342 27 -66 192 22 84 174 42 -96 210 -13 99 90 32 54 84 17 94 192 -3 89 276 -8 99 90 2 74 270 -53 39 312 -43 94 150 -28 99 180 32 24 90 -38 74 84 37 44 78 -43 84 192 22 64 294 7 74 288 -38 94 180 -43 -1 354 -13 89 78 -33 79 84 22 84 216 37 34 150 37 59 6 -18 99 180 32 -16 174 27 49 294 32 69 6 22 84 210 27 69 78 2 94 84 -28 79 78 -38 74 312 22 84 180 -53 64 192 -33 74 276 42 -56 216 37 24 24 27 59 90 22 69 90 -53 59 216 37 34 78 -38 64 78 12 89 150 32 54 150 47 14 342 27 79 6 22 69 312 -28 89 312 22 74 192 -3 74 294 -53 14 318 -53 4 288 -8 69 270 -53 9 318 42 54 318 -8 79 294 7 94 192 17 94 354 2 94 174 37 69 354 -48 -6 84 37 34 210 42 -11 294 -8 89 288 32 54 216 37 54 6 -53 -51 174 37 -11 24 42 14 354 37 24 150 -53 59 210 47 -36 342 32 -51 174 37 -41 24 27 64 210 -43 29 360 -13 89 84 37 -51 24 42 -1 354 37 -56 24 32 54 78 32 -1 276 -18 79 276 32 39 270 32 64 6 -43 84 180 42 -11 354 -3 79 276 17 69 276 -13 94 150 -48 -16 84 -33 74 84 27 39 180 -43 -46 354 -53 9 312 -43 54 276 12 79 84 32 -71 174 -38 -21 342 -38 -36 342 27 84 24 -43 24 78 22 69 174 -38 54 78 27 49 90 37 14 78 22 69 78 -53 -11 318 22 44 192 -38 59 270 -38 54 354 22 54 294 -3 89 84 -8 84 288 37 29 216 -18 94 150 32 -86 90 12 84 150 -8 64 270 -43 84 150 7 69 294 12 74 90 32 -96 90 -53 -21 288 7 89 174 -43 19 78 -13 79 294 42 -86 294 42 -71 294 -48 44 288 27 44 174 -53 -26 288 32 -56 276 -23 79 294 22 34 192 -53 -86 174 42 44 312 -13 79 78 17 69 312 -3 89 78 -43 79 174 -53 -31 288 37 -1 294 -48 -36 84 37 19 360 -48 64 180 -53 -91 174 -53 -1 294 -43 -81 354 -48 59 210 -48 -41 84 -38 -96 342 -53 49 216 -48 39 288 -53 -91 90 -28 74 342 -3 89 174 22 24 192 27 79 360 42 44 318 27 49 270 -8 74 276 -18 74 78 27 14 180 -48 64 192 -13 74 276 22 64 78 -18 79 288 27 39 276 -38 44 78 -18 89 312 -43 34 84 -48 49 6 2 74 90 -28 79 312 -48 -6 276 -48 34 288 -38 64 90 -3 59 270 12 69 90 37 4 360 32 39 78 22 9 192 -48 -11 276 22 54 90 7 84 174 -28 64 270 47 14 318 37 -1 360 -48 -61 84 -23 74 294 17 49 288 17 74 180 -53 -21 294 -53 -41 318 -8 84 312 27 74 360 -53 39 192 -48 54 180 -33 64 84 -53 -26 294 37 -31 78 27 -1 180 27 24 174 -3 84 318 7 74 312 -48 59 192 -48 -86 270 -33 54 78 -48 44 6 -3 84 174 -48 24 288 -48 39 24 37 -46 78 27 39 84 22 49 90 -43 19 270 -38 49 84 -53 -51 318 -13 74 288 32 64 354 32 -1 84 -28 74 312 17 44 288 22 54 84 37 -66 78 -53 -21 180 32 29 78 17 49 294 42 29 312 -8 64 276 42 24 342 27 69 24 22 54 312 -28 59 6 37 -36 360 17 59 270 -53 19 6 -28 59 270 -48 24 174 27 49 216 32 -1 294 12 54 294 -43 14 84 27 19 276 37 -86 78 37 -61 294 -38 29 78 7 59 276 27 -56 288 -3 74 312 -48 14 288 42 14 342 17 39 288 32 59 354 -18 79 150 27 9 174 27 14 276 -8 74 312 22 59 318 37 -11 210 37 -91 294 27 59 6 -43 9 84 -33 59 294 -43 -36 78 32 19 150 2 79 216 -13 64 78 -3 59 276 17 44 192 -38 44 276 -53 -41 180 22 69 6 37 -16 210 27 9 90 -53 -96 288 32 24 24 17 59 78 42 -16 6 27 9 276 -28 54 6 -53 -46 180 -13 64 84 -48 -51 276 37 24 354 -33 54 84 -43 -46 78 42 24 318 22 44 270 -38 54 216 32 14 78 12 74 210 17 59 180 27 -71 180 -53 19 192 -28 59 84 -53 -51 180 -23 59 276 -28 54 78 27 24 270 22 34 90 17 34 192 42 14 312 -53 -61 312 -43 14 276 2 74 216 -43 -6 270 -43 -6 84 17 59 318 -48 29 6 22 64 6 -23 59 288 -43 39 24 17 54 78 12 44 294 12 54 90 27 54 24 -13 69 312 -28 49 6 27 19 84 -48 24 180 -43 9 276 22 39 84 -53 -71 312 -38 44 90 -3 64 312 -53 -101 318 -8 59 288 12 49 270 -43 -61 360 -38 9 78 -43 -71 78 -33 39 354 12 59 78 -28 54 84 7 54 90 7 69 24 -53 -106 318 -48 -71 276 -3 59 90 -33 49 288 47 -91 312 -23 54 78 -53 19 150 22 64 24 12 69 24 47 -66 318 32 14 210 -38 64 180 47 -96 312 27 14 270 42 4 312 -43 -16 270 -18 59 288 -48 14 24 -38 44 294 -43 -16 84 -13 64 216 17 44 90 27 34 210 2 44 294 -48 -1 294 -38 9 360 -53 14 150 -8 64 210 -13 64 354 -18 54 84 -8 64 6 32 -16 24 -3 64 354 -38 44 318 7 69 216 7 64 354 -53 -56 24 -48 -16 288 -53 -11 6 27 -31 174 12 49 192 -43 14 90 32 -86 270 -38 -21 354 32 -6 78 -28 59 312 32 9 210 42 -31 342 -48 -6 294 7 54 84 -33 -26 342 37 -61 210 -48 -26 174 -43 44 180 32 -91 84 27 -31 90 12 34 288 -43 -106 78 12 64 210 -53 -96 312 42 -36 342 -3 64 342 -53 -16 6 -38 59 180 27 24 78 -48 -91 276 -18 59 342 -33 64 174 27 -36 90 12 64 216 -38 39 294 -53 9 216 -13 64 174 42 -61 6 32 29 6 12 44 192 -18 49 84 2 64 360 27 19 150 -18 49 6 37 -21 354 -38 -31 354 47 -91 318 -18 59 354 -3 59 210 -53 9 210 2 59 354 -33 49 318 -33 39 276 -23 64 180 -38 14 84 -33 24 354 17 14 288 -3 54 78 27 -46 90 -38 34 288 -28 29 342 27 -71 276 27 -41 276 -43 -91 360 -48 -1 24 -53 -41 150 -8 49 78 27 -1 270 12 59 342 -43 -36 84 27 -1 84 7 54 318 42 -56 342 -23 59 318 -33 54 192 -3 59 174 27 39 360 -18 54 342 -48 -56 90 -33 -51 342 -8 59 360 -8 54 24 22 24 84 -28 44 354 7 59 210 -8 49 90 -38 9 84 -3 49 84 -28 44 24 -43 34 216 -23 54 354 -33 19 78 -43 34 180 17 59 6 -23 49 216 -3 54 210 -38 -51 354 -43 -21 276 -43 -101 360 -13 44 84 37 -6 6 -3 54 216 -23 54 360 7 64 6 17 34 180 42 -11 318 17 -16 192 22 49 6 -38 34 312 12 24 288 12 54 342 -43 24 6 -38 24 90 32 24 354 -38 4 84 -48 19 192 -8 54 150 42 -76 342 -3 54 342 -48 -26 312 -13 54 360 -18 54 192 -18 49 210 -33 14 78 -33 54 174 -13 49 210 7 54 342 -48 -46 288 37 -81 216 -43 14 174 32 -16 360 -38 -61 354 -13 54 180 -3 54 360 -43 29 216 22 -41 288 -43 -56 84 -28 39 90 -23 39 342 32 19 354 -53 -56 150 2 49 24 42 -31 312 27 -16 270 -23 49 192 -48 -41 318 -53 -106 24 32 -36 150 42 -21 318 -53 -36 192 27 -41 294 -33 -76 342 37 -16 6 -43 -66 84 -53 -46 6 -23 49 318 37 -96 354 17 -36 192 -23 34 84 27 24 360 -43 -81 84 -13 49 318 -13 44 210 22 -1 174 -43 -36 276 -48 -46 318 -18 34 84 -53 -66 150 -43 -86 84 22 -6 276 17 29 78 17 19 90 -3 44 318 7 29 90 -8 34 84 -48 -91 90 -13 39 24 -13 39 216 22 -11 174 32 4 354 -18 29 84 -48 -46 312 -48 -56 318 27 -31 270 -13 39 312 -13 29 84 -43 -101 84 17 14 180 32 -71 78 -48 -101 90 -33 24 90 7 49 6 -28 24 84 7 19 270 -48 9 150 7 39 24 32 -56 150 -8 29 84 12 19 276 -18 19 270 -28 -11 342 12 39 24 7 14 288 -48 4 150 -28 29 216 -53 -96 150 12 9 192 -53 -26 210 -13 24 78 -33 24 216 27 -41 84 2 14 270 42 -56 312 -8 34 210 12 24 84 -18 24 84 -18 24 6 17 -91 192 22 -21 276 37 -26 342 22 -26 90 -13 24 84 -28 14 78 -53 -66 192 -3 29 78 -13 29 90 17 19 78 27 -46 84 -48 -81 288 -38 -26 270 -3 34 318 42 -61 312 7 19 90 -3 24 90 -23 19 342 -8 24 84 2 34 210 -28 14 6 12 24 78 -28 -21 342 -23 19 84 32 -66 360 27 -51 84 -13 29 216 -8 29 24 22 9 78 -13 19 276 -53 -81 6 12 -1 192 -48 -61 312 32 -91 78 -48 -21 150 -18 19 84 12 19 84 7 24 192 7 9 294 -28 -26 342 37 -46 6 32 -76 150 -13 24 90 12 -1 288 7 29 24 17 14 78 17 34 6 12 9 276 -48 -31 150 7 4 288 -53 -81 192 -33 19 318 -3 29 6 -8 24 6 -13 24 216 37 -51 6 -13 19 6 42 -66 318 2 4 294 -18 14 84 -38 -81 78 -13 19 288 22 14 210 -48 -31 6 32 -91 360 2 4 288 -3 9 276 -38 -1 288 7 24 24 -48 -61 24 7 29 216 -43 -26 294 -8 14 288 -18 4 270 -8 9 276 -23 14 90 27 -31 78 32 -31 354 -38 -71 360 17 24 24 -3 14 84 2 -1 294 -8 19 216 -48 -36 6 -38 -46 270 42 -91 312 22 -91 180 -18 14 90 -43 -56 90 37 -56 342 -18 14 24 -38 -76 360 17 -41 288 -43 -41 174 32 -36 354 22 -21 84 22 9 216 2 19 210 -23 9 288 -8 9 288 7 9 192 -53 -101 192 32 -61 216 32 -41 354 2 19 216 -48 -86 180 -13 4 294 -53 -61 216 -3 14 210 -33 -51 354 -3 -1 288 37 -71 6 -3 9 312 -3 14 216 -28 14 318 27 -21 210 -38 -56 270 22 -26 270 7 19 216 -48 -51 150 7 9 78 -38 -66 84 -18 -6 270 -53 -66 216 37 -76 6 2 9 78 -28 -1 288 -38 -76 84 -53 -66 210 2 4 84 2 -11 294 -3 -11 294 -48 -101 312 42 -96 318 -33 -61 354 -8 9 318 -53 -71 216 -28 -6 276 17 -56 288 7 4 78 -8 -1 288 12 -21 294 -43 -31 180 -43 -41 312 -8 -16 270 -18 -1 294 -23 -11 270 12 -26 288 -28 -71 342 -53 -76 210 -33 9 150 27 -61 78 32 -81 216 37 -51 312 -28 -11 276 17 -26 276 2 4 210 -48 -31 210 -8 -6 288 -23 -6 288 -43 -41 24 17 -46 294 -53 -81 210 17 -16 270 -28 -11 288 7 -16 276 -33 -81 354 -43 -66 288 -23 -11 276 7 -21 294 -18 -11 276 -13 -11 276 -38 -26 288 27 -31 216 37 -56 312 7 4 210 -48 -36 210 -43 -51 312 12 9 6 -48 -106 24 7 -21 270 7 -6 78 -33 -46 360 -33 -21 276 7 -26 288 -18 -21 270 2 -11 84 17 -36 276 22 -46 270 12 -66 192 -43 -61 318 2 -21 276 -53 -91 210 -3 -21 288 -3 -6 216 -13 -26 270 -33 -36 270 7 -1 210 -48 -61 192 -33 -16 216 -43 -56 312 -33 -21 288 17 -56 180 -43 -76 288 7 -1 216 -23 -16 288 -8 -21 276 17 -71 276 -28 -26 6 -43 -51 180 -33 -21 294 -23 -26 270 22 -86 270 -48 -66 192 -48 -76 6 -3 -26 288 22 -16 216 -33 -41 270 -38 -26 24 -8 -11 318 12 -86 192 -38 -91 270 22 -61 84 -43 -66 294 -33 -71 78 -33 -26 288 -43 -91 174 12 -91 192 7 -36 288 -33 -31 276 -38 -26 216 2 -36 294 32 -46 342 -3 -21 312 -23 -21 294 -43 -61 24 2 -36 288 -43 -96 174 -18 -21 24 -13 -36 270 17 -41 174 -43 -61 180 -43 -31 210 2 -16 210 -38 -36 294 -33 -36 6 -33 -81 78 -8 -31 276 -28 -36 6 -23 -16 312 12 -36 270 7 -41 294 -43 -66 24 -33 -26 312 -38 -26 150 -8 -21 318 -13 -41 270 -38 -36 24 -48 -81 192 -33 -31 216 -18 -21 312 27 -56 216 -48 -61 216 -38 -41 318 -33 -36 24 -33 -56 270 -13 -46 270 -18 -31 342 -8 -26 318 -33 -31 312 2 -46 288 27 -46 312 -43 -86 318 -33 -66 84 -43 -51 6 7 -46 276 2 -61 270 2 -81 270 2 -71 270 -33 -71 84 2 -66 270 7 -36 312 12 -96 276 -18 -26 312 12 -61 288 7 -46 192 -43 -86 294 -18 -31 354 -18 -41 6 -18 -46 270 32 -46 318 -3 -31 318 -3 -31 216 -13 -41 294 -3 -46 288 -38 -56 288 2 -31 192 7 -71 270 -28 -36 210 -18 -36 288 -38 -46 24 -28 -61 354 12 -26 210 -28 -41 360 -13 -36 354 -23 -36 210 7 -66 276 -33 -36 318 -43 -81 24 -8 -76 270 -28 -51 270 -33 -31 180 12 -41 180 -43 -61 150 -38 -61 288 -23 -51 6 -33 -46 294 -28 -41 210 17 -76 270 -8 -36 150 17 -81 270 17 -96 270 7 -81 276 2 -36 210 7 -36 174 -3 -36 192 -33 -46 216 -23 -56 78 -33 -36 174 -43 -91 180 -33 -56 6 27 -81 210 -13 -36 192 22 -41 342 -38 -56 6 -23 -41 192 -43 -51 192 12 -46 180 2 -61 276 12 -31 216 -8 -41 318 7 -41 354 -13 -51 294 -28 -66 84 -23 -51 276 2 -41 192 -28 -46 216 -38 -101 276 -13 -46 288 17 -41 354 -33 -46 312 7 -66 192 -28 -81 354 7 -41 174 12 -71 294 -18 -61 270 -23 -46 354 -43 -91 24 -23 -46 216 -38 -46 180 -18 -56 6 2 -71 276 12 -41 360 -43 -71 150 -8 -41 192 7 -66 294 -33 -76 270 -28 -61 6 -38 -61 6 -28 -51 294 -33 -61 276 -3 -46 354 -8 -51 312 -23 -46 360 -3 -61 288 -18 -51 24 -28 -71 78 27 -81 216 12 -86 288 22 -76 78 12 -76 294 -38 -61 24 -33 -46 174 2 -56 312 17 -66 84 -28 -66 6 -8 -66 294 -8 -56 312 -8 -46 174 17 -61 24 -13 -61 294 -38 -61 216 -38 -61 210 -28 -61 288 -38 -66 318 17 -46 216 -23 -56 216 -38 -61 150 2 -61 84 17 -71 84 -3 -56 318 -43 -66 192 -23 -56 192 -28 -81 78 2 -51 216 -38 -86 174 2 -56 354 -13 -66 294 12 -46 216 -18 -66 276 7 -66 84 -48 -96 216 -28 -66 24 -43 -81 6 -38 -71 318 -8 -61 216 -18 -56 312 -23 -61 216 -8 -66 288 -13 -56 192 -33 -76 90 -33 -66 210 -8 -76 294 -28 -76 6 -8 -66 312 -8 -66 6 -3 -61 216 -38 -76 294 -23 -66 150 -28 -71 288 -28 -71 24 12 -91 294 -13 -66 216 17 -56 216 -38 -66 180 -3 -66 318 7 -86 294 -43 -76 192 12 -81 180 -28 -81 6 2 -61 216 -33 -81 6 -3 -86 294 -18 -61 318 -23 -76 276 -38 -91 288 -38 -76 216 -43 -91 6 -8 -71 216 2 -76 312 -3 -86 288 17 -61 216 -43 -81 192 -3 -71 6 7 -61 6 -43 -81 210 2 -76 24 -18 -76 288 2 -81 312 -8 -81 312 -43 -101 6 -33 -91 276 -33 -86 288 -18 -81 294 7 -81 24 2 -76 210 17 -71 210 -8 -86 6 -3 -81 210 -8 -86 312 17 -71 216 -33 -96 6 -28 -76 318 -3 -86 318 7 -76 210 22 -81 216 -8 -91 312 -3 -86 6 2 -81 6 -28 -101 6 7 -76 216 -13 -91 216 -8 -91 210 -3 -91 210 -8 -96 312 -23 -86 312 2 -91 210 -28 -91 312 -13 -96 318 -28 -91 318 -13 -101 312 -23 -96 312 -28 -96 318 -28 -101 312 
23 4 1 3 pack_2 0.0983607 1 -23 -101 312 
24 4 1 3 pack_2 0.953271 17 -8 64 84 -13 64 90 -3 104 6 -3 99 312 -13 104 312 -3 99 318 -8 99 342 -3 99 360 -48 64 312 -23 99 360 -23 99 354 22 94 354 -43 64 318 -18 89 192 -33 4 294 -48 64 6 17 94 360 
25 4 1 3 pack_2 1 3 -13 4 312 -33 -21 318 -38 79 192 
26 4 1 3 pack_2 0.216867 9 -28 104 312 -3 104 342 27 79 354 27 99 342 -23 99 210 -28 109 318 -33 94 210 -18 104 294 -13 109 294 
27 4 1 3 pack_2 0.0298507 1 -8 89 174 
28 4 1 3 pack_2 0.166667 1 -53 -111 78 
29 4 1 3 pack_2 0.923077 10 27 59 312 22 64 150 -13 69 6 22 64 342 22 69 360 22 69 354 12 64 174 -33 69 174 17 64 342 12 64 342 
30 4 1 3 pack_2 0.545455 1 -53 -111 6 
31 4 1 3 pack_2 0.0306122 1 -28 -106 318 
32 4 1 3 pack_2 0.00464756 3 -28 94 210 -23 89 6 -38 4 342 
33 4 1 3 pack_2 0.126984 4 22 99 24 7 99 216 -13 99 288 -18 99 294 
34 4 1 3 pack_2 0.761905 8 -28 89 24 -18 94 216 -28 99 342 -13 94 6 -33 14 342 -33 4 342 -48 4 318 -48 29 318 
35 4 1 3 pack_2 0.146341 1 22 89 24 
36 4 1 3 pack_2 0.683544 9 -13 69 24 -23 64 6 -3 69 174 22 64 318 -8 69 174 -8 34 312 -43 49 294 2 74 174 -8 64 294 
37 4 1 3 pack_2 0.956897 37 7 64 294 -43 24 318 -33 34 150 -43 19 318 -43 59 294 -33 49 150 -43 19 312 -43 -16 312 -3 19 294 -28 94 354 -18 9 312 -43 59 288 27 69 342 -43 9 312 -48 54 150 7 69 174 -13 69 294 -28 69 174 -28 94 342 -43 -11 294 -48 24 150 -43 14 294 -13 64 312 12 64 276 -3 64 276 -13 14 312 -8 94 318 2 64 294 2 89 312 -38 89 180 -3 74 24 -8 69 84 -23 69 84 2 99 6 -8 94 342 17 69 354 -23 94 312 
38 4 1 3 pack_2 1 8 -38 89 174 -53 54 150 7 99 24 -18 89 210 12 99 24 -23 9 312 2 69 180 12 74 360 
39 4 1 3 pack_2 0.324324 4 -28 9 288 -38 14 288 -18 94 318 -3 89 210 
40 4 1 3 pack_2 0.94382 14 -38 24 294 2 89 354 -43 64 150 -23 69 210 -28 64 216 -23 -11 312 -23 4 312 -43 19 150 -43 -21 312 -38 64 24 -38 64 312 -33 64 288 2 79 210 2 84 210 
41 4 1 3 pack_2 0.117647 1 12 74 354 
42 4 1 3 pack_2 0.939759 13 -23 84 360 -3 84 360 -33 -11 318 -28 4 318 -23 79 360 -13 74 192 -33 69 6 22 89 360 -28 74 192 -8 79 216 -23 64 24 -3 74 174 -8 79 210 
43 4 1 3 pack_2 1 2 -18 89 24 -13 79 216 
44 4 1 3 pack_2 1 9 2 79 354 -13 74 174 -23 74 192 -3 79 24 7 74 354 2 74 354 -23 69 192 -13 74 24 -23 69 24 
45 4 1 3 pack_2 1 2 -18 14 318 -23 74 180 
46 4 1 3 pack_2 1 2 -23 74 210 -3 84 210 
47 4 1 3 pack_2 1 9 12 79 342 2 79 360 -33 64 6 -23 89 354 -23 89 360 17 84 342 2 74 342 -13 89 360 -18 69 180 
48 4 1 3 pack_2 1 1 -28 64 24 
49 4 1 3 pack_2 1 9 -23 74 174 -13 79 342 -18 84 342 -28 79 24 -33 79 174 -28 79 360 -18 79 342 -48 64 216 -38 74 24 
