10 37 4
0 0 -1 276 2 15 -1 -1 -1 -1 -1 1 1737 
1 1 0 0 0 0 0 0 0 0 0 0 0 
2 1 -1 27 4 27 -1 -1 -1 -1 -1 1 5188 
3 2 0 0 0 0 0 0 0 0 0 0 0 
4 2 0 0 0 0 0 0 0 0 0 0 0 
5 2 -1 179 2 22 -1 -1 -1 -1 -1 1 1909 
6 2 36 0 0 0 0 0 0 0 0 0 0 
7 3 0 0 0 0 0 0 0 0 0 0 0 
8 3 0 0 0 0 0 0 0 0 0 0 0 
9 3 0 0 0 0 0 0 0 0 0 0 0 
10 3 0 0 0 0 0 0 0 0 0 0 0 
11 3 -1 329 2 32 -1 -1 -1 -1 -1 2 367 
12 3 -1 130 2 23 -1 -1 -1 -1 -1 3 69 
13 3 0 0 0 0 0 0 0 0 0 0 0 
14 3 0 0 0 0 0 0 0 0 0 0 0 
15 4 0 0 0 0 0 0 0 0 0 0 0 
16 4 0 0 0 0 0 0 0 0 0 0 0 
17 4 0 0 0 0 0 0 0 0 0 0 0 
18 4 0 0 0 0 0 0 0 0 0 0 0 
19 4 0 0 0 0 0 0 0 0 0 0 0 
20 4 0 0 0 0 0 0 0 0 0 0 0 
21 4 0 0 0 0 0 0 0 0 0 0 0 
22 4 0 0 0 0 0 0 0 0 0 0 0 
23 4 -1 136 2 18 -1 -1 -1 -1 -1 0 1985 
24 4 -1 128 3 30 -1 -1 -1 -1 -1 1 -77 
25 4 24 0 0 0 0 0 0 0 0 0 0 
26 4 -1 155 2 32 -1 -1 -1 -1 -1 3 98 
27 4 0 0 0 0 0 0 0 0 0 0 0 
28 4 0 0 0 0 0 0 0 0 0 0 0 
29 4 0 0 0 0 0 0 0 0 0 0 0 
30 4 0 0 0 0 0 0 0 0 0 0 0 
31 5 0 0 0 0 0 0 0 0 0 0 0 
32 5 0 0 0 0 0 0 0 0 0 0 0 
33 5 0 0 0 0 0 0 0 0 0 0 0 
34 5 0 0 0 0 0 0 0 0 0 0 0 
35 5 0 0 0 0 0 0 0 0 0 0 0 
36 5 0 0 0 0 0 0 0 0 0 0 0 
37 5 0 0 0 0 0 0 0 0 0 0 0 
38 5 0 0 0 0 0 0 0 0 0 0 0 
39 5 0 0 0 0 0 0 0 0 0 0 0 
40 5 0 0 0 0 0 0 0 0 0 0 0 
41 5 0 0 0 0 0 0 0 0 0 0 0 
42 5 0 0 0 0 0 0 0 0 0 0 0 
43 5 0 0 0 0 0 0 0 0 0 0 0 
44 5 0 0 0 0 0 0 0 0 0 0 0 
45 5 0 0 0 0 0 0 0 0 0 0 0 
46 5 0 0 0 0 0 0 0 0 0 0 0 
47 5 -1 93 2 11 -1 -1 -1 -1 -1 2 6438 
48 5 -1 134 2 18 -1 -1 -1 -1 -1 3 15 
49 5 16 0 0 0 0 0 0 0 0 0 0 
50 5 -1 238 3 30 -1 -1 -1 -1 -1 2 43 
51 5 0 0 0 0 0 0 0 0 0 0 0 
52 5 0 0 0 0 0 0 0 0 0 0 0 
53 5 -1 103 1 15 -1 -1 -1 -1 -1 2 8 
54 5 -1 259 2 33 -1 -1 -1 -1 -1 2 693 
55 5 0 0 0 0 0 0 0 0 0 0 0 
56 5 0 0 0 0 0 0 0 0 0 0 0 
57 5 0 0 0 0 0 0 0 0 0 0 0 
58 5 0 0 0 0 0 0 0 0 0 0 0 
59 5 0 0 0 0 0 0 0 0 0 0 0 
60 5 0 0 0 0 0 0 0 0 0 0 0 
61 5 0 0 0 0 0 0 0 0 0 0 0 
62 5 0 0 0 0 0 0 0 0 0 0 0 
63 6 0 0 0 0 0 0 0 0 0 0 0 
64 6 0 0 0 0 0 0 0 0 0 0 0 
65 6 0 0 0 0 0 0 0 0 0 0 0 
66 6 0 0 0 0 0 0 0 0 0 0 0 
67 6 0 0 0 0 0 0 0 0 0 0 0 
68 6 0 0 0 0 0 0 0 0 0 0 0 
69 6 0 0 0 0 0 0 0 0 0 0 0 
70 6 0 0 0 0 0 0 0 0 0 0 0 
71 6 0 0 0 0 0 0 0 0 0 0 0 
72 6 0 0 0 0 0 0 0 0 0 0 0 
73 6 0 0 0 0 0 0 0 0 0 0 0 
74 6 0 0 0 0 0 0 0 0 0 0 0 
75 6 0 0 0 0 0 0 0 0 0 0 0 
76 6 0 0 0 0 0 0 0 0 0 0 0 
77 6 0 0 0 0 0 0 0 0 0 0 0 
78 6 0 0 0 0 0 0 0 0 0 0 0 
79 6 0 0 0 0 0 0 0 0 0 0 0 
80 6 0 0 0 0 0 0 0 0 0 0 0 
81 6 0 0 0 0 0 0 0 0 0 0 0 
82 6 0 0 0 0 0 0 0 0 0 0 0 
83 6 0 0 0 0 0 0 0 0 0 0 0 
84 6 0 0 0 0 0 0 0 0 0 0 0 
85 6 0 0 0 0 0 0 0 0 0 0 0 
86 6 0 0 0 0 0 0 0 0 0 0 0 
87 6 0 0 0 0 0 0 0 0 0 0 0 
88 6 0 0 0 0 0 0 0 0 0 0 0 
89 6 0 0 0 0 0 0 0 0 0 0 0 
90 6 0 0 0 0 0 0 0 0 0 0 0 
91 6 0 0 0 0 0 0 0 0 0 0 0 
92 6 0 0 0 0 0 0 0 0 0 0 0 
93 6 0 0 0 0 0 0 0 0 0 0 0 
94 6 0 0 0 0 0 0 0 0 0 0 0 
95 6 1 0 0 0 0 0 0 0 0 0 0 
96 6 -1 130 4 25 -1 -1 -1 -1 -1 0 2969 
97 6 7 0 0 0 0 0 0 0 0 0 0 
98 6 -1 116 3 33 -1 -1 -1 -1 -1 2 -12 
99 6 0 0 0 0 0 0 0 0 0 0 0 
100 6 0 0 0 0 0 0 0 0 0 0 0 
101 6 -1 66 4 14 -1 -1 -1 -1 -1 3 2628 
102 6 23 0 0 0 0 0 0 0 0 0 0 
103 6 0 0 0 0 0 0 0 0 0 0 0 
104 6 0 0 0 0 0 0 0 0 0 0 0 
105 6 0 0 0 0 0 0 0 0 0 0 0 
106 6 0 0 0 0 0 0 0 0 0 0 0 
107 6 25 0 0 0 0 0 0 0 0 0 0 
108 6 26 0 0 0 0 0 0 0 0 0 0 
109 6 -1 77 1 12 -1 -1 -1 -1 -1 2 48 
110 6 35 0 0 0 0 0 0 0 0 0 0 
111 6 0 0 0 0 0 0 0 0 0 0 0 
112 6 0 0 0 0 0 0 0 0 0 0 0 
113 6 0 0 0 0 0 0 0 0 0 0 0 
114 6 0 0 0 0 0 0 0 0 0 0 0 
115 6 0 0 0 0 0 0 0 0 0 0 0 
116 6 0 0 0 0 0 0 0 0 0 0 0 
117 6 0 0 0 0 0 0 0 0 0 0 0 
118 6 0 0 0 0 0 0 0 0 0 0 0 
119 6 0 0 0 0 0 0 0 0 0 0 0 
120 6 0 0 0 0 0 0 0 0 0 0 0 
121 6 0 0 0 0 0 0 0 0 0 0 0 
122 6 0 0 0 0 0 0 0 0 0 0 0 
123 6 0 0 0 0 0 0 0 0 0 0 0 
124 6 0 0 0 0 0 0 0 0 0 0 0 
125 6 0 0 0 0 0 0 0 0 0 0 0 
126 6 0 0 0 0 0 0 0 0 0 0 0 
127 7 0 0 0 0 0 0 0 0 0 0 0 
128 7 0 0 0 0 0 0 0 0 0 0 0 
129 7 0 0 0 0 0 0 0 0 0 0 0 
130 7 0 0 0 0 0 0 0 0 0 0 0 
131 7 0 0 0 0 0 0 0 0 0 0 0 
132 7 0 0 0 0 0 0 0 0 0 0 0 
133 7 0 0 0 0 0 0 0 0 0 0 0 
134 7 0 0 0 0 0 0 0 0 0 0 0 
135 7 0 0 0 0 0 0 0 0 0 0 0 
136 7 0 0 0 0 0 0 0 0 0 0 0 
137 7 0 0 0 0 0 0 0 0 0 0 0 
138 7 0 0 0 0 0 0 0 0 0 0 0 
139 7 0 0 0 0 0 0 0 0 0 0 0 
140 7 0 0 0 0 0 0 0 0 0 0 0 
141 7 0 0 0 0 0 0 0 0 0 0 0 
142 7 0 0 0 0 0 0 0 0 0 0 0 
143 7 0 0 0 0 0 0 0 0 0 0 0 
144 7 0 0 0 0 0 0 0 0 0 0 0 
145 7 0 0 0 0 0 0 0 0 0 0 0 
146 7 0 0 0 0 0 0 0 0 0 0 0 
147 7 0 0 0 0 0 0 0 0 0 0 0 
148 7 0 0 0 0 0 0 0 0 0 0 0 
149 7 0 0 0 0 0 0 0 0 0 0 0 
150 7 0 0 0 0 0 0 0 0 0 0 0 
151 7 0 0 0 0 0 0 0 0 0 0 0 
152 7 0 0 0 0 0 0 0 0 0 0 0 
153 7 0 0 0 0 0 0 0 0 0 0 0 
154 7 0 0 0 0 0 0 0 0 0 0 0 
155 7 0 0 0 0 0 0 0 0 0 0 0 
156 7 0 0 0 0 0 0 0 0 0 0 0 
157 7 0 0 0 0 0 0 0 0 0 0 0 
158 7 0 0 0 0 0 0 0 0 0 0 0 
159 7 0 0 0 0 0 0 0 0 0 0 0 
160 7 0 0 0 0 0 0 0 0 0 0 0 
161 7 0 0 0 0 0 0 0 0 0 0 0 
162 7 0 0 0 0 0 0 0 0 0 0 0 
163 7 0 0 0 0 0 0 0 0 0 0 0 
164 7 0 0 0 0 0 0 0 0 0 0 0 
165 7 0 0 0 0 0 0 0 0 0 0 0 
166 7 0 0 0 0 0 0 0 0 0 0 0 
167 7 0 0 0 0 0 0 0 0 0 0 0 
168 7 0 0 0 0 0 0 0 0 0 0 0 
169 7 0 0 0 0 0 0 0 0 0 0 0 
170 7 0 0 0 0 0 0 0 0 0 0 0 
171 7 0 0 0 0 0 0 0 0 0 0 0 
172 7 0 0 0 0 0 0 0 0 0 0 0 
173 7 0 0 0 0 0 0 0 0 0 0 0 
174 7 0 0 0 0 0 0 0 0 0 0 0 
175 7 0 0 0 0 0 0 0 0 0 0 0 
176 7 0 0 0 0 0 0 0 0 0 0 0 
177 7 0 0 0 0 0 0 0 0 0 0 0 
178 7 0 0 0 0 0 0 0 0 0 0 0 
179 7 0 0 0 0 0 0 0 0 0 0 0 
180 7 0 0 0 0 0 0 0 0 0 0 0 
181 7 0 0 0 0 0 0 0 0 0 0 0 
182 7 0 0 0 0 0 0 0 0 0 0 0 
183 7 0 0 0 0 0 0 0 0 0 0 0 
184 7 0 0 0 0 0 0 0 0 0 0 0 
185 7 0 0 0 0 0 0 0 0 0 0 0 
186 7 0 0 0 0 0 0 0 0 0 0 0 
187 7 0 0 0 0 0 0 0 0 0 0 0 
188 7 0 0 0 0 0 0 0 0 0 0 0 
189 7 0 0 0 0 0 0 0 0 0 0 0 
190 7 0 0 0 0 0 0 0 0 0 0 0 
191 7 0 0 0 0 0 0 0 0 0 0 0 
192 7 0 0 0 0 0 0 0 0 0 0 0 
193 7 2 0 0 0 0 0 0 0 0 0 0 
194 7 -1 198 4 28 -1 -1 -1 -1 -1 1 4363 
195 7 0 0 0 0 0 0 0 0 0 0 0 
196 7 0 0 0 0 0 0 0 0 0 0 0 
197 7 -1 73 4 27 -1 -1 -1 -1 -1 1 3143 
198 7 -1 67 4 28 -1 -1 -1 -1 -1 2 4466 
199 7 0 0 0 0 0 0 0 0 0 0 0 
200 7 0 0 0 0 0 0 0 0 0 0 0 
201 7 0 0 0 0 0 0 0 0 0 0 0 
202 7 0 0 0 0 0 0 0 0 0 0 0 
203 7 -1 128 1 11 -1 -1 -1 -1 -1 2 19 
204 7 22 0 0 0 0 0 0 0 0 0 0 
205 7 0 0 0 0 0 0 0 0 0 0 0 
206 7 0 0 0 0 0 0 0 0 0 0 0 
207 7 0 0 0 0 0 0 0 0 0 0 0 
208 7 0 0 0 0 0 0 0 0 0 0 0 
209 7 0 0 0 0 0 0 0 0 0 0 0 
210 7 0 0 0 0 0 0 0 0 0 0 0 
211 7 0 0 0 0 0 0 0 0 0 0 0 
212 7 0 0 0 0 0 0 0 0 0 0 0 
213 7 0 0 0 0 0 0 0 0 0 0 0 
214 7 0 0 0 0 0 0 0 0 0 0 0 
215 7 0 0 0 0 0 0 0 0 0 0 0 
216 7 0 0 0 0 0 0 0 0 0 0 0 
217 7 0 0 0 0 0 0 0 0 0 0 0 
218 7 0 0 0 0 0 0 0 0 0 0 0 
219 7 -1 245 1 11 -1 -1 -1 -1 -1 3 -12 
220 7 -1 331 0 36 -1 -1 -1 -1 -1 3 8 
221 7 0 0 0 0 0 0 0 0 0 0 0 
222 7 0 0 0 0 0 0 0 0 0 0 0 
223 7 0 0 0 0 0 0 0 0 0 0 0 
224 7 0 0 0 0 0 0 0 0 0 0 0 
225 7 0 0 0 0 0 0 0 0 0 0 0 
226 7 0 0 0 0 0 0 0 0 0 0 0 
227 7 0 0 0 0 0 0 0 0 0 0 0 
228 7 0 0 0 0 0 0 0 0 0 0 0 
229 7 0 0 0 0 0 0 0 0 0 0 0 
230 7 0 0 0 0 0 0 0 0 0 0 0 
231 7 0 0 0 0 0 0 0 0 0 0 0 
232 7 0 0 0 0 0 0 0 0 0 0 0 
233 7 0 0 0 0 0 0 0 0 0 0 0 
234 7 0 0 0 0 0 0 0 0 0 0 0 
235 7 0 0 0 0 0 0 0 0 0 0 0 
236 7 0 0 0 0 0 0 0 0 0 0 0 
237 7 0 0 0 0 0 0 0 0 0 0 0 
238 7 0 0 0 0 0 0 0 0 0 0 0 
239 7 0 0 0 0 0 0 0 0 0 0 0 
240 7 0 0 0 0 0 0 0 0 0 0 0 
241 7 0 0 0 0 0 0 0 0 0 0 0 
242 7 0 0 0 0 0 0 0 0 0 0 0 
243 7 0 0 0 0 0 0 0 0 0 0 0 
244 7 0 0 0 0 0 0 0 0 0 0 0 
245 7 0 0 0 0 0 0 0 0 0 0 0 
246 7 0 0 0 0 0 0 0 0 0 0 0 
247 7 0 0 0 0 0 0 0 0 0 0 0 
248 7 0 0 0 0 0 0 0 0 0 0 0 
249 7 0 0 0 0 0 0 0 0 0 0 0 
250 7 0 0 0 0 0 0 0 0 0 0 0 
251 7 0 0 0 0 0 0 0 0 0 0 0 
252 7 0 0 0 0 0 0 0 0 0 0 0 
253 7 0 0 0 0 0 0 0 0 0 0 0 
254 7 0 0 0 0 0 0 0 0 0 0 0 
255 8 0 0 0 0 0 0 0 0 0 0 0 
256 8 0 0 0 0 0 0 0 0 0 0 0 
257 8 0 0 0 0 0 0 0 0 0 0 0 
258 8 0 0 0 0 0 0 0 0 0 0 0 
259 8 0 0 0 0 0 0 0 0 0 0 0 
260 8 0 0 0 0 0 0 0 0 0 0 0 
261 8 0 0 0 0 0 0 0 0 0 0 0 
262 8 0 0 0 0 0 0 0 0 0 0 0 
263 8 0 0 0 0 0 0 0 0 0 0 0 
264 8 0 0 0 0 0 0 0 0 0 0 0 
265 8 0 0 0 0 0 0 0 0 0 0 0 
266 8 0 0 0 0 0 0 0 0 0 0 0 
267 8 0 0 0 0 0 0 0 0 0 0 0 
268 8 0 0 0 0 0 0 0 0 0 0 0 
269 8 0 0 0 0 0 0 0 0 0 0 0 
270 8 0 0 0 0 0 0 0 0 0 0 0 
271 8 0 0 0 0 0 0 0 0 0 0 0 
272 8 0 0 0 0 0 0 0 0 0 0 0 
273 8 0 0 0 0 0 0 0 0 0 0 0 
274 8 0 0 0 0 0 0 0 0 0 0 0 
275 8 0 0 0 0 0 0 0 0 0 0 0 
276 8 0 0 0 0 0 0 0 0 0 0 0 
277 8 0 0 0 0 0 0 0 0 0 0 0 
278 8 0 0 0 0 0 0 0 0 0 0 0 
279 8 0 0 0 0 0 0 0 0 0 0 0 
280 8 0 0 0 0 0 0 0 0 0 0 0 
281 8 0 0 0 0 0 0 0 0 0 0 0 
282 8 0 0 0 0 0 0 0 0 0 0 0 
283 8 0 0 0 0 0 0 0 0 0 0 0 
284 8 0 0 0 0 0 0 0 0 0 0 0 
285 8 0 0 0 0 0 0 0 0 0 0 0 
286 8 0 0 0 0 0 0 0 0 0 0 0 
287 8 0 0 0 0 0 0 0 0 0 0 0 
288 8 0 0 0 0 0 0 0 0 0 0 0 
289 8 0 0 0 0 0 0 0 0 0 0 0 
290 8 0 0 0 0 0 0 0 0 0 0 0 
291 8 0 0 0 0 0 0 0 0 0 0 0 
292 8 0 0 0 0 0 0 0 0 0 0 0 
293 8 0 0 0 0 0 0 0 0 0 0 0 
294 8 0 0 0 0 0 0 0 0 0 0 0 
295 8 0 0 0 0 0 0 0 0 0 0 0 
296 8 0 0 0 0 0 0 0 0 0 0 0 
297 8 0 0 0 0 0 0 0 0 0 0 0 
298 8 0 0 0 0 0 0 0 0 0 0 0 
299 8 0 0 0 0 0 0 0 0 0 0 0 
300 8 0 0 0 0 0 0 0 0 0 0 0 
301 8 0 0 0 0 0 0 0 0 0 0 0 
302 8 0 0 0 0 0 0 0 0 0 0 0 
303 8 0 0 0 0 0 0 0 0 0 0 0 
304 8 0 0 0 0 0 0 0 0 0 0 0 
305 8 0 0 0 0 0 0 0 0 0 0 0 
306 8 0 0 0 0 0 0 0 0 0 0 0 
307 8 0 0 0 0 0 0 0 0 0 0 0 
308 8 0 0 0 0 0 0 0 0 0 0 0 
309 8 0 0 0 0 0 0 0 0 0 0 0 
310 8 0 0 0 0 0 0 0 0 0 0 0 
311 8 0 0 0 0 0 0 0 0 0 0 0 
312 8 0 0 0 0 0 0 0 0 0 0 0 
313 8 0 0 0 0 0 0 0 0 0 0 0 
314 8 0 0 0 0 0 0 0 0 0 0 0 
315 8 0 0 0 0 0 0 0 0 0 0 0 
316 8 0 0 0 0 0 0 0 0 0 0 0 
317 8 0 0 0 0 0 0 0 0 0 0 0 
318 8 0 0 0 0 0 0 0 0 0 0 0 
319 8 0 0 0 0 0 0 0 0 0 0 0 
320 8 0 0 0 0 0 0 0 0 0 0 0 
321 8 0 0 0 0 0 0 0 0 0 0 0 
322 8 0 0 0 0 0 0 0 0 0 0 0 
323 8 0 0 0 0 0 0 0 0 0 0 0 
324 8 0 0 0 0 0 0 0 0 0 0 0 
325 8 0 0 0 0 0 0 0 0 0 0 0 
326 8 0 0 0 0 0 0 0 0 0 0 0 
327 8 0 0 0 0 0 0 0 0 0 0 0 
328 8 0 0 0 0 0 0 0 0 0 0 0 
329 8 0 0 0 0 0 0 0 0 0 0 0 
330 8 0 0 0 0 0 0 0 0 0 0 0 
331 8 0 0 0 0 0 0 0 0 0 0 0 
332 8 0 0 0 0 0 0 0 0 0 0 0 
333 8 0 0 0 0 0 0 0 0 0 0 0 
334 8 0 0 0 0 0 0 0 0 0 0 0 
335 8 0 0 0 0 0 0 0 0 0 0 0 
336 8 0 0 0 0 0 0 0 0 0 0 0 
337 8 0 0 0 0 0 0 0 0 0 0 0 
338 8 0 0 0 0 0 0 0 0 0 0 0 
339 8 0 0 0 0 0 0 0 0 0 0 0 
340 8 0 0 0 0 0 0 0 0 0 0 0 
341 8 0 0 0 0 0 0 0 0 0 0 0 
342 8 0 0 0 0 0 0 0 0 0 0 0 
343 8 0 0 0 0 0 0 0 0 0 0 0 
344 8 0 0 0 0 0 0 0 0 0 0 0 
345 8 0 0 0 0 0 0 0 0 0 0 0 
346 8 0 0 0 0 0 0 0 0 0 0 0 
347 8 0 0 0 0 0 0 0 0 0 0 0 
348 8 0 0 0 0 0 0 0 0 0 0 0 
349 8 0 0 0 0 0 0 0 0 0 0 0 
350 8 0 0 0 0 0 0 0 0 0 0 0 
351 8 0 0 0 0 0 0 0 0 0 0 0 
352 8 0 0 0 0 0 0 0 0 0 0 0 
353 8 0 0 0 0 0 0 0 0 0 0 0 
354 8 0 0 0 0 0 0 0 0 0 0 0 
355 8 0 0 0 0 0 0 0 0 0 0 0 
356 8 0 0 0 0 0 0 0 0 0 0 0 
357 8 0 0 0 0 0 0 0 0 0 0 0 
358 8 0 0 0 0 0 0 0 0 0 0 0 
359 8 0 0 0 0 0 0 0 0 0 0 0 
360 8 0 0 0 0 0 0 0 0 0 0 0 
361 8 0 0 0 0 0 0 0 0 0 0 0 
362 8 0 0 0 0 0 0 0 0 0 0 0 
363 8 0 0 0 0 0 0 0 0 0 0 0 
364 8 0 0 0 0 0 0 0 0 0 0 0 
365 8 0 0 0 0 0 0 0 0 0 0 0 
366 8 0 0 0 0 0 0 0 0 0 0 0 
367 8 0 0 0 0 0 0 0 0 0 0 0 
368 8 0 0 0 0 0 0 0 0 0 0 0 
369 8 0 0 0 0 0 0 0 0 0 0 0 
370 8 0 0 0 0 0 0 0 0 0 0 0 
371 8 0 0 0 0 0 0 0 0 0 0 0 
372 8 0 0 0 0 0 0 0 0 0 0 0 
373 8 0 0 0 0 0 0 0 0 0 0 0 
374 8 0 0 0 0 0 0 0 0 0 0 0 
375 8 0 0 0 0 0 0 0 0 0 0 0 
376 8 0 0 0 0 0 0 0 0 0 0 0 
377 8 0 0 0 0 0 0 0 0 0 0 0 
378 8 0 0 0 0 0 0 0 0 0 0 0 
379 8 0 0 0 0 0 0 0 0 0 0 0 
380 8 0 0 0 0 0 0 0 0 0 0 0 
381 8 0 0 0 0 0 0 0 0 0 0 0 
382 8 0 0 0 0 0 0 0 0 0 0 0 
383 8 0 0 0 0 0 0 0 0 0 0 0 
384 8 0 0 0 0 0 0 0 0 0 0 0 
385 8 0 0 0 0 0 0 0 0 0 0 0 
386 8 0 0 0 0 0 0 0 0 0 0 0 
387 8 0 0 0 0 0 0 0 0 0 0 0 
388 8 0 0 0 0 0 0 0 0 0 0 0 
389 8 -1 270 4 33 -1 -1 -1 -1 -1 0 2844 
390 8 6 0 0 0 0 0 0 0 0 0 0 
391 8 0 0 0 0 0 0 0 0 0 0 0 
392 8 0 0 0 0 0 0 0 0 0 0 0 
393 8 0 0 0 0 0 0 0 0 0 0 0 
394 8 0 0 0 0 0 0 0 0 0 0 0 
395 8 -1 314 2 18 -1 -1 -1 -1 -1 1 2867 
396 8 11 0 0 0 0 0 0 0 0 0 0 
397 8 -1 218 2 20 -1 -1 -1 -1 -1 1 1243 
398 8 15 0 0 0 0 0 0 0 0 0 0 
399 8 0 0 0 0 0 0 0 0 0 0 0 
400 8 0 0 0 0 0 0 0 0 0 0 0 
401 8 0 0 0 0 0 0 0 0 0 0 0 
402 8 0 0 0 0 0 0 0 0 0 0 0 
403 8 0 0 0 0 0 0 0 0 0 0 0 
404 8 0 0 0 0 0 0 0 0 0 0 0 
405 8 0 0 0 0 0 0 0 0 0 0 0 
406 8 0 0 0 0 0 0 0 0 0 0 0 
407 8 17 0 0 0 0 0 0 0 0 0 0 
408 8 -1 185 4 24 -1 -1 -1 -1 -1 1 5226 
409 8 0 0 0 0 0 0 0 0 0 0 0 
410 8 0 0 0 0 0 0 0 0 0 0 0 
411 8 0 0 0 0 0 0 0 0 0 0 0 
412 8 0 0 0 0 0 0 0 0 0 0 0 
413 8 0 0 0 0 0 0 0 0 0 0 0 
414 8 0 0 0 0 0 0 0 0 0 0 0 
415 8 0 0 0 0 0 0 0 0 0 0 0 
416 8 0 0 0 0 0 0 0 0 0 0 0 
417 8 0 0 0 0 0 0 0 0 0 0 0 
418 8 0 0 0 0 0 0 0 0 0 0 0 
419 8 0 0 0 0 0 0 0 0 0 0 0 
420 8 0 0 0 0 0 0 0 0 0 0 0 
421 8 0 0 0 0 0 0 0 0 0 0 0 
422 8 0 0 0 0 0 0 0 0 0 0 0 
423 8 0 0 0 0 0 0 0 0 0 0 0 
424 8 0 0 0 0 0 0 0 0 0 0 0 
425 8 0 0 0 0 0 0 0 0 0 0 0 
426 8 0 0 0 0 0 0 0 0 0 0 0 
427 8 0 0 0 0 0 0 0 0 0 0 0 
428 8 0 0 0 0 0 0 0 0 0 0 0 
429 8 0 0 0 0 0 0 0 0 0 0 0 
430 8 0 0 0 0 0 0 0 0 0 0 0 
431 8 0 0 0 0 0 0 0 0 0 0 0 
432 8 0 0 0 0 0 0 0 0 0 0 0 
433 8 0 0 0 0 0 0 0 0 0 0 0 
434 8 0 0 0 0 0 0 0 0 0 0 0 
435 8 0 0 0 0 0 0 0 0 0 0 0 
436 8 0 0 0 0 0 0 0 0 0 0 0 
437 8 0 0 0 0 0 0 0 0 0 0 0 
438 8 0 0 0 0 0 0 0 0 0 0 0 
439 8 27 0 0 0 0 0 0 0 0 0 0 
440 8 -1 59 2 17 -1 -1 -1 -1 -1 1 4806 
441 8 -1 221 2 30 -1 -1 -1 -1 -1 0 932 
442 8 34 0 0 0 0 0 0 0 0 0 0 
443 8 0 0 0 0 0 0 0 0 0 0 0 
444 8 0 0 0 0 0 0 0 0 0 0 0 
445 8 0 0 0 0 0 0 0 0 0 0 0 
446 8 0 0 0 0 0 0 0 0 0 0 0 
447 8 0 0 0 0 0 0 0 0 0 0 0 
448 8 0 0 0 0 0 0 0 0 0 0 0 
449 8 0 0 0 0 0 0 0 0 0 0 0 
450 8 0 0 0 0 0 0 0 0 0 0 0 
451 8 0 0 0 0 0 0 0 0 0 0 0 
452 8 0 0 0 0 0 0 0 0 0 0 0 
453 8 0 0 0 0 0 0 0 0 0 0 0 
454 8 0 0 0 0 0 0 0 0 0 0 0 
455 8 0 0 0 0 0 0 0 0 0 0 0 
456 8 0 0 0 0 0 0 0 0 0 0 0 
457 8 0 0 0 0 0 0 0 0 0 0 0 
458 8 0 0 0 0 0 0 0 0 0 0 0 
459 8 0 0 0 0 0 0 0 0 0 0 0 
460 8 0 0 0 0 0 0 0 0 0 0 0 
461 8 0 0 0 0 0 0 0 0 0 0 0 
462 8 0 0 0 0 0 0 0 0 0 0 0 
463 8 0 0 0 0 0 0 0 0 0 0 0 
464 8 0 0 0 0 0 0 0 0 0 0 0 
465 8 0 0 0 0 0 0 0 0 0 0 0 
466 8 0 0 0 0 0 0 0 0 0 0 0 
467 8 0 0 0 0 0 0 0 0 0 0 0 
468 8 0 0 0 0 0 0 0 0 0 0 0 
469 8 0 0 0 0 0 0 0 0 0 0 0 
470 8 0 0 0 0 0 0 0 0 0 0 0 
471 8 0 0 0 0 0 0 0 0 0 0 0 
472 8 0 0 0 0 0 0 0 0 0 0 0 
473 8 0 0 0 0 0 0 0 0 0 0 0 
474 8 0 0 0 0 0 0 0 0 0 0 0 
475 8 0 0 0 0 0 0 0 0 0 0 0 
476 8 0 0 0 0 0 0 0 0 0 0 0 
477 8 0 0 0 0 0 0 0 0 0 0 0 
478 8 0 0 0 0 0 0 0 0 0 0 0 
479 8 0 0 0 0 0 0 0 0 0 0 0 
480 8 0 0 0 0 0 0 0 0 0 0 0 
481 8 0 0 0 0 0 0 0 0 0 0 0 
482 8 0 0 0 0 0 0 0 0 0 0 0 
483 8 0 0 0 0 0 0 0 0 0 0 0 
484 8 0 0 0 0 0 0 0 0 0 0 0 
485 8 0 0 0 0 0 0 0 0 0 0 0 
486 8 0 0 0 0 0 0 0 0 0 0 0 
487 8 0 0 0 0 0 0 0 0 0 0 0 
488 8 0 0 0 0 0 0 0 0 0 0 0 
489 8 0 0 0 0 0 0 0 0 0 0 0 
490 8 0 0 0 0 0 0 0 0 0 0 0 
491 8 0 0 0 0 0 0 0 0 0 0 0 
492 8 0 0 0 0 0 0 0 0 0 0 0 
493 8 0 0 0 0 0 0 0 0 0 0 0 
494 8 0 0 0 0 0 0 0 0 0 0 0 
495 8 0 0 0 0 0 0 0 0 0 0 0 
496 8 0 0 0 0 0 0 0 0 0 0 0 
497 8 0 0 0 0 0 0 0 0 0 0 0 
498 8 0 0 0 0 0 0 0 0 0 0 0 
499 8 0 0 0 0 0 0 0 0 0 0 0 
500 8 0 0 0 0 0 0 0 0 0 0 0 
501 8 0 0 0 0 0 0 0 0 0 0 0 
502 8 0 0 0 0 0 0 0 0 0 0 0 
503 8 0 0 0 0 0 0 0 0 0 0 0 
504 8 0 0 0 0 0 0 0 0 0 0 0 
505 8 0 0 0 0 0 0 0 0 0 0 0 
506 8 0 0 0 0 0 0 0 0 0 0 0 
507 8 0 0 0 0 0 0 0 0 0 0 0 
508 8 0 0 0 0 0 0 0 0 0 0 0 
509 8 0 0 0 0 0 0 0 0 0 0 0 
510 8 0 0 0 0 0 0 0 0 0 0 0 
511 9 0 0 0 0 0 0 0 0 0 0 0 
512 9 0 0 0 0 0 0 0 0 0 0 0 
513 9 0 0 0 0 0 0 0 0 0 0 0 
514 9 0 0 0 0 0 0 0 0 0 0 0 
515 9 0 0 0 0 0 0 0 0 0 0 0 
516 9 0 0 0 0 0 0 0 0 0 0 0 
517 9 0 0 0 0 0 0 0 0 0 0 0 
518 9 0 0 0 0 0 0 0 0 0 0 0 
519 9 0 0 0 0 0 0 0 0 0 0 0 
520 9 0 0 0 0 0 0 0 0 0 0 0 
521 9 0 0 0 0 0 0 0 0 0 0 0 
522 9 0 0 0 0 0 0 0 0 0 0 0 
523 9 0 0 0 0 0 0 0 0 0 0 0 
524 9 0 0 0 0 0 0 0 0 0 0 0 
525 9 0 0 0 0 0 0 0 0 0 0 0 
526 9 0 0 0 0 0 0 0 0 0 0 0 
527 9 0 0 0 0 0 0 0 0 0 0 0 
528 9 0 0 0 0 0 0 0 0 0 0 0 
529 9 0 0 0 0 0 0 0 0 0 0 0 
530 9 0 0 0 0 0 0 0 0 0 0 0 
531 9 0 0 0 0 0 0 0 0 0 0 0 
532 9 0 0 0 0 0 0 0 0 0 0 0 
533 9 0 0 0 0 0 0 0 0 0 0 0 
534 9 0 0 0 0 0 0 0 0 0 0 0 
535 9 0 0 0 0 0 0 0 0 0 0 0 
536 9 0 0 0 0 0 0 0 0 0 0 0 
537 9 0 0 0 0 0 0 0 0 0 0 0 
538 9 0 0 0 0 0 0 0 0 0 0 0 
539 9 0 0 0 0 0 0 0 0 0 0 0 
540 9 0 0 0 0 0 0 0 0 0 0 0 
541 9 0 0 0 0 0 0 0 0 0 0 0 
542 9 0 0 0 0 0 0 0 0 0 0 0 
543 9 0 0 0 0 0 0 0 0 0 0 0 
544 9 0 0 0 0 0 0 0 0 0 0 0 
545 9 0 0 0 0 0 0 0 0 0 0 0 
546 9 0 0 0 0 0 0 0 0 0 0 0 
547 9 0 0 0 0 0 0 0 0 0 0 0 
548 9 0 0 0 0 0 0 0 0 0 0 0 
549 9 0 0 0 0 0 0 0 0 0 0 0 
550 9 0 0 0 0 0 0 0 0 0 0 0 
551 9 0 0 0 0 0 0 0 0 0 0 0 
552 9 0 0 0 0 0 0 0 0 0 0 0 
553 9 0 0 0 0 0 0 0 0 0 0 0 
554 9 0 0 0 0 0 0 0 0 0 0 0 
555 9 0 0 0 0 0 0 0 0 0 0 0 
556 9 0 0 0 0 0 0 0 0 0 0 0 
557 9 0 0 0 0 0 0 0 0 0 0 0 
558 9 0 0 0 0 0 0 0 0 0 0 0 
559 9 0 0 0 0 0 0 0 0 0 0 0 
560 9 0 0 0 0 0 0 0 0 0 0 0 
561 9 0 0 0 0 0 0 0 0 0 0 0 
562 9 0 0 0 0 0 0 0 0 0 0 0 
563 9 0 0 0 0 0 0 0 0 0 0 0 
564 9 0 0 0 0 0 0 0 0 0 0 0 
565 9 0 0 0 0 0 0 0 0 0 0 0 
566 9 0 0 0 0 0 0 0 0 0 0 0 
567 9 0 0 0 0 0 0 0 0 0 0 0 
568 9 0 0 0 0 0 0 0 0 0 0 0 
569 9 0 0 0 0 0 0 0 0 0 0 0 
570 9 0 0 0 0 0 0 0 0 0 0 0 
571 9 0 0 0 0 0 0 0 0 0 0 0 
572 9 0 0 0 0 0 0 0 0 0 0 0 
573 9 0 0 0 0 0 0 0 0 0 0 0 
574 9 0 0 0 0 0 0 0 0 0 0 0 
575 9 0 0 0 0 0 0 0 0 0 0 0 
576 9 0 0 0 0 0 0 0 0 0 0 0 
577 9 0 0 0 0 0 0 0 0 0 0 0 
578 9 0 0 0 0 0 0 0 0 0 0 0 
579 9 0 0 0 0 0 0 0 0 0 0 0 
580 9 0 0 0 0 0 0 0 0 0 0 0 
581 9 0 0 0 0 0 0 0 0 0 0 0 
582 9 0 0 0 0 0 0 0 0 0 0 0 
583 9 0 0 0 0 0 0 0 0 0 0 0 
584 9 0 0 0 0 0 0 0 0 0 0 0 
585 9 0 0 0 0 0 0 0 0 0 0 0 
586 9 0 0 0 0 0 0 0 0 0 0 0 
587 9 0 0 0 0 0 0 0 0 0 0 0 
588 9 0 0 0 0 0 0 0 0 0 0 0 
589 9 0 0 0 0 0 0 0 0 0 0 0 
590 9 0 0 0 0 0 0 0 0 0 0 0 
591 9 0 0 0 0 0 0 0 0 0 0 0 
592 9 0 0 0 0 0 0 0 0 0 0 0 
593 9 0 0 0 0 0 0 0 0 0 0 0 
594 9 0 0 0 0 0 0 0 0 0 0 0 
595 9 0 0 0 0 0 0 0 0 0 0 0 
596 9 0 0 0 0 0 0 0 0 0 0 0 
597 9 0 0 0 0 0 0 0 0 0 0 0 
598 9 0 0 0 0 0 0 0 0 0 0 0 
599 9 0 0 0 0 0 0 0 0 0 0 0 
600 9 0 0 0 0 0 0 0 0 0 0 0 
601 9 0 0 0 0 0 0 0 0 0 0 0 
602 9 0 0 0 0 0 0 0 0 0 0 0 
603 9 0 0 0 0 0 0 0 0 0 0 0 
604 9 0 0 0 0 0 0 0 0 0 0 0 
605 9 0 0 0 0 0 0 0 0 0 0 0 
606 9 0 0 0 0 0 0 0 0 0 0 0 
607 9 0 0 0 0 0 0 0 0 0 0 0 
608 9 0 0 0 0 0 0 0 0 0 0 0 
609 9 0 0 0 0 0 0 0 0 0 0 0 
610 9 0 0 0 0 0 0 0 0 0 0 0 
611 9 0 0 0 0 0 0 0 0 0 0 0 
612 9 0 0 0 0 0 0 0 0 0 0 0 
613 9 0 0 0 0 0 0 0 0 0 0 0 
614 9 0 0 0 0 0 0 0 0 0 0 0 
615 9 0 0 0 0 0 0 0 0 0 0 0 
616 9 0 0 0 0 0 0 0 0 0 0 0 
617 9 0 0 0 0 0 0 0 0 0 0 0 
618 9 0 0 0 0 0 0 0 0 0 0 0 
619 9 0 0 0 0 0 0 0 0 0 0 0 
620 9 0 0 0 0 0 0 0 0 0 0 0 
621 9 0 0 0 0 0 0 0 0 0 0 0 
622 9 0 0 0 0 0 0 0 0 0 0 0 
623 9 0 0 0 0 0 0 0 0 0 0 0 
624 9 0 0 0 0 0 0 0 0 0 0 0 
625 9 0 0 0 0 0 0 0 0 0 0 0 
626 9 0 0 0 0 0 0 0 0 0 0 0 
627 9 0 0 0 0 0 0 0 0 0 0 0 
628 9 0 0 0 0 0 0 0 0 0 0 0 
629 9 0 0 0 0 0 0 0 0 0 0 0 
630 9 0 0 0 0 0 0 0 0 0 0 0 
631 9 0 0 0 0 0 0 0 0 0 0 0 
632 9 0 0 0 0 0 0 0 0 0 0 0 
633 9 0 0 0 0 0 0 0 0 0 0 0 
634 9 0 0 0 0 0 0 0 0 0 0 0 
635 9 0 0 0 0 0 0 0 0 0 0 0 
636 9 0 0 0 0 0 0 0 0 0 0 0 
637 9 0 0 0 0 0 0 0 0 0 0 0 
638 9 0 0 0 0 0 0 0 0 0 0 0 
639 9 0 0 0 0 0 0 0 0 0 0 0 
640 9 0 0 0 0 0 0 0 0 0 0 0 
641 9 0 0 0 0 0 0 0 0 0 0 0 
642 9 0 0 0 0 0 0 0 0 0 0 0 
643 9 0 0 0 0 0 0 0 0 0 0 0 
644 9 0 0 0 0 0 0 0 0 0 0 0 
645 9 0 0 0 0 0 0 0 0 0 0 0 
646 9 0 0 0 0 0 0 0 0 0 0 0 
647 9 0 0 0 0 0 0 0 0 0 0 0 
648 9 0 0 0 0 0 0 0 0 0 0 0 
649 9 0 0 0 0 0 0 0 0 0 0 0 
650 9 0 0 0 0 0 0 0 0 0 0 0 
651 9 0 0 0 0 0 0 0 0 0 0 0 
652 9 0 0 0 0 0 0 0 0 0 0 0 
653 9 0 0 0 0 0 0 0 0 0 0 0 
654 9 0 0 0 0 0 0 0 0 0 0 0 
655 9 0 0 0 0 0 0 0 0 0 0 0 
656 9 0 0 0 0 0 0 0 0 0 0 0 
657 9 0 0 0 0 0 0 0 0 0 0 0 
658 9 0 0 0 0 0 0 0 0 0 0 0 
659 9 0 0 0 0 0 0 0 0 0 0 0 
660 9 0 0 0 0 0 0 0 0 0 0 0 
661 9 0 0 0 0 0 0 0 0 0 0 0 
662 9 0 0 0 0 0 0 0 0 0 0 0 
663 9 0 0 0 0 0 0 0 0 0 0 0 
664 9 0 0 0 0 0 0 0 0 0 0 0 
665 9 0 0 0 0 0 0 0 0 0 0 0 
666 9 0 0 0 0 0 0 0 0 0 0 0 
667 9 0 0 0 0 0 0 0 0 0 0 0 
668 9 0 0 0 0 0 0 0 0 0 0 0 
669 9 0 0 0 0 0 0 0 0 0 0 0 
670 9 0 0 0 0 0 0 0 0 0 0 0 
671 9 0 0 0 0 0 0 0 0 0 0 0 
672 9 0 0 0 0 0 0 0 0 0 0 0 
673 9 0 0 0 0 0 0 0 0 0 0 0 
674 9 0 0 0 0 0 0 0 0 0 0 0 
675 9 0 0 0 0 0 0 0 0 0 0 0 
676 9 0 0 0 0 0 0 0 0 0 0 0 
677 9 0 0 0 0 0 0 0 0 0 0 0 
678 9 0 0 0 0 0 0 0 0 0 0 0 
679 9 0 0 0 0 0 0 0 0 0 0 0 
680 9 0 0 0 0 0 0 0 0 0 0 0 
681 9 0 0 0 0 0 0 0 0 0 0 0 
682 9 0 0 0 0 0 0 0 0 0 0 0 
683 9 0 0 0 0 0 0 0 0 0 0 0 
684 9 0 0 0 0 0 0 0 0 0 0 0 
685 9 0 0 0 0 0 0 0 0 0 0 0 
686 9 0 0 0 0 0 0 0 0 0 0 0 
687 9 0 0 0 0 0 0 0 0 0 0 0 
688 9 0 0 0 0 0 0 0 0 0 0 0 
689 9 0 0 0 0 0 0 0 0 0 0 0 
690 9 0 0 0 0 0 0 0 0 0 0 0 
691 9 0 0 0 0 0 0 0 0 0 0 0 
692 9 0 0 0 0 0 0 0 0 0 0 0 
693 9 0 0 0 0 0 0 0 0 0 0 0 
694 9 0 0 0 0 0 0 0 0 0 0 0 
695 9 0 0 0 0 0 0 0 0 0 0 0 
696 9 0 0 0 0 0 0 0 0 0 0 0 
697 9 0 0 0 0 0 0 0 0 0 0 0 
698 9 0 0 0 0 0 0 0 0 0 0 0 
699 9 0 0 0 0 0 0 0 0 0 0 0 
700 9 0 0 0 0 0 0 0 0 0 0 0 
701 9 0 0 0 0 0 0 0 0 0 0 0 
702 9 0 0 0 0 0 0 0 0 0 0 0 
703 9 0 0 0 0 0 0 0 0 0 0 0 
704 9 0 0 0 0 0 0 0 0 0 0 0 
705 9 0 0 0 0 0 0 0 0 0 0 0 
706 9 0 0 0 0 0 0 0 0 0 0 0 
707 9 0 0 0 0 0 0 0 0 0 0 0 
708 9 0 0 0 0 0 0 0 0 0 0 0 
709 9 0 0 0 0 0 0 0 0 0 0 0 
710 9 0 0 0 0 0 0 0 0 0 0 0 
711 9 0 0 0 0 0 0 0 0 0 0 0 
712 9 0 0 0 0 0 0 0 0 0 0 0 
713 9 0 0 0 0 0 0 0 0 0 0 0 
714 9 0 0 0 0 0 0 0 0 0 0 0 
715 9 0 0 0 0 0 0 0 0 0 0 0 
716 9 0 0 0 0 0 0 0 0 0 0 0 
717 9 0 0 0 0 0 0 0 0 0 0 0 
718 9 0 0 0 0 0 0 0 0 0 0 0 
719 9 0 0 0 0 0 0 0 0 0 0 0 
720 9 0 0 0 0 0 0 0 0 0 0 0 
721 9 0 0 0 0 0 0 0 0 0 0 0 
722 9 0 0 0 0 0 0 0 0 0 0 0 
723 9 0 0 0 0 0 0 0 0 0 0 0 
724 9 0 0 0 0 0 0 0 0 0 0 0 
725 9 0 0 0 0 0 0 0 0 0 0 0 
726 9 0 0 0 0 0 0 0 0 0 0 0 
727 9 0 0 0 0 0 0 0 0 0 0 0 
728 9 0 0 0 0 0 0 0 0 0 0 0 
729 9 0 0 0 0 0 0 0 0 0 0 0 
730 9 0 0 0 0 0 0 0 0 0 0 0 
731 9 0 0 0 0 0 0 0 0 0 0 0 
732 9 0 0 0 0 0 0 0 0 0 0 0 
733 9 0 0 0 0 0 0 0 0 0 0 0 
734 9 0 0 0 0 0 0 0 0 0 0 0 
735 9 0 0 0 0 0 0 0 0 0 0 0 
736 9 0 0 0 0 0 0 0 0 0 0 0 
737 9 0 0 0 0 0 0 0 0 0 0 0 
738 9 0 0 0 0 0 0 0 0 0 0 0 
739 9 0 0 0 0 0 0 0 0 0 0 0 
740 9 0 0 0 0 0 0 0 0 0 0 0 
741 9 0 0 0 0 0 0 0 0 0 0 0 
742 9 0 0 0 0 0 0 0 0 0 0 0 
743 9 0 0 0 0 0 0 0 0 0 0 0 
744 9 0 0 0 0 0 0 0 0 0 0 0 
745 9 0 0 0 0 0 0 0 0 0 0 0 
746 9 0 0 0 0 0 0 0 0 0 0 0 
747 9 0 0 0 0 0 0 0 0 0 0 0 
748 9 0 0 0 0 0 0 0 0 0 0 0 
749 9 0 0 0 0 0 0 0 0 0 0 0 
750 9 0 0 0 0 0 0 0 0 0 0 0 
751 9 0 0 0 0 0 0 0 0 0 0 0 
752 9 0 0 0 0 0 0 0 0 0 0 0 
753 9 0 0 0 0 0 0 0 0 0 0 0 
754 9 0 0 0 0 0 0 0 0 0 0 0 
755 9 0 0 0 0 0 0 0 0 0 0 0 
756 9 0 0 0 0 0 0 0 0 0 0 0 
757 9 0 0 0 0 0 0 0 0 0 0 0 
758 9 0 0 0 0 0 0 0 0 0 0 0 
759 9 0 0 0 0 0 0 0 0 0 0 0 
760 9 0 0 0 0 0 0 0 0 0 0 0 
761 9 0 0 0 0 0 0 0 0 0 0 0 
762 9 0 0 0 0 0 0 0 0 0 0 0 
763 9 0 0 0 0 0 0 0 0 0 0 0 
764 9 0 0 0 0 0 0 0 0 0 0 0 
765 9 0 0 0 0 0 0 0 0 0 0 0 
766 9 0 0 0 0 0 0 0 0 0 0 0 
767 9 0 0 0 0 0 0 0 0 0 0 0 
768 9 0 0 0 0 0 0 0 0 0 0 0 
769 9 0 0 0 0 0 0 0 0 0 0 0 
770 9 0 0 0 0 0 0 0 0 0 0 0 
771 9 0 0 0 0 0 0 0 0 0 0 0 
772 9 0 0 0 0 0 0 0 0 0 0 0 
773 9 0 0 0 0 0 0 0 0 0 0 0 
774 9 0 0 0 0 0 0 0 0 0 0 0 
775 9 0 0 0 0 0 0 0 0 0 0 0 
776 9 0 0 0 0 0 0 0 0 0 0 0 
777 9 0 0 0 0 0 0 0 0 0 0 0 
778 9 0 0 0 0 0 0 0 0 0 0 0 
779 9 3 0 0 0 0 0 0 0 0 0 0 
780 9 -1 111 0 10 -1 -1 -1 -1 -1 0 -39 
781 9 0 0 0 0 0 0 0 0 0 0 0 
782 9 0 0 0 0 0 0 0 0 0 0 0 
783 9 0 0 0 0 0 0 0 0 0 0 0 
784 9 0 0 0 0 0 0 0 0 0 0 0 
785 9 0 0 0 0 0 0 0 0 0 0 0 
786 9 0 0 0 0 0 0 0 0 0 0 0 
787 9 0 0 0 0 0 0 0 0 0 0 0 
788 9 0 0 0 0 0 0 0 0 0 0 0 
789 9 0 0 0 0 0 0 0 0 0 0 0 
790 9 0 0 0 0 0 0 0 0 0 0 0 
791 9 -1 101 1 13 -1 -1 -1 -1 -1 0 23 
792 9 10 0 0 0 0 0 0 0 0 0 0 
793 9 0 0 0 0 0 0 0 0 0 0 0 
794 9 0 0 0 0 0 0 0 0 0 0 0 
795 9 12 0 0 0 0 0 0 0 0 0 0 
796 9 -1 116 1 23 -1 -1 -1 -1 -1 2 92 
797 9 0 0 0 0 0 0 0 0 0 0 0 
798 9 0 0 0 0 0 0 0 0 0 0 0 
799 9 0 0 0 0 0 0 0 0 0 0 0 
800 9 0 0 0 0 0 0 0 0 0 0 0 
801 9 0 0 0 0 0 0 0 0 0 0 0 
802 9 0 0 0 0 0 0 0 0 0 0 0 
803 9 0 0 0 0 0 0 0 0 0 0 0 
804 9 0 0 0 0 0 0 0 0 0 0 0 
805 9 0 0 0 0 0 0 0 0 0 0 0 
806 9 0 0 0 0 0 0 0 0 0 0 0 
807 9 0 0 0 0 0 0 0 0 0 0 0 
808 9 0 0 0 0 0 0 0 0 0 0 0 
809 9 0 0 0 0 0 0 0 0 0 0 0 
810 9 0 0 0 0 0 0 0 0 0 0 0 
811 9 0 0 0 0 0 0 0 0 0 0 0 
812 9 0 0 0 0 0 0 0 0 0 0 0 
813 9 0 0 0 0 0 0 0 0 0 0 0 
814 9 0 0 0 0 0 0 0 0 0 0 0 
815 9 0 0 0 0 0 0 0 0 0 0 0 
816 9 0 0 0 0 0 0 0 0 0 0 0 
817 9 -1 228 2 38 -1 -1 -1 -1 -1 3 127 
818 9 -1 221 2 10 -1 -1 -1 -1 -1 2 11904 
819 9 0 0 0 0 0 0 0 0 0 0 0 
820 9 0 0 0 0 0 0 0 0 0 0 0 
821 9 0 0 0 0 0 0 0 0 0 0 0 
822 9 0 0 0 0 0 0 0 0 0 0 0 
823 9 0 0 0 0 0 0 0 0 0 0 0 
824 9 0 0 0 0 0 0 0 0 0 0 0 
825 9 0 0 0 0 0 0 0 0 0 0 0 
826 9 0 0 0 0 0 0 0 0 0 0 0 
827 9 0 0 0 0 0 0 0 0 0 0 0 
828 9 0 0 0 0 0 0 0 0 0 0 0 
829 9 0 0 0 0 0 0 0 0 0 0 0 
830 9 0 0 0 0 0 0 0 0 0 0 0 
831 9 0 0 0 0 0 0 0 0 0 0 0 
832 9 0 0 0 0 0 0 0 0 0 0 0 
833 9 0 0 0 0 0 0 0 0 0 0 0 
834 9 0 0 0 0 0 0 0 0 0 0 0 
835 9 0 0 0 0 0 0 0 0 0 0 0 
836 9 0 0 0 0 0 0 0 0 0 0 0 
837 9 0 0 0 0 0 0 0 0 0 0 0 
838 9 0 0 0 0 0 0 0 0 0 0 0 
839 9 0 0 0 0 0 0 0 0 0 0 0 
840 9 0 0 0 0 0 0 0 0 0 0 0 
841 9 0 0 0 0 0 0 0 0 0 0 0 
842 9 0 0 0 0 0 0 0 0 0 0 0 
843 9 0 0 0 0 0 0 0 0 0 0 0 
844 9 0 0 0 0 0 0 0 0 0 0 0 
845 9 0 0 0 0 0 0 0 0 0 0 0 
846 9 0 0 0 0 0 0 0 0 0 0 0 
847 9 0 0 0 0 0 0 0 0 0 0 0 
848 9 0 0 0 0 0 0 0 0 0 0 0 
849 9 0 0 0 0 0 0 0 0 0 0 0 
850 9 0 0 0 0 0 0 0 0 0 0 0 
851 9 0 0 0 0 0 0 0 0 0 0 0 
852 9 0 0 0 0 0 0 0 0 0 0 0 
853 9 0 0 0 0 0 0 0 0 0 0 0 
854 9 0 0 0 0 0 0 0 0 0 0 0 
855 9 0 0 0 0 0 0 0 0 0 0 0 
856 9 0 0 0 0 0 0 0 0 0 0 0 
857 9 0 0 0 0 0 0 0 0 0 0 0 
858 9 0 0 0 0 0 0 0 0 0 0 0 
859 9 0 0 0 0 0 0 0 0 0 0 0 
860 9 0 0 0 0 0 0 0 0 0 0 0 
861 9 0 0 0 0 0 0 0 0 0 0 0 
862 9 0 0 0 0 0 0 0 0 0 0 0 
863 9 0 0 0 0 0 0 0 0 0 0 0 
864 9 0 0 0 0 0 0 0 0 0 0 0 
865 9 0 0 0 0 0 0 0 0 0 0 0 
866 9 0 0 0 0 0 0 0 0 0 0 0 
867 9 0 0 0 0 0 0 0 0 0 0 0 
868 9 0 0 0 0 0 0 0 0 0 0 0 
869 9 0 0 0 0 0 0 0 0 0 0 0 
870 9 0 0 0 0 0 0 0 0 0 0 0 
871 9 0 0 0 0 0 0 0 0 0 0 0 
872 9 0 0 0 0 0 0 0 0 0 0 0 
873 9 0 0 0 0 0 0 0 0 0 0 0 
874 9 0 0 0 0 0 0 0 0 0 0 0 
875 9 0 0 0 0 0 0 0 0 0 0 0 
876 9 0 0 0 0 0 0 0 0 0 0 0 
877 9 0 0 0 0 0 0 0 0 0 0 0 
878 9 0 0 0 0 0 0 0 0 0 0 0 
879 9 0 0 0 0 0 0 0 0 0 0 0 
880 9 0 0 0 0 0 0 0 0 0 0 0 
881 9 -1 245 1 30 -1 -1 -1 -1 -1 0 -34 
882 9 30 0 0 0 0 0 0 0 0 0 0 
883 9 31 0 0 0 0 0 0 0 0 0 0 
884 9 -1 138 4 23 -1 -1 -1 -1 -1 2 1860 
885 9 0 0 0 0 0 0 0 0 0 0 0 
886 9 0 0 0 0 0 0 0 0 0 0 0 
887 9 0 0 0 0 0 0 0 0 0 0 0 
888 9 0 0 0 0 0 0 0 0 0 0 0 
889 9 0 0 0 0 0 0 0 0 0 0 0 
890 9 0 0 0 0 0 0 0 0 0 0 0 
891 9 0 0 0 0 0 0 0 0 0 0 0 
892 9 0 0 0 0 0 0 0 0 0 0 0 
893 9 0 0 0 0 0 0 0 0 0 0 0 
894 9 0 0 0 0 0 0 0 0 0 0 0 
895 9 0 0 0 0 0 0 0 0 0 0 0 
896 9 0 0 0 0 0 0 0 0 0 0 0 
897 9 0 0 0 0 0 0 0 0 0 0 0 
898 9 0 0 0 0 0 0 0 0 0 0 0 
899 9 0 0 0 0 0 0 0 0 0 0 0 
900 9 0 0 0 0 0 0 0 0 0 0 0 
901 9 0 0 0 0 0 0 0 0 0 0 0 
902 9 0 0 0 0 0 0 0 0 0 0 0 
903 9 0 0 0 0 0 0 0 0 0 0 0 
904 9 0 0 0 0 0 0 0 0 0 0 0 
905 9 0 0 0 0 0 0 0 0 0 0 0 
906 9 0 0 0 0 0 0 0 0 0 0 0 
907 9 0 0 0 0 0 0 0 0 0 0 0 
908 9 0 0 0 0 0 0 0 0 0 0 0 
909 9 0 0 0 0 0 0 0 0 0 0 0 
910 9 0 0 0 0 0 0 0 0 0 0 0 
911 9 0 0 0 0 0 0 0 0 0 0 0 
912 9 0 0 0 0 0 0 0 0 0 0 0 
913 9 0 0 0 0 0 0 0 0 0 0 0 
914 9 0 0 0 0 0 0 0 0 0 0 0 
915 9 0 0 0 0 0 0 0 0 0 0 0 
916 9 0 0 0 0 0 0 0 0 0 0 0 
917 9 0 0 0 0 0 0 0 0 0 0 0 
918 9 0 0 0 0 0 0 0 0 0 0 0 
919 9 0 0 0 0 0 0 0 0 0 0 0 
920 9 0 0 0 0 0 0 0 0 0 0 0 
921 9 0 0 0 0 0 0 0 0 0 0 0 
922 9 0 0 0 0 0 0 0 0 0 0 0 
923 9 0 0 0 0 0 0 0 0 0 0 0 
924 9 0 0 0 0 0 0 0 0 0 0 0 
925 9 0 0 0 0 0 0 0 0 0 0 0 
926 9 0 0 0 0 0 0 0 0 0 0 0 
927 9 0 0 0 0 0 0 0 0 0 0 0 
928 9 0 0 0 0 0 0 0 0 0 0 0 
929 9 0 0 0 0 0 0 0 0 0 0 0 
930 9 0 0 0 0 0 0 0 0 0 0 0 
931 9 0 0 0 0 0 0 0 0 0 0 0 
932 9 0 0 0 0 0 0 0 0 0 0 0 
933 9 0 0 0 0 0 0 0 0 0 0 0 
934 9 0 0 0 0 0 0 0 0 0 0 0 
935 9 0 0 0 0 0 0 0 0 0 0 0 
936 9 0 0 0 0 0 0 0 0 0 0 0 
937 9 0 0 0 0 0 0 0 0 0 0 0 
938 9 0 0 0 0 0 0 0 0 0 0 0 
939 9 0 0 0 0 0 0 0 0 0 0 0 
940 9 0 0 0 0 0 0 0 0 0 0 0 
941 9 0 0 0 0 0 0 0 0 0 0 0 
942 9 0 0 0 0 0 0 0 0 0 0 0 
943 9 0 0 0 0 0 0 0 0 0 0 0 
944 9 0 0 0 0 0 0 0 0 0 0 0 
945 9 0 0 0 0 0 0 0 0 0 0 0 
946 9 0 0 0 0 0 0 0 0 0 0 0 
947 9 0 0 0 0 0 0 0 0 0 0 0 
948 9 0 0 0 0 0 0 0 0 0 0 0 
949 9 0 0 0 0 0 0 0 0 0 0 0 
950 9 0 0 0 0 0 0 0 0 0 0 0 
951 9 0 0 0 0 0 0 0 0 0 0 0 
952 9 0 0 0 0 0 0 0 0 0 0 0 
953 9 0 0 0 0 0 0 0 0 0 0 0 
954 9 0 0 0 0 0 0 0 0 0 0 0 
955 9 0 0 0 0 0 0 0 0 0 0 0 
956 9 0 0 0 0 0 0 0 0 0 0 0 
957 9 0 0 0 0 0 0 0 0 0 0 0 
958 9 0 0 0 0 0 0 0 0 0 0 0 
959 9 0 0 0 0 0 0 0 0 0 0 0 
960 9 0 0 0 0 0 0 0 0 0 0 0 
961 9 0 0 0 0 0 0 0 0 0 0 0 
962 9 0 0 0 0 0 0 0 0 0 0 0 
963 9 0 0 0 0 0 0 0 0 0 0 0 
964 9 0 0 0 0 0 0 0 0 0 0 0 
965 9 0 0 0 0 0 0 0 0 0 0 0 
966 9 0 0 0 0 0 0 0 0 0 0 0 
967 9 0 0 0 0 0 0 0 0 0 0 0 
968 9 0 0 0 0 0 0 0 0 0 0 0 
969 9 0 0 0 0 0 0 0 0 0 0 0 
970 9 0 0 0 0 0 0 0 0 0 0 0 
971 9 0 0 0 0 0 0 0 0 0 0 0 
972 9 0 0 0 0 0 0 0 0 0 0 0 
973 9 0 0 0 0 0 0 0 0 0 0 0 
974 9 0 0 0 0 0 0 0 0 0 0 0 
975 9 0 0 0 0 0 0 0 0 0 0 0 
976 9 0 0 0 0 0 0 0 0 0 0 0 
977 9 0 0 0 0 0 0 0 0 0 0 0 
978 9 0 0 0 0 0 0 0 0 0 0 0 
979 9 0 0 0 0 0 0 0 0 0 0 0 
980 9 0 0 0 0 0 0 0 0 0 0 0 
981 9 0 0 0 0 0 0 0 0 0 0 0 
982 9 0 0 0 0 0 0 0 0 0 0 0 
983 9 0 0 0 0 0 0 0 0 0 0 0 
984 9 0 0 0 0 0 0 0 0 0 0 0 
985 9 0 0 0 0 0 0 0 0 0 0 0 
986 9 0 0 0 0 0 0 0 0 0 0 0 
987 9 0 0 0 0 0 0 0 0 0 0 0 
988 9 0 0 0 0 0 0 0 0 0 0 0 
989 9 0 0 0 0 0 0 0 0 0 0 0 
990 9 0 0 0 0 0 0 0 0 0 0 0 
991 9 0 0 0 0 0 0 0 0 0 0 0 
992 9 0 0 0 0 0 0 0 0 0 0 0 
993 9 0 0 0 0 0 0 0 0 0 0 0 
994 9 0 0 0 0 0 0 0 0 0 0 0 
995 9 0 0 0 0 0 0 0 0 0 0 0 
996 9 0 0 0 0 0 0 0 0 0 0 0 
997 9 0 0 0 0 0 0 0 0 0 0 0 
998 9 0 0 0 0 0 0 0 0 0 0 0 
999 9 0 0 0 0 0 0 0 0 0 0 0 
1000 9 0 0 0 0 0 0 0 0 0 0 0 
1001 9 0 0 0 0 0 0 0 0 0 0 0 
1002 9 0 0 0 0 0 0 0 0 0 0 0 
1003 9 0 0 0 0 0 0 0 0 0 0 0 
1004 9 0 0 0 0 0 0 0 0 0 0 0 
1005 9 0 0 0 0 0 0 0 0 0 0 0 
1006 9 0 0 0 0 0 0 0 0 0 0 0 
1007 9 0 0 0 0 0 0 0 0 0 0 0 
1008 9 0 0 0 0 0 0 0 0 0 0 0 
1009 9 0 0 0 0 0 0 0 0 0 0 0 
1010 9 0 0 0 0 0 0 0 0 0 0 0 
1011 9 0 0 0 0 0 0 0 0 0 0 0 
1012 9 0 0 0 0 0 0 0 0 0 0 0 
1013 9 0 0 0 0 0 0 0 0 0 0 0 
1014 9 0 0 0 0 0 0 0 0 0 0 0 
1015 9 0 0 0 0 0 0 0 0 0 0 0 
1016 9 0 0 0 0 0 0 0 0 0 0 0 
1017 9 0 0 0 0 0 0 0 0 0 0 0 
1018 9 0 0 0 0 0 0 0 0 0 0 0 
1019 9 0 0 0 0 0 0 0 0 0 0 0 
1020 9 0 0 0 0 0 0 0 0 0 0 0 
1021 9 0 0 0 0 0 0 0 0 0 0 0 
1022 9 0 0 0 0 0 0 0 0 0 0 0 
1023 10 0 0 0 0 0 0 0 0 0 0 0 
1024 10 0 0 0 0 0 0 0 0 0 0 0 
1025 10 0 0 0 0 0 0 0 0 0 0 0 
1026 10 0 0 0 0 0 0 0 0 0 0 0 
1027 10 0 0 0 0 0 0 0 0 0 0 0 
1028 10 0 0 0 0 0 0 0 0 0 0 0 
1029 10 0 0 0 0 0 0 0 0 0 0 0 
1030 10 0 0 0 0 0 0 0 0 0 0 0 
1031 10 0 0 0 0 0 0 0 0 0 0 0 
1032 10 0 0 0 0 0 0 0 0 0 0 0 
1033 10 0 0 0 0 0 0 0 0 0 0 0 
1034 10 0 0 0 0 0 0 0 0 0 0 0 
1035 10 0 0 0 0 0 0 0 0 0 0 0 
1036 10 0 0 0 0 0 0 0 0 0 0 0 
1037 10 0 0 0 0 0 0 0 0 0 0 0 
1038 10 0 0 0 0 0 0 0 0 0 0 0 
1039 10 0 0 0 0 0 0 0 0 0 0 0 
1040 10 0 0 0 0 0 0 0 0 0 0 0 
1041 10 0 0 0 0 0 0 0 0 0 0 0 
1042 10 0 0 0 0 0 0 0 0 0 0 0 
1043 10 0 0 0 0 0 0 0 0 0 0 0 
1044 10 0 0 0 0 0 0 0 0 0 0 0 
1045 10 0 0 0 0 0 0 0 0 0 0 0 
1046 10 0 0 0 0 0 0 0 0 0 0 0 
1047 10 0 0 0 0 0 0 0 0 0 0 0 
1048 10 0 0 0 0 0 0 0 0 0 0 0 
1049 10 0 0 0 0 0 0 0 0 0 0 0 
1050 10 0 0 0 0 0 0 0 0 0 0 0 
1051 10 0 0 0 0 0 0 0 0 0 0 0 
1052 10 0 0 0 0 0 0 0 0 0 0 0 
1053 10 0 0 0 0 0 0 0 0 0 0 0 
1054 10 0 0 0 0 0 0 0 0 0 0 0 
1055 10 0 0 0 0 0 0 0 0 0 0 0 
1056 10 0 0 0 0 0 0 0 0 0 0 0 
1057 10 0 0 0 0 0 0 0 0 0 0 0 
1058 10 0 0 0 0 0 0 0 0 0 0 0 
1059 10 0 0 0 0 0 0 0 0 0 0 0 
1060 10 0 0 0 0 0 0 0 0 0 0 0 
1061 10 0 0 0 0 0 0 0 0 0 0 0 
1062 10 0 0 0 0 0 0 0 0 0 0 0 
1063 10 0 0 0 0 0 0 0 0 0 0 0 
1064 10 0 0 0 0 0 0 0 0 0 0 0 
1065 10 0 0 0 0 0 0 0 0 0 0 0 
1066 10 0 0 0 0 0 0 0 0 0 0 0 
1067 10 0 0 0 0 0 0 0 0 0 0 0 
1068 10 0 0 0 0 0 0 0 0 0 0 0 
1069 10 0 0 0 0 0 0 0 0 0 0 0 
1070 10 0 0 0 0 0 0 0 0 0 0 0 
1071 10 0 0 0 0 0 0 0 0 0 0 0 
1072 10 0 0 0 0 0 0 0 0 0 0 0 
1073 10 0 0 0 0 0 0 0 0 0 0 0 
1074 10 0 0 0 0 0 0 0 0 0 0 0 
1075 10 0 0 0 0 0 0 0 0 0 0 0 
1076 10 0 0 0 0 0 0 0 0 0 0 0 
1077 10 0 0 0 0 0 0 0 0 0 0 0 
1078 10 0 0 0 0 0 0 0 0 0 0 0 
1079 10 0 0 0 0 0 0 0 0 0 0 0 
1080 10 0 0 0 0 0 0 0 0 0 0 0 
1081 10 0 0 0 0 0 0 0 0 0 0 0 
1082 10 0 0 0 0 0 0 0 0 0 0 0 
1083 10 0 0 0 0 0 0 0 0 0 0 0 
1084 10 0 0 0 0 0 0 0 0 0 0 0 
1085 10 0 0 0 0 0 0 0 0 0 0 0 
1086 10 0 0 0 0 0 0 0 0 0 0 0 
1087 10 0 0 0 0 0 0 0 0 0 0 0 
1088 10 0 0 0 0 0 0 0 0 0 0 0 
1089 10 0 0 0 0 0 0 0 0 0 0 0 
1090 10 0 0 0 0 0 0 0 0 0 0 0 
1091 10 0 0 0 0 0 0 0 0 0 0 0 
1092 10 0 0 0 0 0 0 0 0 0 0 0 
1093 10 0 0 0 0 0 0 0 0 0 0 0 
1094 10 0 0 0 0 0 0 0 0 0 0 0 
1095 10 0 0 0 0 0 0 0 0 0 0 0 
1096 10 0 0 0 0 0 0 0 0 0 0 0 
1097 10 0 0 0 0 0 0 0 0 0 0 0 
1098 10 0 0 0 0 0 0 0 0 0 0 0 
1099 10 0 0 0 0 0 0 0 0 0 0 0 
1100 10 0 0 0 0 0 0 0 0 0 0 0 
1101 10 0 0 0 0 0 0 0 0 0 0 0 
1102 10 0 0 0 0 0 0 0 0 0 0 0 
1103 10 0 0 0 0 0 0 0 0 0 0 0 
1104 10 0 0 0 0 0 0 0 0 0 0 0 
1105 10 0 0 0 0 0 0 0 0 0 0 0 
1106 10 0 0 0 0 0 0 0 0 0 0 0 
1107 10 0 0 0 0 0 0 0 0 0 0 0 
1108 10 0 0 0 0 0 0 0 0 0 0 0 
1109 10 0 0 0 0 0 0 0 0 0 0 0 
1110 10 0 0 0 0 0 0 0 0 0 0 0 
1111 10 0 0 0 0 0 0 0 0 0 0 0 
1112 10 0 0 0 0 0 0 0 0 0 0 0 
1113 10 0 0 0 0 0 0 0 0 0 0 0 
1114 10 0 0 0 0 0 0 0 0 0 0 0 
1115 10 0 0 0 0 0 0 0 0 0 0 0 
1116 10 0 0 0 0 0 0 0 0 0 0 0 
1117 10 0 0 0 0 0 0 0 0 0 0 0 
1118 10 0 0 0 0 0 0 0 0 0 0 0 
1119 10 0 0 0 0 0 0 0 0 0 0 0 
1120 10 0 0 0 0 0 0 0 0 0 0 0 
1121 10 0 0 0 0 0 0 0 0 0 0 0 
1122 10 0 0 0 0 0 0 0 0 0 0 0 
1123 10 0 0 0 0 0 0 0 0 0 0 0 
1124 10 0 0 0 0 0 0 0 0 0 0 0 
1125 10 0 0 0 0 0 0 0 0 0 0 0 
1126 10 0 0 0 0 0 0 0 0 0 0 0 
1127 10 0 0 0 0 0 0 0 0 0 0 0 
1128 10 0 0 0 0 0 0 0 0 0 0 0 
1129 10 0 0 0 0 0 0 0 0 0 0 0 
1130 10 0 0 0 0 0 0 0 0 0 0 0 
1131 10 0 0 0 0 0 0 0 0 0 0 0 
1132 10 0 0 0 0 0 0 0 0 0 0 0 
1133 10 0 0 0 0 0 0 0 0 0 0 0 
1134 10 0 0 0 0 0 0 0 0 0 0 0 
1135 10 0 0 0 0 0 0 0 0 0 0 0 
1136 10 0 0 0 0 0 0 0 0 0 0 0 
1137 10 0 0 0 0 0 0 0 0 0 0 0 
1138 10 0 0 0 0 0 0 0 0 0 0 0 
1139 10 0 0 0 0 0 0 0 0 0 0 0 
1140 10 0 0 0 0 0 0 0 0 0 0 0 
1141 10 0 0 0 0 0 0 0 0 0 0 0 
1142 10 0 0 0 0 0 0 0 0 0 0 0 
1143 10 0 0 0 0 0 0 0 0 0 0 0 
1144 10 0 0 0 0 0 0 0 0 0 0 0 
1145 10 0 0 0 0 0 0 0 0 0 0 0 
1146 10 0 0 0 0 0 0 0 0 0 0 0 
1147 10 0 0 0 0 0 0 0 0 0 0 0 
1148 10 0 0 0 0 0 0 0 0 0 0 0 
1149 10 0 0 0 0 0 0 0 0 0 0 0 
1150 10 0 0 0 0 0 0 0 0 0 0 0 
1151 10 0 0 0 0 0 0 0 0 0 0 0 
1152 10 0 0 0 0 0 0 0 0 0 0 0 
1153 10 0 0 0 0 0 0 0 0 0 0 0 
1154 10 0 0 0 0 0 0 0 0 0 0 0 
1155 10 0 0 0 0 0 0 0 0 0 0 0 
1156 10 0 0 0 0 0 0 0 0 0 0 0 
1157 10 0 0 0 0 0 0 0 0 0 0 0 
1158 10 0 0 0 0 0 0 0 0 0 0 0 
1159 10 0 0 0 0 0 0 0 0 0 0 0 
1160 10 0 0 0 0 0 0 0 0 0 0 0 
1161 10 0 0 0 0 0 0 0 0 0 0 0 
1162 10 0 0 0 0 0 0 0 0 0 0 0 
1163 10 0 0 0 0 0 0 0 0 0 0 0 
1164 10 0 0 0 0 0 0 0 0 0 0 0 
1165 10 0 0 0 0 0 0 0 0 0 0 0 
1166 10 0 0 0 0 0 0 0 0 0 0 0 
1167 10 0 0 0 0 0 0 0 0 0 0 0 
1168 10 0 0 0 0 0 0 0 0 0 0 0 
1169 10 0 0 0 0 0 0 0 0 0 0 0 
1170 10 0 0 0 0 0 0 0 0 0 0 0 
1171 10 0 0 0 0 0 0 0 0 0 0 0 
1172 10 0 0 0 0 0 0 0 0 0 0 0 
1173 10 0 0 0 0 0 0 0 0 0 0 0 
1174 10 0 0 0 0 0 0 0 0 0 0 0 
1175 10 0 0 0 0 0 0 0 0 0 0 0 
1176 10 0 0 0 0 0 0 0 0 0 0 0 
1177 10 0 0 0 0 0 0 0 0 0 0 0 
1178 10 0 0 0 0 0 0 0 0 0 0 0 
1179 10 0 0 0 0 0 0 0 0 0 0 0 
1180 10 0 0 0 0 0 0 0 0 0 0 0 
1181 10 0 0 0 0 0 0 0 0 0 0 0 
1182 10 0 0 0 0 0 0 0 0 0 0 0 
1183 10 0 0 0 0 0 0 0 0 0 0 0 
1184 10 0 0 0 0 0 0 0 0 0 0 0 
1185 10 0 0 0 0 0 0 0 0 0 0 0 
1186 10 0 0 0 0 0 0 0 0 0 0 0 
1187 10 0 0 0 0 0 0 0 0 0 0 0 
1188 10 0 0 0 0 0 0 0 0 0 0 0 
1189 10 0 0 0 0 0 0 0 0 0 0 0 
1190 10 0 0 0 0 0 0 0 0 0 0 0 
1191 10 0 0 0 0 0 0 0 0 0 0 0 
1192 10 0 0 0 0 0 0 0 0 0 0 0 
1193 10 0 0 0 0 0 0 0 0 0 0 0 
1194 10 0 0 0 0 0 0 0 0 0 0 0 
1195 10 0 0 0 0 0 0 0 0 0 0 0 
1196 10 0 0 0 0 0 0 0 0 0 0 0 
1197 10 0 0 0 0 0 0 0 0 0 0 0 
1198 10 0 0 0 0 0 0 0 0 0 0 0 
1199 10 0 0 0 0 0 0 0 0 0 0 0 
1200 10 0 0 0 0 0 0 0 0 0 0 0 
1201 10 0 0 0 0 0 0 0 0 0 0 0 
1202 10 0 0 0 0 0 0 0 0 0 0 0 
1203 10 0 0 0 0 0 0 0 0 0 0 0 
1204 10 0 0 0 0 0 0 0 0 0 0 0 
1205 10 0 0 0 0 0 0 0 0 0 0 0 
1206 10 0 0 0 0 0 0 0 0 0 0 0 
1207 10 0 0 0 0 0 0 0 0 0 0 0 
1208 10 0 0 0 0 0 0 0 0 0 0 0 
1209 10 0 0 0 0 0 0 0 0 0 0 0 
1210 10 0 0 0 0 0 0 0 0 0 0 0 
1211 10 0 0 0 0 0 0 0 0 0 0 0 
1212 10 0 0 0 0 0 0 0 0 0 0 0 
1213 10 0 0 0 0 0 0 0 0 0 0 0 
1214 10 0 0 0 0 0 0 0 0 0 0 0 
1215 10 0 0 0 0 0 0 0 0 0 0 0 
1216 10 0 0 0 0 0 0 0 0 0 0 0 
1217 10 0 0 0 0 0 0 0 0 0 0 0 
1218 10 0 0 0 0 0 0 0 0 0 0 0 
1219 10 0 0 0 0 0 0 0 0 0 0 0 
1220 10 0 0 0 0 0 0 0 0 0 0 0 
1221 10 0 0 0 0 0 0 0 0 0 0 0 
1222 10 0 0 0 0 0 0 0 0 0 0 0 
1223 10 0 0 0 0 0 0 0 0 0 0 0 
1224 10 0 0 0 0 0 0 0 0 0 0 0 
1225 10 0 0 0 0 0 0 0 0 0 0 0 
1226 10 0 0 0 0 0 0 0 0 0 0 0 
1227 10 0 0 0 0 0 0 0 0 0 0 0 
1228 10 0 0 0 0 0 0 0 0 0 0 0 
1229 10 0 0 0 0 0 0 0 0 0 0 0 
1230 10 0 0 0 0 0 0 0 0 0 0 0 
1231 10 0 0 0 0 0 0 0 0 0 0 0 
1232 10 0 0 0 0 0 0 0 0 0 0 0 
1233 10 0 0 0 0 0 0 0 0 0 0 0 
1234 10 0 0 0 0 0 0 0 0 0 0 0 
1235 10 0 0 0 0 0 0 0 0 0 0 0 
1236 10 0 0 0 0 0 0 0 0 0 0 0 
1237 10 0 0 0 0 0 0 0 0 0 0 0 
1238 10 0 0 0 0 0 0 0 0 0 0 0 
1239 10 0 0 0 0 0 0 0 0 0 0 0 
1240 10 0 0 0 0 0 0 0 0 0 0 0 
1241 10 0 0 0 0 0 0 0 0 0 0 0 
1242 10 0 0 0 0 0 0 0 0 0 0 0 
1243 10 0 0 0 0 0 0 0 0 0 0 0 
1244 10 0 0 0 0 0 0 0 0 0 0 0 
1245 10 0 0 0 0 0 0 0 0 0 0 0 
1246 10 0 0 0 0 0 0 0 0 0 0 0 
1247 10 0 0 0 0 0 0 0 0 0 0 0 
1248 10 0 0 0 0 0 0 0 0 0 0 0 
1249 10 0 0 0 0 0 0 0 0 0 0 0 
1250 10 0 0 0 0 0 0 0 0 0 0 0 
1251 10 0 0 0 0 0 0 0 0 0 0 0 
1252 10 0 0 0 0 0 0 0 0 0 0 0 
1253 10 0 0 0 0 0 0 0 0 0 0 0 
1254 10 0 0 0 0 0 0 0 0 0 0 0 
1255 10 0 0 0 0 0 0 0 0 0 0 0 
1256 10 0 0 0 0 0 0 0 0 0 0 0 
1257 10 0 0 0 0 0 0 0 0 0 0 0 
1258 10 0 0 0 0 0 0 0 0 0 0 0 
1259 10 0 0 0 0 0 0 0 0 0 0 0 
1260 10 0 0 0 0 0 0 0 0 0 0 0 
1261 10 0 0 0 0 0 0 0 0 0 0 0 
1262 10 0 0 0 0 0 0 0 0 0 0 0 
1263 10 0 0 0 0 0 0 0 0 0 0 0 
1264 10 0 0 0 0 0 0 0 0 0 0 0 
1265 10 0 0 0 0 0 0 0 0 0 0 0 
1266 10 0 0 0 0 0 0 0 0 0 0 0 
1267 10 0 0 0 0 0 0 0 0 0 0 0 
1268 10 0 0 0 0 0 0 0 0 0 0 0 
1269 10 0 0 0 0 0 0 0 0 0 0 0 
1270 10 0 0 0 0 0 0 0 0 0 0 0 
1271 10 0 0 0 0 0 0 0 0 0 0 0 
1272 10 0 0 0 0 0 0 0 0 0 0 0 
1273 10 0 0 0 0 0 0 0 0 0 0 0 
1274 10 0 0 0 0 0 0 0 0 0 0 0 
1275 10 0 0 0 0 0 0 0 0 0 0 0 
1276 10 0 0 0 0 0 0 0 0 0 0 0 
1277 10 0 0 0 0 0 0 0 0 0 0 0 
1278 10 0 0 0 0 0 0 0 0 0 0 0 
1279 10 0 0 0 0 0 0 0 0 0 0 0 
1280 10 0 0 0 0 0 0 0 0 0 0 0 
1281 10 0 0 0 0 0 0 0 0 0 0 0 
1282 10 0 0 0 0 0 0 0 0 0 0 0 
1283 10 0 0 0 0 0 0 0 0 0 0 0 
1284 10 0 0 0 0 0 0 0 0 0 0 0 
1285 10 0 0 0 0 0 0 0 0 0 0 0 
1286 10 0 0 0 0 0 0 0 0 0 0 0 
1287 10 0 0 0 0 0 0 0 0 0 0 0 
1288 10 0 0 0 0 0 0 0 0 0 0 0 
1289 10 0 0 0 0 0 0 0 0 0 0 0 
1290 10 0 0 0 0 0 0 0 0 0 0 0 
1291 10 0 0 0 0 0 0 0 0 0 0 0 
1292 10 0 0 0 0 0 0 0 0 0 0 0 
1293 10 0 0 0 0 0 0 0 0 0 0 0 
1294 10 0 0 0 0 0 0 0 0 0 0 0 
1295 10 0 0 0 0 0 0 0 0 0 0 0 
1296 10 0 0 0 0 0 0 0 0 0 0 0 
1297 10 0 0 0 0 0 0 0 0 0 0 0 
1298 10 0 0 0 0 0 0 0 0 0 0 0 
1299 10 0 0 0 0 0 0 0 0 0 0 0 
1300 10 0 0 0 0 0 0 0 0 0 0 0 
1301 10 0 0 0 0 0 0 0 0 0 0 0 
1302 10 0 0 0 0 0 0 0 0 0 0 0 
1303 10 0 0 0 0 0 0 0 0 0 0 0 
1304 10 0 0 0 0 0 0 0 0 0 0 0 
1305 10 0 0 0 0 0 0 0 0 0 0 0 
1306 10 0 0 0 0 0 0 0 0 0 0 0 
1307 10 0 0 0 0 0 0 0 0 0 0 0 
1308 10 0 0 0 0 0 0 0 0 0 0 0 
1309 10 0 0 0 0 0 0 0 0 0 0 0 
1310 10 0 0 0 0 0 0 0 0 0 0 0 
1311 10 0 0 0 0 0 0 0 0 0 0 0 
1312 10 0 0 0 0 0 0 0 0 0 0 0 
1313 10 0 0 0 0 0 0 0 0 0 0 0 
1314 10 0 0 0 0 0 0 0 0 0 0 0 
1315 10 0 0 0 0 0 0 0 0 0 0 0 
1316 10 0 0 0 0 0 0 0 0 0 0 0 
1317 10 0 0 0 0 0 0 0 0 0 0 0 
1318 10 0 0 0 0 0 0 0 0 0 0 0 
1319 10 0 0 0 0 0 0 0 0 0 0 0 
1320 10 0 0 0 0 0 0 0 0 0 0 0 
1321 10 0 0 0 0 0 0 0 0 0 0 0 
1322 10 0 0 0 0 0 0 0 0 0 0 0 
1323 10 0 0 0 0 0 0 0 0 0 0 0 
1324 10 0 0 0 0 0 0 0 0 0 0 0 
1325 10 0 0 0 0 0 0 0 0 0 0 0 
1326 10 0 0 0 0 0 0 0 0 0 0 0 
1327 10 0 0 0 0 0 0 0 0 0 0 0 
1328 10 0 0 0 0 0 0 0 0 0 0 0 
1329 10 0 0 0 0 0 0 0 0 0 0 0 
1330 10 0 0 0 0 0 0 0 0 0 0 0 
1331 10 0 0 0 0 0 0 0 0 0 0 0 
1332 10 0 0 0 0 0 0 0 0 0 0 0 
1333 10 0 0 0 0 0 0 0 0 0 0 0 
1334 10 0 0 0 0 0 0 0 0 0 0 0 
1335 10 0 0 0 0 0 0 0 0 0 0 0 
1336 10 0 0 0 0 0 0 0 0 0 0 0 
1337 10 0 0 0 0 0 0 0 0 0 0 0 
1338 10 0 0 0 0 0 0 0 0 0 0 0 
1339 10 0 0 0 0 0 0 0 0 0 0 0 
1340 10 0 0 0 0 0 0 0 0 0 0 0 
1341 10 0 0 0 0 0 0 0 0 0 0 0 
1342 10 0 0 0 0 0 0 0 0 0 0 0 
1343 10 0 0 0 0 0 0 0 0 0 0 0 
1344 10 0 0 0 0 0 0 0 0 0 0 0 
1345 10 0 0 0 0 0 0 0 0 0 0 0 
1346 10 0 0 0 0 0 0 0 0 0 0 0 
1347 10 0 0 0 0 0 0 0 0 0 0 0 
1348 10 0 0 0 0 0 0 0 0 0 0 0 
1349 10 0 0 0 0 0 0 0 0 0 0 0 
1350 10 0 0 0 0 0 0 0 0 0 0 0 
1351 10 0 0 0 0 0 0 0 0 0 0 0 
1352 10 0 0 0 0 0 0 0 0 0 0 0 
1353 10 0 0 0 0 0 0 0 0 0 0 0 
1354 10 0 0 0 0 0 0 0 0 0 0 0 
1355 10 0 0 0 0 0 0 0 0 0 0 0 
1356 10 0 0 0 0 0 0 0 0 0 0 0 
1357 10 0 0 0 0 0 0 0 0 0 0 0 
1358 10 0 0 0 0 0 0 0 0 0 0 0 
1359 10 0 0 0 0 0 0 0 0 0 0 0 
1360 10 0 0 0 0 0 0 0 0 0 0 0 
1361 10 0 0 0 0 0 0 0 0 0 0 0 
1362 10 0 0 0 0 0 0 0 0 0 0 0 
1363 10 0 0 0 0 0 0 0 0 0 0 0 
1364 10 0 0 0 0 0 0 0 0 0 0 0 
1365 10 0 0 0 0 0 0 0 0 0 0 0 
1366 10 0 0 0 0 0 0 0 0 0 0 0 
1367 10 0 0 0 0 0 0 0 0 0 0 0 
1368 10 0 0 0 0 0 0 0 0 0 0 0 
1369 10 0 0 0 0 0 0 0 0 0 0 0 
1370 10 0 0 0 0 0 0 0 0 0 0 0 
1371 10 0 0 0 0 0 0 0 0 0 0 0 
1372 10 0 0 0 0 0 0 0 0 0 0 0 
1373 10 0 0 0 0 0 0 0 0 0 0 0 
1374 10 0 0 0 0 0 0 0 0 0 0 0 
1375 10 0 0 0 0 0 0 0 0 0 0 0 
1376 10 0 0 0 0 0 0 0 0 0 0 0 
1377 10 0 0 0 0 0 0 0 0 0 0 0 
1378 10 0 0 0 0 0 0 0 0 0 0 0 
1379 10 0 0 0 0 0 0 0 0 0 0 0 
1380 10 0 0 0 0 0 0 0 0 0 0 0 
1381 10 0 0 0 0 0 0 0 0 0 0 0 
1382 10 0 0 0 0 0 0 0 0 0 0 0 
1383 10 0 0 0 0 0 0 0 0 0 0 0 
1384 10 0 0 0 0 0 0 0 0 0 0 0 
1385 10 0 0 0 0 0 0 0 0 0 0 0 
1386 10 0 0 0 0 0 0 0 0 0 0 0 
1387 10 0 0 0 0 0 0 0 0 0 0 0 
1388 10 0 0 0 0 0 0 0 0 0 0 0 
1389 10 0 0 0 0 0 0 0 0 0 0 0 
1390 10 0 0 0 0 0 0 0 0 0 0 0 
1391 10 0 0 0 0 0 0 0 0 0 0 0 
1392 10 0 0 0 0 0 0 0 0 0 0 0 
1393 10 0 0 0 0 0 0 0 0 0 0 0 
1394 10 0 0 0 0 0 0 0 0 0 0 0 
1395 10 0 0 0 0 0 0 0 0 0 0 0 
1396 10 0 0 0 0 0 0 0 0 0 0 0 
1397 10 0 0 0 0 0 0 0 0 0 0 0 
1398 10 0 0 0 0 0 0 0 0 0 0 0 
1399 10 0 0 0 0 0 0 0 0 0 0 0 
1400 10 0 0 0 0 0 0 0 0 0 0 0 
1401 10 0 0 0 0 0 0 0 0 0 0 0 
1402 10 0 0 0 0 0 0 0 0 0 0 0 
1403 10 0 0 0 0 0 0 0 0 0 0 0 
1404 10 0 0 0 0 0 0 0 0 0 0 0 
1405 10 0 0 0 0 0 0 0 0 0 0 0 
1406 10 0 0 0 0 0 0 0 0 0 0 0 
1407 10 0 0 0 0 0 0 0 0 0 0 0 
1408 10 0 0 0 0 0 0 0 0 0 0 0 
1409 10 0 0 0 0 0 0 0 0 0 0 0 
1410 10 0 0 0 0 0 0 0 0 0 0 0 
1411 10 0 0 0 0 0 0 0 0 0 0 0 
1412 10 0 0 0 0 0 0 0 0 0 0 0 
1413 10 0 0 0 0 0 0 0 0 0 0 0 
1414 10 0 0 0 0 0 0 0 0 0 0 0 
1415 10 0 0 0 0 0 0 0 0 0 0 0 
1416 10 0 0 0 0 0 0 0 0 0 0 0 
1417 10 0 0 0 0 0 0 0 0 0 0 0 
1418 10 0 0 0 0 0 0 0 0 0 0 0 
1419 10 0 0 0 0 0 0 0 0 0 0 0 
1420 10 0 0 0 0 0 0 0 0 0 0 0 
1421 10 0 0 0 0 0 0 0 0 0 0 0 
1422 10 0 0 0 0 0 0 0 0 0 0 0 
1423 10 0 0 0 0 0 0 0 0 0 0 0 
1424 10 0 0 0 0 0 0 0 0 0 0 0 
1425 10 0 0 0 0 0 0 0 0 0 0 0 
1426 10 0 0 0 0 0 0 0 0 0 0 0 
1427 10 0 0 0 0 0 0 0 0 0 0 0 
1428 10 0 0 0 0 0 0 0 0 0 0 0 
1429 10 0 0 0 0 0 0 0 0 0 0 0 
1430 10 0 0 0 0 0 0 0 0 0 0 0 
1431 10 0 0 0 0 0 0 0 0 0 0 0 
1432 10 0 0 0 0 0 0 0 0 0 0 0 
1433 10 0 0 0 0 0 0 0 0 0 0 0 
1434 10 0 0 0 0 0 0 0 0 0 0 0 
1435 10 0 0 0 0 0 0 0 0 0 0 0 
1436 10 0 0 0 0 0 0 0 0 0 0 0 
1437 10 0 0 0 0 0 0 0 0 0 0 0 
1438 10 0 0 0 0 0 0 0 0 0 0 0 
1439 10 0 0 0 0 0 0 0 0 0 0 0 
1440 10 0 0 0 0 0 0 0 0 0 0 0 
1441 10 0 0 0 0 0 0 0 0 0 0 0 
1442 10 0 0 0 0 0 0 0 0 0 0 0 
1443 10 0 0 0 0 0 0 0 0 0 0 0 
1444 10 0 0 0 0 0 0 0 0 0 0 0 
1445 10 0 0 0 0 0 0 0 0 0 0 0 
1446 10 0 0 0 0 0 0 0 0 0 0 0 
1447 10 0 0 0 0 0 0 0 0 0 0 0 
1448 10 0 0 0 0 0 0 0 0 0 0 0 
1449 10 0 0 0 0 0 0 0 0 0 0 0 
1450 10 0 0 0 0 0 0 0 0 0 0 0 
1451 10 0 0 0 0 0 0 0 0 0 0 0 
1452 10 0 0 0 0 0 0 0 0 0 0 0 
1453 10 0 0 0 0 0 0 0 0 0 0 0 
1454 10 0 0 0 0 0 0 0 0 0 0 0 
1455 10 0 0 0 0 0 0 0 0 0 0 0 
1456 10 0 0 0 0 0 0 0 0 0 0 0 
1457 10 0 0 0 0 0 0 0 0 0 0 0 
1458 10 0 0 0 0 0 0 0 0 0 0 0 
1459 10 0 0 0 0 0 0 0 0 0 0 0 
1460 10 0 0 0 0 0 0 0 0 0 0 0 
1461 10 0 0 0 0 0 0 0 0 0 0 0 
1462 10 0 0 0 0 0 0 0 0 0 0 0 
1463 10 0 0 0 0 0 0 0 0 0 0 0 
1464 10 0 0 0 0 0 0 0 0 0 0 0 
1465 10 0 0 0 0 0 0 0 0 0 0 0 
1466 10 0 0 0 0 0 0 0 0 0 0 0 
1467 10 0 0 0 0 0 0 0 0 0 0 0 
1468 10 0 0 0 0 0 0 0 0 0 0 0 
1469 10 0 0 0 0 0 0 0 0 0 0 0 
1470 10 0 0 0 0 0 0 0 0 0 0 0 
1471 10 0 0 0 0 0 0 0 0 0 0 0 
1472 10 0 0 0 0 0 0 0 0 0 0 0 
1473 10 0 0 0 0 0 0 0 0 0 0 0 
1474 10 0 0 0 0 0 0 0 0 0 0 0 
1475 10 0 0 0 0 0 0 0 0 0 0 0 
1476 10 0 0 0 0 0 0 0 0 0 0 0 
1477 10 0 0 0 0 0 0 0 0 0 0 0 
1478 10 0 0 0 0 0 0 0 0 0 0 0 
1479 10 0 0 0 0 0 0 0 0 0 0 0 
1480 10 0 0 0 0 0 0 0 0 0 0 0 
1481 10 0 0 0 0 0 0 0 0 0 0 0 
1482 10 0 0 0 0 0 0 0 0 0 0 0 
1483 10 0 0 0 0 0 0 0 0 0 0 0 
1484 10 0 0 0 0 0 0 0 0 0 0 0 
1485 10 0 0 0 0 0 0 0 0 0 0 0 
1486 10 0 0 0 0 0 0 0 0 0 0 0 
1487 10 0 0 0 0 0 0 0 0 0 0 0 
1488 10 0 0 0 0 0 0 0 0 0 0 0 
1489 10 0 0 0 0 0 0 0 0 0 0 0 
1490 10 0 0 0 0 0 0 0 0 0 0 0 
1491 10 0 0 0 0 0 0 0 0 0 0 0 
1492 10 0 0 0 0 0 0 0 0 0 0 0 
1493 10 0 0 0 0 0 0 0 0 0 0 0 
1494 10 0 0 0 0 0 0 0 0 0 0 0 
1495 10 0 0 0 0 0 0 0 0 0 0 0 
1496 10 0 0 0 0 0 0 0 0 0 0 0 
1497 10 0 0 0 0 0 0 0 0 0 0 0 
1498 10 0 0 0 0 0 0 0 0 0 0 0 
1499 10 0 0 0 0 0 0 0 0 0 0 0 
1500 10 0 0 0 0 0 0 0 0 0 0 0 
1501 10 0 0 0 0 0 0 0 0 0 0 0 
1502 10 0 0 0 0 0 0 0 0 0 0 0 
1503 10 0 0 0 0 0 0 0 0 0 0 0 
1504 10 0 0 0 0 0 0 0 0 0 0 0 
1505 10 0 0 0 0 0 0 0 0 0 0 0 
1506 10 0 0 0 0 0 0 0 0 0 0 0 
1507 10 0 0 0 0 0 0 0 0 0 0 0 
1508 10 0 0 0 0 0 0 0 0 0 0 0 
1509 10 0 0 0 0 0 0 0 0 0 0 0 
1510 10 0 0 0 0 0 0 0 0 0 0 0 
1511 10 0 0 0 0 0 0 0 0 0 0 0 
1512 10 0 0 0 0 0 0 0 0 0 0 0 
1513 10 0 0 0 0 0 0 0 0 0 0 0 
1514 10 0 0 0 0 0 0 0 0 0 0 0 
1515 10 0 0 0 0 0 0 0 0 0 0 0 
1516 10 0 0 0 0 0 0 0 0 0 0 0 
1517 10 0 0 0 0 0 0 0 0 0 0 0 
1518 10 0 0 0 0 0 0 0 0 0 0 0 
1519 10 0 0 0 0 0 0 0 0 0 0 0 
1520 10 0 0 0 0 0 0 0 0 0 0 0 
1521 10 0 0 0 0 0 0 0 0 0 0 0 
1522 10 0 0 0 0 0 0 0 0 0 0 0 
1523 10 0 0 0 0 0 0 0 0 0 0 0 
1524 10 0 0 0 0 0 0 0 0 0 0 0 
1525 10 0 0 0 0 0 0 0 0 0 0 0 
1526 10 0 0 0 0 0 0 0 0 0 0 0 
1527 10 0 0 0 0 0 0 0 0 0 0 0 
1528 10 0 0 0 0 0 0 0 0 0 0 0 
1529 10 0 0 0 0 0 0 0 0 0 0 0 
1530 10 0 0 0 0 0 0 0 0 0 0 0 
1531 10 0 0 0 0 0 0 0 0 0 0 0 
1532 10 0 0 0 0 0 0 0 0 0 0 0 
1533 10 0 0 0 0 0 0 0 0 0 0 0 
1534 10 0 0 0 0 0 0 0 0 0 0 0 
1535 10 0 0 0 0 0 0 0 0 0 0 0 
1536 10 0 0 0 0 0 0 0 0 0 0 0 
1537 10 0 0 0 0 0 0 0 0 0 0 0 
1538 10 0 0 0 0 0 0 0 0 0 0 0 
1539 10 0 0 0 0 0 0 0 0 0 0 0 
1540 10 0 0 0 0 0 0 0 0 0 0 0 
1541 10 0 0 0 0 0 0 0 0 0 0 0 
1542 10 0 0 0 0 0 0 0 0 0 0 0 
1543 10 0 0 0 0 0 0 0 0 0 0 0 
1544 10 0 0 0 0 0 0 0 0 0 0 0 
1545 10 0 0 0 0 0 0 0 0 0 0 0 
1546 10 0 0 0 0 0 0 0 0 0 0 0 
1547 10 0 0 0 0 0 0 0 0 0 0 0 
1548 10 0 0 0 0 0 0 0 0 0 0 0 
1549 10 0 0 0 0 0 0 0 0 0 0 0 
1550 10 0 0 0 0 0 0 0 0 0 0 0 
1551 10 0 0 0 0 0 0 0 0 0 0 0 
1552 10 0 0 0 0 0 0 0 0 0 0 0 
1553 10 0 0 0 0 0 0 0 0 0 0 0 
1554 10 0 0 0 0 0 0 0 0 0 0 0 
1555 10 0 0 0 0 0 0 0 0 0 0 0 
1556 10 0 0 0 0 0 0 0 0 0 0 0 
1557 10 0 0 0 0 0 0 0 0 0 0 0 
1558 10 0 0 0 0 0 0 0 0 0 0 0 
1559 10 0 0 0 0 0 0 0 0 0 0 0 
1560 10 0 0 0 0 0 0 0 0 0 0 0 
1561 10 4 0 0 0 0 0 0 0 0 0 0 
1562 10 5 0 0 0 0 0 0 0 0 0 0 
1563 10 0 0 0 0 0 0 0 0 0 0 0 
1564 10 0 0 0 0 0 0 0 0 0 0 0 
1565 10 0 0 0 0 0 0 0 0 0 0 0 
1566 10 0 0 0 0 0 0 0 0 0 0 0 
1567 10 0 0 0 0 0 0 0 0 0 0 0 
1568 10 0 0 0 0 0 0 0 0 0 0 0 
1569 10 0 0 0 0 0 0 0 0 0 0 0 
1570 10 0 0 0 0 0 0 0 0 0 0 0 
1571 10 0 0 0 0 0 0 0 0 0 0 0 
1572 10 0 0 0 0 0 0 0 0 0 0 0 
1573 10 0 0 0 0 0 0 0 0 0 0 0 
1574 10 0 0 0 0 0 0 0 0 0 0 0 
1575 10 0 0 0 0 0 0 0 0 0 0 0 
1576 10 0 0 0 0 0 0 0 0 0 0 0 
1577 10 0 0 0 0 0 0 0 0 0 0 0 
1578 10 0 0 0 0 0 0 0 0 0 0 0 
1579 10 0 0 0 0 0 0 0 0 0 0 0 
1580 10 0 0 0 0 0 0 0 0 0 0 0 
1581 10 0 0 0 0 0 0 0 0 0 0 0 
1582 10 0 0 0 0 0 0 0 0 0 0 0 
1583 10 8 0 0 0 0 0 0 0 0 0 0 
1584 10 9 0 0 0 0 0 0 0 0 0 0 
1585 10 0 0 0 0 0 0 0 0 0 0 0 
1586 10 0 0 0 0 0 0 0 0 0 0 0 
1587 10 0 0 0 0 0 0 0 0 0 0 0 
1588 10 0 0 0 0 0 0 0 0 0 0 0 
1589 10 0 0 0 0 0 0 0 0 0 0 0 
1590 10 0 0 0 0 0 0 0 0 0 0 0 
1591 10 0 0 0 0 0 0 0 0 0 0 0 
1592 10 0 0 0 0 0 0 0 0 0 0 0 
1593 10 13 0 0 0 0 0 0 0 0 0 0 
1594 10 14 0 0 0 0 0 0 0 0 0 0 
1595 10 0 0 0 0 0 0 0 0 0 0 0 
1596 10 0 0 0 0 0 0 0 0 0 0 0 
1597 10 0 0 0 0 0 0 0 0 0 0 0 
1598 10 0 0 0 0 0 0 0 0 0 0 0 
1599 10 0 0 0 0 0 0 0 0 0 0 0 
1600 10 0 0 0 0 0 0 0 0 0 0 0 
1601 10 0 0 0 0 0 0 0 0 0 0 0 
1602 10 0 0 0 0 0 0 0 0 0 0 0 
1603 10 0 0 0 0 0 0 0 0 0 0 0 
1604 10 0 0 0 0 0 0 0 0 0 0 0 
1605 10 0 0 0 0 0 0 0 0 0 0 0 
1606 10 0 0 0 0 0 0 0 0 0 0 0 
1607 10 0 0 0 0 0 0 0 0 0 0 0 
1608 10 0 0 0 0 0 0 0 0 0 0 0 
1609 10 0 0 0 0 0 0 0 0 0 0 0 
1610 10 0 0 0 0 0 0 0 0 0 0 0 
1611 10 0 0 0 0 0 0 0 0 0 0 0 
1612 10 0 0 0 0 0 0 0 0 0 0 0 
1613 10 0 0 0 0 0 0 0 0 0 0 0 
1614 10 0 0 0 0 0 0 0 0 0 0 0 
1615 10 0 0 0 0 0 0 0 0 0 0 0 
1616 10 0 0 0 0 0 0 0 0 0 0 0 
1617 10 0 0 0 0 0 0 0 0 0 0 0 
1618 10 0 0 0 0 0 0 0 0 0 0 0 
1619 10 0 0 0 0 0 0 0 0 0 0 0 
1620 10 0 0 0 0 0 0 0 0 0 0 0 
1621 10 0 0 0 0 0 0 0 0 0 0 0 
1622 10 0 0 0 0 0 0 0 0 0 0 0 
1623 10 0 0 0 0 0 0 0 0 0 0 0 
1624 10 0 0 0 0 0 0 0 0 0 0 0 
1625 10 0 0 0 0 0 0 0 0 0 0 0 
1626 10 0 0 0 0 0 0 0 0 0 0 0 
1627 10 0 0 0 0 0 0 0 0 0 0 0 
1628 10 0 0 0 0 0 0 0 0 0 0 0 
1629 10 0 0 0 0 0 0 0 0 0 0 0 
1630 10 0 0 0 0 0 0 0 0 0 0 0 
1631 10 0 0 0 0 0 0 0 0 0 0 0 
1632 10 0 0 0 0 0 0 0 0 0 0 0 
1633 10 0 0 0 0 0 0 0 0 0 0 0 
1634 10 0 0 0 0 0 0 0 0 0 0 0 
1635 10 18 0 0 0 0 0 0 0 0 0 0 
1636 10 19 0 0 0 0 0 0 0 0 0 0 
1637 10 20 0 0 0 0 0 0 0 0 0 0 
1638 10 21 0 0 0 0 0 0 0 0 0 0 
1639 10 0 0 0 0 0 0 0 0 0 0 0 
1640 10 0 0 0 0 0 0 0 0 0 0 0 
1641 10 0 0 0 0 0 0 0 0 0 0 0 
1642 10 0 0 0 0 0 0 0 0 0 0 0 
1643 10 0 0 0 0 0 0 0 0 0 0 0 
1644 10 0 0 0 0 0 0 0 0 0 0 0 
1645 10 0 0 0 0 0 0 0 0 0 0 0 
1646 10 0 0 0 0 0 0 0 0 0 0 0 
1647 10 0 0 0 0 0 0 0 0 0 0 0 
1648 10 0 0 0 0 0 0 0 0 0 0 0 
1649 10 0 0 0 0 0 0 0 0 0 0 0 
1650 10 0 0 0 0 0 0 0 0 0 0 0 
1651 10 0 0 0 0 0 0 0 0 0 0 0 
1652 10 0 0 0 0 0 0 0 0 0 0 0 
1653 10 0 0 0 0 0 0 0 0 0 0 0 
1654 10 0 0 0 0 0 0 0 0 0 0 0 
1655 10 0 0 0 0 0 0 0 0 0 0 0 
1656 10 0 0 0 0 0 0 0 0 0 0 0 
1657 10 0 0 0 0 0 0 0 0 0 0 0 
1658 10 0 0 0 0 0 0 0 0 0 0 0 
1659 10 0 0 0 0 0 0 0 0 0 0 0 
1660 10 0 0 0 0 0 0 0 0 0 0 0 
1661 10 0 0 0 0 0 0 0 0 0 0 0 
1662 10 0 0 0 0 0 0 0 0 0 0 0 
1663 10 0 0 0 0 0 0 0 0 0 0 0 
1664 10 0 0 0 0 0 0 0 0 0 0 0 
1665 10 0 0 0 0 0 0 0 0 0 0 0 
1666 10 0 0 0 0 0 0 0 0 0 0 0 
1667 10 0 0 0 0 0 0 0 0 0 0 0 
1668 10 0 0 0 0 0 0 0 0 0 0 0 
1669 10 0 0 0 0 0 0 0 0 0 0 0 
1670 10 0 0 0 0 0 0 0 0 0 0 0 
1671 10 0 0 0 0 0 0 0 0 0 0 0 
1672 10 0 0 0 0 0 0 0 0 0 0 0 
1673 10 0 0 0 0 0 0 0 0 0 0 0 
1674 10 0 0 0 0 0 0 0 0 0 0 0 
1675 10 0 0 0 0 0 0 0 0 0 0 0 
1676 10 0 0 0 0 0 0 0 0 0 0 0 
1677 10 0 0 0 0 0 0 0 0 0 0 0 
1678 10 0 0 0 0 0 0 0 0 0 0 0 
1679 10 0 0 0 0 0 0 0 0 0 0 0 
1680 10 0 0 0 0 0 0 0 0 0 0 0 
1681 10 0 0 0 0 0 0 0 0 0 0 0 
1682 10 0 0 0 0 0 0 0 0 0 0 0 
1683 10 0 0 0 0 0 0 0 0 0 0 0 
1684 10 0 0 0 0 0 0 0 0 0 0 0 
1685 10 0 0 0 0 0 0 0 0 0 0 0 
1686 10 0 0 0 0 0 0 0 0 0 0 0 
1687 10 0 0 0 0 0 0 0 0 0 0 0 
1688 10 0 0 0 0 0 0 0 0 0 0 0 
1689 10 0 0 0 0 0 0 0 0 0 0 0 
1690 10 0 0 0 0 0 0 0 0 0 0 0 
1691 10 0 0 0 0 0 0 0 0 0 0 0 
1692 10 0 0 0 0 0 0 0 0 0 0 0 
1693 10 0 0 0 0 0 0 0 0 0 0 0 
1694 10 0 0 0 0 0 0 0 0 0 0 0 
1695 10 0 0 0 0 0 0 0 0 0 0 0 
1696 10 0 0 0 0 0 0 0 0 0 0 0 
1697 10 0 0 0 0 0 0 0 0 0 0 0 
1698 10 0 0 0 0 0 0 0 0 0 0 0 
1699 10 0 0 0 0 0 0 0 0 0 0 0 
1700 10 0 0 0 0 0 0 0 0 0 0 0 
1701 10 0 0 0 0 0 0 0 0 0 0 0 
1702 10 0 0 0 0 0 0 0 0 0 0 0 
1703 10 0 0 0 0 0 0 0 0 0 0 0 
1704 10 0 0 0 0 0 0 0 0 0 0 0 
1705 10 0 0 0 0 0 0 0 0 0 0 0 
1706 10 0 0 0 0 0 0 0 0 0 0 0 
1707 10 0 0 0 0 0 0 0 0 0 0 0 
1708 10 0 0 0 0 0 0 0 0 0 0 0 
1709 10 0 0 0 0 0 0 0 0 0 0 0 
1710 10 0 0 0 0 0 0 0 0 0 0 0 
1711 10 0 0 0 0 0 0 0 0 0 0 0 
1712 10 0 0 0 0 0 0 0 0 0 0 0 
1713 10 0 0 0 0 0 0 0 0 0 0 0 
1714 10 0 0 0 0 0 0 0 0 0 0 0 
1715 10 0 0 0 0 0 0 0 0 0 0 0 
1716 10 0 0 0 0 0 0 0 0 0 0 0 
1717 10 0 0 0 0 0 0 0 0 0 0 0 
1718 10 0 0 0 0 0 0 0 0 0 0 0 
1719 10 0 0 0 0 0 0 0 0 0 0 0 
1720 10 0 0 0 0 0 0 0 0 0 0 0 
1721 10 0 0 0 0 0 0 0 0 0 0 0 
1722 10 0 0 0 0 0 0 0 0 0 0 0 
1723 10 0 0 0 0 0 0 0 0 0 0 0 
1724 10 0 0 0 0 0 0 0 0 0 0 0 
1725 10 0 0 0 0 0 0 0 0 0 0 0 
1726 10 0 0 0 0 0 0 0 0 0 0 0 
1727 10 0 0 0 0 0 0 0 0 0 0 0 
1728 10 0 0 0 0 0 0 0 0 0 0 0 
1729 10 0 0 0 0 0 0 0 0 0 0 0 
1730 10 0 0 0 0 0 0 0 0 0 0 0 
1731 10 0 0 0 0 0 0 0 0 0 0 0 
1732 10 0 0 0 0 0 0 0 0 0 0 0 
1733 10 0 0 0 0 0 0 0 0 0 0 0 
1734 10 0 0 0 0 0 0 0 0 0 0 0 
1735 10 0 0 0 0 0 0 0 0 0 0 0 
1736 10 0 0 0 0 0 0 0 0 0 0 0 
1737 10 0 0 0 0 0 0 0 0 0 0 0 
1738 10 0 0 0 0 0 0 0 0 0 0 0 
1739 10 0 0 0 0 0 0 0 0 0 0 0 
1740 10 0 0 0 0 0 0 0 0 0 0 0 
1741 10 0 0 0 0 0 0 0 0 0 0 0 
1742 10 0 0 0 0 0 0 0 0 0 0 0 
1743 10 0 0 0 0 0 0 0 0 0 0 0 
1744 10 0 0 0 0 0 0 0 0 0 0 0 
1745 10 0 0 0 0 0 0 0 0 0 0 0 
1746 10 0 0 0 0 0 0 0 0 0 0 0 
1747 10 0 0 0 0 0 0 0 0 0 0 0 
1748 10 0 0 0 0 0 0 0 0 0 0 0 
1749 10 0 0 0 0 0 0 0 0 0 0 0 
1750 10 0 0 0 0 0 0 0 0 0 0 0 
1751 10 0 0 0 0 0 0 0 0 0 0 0 
1752 10 0 0 0 0 0 0 0 0 0 0 0 
1753 10 0 0 0 0 0 0 0 0 0 0 0 
1754 10 0 0 0 0 0 0 0 0 0 0 0 
1755 10 0 0 0 0 0 0 0 0 0 0 0 
1756 10 0 0 0 0 0 0 0 0 0 0 0 
1757 10 0 0 0 0 0 0 0 0 0 0 0 
1758 10 0 0 0 0 0 0 0 0 0 0 0 
1759 10 0 0 0 0 0 0 0 0 0 0 0 
1760 10 0 0 0 0 0 0 0 0 0 0 0 
1761 10 0 0 0 0 0 0 0 0 0 0 0 
1762 10 0 0 0 0 0 0 0 0 0 0 0 
1763 10 28 0 0 0 0 0 0 0 0 0 0 
1764 10 29 0 0 0 0 0 0 0 0 0 0 
1765 10 0 0 0 0 0 0 0 0 0 0 0 
1766 10 0 0 0 0 0 0 0 0 0 0 0 
1767 10 0 0 0 0 0 0 0 0 0 0 0 
1768 10 0 0 0 0 0 0 0 0 0 0 0 
1769 10 32 0 0 0 0 0 0 0 0 0 0 
1770 10 33 0 0 0 0 0 0 0 0 0 0 
1771 10 0 0 0 0 0 0 0 0 0 0 0 
1772 10 0 0 0 0 0 0 0 0 0 0 0 
1773 10 0 0 0 0 0 0 0 0 0 0 0 
1774 10 0 0 0 0 0 0 0 0 0 0 0 
1775 10 0 0 0 0 0 0 0 0 0 0 0 
1776 10 0 0 0 0 0 0 0 0 0 0 0 
1777 10 0 0 0 0 0 0 0 0 0 0 0 
1778 10 0 0 0 0 0 0 0 0 0 0 0 
1779 10 0 0 0 0 0 0 0 0 0 0 0 
1780 10 0 0 0 0 0 0 0 0 0 0 0 
1781 10 0 0 0 0 0 0 0 0 0 0 0 
1782 10 0 0 0 0 0 0 0 0 0 0 0 
1783 10 0 0 0 0 0 0 0 0 0 0 0 
1784 10 0 0 0 0 0 0 0 0 0 0 0 
1785 10 0 0 0 0 0 0 0 0 0 0 0 
1786 10 0 0 0 0 0 0 0 0 0 0 0 
1787 10 0 0 0 0 0 0 0 0 0 0 0 
1788 10 0 0 0 0 0 0 0 0 0 0 0 
1789 10 0 0 0 0 0 0 0 0 0 0 0 
1790 10 0 0 0 0 0 0 0 0 0 0 0 
1791 10 0 0 0 0 0 0 0 0 0 0 0 
1792 10 0 0 0 0 0 0 0 0 0 0 0 
1793 10 0 0 0 0 0 0 0 0 0 0 0 
1794 10 0 0 0 0 0 0 0 0 0 0 0 
1795 10 0 0 0 0 0 0 0 0 0 0 0 
1796 10 0 0 0 0 0 0 0 0 0 0 0 
1797 10 0 0 0 0 0 0 0 0 0 0 0 
1798 10 0 0 0 0 0 0 0 0 0 0 0 
1799 10 0 0 0 0 0 0 0 0 0 0 0 
1800 10 0 0 0 0 0 0 0 0 0 0 0 
1801 10 0 0 0 0 0 0 0 0 0 0 0 
1802 10 0 0 0 0 0 0 0 0 0 0 0 
1803 10 0 0 0 0 0 0 0 0 0 0 0 
1804 10 0 0 0 0 0 0 0 0 0 0 0 
1805 10 0 0 0 0 0 0 0 0 0 0 0 
1806 10 0 0 0 0 0 0 0 0 0 0 0 
1807 10 0 0 0 0 0 0 0 0 0 0 0 
1808 10 0 0 0 0 0 0 0 0 0 0 0 
1809 10 0 0 0 0 0 0 0 0 0 0 0 
1810 10 0 0 0 0 0 0 0 0 0 0 0 
1811 10 0 0 0 0 0 0 0 0 0 0 0 
1812 10 0 0 0 0 0 0 0 0 0 0 0 
1813 10 0 0 0 0 0 0 0 0 0 0 0 
1814 10 0 0 0 0 0 0 0 0 0 0 0 
1815 10 0 0 0 0 0 0 0 0 0 0 0 
1816 10 0 0 0 0 0 0 0 0 0 0 0 
1817 10 0 0 0 0 0 0 0 0 0 0 0 
1818 10 0 0 0 0 0 0 0 0 0 0 0 
1819 10 0 0 0 0 0 0 0 0 0 0 0 
1820 10 0 0 0 0 0 0 0 0 0 0 0 
1821 10 0 0 0 0 0 0 0 0 0 0 0 
1822 10 0 0 0 0 0 0 0 0 0 0 0 
1823 10 0 0 0 0 0 0 0 0 0 0 0 
1824 10 0 0 0 0 0 0 0 0 0 0 0 
1825 10 0 0 0 0 0 0 0 0 0 0 0 
1826 10 0 0 0 0 0 0 0 0 0 0 0 
1827 10 0 0 0 0 0 0 0 0 0 0 0 
1828 10 0 0 0 0 0 0 0 0 0 0 0 
1829 10 0 0 0 0 0 0 0 0 0 0 0 
1830 10 0 0 0 0 0 0 0 0 0 0 0 
1831 10 0 0 0 0 0 0 0 0 0 0 0 
1832 10 0 0 0 0 0 0 0 0 0 0 0 
1833 10 0 0 0 0 0 0 0 0 0 0 0 
1834 10 0 0 0 0 0 0 0 0 0 0 0 
1835 10 0 0 0 0 0 0 0 0 0 0 0 
1836 10 0 0 0 0 0 0 0 0 0 0 0 
1837 10 0 0 0 0 0 0 0 0 0 0 0 
1838 10 0 0 0 0 0 0 0 0 0 0 0 
1839 10 0 0 0 0 0 0 0 0 0 0 0 
1840 10 0 0 0 0 0 0 0 0 0 0 0 
1841 10 0 0 0 0 0 0 0 0 0 0 0 
1842 10 0 0 0 0 0 0 0 0 0 0 0 
1843 10 0 0 0 0 0 0 0 0 0 0 0 
1844 10 0 0 0 0 0 0 0 0 0 0 0 
1845 10 0 0 0 0 0 0 0 0 0 0 0 
1846 10 0 0 0 0 0 0 0 0 0 0 0 
1847 10 0 0 0 0 0 0 0 0 0 0 0 
1848 10 0 0 0 0 0 0 0 0 0 0 0 
1849 10 0 0 0 0 0 0 0 0 0 0 0 
1850 10 0 0 0 0 0 0 0 0 0 0 0 
1851 10 0 0 0 0 0 0 0 0 0 0 0 
1852 10 0 0 0 0 0 0 0 0 0 0 0 
1853 10 0 0 0 0 0 0 0 0 0 0 0 
1854 10 0 0 0 0 0 0 0 0 0 0 0 
1855 10 0 0 0 0 0 0 0 0 0 0 0 
1856 10 0 0 0 0 0 0 0 0 0 0 0 
1857 10 0 0 0 0 0 0 0 0 0 0 0 
1858 10 0 0 0 0 0 0 0 0 0 0 0 
1859 10 0 0 0 0 0 0 0 0 0 0 0 
1860 10 0 0 0 0 0 0 0 0 0 0 0 
1861 10 0 0 0 0 0 0 0 0 0 0 0 
1862 10 0 0 0 0 0 0 0 0 0 0 0 
1863 10 0 0 0 0 0 0 0 0 0 0 0 
1864 10 0 0 0 0 0 0 0 0 0 0 0 
1865 10 0 0 0 0 0 0 0 0 0 0 0 
1866 10 0 0 0 0 0 0 0 0 0 0 0 
1867 10 0 0 0 0 0 0 0 0 0 0 0 
1868 10 0 0 0 0 0 0 0 0 0 0 0 
1869 10 0 0 0 0 0 0 0 0 0 0 0 
1870 10 0 0 0 0 0 0 0 0 0 0 0 
1871 10 0 0 0 0 0 0 0 0 0 0 0 
1872 10 0 0 0 0 0 0 0 0 0 0 0 
1873 10 0 0 0 0 0 0 0 0 0 0 0 
1874 10 0 0 0 0 0 0 0 0 0 0 0 
1875 10 0 0 0 0 0 0 0 0 0 0 0 
1876 10 0 0 0 0 0 0 0 0 0 0 0 
1877 10 0 0 0 0 0 0 0 0 0 0 0 
1878 10 0 0 0 0 0 0 0 0 0 0 0 
1879 10 0 0 0 0 0 0 0 0 0 0 0 
1880 10 0 0 0 0 0 0 0 0 0 0 0 
1881 10 0 0 0 0 0 0 0 0 0 0 0 
1882 10 0 0 0 0 0 0 0 0 0 0 0 
1883 10 0 0 0 0 0 0 0 0 0 0 0 
1884 10 0 0 0 0 0 0 0 0 0 0 0 
1885 10 0 0 0 0 0 0 0 0 0 0 0 
1886 10 0 0 0 0 0 0 0 0 0 0 0 
1887 10 0 0 0 0 0 0 0 0 0 0 0 
1888 10 0 0 0 0 0 0 0 0 0 0 0 
1889 10 0 0 0 0 0 0 0 0 0 0 0 
1890 10 0 0 0 0 0 0 0 0 0 0 0 
1891 10 0 0 0 0 0 0 0 0 0 0 0 
1892 10 0 0 0 0 0 0 0 0 0 0 0 
1893 10 0 0 0 0 0 0 0 0 0 0 0 
1894 10 0 0 0 0 0 0 0 0 0 0 0 
1895 10 0 0 0 0 0 0 0 0 0 0 0 
1896 10 0 0 0 0 0 0 0 0 0 0 0 
1897 10 0 0 0 0 0 0 0 0 0 0 0 
1898 10 0 0 0 0 0 0 0 0 0 0 0 
1899 10 0 0 0 0 0 0 0 0 0 0 0 
1900 10 0 0 0 0 0 0 0 0 0 0 0 
1901 10 0 0 0 0 0 0 0 0 0 0 0 
1902 10 0 0 0 0 0 0 0 0 0 0 0 
1903 10 0 0 0 0 0 0 0 0 0 0 0 
1904 10 0 0 0 0 0 0 0 0 0 0 0 
1905 10 0 0 0 0 0 0 0 0 0 0 0 
1906 10 0 0 0 0 0 0 0 0 0 0 0 
1907 10 0 0 0 0 0 0 0 0 0 0 0 
1908 10 0 0 0 0 0 0 0 0 0 0 0 
1909 10 0 0 0 0 0 0 0 0 0 0 0 
1910 10 0 0 0 0 0 0 0 0 0 0 0 
1911 10 0 0 0 0 0 0 0 0 0 0 0 
1912 10 0 0 0 0 0 0 0 0 0 0 0 
1913 10 0 0 0 0 0 0 0 0 0 0 0 
1914 10 0 0 0 0 0 0 0 0 0 0 0 
1915 10 0 0 0 0 0 0 0 0 0 0 0 
1916 10 0 0 0 0 0 0 0 0 0 0 0 
1917 10 0 0 0 0 0 0 0 0 0 0 0 
1918 10 0 0 0 0 0 0 0 0 0 0 0 
1919 10 0 0 0 0 0 0 0 0 0 0 0 
1920 10 0 0 0 0 0 0 0 0 0 0 0 
1921 10 0 0 0 0 0 0 0 0 0 0 0 
1922 10 0 0 0 0 0 0 0 0 0 0 0 
1923 10 0 0 0 0 0 0 0 0 0 0 0 
1924 10 0 0 0 0 0 0 0 0 0 0 0 
1925 10 0 0 0 0 0 0 0 0 0 0 0 
1926 10 0 0 0 0 0 0 0 0 0 0 0 
1927 10 0 0 0 0 0 0 0 0 0 0 0 
1928 10 0 0 0 0 0 0 0 0 0 0 0 
1929 10 0 0 0 0 0 0 0 0 0 0 0 
1930 10 0 0 0 0 0 0 0 0 0 0 0 
1931 10 0 0 0 0 0 0 0 0 0 0 0 
1932 10 0 0 0 0 0 0 0 0 0 0 0 
1933 10 0 0 0 0 0 0 0 0 0 0 0 
1934 10 0 0 0 0 0 0 0 0 0 0 0 
1935 10 0 0 0 0 0 0 0 0 0 0 0 
1936 10 0 0 0 0 0 0 0 0 0 0 0 
1937 10 0 0 0 0 0 0 0 0 0 0 0 
1938 10 0 0 0 0 0 0 0 0 0 0 0 
1939 10 0 0 0 0 0 0 0 0 0 0 0 
1940 10 0 0 0 0 0 0 0 0 0 0 0 
1941 10 0 0 0 0 0 0 0 0 0 0 0 
1942 10 0 0 0 0 0 0 0 0 0 0 0 
1943 10 0 0 0 0 0 0 0 0 0 0 0 
1944 10 0 0 0 0 0 0 0 0 0 0 0 
1945 10 0 0 0 0 0 0 0 0 0 0 0 
1946 10 0 0 0 0 0 0 0 0 0 0 0 
1947 10 0 0 0 0 0 0 0 0 0 0 0 
1948 10 0 0 0 0 0 0 0 0 0 0 0 
1949 10 0 0 0 0 0 0 0 0 0 0 0 
1950 10 0 0 0 0 0 0 0 0 0 0 0 
1951 10 0 0 0 0 0 0 0 0 0 0 0 
1952 10 0 0 0 0 0 0 0 0 0 0 0 
1953 10 0 0 0 0 0 0 0 0 0 0 0 
1954 10 0 0 0 0 0 0 0 0 0 0 0 
1955 10 0 0 0 0 0 0 0 0 0 0 0 
1956 10 0 0 0 0 0 0 0 0 0 0 0 
1957 10 0 0 0 0 0 0 0 0 0 0 0 
1958 10 0 0 0 0 0 0 0 0 0 0 0 
1959 10 0 0 0 0 0 0 0 0 0 0 0 
1960 10 0 0 0 0 0 0 0 0 0 0 0 
1961 10 0 0 0 0 0 0 0 0 0 0 0 
1962 10 0 0 0 0 0 0 0 0 0 0 0 
1963 10 0 0 0 0 0 0 0 0 0 0 0 
1964 10 0 0 0 0 0 0 0 0 0 0 0 
1965 10 0 0 0 0 0 0 0 0 0 0 0 
1966 10 0 0 0 0 0 0 0 0 0 0 0 
1967 10 0 0 0 0 0 0 0 0 0 0 0 
1968 10 0 0 0 0 0 0 0 0 0 0 0 
1969 10 0 0 0 0 0 0 0 0 0 0 0 
1970 10 0 0 0 0 0 0 0 0 0 0 0 
1971 10 0 0 0 0 0 0 0 0 0 0 0 
1972 10 0 0 0 0 0 0 0 0 0 0 0 
1973 10 0 0 0 0 0 0 0 0 0 0 0 
1974 10 0 0 0 0 0 0 0 0 0 0 0 
1975 10 0 0 0 0 0 0 0 0 0 0 0 
1976 10 0 0 0 0 0 0 0 0 0 0 0 
1977 10 0 0 0 0 0 0 0 0 0 0 0 
1978 10 0 0 0 0 0 0 0 0 0 0 0 
1979 10 0 0 0 0 0 0 0 0 0 0 0 
1980 10 0 0 0 0 0 0 0 0 0 0 0 
1981 10 0 0 0 0 0 0 0 0 0 0 0 
1982 10 0 0 0 0 0 0 0 0 0 0 0 
1983 10 0 0 0 0 0 0 0 0 0 0 0 
1984 10 0 0 0 0 0 0 0 0 0 0 0 
1985 10 0 0 0 0 0 0 0 0 0 0 0 
1986 10 0 0 0 0 0 0 0 0 0 0 0 
1987 10 0 0 0 0 0 0 0 0 0 0 0 
1988 10 0 0 0 0 0 0 0 0 0 0 0 
1989 10 0 0 0 0 0 0 0 0 0 0 0 
1990 10 0 0 0 0 0 0 0 0 0 0 0 
1991 10 0 0 0 0 0 0 0 0 0 0 0 
1992 10 0 0 0 0 0 0 0 0 0 0 0 
1993 10 0 0 0 0 0 0 0 0 0 0 0 
1994 10 0 0 0 0 0 0 0 0 0 0 0 
1995 10 0 0 0 0 0 0 0 0 0 0 0 
1996 10 0 0 0 0 0 0 0 0 0 0 0 
1997 10 0 0 0 0 0 0 0 0 0 0 0 
1998 10 0 0 0 0 0 0 0 0 0 0 0 
1999 10 0 0 0 0 0 0 0 0 0 0 0 
2000 10 0 0 0 0 0 0 0 0 0 0 0 
2001 10 0 0 0 0 0 0 0 0 0 0 0 
2002 10 0 0 0 0 0 0 0 0 0 0 0 
2003 10 0 0 0 0 0 0 0 0 0 0 0 
2004 10 0 0 0 0 0 0 0 0 0 0 0 
2005 10 0 0 0 0 0 0 0 0 0 0 0 
2006 10 0 0 0 0 0 0 0 0 0 0 0 
2007 10 0 0 0 0 0 0 0 0 0 0 0 
2008 10 0 0 0 0 0 0 0 0 0 0 0 
2009 10 0 0 0 0 0 0 0 0 0 0 0 
2010 10 0 0 0 0 0 0 0 0 0 0 0 
2011 10 0 0 0 0 0 0 0 0 0 0 0 
2012 10 0 0 0 0 0 0 0 0 0 0 0 
2013 10 0 0 0 0 0 0 0 0 0 0 0 
2014 10 0 0 0 0 0 0 0 0 0 0 0 
2015 10 0 0 0 0 0 0 0 0 0 0 0 
2016 10 0 0 0 0 0 0 0 0 0 0 0 
2017 10 0 0 0 0 0 0 0 0 0 0 0 
2018 10 0 0 0 0 0 0 0 0 0 0 0 
2019 10 0 0 0 0 0 0 0 0 0 0 0 
2020 10 0 0 0 0 0 0 0 0 0 0 0 
2021 10 0 0 0 0 0 0 0 0 0 0 0 
2022 10 0 0 0 0 0 0 0 0 0 0 0 
2023 10 0 0 0 0 0 0 0 0 0 0 0 
2024 10 0 0 0 0 0 0 0 0 0 0 0 
2025 10 0 0 0 0 0 0 0 0 0 0 0 
2026 10 0 0 0 0 0 0 0 0 0 0 0 
2027 10 0 0 0 0 0 0 0 0 0 0 0 
2028 10 0 0 0 0 0 0 0 0 0 0 0 
2029 10 0 0 0 0 0 0 0 0 0 0 0 
2030 10 0 0 0 0 0 0 0 0 0 0 0 
2031 10 0 0 0 0 0 0 0 0 0 0 0 
2032 10 0 0 0 0 0 0 0 0 0 0 0 
2033 10 0 0 0 0 0 0 0 0 0 0 0 
2034 10 0 0 0 0 0 0 0 0 0 0 0 
2035 10 0 0 0 0 0 0 0 0 0 0 0 
2036 10 0 0 0 0 0 0 0 0 0 0 0 
2037 10 0 0 0 0 0 0 0 0 0 0 0 
2038 10 0 0 0 0 0 0 0 0 0 0 0 
2039 10 0 0 0 0 0 0 0 0 0 0 0 
2040 10 0 0 0 0 0 0 0 0 0 0 0 
2041 10 0 0 0 0 0 0 0 0 0 0 0 
2042 10 0 0 0 0 0 0 0 0 0 0 0 
2043 10 0 0 0 0 0 0 0 0 0 0 0 
2044 10 0 0 0 0 0 0 0 0 0 0 0 
2045 10 0 0 0 0 0 0 0 0 0 0 0 
2046 10 0 0 0 0 0 0 0 0 0 0 0 

0 4 1 1 pack_1 0.0129218 21 19 28 78 9 33 96 -6 33 120 -11 33 120 -11 33 132 29 28 60 -16 33 132 -1 28 96 -16 28 120 19 28 60 -21 28 138 -6 28 120 -16 28 138 14 33 72 24 33 72 24 28 48 19 33 60 4 28 300 4 28 120 24 23 240 -6 33 96 
1 4 1 1 pack_1 0.0727273 10 4 38 96 19 33 96 9 38 96 9 28 294 24 18 240 -1 33 300 -6 33 138 14 18 240 -1 38 120 29 28 240 
2 4 1 1 pack_1 0.0495868 1 24 3 354 
3 4 1 1 pack_1 0.4 5 19 -2 354 24 -2 354 -6 -12 354 -1 -12 162 19 -17 132 
4 4 1 1 pack_1 0.642857 3 29 -57 96 -6 -12 162 -1 -12 156 
5 4 1 1 pack_1 0.971098 28 -11 -17 354 -16 -12 12 -6 -42 78 19 -52 48 24 -37 36 24 -42 36 -6 -27 162 -6 -52 78 -1 -17 156 29 -22 300 19 -57 24 -21 -17 24 -1 -57 354 -6 -22 12 -21 -17 204 14 -32 138 -6 -22 354 34 -57 138 -16 -17 24 -1 -57 12 9 -57 24 -21 -22 210 19 -57 354 24 -57 156 19 -22 138 24 -57 162 19 -22 132 39 -57 162 
6 4 1 1 pack_1 0.117647 1 9 -57 210 
7 4 1 1 pack_1 0.0707965 4 -11 33 294 -1 43 96 -6 38 96 -16 33 300 
8 4 1 1 pack_1 0.545455 1 -1 18 294 
9 4 1 1 pack_1 1 56 39 18 78 4 18 96 -1 18 96 24 23 72 9 -2 24 -6 23 300 19 18 60 29 18 240 4 23 300 19 18 294 14 23 120 -11 18 132 -11 23 120 -6 18 120 24 18 78 39 18 60 39 13 48 -6 13 96 -16 18 138 24 23 96 -6 23 138 29 18 78 24 18 72 -1 8 78 24 13 72 29 13 60 34 18 60 -1 23 138 -16 18 120 34 18 48 9 23 120 24 18 96 39 13 60 9 13 72 34 18 72 14 18 60 -16 18 294 14 13 60 -31 18 132 -16 23 96 -21 23 138 -16 23 156 -26 23 120 29 8 36 14 18 294 -31 18 156 -31 18 138 -16 18 96 -21 23 132 4 23 78 -21 23 120 9 13 240 -26 18 156 -26 23 162 -21 18 294 24 13 216 
10 4 1 1 pack_1 1 5 4 8 240 -26 13 138 -6 8 72 -36 8 132 -31 13 162 
11 4 1 1 pack_1 0.666667 5 -1 -37 96 19 -37 60 4 -37 78 4 -37 72 19 -57 60 
12 4 1 1 pack_1 0.84375 9 29 23 72 -26 28 162 29 33 48 -21 28 162 14 28 60 14 28 240 29 28 36 9 33 72 29 18 216 
13 4 1 1 pack_1 0.985955 117 39 28 60 19 28 120 39 23 78 24 33 96 19 -57 96 34 -57 60 29 -57 78 -1 33 138 24 -17 138 39 23 72 29 -42 60 34 28 78 29 28 96 29 -37 60 34 33 60 29 -47 60 39 18 36 9 -42 78 34 -57 48 19 23 294 9 -47 78 9 -32 78 -1 -52 96 29 -57 60 19 -42 60 19 -57 78 34 28 72 9 33 120 14 28 300 9 -32 96 -16 -52 120 -6 -52 96 -16 -42 120 34 -57 78 -16 -47 96 29 -37 48 -16 28 162 29 -57 48 -11 -12 12 24 33 240 -16 -57 96 34 -57 72 24 -32 60 9 -57 72 29 -52 240 39 23 60 19 28 294 24 -42 60 34 23 210 -11 -17 24 -16 33 156 9 -32 72 24 -52 60 -1 -42 78 19 -52 72 -21 -52 120 34 18 210 -21 -47 120 -1 -32 78 4 -47 78 -11 -57 120 9 -27 72 24 -37 240 9 -12 156 29 38 60 24 -57 48 -26 -52 120 19 38 72 4 -52 96 -1 33 78 14 -52 78 24 38 72 14 -42 78 -26 -12 210 4 -47 96 4 -42 96 -21 -57 138 4 -47 72 -21 28 294 -21 -32 138 -11 -47 96 -31 33 162 19 38 60 -1 28 72 19 43 72 29 -42 36 14 -32 60 34 38 36 14 -42 60 -26 -17 48 24 38 60 29 -52 36 4 33 78 -26 -52 132 -21 38 138 4 -2 354 29 8 24 -31 13 138 -26 33 132 -31 28 156 24 28 36 4 13 60 -6 13 78 24 43 60 19 -12 132 -11 -12 354 4 23 72 9 28 60 19 33 48 -1 23 72 -31 -17 60 -21 28 354 9 23 60 34 18 204 29 28 216 24 23 216 24 28 216 
14 4 1 1 pack_1 1 2 29 23 204 34 23 24 
15 4 1 1 pack_1 1 1 -21 -57 294 
16 4 1 1 pack_1 0.12 5 -6 18 138 4 18 132 4 18 138 34 13 72 4 33 12 
17 4 1 1 pack_1 0.271357 9 44 18 24 44 28 36 39 33 36 44 18 216 44 28 72 44 28 24 34 28 96 44 33 48 49 23 60 
18 4 1 1 pack_1 0.920703 2506 -11 58 216 44 3 12 -11 58 210 9 58 240 44 -32 96 -6 58 354 54 -2 48 34 -2 204 54 -17 60 54 -12 72 -46 -52 36 54 -7 78 4 58 162 19 58 210 49 -42 354 9 58 210 -16 58 216 -46 -47 120 44 -57 96 54 -22 156 54 -12 240 54 -17 72 -36 43 210 -46 -7 300 14 58 216 54 3 60 34 -37 120 -46 -22 36 -36 -52 78 -46 -7 36 29 23 120 54 -22 60 4 58 204 -1 58 36 -46 -27 36 39 -42 36 19 58 216 -46 3 162 54 -42 72 -46 -2 300 34 -27 300 34 -12 300 39 48 36 -46 -22 300 -41 18 24 54 -52 60 44 28 78 34 53 60 -51 8 138 44 -27 216 34 -17 120 54 -27 162 24 58 12 54 18 60 -36 43 162 -11 58 354 39 43 210 -36 -12 96 -46 18 36 49 13 132 -16 48 240 -46 -47 60 54 -52 72 -46 -12 72 54 -27 48 54 -2 354 -26 53 138 54 -17 162 -46 3 300 49 -17 12 -1 58 156 -41 33 156 -36 -42 96 34 28 216 -6 38 78 39 18 216 44 38 36 9 58 156 54 -37 48 -51 -42 138 -46 -32 36 49 -7 12 24 -27 204 44 28 162 34 33 156 54 -27 240 24 58 78 -6 53 78 49 -52 138 -46 8 72 -46 -42 204 -31 38 120 -11 53 240 44 23 138 49 23 162 -31 53 156 -51 -22 240 54 3 162 -21 28 78 -46 -17 72 -36 33 120 -6 58 36 -1 58 240 49 28 48 -31 33 294 54 -52 78 54 18 78 49 28 354 29 58 72 -1 58 72 39 53 36 39 -7 216 29 18 120 39 -52 120 44 -2 12 -31 -12 354 -21 53 48 44 -52 36 44 -42 96 -51 -17 138 44 33 78 54 8 132 54 18 156 24 43 156 -6 43 72 -36 -32 96 -51 -32 138 -6 48 72 34 8 300 -41 13 294 -26 48 48 34 -47 204 29 -27 204 -26 43 240 -46 23 60 54 8 78 39 23 138 34 48 72 -46 -32 204 49 23 72 -36 28 60 -31 53 24 34 58 36 -11 58 24 54 -17 138 -31 58 156 -21 58 132 -46 -47 72 -31 38 36 39 -42 120 54 -47 78 -41 28 24 -41 28 60 4 58 132 -51 8 132 -41 28 156 54 -12 354 -31 28 354 29 -47 210 -41 -17 78 44 -37 216 54 -22 354 24 43 138 -36 48 216 34 -37 210 -46 23 216 49 -27 36 54 -57 60 -46 -47 162 54 -17 132 54 8 72 -51 -47 240 54 23 60 -46 23 210 -46 -27 204 54 -32 354 -31 8 354 -46 13 72 -21 28 72 -41 28 132 54 -27 138 44 -42 36 -6 53 72 34 -22 204 -51 -7 156 19 53 138 29 13 300 -41 33 132 39 -52 12 -46 18 240 54 -22 132 39 43 72 -51 -32 216 -36 43 138 -46 28 156 39 13 204 4 58 48 49 8 36 44 43 24 -51 -27 162 54 18 162 -46 3 294 -21 53 132 59 8 72 19 33 300 24 53 156 44 43 204 -31 33 240 -51 8 240 -36 8 96 39 58 36 39 48 60 14 33 300 -36 33 48 -41 38 210 -51 -22 216 49 23 240 -46 -12 294 -41 38 216 -6 58 78 44 23 132 -41 -22 78 -41 -27 78 39 -32 24 -31 -17 354 39 38 24 54 -57 162 49 3 96 49 33 354 54 13 240 54 13 78 39 -7 24 -36 23 78 39 18 294 29 33 120 -21 58 24 54 -57 354 -41 23 60 54 -37 138 -36 53 216 -31 43 24 59 -17 48 44 53 210 -26 28 78 54 13 138 49 28 78 49 28 72 -51 -42 132 54 18 300 59 -12 162 49 18 294 49 18 156 -51 23 294 49 18 300 -51 -7 60 -51 18 294 39 -12 204 -56 18 12 59 -42 216 44 -47 120 -56 -37 72 -56 23 120 -56 -7 24 -36 -32 354 39 -42 210 59 18 132 59 -12 132 -56 23 156 54 -42 96 -41 18 96 59 -37 24 39 13 210 -56 -7 300 -56 -32 12 -51 18 48 -56 -7 120 -36 18 96 -41 -7 354 -56 18 204 -56 18 216 59 -37 48 -46 -32 12 -51 -32 48 -46 18 78 -51 18 240 -56 18 78 -51 18 78 -56 18 72 -51 18 96 -51 18 204 -51 18 210 49 -37 96 -46 18 294 49 -42 132 54 18 204 59 18 210 -56 -7 294 49 -42 162 59 -12 354 39 -42 204 59 18 48 54 -42 300 54 -42 138 -56 -32 156 34 -7 204 -51 -7 300 59 18 60 59 -37 60 59 -37 36 -51 -32 294 -51 -32 60 44 -37 204 -56 18 60 59 -42 60 49 -47 120 -51 -2 48 44 -7 24 -36 -2 354 54 28 48 59 28 78 54 28 36 59 28 36 59 28 48 54 28 60 49 -42 24 -56 -37 12 -51 -2 210 44 28 210 -41 28 72 -36 28 72 59 -7 36 -56 28 72 -51 -37 120 -51 28 216 -56 28 210 -56 28 78 -56 28 48 -46 28 48 -56 28 96 -56 28 24 -46 28 300 59 28 120 59 -7 162 -56 33 156 -56 33 132 39 28 120 44 28 120 44 28 132 49 28 138 -51 -2 12 54 28 132 54 28 120 54 -47 120 59 28 132 49 28 96 44 23 300 54 28 96 54 -47 138 49 28 240 54 28 240 -56 -2 12 34 28 132 59 -7 132 59 28 240 59 -7 354 49 -7 120 49 28 210 -51 -2 132 -56 -7 240 59 23 216 59 23 78 54 23 12 54 23 24 54 -7 294 44 -12 120 49 -42 210 -51 -2 300 44 -42 204 -46 -2 96 49 -42 216 -51 -37 60 49 -42 36 59 -42 48 -51 -37 294 -46 23 78 -56 -37 240 -56 -37 78 -51 23 78 59 -42 204 -56 23 210 -51 23 204 -56 23 60 -56 23 96 49 -12 120 -46 23 24 59 23 162 -46 28 12 -41 28 12 -56 -2 78 49 -7 216 59 23 300 -51 28 132 -56 28 132 -51 28 138 44 23 120 54 23 132 34 23 300 49 23 138 59 23 156 -56 23 24 49 -7 210 -51 -37 12 49 23 96 59 -42 78 54 23 96 -56 -2 72 59 -7 60 34 23 120 59 23 96 -51 -2 78 54 23 216 59 23 210 -56 8 300 59 -27 156 -56 8 60 -56 8 96 -51 -22 72 -46 8 24 -56 8 36 59 -27 138 49 -27 138 -56 8 294 -36 -17 354 -51 8 12 44 -2 216 39 -32 294 59 -27 120 39 -27 204 54 3 120 -51 8 120 59 3 132 -46 8 354 59 -27 300 59 3 120 -51 -12 300 -56 8 162 -51 -12 12 59 3 354 -51 8 162 49 -27 300 -56 -22 96 44 -27 210 49 -27 96 59 -27 96 59 -17 132 39 3 300 -56 -22 48 -56 -22 60 -51 -22 48 -51 -22 24 59 -17 156 54 -17 120 -56 -12 210 -51 -22 60 59 -22 60 -51 8 72 -56 -12 96 49 3 300 59 -27 354 -51 8 96 -56 8 78 -56 -22 72 -51 -12 60 -56 -12 216 -56 8 210 59 -27 162 -51 -12 48 59 -17 162 44 -22 300 59 3 36 49 -2 120 54 3 24 54 -22 120 59 -22 138 59 -17 240 49 -22 120 59 -17 204 39 -27 300 -51 3 36 39 -2 24 49 -17 24 39 -2 294 -56 -17 78 54 -17 36 59 -17 210 -46 3 24 39 -22 120 59 -2 294 59 -17 60 49 -2 300 49 -17 216 -51 3 72 49 -2 294 -56 3 72 59 -17 24 59 -17 78 54 -22 96 -56 -12 300 49 -22 204 -51 -12 354 39 -32 300 59 -22 36 -46 8 162 -56 -17 138 59 -2 162 59 -22 216 59 -17 96 59 -22 210 34 -27 204 44 3 210 49 8 12 -41 -17 24 -51 -17 12 -51 -17 300 -46 -17 12 -56 -17 294 59 3 72 -51 -17 48 44 -17 24 59 3 24 -51 -17 60 39 -2 300 59 -22 162 49 -32 210 -41 -32 96 44 -2 204 59 13 240 59 13 210 54 -2 12 49 -37 294 59 13 24 39 -17 210 49 13 210 59 13 48 54 13 12 59 -32 60 44 -32 12 49 13 240 49 13 12 49 13 24 54 -32 210 54 -32 216 -56 -27 300 39 -37 210 -51 -27 12 49 -12 24 -41 13 96 -56 -27 48 -51 13 78 59 -32 96 -51 -27 24 54 13 120 59 13 300 -46 18 12 44 -12 24 59 13 294 -56 -7 132 -51 18 354 -56 -32 210 -46 -32 24 44 -37 210 -56 18 120 -46 -32 294 -51 -32 204 44 -37 24 44 -32 24 39 -7 210 59 -12 240 59 -2 60 -56 18 132 -51 -32 72 -46 -32 78 59 -37 120 54 -37 120 54 -12 216 -46 -32 96 49 -37 120 44 -42 300 59 -27 24 59 8 132 -51 13 156 49 -32 294 59 -17 294 -46 -12 96 59 8 354 54 -27 36 -56 -22 138 -51 -12 72 -56 -22 132 49 -27 210 54 8 96 49 -27 216 49 -32 120 44 8 210 59 8 240 59 -27 78 54 -27 216 59 -27 12 -51 -12 78 59 8 12 49 8 204 -56 3 138 -51 -12 204 59 8 60 54 8 36 59 -27 240 59 -32 354 -46 -27 24 44 8 294 -56 -27 78 -56 13 78 -46 -27 294 59 -2 24 -56 13 216 59 -2 72 -51 13 48 -56 13 48 -46 13 24 -41 -12 96 59 -2 216 -51 18 300 39 8 120 44 -17 120 -36 -22 354 54 -17 294 -56 13 300 -56 13 354 -41 13 24 -46 13 354 59 -47 120 54 -32 120 -46 -27 96 59 8 138 44 48 132 39 48 162 54 48 204 59 48 132 9 48 294 34 48 132 39 48 138 54 48 156 24 48 120 49 48 12 59 48 300 39 48 120 19 48 300 19 48 294 24 48 300 29 48 300 24 48 294 59 48 72 -16 48 300 39 48 12 -56 -47 138 -1 48 96 4 48 300 59 -57 72 59 48 78 59 48 48 34 48 300 59 48 210 59 48 240 44 48 12 54 48 48 44 48 48 59 48 96 9 48 300 -46 53 96 -41 53 36 -41 53 60 -51 53 24 -31 53 120 -56 53 36 -56 53 96 -51 53 96 -36 53 294 -41 53 24 -51 53 48 -51 53 204 -56 53 48 -41 53 210 -51 53 78 -51 53 216 -6 53 48 -31 53 132 44 48 300 59 -57 12 -51 -52 210 -36 -47 354 -41 53 132 -31 53 138 -46 53 120 -41 53 120 -51 -47 156 -51 53 120 -51 -52 294 -51 53 354 -46 53 300 -41 53 300 -56 53 300 -46 53 294 -41 -47 12 -46 48 120 -41 48 120 -46 -47 294 -51 48 354 -51 48 12 -51 -47 78 -46 48 300 -56 48 12 -36 48 354 -41 48 24 -51 48 24 -41 48 36 -41 48 60 -31 48 120 -56 48 78 -36 48 294 59 -52 72 54 43 294 -11 43 96 29 43 300 -46 -47 78 44 43 300 -1 43 300 59 -52 210 29 43 78 -41 48 204 -41 48 156 -51 48 138 -41 48 132 -56 48 132 49 -52 204 -36 48 156 59 -52 78 -21 48 78 -26 48 60 -51 -47 60 49 -57 120 -26 48 78 -56 -47 294 -51 -47 36 -26 48 72 -56 -47 24 -21 48 60 -41 -47 354 -56 -47 60 -56 -47 12 -21 48 72 -51 -47 162 59 -57 138 -16 48 78 -41 53 96 -56 -47 204 -51 -47 216 -26 48 120 -36 48 72 54 -57 294 -31 48 294 -41 48 72 -36 48 78 -41 48 96 -51 48 216 -46 48 78 -51 48 78 -36 48 48 -41 48 210 -51 48 48 -21 58 300 -31 58 240 -31 58 96 -26 58 36 -26 58 294 -26 58 48 -26 58 60 14 58 96 -26 58 72 -31 58 72 4 58 120 -21 58 96 14 58 12 -16 58 78 -16 58 72 -16 58 96 -11 58 48 -56 58 48 -41 58 78 -51 58 60 -36 58 60 -46 58 78 -41 58 96 -31 58 300 -51 58 48 -41 58 210 -6 58 96 -56 58 216 -31 58 36 -36 58 96 -51 58 72 -31 58 48 -31 58 78 -1 58 96 44 58 162 39 58 72 44 58 48 54 58 24 54 58 240 59 58 354 14 58 120 39 58 156 49 58 210 54 58 12 49 58 354 54 58 354 54 58 156 34 58 120 49 58 96 34 58 96 24 58 294 44 58 60 -11 58 96 14 58 132 4 58 300 59 58 72 4 58 294 54 58 60 19 58 132 59 58 24 -41 58 204 54 58 78 39 58 60 59 58 210 59 58 96 54 58 72 59 58 120 29 58 138 54 53 12 -1 53 300 9 53 120 -6 53 96 59 53 78 49 53 60 59 53 240 44 53 36 54 53 48 -16 53 294 59 53 96 49 53 48 54 53 24 49 53 24 44 53 78 34 53 78 29 53 132 -56 -52 210 -41 53 72 -56 -52 72 -56 -52 78 -36 53 72 -51 -52 354 -16 53 60 -21 53 60 -21 53 300 59 53 138 -41 -52 354 -21 53 72 24 53 78 -51 -52 162 34 58 294 -16 53 300 -11 53 78 -51 58 300 -36 58 354 -31 58 132 -36 58 120 -41 58 300 -51 58 294 -31 58 12 -56 58 294 -56 58 354 -36 58 156 -41 58 294 4 58 96 -51 58 24 -46 58 60 -36 58 294 9 58 96 -41 58 48 59 -57 294 -46 58 138 24 53 294 24 53 96 29 53 96 34 53 96 49 53 120 49 53 138 14 53 294 54 53 156 54 53 162 44 53 156 54 53 96 49 53 210 44 53 72 59 53 120 -21 38 72 -46 38 72 -41 38 72 -36 38 78 -36 38 240 -26 38 60 -31 38 78 -31 38 72 49 -47 204 -46 38 78 -46 -42 354 54 -52 300 -51 -42 60 -56 -42 216 59 38 36 49 38 60 59 38 12 -51 38 204 -41 38 36 -56 38 24 -36 38 36 -51 38 48 -51 38 96 -46 38 204 -51 38 60 -56 38 48 59 38 216 -41 38 48 -46 38 216 -56 38 210 59 -47 12 -51 38 78 -56 38 72 -31 38 300 14 38 300 39 38 132 54 38 138 54 -47 12 34 38 120 49 38 138 19 38 300 49 38 120 44 38 120 54 38 156 -51 -42 36 -56 -42 60 -56 -42 48 59 -52 294 -56 -42 36 39 38 294 39 38 300 24 33 294 39 38 96 49 38 96 59 38 156 34 38 138 59 38 120 54 38 96 59 38 354 44 38 162 29 38 138 49 38 216 54 38 78 44 38 210 44 38 216 59 38 240 49 38 36 -31 33 354 -41 33 48 -46 33 60 -51 33 216 -56 33 240 -51 33 240 -46 33 72 -41 33 72 -36 33 96 -56 33 78 -26 33 72 -21 33 72 59 33 60 59 33 24 59 33 72 59 33 216 49 33 24 44 33 204 -51 33 48 -51 33 36 -41 33 36 -56 33 36 -41 33 294 -46 33 24 -56 33 294 -56 33 300 -56 33 354 39 28 300 -51 33 354 -46 33 120 39 28 294 44 -52 294 -46 33 354 -51 38 354 -41 38 138 29 33 294 39 33 300 -56 38 162 -11 38 72 59 -47 78 -46 38 120 -51 38 120 49 33 294 -46 38 12 -41 38 120 -56 38 300 -56 38 294 -46 38 294 -41 38 294 -46 38 24 59 38 60 54 33 294 -56 -42 96 -46 -42 24 -41 -42 12 54 -47 210 54 33 138 -51 -42 72 49 33 162 59 33 132 54 33 240 59 33 96 49 33 72 54 33 210 54 33 204 -41 -42 24 39 -57 210 -51 43 72 44 43 72 44 43 78 -41 43 72 39 43 240 -31 43 48 -46 43 96 44 -57 294 -36 43 240 -51 43 60 59 -52 120 54 -52 132 -36 43 72 54 43 96 54 43 354 -31 43 78 59 -52 240 54 43 156 -56 -42 156 44 43 96 -46 43 354 54 43 24 59 43 36 -51 43 216 -41 43 210 54 43 60 44 43 60 49 43 48 54 43 12 44 -52 210 -36 43 60 -41 -47 96 -21 43 96 -56 43 216 54 43 78 59 43 96 54 43 216 54 43 204 -46 43 216 -56 43 72 -41 43 78 -46 43 240 -11 38 294 9 38 300 -21 43 78 14 43 120 -56 -42 300 -16 38 300 -46 -47 96 9 38 120 44 -52 24 14 38 294 -46 43 138 -56 43 132 -46 43 132 -51 43 132 -51 43 156 39 43 132 29 43 120 -36 43 354 59 43 294 -46 -42 210 -41 18 72 -41 28 138 34 -7 120 -41 18 300 -41 23 48 34 43 72 44 18 96 -31 28 60 -46 -47 210 -41 8 294 29 13 120 -46 13 156 9 -32 12 -36 -22 78 39 -22 216 44 13 96 39 8 216 -1 48 120 49 -57 60 24 28 132 29 48 240 54 -2 132 24 28 300 14 53 156 34 8 204 39 13 216 54 3 132 39 38 36 -16 28 78 -46 -37 48 9 58 72 -21 38 60 -26 -42 354 -46 -37 162 -46 -42 216 39 53 210 34 -32 294 39 43 24 -26 43 132 29 8 300 24 28 138 19 58 24 34 -12 24 49 -22 240 39 48 24 -16 53 36 -46 18 132 -46 -12 60 -36 -22 12 -41 8 24 -36 28 36 49 -57 354 34 53 36 34 -17 24 49 8 138 -46 -27 60 49 -57 72 -31 18 96 -46 -2 48 49 -32 138 14 -52 12 29 -37 210 -41 23 36 44 13 36 49 -12 162 44 -17 12 -16 58 132 -36 -17 78 -46 -47 156 -46 -52 216 19 58 78 -46 -17 162 -1 38 78 49 -32 354 -6 53 24 49 -52 78 -46 -12 132 49 18 72 -26 -37 354 -6 58 162 -46 -17 216 -41 3 78 24 -27 294 -46 -17 48 19 28 132 -36 23 294 -36 28 120 -41 -32 72 -6 58 156 29 8 210 -46 -7 132 -31 48 216 -46 18 138 44 -57 48 4 53 138 -41 -2 78 -31 43 156 -41 -22 294 -46 -22 156 -46 -37 132 -46 -17 156 24 -37 204 34 -47 120 29 23 294 29 -7 210 -46 -22 132 14 53 162 49 -7 138 39 48 204 14 48 96 29 38 240 49 -57 78 29 38 78 39 -47 216 -36 33 162 -46 -2 216 -31 3 96 -41 13 72 49 -32 240 49 -22 72 -46 8 240 -36 -32 78 24 58 48 49 -52 60 49 -47 240 -41 -37 204 34 18 132 -26 3 354 -31 53 204 -36 28 132 34 -52 120 -41 -7 294 -41 -52 72 49 13 48 -26 53 354 -41 8 300 29 23 138 34 38 204 29 43 72 -16 58 138 -41 23 216 14 28 132 49 -22 162 29 28 156 34 48 36 -41 -17 72 -1 53 138 -46 -12 156 24 -52 210 44 -57 240 4 53 24 24 -22 204 4 28 156 34 -57 294 19 -32 24 24 23 300 34 53 12 24 23 120 34 48 216 -6 53 12 -1 53 12 24 -57 210 4 53 204 4 53 12 -46 13 132 49 8 354 34 -47 294 14 48 138 34 -7 36 -41 8 204 19 -32 12 29 -12 210 49 -17 60 49 -27 60 -41 18 60 49 8 48 -21 28 96 -31 -7 96 39 -32 96 14 53 210 -16 38 60 29 -12 300 -31 -17 96 -36 -37 78 29 -32 120 24 53 72 -21 58 156 -31 48 210 -31 -12 96 34 38 60 14 58 78 9 28 156 -26 33 354 -16 58 162 -41 -12 72 24 53 216 -31 -47 96 -41 -57 204 14 58 60 14 53 354 14 53 216 49 -17 48 49 13 78 34 -12 36 -31 -57 78 -41 -42 300 -21 43 48 -26 38 132 -1 53 354 49 -2 240 -36 28 138 -16 33 60 -41 -2 72 49 -42 60 9 33 60 44 -42 354 -41 -22 204 -41 -2 300 29 -57 204 14 43 132 19 -57 204 -31 -57 96 -41 -22 36 19 53 78 14 48 156 -41 -17 36 39 -17 96 39 -7 96 -31 38 162 -26 33 240 -16 53 210 49 8 78 -41 -42 36 34 43 210 29 -12 294 -41 8 36 29 53 36 24 48 72 49 -47 60 4 -32 12 24 18 120 49 3 72 -21 18 354 -6 -42 12 -6 -22 96 -36 18 24 44 -47 354 -41 -2 36 44 18 354 29 53 12 -1 53 162 -16 53 204 29 -7 294 -41 -12 210 29 -32 294 49 3 60 -41 18 162 24 28 210 -31 43 204 -21 48 138 14 53 24 9 48 132 -26 43 36 -11 53 354 -41 -2 210 34 -2 36 19 -27 12 9 53 36 -41 -52 60 19 -32 120 -41 -32 300 19 -37 12 14 -47 12 -31 38 210 -36 -17 24 34 8 24 -41 -42 60 -1 53 132 24 -27 210 -41 -17 210 -41 3 60 -41 -47 60 -41 -52 210 -21 -42 354 29 -47 120 44 -27 138 -36 13 72 -41 -2 60 -41 18 132 -36 -12 24 -36 -7 24 -41 -22 210 -36 23 240 -31 -47 12 9 28 138 29 -52 300 29 28 24 29 43 60 39 3 96 -31 -37 12 24 -37 210 -41 -37 60 -41 -37 156 -26 38 354 -26 38 36 9 53 72 -36 -42 72 -36 3 294 14 -27 294 39 -7 12 -21 48 24 -21 -37 354 44 -57 72 34 -57 12 44 -17 132 -31 -32 12 29 48 216 4 23 240 29 -22 24 19 53 24 44 -12 132 -41 -52 48 29 -32 24 24 -47 204 -16 53 138 44 -27 354 44 -32 132 -41 -22 60 44 -37 156 34 33 12 -6 43 132 -41 -2 48 -41 -27 60 -41 -17 132 -41 -7 48 44 -47 48 44 3 162 -36 -17 294 -41 -42 48 24 -47 294 -31 -17 78 -16 48 12 -1 43 132 44 8 138 9 38 60 -36 -22 294 -16 48 36 -26 8 96 19 -52 210 34 -37 12 -41 -22 48 -26 38 24 -1 -52 12 -26 3 96 -41 18 138 39 -52 132 44 -32 138 9 -42 12 -1 48 48 -36 3 78 24 3 210 19 -57 210 44 -7 354 24 3 300 -41 -32 216 -21 3 354 24 -17 204 -36 -2 294 24 -37 24 44 -27 132 -41 -17 48 -41 8 48 24 -7 300 44 13 156 19 -42 120 -11 -47 12 24 8 120 19 -42 204 44 -22 132 24 -52 294 -6 48 36 24 -17 294 -26 -27 96 -41 -12 162 39 -57 48 -16 48 132 -41 -22 132 44 -57 78 44 -17 138 14 -52 204 14 -42 120 -41 -22 156 -21 -47 354 24 -57 300 44 -22 72 -1 48 36 -41 -47 132 19 -52 204 -36 -2 78 9 48 156 19 -22 12 24 28 204 4 33 162 14 48 162 -21 -2 354 24 -37 300 9 53 78 44 -27 72 44 -12 138 14 -27 300 14 -57 300 24 -27 300 29 18 138 14 -27 120 -36 -47 204 -36 -52 72 14 33 162 24 -22 24 -26 23 294 34 -47 96 19 53 72 24 -12 300 44 -42 72 29 43 48 -36 8 204 39 -57 240 19 -32 300 24 33 216 -21 23 96 34 -32 96 -41 -12 156 29 -57 294 9 33 156 44 13 48 -36 -17 72 24 38 162 -41 8 132 44 -27 156 -6 -22 24 24 8 294 29 -32 12 4 48 72 -26 -52 96 -1 -22 24 29 -52 12 19 38 156 4 48 24 -1 48 132 -11 53 138 29 -22 12 34 3 12 9 -42 24 -6 48 12 9 -57 294 44 -17 78 -36 -42 162 4 48 12 -16 43 156 9 -52 294 -36 -22 300 44 -17 60 -26 38 12 24 -52 300 44 -17 72 29 38 216 14 -42 96 44 -12 72 34 -22 12 14 48 210 -41 -47 240 44 -22 60 44 -7 132 -41 -42 138 9 -47 300 34 -12 96 9 -37 204 44 -12 156 24 48 60 14 53 60 -36 -22 204 19 -42 300 44 -7 78 -1 48 156 -36 -12 72 4 48 162 44 -7 72 44 -12 60 -36 -32 120 14 -7 294 14 -52 210 9 -52 300 19 -47 12 14 43 156 19 -47 210 14 48 354 19 48 210 44 13 72 24 3 216 44 -12 78 -36 8 120 44 -17 48 -6 23 156 24 -47 120 -36 -22 36 4 -17 138 -11 -37 162 -36 -7 72 -6 -37 156 -6 -42 156 4 -52 24 9 -42 138 29 8 216 -1 3 72 -11 -47 78 14 -52 132 -6 -47 72 9 -42 48 -1 -42 60 -6 -22 156 4 -47 132 -11 -12 162 4 -52 60 -1 -37 240 4 -12 60 4 48 60 -1 -47 60 -6 -57 72 4 -57 60 -1 -47 240 -11 -57 162 -1 -22 60 -1 -22 156 9 -27 132 -6 3 78 9 -22 138 -6 -22 72 4 -27 60 14 -37 132 -11 -27 72 -11 -27 156 -1 -17 24 9 8 138 9 -37 138 14 18 132 -6 -37 72 9 -42 132 -1 -32 60 4 8 138 -1 -47 156 9 -2 48 9 -12 138 9 3 48 -1 3 60 44 -7 60 14 -7 132 -1 -2 60 -6 -2 72 -6 8 162 4 -7 60 44 -2 132 -11 -12 156 -1 13 60 -1 3 156 -6 -2 78 -11 -2 78 9 -2 132 9 -17 132 9 -27 300 14 -22 36 4 -22 48 -6 -12 240 -1 -42 162 -6 -22 240 -11 8 354 -11 -22 72 -6 13 60 4 8 132 -6 -12 60 -6 -7 240 -1 -32 162 4 -12 48 4 -42 294 -11 -7 72 4 -2 48 4 -17 240 -6 -2 60 14 -22 138 -6 8 240 -6 8 60 4 -57 132 -6 -57 60 -6 -52 60 4 -2 156 4 -52 132 14 8 216 -6 -47 60 4 48 48 -11 -52 72 4 -47 240 4 -7 156 -6 -42 60 14 -27 216 14 38 240 -1 -2 138 -6 -12 78 -1 -7 162 -6 3 60 24 18 294 -1 -57 162 14 -2 138 -11 -37 72 4 -57 156 -36 18 162 -6 -27 60 -1 -22 72 -1 3 138 14 -27 138 14 8 300 -6 13 354 9 -57 36 9 -12 36 9 -42 36 -16 -32 162 19 -7 216 9 -2 120 -11 -22 24 -31 -37 156 -16 -17 78 -36 -52 120 -6 8 354 -6 -22 138 24 -17 36 -6 -7 354 4 -32 216 14 -42 48 9 -42 216 9 -7 210 14 -47 48 -1 -32 132 -16 -2 78 -6 3 354 4 -37 216 14 8 36 19 -42 36 -16 -7 162 14 -12 36 -11 13 354 -1 -17 48 9 -17 60 14 3 120 9 3 120 -1 -22 78 4 -17 72 -1 -42 48 9 -7 36 -16 -42 354 -1 -42 132 19 -12 216 9 -27 60 -6 -7 138 4 -7 120 -11 -7 354 -6 -32 354 -16 -37 162 -1 -12 78 29 28 162 14 13 36 4 13 156 14 -37 36 -36 -47 162 4 -2 216 9 3 60 -16 -52 78 9 8 216 -1 -12 48 -1 -27 216 4 -7 210 19 -22 216 19 8 132 4 3 216 -1 3 354 9 -27 240 -6 -37 132 9 8 240 -11 -37 60 4 -2 120 4 -27 36 19 -42 216 -1 3 216 -11 -12 60 -31 -42 156 19 -52 132 19 -27 216 -1 -52 216 4 8 162 44 8 72 -36 13 36 9 -22 240 4 -47 36 9 3 156 -6 -27 132 -1 -57 216 -1 -2 48 -1 -2 216 19 3 132 4 -52 36 -1 -42 120 -36 -52 36 -16 -47 156 9 -17 204 9 -17 240 4 -7 36 4 -17 78 -11 -42 240 -1 -27 48 9 -22 120 9 -32 36 -1 -7 120 -16 3 96 -1 -2 354 4 -7 78 4 8 216 -6 -12 120 29 -17 36 -1 -17 216 -16 8 78 -1 13 138 -1 -7 354 4 3 120 9 -27 204 4 -22 78 19 -42 210 -1 -32 216 4 -27 216 -11 -2 132 9 -2 204 -6 -42 204 -1 -57 120 4 3 354 -16 -2 72 -11 -12 120 -6 -27 204 -1 -57 210 -1 -2 204 4 13 36 4 -32 36 4 -37 204 9 -2 72 -6 -7 96 -1 -52 204 44 -7 240 -1 -7 210 -1 -2 36 -1 -12 300 14 3 60 9 -12 354 14 -7 60 19 48 72 -11 -12 138 4 3 300 -6 -12 48 -6 -32 216 -16 -37 354 -6 -2 96 9 3 78 -11 3 96 19 13 120 -6 -57 48 -11 8 132 -11 -27 132 4 3 204 9 -27 162 -1 -37 204 -16 -12 72 4 -17 300 -11 -12 132 4 -7 96 4 3 36 -6 -32 48 39 -17 354 -6 -42 48 -36 -12 210 -1 -47 294 19 -12 24 29 43 210 9 -17 24 -6 -47 120 -6 8 120 4 -2 294 -16 8 72 -6 -17 216 -1 -52 210 -6 -17 204 -6 3 96 -16 -7 354 4 -7 204 -1 13 210 -1 3 120 9 -7 78 19 -47 216 14 -17 60 4 18 354 -6 -52 210 -1 -17 204 9 -22 72 -6 -22 204 -11 -7 96 -6 -32 120 -1 -52 36 9 -2 78 4 -12 300 -36 -7 210 9 8 78 -11 -42 204 29 3 36 -6 -12 294 9 13 96 -6 -12 36 -6 -47 294 14 3 96 9 -22 354 -6 13 210 14 -57 156 -6 -52 300 -11 -2 204 -11 3 120 44 -47 60 9 -12 12 14 8 240 -16 -22 240 4 3 294 -11 -27 216 -6 3 294 14 3 78 -21 -32 204 -1 3 294 14 -2 72 19 -2 96 -31 -7 78 14 -2 96 -11 -47 132 -11 -32 210 14 -7 156 -1 -47 36 -1 -32 300 14 -52 162 -6 -37 210 -6 -7 36 24 -17 96 -1 -27 294 -6 -27 36 19 8 210 -16 -37 240 -11 -52 204 -1 -37 300 -1 -42 294 -6 -17 36 -11 -57 132 -16 -2 138 44 3 72 14 -7 72 -6 48 138 9 8 354 9 13 162 -16 -22 120 -1 -22 300 -6 -17 210 19 -22 48 19 -22 96 -11 -2 216 -6 -7 12 19 8 216 14 -7 354 19 -7 138 -6 -37 294 14 -27 156 14 -12 78 9 3 354 9 -27 354 -11 -22 204 -6 -37 120 24 -22 96 4 -32 294 14 -2 240 -6 -7 210 -11 -47 216 -16 13 72 9 13 354 -6 -17 294 9 -17 354 -6 -42 216 -6 -42 210 14 -22 162 -6 -22 36 -1 -42 300 -16 -32 240 -6 -2 36 -16 -52 60 -36 -2 210 14 -37 354 -6 -2 24 -16 -32 210 29 3 96 -16 -7 210 -11 -37 294 4 3 24 19 -7 354 9 13 12 -21 -22 204 -16 48 210 14 13 96 14 3 12 -1 13 12 -11 -42 294 -6 -12 12 -16 8 132 4 3 12 24 -27 96 -16 -22 60 -16 -2 120 -11 8 48 -36 3 36 24 -2 96 -16 -7 204 -16 -52 216 -16 -37 294 -16 -27 138 -16 -27 216 -6 -27 300 19 13 96 -11 -27 300 -16 -7 240 -16 -22 138 -11 3 48 -21 8 204 -11 3 294 19 -2 60 19 -2 300 -11 -12 210 -16 -47 12 -16 -27 120 -6 -32 294 -16 -47 210 -16 -27 60 -6 8 294 -1 8 294 -11 -17 210 -6 13 36 24 -7 12 -21 3 204 19 3 12 24 -7 24 -21 -7 12 24 -32 96 -21 -2 204 -11 -32 12 14 -42 240 9 8 12 -16 -2 132 -16 -37 132 -16 -47 60 19 -7 300 -16 -2 12 -11 -7 210 19 -12 354 14 -52 240 9 -7 12 24 8 96 -16 -27 240 19 8 60 14 13 162 14 8 354 -16 -42 216 -16 -12 294 -11 3 12 -21 -17 120 -21 -7 204 14 8 162 -11 -7 12 -16 -42 132 -16 -12 60 19 3 210 -26 8 204 24 -12 12 -26 -57 204 4 -17 24 -16 -17 300 -11 -42 36 19 3 72 -16 -32 48 -21 -37 78 -21 -7 156 19 8 72 -11 -52 24 -26 -47 210 -21 -2 78 -16 -42 36 -21 -12 78 -11 -37 36 -21 -52 294 -26 -52 204 19 -12 300 14 -27 96 29 -12 96 -26 -7 120 19 -17 162 -21 -32 210 -16 -7 24 19 -12 156 -16 -2 24 -26 -12 120 -16 3 24 -21 -37 210 -16 -27 294 19 -17 354 19 -2 294 19 -2 162 -16 8 60 -16 -22 300 -26 13 204 -11 -7 36 -16 13 60 -21 -22 132 -21 3 294 4 -37 294 -16 -27 300 -21 -7 120 19 -37 162 4 18 162 19 3 156 19 -47 156 -21 -32 24 29 -2 96 -21 -2 132 -26 -37 120 19 -52 354 -21 13 210 -21 -2 120 -1 -12 24 19 -7 78 -16 -22 36 19 -42 96 24 -27 132 19 -17 210 19 8 240 -21 -47 138 24 -42 78 -21 -2 216 19 13 162 -26 -42 294 -21 -22 78 -21 -22 72 9 -37 300 -21 -47 240 -26 -17 294 -16 -37 12 -21 8 300 -26 8 210 -21 -22 300 34 8 96 -21 -2 24 -31 -27 24 -21 8 24 -26 -42 24 -21 3 132 -21 3 72 -21 -37 240 -21 -32 300 -21 -57 300 24 -17 354 -21 -42 300 14 18 12 -16 -57 12 -21 -57 72 -26 -22 78 -21 3 24 -21 -7 72 -36 18 132 24 -22 48 24 -2 36 -26 -37 24 -21 -37 300 29 3 12 -21 -12 72 -21 -42 138 -26 -22 24 -16 3 48 -16 13 240 24 -37 354 19 3 240 9 -47 204 24 -17 78 24 -12 72 24 -7 138 4 -17 96 -21 -47 300 -21 -52 240 -21 -47 36 -21 -7 138 24 -2 78 -21 -17 78 -21 -52 36 -21 13 216 24 -12 354 24 -42 138 -26 -37 216 -21 8 240 -26 -47 216 -21 -52 60 24 -32 156 -21 -42 60 -26 -12 132 24 -27 162 -21 -12 96 24 -2 138 -26 -27 300 24 -32 138 -26 -27 138 -26 -42 216 29 -42 354 -21 -12 60 -26 3 132 -21 -47 60 24 -7 60 24 -37 156 -31 -42 24 24 -37 138 -21 -22 48 29 -37 216 24 -37 162 -21 -27 60 -21 -47 78 -26 -7 216 -26 -57 216 19 -32 210 24 -7 162 -26 -37 300 -21 8 72 29 8 78 -21 -7 60 -21 -12 48 39 -32 78 24 -52 120 29 -17 78 24 -7 216 24 -12 60 -26 -37 132 24 -2 60 -26 -42 132 29 -52 96 24 -22 156 24 -2 72 -21 -7 36 -21 -12 36 -26 -47 132 -26 8 132 24 -17 60 24 3 60 24 8 60 29 13 12 29 -27 354 -26 3 36 29 -27 162 -31 -2 132 24 -17 12 34 -7 354 -21 13 60 29 -27 72 -31 -37 24 29 -22 72 -31 -27 216 -31 -32 216 -6 18 48 -26 -22 36 -26 8 138 24 -22 240 29 -2 72 29 -7 78 14 48 24 -26 -2 24 -26 -12 36 -26 -42 138 -31 -7 216 -31 -7 210 -6 13 300 29 -2 78 -1 18 36 34 -22 354 -21 8 48 -26 -27 36 -21 8 60 24 8 240 24 -2 216 -11 48 132 24 13 78 -16 48 204 -31 -47 216 -31 18 300 -31 13 24 -21 3 60 24 -17 240 29 -22 60 34 -32 78 -21 13 294 34 -37 78 34 -32 354 -31 -7 138 -31 -52 120 -26 43 204 -16 8 354 34 -22 78 -26 -47 48 -26 -52 162 -36 -47 210 29 -42 12 -16 48 216 34 -7 78 -31 -12 132 -21 -32 96 34 13 96 29 13 78 -26 -32 240 29 -27 156 34 -12 78 34 3 78 34 -52 78 -26 13 36 34 -47 78 -26 -27 240 -36 -52 60 29 -47 156 29 -22 156 -31 8 78 29 -2 138 34 -42 72 -26 -47 60 -31 -32 120 29 -2 48 -26 -52 60 29 -32 132 34 -27 72 34 -7 72 -26 -37 60 -1 13 294 29 -27 138 -26 -47 156 29 -22 138 29 -27 60 34 -22 72 -26 -32 60 29 -12 48 29 -47 132 -26 -27 60 34 -37 72 -26 -22 60 19 -47 204 29 8 156 29 -2 60 -26 3 240 -26 -42 60 29 -42 132 34 -7 162 29 -17 216 -26 -7 72 34 -32 156 -26 -57 12 -26 -52 12 29 13 156 -31 -12 204 -26 3 60 29 8 240 -26 -47 72 -31 -42 48 -31 -2 204 29 8 138 29 -42 138 -36 -47 60 34 -42 162 -26 -52 72 34 3 156 -31 -57 36 34 -37 60 -31 -52 204 34 -52 132 4 38 138 -31 -42 36 -36 -37 156 34 -47 60 -31 -7 48 -31 -27 300 34 -2 60 24 13 138 34 8 60 -31 -2 48 -31 -22 300 -26 8 78 29 -12 216 34 8 156 -21 43 156 -31 -12 48 -31 -7 36 -31 8 204 -31 8 240 39 3 78 -11 43 138 34 -7 240 34 -52 156 34 -17 240 24 48 12 -31 -22 60 -36 -2 60 -26 -32 78 39 13 78 29 -57 132 34 -37 240 -31 3 240 -31 -27 60 29 -57 138 -31 -2 300 -31 -17 300 -31 -42 294 39 -42 78 39 3 72 39 8 78 39 -2 354 39 -2 78 -31 -7 60 39 -7 78 -31 -57 24 34 -2 138 39 -17 78 -26 -57 72 14 48 78 -36 -42 216 34 13 162 9 48 48 -31 8 60 -11 43 354 39 8 72 -16 43 354 39 8 60 -36 18 138 -26 -17 78 -36 -47 156 34 3 132 34 -22 132 39 -27 354 39 -37 72 39 -17 72 39 -17 60 39 -47 78 14 48 48 39 -42 60 19 43 216 -36 -37 60 -31 -37 72 -36 -27 48 -36 3 156 19 48 12 -36 -42 138 -36 -2 138 9 38 12 -31 13 60 39 -37 60 39 3 156 24 38 204 -36 -2 162 14 43 210 24 43 12 -36 -12 216 19 38 210 -36 8 60 39 -52 156 34 8 132 -36 -52 48 39 -42 156 -36 -42 132 24 43 210 39 8 162 4 43 36 39 -12 48 -1 38 162 -31 3 78 -31 -22 72 39 -17 132 -36 -2 48 39 -42 240 -31 -2 72 -36 -12 48 -31 -52 72 -36 -22 60 -31 -47 72 -36 -12 60 -36 -42 240 -36 -17 48 -11 43 12 -36 -22 162 
19 4 1 1 pack_1 0.528302 14 -16 43 12 -36 -12 240 39 -7 138 -36 -27 162 4 38 162 -36 -7 240 14 38 156 39 -32 138 4 43 138 -31 -32 72 -11 43 36 -36 -32 156 -36 -32 162 -21 43 12 
20 4 1 1 pack_1 0.0983607 1 -36 -57 138 
21 4 1 1 pack_1 0.823009 31 -31 -57 162 -26 -57 162 -36 -57 96 -21 -57 156 -41 -57 12 -41 -52 138 -6 -52 240 -41 -57 78 -21 -57 240 -46 -57 204 -46 -57 210 -51 -57 72 -51 -57 24 -41 -57 48 -51 -57 162 -56 -52 120 -51 -57 300 -26 -57 240 -56 -57 354 -51 -57 36 -51 -57 48 -46 -52 156 -56 -57 204 -16 -57 156 -56 -57 60 -56 -57 294 -51 -57 138 -56 -57 24 -16 -52 156 -56 -57 138 -26 -47 354 
22 4 1 1 pack_1 0.107143 3 -16 -57 204 -16 -57 216 -16 -57 210 
23 4 1 1 pack_1 0.12766 5 -16 38 156 19 43 60 -1 38 132 -16 33 162 14 38 60 
24 4 1 1 pack_1 0.00422238 1 -26 23 72 
25 4 1 1 pack_1 0.94382 14 -26 -17 354 -21 18 78 -11 28 72 -11 23 72 -26 -2 354 -21 23 78 -16 23 72 -16 23 78 -21 28 48 -31 18 72 -16 28 60 -16 23 60 -21 23 72 24 23 132 
26 4 1 1 pack_1 0.123711 2 24 23 138 -11 23 60 
27 4 1 1 pack_1 0.878049 6 -36 -12 156 -36 3 48 -36 -7 138 -36 8 216 -36 13 48 -36 13 60 
28 4 1 1 pack_1 1 20 14 18 36 -31 13 210 -26 18 24 19 38 36 19 33 36 -31 -22 162 -31 -17 162 -6 -7 60 -16 18 78 -31 23 48 -16 13 162 -16 -7 72 14 53 78 -1 43 60 -1 33 156 -36 13 210 -6 18 354 -16 13 156 -16 33 354 -21 -7 78 
29 4 1 1 pack_1 1 2 -1 28 156 -21 33 48 
30 4 1 1 pack_1 1 8 14 23 216 14 28 216 -31 23 210 -21 28 12 19 23 204 -31 23 216 19 28 204 -26 23 204 
31 4 1 1 pack_1 0.878049 6 -6 33 12 -1 38 12 -6 33 24 -11 33 24 -11 33 12 -16 33 48 
32 4 1 1 pack_1 1 13 9 48 60 -1 48 240 9 43 210 4 43 48 4 43 204 4 43 210 4 43 216 4 38 60 9 38 210 -11 38 36 -1 38 36 -11 38 48 -6 38 60 
33 4 1 1 pack_1 0.978814 77 4 38 210 -1 38 204 4 38 240 -21 38 216 -6 38 210 -11 38 204 -11 38 210 14 33 12 9 33 24 14 33 216 -16 33 36 -11 33 36 19 28 156 9 33 216 -6 33 36 -1 33 48 -6 33 48 -6 33 216 34 23 156 9 28 12 24 28 12 24 28 354 -6 28 354 4 28 12 9 28 24 -16 28 48 19 23 156 -21 28 240 -16 28 36 -11 28 48 -6 28 48 4 28 210 -1 28 216 9 23 354 14 23 354 -6 28 216 -6 23 354 9 23 24 34 18 12 14 23 210 4 23 36 -16 23 24 9 23 204 -11 18 72 -16 23 36 -16 18 72 9 23 216 -11 23 48 4 23 210 9 18 48 -1 8 138 -26 18 48 -1 23 210 -26 18 36 -16 23 240 -26 18 240 -16 23 204 -21 18 24 -6 23 216 19 18 24 -21 18 48 -21 18 36 -16 23 216 -11 23 210 -16 18 48 -11 18 60 -6 18 60 -26 18 210 -21 18 240 -21 18 216 -6 18 210 -31 13 216 -11 18 240 -26 -7 156 -11 3 156 -26 -12 162 -21 -17 162 
34 4 1 1 pack_1 0.782609 3 19 23 162 9 48 72 -31 23 240 
35 4 1 1 pack_1 0.615385 4 -11 33 216 -16 33 210 -16 33 216 -21 33 204 
36 4 1 1 pack_1 0.00181214 1 -26 -57 354 
