10 53 4
0 0 -1 120 2 32 -1 -1 -1 -1 -1 2 187 
1 1 0 0 0 0 0 0 0 0 0 0 0 
2 1 -1 208 2 14 -1 -1 -1 -1 -1 0 6098 
3 2 0 0 0 0 0 0 0 0 0 0 0 
4 2 0 0 0 0 0 0 0 0 0 0 0 
5 2 -1 82 3 35 -1 -1 -1 -1 -1 2 -67 
6 2 -1 123 2 16 -1 -1 -1 -1 -1 3 124 
7 3 0 0 0 0 0 0 0 0 0 0 0 
8 3 0 0 0 0 0 0 0 0 0 0 0 
9 3 0 0 0 0 0 0 0 0 0 0 0 
10 3 0 0 0 0 0 0 0 0 0 0 0 
11 3 1 0 0 0 0 0 0 0 0 0 0 
12 3 -1 167 2 21 -1 -1 -1 -1 -1 2 1636 
13 3 38 0 0 0 0 0 0 0 0 0 0 
14 3 -1 215 2 22 -1 -1 -1 -1 -1 3 431 
15 4 0 0 0 0 0 0 0 0 0 0 0 
16 4 0 0 0 0 0 0 0 0 0 0 0 
17 4 0 0 0 0 0 0 0 0 0 0 0 
18 4 0 0 0 0 0 0 0 0 0 0 0 
19 4 0 0 0 0 0 0 0 0 0 0 0 
20 4 0 0 0 0 0 0 0 0 0 0 0 
21 4 0 0 0 0 0 0 0 0 0 0 0 
22 4 0 0 0 0 0 0 0 0 0 0 0 
23 4 0 0 0 0 0 0 0 0 0 0 0 
24 4 0 0 0 0 0 0 0 0 0 0 0 
25 4 -1 257 4 15 -1 -1 -1 -1 -1 2 9054 
26 4 -1 92 3 13 -1 -1 -1 -1 -1 2 13 
27 4 0 0 0 0 0 0 0 0 0 0 0 
28 4 0 0 0 0 0 0 0 0 0 0 0 
29 4 -1 187 2 27 -1 -1 -1 -1 -1 0 1169 
30 4 -1 69 2 19 -1 -1 -1 -1 -1 3 1085 
31 5 0 0 0 0 0 0 0 0 0 0 0 
32 5 0 0 0 0 0 0 0 0 0 0 0 
33 5 0 0 0 0 0 0 0 0 0 0 0 
34 5 0 0 0 0 0 0 0 0 0 0 0 
35 5 0 0 0 0 0 0 0 0 0 0 0 
36 5 0 0 0 0 0 0 0 0 0 0 0 
37 5 0 0 0 0 0 0 0 0 0 0 0 
38 5 0 0 0 0 0 0 0 0 0 0 0 
39 5 0 0 0 0 0 0 0 0 0 0 0 
40 5 0 0 0 0 0 0 0 0 0 0 0 
41 5 0 0 0 0 0 0 0 0 0 0 0 
42 5 0 0 0 0 0 0 0 0 0 0 0 
43 5 0 0 0 0 0 0 0 0 0 0 0 
44 5 0 0 0 0 0 0 0 0 0 0 0 
45 5 0 0 0 0 0 0 0 0 0 0 0 
46 5 0 0 0 0 0 0 0 0 0 0 0 
47 5 0 0 0 0 0 0 0 0 0 0 0 
48 5 0 0 0 0 0 0 0 0 0 0 0 
49 5 0 0 0 0 0 0 0 0 0 0 0 
50 5 0 0 0 0 0 0 0 0 0 0 0 
51 5 -1 182 2 19 -1 -1 -1 -1 -1 2 1749 
52 5 -1 316 4 33 -1 -1 -1 -1 -1 3 1816 
53 5 -1 96 4 20 -1 -1 -1 -1 -1 0 10316 
54 5 -1 332 2 23 -1 -1 -1 -1 -1 3 363 
55 5 0 0 0 0 0 0 0 0 0 0 0 
56 5 0 0 0 0 0 0 0 0 0 0 0 
57 5 0 0 0 0 0 0 0 0 0 0 0 
58 5 0 0 0 0 0 0 0 0 0 0 0 
59 5 -1 333 2 15 -1 -1 -1 -1 -1 2 5104 
60 5 45 0 0 0 0 0 0 0 0 0 0 
61 5 -1 220 3 21 -1 -1 -1 -1 -1 2 -75 
62 5 52 0 0 0 0 0 0 0 0 0 0 
63 6 0 0 0 0 0 0 0 0 0 0 0 
64 6 0 0 0 0 0 0 0 0 0 0 0 
65 6 0 0 0 0 0 0 0 0 0 0 0 
66 6 0 0 0 0 0 0 0 0 0 0 0 
67 6 0 0 0 0 0 0 0 0 0 0 0 
68 6 0 0 0 0 0 0 0 0 0 0 0 
69 6 0 0 0 0 0 0 0 0 0 0 0 
70 6 0 0 0 0 0 0 0 0 0 0 0 
71 6 0 0 0 0 0 0 0 0 0 0 0 
72 6 0 0 0 0 0 0 0 0 0 0 0 
73 6 0 0 0 0 0 0 0 0 0 0 0 
74 6 0 0 0 0 0 0 0 0 0 0 0 
75 6 0 0 0 0 0 0 0 0 0 0 0 
76 6 0 0 0 0 0 0 0 0 0 0 0 
77 6 0 0 0 0 0 0 0 0 0 0 0 
78 6 0 0 0 0 0 0 0 0 0 0 0 
79 6 0 0 0 0 0 0 0 0 0 0 0 
80 6 0 0 0 0 0 0 0 0 0 0 0 
81 6 0 0 0 0 0 0 0 0 0 0 0 
82 6 0 0 0 0 0 0 0 0 0 0 0 
83 6 0 0 0 0 0 0 0 0 0 0 0 
84 6 0 0 0 0 0 0 0 0 0 0 0 
85 6 0 0 0 0 0 0 0 0 0 0 0 
86 6 0 0 0 0 0 0 0 0 0 0 0 
87 6 0 0 0 0 0 0 0 0 0 0 0 
88 6 0 0 0 0 0 0 0 0 0 0 0 
89 6 0 0 0 0 0 0 0 0 0 0 0 
90 6 0 0 0 0 0 0 0 0 0 0 0 
91 6 0 0 0 0 0 0 0 0 0 0 0 
92 6 0 0 0 0 0 0 0 0 0 0 0 
93 6 0 0 0 0 0 0 0 0 0 0 0 
94 6 0 0 0 0 0 0 0 0 0 0 0 
95 6 0 0 0 0 0 0 0 0 0 0 0 
96 6 0 0 0 0 0 0 0 0 0 0 0 
97 6 0 0 0 0 0 0 0 0 0 0 0 
98 6 0 0 0 0 0 0 0 0 0 0 0 
99 6 0 0 0 0 0 0 0 0 0 0 0 
100 6 0 0 0 0 0 0 0 0 0 0 0 
101 6 0 0 0 0 0 0 0 0 0 0 0 
102 6 0 0 0 0 0 0 0 0 0 0 0 
103 6 2 0 0 0 0 0 0 0 0 0 0 
104 6 -1 286 2 31 -1 -1 -1 -1 -1 1 483 
105 6 -1 270 3 38 -1 -1 -1 -1 -1 2 22 
106 6 -1 89 4 15 -1 -1 -1 -1 -1 0 5939 
107 6 -1 234 4 23 -1 -1 -1 -1 -1 2 5541 
108 6 33 0 0 0 0 0 0 0 0 0 0 
109 6 34 0 0 0 0 0 0 0 0 0 0 
110 6 -1 40 3 14 -1 -1 -1 -1 -1 0 13 
111 6 0 0 0 0 0 0 0 0 0 0 0 
112 6 0 0 0 0 0 0 0 0 0 0 0 
113 6 0 0 0 0 0 0 0 0 0 0 0 
114 6 0 0 0 0 0 0 0 0 0 0 0 
115 6 0 0 0 0 0 0 0 0 0 0 0 
116 6 0 0 0 0 0 0 0 0 0 0 0 
117 6 0 0 0 0 0 0 0 0 0 0 0 
118 6 0 0 0 0 0 0 0 0 0 0 0 
119 6 39 0 0 0 0 0 0 0 0 0 0 
120 6 -1 36 3 18 -1 -1 -1 -1 -1 0 -44 
121 6 0 0 0 0 0 0 0 0 0 0 0 
122 6 0 0 0 0 0 0 0 0 0 0 0 
123 6 46 0 0 0 0 0 0 0 0 0 0 
124 6 -1 44 2 18 -1 -1 -1 -1 -1 1 4849 
125 6 0 0 0 0 0 0 0 0 0 0 0 
126 6 0 0 0 0 0 0 0 0 0 0 0 
127 7 0 0 0 0 0 0 0 0 0 0 0 
128 7 0 0 0 0 0 0 0 0 0 0 0 
129 7 0 0 0 0 0 0 0 0 0 0 0 
130 7 0 0 0 0 0 0 0 0 0 0 0 
131 7 0 0 0 0 0 0 0 0 0 0 0 
132 7 0 0 0 0 0 0 0 0 0 0 0 
133 7 0 0 0 0 0 0 0 0 0 0 0 
134 7 0 0 0 0 0 0 0 0 0 0 0 
135 7 0 0 0 0 0 0 0 0 0 0 0 
136 7 0 0 0 0 0 0 0 0 0 0 0 
137 7 0 0 0 0 0 0 0 0 0 0 0 
138 7 0 0 0 0 0 0 0 0 0 0 0 
139 7 0 0 0 0 0 0 0 0 0 0 0 
140 7 0 0 0 0 0 0 0 0 0 0 0 
141 7 0 0 0 0 0 0 0 0 0 0 0 
142 7 0 0 0 0 0 0 0 0 0 0 0 
143 7 0 0 0 0 0 0 0 0 0 0 0 
144 7 0 0 0 0 0 0 0 0 0 0 0 
145 7 0 0 0 0 0 0 0 0 0 0 0 
146 7 0 0 0 0 0 0 0 0 0 0 0 
147 7 0 0 0 0 0 0 0 0 0 0 0 
148 7 0 0 0 0 0 0 0 0 0 0 0 
149 7 0 0 0 0 0 0 0 0 0 0 0 
150 7 0 0 0 0 0 0 0 0 0 0 0 
151 7 0 0 0 0 0 0 0 0 0 0 0 
152 7 0 0 0 0 0 0 0 0 0 0 0 
153 7 0 0 0 0 0 0 0 0 0 0 0 
154 7 0 0 0 0 0 0 0 0 0 0 0 
155 7 0 0 0 0 0 0 0 0 0 0 0 
156 7 0 0 0 0 0 0 0 0 0 0 0 
157 7 0 0 0 0 0 0 0 0 0 0 0 
158 7 0 0 0 0 0 0 0 0 0 0 0 
159 7 0 0 0 0 0 0 0 0 0 0 0 
160 7 0 0 0 0 0 0 0 0 0 0 0 
161 7 0 0 0 0 0 0 0 0 0 0 0 
162 7 0 0 0 0 0 0 0 0 0 0 0 
163 7 0 0 0 0 0 0 0 0 0 0 0 
164 7 0 0 0 0 0 0 0 0 0 0 0 
165 7 0 0 0 0 0 0 0 0 0 0 0 
166 7 0 0 0 0 0 0 0 0 0 0 0 
167 7 0 0 0 0 0 0 0 0 0 0 0 
168 7 0 0 0 0 0 0 0 0 0 0 0 
169 7 0 0 0 0 0 0 0 0 0 0 0 
170 7 0 0 0 0 0 0 0 0 0 0 0 
171 7 0 0 0 0 0 0 0 0 0 0 0 
172 7 0 0 0 0 0 0 0 0 0 0 0 
173 7 0 0 0 0 0 0 0 0 0 0 0 
174 7 0 0 0 0 0 0 0 0 0 0 0 
175 7 0 0 0 0 0 0 0 0 0 0 0 
176 7 0 0 0 0 0 0 0 0 0 0 0 
177 7 0 0 0 0 0 0 0 0 0 0 0 
178 7 0 0 0 0 0 0 0 0 0 0 0 
179 7 0 0 0 0 0 0 0 0 0 0 0 
180 7 0 0 0 0 0 0 0 0 0 0 0 
181 7 0 0 0 0 0 0 0 0 0 0 0 
182 7 0 0 0 0 0 0 0 0 0 0 0 
183 7 0 0 0 0 0 0 0 0 0 0 0 
184 7 0 0 0 0 0 0 0 0 0 0 0 
185 7 0 0 0 0 0 0 0 0 0 0 0 
186 7 0 0 0 0 0 0 0 0 0 0 0 
187 7 0 0 0 0 0 0 0 0 0 0 0 
188 7 0 0 0 0 0 0 0 0 0 0 0 
189 7 0 0 0 0 0 0 0 0 0 0 0 
190 7 0 0 0 0 0 0 0 0 0 0 0 
191 7 0 0 0 0 0 0 0 0 0 0 0 
192 7 0 0 0 0 0 0 0 0 0 0 0 
193 7 0 0 0 0 0 0 0 0 0 0 0 
194 7 0 0 0 0 0 0 0 0 0 0 0 
195 7 0 0 0 0 0 0 0 0 0 0 0 
196 7 0 0 0 0 0 0 0 0 0 0 0 
197 7 0 0 0 0 0 0 0 0 0 0 0 
198 7 0 0 0 0 0 0 0 0 0 0 0 
199 7 0 0 0 0 0 0 0 0 0 0 0 
200 7 0 0 0 0 0 0 0 0 0 0 0 
201 7 0 0 0 0 0 0 0 0 0 0 0 
202 7 0 0 0 0 0 0 0 0 0 0 0 
203 7 0 0 0 0 0 0 0 0 0 0 0 
204 7 0 0 0 0 0 0 0 0 0 0 0 
205 7 0 0 0 0 0 0 0 0 0 0 0 
206 7 0 0 0 0 0 0 0 0 0 0 0 
207 7 0 0 0 0 0 0 0 0 0 0 0 
208 7 0 0 0 0 0 0 0 0 0 0 0 
209 7 -1 187 4 38 -1 -1 -1 -1 -1 1 2288 
210 7 6 0 0 0 0 0 0 0 0 0 0 
211 7 -1 293 2 10 -1 -1 -1 -1 -1 2 8563 
212 7 -1 286 1 10 -1 -1 -1 -1 -1 2 -33 
213 7 -1 252 1 13 -1 -1 -1 -1 -1 3 -24 
214 7 -1 123 3 26 -1 -1 -1 -1 -1 0 -11 
215 7 -1 179 2 12 -1 -1 -1 -1 -1 3 3089 
216 7 -1 97 2 25 -1 -1 -1 -1 -1 0 1104 
217 7 0 0 0 0 0 0 0 0 0 0 0 
218 7 0 0 0 0 0 0 0 0 0 0 0 
219 7 0 0 0 0 0 0 0 0 0 0 0 
220 7 0 0 0 0 0 0 0 0 0 0 0 
221 7 -1 27 4 27 -1 -1 -1 -1 -1 2 3003 
222 7 37 0 0 0 0 0 0 0 0 0 0 
223 7 0 0 0 0 0 0 0 0 0 0 0 
224 7 0 0 0 0 0 0 0 0 0 0 0 
225 7 0 0 0 0 0 0 0 0 0 0 0 
226 7 0 0 0 0 0 0 0 0 0 0 0 
227 7 0 0 0 0 0 0 0 0 0 0 0 
228 7 0 0 0 0 0 0 0 0 0 0 0 
229 7 0 0 0 0 0 0 0 0 0 0 0 
230 7 0 0 0 0 0 0 0 0 0 0 0 
231 7 0 0 0 0 0 0 0 0 0 0 0 
232 7 0 0 0 0 0 0 0 0 0 0 0 
233 7 0 0 0 0 0 0 0 0 0 0 0 
234 7 0 0 0 0 0 0 0 0 0 0 0 
235 7 0 0 0 0 0 0 0 0 0 0 0 
236 7 0 0 0 0 0 0 0 0 0 0 0 
237 7 0 0 0 0 0 0 0 0 0 0 0 
238 7 0 0 0 0 0 0 0 0 0 0 0 
239 7 0 0 0 0 0 0 0 0 0 0 0 
240 7 0 0 0 0 0 0 0 0 0 0 0 
241 7 40 0 0 0 0 0 0 0 0 0 0 
242 7 -1 155 1 37 -1 -1 -1 -1 -1 3 10 
243 7 0 0 0 0 0 0 0 0 0 0 0 
244 7 0 0 0 0 0 0 0 0 0 0 0 
245 7 0 0 0 0 0 0 0 0 0 0 0 
246 7 0 0 0 0 0 0 0 0 0 0 0 
247 7 0 0 0 0 0 0 0 0 0 0 0 
248 7 0 0 0 0 0 0 0 0 0 0 0 
249 7 -1 229 4 28 -1 -1 -1 -1 -1 0 1732 
250 7 51 0 0 0 0 0 0 0 0 0 0 
251 7 0 0 0 0 0 0 0 0 0 0 0 
252 7 0 0 0 0 0 0 0 0 0 0 0 
253 7 0 0 0 0 0 0 0 0 0 0 0 
254 7 0 0 0 0 0 0 0 0 0 0 0 
255 8 0 0 0 0 0 0 0 0 0 0 0 
256 8 0 0 0 0 0 0 0 0 0 0 0 
257 8 0 0 0 0 0 0 0 0 0 0 0 
258 8 0 0 0 0 0 0 0 0 0 0 0 
259 8 0 0 0 0 0 0 0 0 0 0 0 
260 8 0 0 0 0 0 0 0 0 0 0 0 
261 8 0 0 0 0 0 0 0 0 0 0 0 
262 8 0 0 0 0 0 0 0 0 0 0 0 
263 8 0 0 0 0 0 0 0 0 0 0 0 
264 8 0 0 0 0 0 0 0 0 0 0 0 
265 8 0 0 0 0 0 0 0 0 0 0 0 
266 8 0 0 0 0 0 0 0 0 0 0 0 
267 8 0 0 0 0 0 0 0 0 0 0 0 
268 8 0 0 0 0 0 0 0 0 0 0 0 
269 8 0 0 0 0 0 0 0 0 0 0 0 
270 8 0 0 0 0 0 0 0 0 0 0 0 
271 8 0 0 0 0 0 0 0 0 0 0 0 
272 8 0 0 0 0 0 0 0 0 0 0 0 
273 8 0 0 0 0 0 0 0 0 0 0 0 
274 8 0 0 0 0 0 0 0 0 0 0 0 
275 8 0 0 0 0 0 0 0 0 0 0 0 
276 8 0 0 0 0 0 0 0 0 0 0 0 
277 8 0 0 0 0 0 0 0 0 0 0 0 
278 8 0 0 0 0 0 0 0 0 0 0 0 
279 8 0 0 0 0 0 0 0 0 0 0 0 
280 8 0 0 0 0 0 0 0 0 0 0 0 
281 8 0 0 0 0 0 0 0 0 0 0 0 
282 8 0 0 0 0 0 0 0 0 0 0 0 
283 8 0 0 0 0 0 0 0 0 0 0 0 
284 8 0 0 0 0 0 0 0 0 0 0 0 
285 8 0 0 0 0 0 0 0 0 0 0 0 
286 8 0 0 0 0 0 0 0 0 0 0 0 
287 8 0 0 0 0 0 0 0 0 0 0 0 
288 8 0 0 0 0 0 0 0 0 0 0 0 
289 8 0 0 0 0 0 0 0 0 0 0 0 
290 8 0 0 0 0 0 0 0 0 0 0 0 
291 8 0 0 0 0 0 0 0 0 0 0 0 
292 8 0 0 0 0 0 0 0 0 0 0 0 
293 8 0 0 0 0 0 0 0 0 0 0 0 
294 8 0 0 0 0 0 0 0 0 0 0 0 
295 8 0 0 0 0 0 0 0 0 0 0 0 
296 8 0 0 0 0 0 0 0 0 0 0 0 
297 8 0 0 0 0 0 0 0 0 0 0 0 
298 8 0 0 0 0 0 0 0 0 0 0 0 
299 8 0 0 0 0 0 0 0 0 0 0 0 
300 8 0 0 0 0 0 0 0 0 0 0 0 
301 8 0 0 0 0 0 0 0 0 0 0 0 
302 8 0 0 0 0 0 0 0 0 0 0 0 
303 8 0 0 0 0 0 0 0 0 0 0 0 
304 8 0 0 0 0 0 0 0 0 0 0 0 
305 8 0 0 0 0 0 0 0 0 0 0 0 
306 8 0 0 0 0 0 0 0 0 0 0 0 
307 8 0 0 0 0 0 0 0 0 0 0 0 
308 8 0 0 0 0 0 0 0 0 0 0 0 
309 8 0 0 0 0 0 0 0 0 0 0 0 
310 8 0 0 0 0 0 0 0 0 0 0 0 
311 8 0 0 0 0 0 0 0 0 0 0 0 
312 8 0 0 0 0 0 0 0 0 0 0 0 
313 8 0 0 0 0 0 0 0 0 0 0 0 
314 8 0 0 0 0 0 0 0 0 0 0 0 
315 8 0 0 0 0 0 0 0 0 0 0 0 
316 8 0 0 0 0 0 0 0 0 0 0 0 
317 8 0 0 0 0 0 0 0 0 0 0 0 
318 8 0 0 0 0 0 0 0 0 0 0 0 
319 8 0 0 0 0 0 0 0 0 0 0 0 
320 8 0 0 0 0 0 0 0 0 0 0 0 
321 8 0 0 0 0 0 0 0 0 0 0 0 
322 8 0 0 0 0 0 0 0 0 0 0 0 
323 8 0 0 0 0 0 0 0 0 0 0 0 
324 8 0 0 0 0 0 0 0 0 0 0 0 
325 8 0 0 0 0 0 0 0 0 0 0 0 
326 8 0 0 0 0 0 0 0 0 0 0 0 
327 8 0 0 0 0 0 0 0 0 0 0 0 
328 8 0 0 0 0 0 0 0 0 0 0 0 
329 8 0 0 0 0 0 0 0 0 0 0 0 
330 8 0 0 0 0 0 0 0 0 0 0 0 
331 8 0 0 0 0 0 0 0 0 0 0 0 
332 8 0 0 0 0 0 0 0 0 0 0 0 
333 8 0 0 0 0 0 0 0 0 0 0 0 
334 8 0 0 0 0 0 0 0 0 0 0 0 
335 8 0 0 0 0 0 0 0 0 0 0 0 
336 8 0 0 0 0 0 0 0 0 0 0 0 
337 8 0 0 0 0 0 0 0 0 0 0 0 
338 8 0 0 0 0 0 0 0 0 0 0 0 
339 8 0 0 0 0 0 0 0 0 0 0 0 
340 8 0 0 0 0 0 0 0 0 0 0 0 
341 8 0 0 0 0 0 0 0 0 0 0 0 
342 8 0 0 0 0 0 0 0 0 0 0 0 
343 8 0 0 0 0 0 0 0 0 0 0 0 
344 8 0 0 0 0 0 0 0 0 0 0 0 
345 8 0 0 0 0 0 0 0 0 0 0 0 
346 8 0 0 0 0 0 0 0 0 0 0 0 
347 8 0 0 0 0 0 0 0 0 0 0 0 
348 8 0 0 0 0 0 0 0 0 0 0 0 
349 8 0 0 0 0 0 0 0 0 0 0 0 
350 8 0 0 0 0 0 0 0 0 0 0 0 
351 8 0 0 0 0 0 0 0 0 0 0 0 
352 8 0 0 0 0 0 0 0 0 0 0 0 
353 8 0 0 0 0 0 0 0 0 0 0 0 
354 8 0 0 0 0 0 0 0 0 0 0 0 
355 8 0 0 0 0 0 0 0 0 0 0 0 
356 8 0 0 0 0 0 0 0 0 0 0 0 
357 8 0 0 0 0 0 0 0 0 0 0 0 
358 8 0 0 0 0 0 0 0 0 0 0 0 
359 8 0 0 0 0 0 0 0 0 0 0 0 
360 8 0 0 0 0 0 0 0 0 0 0 0 
361 8 0 0 0 0 0 0 0 0 0 0 0 
362 8 0 0 0 0 0 0 0 0 0 0 0 
363 8 0 0 0 0 0 0 0 0 0 0 0 
364 8 0 0 0 0 0 0 0 0 0 0 0 
365 8 0 0 0 0 0 0 0 0 0 0 0 
366 8 0 0 0 0 0 0 0 0 0 0 0 
367 8 0 0 0 0 0 0 0 0 0 0 0 
368 8 0 0 0 0 0 0 0 0 0 0 0 
369 8 0 0 0 0 0 0 0 0 0 0 0 
370 8 0 0 0 0 0 0 0 0 0 0 0 
371 8 0 0 0 0 0 0 0 0 0 0 0 
372 8 0 0 0 0 0 0 0 0 0 0 0 
373 8 0 0 0 0 0 0 0 0 0 0 0 
374 8 0 0 0 0 0 0 0 0 0 0 0 
375 8 0 0 0 0 0 0 0 0 0 0 0 
376 8 0 0 0 0 0 0 0 0 0 0 0 
377 8 0 0 0 0 0 0 0 0 0 0 0 
378 8 0 0 0 0 0 0 0 0 0 0 0 
379 8 0 0 0 0 0 0 0 0 0 0 0 
380 8 0 0 0 0 0 0 0 0 0 0 0 
381 8 0 0 0 0 0 0 0 0 0 0 0 
382 8 0 0 0 0 0 0 0 0 0 0 0 
383 8 0 0 0 0 0 0 0 0 0 0 0 
384 8 0 0 0 0 0 0 0 0 0 0 0 
385 8 0 0 0 0 0 0 0 0 0 0 0 
386 8 0 0 0 0 0 0 0 0 0 0 0 
387 8 0 0 0 0 0 0 0 0 0 0 0 
388 8 0 0 0 0 0 0 0 0 0 0 0 
389 8 0 0 0 0 0 0 0 0 0 0 0 
390 8 0 0 0 0 0 0 0 0 0 0 0 
391 8 0 0 0 0 0 0 0 0 0 0 0 
392 8 0 0 0 0 0 0 0 0 0 0 0 
393 8 0 0 0 0 0 0 0 0 0 0 0 
394 8 0 0 0 0 0 0 0 0 0 0 0 
395 8 0 0 0 0 0 0 0 0 0 0 0 
396 8 0 0 0 0 0 0 0 0 0 0 0 
397 8 0 0 0 0 0 0 0 0 0 0 0 
398 8 0 0 0 0 0 0 0 0 0 0 0 
399 8 0 0 0 0 0 0 0 0 0 0 0 
400 8 0 0 0 0 0 0 0 0 0 0 0 
401 8 0 0 0 0 0 0 0 0 0 0 0 
402 8 0 0 0 0 0 0 0 0 0 0 0 
403 8 0 0 0 0 0 0 0 0 0 0 0 
404 8 0 0 0 0 0 0 0 0 0 0 0 
405 8 0 0 0 0 0 0 0 0 0 0 0 
406 8 0 0 0 0 0 0 0 0 0 0 0 
407 8 0 0 0 0 0 0 0 0 0 0 0 
408 8 0 0 0 0 0 0 0 0 0 0 0 
409 8 0 0 0 0 0 0 0 0 0 0 0 
410 8 0 0 0 0 0 0 0 0 0 0 0 
411 8 0 0 0 0 0 0 0 0 0 0 0 
412 8 0 0 0 0 0 0 0 0 0 0 0 
413 8 0 0 0 0 0 0 0 0 0 0 0 
414 8 0 0 0 0 0 0 0 0 0 0 0 
415 8 0 0 0 0 0 0 0 0 0 0 0 
416 8 0 0 0 0 0 0 0 0 0 0 0 
417 8 0 0 0 0 0 0 0 0 0 0 0 
418 8 0 0 0 0 0 0 0 0 0 0 0 
419 8 3 0 0 0 0 0 0 0 0 0 0 
420 8 -1 20 3 29 -1 -1 -1 -1 -1 0 18 
421 8 0 0 0 0 0 0 0 0 0 0 0 
422 8 0 0 0 0 0 0 0 0 0 0 0 
423 8 7 0 0 0 0 0 0 0 0 0 0 
424 8 8 0 0 0 0 0 0 0 0 0 0 
425 8 -1 273 2 13 -1 -1 -1 -1 -1 2 3302 
426 8 12 0 0 0 0 0 0 0 0 0 0 
427 8 13 0 0 0 0 0 0 0 0 0 0 
428 8 -1 165 1 17 -1 -1 -1 -1 -1 3 -11 
429 8 -1 164 0 12 -1 -1 -1 -1 -1 3 -25 
430 8 -1 344 1 11 -1 -1 -1 -1 -1 3 23 
431 8 -1 103 1 32 -1 -1 -1 -1 -1 1 -11 
432 8 28 0 0 0 0 0 0 0 0 0 0 
433 8 -1 255 4 20 -1 -1 -1 -1 -1 3 3278 
434 8 32 0 0 0 0 0 0 0 0 0 0 
435 8 0 0 0 0 0 0 0 0 0 0 0 
436 8 0 0 0 0 0 0 0 0 0 0 0 
437 8 0 0 0 0 0 0 0 0 0 0 0 
438 8 0 0 0 0 0 0 0 0 0 0 0 
439 8 0 0 0 0 0 0 0 0 0 0 0 
440 8 0 0 0 0 0 0 0 0 0 0 0 
441 8 0 0 0 0 0 0 0 0 0 0 0 
442 8 0 0 0 0 0 0 0 0 0 0 0 
443 8 35 0 0 0 0 0 0 0 0 0 0 
444 8 36 0 0 0 0 0 0 0 0 0 0 
445 8 0 0 0 0 0 0 0 0 0 0 0 
446 8 0 0 0 0 0 0 0 0 0 0 0 
447 8 0 0 0 0 0 0 0 0 0 0 0 
448 8 0 0 0 0 0 0 0 0 0 0 0 
449 8 0 0 0 0 0 0 0 0 0 0 0 
450 8 0 0 0 0 0 0 0 0 0 0 0 
451 8 0 0 0 0 0 0 0 0 0 0 0 
452 8 0 0 0 0 0 0 0 0 0 0 0 
453 8 0 0 0 0 0 0 0 0 0 0 0 
454 8 0 0 0 0 0 0 0 0 0 0 0 
455 8 0 0 0 0 0 0 0 0 0 0 0 
456 8 0 0 0 0 0 0 0 0 0 0 0 
457 8 0 0 0 0 0 0 0 0 0 0 0 
458 8 0 0 0 0 0 0 0 0 0 0 0 
459 8 0 0 0 0 0 0 0 0 0 0 0 
460 8 0 0 0 0 0 0 0 0 0 0 0 
461 8 0 0 0 0 0 0 0 0 0 0 0 
462 8 0 0 0 0 0 0 0 0 0 0 0 
463 8 0 0 0 0 0 0 0 0 0 0 0 
464 8 0 0 0 0 0 0 0 0 0 0 0 
465 8 0 0 0 0 0 0 0 0 0 0 0 
466 8 0 0 0 0 0 0 0 0 0 0 0 
467 8 0 0 0 0 0 0 0 0 0 0 0 
468 8 0 0 0 0 0 0 0 0 0 0 0 
469 8 0 0 0 0 0 0 0 0 0 0 0 
470 8 0 0 0 0 0 0 0 0 0 0 0 
471 8 0 0 0 0 0 0 0 0 0 0 0 
472 8 0 0 0 0 0 0 0 0 0 0 0 
473 8 0 0 0 0 0 0 0 0 0 0 0 
474 8 0 0 0 0 0 0 0 0 0 0 0 
475 8 0 0 0 0 0 0 0 0 0 0 0 
476 8 0 0 0 0 0 0 0 0 0 0 0 
477 8 0 0 0 0 0 0 0 0 0 0 0 
478 8 0 0 0 0 0 0 0 0 0 0 0 
479 8 0 0 0 0 0 0 0 0 0 0 0 
480 8 0 0 0 0 0 0 0 0 0 0 0 
481 8 0 0 0 0 0 0 0 0 0 0 0 
482 8 0 0 0 0 0 0 0 0 0 0 0 
483 8 0 0 0 0 0 0 0 0 0 0 0 
484 8 0 0 0 0 0 0 0 0 0 0 0 
485 8 -1 50 4 24 -1 -1 -1 -1 -1 0 1676 
486 8 44 0 0 0 0 0 0 0 0 0 0 
487 8 0 0 0 0 0 0 0 0 0 0 0 
488 8 0 0 0 0 0 0 0 0 0 0 0 
489 8 0 0 0 0 0 0 0 0 0 0 0 
490 8 0 0 0 0 0 0 0 0 0 0 0 
491 8 0 0 0 0 0 0 0 0 0 0 0 
492 8 0 0 0 0 0 0 0 0 0 0 0 
493 8 0 0 0 0 0 0 0 0 0 0 0 
494 8 0 0 0 0 0 0 0 0 0 0 0 
495 8 0 0 0 0 0 0 0 0 0 0 0 
496 8 0 0 0 0 0 0 0 0 0 0 0 
497 8 0 0 0 0 0 0 0 0 0 0 0 
498 8 0 0 0 0 0 0 0 0 0 0 0 
499 8 47 0 0 0 0 0 0 0 0 0 0 
500 8 -1 295 1 22 -1 -1 -1 -1 -1 3 -3 
501 8 0 0 0 0 0 0 0 0 0 0 0 
502 8 0 0 0 0 0 0 0 0 0 0 0 
503 8 0 0 0 0 0 0 0 0 0 0 0 
504 8 0 0 0 0 0 0 0 0 0 0 0 
505 8 0 0 0 0 0 0 0 0 0 0 0 
506 8 0 0 0 0 0 0 0 0 0 0 0 
507 8 0 0 0 0 0 0 0 0 0 0 0 
508 8 0 0 0 0 0 0 0 0 0 0 0 
509 8 0 0 0 0 0 0 0 0 0 0 0 
510 8 0 0 0 0 0 0 0 0 0 0 0 
511 9 0 0 0 0 0 0 0 0 0 0 0 
512 9 0 0 0 0 0 0 0 0 0 0 0 
513 9 0 0 0 0 0 0 0 0 0 0 0 
514 9 0 0 0 0 0 0 0 0 0 0 0 
515 9 0 0 0 0 0 0 0 0 0 0 0 
516 9 0 0 0 0 0 0 0 0 0 0 0 
517 9 0 0 0 0 0 0 0 0 0 0 0 
518 9 0 0 0 0 0 0 0 0 0 0 0 
519 9 0 0 0 0 0 0 0 0 0 0 0 
520 9 0 0 0 0 0 0 0 0 0 0 0 
521 9 0 0 0 0 0 0 0 0 0 0 0 
522 9 0 0 0 0 0 0 0 0 0 0 0 
523 9 0 0 0 0 0 0 0 0 0 0 0 
524 9 0 0 0 0 0 0 0 0 0 0 0 
525 9 0 0 0 0 0 0 0 0 0 0 0 
526 9 0 0 0 0 0 0 0 0 0 0 0 
527 9 0 0 0 0 0 0 0 0 0 0 0 
528 9 0 0 0 0 0 0 0 0 0 0 0 
529 9 0 0 0 0 0 0 0 0 0 0 0 
530 9 0 0 0 0 0 0 0 0 0 0 0 
531 9 0 0 0 0 0 0 0 0 0 0 0 
532 9 0 0 0 0 0 0 0 0 0 0 0 
533 9 0 0 0 0 0 0 0 0 0 0 0 
534 9 0 0 0 0 0 0 0 0 0 0 0 
535 9 0 0 0 0 0 0 0 0 0 0 0 
536 9 0 0 0 0 0 0 0 0 0 0 0 
537 9 0 0 0 0 0 0 0 0 0 0 0 
538 9 0 0 0 0 0 0 0 0 0 0 0 
539 9 0 0 0 0 0 0 0 0 0 0 0 
540 9 0 0 0 0 0 0 0 0 0 0 0 
541 9 0 0 0 0 0 0 0 0 0 0 0 
542 9 0 0 0 0 0 0 0 0 0 0 0 
543 9 0 0 0 0 0 0 0 0 0 0 0 
544 9 0 0 0 0 0 0 0 0 0 0 0 
545 9 0 0 0 0 0 0 0 0 0 0 0 
546 9 0 0 0 0 0 0 0 0 0 0 0 
547 9 0 0 0 0 0 0 0 0 0 0 0 
548 9 0 0 0 0 0 0 0 0 0 0 0 
549 9 0 0 0 0 0 0 0 0 0 0 0 
550 9 0 0 0 0 0 0 0 0 0 0 0 
551 9 0 0 0 0 0 0 0 0 0 0 0 
552 9 0 0 0 0 0 0 0 0 0 0 0 
553 9 0 0 0 0 0 0 0 0 0 0 0 
554 9 0 0 0 0 0 0 0 0 0 0 0 
555 9 0 0 0 0 0 0 0 0 0 0 0 
556 9 0 0 0 0 0 0 0 0 0 0 0 
557 9 0 0 0 0 0 0 0 0 0 0 0 
558 9 0 0 0 0 0 0 0 0 0 0 0 
559 9 0 0 0 0 0 0 0 0 0 0 0 
560 9 0 0 0 0 0 0 0 0 0 0 0 
561 9 0 0 0 0 0 0 0 0 0 0 0 
562 9 0 0 0 0 0 0 0 0 0 0 0 
563 9 0 0 0 0 0 0 0 0 0 0 0 
564 9 0 0 0 0 0 0 0 0 0 0 0 
565 9 0 0 0 0 0 0 0 0 0 0 0 
566 9 0 0 0 0 0 0 0 0 0 0 0 
567 9 0 0 0 0 0 0 0 0 0 0 0 
568 9 0 0 0 0 0 0 0 0 0 0 0 
569 9 0 0 0 0 0 0 0 0 0 0 0 
570 9 0 0 0 0 0 0 0 0 0 0 0 
571 9 0 0 0 0 0 0 0 0 0 0 0 
572 9 0 0 0 0 0 0 0 0 0 0 0 
573 9 0 0 0 0 0 0 0 0 0 0 0 
574 9 0 0 0 0 0 0 0 0 0 0 0 
575 9 0 0 0 0 0 0 0 0 0 0 0 
576 9 0 0 0 0 0 0 0 0 0 0 0 
577 9 0 0 0 0 0 0 0 0 0 0 0 
578 9 0 0 0 0 0 0 0 0 0 0 0 
579 9 0 0 0 0 0 0 0 0 0 0 0 
580 9 0 0 0 0 0 0 0 0 0 0 0 
581 9 0 0 0 0 0 0 0 0 0 0 0 
582 9 0 0 0 0 0 0 0 0 0 0 0 
583 9 0 0 0 0 0 0 0 0 0 0 0 
584 9 0 0 0 0 0 0 0 0 0 0 0 
585 9 0 0 0 0 0 0 0 0 0 0 0 
586 9 0 0 0 0 0 0 0 0 0 0 0 
587 9 0 0 0 0 0 0 0 0 0 0 0 
588 9 0 0 0 0 0 0 0 0 0 0 0 
589 9 0 0 0 0 0 0 0 0 0 0 0 
590 9 0 0 0 0 0 0 0 0 0 0 0 
591 9 0 0 0 0 0 0 0 0 0 0 0 
592 9 0 0 0 0 0 0 0 0 0 0 0 
593 9 0 0 0 0 0 0 0 0 0 0 0 
594 9 0 0 0 0 0 0 0 0 0 0 0 
595 9 0 0 0 0 0 0 0 0 0 0 0 
596 9 0 0 0 0 0 0 0 0 0 0 0 
597 9 0 0 0 0 0 0 0 0 0 0 0 
598 9 0 0 0 0 0 0 0 0 0 0 0 
599 9 0 0 0 0 0 0 0 0 0 0 0 
600 9 0 0 0 0 0 0 0 0 0 0 0 
601 9 0 0 0 0 0 0 0 0 0 0 0 
602 9 0 0 0 0 0 0 0 0 0 0 0 
603 9 0 0 0 0 0 0 0 0 0 0 0 
604 9 0 0 0 0 0 0 0 0 0 0 0 
605 9 0 0 0 0 0 0 0 0 0 0 0 
606 9 0 0 0 0 0 0 0 0 0 0 0 
607 9 0 0 0 0 0 0 0 0 0 0 0 
608 9 0 0 0 0 0 0 0 0 0 0 0 
609 9 0 0 0 0 0 0 0 0 0 0 0 
610 9 0 0 0 0 0 0 0 0 0 0 0 
611 9 0 0 0 0 0 0 0 0 0 0 0 
612 9 0 0 0 0 0 0 0 0 0 0 0 
613 9 0 0 0 0 0 0 0 0 0 0 0 
614 9 0 0 0 0 0 0 0 0 0 0 0 
615 9 0 0 0 0 0 0 0 0 0 0 0 
616 9 0 0 0 0 0 0 0 0 0 0 0 
617 9 0 0 0 0 0 0 0 0 0 0 0 
618 9 0 0 0 0 0 0 0 0 0 0 0 
619 9 0 0 0 0 0 0 0 0 0 0 0 
620 9 0 0 0 0 0 0 0 0 0 0 0 
621 9 0 0 0 0 0 0 0 0 0 0 0 
622 9 0 0 0 0 0 0 0 0 0 0 0 
623 9 0 0 0 0 0 0 0 0 0 0 0 
624 9 0 0 0 0 0 0 0 0 0 0 0 
625 9 0 0 0 0 0 0 0 0 0 0 0 
626 9 0 0 0 0 0 0 0 0 0 0 0 
627 9 0 0 0 0 0 0 0 0 0 0 0 
628 9 0 0 0 0 0 0 0 0 0 0 0 
629 9 0 0 0 0 0 0 0 0 0 0 0 
630 9 0 0 0 0 0 0 0 0 0 0 0 
631 9 0 0 0 0 0 0 0 0 0 0 0 
632 9 0 0 0 0 0 0 0 0 0 0 0 
633 9 0 0 0 0 0 0 0 0 0 0 0 
634 9 0 0 0 0 0 0 0 0 0 0 0 
635 9 0 0 0 0 0 0 0 0 0 0 0 
636 9 0 0 0 0 0 0 0 0 0 0 0 
637 9 0 0 0 0 0 0 0 0 0 0 0 
638 9 0 0 0 0 0 0 0 0 0 0 0 
639 9 0 0 0 0 0 0 0 0 0 0 0 
640 9 0 0 0 0 0 0 0 0 0 0 0 
641 9 0 0 0 0 0 0 0 0 0 0 0 
642 9 0 0 0 0 0 0 0 0 0 0 0 
643 9 0 0 0 0 0 0 0 0 0 0 0 
644 9 0 0 0 0 0 0 0 0 0 0 0 
645 9 0 0 0 0 0 0 0 0 0 0 0 
646 9 0 0 0 0 0 0 0 0 0 0 0 
647 9 0 0 0 0 0 0 0 0 0 0 0 
648 9 0 0 0 0 0 0 0 0 0 0 0 
649 9 0 0 0 0 0 0 0 0 0 0 0 
650 9 0 0 0 0 0 0 0 0 0 0 0 
651 9 0 0 0 0 0 0 0 0 0 0 0 
652 9 0 0 0 0 0 0 0 0 0 0 0 
653 9 0 0 0 0 0 0 0 0 0 0 0 
654 9 0 0 0 0 0 0 0 0 0 0 0 
655 9 0 0 0 0 0 0 0 0 0 0 0 
656 9 0 0 0 0 0 0 0 0 0 0 0 
657 9 0 0 0 0 0 0 0 0 0 0 0 
658 9 0 0 0 0 0 0 0 0 0 0 0 
659 9 0 0 0 0 0 0 0 0 0 0 0 
660 9 0 0 0 0 0 0 0 0 0 0 0 
661 9 0 0 0 0 0 0 0 0 0 0 0 
662 9 0 0 0 0 0 0 0 0 0 0 0 
663 9 0 0 0 0 0 0 0 0 0 0 0 
664 9 0 0 0 0 0 0 0 0 0 0 0 
665 9 0 0 0 0 0 0 0 0 0 0 0 
666 9 0 0 0 0 0 0 0 0 0 0 0 
667 9 0 0 0 0 0 0 0 0 0 0 0 
668 9 0 0 0 0 0 0 0 0 0 0 0 
669 9 0 0 0 0 0 0 0 0 0 0 0 
670 9 0 0 0 0 0 0 0 0 0 0 0 
671 9 0 0 0 0 0 0 0 0 0 0 0 
672 9 0 0 0 0 0 0 0 0 0 0 0 
673 9 0 0 0 0 0 0 0 0 0 0 0 
674 9 0 0 0 0 0 0 0 0 0 0 0 
675 9 0 0 0 0 0 0 0 0 0 0 0 
676 9 0 0 0 0 0 0 0 0 0 0 0 
677 9 0 0 0 0 0 0 0 0 0 0 0 
678 9 0 0 0 0 0 0 0 0 0 0 0 
679 9 0 0 0 0 0 0 0 0 0 0 0 
680 9 0 0 0 0 0 0 0 0 0 0 0 
681 9 0 0 0 0 0 0 0 0 0 0 0 
682 9 0 0 0 0 0 0 0 0 0 0 0 
683 9 0 0 0 0 0 0 0 0 0 0 0 
684 9 0 0 0 0 0 0 0 0 0 0 0 
685 9 0 0 0 0 0 0 0 0 0 0 0 
686 9 0 0 0 0 0 0 0 0 0 0 0 
687 9 0 0 0 0 0 0 0 0 0 0 0 
688 9 0 0 0 0 0 0 0 0 0 0 0 
689 9 0 0 0 0 0 0 0 0 0 0 0 
690 9 0 0 0 0 0 0 0 0 0 0 0 
691 9 0 0 0 0 0 0 0 0 0 0 0 
692 9 0 0 0 0 0 0 0 0 0 0 0 
693 9 0 0 0 0 0 0 0 0 0 0 0 
694 9 0 0 0 0 0 0 0 0 0 0 0 
695 9 0 0 0 0 0 0 0 0 0 0 0 
696 9 0 0 0 0 0 0 0 0 0 0 0 
697 9 0 0 0 0 0 0 0 0 0 0 0 
698 9 0 0 0 0 0 0 0 0 0 0 0 
699 9 0 0 0 0 0 0 0 0 0 0 0 
700 9 0 0 0 0 0 0 0 0 0 0 0 
701 9 0 0 0 0 0 0 0 0 0 0 0 
702 9 0 0 0 0 0 0 0 0 0 0 0 
703 9 0 0 0 0 0 0 0 0 0 0 0 
704 9 0 0 0 0 0 0 0 0 0 0 0 
705 9 0 0 0 0 0 0 0 0 0 0 0 
706 9 0 0 0 0 0 0 0 0 0 0 0 
707 9 0 0 0 0 0 0 0 0 0 0 0 
708 9 0 0 0 0 0 0 0 0 0 0 0 
709 9 0 0 0 0 0 0 0 0 0 0 0 
710 9 0 0 0 0 0 0 0 0 0 0 0 
711 9 0 0 0 0 0 0 0 0 0 0 0 
712 9 0 0 0 0 0 0 0 0 0 0 0 
713 9 0 0 0 0 0 0 0 0 0 0 0 
714 9 0 0 0 0 0 0 0 0 0 0 0 
715 9 0 0 0 0 0 0 0 0 0 0 0 
716 9 0 0 0 0 0 0 0 0 0 0 0 
717 9 0 0 0 0 0 0 0 0 0 0 0 
718 9 0 0 0 0 0 0 0 0 0 0 0 
719 9 0 0 0 0 0 0 0 0 0 0 0 
720 9 0 0 0 0 0 0 0 0 0 0 0 
721 9 0 0 0 0 0 0 0 0 0 0 0 
722 9 0 0 0 0 0 0 0 0 0 0 0 
723 9 0 0 0 0 0 0 0 0 0 0 0 
724 9 0 0 0 0 0 0 0 0 0 0 0 
725 9 0 0 0 0 0 0 0 0 0 0 0 
726 9 0 0 0 0 0 0 0 0 0 0 0 
727 9 0 0 0 0 0 0 0 0 0 0 0 
728 9 0 0 0 0 0 0 0 0 0 0 0 
729 9 0 0 0 0 0 0 0 0 0 0 0 
730 9 0 0 0 0 0 0 0 0 0 0 0 
731 9 0 0 0 0 0 0 0 0 0 0 0 
732 9 0 0 0 0 0 0 0 0 0 0 0 
733 9 0 0 0 0 0 0 0 0 0 0 0 
734 9 0 0 0 0 0 0 0 0 0 0 0 
735 9 0 0 0 0 0 0 0 0 0 0 0 
736 9 0 0 0 0 0 0 0 0 0 0 0 
737 9 0 0 0 0 0 0 0 0 0 0 0 
738 9 0 0 0 0 0 0 0 0 0 0 0 
739 9 0 0 0 0 0 0 0 0 0 0 0 
740 9 0 0 0 0 0 0 0 0 0 0 0 
741 9 0 0 0 0 0 0 0 0 0 0 0 
742 9 0 0 0 0 0 0 0 0 0 0 0 
743 9 0 0 0 0 0 0 0 0 0 0 0 
744 9 0 0 0 0 0 0 0 0 0 0 0 
745 9 0 0 0 0 0 0 0 0 0 0 0 
746 9 0 0 0 0 0 0 0 0 0 0 0 
747 9 0 0 0 0 0 0 0 0 0 0 0 
748 9 0 0 0 0 0 0 0 0 0 0 0 
749 9 0 0 0 0 0 0 0 0 0 0 0 
750 9 0 0 0 0 0 0 0 0 0 0 0 
751 9 0 0 0 0 0 0 0 0 0 0 0 
752 9 0 0 0 0 0 0 0 0 0 0 0 
753 9 0 0 0 0 0 0 0 0 0 0 0 
754 9 0 0 0 0 0 0 0 0 0 0 0 
755 9 0 0 0 0 0 0 0 0 0 0 0 
756 9 0 0 0 0 0 0 0 0 0 0 0 
757 9 0 0 0 0 0 0 0 0 0 0 0 
758 9 0 0 0 0 0 0 0 0 0 0 0 
759 9 0 0 0 0 0 0 0 0 0 0 0 
760 9 0 0 0 0 0 0 0 0 0 0 0 
761 9 0 0 0 0 0 0 0 0 0 0 0 
762 9 0 0 0 0 0 0 0 0 0 0 0 
763 9 0 0 0 0 0 0 0 0 0 0 0 
764 9 0 0 0 0 0 0 0 0 0 0 0 
765 9 0 0 0 0 0 0 0 0 0 0 0 
766 9 0 0 0 0 0 0 0 0 0 0 0 
767 9 0 0 0 0 0 0 0 0 0 0 0 
768 9 0 0 0 0 0 0 0 0 0 0 0 
769 9 0 0 0 0 0 0 0 0 0 0 0 
770 9 0 0 0 0 0 0 0 0 0 0 0 
771 9 0 0 0 0 0 0 0 0 0 0 0 
772 9 0 0 0 0 0 0 0 0 0 0 0 
773 9 0 0 0 0 0 0 0 0 0 0 0 
774 9 0 0 0 0 0 0 0 0 0 0 0 
775 9 0 0 0 0 0 0 0 0 0 0 0 
776 9 0 0 0 0 0 0 0 0 0 0 0 
777 9 0 0 0 0 0 0 0 0 0 0 0 
778 9 0 0 0 0 0 0 0 0 0 0 0 
779 9 0 0 0 0 0 0 0 0 0 0 0 
780 9 0 0 0 0 0 0 0 0 0 0 0 
781 9 0 0 0 0 0 0 0 0 0 0 0 
782 9 0 0 0 0 0 0 0 0 0 0 0 
783 9 0 0 0 0 0 0 0 0 0 0 0 
784 9 0 0 0 0 0 0 0 0 0 0 0 
785 9 0 0 0 0 0 0 0 0 0 0 0 
786 9 0 0 0 0 0 0 0 0 0 0 0 
787 9 0 0 0 0 0 0 0 0 0 0 0 
788 9 0 0 0 0 0 0 0 0 0 0 0 
789 9 0 0 0 0 0 0 0 0 0 0 0 
790 9 0 0 0 0 0 0 0 0 0 0 0 
791 9 0 0 0 0 0 0 0 0 0 0 0 
792 9 0 0 0 0 0 0 0 0 0 0 0 
793 9 0 0 0 0 0 0 0 0 0 0 0 
794 9 0 0 0 0 0 0 0 0 0 0 0 
795 9 0 0 0 0 0 0 0 0 0 0 0 
796 9 0 0 0 0 0 0 0 0 0 0 0 
797 9 0 0 0 0 0 0 0 0 0 0 0 
798 9 0 0 0 0 0 0 0 0 0 0 0 
799 9 0 0 0 0 0 0 0 0 0 0 0 
800 9 0 0 0 0 0 0 0 0 0 0 0 
801 9 0 0 0 0 0 0 0 0 0 0 0 
802 9 0 0 0 0 0 0 0 0 0 0 0 
803 9 0 0 0 0 0 0 0 0 0 0 0 
804 9 0 0 0 0 0 0 0 0 0 0 0 
805 9 0 0 0 0 0 0 0 0 0 0 0 
806 9 0 0 0 0 0 0 0 0 0 0 0 
807 9 0 0 0 0 0 0 0 0 0 0 0 
808 9 0 0 0 0 0 0 0 0 0 0 0 
809 9 0 0 0 0 0 0 0 0 0 0 0 
810 9 0 0 0 0 0 0 0 0 0 0 0 
811 9 0 0 0 0 0 0 0 0 0 0 0 
812 9 0 0 0 0 0 0 0 0 0 0 0 
813 9 0 0 0 0 0 0 0 0 0 0 0 
814 9 0 0 0 0 0 0 0 0 0 0 0 
815 9 0 0 0 0 0 0 0 0 0 0 0 
816 9 0 0 0 0 0 0 0 0 0 0 0 
817 9 0 0 0 0 0 0 0 0 0 0 0 
818 9 0 0 0 0 0 0 0 0 0 0 0 
819 9 0 0 0 0 0 0 0 0 0 0 0 
820 9 0 0 0 0 0 0 0 0 0 0 0 
821 9 0 0 0 0 0 0 0 0 0 0 0 
822 9 0 0 0 0 0 0 0 0 0 0 0 
823 9 0 0 0 0 0 0 0 0 0 0 0 
824 9 0 0 0 0 0 0 0 0 0 0 0 
825 9 0 0 0 0 0 0 0 0 0 0 0 
826 9 0 0 0 0 0 0 0 0 0 0 0 
827 9 0 0 0 0 0 0 0 0 0 0 0 
828 9 0 0 0 0 0 0 0 0 0 0 0 
829 9 0 0 0 0 0 0 0 0 0 0 0 
830 9 0 0 0 0 0 0 0 0 0 0 0 
831 9 0 0 0 0 0 0 0 0 0 0 0 
832 9 0 0 0 0 0 0 0 0 0 0 0 
833 9 0 0 0 0 0 0 0 0 0 0 0 
834 9 0 0 0 0 0 0 0 0 0 0 0 
835 9 0 0 0 0 0 0 0 0 0 0 0 
836 9 0 0 0 0 0 0 0 0 0 0 0 
837 9 0 0 0 0 0 0 0 0 0 0 0 
838 9 0 0 0 0 0 0 0 0 0 0 0 
839 9 0 0 0 0 0 0 0 0 0 0 0 
840 9 0 0 0 0 0 0 0 0 0 0 0 
841 9 4 0 0 0 0 0 0 0 0 0 0 
842 9 5 0 0 0 0 0 0 0 0 0 0 
843 9 0 0 0 0 0 0 0 0 0 0 0 
844 9 0 0 0 0 0 0 0 0 0 0 0 
845 9 0 0 0 0 0 0 0 0 0 0 0 
846 9 0 0 0 0 0 0 0 0 0 0 0 
847 9 0 0 0 0 0 0 0 0 0 0 0 
848 9 0 0 0 0 0 0 0 0 0 0 0 
849 9 0 0 0 0 0 0 0 0 0 0 0 
850 9 0 0 0 0 0 0 0 0 0 0 0 
851 9 9 0 0 0 0 0 0 0 0 0 0 
852 9 -1 204 2 22 -1 -1 -1 -1 -1 3 300 
853 9 0 0 0 0 0 0 0 0 0 0 0 
854 9 0 0 0 0 0 0 0 0 0 0 0 
855 9 0 0 0 0 0 0 0 0 0 0 0 
856 9 0 0 0 0 0 0 0 0 0 0 0 
857 9 14 0 0 0 0 0 0 0 0 0 0 
858 9 -1 289 0 36 -1 -1 -1 -1 -1 3 -6 
859 9 17 0 0 0 0 0 0 0 0 0 0 
860 9 -1 166 4 30 -1 -1 -1 -1 -1 3 2633 
861 9 -1 173 3 25 -1 -1 -1 -1 -1 2 13 
862 9 -1 342 4 12 -1 -1 -1 -1 -1 0 9224 
863 9 -1 127 2 10 -1 -1 -1 -1 -1 3 3910 
864 9 -1 205 2 14 -1 -1 -1 -1 -1 0 2069 
865 9 0 0 0 0 0 0 0 0 0 0 0 
866 9 0 0 0 0 0 0 0 0 0 0 0 
867 9 -1 135 4 31 -1 -1 -1 -1 -1 0 4797 
868 9 31 0 0 0 0 0 0 0 0 0 0 
869 9 0 0 0 0 0 0 0 0 0 0 0 
870 9 0 0 0 0 0 0 0 0 0 0 0 
871 9 0 0 0 0 0 0 0 0 0 0 0 
872 9 0 0 0 0 0 0 0 0 0 0 0 
873 9 0 0 0 0 0 0 0 0 0 0 0 
874 9 0 0 0 0 0 0 0 0 0 0 0 
875 9 0 0 0 0 0 0 0 0 0 0 0 
876 9 0 0 0 0 0 0 0 0 0 0 0 
877 9 0 0 0 0 0 0 0 0 0 0 0 
878 9 0 0 0 0 0 0 0 0 0 0 0 
879 9 0 0 0 0 0 0 0 0 0 0 0 
880 9 0 0 0 0 0 0 0 0 0 0 0 
881 9 0 0 0 0 0 0 0 0 0 0 0 
882 9 0 0 0 0 0 0 0 0 0 0 0 
883 9 0 0 0 0 0 0 0 0 0 0 0 
884 9 0 0 0 0 0 0 0 0 0 0 0 
885 9 0 0 0 0 0 0 0 0 0 0 0 
886 9 0 0 0 0 0 0 0 0 0 0 0 
887 9 0 0 0 0 0 0 0 0 0 0 0 
888 9 0 0 0 0 0 0 0 0 0 0 0 
889 9 0 0 0 0 0 0 0 0 0 0 0 
890 9 0 0 0 0 0 0 0 0 0 0 0 
891 9 0 0 0 0 0 0 0 0 0 0 0 
892 9 0 0 0 0 0 0 0 0 0 0 0 
893 9 0 0 0 0 0 0 0 0 0 0 0 
894 9 0 0 0 0 0 0 0 0 0 0 0 
895 9 0 0 0 0 0 0 0 0 0 0 0 
896 9 0 0 0 0 0 0 0 0 0 0 0 
897 9 0 0 0 0 0 0 0 0 0 0 0 
898 9 0 0 0 0 0 0 0 0 0 0 0 
899 9 0 0 0 0 0 0 0 0 0 0 0 
900 9 0 0 0 0 0 0 0 0 0 0 0 
901 9 0 0 0 0 0 0 0 0 0 0 0 
902 9 0 0 0 0 0 0 0 0 0 0 0 
903 9 0 0 0 0 0 0 0 0 0 0 0 
904 9 0 0 0 0 0 0 0 0 0 0 0 
905 9 0 0 0 0 0 0 0 0 0 0 0 
906 9 0 0 0 0 0 0 0 0 0 0 0 
907 9 0 0 0 0 0 0 0 0 0 0 0 
908 9 0 0 0 0 0 0 0 0 0 0 0 
909 9 0 0 0 0 0 0 0 0 0 0 0 
910 9 0 0 0 0 0 0 0 0 0 0 0 
911 9 0 0 0 0 0 0 0 0 0 0 0 
912 9 0 0 0 0 0 0 0 0 0 0 0 
913 9 0 0 0 0 0 0 0 0 0 0 0 
914 9 0 0 0 0 0 0 0 0 0 0 0 
915 9 0 0 0 0 0 0 0 0 0 0 0 
916 9 0 0 0 0 0 0 0 0 0 0 0 
917 9 0 0 0 0 0 0 0 0 0 0 0 
918 9 0 0 0 0 0 0 0 0 0 0 0 
919 9 0 0 0 0 0 0 0 0 0 0 0 
920 9 0 0 0 0 0 0 0 0 0 0 0 
921 9 0 0 0 0 0 0 0 0 0 0 0 
922 9 0 0 0 0 0 0 0 0 0 0 0 
923 9 0 0 0 0 0 0 0 0 0 0 0 
924 9 0 0 0 0 0 0 0 0 0 0 0 
925 9 0 0 0 0 0 0 0 0 0 0 0 
926 9 0 0 0 0 0 0 0 0 0 0 0 
927 9 0 0 0 0 0 0 0 0 0 0 0 
928 9 0 0 0 0 0 0 0 0 0 0 0 
929 9 0 0 0 0 0 0 0 0 0 0 0 
930 9 0 0 0 0 0 0 0 0 0 0 0 
931 9 0 0 0 0 0 0 0 0 0 0 0 
932 9 0 0 0 0 0 0 0 0 0 0 0 
933 9 0 0 0 0 0 0 0 0 0 0 0 
934 9 0 0 0 0 0 0 0 0 0 0 0 
935 9 0 0 0 0 0 0 0 0 0 0 0 
936 9 0 0 0 0 0 0 0 0 0 0 0 
937 9 0 0 0 0 0 0 0 0 0 0 0 
938 9 0 0 0 0 0 0 0 0 0 0 0 
939 9 0 0 0 0 0 0 0 0 0 0 0 
940 9 0 0 0 0 0 0 0 0 0 0 0 
941 9 0 0 0 0 0 0 0 0 0 0 0 
942 9 0 0 0 0 0 0 0 0 0 0 0 
943 9 0 0 0 0 0 0 0 0 0 0 0 
944 9 0 0 0 0 0 0 0 0 0 0 0 
945 9 0 0 0 0 0 0 0 0 0 0 0 
946 9 0 0 0 0 0 0 0 0 0 0 0 
947 9 0 0 0 0 0 0 0 0 0 0 0 
948 9 0 0 0 0 0 0 0 0 0 0 0 
949 9 0 0 0 0 0 0 0 0 0 0 0 
950 9 0 0 0 0 0 0 0 0 0 0 0 
951 9 0 0 0 0 0 0 0 0 0 0 0 
952 9 0 0 0 0 0 0 0 0 0 0 0 
953 9 0 0 0 0 0 0 0 0 0 0 0 
954 9 0 0 0 0 0 0 0 0 0 0 0 
955 9 0 0 0 0 0 0 0 0 0 0 0 
956 9 0 0 0 0 0 0 0 0 0 0 0 
957 9 0 0 0 0 0 0 0 0 0 0 0 
958 9 0 0 0 0 0 0 0 0 0 0 0 
959 9 0 0 0 0 0 0 0 0 0 0 0 
960 9 0 0 0 0 0 0 0 0 0 0 0 
961 9 0 0 0 0 0 0 0 0 0 0 0 
962 9 0 0 0 0 0 0 0 0 0 0 0 
963 9 0 0 0 0 0 0 0 0 0 0 0 
964 9 0 0 0 0 0 0 0 0 0 0 0 
965 9 0 0 0 0 0 0 0 0 0 0 0 
966 9 0 0 0 0 0 0 0 0 0 0 0 
967 9 0 0 0 0 0 0 0 0 0 0 0 
968 9 0 0 0 0 0 0 0 0 0 0 0 
969 9 0 0 0 0 0 0 0 0 0 0 0 
970 9 0 0 0 0 0 0 0 0 0 0 0 
971 9 -1 143 0 16 -1 -1 -1 -1 -1 3 -1 
972 9 43 0 0 0 0 0 0 0 0 0 0 
973 9 0 0 0 0 0 0 0 0 0 0 0 
974 9 0 0 0 0 0 0 0 0 0 0 0 
975 9 0 0 0 0 0 0 0 0 0 0 0 
976 9 0 0 0 0 0 0 0 0 0 0 0 
977 9 0 0 0 0 0 0 0 0 0 0 0 
978 9 0 0 0 0 0 0 0 0 0 0 0 
979 9 0 0 0 0 0 0 0 0 0 0 0 
980 9 0 0 0 0 0 0 0 0 0 0 0 
981 9 0 0 0 0 0 0 0 0 0 0 0 
982 9 0 0 0 0 0 0 0 0 0 0 0 
983 9 0 0 0 0 0 0 0 0 0 0 0 
984 9 0 0 0 0 0 0 0 0 0 0 0 
985 9 0 0 0 0 0 0 0 0 0 0 0 
986 9 0 0 0 0 0 0 0 0 0 0 0 
987 9 0 0 0 0 0 0 0 0 0 0 0 
988 9 0 0 0 0 0 0 0 0 0 0 0 
989 9 0 0 0 0 0 0 0 0 0 0 0 
990 9 0 0 0 0 0 0 0 0 0 0 0 
991 9 0 0 0 0 0 0 0 0 0 0 0 
992 9 0 0 0 0 0 0 0 0 0 0 0 
993 9 0 0 0 0 0 0 0 0 0 0 0 
994 9 0 0 0 0 0 0 0 0 0 0 0 
995 9 0 0 0 0 0 0 0 0 0 0 0 
996 9 0 0 0 0 0 0 0 0 0 0 0 
997 9 0 0 0 0 0 0 0 0 0 0 0 
998 9 0 0 0 0 0 0 0 0 0 0 0 
999 9 0 0 0 0 0 0 0 0 0 0 0 
1000 9 0 0 0 0 0 0 0 0 0 0 0 
1001 9 48 0 0 0 0 0 0 0 0 0 0 
1002 9 -1 221 1 37 -1 -1 -1 -1 -1 1 -37 
1003 9 0 0 0 0 0 0 0 0 0 0 0 
1004 9 0 0 0 0 0 0 0 0 0 0 0 
1005 9 0 0 0 0 0 0 0 0 0 0 0 
1006 9 0 0 0 0 0 0 0 0 0 0 0 
1007 9 0 0 0 0 0 0 0 0 0 0 0 
1008 9 0 0 0 0 0 0 0 0 0 0 0 
1009 9 0 0 0 0 0 0 0 0 0 0 0 
1010 9 0 0 0 0 0 0 0 0 0 0 0 
1011 9 0 0 0 0 0 0 0 0 0 0 0 
1012 9 0 0 0 0 0 0 0 0 0 0 0 
1013 9 0 0 0 0 0 0 0 0 0 0 0 
1014 9 0 0 0 0 0 0 0 0 0 0 0 
1015 9 0 0 0 0 0 0 0 0 0 0 0 
1016 9 0 0 0 0 0 0 0 0 0 0 0 
1017 9 0 0 0 0 0 0 0 0 0 0 0 
1018 9 0 0 0 0 0 0 0 0 0 0 0 
1019 9 0 0 0 0 0 0 0 0 0 0 0 
1020 9 0 0 0 0 0 0 0 0 0 0 0 
1021 9 0 0 0 0 0 0 0 0 0 0 0 
1022 9 0 0 0 0 0 0 0 0 0 0 0 
1023 10 0 0 0 0 0 0 0 0 0 0 0 
1024 10 0 0 0 0 0 0 0 0 0 0 0 
1025 10 0 0 0 0 0 0 0 0 0 0 0 
1026 10 0 0 0 0 0 0 0 0 0 0 0 
1027 10 0 0 0 0 0 0 0 0 0 0 0 
1028 10 0 0 0 0 0 0 0 0 0 0 0 
1029 10 0 0 0 0 0 0 0 0 0 0 0 
1030 10 0 0 0 0 0 0 0 0 0 0 0 
1031 10 0 0 0 0 0 0 0 0 0 0 0 
1032 10 0 0 0 0 0 0 0 0 0 0 0 
1033 10 0 0 0 0 0 0 0 0 0 0 0 
1034 10 0 0 0 0 0 0 0 0 0 0 0 
1035 10 0 0 0 0 0 0 0 0 0 0 0 
1036 10 0 0 0 0 0 0 0 0 0 0 0 
1037 10 0 0 0 0 0 0 0 0 0 0 0 
1038 10 0 0 0 0 0 0 0 0 0 0 0 
1039 10 0 0 0 0 0 0 0 0 0 0 0 
1040 10 0 0 0 0 0 0 0 0 0 0 0 
1041 10 0 0 0 0 0 0 0 0 0 0 0 
1042 10 0 0 0 0 0 0 0 0 0 0 0 
1043 10 0 0 0 0 0 0 0 0 0 0 0 
1044 10 0 0 0 0 0 0 0 0 0 0 0 
1045 10 0 0 0 0 0 0 0 0 0 0 0 
1046 10 0 0 0 0 0 0 0 0 0 0 0 
1047 10 0 0 0 0 0 0 0 0 0 0 0 
1048 10 0 0 0 0 0 0 0 0 0 0 0 
1049 10 0 0 0 0 0 0 0 0 0 0 0 
1050 10 0 0 0 0 0 0 0 0 0 0 0 
1051 10 0 0 0 0 0 0 0 0 0 0 0 
1052 10 0 0 0 0 0 0 0 0 0 0 0 
1053 10 0 0 0 0 0 0 0 0 0 0 0 
1054 10 0 0 0 0 0 0 0 0 0 0 0 
1055 10 0 0 0 0 0 0 0 0 0 0 0 
1056 10 0 0 0 0 0 0 0 0 0 0 0 
1057 10 0 0 0 0 0 0 0 0 0 0 0 
1058 10 0 0 0 0 0 0 0 0 0 0 0 
1059 10 0 0 0 0 0 0 0 0 0 0 0 
1060 10 0 0 0 0 0 0 0 0 0 0 0 
1061 10 0 0 0 0 0 0 0 0 0 0 0 
1062 10 0 0 0 0 0 0 0 0 0 0 0 
1063 10 0 0 0 0 0 0 0 0 0 0 0 
1064 10 0 0 0 0 0 0 0 0 0 0 0 
1065 10 0 0 0 0 0 0 0 0 0 0 0 
1066 10 0 0 0 0 0 0 0 0 0 0 0 
1067 10 0 0 0 0 0 0 0 0 0 0 0 
1068 10 0 0 0 0 0 0 0 0 0 0 0 
1069 10 0 0 0 0 0 0 0 0 0 0 0 
1070 10 0 0 0 0 0 0 0 0 0 0 0 
1071 10 0 0 0 0 0 0 0 0 0 0 0 
1072 10 0 0 0 0 0 0 0 0 0 0 0 
1073 10 0 0 0 0 0 0 0 0 0 0 0 
1074 10 0 0 0 0 0 0 0 0 0 0 0 
1075 10 0 0 0 0 0 0 0 0 0 0 0 
1076 10 0 0 0 0 0 0 0 0 0 0 0 
1077 10 0 0 0 0 0 0 0 0 0 0 0 
1078 10 0 0 0 0 0 0 0 0 0 0 0 
1079 10 0 0 0 0 0 0 0 0 0 0 0 
1080 10 0 0 0 0 0 0 0 0 0 0 0 
1081 10 0 0 0 0 0 0 0 0 0 0 0 
1082 10 0 0 0 0 0 0 0 0 0 0 0 
1083 10 0 0 0 0 0 0 0 0 0 0 0 
1084 10 0 0 0 0 0 0 0 0 0 0 0 
1085 10 0 0 0 0 0 0 0 0 0 0 0 
1086 10 0 0 0 0 0 0 0 0 0 0 0 
1087 10 0 0 0 0 0 0 0 0 0 0 0 
1088 10 0 0 0 0 0 0 0 0 0 0 0 
1089 10 0 0 0 0 0 0 0 0 0 0 0 
1090 10 0 0 0 0 0 0 0 0 0 0 0 
1091 10 0 0 0 0 0 0 0 0 0 0 0 
1092 10 0 0 0 0 0 0 0 0 0 0 0 
1093 10 0 0 0 0 0 0 0 0 0 0 0 
1094 10 0 0 0 0 0 0 0 0 0 0 0 
1095 10 0 0 0 0 0 0 0 0 0 0 0 
1096 10 0 0 0 0 0 0 0 0 0 0 0 
1097 10 0 0 0 0 0 0 0 0 0 0 0 
1098 10 0 0 0 0 0 0 0 0 0 0 0 
1099 10 0 0 0 0 0 0 0 0 0 0 0 
1100 10 0 0 0 0 0 0 0 0 0 0 0 
1101 10 0 0 0 0 0 0 0 0 0 0 0 
1102 10 0 0 0 0 0 0 0 0 0 0 0 
1103 10 0 0 0 0 0 0 0 0 0 0 0 
1104 10 0 0 0 0 0 0 0 0 0 0 0 
1105 10 0 0 0 0 0 0 0 0 0 0 0 
1106 10 0 0 0 0 0 0 0 0 0 0 0 
1107 10 0 0 0 0 0 0 0 0 0 0 0 
1108 10 0 0 0 0 0 0 0 0 0 0 0 
1109 10 0 0 0 0 0 0 0 0 0 0 0 
1110 10 0 0 0 0 0 0 0 0 0 0 0 
1111 10 0 0 0 0 0 0 0 0 0 0 0 
1112 10 0 0 0 0 0 0 0 0 0 0 0 
1113 10 0 0 0 0 0 0 0 0 0 0 0 
1114 10 0 0 0 0 0 0 0 0 0 0 0 
1115 10 0 0 0 0 0 0 0 0 0 0 0 
1116 10 0 0 0 0 0 0 0 0 0 0 0 
1117 10 0 0 0 0 0 0 0 0 0 0 0 
1118 10 0 0 0 0 0 0 0 0 0 0 0 
1119 10 0 0 0 0 0 0 0 0 0 0 0 
1120 10 0 0 0 0 0 0 0 0 0 0 0 
1121 10 0 0 0 0 0 0 0 0 0 0 0 
1122 10 0 0 0 0 0 0 0 0 0 0 0 
1123 10 0 0 0 0 0 0 0 0 0 0 0 
1124 10 0 0 0 0 0 0 0 0 0 0 0 
1125 10 0 0 0 0 0 0 0 0 0 0 0 
1126 10 0 0 0 0 0 0 0 0 0 0 0 
1127 10 0 0 0 0 0 0 0 0 0 0 0 
1128 10 0 0 0 0 0 0 0 0 0 0 0 
1129 10 0 0 0 0 0 0 0 0 0 0 0 
1130 10 0 0 0 0 0 0 0 0 0 0 0 
1131 10 0 0 0 0 0 0 0 0 0 0 0 
1132 10 0 0 0 0 0 0 0 0 0 0 0 
1133 10 0 0 0 0 0 0 0 0 0 0 0 
1134 10 0 0 0 0 0 0 0 0 0 0 0 
1135 10 0 0 0 0 0 0 0 0 0 0 0 
1136 10 0 0 0 0 0 0 0 0 0 0 0 
1137 10 0 0 0 0 0 0 0 0 0 0 0 
1138 10 0 0 0 0 0 0 0 0 0 0 0 
1139 10 0 0 0 0 0 0 0 0 0 0 0 
1140 10 0 0 0 0 0 0 0 0 0 0 0 
1141 10 0 0 0 0 0 0 0 0 0 0 0 
1142 10 0 0 0 0 0 0 0 0 0 0 0 
1143 10 0 0 0 0 0 0 0 0 0 0 0 
1144 10 0 0 0 0 0 0 0 0 0 0 0 
1145 10 0 0 0 0 0 0 0 0 0 0 0 
1146 10 0 0 0 0 0 0 0 0 0 0 0 
1147 10 0 0 0 0 0 0 0 0 0 0 0 
1148 10 0 0 0 0 0 0 0 0 0 0 0 
1149 10 0 0 0 0 0 0 0 0 0 0 0 
1150 10 0 0 0 0 0 0 0 0 0 0 0 
1151 10 0 0 0 0 0 0 0 0 0 0 0 
1152 10 0 0 0 0 0 0 0 0 0 0 0 
1153 10 0 0 0 0 0 0 0 0 0 0 0 
1154 10 0 0 0 0 0 0 0 0 0 0 0 
1155 10 0 0 0 0 0 0 0 0 0 0 0 
1156 10 0 0 0 0 0 0 0 0 0 0 0 
1157 10 0 0 0 0 0 0 0 0 0 0 0 
1158 10 0 0 0 0 0 0 0 0 0 0 0 
1159 10 0 0 0 0 0 0 0 0 0 0 0 
1160 10 0 0 0 0 0 0 0 0 0 0 0 
1161 10 0 0 0 0 0 0 0 0 0 0 0 
1162 10 0 0 0 0 0 0 0 0 0 0 0 
1163 10 0 0 0 0 0 0 0 0 0 0 0 
1164 10 0 0 0 0 0 0 0 0 0 0 0 
1165 10 0 0 0 0 0 0 0 0 0 0 0 
1166 10 0 0 0 0 0 0 0 0 0 0 0 
1167 10 0 0 0 0 0 0 0 0 0 0 0 
1168 10 0 0 0 0 0 0 0 0 0 0 0 
1169 10 0 0 0 0 0 0 0 0 0 0 0 
1170 10 0 0 0 0 0 0 0 0 0 0 0 
1171 10 0 0 0 0 0 0 0 0 0 0 0 
1172 10 0 0 0 0 0 0 0 0 0 0 0 
1173 10 0 0 0 0 0 0 0 0 0 0 0 
1174 10 0 0 0 0 0 0 0 0 0 0 0 
1175 10 0 0 0 0 0 0 0 0 0 0 0 
1176 10 0 0 0 0 0 0 0 0 0 0 0 
1177 10 0 0 0 0 0 0 0 0 0 0 0 
1178 10 0 0 0 0 0 0 0 0 0 0 0 
1179 10 0 0 0 0 0 0 0 0 0 0 0 
1180 10 0 0 0 0 0 0 0 0 0 0 0 
1181 10 0 0 0 0 0 0 0 0 0 0 0 
1182 10 0 0 0 0 0 0 0 0 0 0 0 
1183 10 0 0 0 0 0 0 0 0 0 0 0 
1184 10 0 0 0 0 0 0 0 0 0 0 0 
1185 10 0 0 0 0 0 0 0 0 0 0 0 
1186 10 0 0 0 0 0 0 0 0 0 0 0 
1187 10 0 0 0 0 0 0 0 0 0 0 0 
1188 10 0 0 0 0 0 0 0 0 0 0 0 
1189 10 0 0 0 0 0 0 0 0 0 0 0 
1190 10 0 0 0 0 0 0 0 0 0 0 0 
1191 10 0 0 0 0 0 0 0 0 0 0 0 
1192 10 0 0 0 0 0 0 0 0 0 0 0 
1193 10 0 0 0 0 0 0 0 0 0 0 0 
1194 10 0 0 0 0 0 0 0 0 0 0 0 
1195 10 0 0 0 0 0 0 0 0 0 0 0 
1196 10 0 0 0 0 0 0 0 0 0 0 0 
1197 10 0 0 0 0 0 0 0 0 0 0 0 
1198 10 0 0 0 0 0 0 0 0 0 0 0 
1199 10 0 0 0 0 0 0 0 0 0 0 0 
1200 10 0 0 0 0 0 0 0 0 0 0 0 
1201 10 0 0 0 0 0 0 0 0 0 0 0 
1202 10 0 0 0 0 0 0 0 0 0 0 0 
1203 10 0 0 0 0 0 0 0 0 0 0 0 
1204 10 0 0 0 0 0 0 0 0 0 0 0 
1205 10 0 0 0 0 0 0 0 0 0 0 0 
1206 10 0 0 0 0 0 0 0 0 0 0 0 
1207 10 0 0 0 0 0 0 0 0 0 0 0 
1208 10 0 0 0 0 0 0 0 0 0 0 0 
1209 10 0 0 0 0 0 0 0 0 0 0 0 
1210 10 0 0 0 0 0 0 0 0 0 0 0 
1211 10 0 0 0 0 0 0 0 0 0 0 0 
1212 10 0 0 0 0 0 0 0 0 0 0 0 
1213 10 0 0 0 0 0 0 0 0 0 0 0 
1214 10 0 0 0 0 0 0 0 0 0 0 0 
1215 10 0 0 0 0 0 0 0 0 0 0 0 
1216 10 0 0 0 0 0 0 0 0 0 0 0 
1217 10 0 0 0 0 0 0 0 0 0 0 0 
1218 10 0 0 0 0 0 0 0 0 0 0 0 
1219 10 0 0 0 0 0 0 0 0 0 0 0 
1220 10 0 0 0 0 0 0 0 0 0 0 0 
1221 10 0 0 0 0 0 0 0 0 0 0 0 
1222 10 0 0 0 0 0 0 0 0 0 0 0 
1223 10 0 0 0 0 0 0 0 0 0 0 0 
1224 10 0 0 0 0 0 0 0 0 0 0 0 
1225 10 0 0 0 0 0 0 0 0 0 0 0 
1226 10 0 0 0 0 0 0 0 0 0 0 0 
1227 10 0 0 0 0 0 0 0 0 0 0 0 
1228 10 0 0 0 0 0 0 0 0 0 0 0 
1229 10 0 0 0 0 0 0 0 0 0 0 0 
1230 10 0 0 0 0 0 0 0 0 0 0 0 
1231 10 0 0 0 0 0 0 0 0 0 0 0 
1232 10 0 0 0 0 0 0 0 0 0 0 0 
1233 10 0 0 0 0 0 0 0 0 0 0 0 
1234 10 0 0 0 0 0 0 0 0 0 0 0 
1235 10 0 0 0 0 0 0 0 0 0 0 0 
1236 10 0 0 0 0 0 0 0 0 0 0 0 
1237 10 0 0 0 0 0 0 0 0 0 0 0 
1238 10 0 0 0 0 0 0 0 0 0 0 0 
1239 10 0 0 0 0 0 0 0 0 0 0 0 
1240 10 0 0 0 0 0 0 0 0 0 0 0 
1241 10 0 0 0 0 0 0 0 0 0 0 0 
1242 10 0 0 0 0 0 0 0 0 0 0 0 
1243 10 0 0 0 0 0 0 0 0 0 0 0 
1244 10 0 0 0 0 0 0 0 0 0 0 0 
1245 10 0 0 0 0 0 0 0 0 0 0 0 
1246 10 0 0 0 0 0 0 0 0 0 0 0 
1247 10 0 0 0 0 0 0 0 0 0 0 0 
1248 10 0 0 0 0 0 0 0 0 0 0 0 
1249 10 0 0 0 0 0 0 0 0 0 0 0 
1250 10 0 0 0 0 0 0 0 0 0 0 0 
1251 10 0 0 0 0 0 0 0 0 0 0 0 
1252 10 0 0 0 0 0 0 0 0 0 0 0 
1253 10 0 0 0 0 0 0 0 0 0 0 0 
1254 10 0 0 0 0 0 0 0 0 0 0 0 
1255 10 0 0 0 0 0 0 0 0 0 0 0 
1256 10 0 0 0 0 0 0 0 0 0 0 0 
1257 10 0 0 0 0 0 0 0 0 0 0 0 
1258 10 0 0 0 0 0 0 0 0 0 0 0 
1259 10 0 0 0 0 0 0 0 0 0 0 0 
1260 10 0 0 0 0 0 0 0 0 0 0 0 
1261 10 0 0 0 0 0 0 0 0 0 0 0 
1262 10 0 0 0 0 0 0 0 0 0 0 0 
1263 10 0 0 0 0 0 0 0 0 0 0 0 
1264 10 0 0 0 0 0 0 0 0 0 0 0 
1265 10 0 0 0 0 0 0 0 0 0 0 0 
1266 10 0 0 0 0 0 0 0 0 0 0 0 
1267 10 0 0 0 0 0 0 0 0 0 0 0 
1268 10 0 0 0 0 0 0 0 0 0 0 0 
1269 10 0 0 0 0 0 0 0 0 0 0 0 
1270 10 0 0 0 0 0 0 0 0 0 0 0 
1271 10 0 0 0 0 0 0 0 0 0 0 0 
1272 10 0 0 0 0 0 0 0 0 0 0 0 
1273 10 0 0 0 0 0 0 0 0 0 0 0 
1274 10 0 0 0 0 0 0 0 0 0 0 0 
1275 10 0 0 0 0 0 0 0 0 0 0 0 
1276 10 0 0 0 0 0 0 0 0 0 0 0 
1277 10 0 0 0 0 0 0 0 0 0 0 0 
1278 10 0 0 0 0 0 0 0 0 0 0 0 
1279 10 0 0 0 0 0 0 0 0 0 0 0 
1280 10 0 0 0 0 0 0 0 0 0 0 0 
1281 10 0 0 0 0 0 0 0 0 0 0 0 
1282 10 0 0 0 0 0 0 0 0 0 0 0 
1283 10 0 0 0 0 0 0 0 0 0 0 0 
1284 10 0 0 0 0 0 0 0 0 0 0 0 
1285 10 0 0 0 0 0 0 0 0 0 0 0 
1286 10 0 0 0 0 0 0 0 0 0 0 0 
1287 10 0 0 0 0 0 0 0 0 0 0 0 
1288 10 0 0 0 0 0 0 0 0 0 0 0 
1289 10 0 0 0 0 0 0 0 0 0 0 0 
1290 10 0 0 0 0 0 0 0 0 0 0 0 
1291 10 0 0 0 0 0 0 0 0 0 0 0 
1292 10 0 0 0 0 0 0 0 0 0 0 0 
1293 10 0 0 0 0 0 0 0 0 0 0 0 
1294 10 0 0 0 0 0 0 0 0 0 0 0 
1295 10 0 0 0 0 0 0 0 0 0 0 0 
1296 10 0 0 0 0 0 0 0 0 0 0 0 
1297 10 0 0 0 0 0 0 0 0 0 0 0 
1298 10 0 0 0 0 0 0 0 0 0 0 0 
1299 10 0 0 0 0 0 0 0 0 0 0 0 
1300 10 0 0 0 0 0 0 0 0 0 0 0 
1301 10 0 0 0 0 0 0 0 0 0 0 0 
1302 10 0 0 0 0 0 0 0 0 0 0 0 
1303 10 0 0 0 0 0 0 0 0 0 0 0 
1304 10 0 0 0 0 0 0 0 0 0 0 0 
1305 10 0 0 0 0 0 0 0 0 0 0 0 
1306 10 0 0 0 0 0 0 0 0 0 0 0 
1307 10 0 0 0 0 0 0 0 0 0 0 0 
1308 10 0 0 0 0 0 0 0 0 0 0 0 
1309 10 0 0 0 0 0 0 0 0 0 0 0 
1310 10 0 0 0 0 0 0 0 0 0 0 0 
1311 10 0 0 0 0 0 0 0 0 0 0 0 
1312 10 0 0 0 0 0 0 0 0 0 0 0 
1313 10 0 0 0 0 0 0 0 0 0 0 0 
1314 10 0 0 0 0 0 0 0 0 0 0 0 
1315 10 0 0 0 0 0 0 0 0 0 0 0 
1316 10 0 0 0 0 0 0 0 0 0 0 0 
1317 10 0 0 0 0 0 0 0 0 0 0 0 
1318 10 0 0 0 0 0 0 0 0 0 0 0 
1319 10 0 0 0 0 0 0 0 0 0 0 0 
1320 10 0 0 0 0 0 0 0 0 0 0 0 
1321 10 0 0 0 0 0 0 0 0 0 0 0 
1322 10 0 0 0 0 0 0 0 0 0 0 0 
1323 10 0 0 0 0 0 0 0 0 0 0 0 
1324 10 0 0 0 0 0 0 0 0 0 0 0 
1325 10 0 0 0 0 0 0 0 0 0 0 0 
1326 10 0 0 0 0 0 0 0 0 0 0 0 
1327 10 0 0 0 0 0 0 0 0 0 0 0 
1328 10 0 0 0 0 0 0 0 0 0 0 0 
1329 10 0 0 0 0 0 0 0 0 0 0 0 
1330 10 0 0 0 0 0 0 0 0 0 0 0 
1331 10 0 0 0 0 0 0 0 0 0 0 0 
1332 10 0 0 0 0 0 0 0 0 0 0 0 
1333 10 0 0 0 0 0 0 0 0 0 0 0 
1334 10 0 0 0 0 0 0 0 0 0 0 0 
1335 10 0 0 0 0 0 0 0 0 0 0 0 
1336 10 0 0 0 0 0 0 0 0 0 0 0 
1337 10 0 0 0 0 0 0 0 0 0 0 0 
1338 10 0 0 0 0 0 0 0 0 0 0 0 
1339 10 0 0 0 0 0 0 0 0 0 0 0 
1340 10 0 0 0 0 0 0 0 0 0 0 0 
1341 10 0 0 0 0 0 0 0 0 0 0 0 
1342 10 0 0 0 0 0 0 0 0 0 0 0 
1343 10 0 0 0 0 0 0 0 0 0 0 0 
1344 10 0 0 0 0 0 0 0 0 0 0 0 
1345 10 0 0 0 0 0 0 0 0 0 0 0 
1346 10 0 0 0 0 0 0 0 0 0 0 0 
1347 10 0 0 0 0 0 0 0 0 0 0 0 
1348 10 0 0 0 0 0 0 0 0 0 0 0 
1349 10 0 0 0 0 0 0 0 0 0 0 0 
1350 10 0 0 0 0 0 0 0 0 0 0 0 
1351 10 0 0 0 0 0 0 0 0 0 0 0 
1352 10 0 0 0 0 0 0 0 0 0 0 0 
1353 10 0 0 0 0 0 0 0 0 0 0 0 
1354 10 0 0 0 0 0 0 0 0 0 0 0 
1355 10 0 0 0 0 0 0 0 0 0 0 0 
1356 10 0 0 0 0 0 0 0 0 0 0 0 
1357 10 0 0 0 0 0 0 0 0 0 0 0 
1358 10 0 0 0 0 0 0 0 0 0 0 0 
1359 10 0 0 0 0 0 0 0 0 0 0 0 
1360 10 0 0 0 0 0 0 0 0 0 0 0 
1361 10 0 0 0 0 0 0 0 0 0 0 0 
1362 10 0 0 0 0 0 0 0 0 0 0 0 
1363 10 0 0 0 0 0 0 0 0 0 0 0 
1364 10 0 0 0 0 0 0 0 0 0 0 0 
1365 10 0 0 0 0 0 0 0 0 0 0 0 
1366 10 0 0 0 0 0 0 0 0 0 0 0 
1367 10 0 0 0 0 0 0 0 0 0 0 0 
1368 10 0 0 0 0 0 0 0 0 0 0 0 
1369 10 0 0 0 0 0 0 0 0 0 0 0 
1370 10 0 0 0 0 0 0 0 0 0 0 0 
1371 10 0 0 0 0 0 0 0 0 0 0 0 
1372 10 0 0 0 0 0 0 0 0 0 0 0 
1373 10 0 0 0 0 0 0 0 0 0 0 0 
1374 10 0 0 0 0 0 0 0 0 0 0 0 
1375 10 0 0 0 0 0 0 0 0 0 0 0 
1376 10 0 0 0 0 0 0 0 0 0 0 0 
1377 10 0 0 0 0 0 0 0 0 0 0 0 
1378 10 0 0 0 0 0 0 0 0 0 0 0 
1379 10 0 0 0 0 0 0 0 0 0 0 0 
1380 10 0 0 0 0 0 0 0 0 0 0 0 
1381 10 0 0 0 0 0 0 0 0 0 0 0 
1382 10 0 0 0 0 0 0 0 0 0 0 0 
1383 10 0 0 0 0 0 0 0 0 0 0 0 
1384 10 0 0 0 0 0 0 0 0 0 0 0 
1385 10 0 0 0 0 0 0 0 0 0 0 0 
1386 10 0 0 0 0 0 0 0 0 0 0 0 
1387 10 0 0 0 0 0 0 0 0 0 0 0 
1388 10 0 0 0 0 0 0 0 0 0 0 0 
1389 10 0 0 0 0 0 0 0 0 0 0 0 
1390 10 0 0 0 0 0 0 0 0 0 0 0 
1391 10 0 0 0 0 0 0 0 0 0 0 0 
1392 10 0 0 0 0 0 0 0 0 0 0 0 
1393 10 0 0 0 0 0 0 0 0 0 0 0 
1394 10 0 0 0 0 0 0 0 0 0 0 0 
1395 10 0 0 0 0 0 0 0 0 0 0 0 
1396 10 0 0 0 0 0 0 0 0 0 0 0 
1397 10 0 0 0 0 0 0 0 0 0 0 0 
1398 10 0 0 0 0 0 0 0 0 0 0 0 
1399 10 0 0 0 0 0 0 0 0 0 0 0 
1400 10 0 0 0 0 0 0 0 0 0 0 0 
1401 10 0 0 0 0 0 0 0 0 0 0 0 
1402 10 0 0 0 0 0 0 0 0 0 0 0 
1403 10 0 0 0 0 0 0 0 0 0 0 0 
1404 10 0 0 0 0 0 0 0 0 0 0 0 
1405 10 0 0 0 0 0 0 0 0 0 0 0 
1406 10 0 0 0 0 0 0 0 0 0 0 0 
1407 10 0 0 0 0 0 0 0 0 0 0 0 
1408 10 0 0 0 0 0 0 0 0 0 0 0 
1409 10 0 0 0 0 0 0 0 0 0 0 0 
1410 10 0 0 0 0 0 0 0 0 0 0 0 
1411 10 0 0 0 0 0 0 0 0 0 0 0 
1412 10 0 0 0 0 0 0 0 0 0 0 0 
1413 10 0 0 0 0 0 0 0 0 0 0 0 
1414 10 0 0 0 0 0 0 0 0 0 0 0 
1415 10 0 0 0 0 0 0 0 0 0 0 0 
1416 10 0 0 0 0 0 0 0 0 0 0 0 
1417 10 0 0 0 0 0 0 0 0 0 0 0 
1418 10 0 0 0 0 0 0 0 0 0 0 0 
1419 10 0 0 0 0 0 0 0 0 0 0 0 
1420 10 0 0 0 0 0 0 0 0 0 0 0 
1421 10 0 0 0 0 0 0 0 0 0 0 0 
1422 10 0 0 0 0 0 0 0 0 0 0 0 
1423 10 0 0 0 0 0 0 0 0 0 0 0 
1424 10 0 0 0 0 0 0 0 0 0 0 0 
1425 10 0 0 0 0 0 0 0 0 0 0 0 
1426 10 0 0 0 0 0 0 0 0 0 0 0 
1427 10 0 0 0 0 0 0 0 0 0 0 0 
1428 10 0 0 0 0 0 0 0 0 0 0 0 
1429 10 0 0 0 0 0 0 0 0 0 0 0 
1430 10 0 0 0 0 0 0 0 0 0 0 0 
1431 10 0 0 0 0 0 0 0 0 0 0 0 
1432 10 0 0 0 0 0 0 0 0 0 0 0 
1433 10 0 0 0 0 0 0 0 0 0 0 0 
1434 10 0 0 0 0 0 0 0 0 0 0 0 
1435 10 0 0 0 0 0 0 0 0 0 0 0 
1436 10 0 0 0 0 0 0 0 0 0 0 0 
1437 10 0 0 0 0 0 0 0 0 0 0 0 
1438 10 0 0 0 0 0 0 0 0 0 0 0 
1439 10 0 0 0 0 0 0 0 0 0 0 0 
1440 10 0 0 0 0 0 0 0 0 0 0 0 
1441 10 0 0 0 0 0 0 0 0 0 0 0 
1442 10 0 0 0 0 0 0 0 0 0 0 0 
1443 10 0 0 0 0 0 0 0 0 0 0 0 
1444 10 0 0 0 0 0 0 0 0 0 0 0 
1445 10 0 0 0 0 0 0 0 0 0 0 0 
1446 10 0 0 0 0 0 0 0 0 0 0 0 
1447 10 0 0 0 0 0 0 0 0 0 0 0 
1448 10 0 0 0 0 0 0 0 0 0 0 0 
1449 10 0 0 0 0 0 0 0 0 0 0 0 
1450 10 0 0 0 0 0 0 0 0 0 0 0 
1451 10 0 0 0 0 0 0 0 0 0 0 0 
1452 10 0 0 0 0 0 0 0 0 0 0 0 
1453 10 0 0 0 0 0 0 0 0 0 0 0 
1454 10 0 0 0 0 0 0 0 0 0 0 0 
1455 10 0 0 0 0 0 0 0 0 0 0 0 
1456 10 0 0 0 0 0 0 0 0 0 0 0 
1457 10 0 0 0 0 0 0 0 0 0 0 0 
1458 10 0 0 0 0 0 0 0 0 0 0 0 
1459 10 0 0 0 0 0 0 0 0 0 0 0 
1460 10 0 0 0 0 0 0 0 0 0 0 0 
1461 10 0 0 0 0 0 0 0 0 0 0 0 
1462 10 0 0 0 0 0 0 0 0 0 0 0 
1463 10 0 0 0 0 0 0 0 0 0 0 0 
1464 10 0 0 0 0 0 0 0 0 0 0 0 
1465 10 0 0 0 0 0 0 0 0 0 0 0 
1466 10 0 0 0 0 0 0 0 0 0 0 0 
1467 10 0 0 0 0 0 0 0 0 0 0 0 
1468 10 0 0 0 0 0 0 0 0 0 0 0 
1469 10 0 0 0 0 0 0 0 0 0 0 0 
1470 10 0 0 0 0 0 0 0 0 0 0 0 
1471 10 0 0 0 0 0 0 0 0 0 0 0 
1472 10 0 0 0 0 0 0 0 0 0 0 0 
1473 10 0 0 0 0 0 0 0 0 0 0 0 
1474 10 0 0 0 0 0 0 0 0 0 0 0 
1475 10 0 0 0 0 0 0 0 0 0 0 0 
1476 10 0 0 0 0 0 0 0 0 0 0 0 
1477 10 0 0 0 0 0 0 0 0 0 0 0 
1478 10 0 0 0 0 0 0 0 0 0 0 0 
1479 10 0 0 0 0 0 0 0 0 0 0 0 
1480 10 0 0 0 0 0 0 0 0 0 0 0 
1481 10 0 0 0 0 0 0 0 0 0 0 0 
1482 10 0 0 0 0 0 0 0 0 0 0 0 
1483 10 0 0 0 0 0 0 0 0 0 0 0 
1484 10 0 0 0 0 0 0 0 0 0 0 0 
1485 10 0 0 0 0 0 0 0 0 0 0 0 
1486 10 0 0 0 0 0 0 0 0 0 0 0 
1487 10 0 0 0 0 0 0 0 0 0 0 0 
1488 10 0 0 0 0 0 0 0 0 0 0 0 
1489 10 0 0 0 0 0 0 0 0 0 0 0 
1490 10 0 0 0 0 0 0 0 0 0 0 0 
1491 10 0 0 0 0 0 0 0 0 0 0 0 
1492 10 0 0 0 0 0 0 0 0 0 0 0 
1493 10 0 0 0 0 0 0 0 0 0 0 0 
1494 10 0 0 0 0 0 0 0 0 0 0 0 
1495 10 0 0 0 0 0 0 0 0 0 0 0 
1496 10 0 0 0 0 0 0 0 0 0 0 0 
1497 10 0 0 0 0 0 0 0 0 0 0 0 
1498 10 0 0 0 0 0 0 0 0 0 0 0 
1499 10 0 0 0 0 0 0 0 0 0 0 0 
1500 10 0 0 0 0 0 0 0 0 0 0 0 
1501 10 0 0 0 0 0 0 0 0 0 0 0 
1502 10 0 0 0 0 0 0 0 0 0 0 0 
1503 10 0 0 0 0 0 0 0 0 0 0 0 
1504 10 0 0 0 0 0 0 0 0 0 0 0 
1505 10 0 0 0 0 0 0 0 0 0 0 0 
1506 10 0 0 0 0 0 0 0 0 0 0 0 
1507 10 0 0 0 0 0 0 0 0 0 0 0 
1508 10 0 0 0 0 0 0 0 0 0 0 0 
1509 10 0 0 0 0 0 0 0 0 0 0 0 
1510 10 0 0 0 0 0 0 0 0 0 0 0 
1511 10 0 0 0 0 0 0 0 0 0 0 0 
1512 10 0 0 0 0 0 0 0 0 0 0 0 
1513 10 0 0 0 0 0 0 0 0 0 0 0 
1514 10 0 0 0 0 0 0 0 0 0 0 0 
1515 10 0 0 0 0 0 0 0 0 0 0 0 
1516 10 0 0 0 0 0 0 0 0 0 0 0 
1517 10 0 0 0 0 0 0 0 0 0 0 0 
1518 10 0 0 0 0 0 0 0 0 0 0 0 
1519 10 0 0 0 0 0 0 0 0 0 0 0 
1520 10 0 0 0 0 0 0 0 0 0 0 0 
1521 10 0 0 0 0 0 0 0 0 0 0 0 
1522 10 0 0 0 0 0 0 0 0 0 0 0 
1523 10 0 0 0 0 0 0 0 0 0 0 0 
1524 10 0 0 0 0 0 0 0 0 0 0 0 
1525 10 0 0 0 0 0 0 0 0 0 0 0 
1526 10 0 0 0 0 0 0 0 0 0 0 0 
1527 10 0 0 0 0 0 0 0 0 0 0 0 
1528 10 0 0 0 0 0 0 0 0 0 0 0 
1529 10 0 0 0 0 0 0 0 0 0 0 0 
1530 10 0 0 0 0 0 0 0 0 0 0 0 
1531 10 0 0 0 0 0 0 0 0 0 0 0 
1532 10 0 0 0 0 0 0 0 0 0 0 0 
1533 10 0 0 0 0 0 0 0 0 0 0 0 
1534 10 0 0 0 0 0 0 0 0 0 0 0 
1535 10 0 0 0 0 0 0 0 0 0 0 0 
1536 10 0 0 0 0 0 0 0 0 0 0 0 
1537 10 0 0 0 0 0 0 0 0 0 0 0 
1538 10 0 0 0 0 0 0 0 0 0 0 0 
1539 10 0 0 0 0 0 0 0 0 0 0 0 
1540 10 0 0 0 0 0 0 0 0 0 0 0 
1541 10 0 0 0 0 0 0 0 0 0 0 0 
1542 10 0 0 0 0 0 0 0 0 0 0 0 
1543 10 0 0 0 0 0 0 0 0 0 0 0 
1544 10 0 0 0 0 0 0 0 0 0 0 0 
1545 10 0 0 0 0 0 0 0 0 0 0 0 
1546 10 0 0 0 0 0 0 0 0 0 0 0 
1547 10 0 0 0 0 0 0 0 0 0 0 0 
1548 10 0 0 0 0 0 0 0 0 0 0 0 
1549 10 0 0 0 0 0 0 0 0 0 0 0 
1550 10 0 0 0 0 0 0 0 0 0 0 0 
1551 10 0 0 0 0 0 0 0 0 0 0 0 
1552 10 0 0 0 0 0 0 0 0 0 0 0 
1553 10 0 0 0 0 0 0 0 0 0 0 0 
1554 10 0 0 0 0 0 0 0 0 0 0 0 
1555 10 0 0 0 0 0 0 0 0 0 0 0 
1556 10 0 0 0 0 0 0 0 0 0 0 0 
1557 10 0 0 0 0 0 0 0 0 0 0 0 
1558 10 0 0 0 0 0 0 0 0 0 0 0 
1559 10 0 0 0 0 0 0 0 0 0 0 0 
1560 10 0 0 0 0 0 0 0 0 0 0 0 
1561 10 0 0 0 0 0 0 0 0 0 0 0 
1562 10 0 0 0 0 0 0 0 0 0 0 0 
1563 10 0 0 0 0 0 0 0 0 0 0 0 
1564 10 0 0 0 0 0 0 0 0 0 0 0 
1565 10 0 0 0 0 0 0 0 0 0 0 0 
1566 10 0 0 0 0 0 0 0 0 0 0 0 
1567 10 0 0 0 0 0 0 0 0 0 0 0 
1568 10 0 0 0 0 0 0 0 0 0 0 0 
1569 10 0 0 0 0 0 0 0 0 0 0 0 
1570 10 0 0 0 0 0 0 0 0 0 0 0 
1571 10 0 0 0 0 0 0 0 0 0 0 0 
1572 10 0 0 0 0 0 0 0 0 0 0 0 
1573 10 0 0 0 0 0 0 0 0 0 0 0 
1574 10 0 0 0 0 0 0 0 0 0 0 0 
1575 10 0 0 0 0 0 0 0 0 0 0 0 
1576 10 0 0 0 0 0 0 0 0 0 0 0 
1577 10 0 0 0 0 0 0 0 0 0 0 0 
1578 10 0 0 0 0 0 0 0 0 0 0 0 
1579 10 0 0 0 0 0 0 0 0 0 0 0 
1580 10 0 0 0 0 0 0 0 0 0 0 0 
1581 10 0 0 0 0 0 0 0 0 0 0 0 
1582 10 0 0 0 0 0 0 0 0 0 0 0 
1583 10 0 0 0 0 0 0 0 0 0 0 0 
1584 10 0 0 0 0 0 0 0 0 0 0 0 
1585 10 0 0 0 0 0 0 0 0 0 0 0 
1586 10 0 0 0 0 0 0 0 0 0 0 0 
1587 10 0 0 0 0 0 0 0 0 0 0 0 
1588 10 0 0 0 0 0 0 0 0 0 0 0 
1589 10 0 0 0 0 0 0 0 0 0 0 0 
1590 10 0 0 0 0 0 0 0 0 0 0 0 
1591 10 0 0 0 0 0 0 0 0 0 0 0 
1592 10 0 0 0 0 0 0 0 0 0 0 0 
1593 10 0 0 0 0 0 0 0 0 0 0 0 
1594 10 0 0 0 0 0 0 0 0 0 0 0 
1595 10 0 0 0 0 0 0 0 0 0 0 0 
1596 10 0 0 0 0 0 0 0 0 0 0 0 
1597 10 0 0 0 0 0 0 0 0 0 0 0 
1598 10 0 0 0 0 0 0 0 0 0 0 0 
1599 10 0 0 0 0 0 0 0 0 0 0 0 
1600 10 0 0 0 0 0 0 0 0 0 0 0 
1601 10 0 0 0 0 0 0 0 0 0 0 0 
1602 10 0 0 0 0 0 0 0 0 0 0 0 
1603 10 0 0 0 0 0 0 0 0 0 0 0 
1604 10 0 0 0 0 0 0 0 0 0 0 0 
1605 10 0 0 0 0 0 0 0 0 0 0 0 
1606 10 0 0 0 0 0 0 0 0 0 0 0 
1607 10 0 0 0 0 0 0 0 0 0 0 0 
1608 10 0 0 0 0 0 0 0 0 0 0 0 
1609 10 0 0 0 0 0 0 0 0 0 0 0 
1610 10 0 0 0 0 0 0 0 0 0 0 0 
1611 10 0 0 0 0 0 0 0 0 0 0 0 
1612 10 0 0 0 0 0 0 0 0 0 0 0 
1613 10 0 0 0 0 0 0 0 0 0 0 0 
1614 10 0 0 0 0 0 0 0 0 0 0 0 
1615 10 0 0 0 0 0 0 0 0 0 0 0 
1616 10 0 0 0 0 0 0 0 0 0 0 0 
1617 10 0 0 0 0 0 0 0 0 0 0 0 
1618 10 0 0 0 0 0 0 0 0 0 0 0 
1619 10 0 0 0 0 0 0 0 0 0 0 0 
1620 10 0 0 0 0 0 0 0 0 0 0 0 
1621 10 0 0 0 0 0 0 0 0 0 0 0 
1622 10 0 0 0 0 0 0 0 0 0 0 0 
1623 10 0 0 0 0 0 0 0 0 0 0 0 
1624 10 0 0 0 0 0 0 0 0 0 0 0 
1625 10 0 0 0 0 0 0 0 0 0 0 0 
1626 10 0 0 0 0 0 0 0 0 0 0 0 
1627 10 0 0 0 0 0 0 0 0 0 0 0 
1628 10 0 0 0 0 0 0 0 0 0 0 0 
1629 10 0 0 0 0 0 0 0 0 0 0 0 
1630 10 0 0 0 0 0 0 0 0 0 0 0 
1631 10 0 0 0 0 0 0 0 0 0 0 0 
1632 10 0 0 0 0 0 0 0 0 0 0 0 
1633 10 0 0 0 0 0 0 0 0 0 0 0 
1634 10 0 0 0 0 0 0 0 0 0 0 0 
1635 10 0 0 0 0 0 0 0 0 0 0 0 
1636 10 0 0 0 0 0 0 0 0 0 0 0 
1637 10 0 0 0 0 0 0 0 0 0 0 0 
1638 10 0 0 0 0 0 0 0 0 0 0 0 
1639 10 0 0 0 0 0 0 0 0 0 0 0 
1640 10 0 0 0 0 0 0 0 0 0 0 0 
1641 10 0 0 0 0 0 0 0 0 0 0 0 
1642 10 0 0 0 0 0 0 0 0 0 0 0 
1643 10 0 0 0 0 0 0 0 0 0 0 0 
1644 10 0 0 0 0 0 0 0 0 0 0 0 
1645 10 0 0 0 0 0 0 0 0 0 0 0 
1646 10 0 0 0 0 0 0 0 0 0 0 0 
1647 10 0 0 0 0 0 0 0 0 0 0 0 
1648 10 0 0 0 0 0 0 0 0 0 0 0 
1649 10 0 0 0 0 0 0 0 0 0 0 0 
1650 10 0 0 0 0 0 0 0 0 0 0 0 
1651 10 0 0 0 0 0 0 0 0 0 0 0 
1652 10 0 0 0 0 0 0 0 0 0 0 0 
1653 10 0 0 0 0 0 0 0 0 0 0 0 
1654 10 0 0 0 0 0 0 0 0 0 0 0 
1655 10 0 0 0 0 0 0 0 0 0 0 0 
1656 10 0 0 0 0 0 0 0 0 0 0 0 
1657 10 0 0 0 0 0 0 0 0 0 0 0 
1658 10 0 0 0 0 0 0 0 0 0 0 0 
1659 10 0 0 0 0 0 0 0 0 0 0 0 
1660 10 0 0 0 0 0 0 0 0 0 0 0 
1661 10 0 0 0 0 0 0 0 0 0 0 0 
1662 10 0 0 0 0 0 0 0 0 0 0 0 
1663 10 0 0 0 0 0 0 0 0 0 0 0 
1664 10 0 0 0 0 0 0 0 0 0 0 0 
1665 10 0 0 0 0 0 0 0 0 0 0 0 
1666 10 0 0 0 0 0 0 0 0 0 0 0 
1667 10 0 0 0 0 0 0 0 0 0 0 0 
1668 10 0 0 0 0 0 0 0 0 0 0 0 
1669 10 0 0 0 0 0 0 0 0 0 0 0 
1670 10 0 0 0 0 0 0 0 0 0 0 0 
1671 10 0 0 0 0 0 0 0 0 0 0 0 
1672 10 0 0 0 0 0 0 0 0 0 0 0 
1673 10 0 0 0 0 0 0 0 0 0 0 0 
1674 10 0 0 0 0 0 0 0 0 0 0 0 
1675 10 0 0 0 0 0 0 0 0 0 0 0 
1676 10 0 0 0 0 0 0 0 0 0 0 0 
1677 10 0 0 0 0 0 0 0 0 0 0 0 
1678 10 0 0 0 0 0 0 0 0 0 0 0 
1679 10 0 0 0 0 0 0 0 0 0 0 0 
1680 10 0 0 0 0 0 0 0 0 0 0 0 
1681 10 0 0 0 0 0 0 0 0 0 0 0 
1682 10 0 0 0 0 0 0 0 0 0 0 0 
1683 10 0 0 0 0 0 0 0 0 0 0 0 
1684 10 0 0 0 0 0 0 0 0 0 0 0 
1685 10 0 0 0 0 0 0 0 0 0 0 0 
1686 10 0 0 0 0 0 0 0 0 0 0 0 
1687 10 0 0 0 0 0 0 0 0 0 0 0 
1688 10 0 0 0 0 0 0 0 0 0 0 0 
1689 10 0 0 0 0 0 0 0 0 0 0 0 
1690 10 0 0 0 0 0 0 0 0 0 0 0 
1691 10 0 0 0 0 0 0 0 0 0 0 0 
1692 10 0 0 0 0 0 0 0 0 0 0 0 
1693 10 0 0 0 0 0 0 0 0 0 0 0 
1694 10 0 0 0 0 0 0 0 0 0 0 0 
1695 10 0 0 0 0 0 0 0 0 0 0 0 
1696 10 0 0 0 0 0 0 0 0 0 0 0 
1697 10 0 0 0 0 0 0 0 0 0 0 0 
1698 10 0 0 0 0 0 0 0 0 0 0 0 
1699 10 0 0 0 0 0 0 0 0 0 0 0 
1700 10 0 0 0 0 0 0 0 0 0 0 0 
1701 10 0 0 0 0 0 0 0 0 0 0 0 
1702 10 0 0 0 0 0 0 0 0 0 0 0 
1703 10 0 0 0 0 0 0 0 0 0 0 0 
1704 10 0 0 0 0 0 0 0 0 0 0 0 
1705 10 10 0 0 0 0 0 0 0 0 0 0 
1706 10 11 0 0 0 0 0 0 0 0 0 0 
1707 10 0 0 0 0 0 0 0 0 0 0 0 
1708 10 0 0 0 0 0 0 0 0 0 0 0 
1709 10 0 0 0 0 0 0 0 0 0 0 0 
1710 10 0 0 0 0 0 0 0 0 0 0 0 
1711 10 0 0 0 0 0 0 0 0 0 0 0 
1712 10 0 0 0 0 0 0 0 0 0 0 0 
1713 10 0 0 0 0 0 0 0 0 0 0 0 
1714 10 0 0 0 0 0 0 0 0 0 0 0 
1715 10 0 0 0 0 0 0 0 0 0 0 0 
1716 10 0 0 0 0 0 0 0 0 0 0 0 
1717 10 15 0 0 0 0 0 0 0 0 0 0 
1718 10 16 0 0 0 0 0 0 0 0 0 0 
1719 10 0 0 0 0 0 0 0 0 0 0 0 
1720 10 0 0 0 0 0 0 0 0 0 0 0 
1721 10 18 0 0 0 0 0 0 0 0 0 0 
1722 10 19 0 0 0 0 0 0 0 0 0 0 
1723 10 20 0 0 0 0 0 0 0 0 0 0 
1724 10 21 0 0 0 0 0 0 0 0 0 0 
1725 10 22 0 0 0 0 0 0 0 0 0 0 
1726 10 23 0 0 0 0 0 0 0 0 0 0 
1727 10 24 0 0 0 0 0 0 0 0 0 0 
1728 10 25 0 0 0 0 0 0 0 0 0 0 
1729 10 26 0 0 0 0 0 0 0 0 0 0 
1730 10 27 0 0 0 0 0 0 0 0 0 0 
1731 10 0 0 0 0 0 0 0 0 0 0 0 
1732 10 0 0 0 0 0 0 0 0 0 0 0 
1733 10 0 0 0 0 0 0 0 0 0 0 0 
1734 10 0 0 0 0 0 0 0 0 0 0 0 
1735 10 29 0 0 0 0 0 0 0 0 0 0 
1736 10 30 0 0 0 0 0 0 0 0 0 0 
1737 10 0 0 0 0 0 0 0 0 0 0 0 
1738 10 0 0 0 0 0 0 0 0 0 0 0 
1739 10 0 0 0 0 0 0 0 0 0 0 0 
1740 10 0 0 0 0 0 0 0 0 0 0 0 
1741 10 0 0 0 0 0 0 0 0 0 0 0 
1742 10 0 0 0 0 0 0 0 0 0 0 0 
1743 10 0 0 0 0 0 0 0 0 0 0 0 
1744 10 0 0 0 0 0 0 0 0 0 0 0 
1745 10 0 0 0 0 0 0 0 0 0 0 0 
1746 10 0 0 0 0 0 0 0 0 0 0 0 
1747 10 0 0 0 0 0 0 0 0 0 0 0 
1748 10 0 0 0 0 0 0 0 0 0 0 0 
1749 10 0 0 0 0 0 0 0 0 0 0 0 
1750 10 0 0 0 0 0 0 0 0 0 0 0 
1751 10 0 0 0 0 0 0 0 0 0 0 0 
1752 10 0 0 0 0 0 0 0 0 0 0 0 
1753 10 0 0 0 0 0 0 0 0 0 0 0 
1754 10 0 0 0 0 0 0 0 0 0 0 0 
1755 10 0 0 0 0 0 0 0 0 0 0 0 
1756 10 0 0 0 0 0 0 0 0 0 0 0 
1757 10 0 0 0 0 0 0 0 0 0 0 0 
1758 10 0 0 0 0 0 0 0 0 0 0 0 
1759 10 0 0 0 0 0 0 0 0 0 0 0 
1760 10 0 0 0 0 0 0 0 0 0 0 0 
1761 10 0 0 0 0 0 0 0 0 0 0 0 
1762 10 0 0 0 0 0 0 0 0 0 0 0 
1763 10 0 0 0 0 0 0 0 0 0 0 0 
1764 10 0 0 0 0 0 0 0 0 0 0 0 
1765 10 0 0 0 0 0 0 0 0 0 0 0 
1766 10 0 0 0 0 0 0 0 0 0 0 0 
1767 10 0 0 0 0 0 0 0 0 0 0 0 
1768 10 0 0 0 0 0 0 0 0 0 0 0 
1769 10 0 0 0 0 0 0 0 0 0 0 0 
1770 10 0 0 0 0 0 0 0 0 0 0 0 
1771 10 0 0 0 0 0 0 0 0 0 0 0 
1772 10 0 0 0 0 0 0 0 0 0 0 0 
1773 10 0 0 0 0 0 0 0 0 0 0 0 
1774 10 0 0 0 0 0 0 0 0 0 0 0 
1775 10 0 0 0 0 0 0 0 0 0 0 0 
1776 10 0 0 0 0 0 0 0 0 0 0 0 
1777 10 0 0 0 0 0 0 0 0 0 0 0 
1778 10 0 0 0 0 0 0 0 0 0 0 0 
1779 10 0 0 0 0 0 0 0 0 0 0 0 
1780 10 0 0 0 0 0 0 0 0 0 0 0 
1781 10 0 0 0 0 0 0 0 0 0 0 0 
1782 10 0 0 0 0 0 0 0 0 0 0 0 
1783 10 0 0 0 0 0 0 0 0 0 0 0 
1784 10 0 0 0 0 0 0 0 0 0 0 0 
1785 10 0 0 0 0 0 0 0 0 0 0 0 
1786 10 0 0 0 0 0 0 0 0 0 0 0 
1787 10 0 0 0 0 0 0 0 0 0 0 0 
1788 10 0 0 0 0 0 0 0 0 0 0 0 
1789 10 0 0 0 0 0 0 0 0 0 0 0 
1790 10 0 0 0 0 0 0 0 0 0 0 0 
1791 10 0 0 0 0 0 0 0 0 0 0 0 
1792 10 0 0 0 0 0 0 0 0 0 0 0 
1793 10 0 0 0 0 0 0 0 0 0 0 0 
1794 10 0 0 0 0 0 0 0 0 0 0 0 
1795 10 0 0 0 0 0 0 0 0 0 0 0 
1796 10 0 0 0 0 0 0 0 0 0 0 0 
1797 10 0 0 0 0 0 0 0 0 0 0 0 
1798 10 0 0 0 0 0 0 0 0 0 0 0 
1799 10 0 0 0 0 0 0 0 0 0 0 0 
1800 10 0 0 0 0 0 0 0 0 0 0 0 
1801 10 0 0 0 0 0 0 0 0 0 0 0 
1802 10 0 0 0 0 0 0 0 0 0 0 0 
1803 10 0 0 0 0 0 0 0 0 0 0 0 
1804 10 0 0 0 0 0 0 0 0 0 0 0 
1805 10 0 0 0 0 0 0 0 0 0 0 0 
1806 10 0 0 0 0 0 0 0 0 0 0 0 
1807 10 0 0 0 0 0 0 0 0 0 0 0 
1808 10 0 0 0 0 0 0 0 0 0 0 0 
1809 10 0 0 0 0 0 0 0 0 0 0 0 
1810 10 0 0 0 0 0 0 0 0 0 0 0 
1811 10 0 0 0 0 0 0 0 0 0 0 0 
1812 10 0 0 0 0 0 0 0 0 0 0 0 
1813 10 0 0 0 0 0 0 0 0 0 0 0 
1814 10 0 0 0 0 0 0 0 0 0 0 0 
1815 10 0 0 0 0 0 0 0 0 0 0 0 
1816 10 0 0 0 0 0 0 0 0 0 0 0 
1817 10 0 0 0 0 0 0 0 0 0 0 0 
1818 10 0 0 0 0 0 0 0 0 0 0 0 
1819 10 0 0 0 0 0 0 0 0 0 0 0 
1820 10 0 0 0 0 0 0 0 0 0 0 0 
1821 10 0 0 0 0 0 0 0 0 0 0 0 
1822 10 0 0 0 0 0 0 0 0 0 0 0 
1823 10 0 0 0 0 0 0 0 0 0 0 0 
1824 10 0 0 0 0 0 0 0 0 0 0 0 
1825 10 0 0 0 0 0 0 0 0 0 0 0 
1826 10 0 0 0 0 0 0 0 0 0 0 0 
1827 10 0 0 0 0 0 0 0 0 0 0 0 
1828 10 0 0 0 0 0 0 0 0 0 0 0 
1829 10 0 0 0 0 0 0 0 0 0 0 0 
1830 10 0 0 0 0 0 0 0 0 0 0 0 
1831 10 0 0 0 0 0 0 0 0 0 0 0 
1832 10 0 0 0 0 0 0 0 0 0 0 0 
1833 10 0 0 0 0 0 0 0 0 0 0 0 
1834 10 0 0 0 0 0 0 0 0 0 0 0 
1835 10 0 0 0 0 0 0 0 0 0 0 0 
1836 10 0 0 0 0 0 0 0 0 0 0 0 
1837 10 0 0 0 0 0 0 0 0 0 0 0 
1838 10 0 0 0 0 0 0 0 0 0 0 0 
1839 10 0 0 0 0 0 0 0 0 0 0 0 
1840 10 0 0 0 0 0 0 0 0 0 0 0 
1841 10 0 0 0 0 0 0 0 0 0 0 0 
1842 10 0 0 0 0 0 0 0 0 0 0 0 
1843 10 0 0 0 0 0 0 0 0 0 0 0 
1844 10 0 0 0 0 0 0 0 0 0 0 0 
1845 10 0 0 0 0 0 0 0 0 0 0 0 
1846 10 0 0 0 0 0 0 0 0 0 0 0 
1847 10 0 0 0 0 0 0 0 0 0 0 0 
1848 10 0 0 0 0 0 0 0 0 0 0 0 
1849 10 0 0 0 0 0 0 0 0 0 0 0 
1850 10 0 0 0 0 0 0 0 0 0 0 0 
1851 10 0 0 0 0 0 0 0 0 0 0 0 
1852 10 0 0 0 0 0 0 0 0 0 0 0 
1853 10 0 0 0 0 0 0 0 0 0 0 0 
1854 10 0 0 0 0 0 0 0 0 0 0 0 
1855 10 0 0 0 0 0 0 0 0 0 0 0 
1856 10 0 0 0 0 0 0 0 0 0 0 0 
1857 10 0 0 0 0 0 0 0 0 0 0 0 
1858 10 0 0 0 0 0 0 0 0 0 0 0 
1859 10 0 0 0 0 0 0 0 0 0 0 0 
1860 10 0 0 0 0 0 0 0 0 0 0 0 
1861 10 0 0 0 0 0 0 0 0 0 0 0 
1862 10 0 0 0 0 0 0 0 0 0 0 0 
1863 10 0 0 0 0 0 0 0 0 0 0 0 
1864 10 0 0 0 0 0 0 0 0 0 0 0 
1865 10 0 0 0 0 0 0 0 0 0 0 0 
1866 10 0 0 0 0 0 0 0 0 0 0 0 
1867 10 0 0 0 0 0 0 0 0 0 0 0 
1868 10 0 0 0 0 0 0 0 0 0 0 0 
1869 10 0 0 0 0 0 0 0 0 0 0 0 
1870 10 0 0 0 0 0 0 0 0 0 0 0 
1871 10 0 0 0 0 0 0 0 0 0 0 0 
1872 10 0 0 0 0 0 0 0 0 0 0 0 
1873 10 0 0 0 0 0 0 0 0 0 0 0 
1874 10 0 0 0 0 0 0 0 0 0 0 0 
1875 10 0 0 0 0 0 0 0 0 0 0 0 
1876 10 0 0 0 0 0 0 0 0 0 0 0 
1877 10 0 0 0 0 0 0 0 0 0 0 0 
1878 10 0 0 0 0 0 0 0 0 0 0 0 
1879 10 0 0 0 0 0 0 0 0 0 0 0 
1880 10 0 0 0 0 0 0 0 0 0 0 0 
1881 10 0 0 0 0 0 0 0 0 0 0 0 
1882 10 0 0 0 0 0 0 0 0 0 0 0 
1883 10 0 0 0 0 0 0 0 0 0 0 0 
1884 10 0 0 0 0 0 0 0 0 0 0 0 
1885 10 0 0 0 0 0 0 0 0 0 0 0 
1886 10 0 0 0 0 0 0 0 0 0 0 0 
1887 10 0 0 0 0 0 0 0 0 0 0 0 
1888 10 0 0 0 0 0 0 0 0 0 0 0 
1889 10 0 0 0 0 0 0 0 0 0 0 0 
1890 10 0 0 0 0 0 0 0 0 0 0 0 
1891 10 0 0 0 0 0 0 0 0 0 0 0 
1892 10 0 0 0 0 0 0 0 0 0 0 0 
1893 10 0 0 0 0 0 0 0 0 0 0 0 
1894 10 0 0 0 0 0 0 0 0 0 0 0 
1895 10 0 0 0 0 0 0 0 0 0 0 0 
1896 10 0 0 0 0 0 0 0 0 0 0 0 
1897 10 0 0 0 0 0 0 0 0 0 0 0 
1898 10 0 0 0 0 0 0 0 0 0 0 0 
1899 10 0 0 0 0 0 0 0 0 0 0 0 
1900 10 0 0 0 0 0 0 0 0 0 0 0 
1901 10 0 0 0 0 0 0 0 0 0 0 0 
1902 10 0 0 0 0 0 0 0 0 0 0 0 
1903 10 0 0 0 0 0 0 0 0 0 0 0 
1904 10 0 0 0 0 0 0 0 0 0 0 0 
1905 10 0 0 0 0 0 0 0 0 0 0 0 
1906 10 0 0 0 0 0 0 0 0 0 0 0 
1907 10 0 0 0 0 0 0 0 0 0 0 0 
1908 10 0 0 0 0 0 0 0 0 0 0 0 
1909 10 0 0 0 0 0 0 0 0 0 0 0 
1910 10 0 0 0 0 0 0 0 0 0 0 0 
1911 10 0 0 0 0 0 0 0 0 0 0 0 
1912 10 0 0 0 0 0 0 0 0 0 0 0 
1913 10 0 0 0 0 0 0 0 0 0 0 0 
1914 10 0 0 0 0 0 0 0 0 0 0 0 
1915 10 0 0 0 0 0 0 0 0 0 0 0 
1916 10 0 0 0 0 0 0 0 0 0 0 0 
1917 10 0 0 0 0 0 0 0 0 0 0 0 
1918 10 0 0 0 0 0 0 0 0 0 0 0 
1919 10 0 0 0 0 0 0 0 0 0 0 0 
1920 10 0 0 0 0 0 0 0 0 0 0 0 
1921 10 0 0 0 0 0 0 0 0 0 0 0 
1922 10 0 0 0 0 0 0 0 0 0 0 0 
1923 10 0 0 0 0 0 0 0 0 0 0 0 
1924 10 0 0 0 0 0 0 0 0 0 0 0 
1925 10 0 0 0 0 0 0 0 0 0 0 0 
1926 10 0 0 0 0 0 0 0 0 0 0 0 
1927 10 0 0 0 0 0 0 0 0 0 0 0 
1928 10 0 0 0 0 0 0 0 0 0 0 0 
1929 10 0 0 0 0 0 0 0 0 0 0 0 
1930 10 0 0 0 0 0 0 0 0 0 0 0 
1931 10 0 0 0 0 0 0 0 0 0 0 0 
1932 10 0 0 0 0 0 0 0 0 0 0 0 
1933 10 0 0 0 0 0 0 0 0 0 0 0 
1934 10 0 0 0 0 0 0 0 0 0 0 0 
1935 10 0 0 0 0 0 0 0 0 0 0 0 
1936 10 0 0 0 0 0 0 0 0 0 0 0 
1937 10 0 0 0 0 0 0 0 0 0 0 0 
1938 10 0 0 0 0 0 0 0 0 0 0 0 
1939 10 0 0 0 0 0 0 0 0 0 0 0 
1940 10 0 0 0 0 0 0 0 0 0 0 0 
1941 10 0 0 0 0 0 0 0 0 0 0 0 
1942 10 0 0 0 0 0 0 0 0 0 0 0 
1943 10 41 0 0 0 0 0 0 0 0 0 0 
1944 10 42 0 0 0 0 0 0 0 0 0 0 
1945 10 0 0 0 0 0 0 0 0 0 0 0 
1946 10 0 0 0 0 0 0 0 0 0 0 0 
1947 10 0 0 0 0 0 0 0 0 0 0 0 
1948 10 0 0 0 0 0 0 0 0 0 0 0 
1949 10 0 0 0 0 0 0 0 0 0 0 0 
1950 10 0 0 0 0 0 0 0 0 0 0 0 
1951 10 0 0 0 0 0 0 0 0 0 0 0 
1952 10 0 0 0 0 0 0 0 0 0 0 0 
1953 10 0 0 0 0 0 0 0 0 0 0 0 
1954 10 0 0 0 0 0 0 0 0 0 0 0 
1955 10 0 0 0 0 0 0 0 0 0 0 0 
1956 10 0 0 0 0 0 0 0 0 0 0 0 
1957 10 0 0 0 0 0 0 0 0 0 0 0 
1958 10 0 0 0 0 0 0 0 0 0 0 0 
1959 10 0 0 0 0 0 0 0 0 0 0 0 
1960 10 0 0 0 0 0 0 0 0 0 0 0 
1961 10 0 0 0 0 0 0 0 0 0 0 0 
1962 10 0 0 0 0 0 0 0 0 0 0 0 
1963 10 0 0 0 0 0 0 0 0 0 0 0 
1964 10 0 0 0 0 0 0 0 0 0 0 0 
1965 10 0 0 0 0 0 0 0 0 0 0 0 
1966 10 0 0 0 0 0 0 0 0 0 0 0 
1967 10 0 0 0 0 0 0 0 0 0 0 0 
1968 10 0 0 0 0 0 0 0 0 0 0 0 
1969 10 0 0 0 0 0 0 0 0 0 0 0 
1970 10 0 0 0 0 0 0 0 0 0 0 0 
1971 10 0 0 0 0 0 0 0 0 0 0 0 
1972 10 0 0 0 0 0 0 0 0 0 0 0 
1973 10 0 0 0 0 0 0 0 0 0 0 0 
1974 10 0 0 0 0 0 0 0 0 0 0 0 
1975 10 0 0 0 0 0 0 0 0 0 0 0 
1976 10 0 0 0 0 0 0 0 0 0 0 0 
1977 10 0 0 0 0 0 0 0 0 0 0 0 
1978 10 0 0 0 0 0 0 0 0 0 0 0 
1979 10 0 0 0 0 0 0 0 0 0 0 0 
1980 10 0 0 0 0 0 0 0 0 0 0 0 
1981 10 0 0 0 0 0 0 0 0 0 0 0 
1982 10 0 0 0 0 0 0 0 0 0 0 0 
1983 10 0 0 0 0 0 0 0 0 0 0 0 
1984 10 0 0 0 0 0 0 0 0 0 0 0 
1985 10 0 0 0 0 0 0 0 0 0 0 0 
1986 10 0 0 0 0 0 0 0 0 0 0 0 
1987 10 0 0 0 0 0 0 0 0 0 0 0 
1988 10 0 0 0 0 0 0 0 0 0 0 0 
1989 10 0 0 0 0 0 0 0 0 0 0 0 
1990 10 0 0 0 0 0 0 0 0 0 0 0 
1991 10 0 0 0 0 0 0 0 0 0 0 0 
1992 10 0 0 0 0 0 0 0 0 0 0 0 
1993 10 0 0 0 0 0 0 0 0 0 0 0 
1994 10 0 0 0 0 0 0 0 0 0 0 0 
1995 10 0 0 0 0 0 0 0 0 0 0 0 
1996 10 0 0 0 0 0 0 0 0 0 0 0 
1997 10 0 0 0 0 0 0 0 0 0 0 0 
1998 10 0 0 0 0 0 0 0 0 0 0 0 
1999 10 0 0 0 0 0 0 0 0 0 0 0 
2000 10 0 0 0 0 0 0 0 0 0 0 0 
2001 10 0 0 0 0 0 0 0 0 0 0 0 
2002 10 0 0 0 0 0 0 0 0 0 0 0 
2003 10 0 0 0 0 0 0 0 0 0 0 0 
2004 10 0 0 0 0 0 0 0 0 0 0 0 
2005 10 49 0 0 0 0 0 0 0 0 0 0 
2006 10 50 0 0 0 0 0 0 0 0 0 0 
2007 10 0 0 0 0 0 0 0 0 0 0 0 
2008 10 0 0 0 0 0 0 0 0 0 0 0 
2009 10 0 0 0 0 0 0 0 0 0 0 0 
2010 10 0 0 0 0 0 0 0 0 0 0 0 
2011 10 0 0 0 0 0 0 0 0 0 0 0 
2012 10 0 0 0 0 0 0 0 0 0 0 0 
2013 10 0 0 0 0 0 0 0 0 0 0 0 
2014 10 0 0 0 0 0 0 0 0 0 0 0 
2015 10 0 0 0 0 0 0 0 0 0 0 0 
2016 10 0 0 0 0 0 0 0 0 0 0 0 
2017 10 0 0 0 0 0 0 0 0 0 0 0 
2018 10 0 0 0 0 0 0 0 0 0 0 0 
2019 10 0 0 0 0 0 0 0 0 0 0 0 
2020 10 0 0 0 0 0 0 0 0 0 0 0 
2021 10 0 0 0 0 0 0 0 0 0 0 0 
2022 10 0 0 0 0 0 0 0 0 0 0 0 
2023 10 0 0 0 0 0 0 0 0 0 0 0 
2024 10 0 0 0 0 0 0 0 0 0 0 0 
2025 10 0 0 0 0 0 0 0 0 0 0 0 
2026 10 0 0 0 0 0 0 0 0 0 0 0 
2027 10 0 0 0 0 0 0 0 0 0 0 0 
2028 10 0 0 0 0 0 0 0 0 0 0 0 
2029 10 0 0 0 0 0 0 0 0 0 0 0 
2030 10 0 0 0 0 0 0 0 0 0 0 0 
2031 10 0 0 0 0 0 0 0 0 0 0 0 
2032 10 0 0 0 0 0 0 0 0 0 0 0 
2033 10 0 0 0 0 0 0 0 0 0 0 0 
2034 10 0 0 0 0 0 0 0 0 0 0 0 
2035 10 0 0 0 0 0 0 0 0 0 0 0 
2036 10 0 0 0 0 0 0 0 0 0 0 0 
2037 10 0 0 0 0 0 0 0 0 0 0 0 
2038 10 0 0 0 0 0 0 0 0 0 0 0 
2039 10 0 0 0 0 0 0 0 0 0 0 0 
2040 10 0 0 0 0 0 0 0 0 0 0 0 
2041 10 0 0 0 0 0 0 0 0 0 0 0 
2042 10 0 0 0 0 0 0 0 0 0 0 0 
2043 10 0 0 0 0 0 0 0 0 0 0 0 
2044 10 0 0 0 0 0 0 0 0 0 0 0 
2045 10 0 0 0 0 0 0 0 0 0 0 0 
2046 10 0 0 0 0 0 0 0 0 0 0 0 

0 4 1 3 pack_2 0.0094572 16 32 54 318 7 -106 36 7 -111 240 2 -111 240 12 -111 150 12 -111 318 17 -106 60 17 -111 240 22 59 342 2 -111 144 -8 -106 150 2 -111 150 -3 -106 60 7 -106 72 -3 -106 90 -3 -111 60 
1 4 1 3 pack_2 0.0570523 6 -3 79 156 2 79 144 -13 84 150 12 79 150 -8 84 144 17 29 60 
2 4 1 3 pack_2 0.0151515 2 17 54 150 22 54 144 
3 4 1 3 pack_2 0.179104 2 22 59 156 12 54 162 
4 4 1 3 pack_2 0.94382 14 17 34 66 22 34 66 -3 39 102 2 39 96 17 -21 318 17 -16 318 7 39 72 2 -16 342 2 -26 342 -3 -31 156 -13 4 84 2 -6 150 7 -26 342 -18 44 120 
5 4 1 3 pack_2 0.375 1 27 54 318 
6 4 1 3 pack_2 0.0425532 1 2 4 72 
7 4 1 3 pack_2 0.210526 4 -33 -101 84 32 -101 36 32 -96 36 27 -101 72 
8 4 1 3 pack_2 0.857143 10 32 -101 60 27 -101 144 37 -106 120 -8 -56 84 22 -106 96 2 -56 72 -8 -66 90 2 -51 66 22 -91 18 2 -51 72 
9 4 1 3 pack_2 0.545455 1 17 -111 192 
10 4 1 3 pack_2 1 31 52 -111 150 42 -111 84 -53 -111 162 42 -111 66 47 -111 162 37 -111 84 32 -111 102 47 -111 18 27 -106 192 42 -111 150 52 -111 156 -48 -111 162 37 -111 156 -48 -111 156 47 -111 72 47 -111 36 32 -111 192 27 -111 18 -48 -111 318 -53 -111 144 12 -111 96 27 -111 90 32 -106 162 -43 -111 318 -48 -111 90 32 -111 72 -43 -111 60 -48 -111 96 2 -91 96 -38 -106 162 -28 -111 66 
11 4 1 3 pack_2 1 3 12 -106 192 -28 -106 342 -33 -106 72 
12 4 1 3 pack_2 0.375 1 -48 -111 102 
13 4 0 
14 4 1 3 pack_2 1 1 -3 -91 192 
15 4 1 3 pack_2 1 21 17 -106 156 12 -71 162 -13 -101 150 -13 -71 150 -8 -101 156 -13 -91 150 7 -96 156 7 -101 156 17 -101 150 12 -66 150 12 -96 162 12 -76 162 17 -96 144 17 -66 150 -8 -86 144 -8 -71 144 -8 -91 144 2 -91 144 7 -96 132 -8 -96 144 2 -91 132 
16 4 1 3 pack_2 1 1 12 -106 144 
17 4 1 3 pack_2 1 7 27 -91 66 22 -101 150 22 -91 150 17 -106 90 22 -106 72 2 -101 192 32 -106 42 
18 4 1 3 pack_2 0.973822 31 -3 -96 90 7 -56 60 -23 -91 72 -38 -111 60 7 -71 60 -13 -96 60 -8 -96 84 -13 -111 84 32 -96 318 -33 -106 42 -23 -111 42 -38 -106 36 -28 -106 36 -18 -96 342 -28 -96 102 2 -86 240 17 -96 66 7 -86 240 -18 -96 120 -8 -96 342 -13 -111 96 -23 -96 120 12 -96 240 22 -96 36 -23 -111 18 -23 -111 192 -3 -106 156 -43 -111 132 -33 -111 120 -28 -111 120 2 -111 162 
19 4 1 3 pack_2 1 1 12 -111 42 
20 4 1 3 pack_2 1 42 -43 -101 132 -33 -101 132 -38 -101 144 -33 -101 144 -48 -101 132 -8 -101 72 -8 -101 84 22 -96 120 -8 -101 66 7 -66 72 17 -101 84 27 -101 60 22 -106 36 -28 -101 84 2 -101 42 7 -106 60 2 -106 60 -8 -106 102 -23 -106 66 2 -111 318 7 -106 18 -3 -96 132 -28 -86 90 17 -111 66 2 -106 18 27 -91 36 17 -111 72 27 -111 66 -18 -96 66 -13 -106 36 -28 -111 84 -33 -106 162 -13 -91 84 17 -111 90 -8 -96 72 -33 -111 96 7 -91 84 -8 -91 60 2 -111 42 -3 -111 102 -3 -91 96 -13 -111 132 
21 4 1 3 pack_2 0.939759 13 27 -106 240 -18 -111 66 -23 -111 144 -23 -111 72 -3 -106 318 17 -111 132 22 -111 132 17 -111 342 2 -111 36 7 -111 192 -23 -111 60 -13 -111 42 -33 -111 60 
22 4 1 3 pack_2 1 34 2 -101 156 27 -76 318 -23 -71 162 -18 -96 156 -8 -96 162 -8 -101 162 17 -101 318 -13 -96 144 -33 -96 192 -3 -106 132 -13 -81 342 2 -61 60 -18 -96 150 -18 -101 150 -13 -91 342 2 -71 60 17 -91 60 12 -101 84 12 -96 66 -3 -86 60 -23 -66 96 22 -101 60 -8 -101 90 17 -71 42 2 -91 66 2 -101 72 -3 -106 72 -13 -101 90 -28 -96 18 -13 -101 102 -23 -101 18 17 -101 36 12 -86 36 -18 -101 102 
23 4 1 3 pack_2 1 3 -23 -96 72 -3 -101 240 -8 -106 240 
24 4 1 3 pack_2 0.0594059 1 -43 29 318 
25 4 1 3 pack_2 0.878049 12 -18 34 132 -28 44 144 -13 39 318 -18 49 240 -13 -1 96 -3 19 156 2 9 144 2 54 156 27 39 240 17 4 318 12 24 132 17 14 120 
26 4 1 3 pack_2 0.975124 196 17 24 162 22 -1 144 17 24 156 17 -11 156 17 34 162 17 -1 162 22 -6 66 12 -11 162 -3 29 192 22 14 342 17 39 162 22 -6 342 22 14 150 22 -1 342 12 29 162 32 19 318 27 -1 60 7 -1 90 17 -1 72 7 19 18 2 4 96 7 -1 162 12 39 162 2 44 192 12 4 150 -8 4 150 -13 -1 144 22 -1 132 -3 14 144 7 -11 84 -18 4 150 2 -11 90 12 34 240 12 29 156 -13 14 36 12 4 96 -3 14 342 -13 24 150 -8 14 156 -13 19 36 -13 19 150 -8 9 342 -8 24 144 27 -1 318 2 44 18 7 24 162 -8 -1 192 7 9 156 7 -1 318 -13 24 144 -23 4 156 12 19 144 22 9 318 17 -1 66 -13 44 42 7 19 156 7 -11 120 -13 24 162 -18 -1 156 -13 9 162 2 14 162 -3 19 342 -13 9 120 -8 24 342 2 4 120 -13 34 150 2 34 318 -8 29 150 2 -1 90 7 4 150 -13 29 144 -3 34 132 17 4 132 -3 44 132 -8 39 150 -3 4 96 -8 44 150 -13 4 342 12 34 150 -3 29 144 32 39 318 17 44 150 -33 24 192 12 -1 72 -13 39 150 7 9 144 22 19 162 -3 -1 60 2 9 150 12 4 72 27 4 60 22 14 162 12 -1 42 -23 24 156 32 4 342 -8 19 42 -13 29 342 -28 -1 96 -18 -1 84 -23 4 66 2 -11 84 -3 -6 90 -23 4 90 -8 4 102 -8 44 144 12 34 318 22 -6 162 22 -6 120 7 39 120 -18 44 162 7 9 102 -18 9 60 2 9 60 22 44 144 -8 9 66 12 9 36 27 19 132 -18 49 162 -28 4 96 2 49 240 27 -1 72 27 29 144 2 49 18 -18 9 84 12 9 42 27 24 132 -8 44 342 -18 49 150 7 44 132 12 24 342 2 49 192 27 34 144 27 29 132 -18 39 42 -33 4 96 2 -1 60 37 24 318 -3 24 36 22 39 162 7 29 150 2 -1 84 37 29 318 -33 19 240 7 24 144 -18 4 192 2 24 150 -3 -6 72 -38 4 96 2 29 162 2 34 342 7 4 192 -3 24 162 -33 49 192 -18 14 60 12 39 120 12 24 18 -28 19 240 -13 34 192 -8 -1 96 -43 29 192 17 44 318 -28 39 18 2 34 150 27 19 150 -28 49 192 -23 9 96 -13 14 60 -28 14 66 -8 14 66 2 34 156 12 -1 60 32 -1 60 -38 9 96 17 44 132 -13 54 144 7 49 162 27 4 72 -33 9 84 -18 14 84 17 34 318 -33 29 240 -28 29 318 -23 49 318 2 9 66 -13 4 102 -33 19 36 -8 14 72 -3 29 162 -33 29 60 -33 39 18 -8 34 42 -3 14 90 -8 49 162 -3 9 72 17 49 342 -28 49 18 
27 4 1 3 pack_2 0.868275 1170 -28 14 96 -8 39 42 -13 14 102 -23 4 102 2 54 318 27 24 120 -23 29 60 -3 24 42 -13 54 156 -18 9 96 -33 24 66 27 39 150 -18 29 192 -28 14 102 17 9 90 -28 54 162 -33 24 42 -33 29 66 -33 39 60 22 49 318 -43 29 36 -33 44 60 12 14 42 -28 19 84 -38 19 66 12 14 84 2 54 192 37 39 318 22 49 156 -28 44 240 -43 9 102 27 9 60 32 -1 36 2 19 120 -23 14 120 -3 29 240 -38 54 192 32 4 60 27 39 156 -23 14 144 -43 39 36 -38 44 42 -28 19 90 -8 54 192 27 9 66 22 49 162 -23 49 42 -43 19 240 -38 34 240 37 -1 342 37 29 342 37 44 318 -3 29 42 -18 59 342 27 -1 162 -3 49 36 -33 44 42 -18 29 144 7 79 60 32 -1 72 -18 19 90 -43 24 240 2 79 60 17 14 102 -18 29 60 -33 49 60 -8 19 72 27 9 72 2 79 66 -28 49 36 32 -1 144 -8 34 240 -38 19 90 -38 44 60 -28 44 66 -48 19 192 -18 24 66 -23 29 66 32 34 132 12 79 66 -3 79 66 12 49 192 12 54 120 -43 24 60 -38 54 18 7 19 66 -8 54 132 42 -1 318 37 -1 42 22 54 162 -43 29 60 2 19 90 -38 9 84 -38 34 72 -8 19 102 -3 84 96 2 84 84 -43 34 240 22 14 102 37 49 318 -3 79 60 -8 24 60 -33 49 66 -33 19 162 22 19 102 -3 49 318 -28 34 156 -8 89 84 22 24 102 -33 19 102 -33 24 90 -8 79 72 -33 34 162 -13 79 90 12 54 18 -13 79 84 2 24 42 32 39 144 7 19 90 32 34 120 -43 39 60 12 79 36 -8 59 132 -3 44 42 17 34 102 32 9 60 -18 64 342 -13 79 102 -18 59 144 12 54 192 -13 84 72 -18 79 96 12 74 240 32 9 156 -48 19 36 27 44 162 -3 84 102 -48 9 240 -23 24 84 -18 79 90 27 54 156 22 44 102 -3 89 72 22 54 120 22 74 36 -23 79 96 32 44 144 -38 24 90 -13 89 84 -18 79 120 37 -1 66 27 49 162 -38 49 66 -43 49 18 -3 59 18 12 84 72 12 59 18 -28 54 156 -48 34 36 -18 39 60 27 -1 90 -23 19 144 2 14 240 -23 84 132 -28 79 102 7 59 150 -18 89 90 2 79 96 -18 24 84 32 54 144 12 74 60 -48 19 60 -23 64 162 -43 54 18 -3 59 156 -13 29 60 12 39 102 2 64 318 -3 59 162 27 14 72 2 24 66 27 54 120 -43 29 72 -23 24 90 12 74 66 2 49 36 -28 79 150 -48 59 192 17 64 18 -28 39 72 22 74 60 -13 24 96 -48 29 60 7 59 144 27 29 102 12 59 318 2 24 90 22 34 72 -8 79 60 7 24 66 22 19 60 -33 29 90 12 69 192 7 24 72 22 79 66 27 39 60 7 24 60 -38 49 240 22 24 192 12 59 240 -38 49 72 -8 94 84 -23 39 144 7 34 96 -3 44 84 17 79 84 -3 74 66 17 44 60 17 44 96 -43 24 96 -13 44 132 -43 54 36 -8 44 90 27 14 96 37 24 132 12 34 60 -8 24 102 22 84 42 7 29 42 12 24 42 -13 94 102 27 44 102 32 34 36 17 39 90 -53 29 192 -48 9 66 27 74 60 -3 24 102 2 79 102 -33 79 96 -48 14 66 12 29 72 12 24 72 -28 59 192 17 -6 240 12 69 36 -38 39 342 32 29 36 27 24 192 12 44 60 -48 24 66 7 39 66 -23 59 192 7 69 36 7 74 84 -38 79 162 42 4 42 -3 64 318 17 39 42 37 64 342 37 9 72 -33 74 318 27 14 192 37 29 144 7 29 84 -8 49 102 47 9 318 27 29 66 -3 29 60 27 39 36 27 34 192 -8 29 66 22 49 66 32 14 84 27 44 60 12 24 84 17 24 60 -38 39 162 12 49 66 2 44 72 -13 74 84 -8 44 84 27 24 240 -33 89 132 22 79 18 -38 29 96 -3 54 120 -53 9 42 32 14 102 12 4 240 27 19 84 -3 29 72 -13 34 72 -3 34 72 -18 34 84 -8 24 318 47 29 318 2 69 240 27 19 66 27 39 192 7 54 84 -18 39 90 -53 19 42 37 -1 150 7 74 90 -33 44 342 42 54 342 2 39 66 27 24 72 17 29 84 -28 69 156 17 64 240 -33 79 318 22 84 60 -33 79 90 -3 49 72 32 34 102 17 59 120 2 49 66 -33 34 342 42 14 42 42 9 36 47 9 42 42 14 60 32 34 84 -13 44 120 32 9 96 -48 9 72 -53 24 42 27 24 66 7 49 66 -48 9 90 -13 49 102 27 29 90 47 4 66 -48 44 66 37 39 144 -13 34 96 32 4 90 -13 49 66 -8 74 102 -8 64 240 27 44 192 37 9 96 27 44 84 7 39 42 22 79 84 12 44 42 -8 89 120 32 14 90 -23 74 90 -38 49 342 32 64 42 -28 89 150 37 24 60 42 4 84 -3 74 102 37 69 342 32 19 90 47 49 318 42 4 120 37 34 72 37 14 90 42 -1 90 22 59 240 22 84 66 42 14 120 -23 79 72 -38 54 66 -33 79 162 42 -1 150 42 4 96 -28 59 72 12 39 36 47 54 318 17 54 90 42 4 102 -28 89 144 32 24 192 37 59 144 12 59 84 32 9 240 42 14 144 -33 44 84 -43 29 96 52 4 240 12 79 192 -18 39 66 42 14 96 -38 89 120 -3 69 318 47 9 72 -3 54 60 47 19 60 12 79 96 37 34 60 27 54 240 22 44 18 -33 49 90 42 9 132 32 39 72 37 39 150 42 19 96 52 9 60 37 24 96 42 24 18 -33 89 150 37 24 84 -23 74 150 37 34 66 37 24 162 -18 69 60 37 19 36 -23 34 96 -43 74 120 22 89 42 2 59 96 2 89 156 7 54 36 37 24 192 47 4 96 32 29 192 22 49 42 47 9 150 32 64 60 -43 29 90 7 54 66 -33 34 96 32 19 240 12 94 60 7 54 60 47 24 42 -23 59 42 32 69 66 17 84 192 42 24 132 -8 79 132 42 29 96 2 84 156 47 14 144 32 34 90 22 69 192 47 19 96 -28 74 102 52 14 66 7 49 42 47 19 90 52 14 18 42 29 102 47 14 192 -28 89 90 -33 94 120 -13 49 60 -43 84 120 42 34 72 47 29 72 42 29 150 -23 59 84 37 34 90 -18 74 132 52 14 318 2 89 144 -18 89 144 17 59 72 -13 64 240 52 9 342 -28 64 72 -3 89 120 12 49 36 12 54 42 42 34 240 32 34 240 52 -1 144 -53 19 60 47 24 132 -8 99 96 -3 74 132 42 34 150 32 39 240 37 34 192 27 54 66 52 19 84 -3 59 60 -3 84 150 52 14 120 32 59 36 32 64 132 -8 59 96 37 34 240 42 39 102 37 44 96 52 14 342 32 54 60 7 59 102 -38 44 84 -18 29 102 27 64 66 12 84 96 52 29 60 52 19 90 -43 64 18 42 39 84 32 44 240 -38 84 96 47 29 150 47 34 102 52 24 84 52 14 144 -33 79 342 57 4 342 32 54 66 -8 54 318 -13 54 102 -33 79 84 -23 64 72 37 49 60 37 49 84 17 69 162 47 39 72 7 94 84 32 59 90 27 49 18 -8 94 72 37 39 192 47 39 120 57 14 36 37 54 102 32 54 96 57 4 84 42 44 132 37 39 156 52 29 66 22 9 240 42 34 156 42 49 72 52 29 120 37 54 60 -8 59 72 37 54 18 22 64 96 2 69 66 -48 49 240 37 59 90 52 19 156 12 64 120 17 54 42 47 44 66 27 69 90 42 49 84 37 64 120 -38 54 96 57 14 72 47 39 36 42 54 84 22 74 90 42 59 90 -13 69 60 -38 49 84 22 64 66 37 44 240 12 74 18 52 34 66 -28 69 318 52 29 150 47 49 72 47 39 132 -48 19 132 -48 64 18 57 19 18 42 49 60 42 54 60 22 89 60 22 64 90 32 59 240 -18 69 72 42 44 156 -13 69 72 52 24 156 42 49 162 32 59 60 42 44 18 42 54 144 47 34 192 42 49 150 2 64 42 22 79 156 -28 74 72 -3 84 156 57 19 144 57 19 96 57 4 162 -33 59 96 52 39 144 52 39 90 7 69 90 32 79 60 17 79 96 47 54 60 -53 44 60 -23 39 132 -48 74 144 47 59 84 2 59 66 27 69 96 42 64 72 42 59 162 7 84 192 52 44 84 52 44 60 37 69 120 52 49 72 52 39 42 27 64 192 52 49 96 57 24 318 32 59 72 42 64 66 -38 39 96 47 59 66 52 29 192 22 54 42 17 89 156 7 59 60 37 64 162 57 34 60 7 59 66 27 54 42 57 34 66 52 34 156 42 59 150 42 64 96 32 54 240 52 39 132 47 54 240 52 54 120 52 39 156 57 34 90 37 69 144 -48 79 144 27 89 42 32 74 84 57 39 66 42 64 36 57 39 72 47 64 96 27 59 60 37 74 84 57 39 90 52 59 72 52 59 90 57 44 84 57 34 36 -3 79 318 42 64 240 52 59 96 -48 84 144 47 59 342 -28 39 132 37 74 120 57 44 96 -43 44 90 17 59 60 57 29 192 17 64 66 57 34 162 27 74 102 22 69 132 -53 19 66 57 39 150 47 74 72 22 69 120 27 74 192 17 64 120 57 49 66 -33 94 102 -43 54 90 52 69 72 -53 74 120 52 69 102 -43 54 72 -43 44 84 22 84 84 52 64 132 2 99 72 47 69 132 52 64 318 32 74 156 -53 14 96 -13 94 132 47 74 318 -38 34 102 52 64 42 57 54 342 -33 39 102 17 64 84 17 94 192 52 69 150 32 74 162 -43 59 90 47 74 18 57 59 90 -33 84 342 -48 89 150 27 59 66 47 74 342 47 74 162 -23 89 72 -8 94 132 47 74 42 -8 69 144 57 64 90 47 79 90 57 59 120 -43 39 96 47 79 72 57 64 96 -23 94 84 52 74 60 7 74 132 27 79 102 37 79 42 -13 59 102 -38 64 162 52 74 342 -33 24 342 37 79 72 57 64 318 2 89 192 57 64 132 42 79 156 47 79 318 -48 34 84 57 59 36 57 64 342 57 79 102 32 84 36 -53 14 18 -53 99 90 -28 64 150 -53 109 102 -48 99 96 -48 114 90 32 79 150 42 79 240 -13 89 66 -48 94 144 -53 44 66 -48 94 102 52 79 318 17 94 72 -38 104 162 52 79 132 -53 109 192 -48 104 102 37 84 96 -53 94 162 57 69 18 -48 19 342 37 79 192 -53 14 72 -48 114 36 52 74 192 2 94 144 57 79 132 -48 84 102 -53 64 42 -48 94 156 -48 99 192 27 79 144 42 84 102 -43 94 90 57 84 162 -43 104 150 -33 59 60 -38 99 120 -43 69 18 -43 89 36 -53 114 72 -53 114 66 37 84 84 -53 24 18 -48 89 102 -53 79 132 -43 114 240 -53 99 132 37 84 72 32 84 96 52 84 84 -48 39 96 -48 99 240 -53 94 60 -33 64 156 52 89 102 -53 89 102 -43 109 192 57 84 144 57 79 60 57 79 66 12 94 150 -53 109 150 -13 69 96 -53 114 42 -53 104 66 -53 89 162 -48 104 66 -43 109 150 -48 99 18 42 84 66 -38 104 72 -53 114 342 37 84 342 52 79 240 -53 99 240 -48 24 342 -48 114 318 47 84 36 42 84 144 -53 104 132 47 84 66 -53 94 144 52 89 96 27 84 90 -28 39 120 -48 109 42 57 89 60 52 84 60 -53 19 96 57 99 36 -53 94 66 -38 84 72 -43 94 42 52 84 342 47 84 162 32 84 102 52 89 72 -48 109 132 -53 24 72 27 84 84 47 84 132 -53 54 66 -3 94 150 -53 14 342 -3 69 102 -48 89 240 57 104 72 57 69 240 -43 89 42 -38 89 66 -23 99 150 2 74 144 -48 84 96 -23 94 156 37 84 42 22 89 96 57 114 18 52 89 42 32 84 120 42 84 150 42 84 36 -43 109 36 52 89 66 -38 89 240 57 84 156 -38 89 42 -38 84 42 37 84 150 57 94 156 -33 84 66 -38 109 102 -48 89 42 -48 84 84 -43 109 132 52 84 156 -3 99 72 57 94 60 -53 19 342 -33 104 36 -53 84 192 32 84 192 -3 99 162 -33 89 60 -38 109 60 27 89 66 47 89 72 -53 69 156 -33 114 42 -53 84 162 -38 99 60 42 89 96 52 99 120 -53 14 318 47 84 42 -43 84 18 -53 84 90 27 84 132 52 84 150 -18 69 96 -33 99 72 -33 99 84 -33 109 36 52 89 60 -33 104 156 32 89 96 -53 79 144 -33 109 162 52 99 84 -28 99 162 -38 84 60 -53 84 84 -33 104 90 -43 84 42 57 104 156 52 99 72 -23 99 90 7 99 66 -28 104 162 -48 34 102 -38 99 156 -38 74 240 47 94 120 -38 79 240 -48 84 66 -38 109 132 -28 94 72 -48 54 66 -48 84 240 -33 104 60 42 89 84 52 99 36 -33 109 192 -48 84 18 -38 109 66 42 89 120 -28 94 60 52 104 96 47 89 36 47 94 72 -38 104 18 -33 64 66 52 114 36 52 104 150 -48 69 102 -53 84 342 32 89 132 -18 99 162 -38 109 318 -38 109 18 52 99 66 -28 89 66 -48 84 60 2 79 36 -53 19 318 -53 84 240 -33 94 36 12 69 132 -28 109 36 -13 99 156 42 89 144 -3 84 318 -48 69 318 47 99 18 47 94 96 32 89 318 52 109 120 22 89 144 -48 79 84 -53 49 342 -33 104 132 22 94 162 -28 109 342 47 94 144 -48 69 96 -38 59 342 -28 104 120 37 89 150 17 99 66 42 94 84 -8 104 90 -53 54 18 -28 109 90 47 99 72 -28 99 66 -33 104 150 -23 59 102 37 89 342 -28 114 90 52 109 42 52 104 240 47 94 318 -53 24 318 52 109 342 32 94 102 37 94 120 -53 74 162 52 114 318 47 104 84 -28 59 102 52 114 342 -53 79 36 52 109 66 -38 74 66 12 94 102 -53 59 84 7 114 90 -28 109 102 -28 104 96 32 94 84 32 94 66 42 99 120 -23 104 96 -28 109 66 -18 99 72 -48 74 90 47 94 60 27 94 120 -28 114 60 37 109 18 12 99 90 -23 99 66 -53 69 132 32 114 192 -33 114 318 32 94 132 32 94 120 47 114 144 -48 69 162 47 99 132 47 114 162 -48 74 72 47 109 84 2 109 162 7 114 36 -48 69 90 -23 114 72 -23 109 192 -3 114 60 -23 114 66 27 94 240 -18 104 18 -43 54 342 27 94 162 -23 109 66 -23 109 90 12 114 102 -53 79 318 -53 69 90 17 109 18 -8 104 102 32 109 36 32 109 192 -23 114 90 32 114 90 37 94 318 12 109 120 42 109 120 42 104 192 47 114 66 37 109 36 37 99 60 37 94 240 32 109 162 42 114 120 47 104 156 32 109 84 37 109 120 -38 64 342 22 94 132 -3 109 192 22 109 18 2 99 150 -33 104 318 32 104 240 -18 114 60 22 109 102 17 99 162 37 114 72 22 109 90 27 94 150 -23 114 144 32 104 66 42 109 60 17 109 72 22 104 240 -23 109 60 27 104 66 -18 109 342 -8 114 192 27 99 162 -18 114 18 12 109 192 47 109 42 22 109 240 -8 114 240 37 109 72 -53 59 102 42 114 342 17 114 120 47 99 60 42 109 318 32 109 102 -53 69 66 17 99 132 2 109 240 22 109 318 2 114 60 32 99 192 27 84 318 42 99 66 42 109 144 -23 109 240 -13 114 156 -13 114 240 42 114 42 42 104 132 17 104 156 12 104 240 -18 109 162 37 114 162 37 114 60 17 109 156 -18 99 192 37 104 318 42 109 66 -13 104 150 -13 114 42 12 99 60 27 109 318 -8 114 84 42 114 150 -53 74 318 -33 44 150 37 114 66 37 109 156 12 109 342 12 99 150 22 114 150 -8 114 96 37 114 318 -13 104 192 17 104 150 32 114 66 22 109 342 27 109 144 -18 109 156 37 104 132 17 104 342 22 104 156 12 104 192 32 114 132 32 114 150 2 109 342 22 114 156 -13 109 102 -3 114 342 -43 19 156 -3 109 60 22 114 132 17 114 150 2 104 150 -8 109 120 2 99 342 -33 74 60 -33 69 132 7 104 318 -53 69 318 37 114 150 -53 29 162 -33 39 132 -3 114 144 7 69 144 
28 4 1 3 pack_2 0.0384615 1 17 74 42 
29 4 1 3 pack_2 0.985724 748 -18 -6 156 17 -26 156 17 -31 162 -18 -16 156 22 -21 144 27 -21 342 -23 -11 162 7 -11 162 -13 -11 156 -13 -21 144 -3 -21 144 -13 -1 342 7 4 18 22 -21 342 -8 -16 156 22 -31 150 17 -31 144 -33 4 192 22 -21 132 -8 -16 192 22 -41 144 -13 -31 156 -8 4 36 17 -16 132 -8 -1 36 22 -16 162 22 -26 132 12 -61 162 -13 9 42 -8 -6 342 -23 -31 162 17 -61 156 -8 -6 36 -28 -16 162 7 -31 156 -8 -11 342 7 -41 162 -13 -41 150 -13 -26 162 -8 -31 156 22 -31 132 7 -31 132 -33 9 18 -43 -6 192 2 -26 162 -18 -41 156 12 -41 144 -18 -36 150 -33 -21 192 -13 -46 150 -8 -21 342 2 -31 318 -13 -26 342 -23 -31 156 12 -56 156 -23 -1 150 -8 -16 132 -3 -51 144 -3 -1 18 17 -21 342 2 -51 192 12 -61 156 -28 9 240 17 -76 150 -23 -11 60 27 -16 144 -13 -46 156 22 -21 120 17 -81 150 12 -36 132 -13 -21 42 -8 -21 132 2 -56 192 -8 -46 156 -33 -26 192 -23 -16 60 12 -11 342 -33 -6 240 -28 -16 192 -23 -1 192 17 -56 144 22 -46 342 -3 -11 36 2 -31 18 -13 -46 144 -13 -61 156 12 -81 150 -23 -21 60 -23 -6 192 22 -66 144 -38 -1 42 17 -31 342 7 -56 144 2 -56 132 27 -16 150 7 -31 192 -3 9 42 -33 -31 192 2 -51 150 -33 9 36 7 -51 318 2 -61 132 7 -66 156 17 4 18 27 -66 342 -13 -86 156 2 -46 156 2 -56 150 2 -36 18 7 -66 144 12 -81 144 2 -21 96 7 -56 318 7 -81 150 2 -6 240 -3 -36 162 -23 -41 156 -3 -1 120 7 -91 150 -3 -6 42 -8 -36 342 -23 -51 162 -33 -36 192 2 -51 156 12 -21 84 -43 4 42 22 -66 150 -28 -36 162 17 -41 120 12 -61 318 -8 -6 18 -38 4 66 -3 -51 156 2 -86 150 2 -41 90 22 -76 342 -13 -11 84 37 -26 318 27 -76 342 -33 -11 66 12 -66 318 -8 -36 132 7 -16 240 27 -56 318 17 -16 66 7 -76 132 7 -16 96 12 -26 72 -23 -31 150 -18 -11 84 12 -11 90 -23 -21 192 7 -21 96 -33 4 72 12 -21 66 -8 -11 18 -28 4 42 -33 -41 192 2 -66 162 22 -21 66 12 -76 132 17 -46 342 22 -26 66 -38 -1 66 2 -26 102 12 -31 90 -28 4 150 -13 -66 144 -13 -11 72 22 -31 66 2 -21 36 -8 -11 66 -33 -11 36 12 -16 60 -3 -51 162 7 -16 66 2 -86 156 -28 -1 150 -38 -6 60 -18 -26 60 -33 -1 72 2 -76 162 22 -16 60 -3 -31 84 27 -21 156 2 -91 156 22 -41 120 -13 -26 84 22 -41 66 -13 -6 102 -8 -66 162 -8 -26 102 -38 -21 42 17 -31 60 -23 -21 84 2 -11 66 22 -26 60 12 -46 72 7 -16 102 -23 -36 150 -23 -21 144 -23 -26 66 -18 -41 144 2 -91 162 -18 -16 72 17 -36 60 2 -16 60 -8 -6 60 -18 -6 96 7 -21 240 2 -1 42 -28 -21 240 -28 -21 84 -3 -61 162 17 -56 342 17 -51 72 17 -81 132 -18 -31 60 -3 -36 18 -8 -26 66 27 -31 150 32 -71 318 -13 -26 72 12 -11 102 27 -91 342 -28 -16 72 17 -1 192 -28 -16 90 17 -61 342 2 -26 72 2 -21 66 -8 -31 72 -18 -26 72 -38 4 72 -8 -81 192 -8 -56 342 -13 -51 342 7 -56 96 -38 14 162 -8 -41 96 -8 -36 72 -3 -31 60 2 -31 72 -23 -41 150 -18 -36 192 -3 -31 72 -13 -21 102 -43 9 60 -33 -31 18 7 -46 72 -18 -21 36 7 -56 84 7 -26 60 2 -51 342 -28 -16 96 -48 9 36 32 -76 318 -8 -61 342 -28 -56 192 -13 -36 72 12 -16 42 12 -41 60 -38 -16 60 7 -6 42 -23 -21 72 -33 -11 96 -43 4 240 22 -71 156 -3 -41 18 -3 -86 132 -8 -26 18 -13 -51 192 -13 -26 102 7 -71 120 7 -61 96 7 -31 60 -13 -46 84 -28 -31 90 12 -56 342 12 -6 36 2 -56 84 12 -76 120 -23 -26 72 22 -51 162 -28 -11 36 17 -51 60 -8 -36 60 2 -41 60 12 -51 66 -8 4 240 -18 -41 72 -18 -26 96 2 -66 342 -23 -16 36 12 -46 60 -18 14 132 2 -66 18 12 -81 120 -23 -46 84 22 -31 42 7 -46 66 27 -31 60 -28 -6 102 -13 -36 132 2 -41 66 -13 -91 144 -33 -6 102 -33 -26 96 2 -46 60 -13 -41 60 -33 -36 90 27 -16 42 -13 -41 36 -38 -1 102 2 -71 18 -13 -41 96 27 -36 60 2 -86 342 12 -76 342 -8 -36 120 2 -71 90 7 -81 120 12 -66 90 22 -21 36 22 -11 18 -38 -6 96 12 -81 342 -23 -51 84 -33 -36 60 22 -61 120 -43 -11 18 12 -71 84 2 -36 42 -3 -66 102 2 -81 96 -18 -51 192 2 -76 90 -33 -26 42 -3 -51 120 -48 -1 42 -38 -11 96 7 -66 342 12 -36 102 27 -46 132 -13 -81 192 -3 -56 60 2 -56 60 12 -76 84 17 -26 102 -8 -61 96 -13 -51 60 -18 -51 66 -3 -56 18 -13 -56 66 32 -11 120 7 -91 120 -38 -36 42 -8 -66 132 7 -81 342 -28 -6 144 32 -16 150 17 -76 66 -38 -6 90 -28 -46 60 27 -41 42 -18 -61 90 22 -81 66 7 -71 72 -28 -26 36 17 -71 60 2 -71 120 17 -51 42 7 -41 36 22 -41 36 17 -31 102 -23 -66 192 27 -51 132 -23 -61 90 -3 -51 42 -18 -56 60 -28 9 132 -13 -56 60 27 -46 150 37 -31 342 22 -16 102 -23 -61 150 -28 -61 84 7 -86 96 -28 -56 90 -23 -36 42 -48 4 60 -8 4 318 -33 -36 102 -23 -76 192 -18 -41 132 12 -41 192 -48 -6 36 -13 -56 120 -8 -56 42 17 -66 84 -23 -36 18 17 -81 60 12 -41 240 -23 -1 132 -33 -46 60 -13 -61 96 -23 -16 342 22 -81 120 12 -76 60 27 -41 156 12 -51 102 27 -6 18 -48 -1 240 27 -26 72 -43 -1 72 -48 -1 18 27 -56 132 32 -66 342 -23 -91 192 27 -61 60 2 -86 102 -3 -56 42 7 -86 72 -23 -61 96 -43 -21 18 -28 -36 42 -28 -46 102 12 -81 60 -33 14 144 -3 -76 60 -48 -26 192 -23 -71 90 7 -81 66 -8 -71 36 -18 -31 18 -38 -21 162 32 -11 36 2 -36 240 12 -51 36 -8 -51 18 -28 -61 96 37 -56 318 -28 -41 240 27 -51 66 2 -86 60 -18 -66 72 -33 -46 102 -43 9 120 -38 14 144 12 -86 60 -13 -71 42 -23 -21 132 7 -71 102 -33 -6 150 -38 -46 102 -13 -66 102 -3 -61 36 -3 -86 72 -8 -81 102 32 -71 342 -18 -56 102 2 -81 66 -3 -96 18 17 -41 102 -13 -71 96 -23 -81 90 -18 -46 36 -48 14 162 -33 -51 162 -8 -86 84 -3 -61 42 -13 -81 90 -23 -31 132 -48 -6 240 17 -36 240 -33 -1 132 -28 -61 60 -38 -11 84 -23 -46 42 -28 -56 66 22 -16 96 -43 -6 72 -43 -16 102 -18 -36 18 -23 -36 132 -33 -66 90 -23 -81 84 -18 -61 42 -33 -46 66 -13 -81 36 -13 -76 96 32 -6 18 -33 -16 150 -43 -11 66 -23 -76 96 -23 -51 18 -48 14 156 17 -41 96 12 -71 18 12 -76 42 -48 4 72 -18 -56 132 -38 -51 42 7 -66 42 -43 9 162 -23 -56 102 17 -81 84 17 -76 42 22 -21 90 22 -21 240 -23 -56 18 -8 -66 18 -43 14 144 -28 -56 72 -13 -71 60 -23 -46 36 -38 -46 18 17 -26 192 37 -11 132 7 -81 102 2 -66 42 -53 -1 42 -3 -66 42 -28 -26 120 37 -11 144 -38 4 132 -48 14 144 -18 -86 144 32 -36 42 42 -1 60 -3 -36 318 -33 -71 36 32 -1 240 -8 -91 132 -18 -81 72 -28 -86 18 32 -16 72 -23 -66 18 -43 -11 120 -3 -71 36 37 -11 60 -13 -76 120 32 -36 132 -43 -1 84 -23 -81 60 -28 -71 60 -13 -71 132 -8 -81 18 -18 -46 18 27 -61 36 27 -6 192 -38 -6 156 7 -91 192 -53 4 102 -38 -61 42 -33 -16 144 7 -76 42 -23 -36 240 -38 -36 162 27 -51 72 42 -36 318 -8 -76 120 -43 -16 120 -8 -76 42 -38 -31 72 27 -76 42 22 -76 36 -33 -21 120 -8 -96 132 17 -76 36 -38 -41 66 -33 -51 156 -18 -66 120 2 -51 240 -38 -11 156 -28 -66 150 -43 4 156 -53 -16 192 -33 -61 42 32 -21 72 -53 9 144 27 -86 60 32 -86 342 -3 -76 36 52 -1 72 37 -16 144 -38 -46 90 47 -1 162 27 -46 162 -33 -61 84 42 -6 60 -33 -26 132 -28 -76 156 -33 -31 144 27 -56 72 -43 -6 132 -33 -81 18 32 -41 144 -18 -96 144 -38 -51 60 -48 -16 18 -28 -66 42 -13 -86 60 22 -86 36 -43 -26 96 -28 -81 102 57 -1 96 -28 -81 60 17 -51 240 -28 -71 42 -3 -76 42 -23 -41 240 -28 -76 36 -18 -26 240 -23 -81 102 -43 -6 162 -3 -81 36 -28 -61 144 -28 -86 102 -43 -76 192 2 -81 42 37 -6 84 -38 -21 150 -28 -86 36 37 -21 36 2 -76 36 -38 -16 132 27 -61 72 42 -6 84 -38 -86 42 -23 -86 36 47 -6 60 -33 -91 60 27 -76 150 -43 -31 96 -43 -21 90 -48 -6 132 -53 -21 192 47 -6 342 -23 -96 42 47 -6 96 -38 -21 132 42 -6 162 -33 -96 240 52 -6 72 -43 -11 84 37 -26 42 32 -41 66 52 -6 60 42 -6 150 -33 -96 42 37 -16 150 42 -6 156 -48 -1 144 52 -6 96 -8 -26 240 37 -16 72 47 -6 150 -48 -31 42 -18 -81 18 -33 -101 240 -43 -51 102 -38 -96 36 -38 -26 132 57 -6 42 -18 -76 342 -43 -11 156 42 -11 66 32 -36 156 37 -86 318 37 -56 342 37 -16 18 -53 -1 162 -33 -71 84 -38 -51 162 -23 -101 60 -33 -46 132 17 -41 192 -38 -66 60 22 -66 18 -28 -71 240 -38 -31 132 -38 -101 36 -13 -91 132 32 -41 120 -53 -11 240 -43 -16 162 -43 -86 192 -43 -41 240 32 -61 42 37 -11 90 57 -6 156 -8 -21 318 37 -26 132 47 -11 60 37 -11 102 -18 -101 18 -48 -46 192 -33 -51 120 47 -11 66 12 -101 18 47 -11 36 -23 -76 120 37 -91 318 -48 -31 120 -43 -41 18 47 -11 120 -33 -56 144 52 -11 60 37 -21 72 37 -26 66 -38 -46 144 32 -61 60 42 -11 150 -38 -56 162 37 -61 342 -43 -91 192 32 -16 90 -3 -56 318 57 -11 42 32 -41 72 42 -16 66 -53 -6 150 27 -76 120 -23 -56 240 27 -61 162 57 -11 90 -23 -76 132 52 -11 132 52 -11 150 -33 -86 162 57 -11 120 -43 -41 60 -48 -16 72 -23 -86 120 -3 -96 42 22 -76 18 -48 -31 132 -38 -66 90 -43 -31 144 57 -11 150 -38 -46 132 -53 -31 192 -38 -46 156 -48 -16 144 37 -26 72 27 -81 120 37 -16 162 
30 4 1 3 pack_2 0.914286 480 -43 -36 150 32 -26 84 37 -21 156 52 -16 36 52 -16 60 27 -81 156 -8 -41 240 -43 -101 192 -53 -21 132 -48 -21 144 -38 -71 66 32 -71 60 -43 -66 36 27 -86 120 -28 -101 66 -38 -71 90 -8 -31 318 -33 -96 162 32 -21 192 42 -26 36 37 -36 132 -43 -36 72 57 -16 162 -48 -51 120 -43 -46 144 47 -21 42 32 -56 150 37 -21 90 47 -21 60 47 -21 36 42 -21 240 -48 -31 96 42 -61 318 -48 -11 342 57 -16 192 -38 -56 84 -43 -56 240 -3 -71 318 37 -21 192 47 -21 342 -3 -76 240 27 -91 72 47 -21 120 32 -66 144 47 -21 102 -38 -76 90 52 -21 318 32 -56 72 32 -46 18 47 -21 144 -18 -51 240 22 -66 90 -33 -81 120 57 -21 66 -48 -36 18 57 -21 84 57 -21 18 -48 -31 66 42 -31 36 -53 -16 72 -8 -36 318 -43 -41 162 32 -81 60 52 -21 156 47 -26 36 57 -21 132 32 -31 240 57 -21 156 22 -66 102 32 -71 144 42 -26 90 -48 -16 342 37 -26 96 -28 -36 318 47 -26 90 42 -26 102 32 -56 156 27 -36 192 -53 -21 162 -48 -46 240 52 -26 90 27 -46 240 42 -31 66 52 -26 342 -38 -66 84 52 -26 102 57 -26 18 -53 -31 240 57 -26 84 -48 -31 72 52 -26 162 -53 -21 72 37 -31 240 22 -66 96 32 -76 144 57 -26 144 32 -36 240 -33 -101 156 -53 -26 156 47 -31 60 -48 -61 132 47 -31 66 47 -31 18 32 -51 162 37 -61 36 47 -31 240 -53 -21 84 32 -61 156 -38 -81 150 27 -41 192 -53 -26 162 -28 -41 318 -38 -76 72 -48 -26 84 -43 -56 66 -33 -31 318 57 -31 42 -43 -101 42 47 -31 102 -48 -51 144 -23 -91 240 32 -41 102 32 -81 144 42 -41 60 -53 -36 240 42 -36 18 37 -36 240 -43 -81 240 57 -31 102 32 -86 66 42 -46 42 52 -31 192 -23 -71 342 -38 -91 132 -38 -81 72 -48 -71 120 57 -31 150 -38 -91 162 -48 -41 162 47 -36 240 32 -76 120 32 -76 150 -43 -86 132 37 -36 102 -43 -26 342 -43 -76 60 22 -86 90 52 -36 18 22 -76 96 -8 -51 318 42 -41 66 42 -46 60 27 -61 240 42 -36 150 52 -36 120 52 -36 144 37 -76 42 -48 -61 240 -38 -101 150 42 -86 318 -43 -76 150 -48 -61 144 47 -41 60 22 -91 90 32 -81 150 57 -36 162 27 -76 84 -53 -36 162 47 -41 18 32 -71 18 57 -36 150 47 -56 318 47 -41 66 42 -41 90 52 -41 318 17 -86 192 -38 -31 342 -48 -51 156 -53 -36 66 -48 -36 84 37 -46 156 -38 -91 156 52 -41 240 42 -51 60 42 -46 66 42 -41 144 -48 -71 102 32 -51 102 57 -41 72 -48 -51 90 -48 -81 132 52 -41 120 37 -61 132 -48 -61 60 -43 -66 72 32 -76 18 32 -86 150 -43 -61 84 -38 -96 156 -53 -41 162 27 -61 96 -28 -56 318 17 -91 192 -53 -31 318 52 -46 36 57 -41 156 37 -46 84 -53 -56 102 22 -101 90 37 -71 66 42 -46 96 37 -46 102 -48 -91 120 -48 -56 66 57 -46 60 -43 -96 60 -48 -41 84 -48 -66 96 37 -51 156 52 -46 240 -48 -71 144 42 -46 102 32 -61 84 47 -46 102 -23 -56 318 -43 -81 156 52 -46 120 -43 -81 90 47 -46 132 -43 -96 150 -18 -91 240 52 -46 162 47 -46 156 47 -51 60 52 -46 192 57 -46 120 32 -61 240 32 -96 120 47 -51 240 52 -51 60 -48 -71 60 -48 -61 66 -53 -56 150 42 -66 42 52 -51 66 -43 -91 18 -13 -46 318 32 -61 102 27 -91 84 -53 -41 84 42 -56 66 37 -56 156 37 -86 60 57 -51 318 42 -51 192 32 -56 90 42 -66 36 37 -71 132 27 -66 192 52 -51 96 32 -66 240 -53 -51 162 47 -71 318 22 -101 96 47 -56 60 57 -51 120 -48 -66 66 32 -101 150 57 -51 144 -28 -71 342 57 -51 192 47 -56 72 37 -56 84 52 -56 66 57 -56 36 -43 -36 318 -48 -66 162 37 -71 120 42 -61 66 -53 -46 84 57 -56 66 42 -71 36 52 -56 84 27 -76 96 42 -56 132 57 -56 342 57 -56 84 -48 -71 66 57 -56 96 47 -61 36 57 -56 120 -48 -91 240 -13 -56 318 37 -61 84 -48 -96 42 52 -61 72 -53 -61 96 27 -96 240 42 -66 18 52 -61 84 57 -61 342 -53 -76 144 57 -61 90 27 -96 102 47 -61 192 -53 -61 60 -28 -81 342 -53 -66 156 52 -61 162 42 -91 342 52 -66 36 52 -61 150 47 -61 156 52 -66 60 57 -61 162 32 -76 102 -48 -91 60 27 -81 192 -53 -56 72 -48 -81 66 57 -66 60 -48 -91 150 -43 -56 342 37 -66 96 52 -66 342 47 -66 90 37 -66 162 42 -66 192 -48 -96 36 -43 -101 162 -53 -91 120 57 -66 90 -48 -106 42 -48 -86 156 47 -71 60 -48 -96 60 52 -71 318 37 -71 192 47 -71 72 -43 -91 84 32 -86 84 -53 -86 144 37 -101 66 -43 -61 342 -33 -76 318 -48 -91 156 32 -76 90 -53 -101 132 47 -71 120 -53 -71 162 42 -71 132 -53 -71 60 52 -71 102 52 -71 120 42 -71 150 57 -71 120 52 -76 60 52 -76 318 37 -76 192 57 -76 42 52 -76 18 52 -76 66 52 -71 156 42 -106 342 52 -76 240 42 -81 66 42 -76 90 -53 -76 96 57 -76 18 37 -96 72 -48 -111 36 -48 -96 66 27 -101 96 57 -76 240 42 -76 144 47 -76 102 57 -76 90 -48 -91 18 -13 -76 318 -43 -101 84 37 -96 120 52 -81 318 42 -76 156 -48 -91 90 57 -81 42 57 -76 192 47 -81 72 57 -81 60 52 -81 66 52 -76 156 -48 -76 84 -53 -71 72 -48 -101 66 52 -81 342 47 -86 42 57 -81 72 52 -81 90 42 -81 102 42 -81 132 57 -81 84 57 -81 90 42 -86 240 37 -96 150 52 -81 144 47 -86 66 52 -81 150 -33 -76 342 57 -81 162 57 -86 318 -48 -76 342 57 -81 150 52 -81 156 -53 -91 240 -48 -96 72 -53 -86 162 -48 -101 18 42 -91 240 52 -86 96 42 -86 162 -13 -86 318 52 -91 36 37 -91 192 52 -91 60 47 -86 150 42 -96 18 42 -96 66 37 -91 90 32 -96 96 -33 -81 342 -53 -96 240 -43 -81 342 47 -91 192 57 -91 96 47 -91 132 47 -96 66 -43 -76 318 52 -91 192 42 -91 156 42 -96 120 47 -101 42 57 -96 60 57 -91 192 -53 -101 240 52 -96 342 52 -91 156 57 -96 66 -53 -101 42 57 -96 240 47 -96 102 -53 -106 156 57 -96 90 -18 -91 318 42 -106 66 52 -101 318 37 -101 84 42 -101 90 52 -101 66 47 -101 84 57 -96 162 42 -101 102 -53 -101 36 42 -101 144 -43 -91 342 47 -101 120 57 -101 72 47 -101 192 57 -101 240 52 -101 96 37 -106 96 57 -106 42 57 -101 162 47 -106 144 57 -106 240 57 -106 90 52 -111 90 57 -111 240 57 -106 132 -38 -101 318 -53 -96 318 -33 -106 342 
31 4 1 3 pack_2 0.130435 1 -28 -96 318 
32 4 1 3 pack_2 0.388489 9 -53 -6 90 -48 -31 18 -48 4 342 -48 4 84 -43 -16 342 -43 -11 342 -53 4 84 -23 -26 318 -48 -46 36 
33 4 1 3 pack_2 0.0384615 1 -48 -101 318 
34 4 1 3 pack_2 0.0271493 1 -48 -111 84 
35 4 1 3 pack_2 0.950495 16 12 69 162 17 64 156 22 64 156 -18 64 90 -28 64 90 -8 64 72 -3 64 72 -8 64 66 32 64 342 -13 69 150 27 64 342 7 64 162 -23 69 156 -8 69 36 -23 69 162 22 64 342 
36 4 1 3 pack_2 0.545455 1 2 9 72 
37 4 1 3 pack_2 0.269663 4 2 64 96 2 79 240 -13 64 162 -3 59 240 
38 4 1 3 pack_2 0.0176896 11 -23 94 42 -8 104 66 -18 99 42 -13 94 66 -23 89 60 -33 84 36 -23 84 60 -18 109 318 -53 24 156 17 109 42 2 109 72 
39 4 1 3 pack_2 0.375 4 -43 44 156 -8 104 60 -28 104 342 2 109 60 
40 4 1 3 pack_2 0.285714 1 -3 99 36 
41 4 1 3 pack_2 1 5 7 99 60 2 104 72 -13 99 318 -18 104 318 -13 99 342 
42 4 1 3 pack_2 1 7 -3 104 72 2 94 342 -8 99 18 7 99 18 12 99 18 2 99 66 -3 104 60 
43 4 1 3 pack_2 0.915254 9 -8 89 60 -23 79 240 -38 74 18 -43 69 60 -48 59 162 -43 59 240 -48 39 156 -53 39 150 -38 -6 342 
44 4 1 3 pack_2 1 2 -43 19 162 -43 34 162 
45 4 1 3 pack_2 0.197531 8 -3 99 66 -33 74 36 2 99 42 -13 94 18 -38 59 156 -23 89 36 -8 89 36 -13 79 36 
46 4 1 3 pack_2 0.683544 9 -8 89 42 2 74 150 -38 29 144 17 74 318 -33 74 18 -38 29 150 -23 94 342 -38 64 132 -38 34 144 
47 4 1 3 pack_2 1 4 2 99 60 -3 94 60 2 94 240 -3 89 240 
48 4 1 3 pack_2 1 10 -48 59 144 -53 34 132 -48 64 150 -53 34 120 -48 64 120 -53 49 132 -38 59 318 -38 19 318 -38 69 18 -13 79 42 
49 4 1 3 pack_2 0.545455 1 -33 24 150 
50 4 1 3 pack_2 0.977376 36 -13 59 318 2 69 156 -33 59 150 -38 59 36 12 69 342 -33 69 18 -23 79 162 -38 34 132 -43 39 150 -33 64 240 2 74 18 -13 69 162 -23 64 96 -48 34 132 12 74 318 -13 74 42 -33 -1 318 -33 64 120 -43 44 132 -23 69 192 -28 4 318 -33 24 144 -8 69 162 -43 39 132 -33 64 132 -18 4 318 -33 34 120 -38 24 144 -38 64 144 -18 64 120 -33 49 120 -18 64 318 -8 64 102 -18 74 42 -33 44 120 -18 74 36 
51 4 1 3 pack_2 1 5 -23 74 192 12 74 342 -18 74 192 -13 74 18 -18 79 42 
52 4 1 3 pack_2 0.166667 1 -8 89 192 
