10 42 4
0 0 -1 266 2 39 -1 -1 -1 -1 -1 2 96 
1 1 0 0 0 0 0 0 0 0 0 0 0 
2 1 -1 75 2 11 -1 -1 -1 -1 -1 1 13315 
3 2 0 0 0 0 0 0 0 0 0 0 0 
4 2 0 0 0 0 0 0 0 0 0 0 0 
5 2 -1 221 2 10 -1 -1 -1 -1 -1 2 12148 
6 2 41 0 0 0 0 0 0 0 0 0 0 
7 3 0 0 0 0 0 0 0 0 0 0 0 
8 3 0 0 0 0 0 0 0 0 0 0 0 
9 3 0 0 0 0 0 0 0 0 0 0 0 
10 3 0 0 0 0 0 0 0 0 0 0 0 
11 3 -1 272 4 18 -1 -1 -1 -1 -1 0 6369 
12 3 -1 104 2 27 -1 -1 -1 -1 -1 1 1195 
13 3 0 0 0 0 0 0 0 0 0 0 0 
14 3 0 0 0 0 0 0 0 0 0 0 0 
15 4 0 0 0 0 0 0 0 0 0 0 0 
16 4 0 0 0 0 0 0 0 0 0 0 0 
17 4 0 0 0 0 0 0 0 0 0 0 0 
18 4 0 0 0 0 0 0 0 0 0 0 0 
19 4 0 0 0 0 0 0 0 0 0 0 0 
20 4 0 0 0 0 0 0 0 0 0 0 0 
21 4 0 0 0 0 0 0 0 0 0 0 0 
22 4 0 0 0 0 0 0 0 0 0 0 0 
23 4 1 0 0 0 0 0 0 0 0 0 0 
24 4 -1 322 4 34 -1 -1 -1 -1 -1 3 1 
25 4 -1 15 3 20 -1 -1 -1 -1 -1 2 -76 
26 4 -1 145 2 13 -1 -1 -1 -1 -1 3 1039 
27 4 0 0 0 0 0 0 0 0 0 0 0 
28 4 0 0 0 0 0 0 0 0 0 0 0 
29 4 0 0 0 0 0 0 0 0 0 0 0 
30 4 0 0 0 0 0 0 0 0 0 0 0 
31 5 0 0 0 0 0 0 0 0 0 0 0 
32 5 0 0 0 0 0 0 0 0 0 0 0 
33 5 0 0 0 0 0 0 0 0 0 0 0 
34 5 0 0 0 0 0 0 0 0 0 0 0 
35 5 0 0 0 0 0 0 0 0 0 0 0 
36 5 0 0 0 0 0 0 0 0 0 0 0 
37 5 0 0 0 0 0 0 0 0 0 0 0 
38 5 0 0 0 0 0 0 0 0 0 0 0 
39 5 0 0 0 0 0 0 0 0 0 0 0 
40 5 0 0 0 0 0 0 0 0 0 0 0 
41 5 0 0 0 0 0 0 0 0 0 0 0 
42 5 0 0 0 0 0 0 0 0 0 0 0 
43 5 0 0 0 0 0 0 0 0 0 0 0 
44 5 0 0 0 0 0 0 0 0 0 0 0 
45 5 0 0 0 0 0 0 0 0 0 0 0 
46 5 0 0 0 0 0 0 0 0 0 0 0 
47 5 0 0 0 0 0 0 0 0 0 0 0 
48 5 0 0 0 0 0 0 0 0 0 0 0 
49 5 2 0 0 0 0 0 0 0 0 0 0 
50 5 -1 176 2 12 -1 -1 -1 -1 -1 0 3011 
51 5 20 0 0 0 0 0 0 0 0 0 0 
52 5 -1 170 4 27 -1 -1 -1 -1 -1 3 1730 
53 5 -1 103 4 29 -1 -1 -1 -1 -1 3 137 
54 5 -1 280 2 14 -1 -1 -1 -1 -1 0 6837 
55 5 0 0 0 0 0 0 0 0 0 0 0 
56 5 0 0 0 0 0 0 0 0 0 0 0 
57 5 0 0 0 0 0 0 0 0 0 0 0 
58 5 0 0 0 0 0 0 0 0 0 0 0 
59 5 0 0 0 0 0 0 0 0 0 0 0 
60 5 0 0 0 0 0 0 0 0 0 0 0 
61 5 0 0 0 0 0 0 0 0 0 0 0 
62 5 0 0 0 0 0 0 0 0 0 0 0 
63 6 0 0 0 0 0 0 0 0 0 0 0 
64 6 0 0 0 0 0 0 0 0 0 0 0 
65 6 0 0 0 0 0 0 0 0 0 0 0 
66 6 0 0 0 0 0 0 0 0 0 0 0 
67 6 0 0 0 0 0 0 0 0 0 0 0 
68 6 0 0 0 0 0 0 0 0 0 0 0 
69 6 0 0 0 0 0 0 0 0 0 0 0 
70 6 0 0 0 0 0 0 0 0 0 0 0 
71 6 0 0 0 0 0 0 0 0 0 0 0 
72 6 0 0 0 0 0 0 0 0 0 0 0 
73 6 0 0 0 0 0 0 0 0 0 0 0 
74 6 0 0 0 0 0 0 0 0 0 0 0 
75 6 0 0 0 0 0 0 0 0 0 0 0 
76 6 0 0 0 0 0 0 0 0 0 0 0 
77 6 0 0 0 0 0 0 0 0 0 0 0 
78 6 0 0 0 0 0 0 0 0 0 0 0 
79 6 0 0 0 0 0 0 0 0 0 0 0 
80 6 0 0 0 0 0 0 0 0 0 0 0 
81 6 0 0 0 0 0 0 0 0 0 0 0 
82 6 0 0 0 0 0 0 0 0 0 0 0 
83 6 0 0 0 0 0 0 0 0 0 0 0 
84 6 0 0 0 0 0 0 0 0 0 0 0 
85 6 0 0 0 0 0 0 0 0 0 0 0 
86 6 0 0 0 0 0 0 0 0 0 0 0 
87 6 0 0 0 0 0 0 0 0 0 0 0 
88 6 0 0 0 0 0 0 0 0 0 0 0 
89 6 0 0 0 0 0 0 0 0 0 0 0 
90 6 0 0 0 0 0 0 0 0 0 0 0 
91 6 0 0 0 0 0 0 0 0 0 0 0 
92 6 0 0 0 0 0 0 0 0 0 0 0 
93 6 0 0 0 0 0 0 0 0 0 0 0 
94 6 0 0 0 0 0 0 0 0 0 0 0 
95 6 0 0 0 0 0 0 0 0 0 0 0 
96 6 0 0 0 0 0 0 0 0 0 0 0 
97 6 0 0 0 0 0 0 0 0 0 0 0 
98 6 0 0 0 0 0 0 0 0 0 0 0 
99 6 0 0 0 0 0 0 0 0 0 0 0 
100 6 0 0 0 0 0 0 0 0 0 0 0 
101 6 -1 295 1 14 -1 -1 -1 -1 -1 1 56 
102 6 -1 41 1 32 -1 -1 -1 -1 -1 3 8 
103 6 0 0 0 0 0 0 0 0 0 0 0 
104 6 0 0 0 0 0 0 0 0 0 0 0 
105 6 -1 237 4 10 -1 -1 -1 -1 -1 1 17263 
106 6 28 0 0 0 0 0 0 0 0 0 0 
107 6 29 0 0 0 0 0 0 0 0 0 0 
108 6 -1 219 2 23 -1 -1 -1 -1 -1 1 1780 
109 6 34 0 0 0 0 0 0 0 0 0 0 
110 6 -1 331 4 35 -1 -1 -1 -1 -1 3 270 
111 6 0 0 0 0 0 0 0 0 0 0 0 
112 6 0 0 0 0 0 0 0 0 0 0 0 
113 6 0 0 0 0 0 0 0 0 0 0 0 
114 6 0 0 0 0 0 0 0 0 0 0 0 
115 6 0 0 0 0 0 0 0 0 0 0 0 
116 6 0 0 0 0 0 0 0 0 0 0 0 
117 6 0 0 0 0 0 0 0 0 0 0 0 
118 6 0 0 0 0 0 0 0 0 0 0 0 
119 6 0 0 0 0 0 0 0 0 0 0 0 
120 6 0 0 0 0 0 0 0 0 0 0 0 
121 6 0 0 0 0 0 0 0 0 0 0 0 
122 6 0 0 0 0 0 0 0 0 0 0 0 
123 6 0 0 0 0 0 0 0 0 0 0 0 
124 6 0 0 0 0 0 0 0 0 0 0 0 
125 6 0 0 0 0 0 0 0 0 0 0 0 
126 6 0 0 0 0 0 0 0 0 0 0 0 
127 7 0 0 0 0 0 0 0 0 0 0 0 
128 7 0 0 0 0 0 0 0 0 0 0 0 
129 7 0 0 0 0 0 0 0 0 0 0 0 
130 7 0 0 0 0 0 0 0 0 0 0 0 
131 7 0 0 0 0 0 0 0 0 0 0 0 
132 7 0 0 0 0 0 0 0 0 0 0 0 
133 7 0 0 0 0 0 0 0 0 0 0 0 
134 7 0 0 0 0 0 0 0 0 0 0 0 
135 7 0 0 0 0 0 0 0 0 0 0 0 
136 7 0 0 0 0 0 0 0 0 0 0 0 
137 7 0 0 0 0 0 0 0 0 0 0 0 
138 7 0 0 0 0 0 0 0 0 0 0 0 
139 7 0 0 0 0 0 0 0 0 0 0 0 
140 7 0 0 0 0 0 0 0 0 0 0 0 
141 7 0 0 0 0 0 0 0 0 0 0 0 
142 7 0 0 0 0 0 0 0 0 0 0 0 
143 7 0 0 0 0 0 0 0 0 0 0 0 
144 7 0 0 0 0 0 0 0 0 0 0 0 
145 7 0 0 0 0 0 0 0 0 0 0 0 
146 7 0 0 0 0 0 0 0 0 0 0 0 
147 7 0 0 0 0 0 0 0 0 0 0 0 
148 7 0 0 0 0 0 0 0 0 0 0 0 
149 7 0 0 0 0 0 0 0 0 0 0 0 
150 7 0 0 0 0 0 0 0 0 0 0 0 
151 7 0 0 0 0 0 0 0 0 0 0 0 
152 7 0 0 0 0 0 0 0 0 0 0 0 
153 7 0 0 0 0 0 0 0 0 0 0 0 
154 7 0 0 0 0 0 0 0 0 0 0 0 
155 7 0 0 0 0 0 0 0 0 0 0 0 
156 7 0 0 0 0 0 0 0 0 0 0 0 
157 7 0 0 0 0 0 0 0 0 0 0 0 
158 7 0 0 0 0 0 0 0 0 0 0 0 
159 7 0 0 0 0 0 0 0 0 0 0 0 
160 7 0 0 0 0 0 0 0 0 0 0 0 
161 7 0 0 0 0 0 0 0 0 0 0 0 
162 7 0 0 0 0 0 0 0 0 0 0 0 
163 7 0 0 0 0 0 0 0 0 0 0 0 
164 7 0 0 0 0 0 0 0 0 0 0 0 
165 7 0 0 0 0 0 0 0 0 0 0 0 
166 7 0 0 0 0 0 0 0 0 0 0 0 
167 7 0 0 0 0 0 0 0 0 0 0 0 
168 7 0 0 0 0 0 0 0 0 0 0 0 
169 7 0 0 0 0 0 0 0 0 0 0 0 
170 7 0 0 0 0 0 0 0 0 0 0 0 
171 7 0 0 0 0 0 0 0 0 0 0 0 
172 7 0 0 0 0 0 0 0 0 0 0 0 
173 7 0 0 0 0 0 0 0 0 0 0 0 
174 7 0 0 0 0 0 0 0 0 0 0 0 
175 7 0 0 0 0 0 0 0 0 0 0 0 
176 7 0 0 0 0 0 0 0 0 0 0 0 
177 7 0 0 0 0 0 0 0 0 0 0 0 
178 7 0 0 0 0 0 0 0 0 0 0 0 
179 7 0 0 0 0 0 0 0 0 0 0 0 
180 7 0 0 0 0 0 0 0 0 0 0 0 
181 7 0 0 0 0 0 0 0 0 0 0 0 
182 7 0 0 0 0 0 0 0 0 0 0 0 
183 7 0 0 0 0 0 0 0 0 0 0 0 
184 7 0 0 0 0 0 0 0 0 0 0 0 
185 7 0 0 0 0 0 0 0 0 0 0 0 
186 7 0 0 0 0 0 0 0 0 0 0 0 
187 7 0 0 0 0 0 0 0 0 0 0 0 
188 7 0 0 0 0 0 0 0 0 0 0 0 
189 7 0 0 0 0 0 0 0 0 0 0 0 
190 7 0 0 0 0 0 0 0 0 0 0 0 
191 7 0 0 0 0 0 0 0 0 0 0 0 
192 7 0 0 0 0 0 0 0 0 0 0 0 
193 7 0 0 0 0 0 0 0 0 0 0 0 
194 7 0 0 0 0 0 0 0 0 0 0 0 
195 7 0 0 0 0 0 0 0 0 0 0 0 
196 7 0 0 0 0 0 0 0 0 0 0 0 
197 7 0 0 0 0 0 0 0 0 0 0 0 
198 7 0 0 0 0 0 0 0 0 0 0 0 
199 7 0 0 0 0 0 0 0 0 0 0 0 
200 7 0 0 0 0 0 0 0 0 0 0 0 
201 7 0 0 0 0 0 0 0 0 0 0 0 
202 7 0 0 0 0 0 0 0 0 0 0 0 
203 7 -1 224 3 30 -1 -1 -1 -1 -1 0 21 
204 7 10 0 0 0 0 0 0 0 0 0 0 
205 7 -1 219 4 14 -1 -1 -1 -1 -1 3 2215 
206 7 -1 82 4 34 -1 -1 -1 -1 -1 3 1557 
207 7 0 0 0 0 0 0 0 0 0 0 0 
208 7 0 0 0 0 0 0 0 0 0 0 0 
209 7 0 0 0 0 0 0 0 0 0 0 0 
210 7 0 0 0 0 0 0 0 0 0 0 0 
211 7 -1 294 4 17 -1 -1 -1 -1 -1 0 6273 
212 7 27 0 0 0 0 0 0 0 0 0 0 
213 7 0 0 0 0 0 0 0 0 0 0 0 
214 7 0 0 0 0 0 0 0 0 0 0 0 
215 7 0 0 0 0 0 0 0 0 0 0 0 
216 7 0 0 0 0 0 0 0 0 0 0 0 
217 7 -1 297 2 12 -1 -1 -1 -1 -1 0 9417 
218 7 33 0 0 0 0 0 0 0 0 0 0 
219 7 0 0 0 0 0 0 0 0 0 0 0 
220 7 0 0 0 0 0 0 0 0 0 0 0 
221 7 -1 151 1 25 -1 -1 -1 -1 -1 3 5 
222 7 40 0 0 0 0 0 0 0 0 0 0 
223 7 0 0 0 0 0 0 0 0 0 0 0 
224 7 0 0 0 0 0 0 0 0 0 0 0 
225 7 0 0 0 0 0 0 0 0 0 0 0 
226 7 0 0 0 0 0 0 0 0 0 0 0 
227 7 0 0 0 0 0 0 0 0 0 0 0 
228 7 0 0 0 0 0 0 0 0 0 0 0 
229 7 0 0 0 0 0 0 0 0 0 0 0 
230 7 0 0 0 0 0 0 0 0 0 0 0 
231 7 0 0 0 0 0 0 0 0 0 0 0 
232 7 0 0 0 0 0 0 0 0 0 0 0 
233 7 0 0 0 0 0 0 0 0 0 0 0 
234 7 0 0 0 0 0 0 0 0 0 0 0 
235 7 0 0 0 0 0 0 0 0 0 0 0 
236 7 0 0 0 0 0 0 0 0 0 0 0 
237 7 0 0 0 0 0 0 0 0 0 0 0 
238 7 0 0 0 0 0 0 0 0 0 0 0 
239 7 0 0 0 0 0 0 0 0 0 0 0 
240 7 0 0 0 0 0 0 0 0 0 0 0 
241 7 0 0 0 0 0 0 0 0 0 0 0 
242 7 0 0 0 0 0 0 0 0 0 0 0 
243 7 0 0 0 0 0 0 0 0 0 0 0 
244 7 0 0 0 0 0 0 0 0 0 0 0 
245 7 0 0 0 0 0 0 0 0 0 0 0 
246 7 0 0 0 0 0 0 0 0 0 0 0 
247 7 0 0 0 0 0 0 0 0 0 0 0 
248 7 0 0 0 0 0 0 0 0 0 0 0 
249 7 0 0 0 0 0 0 0 0 0 0 0 
250 7 0 0 0 0 0 0 0 0 0 0 0 
251 7 0 0 0 0 0 0 0 0 0 0 0 
252 7 0 0 0 0 0 0 0 0 0 0 0 
253 7 0 0 0 0 0 0 0 0 0 0 0 
254 7 0 0 0 0 0 0 0 0 0 0 0 
255 8 0 0 0 0 0 0 0 0 0 0 0 
256 8 0 0 0 0 0 0 0 0 0 0 0 
257 8 0 0 0 0 0 0 0 0 0 0 0 
258 8 0 0 0 0 0 0 0 0 0 0 0 
259 8 0 0 0 0 0 0 0 0 0 0 0 
260 8 0 0 0 0 0 0 0 0 0 0 0 
261 8 0 0 0 0 0 0 0 0 0 0 0 
262 8 0 0 0 0 0 0 0 0 0 0 0 
263 8 0 0 0 0 0 0 0 0 0 0 0 
264 8 0 0 0 0 0 0 0 0 0 0 0 
265 8 0 0 0 0 0 0 0 0 0 0 0 
266 8 0 0 0 0 0 0 0 0 0 0 0 
267 8 0 0 0 0 0 0 0 0 0 0 0 
268 8 0 0 0 0 0 0 0 0 0 0 0 
269 8 0 0 0 0 0 0 0 0 0 0 0 
270 8 0 0 0 0 0 0 0 0 0 0 0 
271 8 0 0 0 0 0 0 0 0 0 0 0 
272 8 0 0 0 0 0 0 0 0 0 0 0 
273 8 0 0 0 0 0 0 0 0 0 0 0 
274 8 0 0 0 0 0 0 0 0 0 0 0 
275 8 0 0 0 0 0 0 0 0 0 0 0 
276 8 0 0 0 0 0 0 0 0 0 0 0 
277 8 0 0 0 0 0 0 0 0 0 0 0 
278 8 0 0 0 0 0 0 0 0 0 0 0 
279 8 0 0 0 0 0 0 0 0 0 0 0 
280 8 0 0 0 0 0 0 0 0 0 0 0 
281 8 0 0 0 0 0 0 0 0 0 0 0 
282 8 0 0 0 0 0 0 0 0 0 0 0 
283 8 0 0 0 0 0 0 0 0 0 0 0 
284 8 0 0 0 0 0 0 0 0 0 0 0 
285 8 0 0 0 0 0 0 0 0 0 0 0 
286 8 0 0 0 0 0 0 0 0 0 0 0 
287 8 0 0 0 0 0 0 0 0 0 0 0 
288 8 0 0 0 0 0 0 0 0 0 0 0 
289 8 0 0 0 0 0 0 0 0 0 0 0 
290 8 0 0 0 0 0 0 0 0 0 0 0 
291 8 0 0 0 0 0 0 0 0 0 0 0 
292 8 0 0 0 0 0 0 0 0 0 0 0 
293 8 0 0 0 0 0 0 0 0 0 0 0 
294 8 0 0 0 0 0 0 0 0 0 0 0 
295 8 0 0 0 0 0 0 0 0 0 0 0 
296 8 0 0 0 0 0 0 0 0 0 0 0 
297 8 0 0 0 0 0 0 0 0 0 0 0 
298 8 0 0 0 0 0 0 0 0 0 0 0 
299 8 0 0 0 0 0 0 0 0 0 0 0 
300 8 0 0 0 0 0 0 0 0 0 0 0 
301 8 0 0 0 0 0 0 0 0 0 0 0 
302 8 0 0 0 0 0 0 0 0 0 0 0 
303 8 0 0 0 0 0 0 0 0 0 0 0 
304 8 0 0 0 0 0 0 0 0 0 0 0 
305 8 0 0 0 0 0 0 0 0 0 0 0 
306 8 0 0 0 0 0 0 0 0 0 0 0 
307 8 0 0 0 0 0 0 0 0 0 0 0 
308 8 0 0 0 0 0 0 0 0 0 0 0 
309 8 0 0 0 0 0 0 0 0 0 0 0 
310 8 0 0 0 0 0 0 0 0 0 0 0 
311 8 0 0 0 0 0 0 0 0 0 0 0 
312 8 0 0 0 0 0 0 0 0 0 0 0 
313 8 0 0 0 0 0 0 0 0 0 0 0 
314 8 0 0 0 0 0 0 0 0 0 0 0 
315 8 0 0 0 0 0 0 0 0 0 0 0 
316 8 0 0 0 0 0 0 0 0 0 0 0 
317 8 0 0 0 0 0 0 0 0 0 0 0 
318 8 0 0 0 0 0 0 0 0 0 0 0 
319 8 0 0 0 0 0 0 0 0 0 0 0 
320 8 0 0 0 0 0 0 0 0 0 0 0 
321 8 0 0 0 0 0 0 0 0 0 0 0 
322 8 0 0 0 0 0 0 0 0 0 0 0 
323 8 0 0 0 0 0 0 0 0 0 0 0 
324 8 0 0 0 0 0 0 0 0 0 0 0 
325 8 0 0 0 0 0 0 0 0 0 0 0 
326 8 0 0 0 0 0 0 0 0 0 0 0 
327 8 0 0 0 0 0 0 0 0 0 0 0 
328 8 0 0 0 0 0 0 0 0 0 0 0 
329 8 0 0 0 0 0 0 0 0 0 0 0 
330 8 0 0 0 0 0 0 0 0 0 0 0 
331 8 0 0 0 0 0 0 0 0 0 0 0 
332 8 0 0 0 0 0 0 0 0 0 0 0 
333 8 0 0 0 0 0 0 0 0 0 0 0 
334 8 0 0 0 0 0 0 0 0 0 0 0 
335 8 0 0 0 0 0 0 0 0 0 0 0 
336 8 0 0 0 0 0 0 0 0 0 0 0 
337 8 0 0 0 0 0 0 0 0 0 0 0 
338 8 0 0 0 0 0 0 0 0 0 0 0 
339 8 0 0 0 0 0 0 0 0 0 0 0 
340 8 0 0 0 0 0 0 0 0 0 0 0 
341 8 0 0 0 0 0 0 0 0 0 0 0 
342 8 0 0 0 0 0 0 0 0 0 0 0 
343 8 0 0 0 0 0 0 0 0 0 0 0 
344 8 0 0 0 0 0 0 0 0 0 0 0 
345 8 0 0 0 0 0 0 0 0 0 0 0 
346 8 0 0 0 0 0 0 0 0 0 0 0 
347 8 0 0 0 0 0 0 0 0 0 0 0 
348 8 0 0 0 0 0 0 0 0 0 0 0 
349 8 0 0 0 0 0 0 0 0 0 0 0 
350 8 0 0 0 0 0 0 0 0 0 0 0 
351 8 0 0 0 0 0 0 0 0 0 0 0 
352 8 0 0 0 0 0 0 0 0 0 0 0 
353 8 0 0 0 0 0 0 0 0 0 0 0 
354 8 0 0 0 0 0 0 0 0 0 0 0 
355 8 0 0 0 0 0 0 0 0 0 0 0 
356 8 0 0 0 0 0 0 0 0 0 0 0 
357 8 0 0 0 0 0 0 0 0 0 0 0 
358 8 0 0 0 0 0 0 0 0 0 0 0 
359 8 0 0 0 0 0 0 0 0 0 0 0 
360 8 0 0 0 0 0 0 0 0 0 0 0 
361 8 0 0 0 0 0 0 0 0 0 0 0 
362 8 0 0 0 0 0 0 0 0 0 0 0 
363 8 0 0 0 0 0 0 0 0 0 0 0 
364 8 0 0 0 0 0 0 0 0 0 0 0 
365 8 0 0 0 0 0 0 0 0 0 0 0 
366 8 0 0 0 0 0 0 0 0 0 0 0 
367 8 0 0 0 0 0 0 0 0 0 0 0 
368 8 0 0 0 0 0 0 0 0 0 0 0 
369 8 0 0 0 0 0 0 0 0 0 0 0 
370 8 0 0 0 0 0 0 0 0 0 0 0 
371 8 0 0 0 0 0 0 0 0 0 0 0 
372 8 0 0 0 0 0 0 0 0 0 0 0 
373 8 0 0 0 0 0 0 0 0 0 0 0 
374 8 0 0 0 0 0 0 0 0 0 0 0 
375 8 0 0 0 0 0 0 0 0 0 0 0 
376 8 0 0 0 0 0 0 0 0 0 0 0 
377 8 0 0 0 0 0 0 0 0 0 0 0 
378 8 0 0 0 0 0 0 0 0 0 0 0 
379 8 0 0 0 0 0 0 0 0 0 0 0 
380 8 0 0 0 0 0 0 0 0 0 0 0 
381 8 0 0 0 0 0 0 0 0 0 0 0 
382 8 0 0 0 0 0 0 0 0 0 0 0 
383 8 0 0 0 0 0 0 0 0 0 0 0 
384 8 0 0 0 0 0 0 0 0 0 0 0 
385 8 0 0 0 0 0 0 0 0 0 0 0 
386 8 0 0 0 0 0 0 0 0 0 0 0 
387 8 0 0 0 0 0 0 0 0 0 0 0 
388 8 0 0 0 0 0 0 0 0 0 0 0 
389 8 0 0 0 0 0 0 0 0 0 0 0 
390 8 0 0 0 0 0 0 0 0 0 0 0 
391 8 0 0 0 0 0 0 0 0 0 0 0 
392 8 0 0 0 0 0 0 0 0 0 0 0 
393 8 0 0 0 0 0 0 0 0 0 0 0 
394 8 0 0 0 0 0 0 0 0 0 0 0 
395 8 0 0 0 0 0 0 0 0 0 0 0 
396 8 0 0 0 0 0 0 0 0 0 0 0 
397 8 0 0 0 0 0 0 0 0 0 0 0 
398 8 0 0 0 0 0 0 0 0 0 0 0 
399 8 0 0 0 0 0 0 0 0 0 0 0 
400 8 0 0 0 0 0 0 0 0 0 0 0 
401 8 0 0 0 0 0 0 0 0 0 0 0 
402 8 0 0 0 0 0 0 0 0 0 0 0 
403 8 0 0 0 0 0 0 0 0 0 0 0 
404 8 0 0 0 0 0 0 0 0 0 0 0 
405 8 0 0 0 0 0 0 0 0 0 0 0 
406 8 0 0 0 0 0 0 0 0 0 0 0 
407 8 -1 39 2 11 -1 -1 -1 -1 -1 0 3093 
408 8 -1 302 1 28 -1 -1 -1 -1 -1 2 -4 
409 8 0 0 0 0 0 0 0 0 0 0 0 
410 8 0 0 0 0 0 0 0 0 0 0 0 
411 8 -1 331 4 31 -1 -1 -1 -1 -1 3 730 
412 8 15 0 0 0 0 0 0 0 0 0 0 
413 8 -1 187 2 11 -1 -1 -1 -1 -1 3 4439 
414 8 19 0 0 0 0 0 0 0 0 0 0 
415 8 0 0 0 0 0 0 0 0 0 0 0 
416 8 0 0 0 0 0 0 0 0 0 0 0 
417 8 0 0 0 0 0 0 0 0 0 0 0 
418 8 0 0 0 0 0 0 0 0 0 0 0 
419 8 0 0 0 0 0 0 0 0 0 0 0 
420 8 0 0 0 0 0 0 0 0 0 0 0 
421 8 0 0 0 0 0 0 0 0 0 0 0 
422 8 0 0 0 0 0 0 0 0 0 0 0 
423 8 -1 353 4 20 -1 -1 -1 -1 -1 3 754 
424 8 -1 171 0 31 -1 -1 -1 -1 -1 0 53 
425 8 0 0 0 0 0 0 0 0 0 0 0 
426 8 0 0 0 0 0 0 0 0 0 0 0 
427 8 0 0 0 0 0 0 0 0 0 0 0 
428 8 0 0 0 0 0 0 0 0 0 0 0 
429 8 0 0 0 0 0 0 0 0 0 0 0 
430 8 0 0 0 0 0 0 0 0 0 0 0 
431 8 0 0 0 0 0 0 0 0 0 0 0 
432 8 0 0 0 0 0 0 0 0 0 0 0 
433 8 0 0 0 0 0 0 0 0 0 0 0 
434 8 0 0 0 0 0 0 0 0 0 0 0 
435 8 30 0 0 0 0 0 0 0 0 0 0 
436 8 -1 214 2 34 -1 -1 -1 -1 -1 2 512 
437 8 0 0 0 0 0 0 0 0 0 0 0 
438 8 0 0 0 0 0 0 0 0 0 0 0 
439 8 0 0 0 0 0 0 0 0 0 0 0 
440 8 0 0 0 0 0 0 0 0 0 0 0 
441 8 0 0 0 0 0 0 0 0 0 0 0 
442 8 0 0 0 0 0 0 0 0 0 0 0 
443 8 -1 189 1 10 -1 -1 -1 -1 -1 1 -104 
444 8 39 0 0 0 0 0 0 0 0 0 0 
445 8 0 0 0 0 0 0 0 0 0 0 0 
446 8 0 0 0 0 0 0 0 0 0 0 0 
447 8 0 0 0 0 0 0 0 0 0 0 0 
448 8 0 0 0 0 0 0 0 0 0 0 0 
449 8 0 0 0 0 0 0 0 0 0 0 0 
450 8 0 0 0 0 0 0 0 0 0 0 0 
451 8 0 0 0 0 0 0 0 0 0 0 0 
452 8 0 0 0 0 0 0 0 0 0 0 0 
453 8 0 0 0 0 0 0 0 0 0 0 0 
454 8 0 0 0 0 0 0 0 0 0 0 0 
455 8 0 0 0 0 0 0 0 0 0 0 0 
456 8 0 0 0 0 0 0 0 0 0 0 0 
457 8 0 0 0 0 0 0 0 0 0 0 0 
458 8 0 0 0 0 0 0 0 0 0 0 0 
459 8 0 0 0 0 0 0 0 0 0 0 0 
460 8 0 0 0 0 0 0 0 0 0 0 0 
461 8 0 0 0 0 0 0 0 0 0 0 0 
462 8 0 0 0 0 0 0 0 0 0 0 0 
463 8 0 0 0 0 0 0 0 0 0 0 0 
464 8 0 0 0 0 0 0 0 0 0 0 0 
465 8 0 0 0 0 0 0 0 0 0 0 0 
466 8 0 0 0 0 0 0 0 0 0 0 0 
467 8 0 0 0 0 0 0 0 0 0 0 0 
468 8 0 0 0 0 0 0 0 0 0 0 0 
469 8 0 0 0 0 0 0 0 0 0 0 0 
470 8 0 0 0 0 0 0 0 0 0 0 0 
471 8 0 0 0 0 0 0 0 0 0 0 0 
472 8 0 0 0 0 0 0 0 0 0 0 0 
473 8 0 0 0 0 0 0 0 0 0 0 0 
474 8 0 0 0 0 0 0 0 0 0 0 0 
475 8 0 0 0 0 0 0 0 0 0 0 0 
476 8 0 0 0 0 0 0 0 0 0 0 0 
477 8 0 0 0 0 0 0 0 0 0 0 0 
478 8 0 0 0 0 0 0 0 0 0 0 0 
479 8 0 0 0 0 0 0 0 0 0 0 0 
480 8 0 0 0 0 0 0 0 0 0 0 0 
481 8 0 0 0 0 0 0 0 0 0 0 0 
482 8 0 0 0 0 0 0 0 0 0 0 0 
483 8 0 0 0 0 0 0 0 0 0 0 0 
484 8 0 0 0 0 0 0 0 0 0 0 0 
485 8 0 0 0 0 0 0 0 0 0 0 0 
486 8 0 0 0 0 0 0 0 0 0 0 0 
487 8 0 0 0 0 0 0 0 0 0 0 0 
488 8 0 0 0 0 0 0 0 0 0 0 0 
489 8 0 0 0 0 0 0 0 0 0 0 0 
490 8 0 0 0 0 0 0 0 0 0 0 0 
491 8 0 0 0 0 0 0 0 0 0 0 0 
492 8 0 0 0 0 0 0 0 0 0 0 0 
493 8 0 0 0 0 0 0 0 0 0 0 0 
494 8 0 0 0 0 0 0 0 0 0 0 0 
495 8 0 0 0 0 0 0 0 0 0 0 0 
496 8 0 0 0 0 0 0 0 0 0 0 0 
497 8 0 0 0 0 0 0 0 0 0 0 0 
498 8 0 0 0 0 0 0 0 0 0 0 0 
499 8 0 0 0 0 0 0 0 0 0 0 0 
500 8 0 0 0 0 0 0 0 0 0 0 0 
501 8 0 0 0 0 0 0 0 0 0 0 0 
502 8 0 0 0 0 0 0 0 0 0 0 0 
503 8 0 0 0 0 0 0 0 0 0 0 0 
504 8 0 0 0 0 0 0 0 0 0 0 0 
505 8 0 0 0 0 0 0 0 0 0 0 0 
506 8 0 0 0 0 0 0 0 0 0 0 0 
507 8 0 0 0 0 0 0 0 0 0 0 0 
508 8 0 0 0 0 0 0 0 0 0 0 0 
509 8 0 0 0 0 0 0 0 0 0 0 0 
510 8 0 0 0 0 0 0 0 0 0 0 0 
511 9 0 0 0 0 0 0 0 0 0 0 0 
512 9 0 0 0 0 0 0 0 0 0 0 0 
513 9 0 0 0 0 0 0 0 0 0 0 0 
514 9 0 0 0 0 0 0 0 0 0 0 0 
515 9 0 0 0 0 0 0 0 0 0 0 0 
516 9 0 0 0 0 0 0 0 0 0 0 0 
517 9 0 0 0 0 0 0 0 0 0 0 0 
518 9 0 0 0 0 0 0 0 0 0 0 0 
519 9 0 0 0 0 0 0 0 0 0 0 0 
520 9 0 0 0 0 0 0 0 0 0 0 0 
521 9 0 0 0 0 0 0 0 0 0 0 0 
522 9 0 0 0 0 0 0 0 0 0 0 0 
523 9 0 0 0 0 0 0 0 0 0 0 0 
524 9 0 0 0 0 0 0 0 0 0 0 0 
525 9 0 0 0 0 0 0 0 0 0 0 0 
526 9 0 0 0 0 0 0 0 0 0 0 0 
527 9 0 0 0 0 0 0 0 0 0 0 0 
528 9 0 0 0 0 0 0 0 0 0 0 0 
529 9 0 0 0 0 0 0 0 0 0 0 0 
530 9 0 0 0 0 0 0 0 0 0 0 0 
531 9 0 0 0 0 0 0 0 0 0 0 0 
532 9 0 0 0 0 0 0 0 0 0 0 0 
533 9 0 0 0 0 0 0 0 0 0 0 0 
534 9 0 0 0 0 0 0 0 0 0 0 0 
535 9 0 0 0 0 0 0 0 0 0 0 0 
536 9 0 0 0 0 0 0 0 0 0 0 0 
537 9 0 0 0 0 0 0 0 0 0 0 0 
538 9 0 0 0 0 0 0 0 0 0 0 0 
539 9 0 0 0 0 0 0 0 0 0 0 0 
540 9 0 0 0 0 0 0 0 0 0 0 0 
541 9 0 0 0 0 0 0 0 0 0 0 0 
542 9 0 0 0 0 0 0 0 0 0 0 0 
543 9 0 0 0 0 0 0 0 0 0 0 0 
544 9 0 0 0 0 0 0 0 0 0 0 0 
545 9 0 0 0 0 0 0 0 0 0 0 0 
546 9 0 0 0 0 0 0 0 0 0 0 0 
547 9 0 0 0 0 0 0 0 0 0 0 0 
548 9 0 0 0 0 0 0 0 0 0 0 0 
549 9 0 0 0 0 0 0 0 0 0 0 0 
550 9 0 0 0 0 0 0 0 0 0 0 0 
551 9 0 0 0 0 0 0 0 0 0 0 0 
552 9 0 0 0 0 0 0 0 0 0 0 0 
553 9 0 0 0 0 0 0 0 0 0 0 0 
554 9 0 0 0 0 0 0 0 0 0 0 0 
555 9 0 0 0 0 0 0 0 0 0 0 0 
556 9 0 0 0 0 0 0 0 0 0 0 0 
557 9 0 0 0 0 0 0 0 0 0 0 0 
558 9 0 0 0 0 0 0 0 0 0 0 0 
559 9 0 0 0 0 0 0 0 0 0 0 0 
560 9 0 0 0 0 0 0 0 0 0 0 0 
561 9 0 0 0 0 0 0 0 0 0 0 0 
562 9 0 0 0 0 0 0 0 0 0 0 0 
563 9 0 0 0 0 0 0 0 0 0 0 0 
564 9 0 0 0 0 0 0 0 0 0 0 0 
565 9 0 0 0 0 0 0 0 0 0 0 0 
566 9 0 0 0 0 0 0 0 0 0 0 0 
567 9 0 0 0 0 0 0 0 0 0 0 0 
568 9 0 0 0 0 0 0 0 0 0 0 0 
569 9 0 0 0 0 0 0 0 0 0 0 0 
570 9 0 0 0 0 0 0 0 0 0 0 0 
571 9 0 0 0 0 0 0 0 0 0 0 0 
572 9 0 0 0 0 0 0 0 0 0 0 0 
573 9 0 0 0 0 0 0 0 0 0 0 0 
574 9 0 0 0 0 0 0 0 0 0 0 0 
575 9 0 0 0 0 0 0 0 0 0 0 0 
576 9 0 0 0 0 0 0 0 0 0 0 0 
577 9 0 0 0 0 0 0 0 0 0 0 0 
578 9 0 0 0 0 0 0 0 0 0 0 0 
579 9 0 0 0 0 0 0 0 0 0 0 0 
580 9 0 0 0 0 0 0 0 0 0 0 0 
581 9 0 0 0 0 0 0 0 0 0 0 0 
582 9 0 0 0 0 0 0 0 0 0 0 0 
583 9 0 0 0 0 0 0 0 0 0 0 0 
584 9 0 0 0 0 0 0 0 0 0 0 0 
585 9 0 0 0 0 0 0 0 0 0 0 0 
586 9 0 0 0 0 0 0 0 0 0 0 0 
587 9 0 0 0 0 0 0 0 0 0 0 0 
588 9 0 0 0 0 0 0 0 0 0 0 0 
589 9 0 0 0 0 0 0 0 0 0 0 0 
590 9 0 0 0 0 0 0 0 0 0 0 0 
591 9 0 0 0 0 0 0 0 0 0 0 0 
592 9 0 0 0 0 0 0 0 0 0 0 0 
593 9 0 0 0 0 0 0 0 0 0 0 0 
594 9 0 0 0 0 0 0 0 0 0 0 0 
595 9 0 0 0 0 0 0 0 0 0 0 0 
596 9 0 0 0 0 0 0 0 0 0 0 0 
597 9 0 0 0 0 0 0 0 0 0 0 0 
598 9 0 0 0 0 0 0 0 0 0 0 0 
599 9 0 0 0 0 0 0 0 0 0 0 0 
600 9 0 0 0 0 0 0 0 0 0 0 0 
601 9 0 0 0 0 0 0 0 0 0 0 0 
602 9 0 0 0 0 0 0 0 0 0 0 0 
603 9 0 0 0 0 0 0 0 0 0 0 0 
604 9 0 0 0 0 0 0 0 0 0 0 0 
605 9 0 0 0 0 0 0 0 0 0 0 0 
606 9 0 0 0 0 0 0 0 0 0 0 0 
607 9 0 0 0 0 0 0 0 0 0 0 0 
608 9 0 0 0 0 0 0 0 0 0 0 0 
609 9 0 0 0 0 0 0 0 0 0 0 0 
610 9 0 0 0 0 0 0 0 0 0 0 0 
611 9 0 0 0 0 0 0 0 0 0 0 0 
612 9 0 0 0 0 0 0 0 0 0 0 0 
613 9 0 0 0 0 0 0 0 0 0 0 0 
614 9 0 0 0 0 0 0 0 0 0 0 0 
615 9 0 0 0 0 0 0 0 0 0 0 0 
616 9 0 0 0 0 0 0 0 0 0 0 0 
617 9 0 0 0 0 0 0 0 0 0 0 0 
618 9 0 0 0 0 0 0 0 0 0 0 0 
619 9 0 0 0 0 0 0 0 0 0 0 0 
620 9 0 0 0 0 0 0 0 0 0 0 0 
621 9 0 0 0 0 0 0 0 0 0 0 0 
622 9 0 0 0 0 0 0 0 0 0 0 0 
623 9 0 0 0 0 0 0 0 0 0 0 0 
624 9 0 0 0 0 0 0 0 0 0 0 0 
625 9 0 0 0 0 0 0 0 0 0 0 0 
626 9 0 0 0 0 0 0 0 0 0 0 0 
627 9 0 0 0 0 0 0 0 0 0 0 0 
628 9 0 0 0 0 0 0 0 0 0 0 0 
629 9 0 0 0 0 0 0 0 0 0 0 0 
630 9 0 0 0 0 0 0 0 0 0 0 0 
631 9 0 0 0 0 0 0 0 0 0 0 0 
632 9 0 0 0 0 0 0 0 0 0 0 0 
633 9 0 0 0 0 0 0 0 0 0 0 0 
634 9 0 0 0 0 0 0 0 0 0 0 0 
635 9 0 0 0 0 0 0 0 0 0 0 0 
636 9 0 0 0 0 0 0 0 0 0 0 0 
637 9 0 0 0 0 0 0 0 0 0 0 0 
638 9 0 0 0 0 0 0 0 0 0 0 0 
639 9 0 0 0 0 0 0 0 0 0 0 0 
640 9 0 0 0 0 0 0 0 0 0 0 0 
641 9 0 0 0 0 0 0 0 0 0 0 0 
642 9 0 0 0 0 0 0 0 0 0 0 0 
643 9 0 0 0 0 0 0 0 0 0 0 0 
644 9 0 0 0 0 0 0 0 0 0 0 0 
645 9 0 0 0 0 0 0 0 0 0 0 0 
646 9 0 0 0 0 0 0 0 0 0 0 0 
647 9 0 0 0 0 0 0 0 0 0 0 0 
648 9 0 0 0 0 0 0 0 0 0 0 0 
649 9 0 0 0 0 0 0 0 0 0 0 0 
650 9 0 0 0 0 0 0 0 0 0 0 0 
651 9 0 0 0 0 0 0 0 0 0 0 0 
652 9 0 0 0 0 0 0 0 0 0 0 0 
653 9 0 0 0 0 0 0 0 0 0 0 0 
654 9 0 0 0 0 0 0 0 0 0 0 0 
655 9 0 0 0 0 0 0 0 0 0 0 0 
656 9 0 0 0 0 0 0 0 0 0 0 0 
657 9 0 0 0 0 0 0 0 0 0 0 0 
658 9 0 0 0 0 0 0 0 0 0 0 0 
659 9 0 0 0 0 0 0 0 0 0 0 0 
660 9 0 0 0 0 0 0 0 0 0 0 0 
661 9 0 0 0 0 0 0 0 0 0 0 0 
662 9 0 0 0 0 0 0 0 0 0 0 0 
663 9 0 0 0 0 0 0 0 0 0 0 0 
664 9 0 0 0 0 0 0 0 0 0 0 0 
665 9 0 0 0 0 0 0 0 0 0 0 0 
666 9 0 0 0 0 0 0 0 0 0 0 0 
667 9 0 0 0 0 0 0 0 0 0 0 0 
668 9 0 0 0 0 0 0 0 0 0 0 0 
669 9 0 0 0 0 0 0 0 0 0 0 0 
670 9 0 0 0 0 0 0 0 0 0 0 0 
671 9 0 0 0 0 0 0 0 0 0 0 0 
672 9 0 0 0 0 0 0 0 0 0 0 0 
673 9 0 0 0 0 0 0 0 0 0 0 0 
674 9 0 0 0 0 0 0 0 0 0 0 0 
675 9 0 0 0 0 0 0 0 0 0 0 0 
676 9 0 0 0 0 0 0 0 0 0 0 0 
677 9 0 0 0 0 0 0 0 0 0 0 0 
678 9 0 0 0 0 0 0 0 0 0 0 0 
679 9 0 0 0 0 0 0 0 0 0 0 0 
680 9 0 0 0 0 0 0 0 0 0 0 0 
681 9 0 0 0 0 0 0 0 0 0 0 0 
682 9 0 0 0 0 0 0 0 0 0 0 0 
683 9 0 0 0 0 0 0 0 0 0 0 0 
684 9 0 0 0 0 0 0 0 0 0 0 0 
685 9 0 0 0 0 0 0 0 0 0 0 0 
686 9 0 0 0 0 0 0 0 0 0 0 0 
687 9 0 0 0 0 0 0 0 0 0 0 0 
688 9 0 0 0 0 0 0 0 0 0 0 0 
689 9 0 0 0 0 0 0 0 0 0 0 0 
690 9 0 0 0 0 0 0 0 0 0 0 0 
691 9 0 0 0 0 0 0 0 0 0 0 0 
692 9 0 0 0 0 0 0 0 0 0 0 0 
693 9 0 0 0 0 0 0 0 0 0 0 0 
694 9 0 0 0 0 0 0 0 0 0 0 0 
695 9 0 0 0 0 0 0 0 0 0 0 0 
696 9 0 0 0 0 0 0 0 0 0 0 0 
697 9 0 0 0 0 0 0 0 0 0 0 0 
698 9 0 0 0 0 0 0 0 0 0 0 0 
699 9 0 0 0 0 0 0 0 0 0 0 0 
700 9 0 0 0 0 0 0 0 0 0 0 0 
701 9 0 0 0 0 0 0 0 0 0 0 0 
702 9 0 0 0 0 0 0 0 0 0 0 0 
703 9 0 0 0 0 0 0 0 0 0 0 0 
704 9 0 0 0 0 0 0 0 0 0 0 0 
705 9 0 0 0 0 0 0 0 0 0 0 0 
706 9 0 0 0 0 0 0 0 0 0 0 0 
707 9 0 0 0 0 0 0 0 0 0 0 0 
708 9 0 0 0 0 0 0 0 0 0 0 0 
709 9 0 0 0 0 0 0 0 0 0 0 0 
710 9 0 0 0 0 0 0 0 0 0 0 0 
711 9 0 0 0 0 0 0 0 0 0 0 0 
712 9 0 0 0 0 0 0 0 0 0 0 0 
713 9 0 0 0 0 0 0 0 0 0 0 0 
714 9 0 0 0 0 0 0 0 0 0 0 0 
715 9 0 0 0 0 0 0 0 0 0 0 0 
716 9 0 0 0 0 0 0 0 0 0 0 0 
717 9 0 0 0 0 0 0 0 0 0 0 0 
718 9 0 0 0 0 0 0 0 0 0 0 0 
719 9 0 0 0 0 0 0 0 0 0 0 0 
720 9 0 0 0 0 0 0 0 0 0 0 0 
721 9 0 0 0 0 0 0 0 0 0 0 0 
722 9 0 0 0 0 0 0 0 0 0 0 0 
723 9 0 0 0 0 0 0 0 0 0 0 0 
724 9 0 0 0 0 0 0 0 0 0 0 0 
725 9 0 0 0 0 0 0 0 0 0 0 0 
726 9 0 0 0 0 0 0 0 0 0 0 0 
727 9 0 0 0 0 0 0 0 0 0 0 0 
728 9 0 0 0 0 0 0 0 0 0 0 0 
729 9 0 0 0 0 0 0 0 0 0 0 0 
730 9 0 0 0 0 0 0 0 0 0 0 0 
731 9 0 0 0 0 0 0 0 0 0 0 0 
732 9 0 0 0 0 0 0 0 0 0 0 0 
733 9 0 0 0 0 0 0 0 0 0 0 0 
734 9 0 0 0 0 0 0 0 0 0 0 0 
735 9 0 0 0 0 0 0 0 0 0 0 0 
736 9 0 0 0 0 0 0 0 0 0 0 0 
737 9 0 0 0 0 0 0 0 0 0 0 0 
738 9 0 0 0 0 0 0 0 0 0 0 0 
739 9 0 0 0 0 0 0 0 0 0 0 0 
740 9 0 0 0 0 0 0 0 0 0 0 0 
741 9 0 0 0 0 0 0 0 0 0 0 0 
742 9 0 0 0 0 0 0 0 0 0 0 0 
743 9 0 0 0 0 0 0 0 0 0 0 0 
744 9 0 0 0 0 0 0 0 0 0 0 0 
745 9 0 0 0 0 0 0 0 0 0 0 0 
746 9 0 0 0 0 0 0 0 0 0 0 0 
747 9 0 0 0 0 0 0 0 0 0 0 0 
748 9 0 0 0 0 0 0 0 0 0 0 0 
749 9 0 0 0 0 0 0 0 0 0 0 0 
750 9 0 0 0 0 0 0 0 0 0 0 0 
751 9 0 0 0 0 0 0 0 0 0 0 0 
752 9 0 0 0 0 0 0 0 0 0 0 0 
753 9 0 0 0 0 0 0 0 0 0 0 0 
754 9 0 0 0 0 0 0 0 0 0 0 0 
755 9 0 0 0 0 0 0 0 0 0 0 0 
756 9 0 0 0 0 0 0 0 0 0 0 0 
757 9 0 0 0 0 0 0 0 0 0 0 0 
758 9 0 0 0 0 0 0 0 0 0 0 0 
759 9 0 0 0 0 0 0 0 0 0 0 0 
760 9 0 0 0 0 0 0 0 0 0 0 0 
761 9 0 0 0 0 0 0 0 0 0 0 0 
762 9 0 0 0 0 0 0 0 0 0 0 0 
763 9 0 0 0 0 0 0 0 0 0 0 0 
764 9 0 0 0 0 0 0 0 0 0 0 0 
765 9 0 0 0 0 0 0 0 0 0 0 0 
766 9 0 0 0 0 0 0 0 0 0 0 0 
767 9 0 0 0 0 0 0 0 0 0 0 0 
768 9 0 0 0 0 0 0 0 0 0 0 0 
769 9 0 0 0 0 0 0 0 0 0 0 0 
770 9 0 0 0 0 0 0 0 0 0 0 0 
771 9 0 0 0 0 0 0 0 0 0 0 0 
772 9 0 0 0 0 0 0 0 0 0 0 0 
773 9 0 0 0 0 0 0 0 0 0 0 0 
774 9 0 0 0 0 0 0 0 0 0 0 0 
775 9 0 0 0 0 0 0 0 0 0 0 0 
776 9 0 0 0 0 0 0 0 0 0 0 0 
777 9 0 0 0 0 0 0 0 0 0 0 0 
778 9 0 0 0 0 0 0 0 0 0 0 0 
779 9 0 0 0 0 0 0 0 0 0 0 0 
780 9 0 0 0 0 0 0 0 0 0 0 0 
781 9 0 0 0 0 0 0 0 0 0 0 0 
782 9 0 0 0 0 0 0 0 0 0 0 0 
783 9 0 0 0 0 0 0 0 0 0 0 0 
784 9 0 0 0 0 0 0 0 0 0 0 0 
785 9 0 0 0 0 0 0 0 0 0 0 0 
786 9 0 0 0 0 0 0 0 0 0 0 0 
787 9 0 0 0 0 0 0 0 0 0 0 0 
788 9 0 0 0 0 0 0 0 0 0 0 0 
789 9 0 0 0 0 0 0 0 0 0 0 0 
790 9 0 0 0 0 0 0 0 0 0 0 0 
791 9 0 0 0 0 0 0 0 0 0 0 0 
792 9 0 0 0 0 0 0 0 0 0 0 0 
793 9 0 0 0 0 0 0 0 0 0 0 0 
794 9 0 0 0 0 0 0 0 0 0 0 0 
795 9 0 0 0 0 0 0 0 0 0 0 0 
796 9 0 0 0 0 0 0 0 0 0 0 0 
797 9 0 0 0 0 0 0 0 0 0 0 0 
798 9 0 0 0 0 0 0 0 0 0 0 0 
799 9 0 0 0 0 0 0 0 0 0 0 0 
800 9 0 0 0 0 0 0 0 0 0 0 0 
801 9 0 0 0 0 0 0 0 0 0 0 0 
802 9 0 0 0 0 0 0 0 0 0 0 0 
803 9 0 0 0 0 0 0 0 0 0 0 0 
804 9 0 0 0 0 0 0 0 0 0 0 0 
805 9 0 0 0 0 0 0 0 0 0 0 0 
806 9 0 0 0 0 0 0 0 0 0 0 0 
807 9 0 0 0 0 0 0 0 0 0 0 0 
808 9 0 0 0 0 0 0 0 0 0 0 0 
809 9 0 0 0 0 0 0 0 0 0 0 0 
810 9 0 0 0 0 0 0 0 0 0 0 0 
811 9 0 0 0 0 0 0 0 0 0 0 0 
812 9 0 0 0 0 0 0 0 0 0 0 0 
813 9 0 0 0 0 0 0 0 0 0 0 0 
814 9 0 0 0 0 0 0 0 0 0 0 0 
815 9 -1 136 2 20 -1 -1 -1 -1 -1 2 1037 
816 9 -1 99 4 23 -1 -1 -1 -1 -1 2 8733 
817 9 -1 45 4 23 -1 -1 -1 -1 -1 3 308 
818 9 9 0 0 0 0 0 0 0 0 0 0 
819 9 0 0 0 0 0 0 0 0 0 0 0 
820 9 0 0 0 0 0 0 0 0 0 0 0 
821 9 0 0 0 0 0 0 0 0 0 0 0 
822 9 0 0 0 0 0 0 0 0 0 0 0 
823 9 -1 274 3 29 -1 -1 -1 -1 -1 0 -8 
824 9 -1 15 4 11 -1 -1 -1 -1 -1 0 12692 
825 9 0 0 0 0 0 0 0 0 0 0 0 
826 9 0 0 0 0 0 0 0 0 0 0 0 
827 9 -1 346 2 37 -1 -1 -1 -1 -1 2 246 
828 9 18 0 0 0 0 0 0 0 0 0 0 
829 9 0 0 0 0 0 0 0 0 0 0 0 
830 9 0 0 0 0 0 0 0 0 0 0 0 
831 9 0 0 0 0 0 0 0 0 0 0 0 
832 9 0 0 0 0 0 0 0 0 0 0 0 
833 9 0 0 0 0 0 0 0 0 0 0 0 
834 9 0 0 0 0 0 0 0 0 0 0 0 
835 9 0 0 0 0 0 0 0 0 0 0 0 
836 9 0 0 0 0 0 0 0 0 0 0 0 
837 9 0 0 0 0 0 0 0 0 0 0 0 
838 9 0 0 0 0 0 0 0 0 0 0 0 
839 9 0 0 0 0 0 0 0 0 0 0 0 
840 9 0 0 0 0 0 0 0 0 0 0 0 
841 9 0 0 0 0 0 0 0 0 0 0 0 
842 9 0 0 0 0 0 0 0 0 0 0 0 
843 9 0 0 0 0 0 0 0 0 0 0 0 
844 9 0 0 0 0 0 0 0 0 0 0 0 
845 9 0 0 0 0 0 0 0 0 0 0 0 
846 9 0 0 0 0 0 0 0 0 0 0 0 
847 9 -1 194 2 10 -1 -1 -1 -1 -1 2 13409 
848 9 23 0 0 0 0 0 0 0 0 0 0 
849 9 -1 224 4 24 -1 -1 -1 -1 -1 1 8292 
850 9 26 0 0 0 0 0 0 0 0 0 0 
851 9 0 0 0 0 0 0 0 0 0 0 0 
852 9 0 0 0 0 0 0 0 0 0 0 0 
853 9 0 0 0 0 0 0 0 0 0 0 0 
854 9 0 0 0 0 0 0 0 0 0 0 0 
855 9 0 0 0 0 0 0 0 0 0 0 0 
856 9 0 0 0 0 0 0 0 0 0 0 0 
857 9 0 0 0 0 0 0 0 0 0 0 0 
858 9 0 0 0 0 0 0 0 0 0 0 0 
859 9 0 0 0 0 0 0 0 0 0 0 0 
860 9 0 0 0 0 0 0 0 0 0 0 0 
861 9 0 0 0 0 0 0 0 0 0 0 0 
862 9 0 0 0 0 0 0 0 0 0 0 0 
863 9 0 0 0 0 0 0 0 0 0 0 0 
864 9 0 0 0 0 0 0 0 0 0 0 0 
865 9 0 0 0 0 0 0 0 0 0 0 0 
866 9 0 0 0 0 0 0 0 0 0 0 0 
867 9 0 0 0 0 0 0 0 0 0 0 0 
868 9 0 0 0 0 0 0 0 0 0 0 0 
869 9 0 0 0 0 0 0 0 0 0 0 0 
870 9 0 0 0 0 0 0 0 0 0 0 0 
871 9 0 0 0 0 0 0 0 0 0 0 0 
872 9 0 0 0 0 0 0 0 0 0 0 0 
873 9 31 0 0 0 0 0 0 0 0 0 0 
874 9 32 0 0 0 0 0 0 0 0 0 0 
875 9 0 0 0 0 0 0 0 0 0 0 0 
876 9 0 0 0 0 0 0 0 0 0 0 0 
877 9 0 0 0 0 0 0 0 0 0 0 0 
878 9 0 0 0 0 0 0 0 0 0 0 0 
879 9 0 0 0 0 0 0 0 0 0 0 0 
880 9 0 0 0 0 0 0 0 0 0 0 0 
881 9 0 0 0 0 0 0 0 0 0 0 0 
882 9 0 0 0 0 0 0 0 0 0 0 0 
883 9 0 0 0 0 0 0 0 0 0 0 0 
884 9 0 0 0 0 0 0 0 0 0 0 0 
885 9 0 0 0 0 0 0 0 0 0 0 0 
886 9 0 0 0 0 0 0 0 0 0 0 0 
887 9 -1 349 2 33 -1 -1 -1 -1 -1 2 612 
888 9 -1 317 2 27 -1 -1 -1 -1 -1 0 1216 
889 9 0 0 0 0 0 0 0 0 0 0 0 
890 9 0 0 0 0 0 0 0 0 0 0 0 
891 9 0 0 0 0 0 0 0 0 0 0 0 
892 9 0 0 0 0 0 0 0 0 0 0 0 
893 9 0 0 0 0 0 0 0 0 0 0 0 
894 9 0 0 0 0 0 0 0 0 0 0 0 
895 9 0 0 0 0 0 0 0 0 0 0 0 
896 9 0 0 0 0 0 0 0 0 0 0 0 
897 9 0 0 0 0 0 0 0 0 0 0 0 
898 9 0 0 0 0 0 0 0 0 0 0 0 
899 9 0 0 0 0 0 0 0 0 0 0 0 
900 9 0 0 0 0 0 0 0 0 0 0 0 
901 9 0 0 0 0 0 0 0 0 0 0 0 
902 9 0 0 0 0 0 0 0 0 0 0 0 
903 9 0 0 0 0 0 0 0 0 0 0 0 
904 9 0 0 0 0 0 0 0 0 0 0 0 
905 9 0 0 0 0 0 0 0 0 0 0 0 
906 9 0 0 0 0 0 0 0 0 0 0 0 
907 9 0 0 0 0 0 0 0 0 0 0 0 
908 9 0 0 0 0 0 0 0 0 0 0 0 
909 9 0 0 0 0 0 0 0 0 0 0 0 
910 9 0 0 0 0 0 0 0 0 0 0 0 
911 9 0 0 0 0 0 0 0 0 0 0 0 
912 9 0 0 0 0 0 0 0 0 0 0 0 
913 9 0 0 0 0 0 0 0 0 0 0 0 
914 9 0 0 0 0 0 0 0 0 0 0 0 
915 9 0 0 0 0 0 0 0 0 0 0 0 
916 9 0 0 0 0 0 0 0 0 0 0 0 
917 9 0 0 0 0 0 0 0 0 0 0 0 
918 9 0 0 0 0 0 0 0 0 0 0 0 
919 9 0 0 0 0 0 0 0 0 0 0 0 
920 9 0 0 0 0 0 0 0 0 0 0 0 
921 9 0 0 0 0 0 0 0 0 0 0 0 
922 9 0 0 0 0 0 0 0 0 0 0 0 
923 9 0 0 0 0 0 0 0 0 0 0 0 
924 9 0 0 0 0 0 0 0 0 0 0 0 
925 9 0 0 0 0 0 0 0 0 0 0 0 
926 9 0 0 0 0 0 0 0 0 0 0 0 
927 9 0 0 0 0 0 0 0 0 0 0 0 
928 9 0 0 0 0 0 0 0 0 0 0 0 
929 9 0 0 0 0 0 0 0 0 0 0 0 
930 9 0 0 0 0 0 0 0 0 0 0 0 
931 9 0 0 0 0 0 0 0 0 0 0 0 
932 9 0 0 0 0 0 0 0 0 0 0 0 
933 9 0 0 0 0 0 0 0 0 0 0 0 
934 9 0 0 0 0 0 0 0 0 0 0 0 
935 9 0 0 0 0 0 0 0 0 0 0 0 
936 9 0 0 0 0 0 0 0 0 0 0 0 
937 9 0 0 0 0 0 0 0 0 0 0 0 
938 9 0 0 0 0 0 0 0 0 0 0 0 
939 9 0 0 0 0 0 0 0 0 0 0 0 
940 9 0 0 0 0 0 0 0 0 0 0 0 
941 9 0 0 0 0 0 0 0 0 0 0 0 
942 9 0 0 0 0 0 0 0 0 0 0 0 
943 9 0 0 0 0 0 0 0 0 0 0 0 
944 9 0 0 0 0 0 0 0 0 0 0 0 
945 9 0 0 0 0 0 0 0 0 0 0 0 
946 9 0 0 0 0 0 0 0 0 0 0 0 
947 9 0 0 0 0 0 0 0 0 0 0 0 
948 9 0 0 0 0 0 0 0 0 0 0 0 
949 9 0 0 0 0 0 0 0 0 0 0 0 
950 9 0 0 0 0 0 0 0 0 0 0 0 
951 9 0 0 0 0 0 0 0 0 0 0 0 
952 9 0 0 0 0 0 0 0 0 0 0 0 
953 9 0 0 0 0 0 0 0 0 0 0 0 
954 9 0 0 0 0 0 0 0 0 0 0 0 
955 9 0 0 0 0 0 0 0 0 0 0 0 
956 9 0 0 0 0 0 0 0 0 0 0 0 
957 9 0 0 0 0 0 0 0 0 0 0 0 
958 9 0 0 0 0 0 0 0 0 0 0 0 
959 9 0 0 0 0 0 0 0 0 0 0 0 
960 9 0 0 0 0 0 0 0 0 0 0 0 
961 9 0 0 0 0 0 0 0 0 0 0 0 
962 9 0 0 0 0 0 0 0 0 0 0 0 
963 9 0 0 0 0 0 0 0 0 0 0 0 
964 9 0 0 0 0 0 0 0 0 0 0 0 
965 9 0 0 0 0 0 0 0 0 0 0 0 
966 9 0 0 0 0 0 0 0 0 0 0 0 
967 9 0 0 0 0 0 0 0 0 0 0 0 
968 9 0 0 0 0 0 0 0 0 0 0 0 
969 9 0 0 0 0 0 0 0 0 0 0 0 
970 9 0 0 0 0 0 0 0 0 0 0 0 
971 9 0 0 0 0 0 0 0 0 0 0 0 
972 9 0 0 0 0 0 0 0 0 0 0 0 
973 9 0 0 0 0 0 0 0 0 0 0 0 
974 9 0 0 0 0 0 0 0 0 0 0 0 
975 9 0 0 0 0 0 0 0 0 0 0 0 
976 9 0 0 0 0 0 0 0 0 0 0 0 
977 9 0 0 0 0 0 0 0 0 0 0 0 
978 9 0 0 0 0 0 0 0 0 0 0 0 
979 9 0 0 0 0 0 0 0 0 0 0 0 
980 9 0 0 0 0 0 0 0 0 0 0 0 
981 9 0 0 0 0 0 0 0 0 0 0 0 
982 9 0 0 0 0 0 0 0 0 0 0 0 
983 9 0 0 0 0 0 0 0 0 0 0 0 
984 9 0 0 0 0 0 0 0 0 0 0 0 
985 9 0 0 0 0 0 0 0 0 0 0 0 
986 9 0 0 0 0 0 0 0 0 0 0 0 
987 9 0 0 0 0 0 0 0 0 0 0 0 
988 9 0 0 0 0 0 0 0 0 0 0 0 
989 9 0 0 0 0 0 0 0 0 0 0 0 
990 9 0 0 0 0 0 0 0 0 0 0 0 
991 9 0 0 0 0 0 0 0 0 0 0 0 
992 9 0 0 0 0 0 0 0 0 0 0 0 
993 9 0 0 0 0 0 0 0 0 0 0 0 
994 9 0 0 0 0 0 0 0 0 0 0 0 
995 9 0 0 0 0 0 0 0 0 0 0 0 
996 9 0 0 0 0 0 0 0 0 0 0 0 
997 9 0 0 0 0 0 0 0 0 0 0 0 
998 9 0 0 0 0 0 0 0 0 0 0 0 
999 9 0 0 0 0 0 0 0 0 0 0 0 
1000 9 0 0 0 0 0 0 0 0 0 0 0 
1001 9 0 0 0 0 0 0 0 0 0 0 0 
1002 9 0 0 0 0 0 0 0 0 0 0 0 
1003 9 0 0 0 0 0 0 0 0 0 0 0 
1004 9 0 0 0 0 0 0 0 0 0 0 0 
1005 9 0 0 0 0 0 0 0 0 0 0 0 
1006 9 0 0 0 0 0 0 0 0 0 0 0 
1007 9 0 0 0 0 0 0 0 0 0 0 0 
1008 9 0 0 0 0 0 0 0 0 0 0 0 
1009 9 0 0 0 0 0 0 0 0 0 0 0 
1010 9 0 0 0 0 0 0 0 0 0 0 0 
1011 9 0 0 0 0 0 0 0 0 0 0 0 
1012 9 0 0 0 0 0 0 0 0 0 0 0 
1013 9 0 0 0 0 0 0 0 0 0 0 0 
1014 9 0 0 0 0 0 0 0 0 0 0 0 
1015 9 0 0 0 0 0 0 0 0 0 0 0 
1016 9 0 0 0 0 0 0 0 0 0 0 0 
1017 9 0 0 0 0 0 0 0 0 0 0 0 
1018 9 0 0 0 0 0 0 0 0 0 0 0 
1019 9 0 0 0 0 0 0 0 0 0 0 0 
1020 9 0 0 0 0 0 0 0 0 0 0 0 
1021 9 0 0 0 0 0 0 0 0 0 0 0 
1022 9 0 0 0 0 0 0 0 0 0 0 0 
1023 10 0 0 0 0 0 0 0 0 0 0 0 
1024 10 0 0 0 0 0 0 0 0 0 0 0 
1025 10 0 0 0 0 0 0 0 0 0 0 0 
1026 10 0 0 0 0 0 0 0 0 0 0 0 
1027 10 0 0 0 0 0 0 0 0 0 0 0 
1028 10 0 0 0 0 0 0 0 0 0 0 0 
1029 10 0 0 0 0 0 0 0 0 0 0 0 
1030 10 0 0 0 0 0 0 0 0 0 0 0 
1031 10 0 0 0 0 0 0 0 0 0 0 0 
1032 10 0 0 0 0 0 0 0 0 0 0 0 
1033 10 0 0 0 0 0 0 0 0 0 0 0 
1034 10 0 0 0 0 0 0 0 0 0 0 0 
1035 10 0 0 0 0 0 0 0 0 0 0 0 
1036 10 0 0 0 0 0 0 0 0 0 0 0 
1037 10 0 0 0 0 0 0 0 0 0 0 0 
1038 10 0 0 0 0 0 0 0 0 0 0 0 
1039 10 0 0 0 0 0 0 0 0 0 0 0 
1040 10 0 0 0 0 0 0 0 0 0 0 0 
1041 10 0 0 0 0 0 0 0 0 0 0 0 
1042 10 0 0 0 0 0 0 0 0 0 0 0 
1043 10 0 0 0 0 0 0 0 0 0 0 0 
1044 10 0 0 0 0 0 0 0 0 0 0 0 
1045 10 0 0 0 0 0 0 0 0 0 0 0 
1046 10 0 0 0 0 0 0 0 0 0 0 0 
1047 10 0 0 0 0 0 0 0 0 0 0 0 
1048 10 0 0 0 0 0 0 0 0 0 0 0 
1049 10 0 0 0 0 0 0 0 0 0 0 0 
1050 10 0 0 0 0 0 0 0 0 0 0 0 
1051 10 0 0 0 0 0 0 0 0 0 0 0 
1052 10 0 0 0 0 0 0 0 0 0 0 0 
1053 10 0 0 0 0 0 0 0 0 0 0 0 
1054 10 0 0 0 0 0 0 0 0 0 0 0 
1055 10 0 0 0 0 0 0 0 0 0 0 0 
1056 10 0 0 0 0 0 0 0 0 0 0 0 
1057 10 0 0 0 0 0 0 0 0 0 0 0 
1058 10 0 0 0 0 0 0 0 0 0 0 0 
1059 10 0 0 0 0 0 0 0 0 0 0 0 
1060 10 0 0 0 0 0 0 0 0 0 0 0 
1061 10 0 0 0 0 0 0 0 0 0 0 0 
1062 10 0 0 0 0 0 0 0 0 0 0 0 
1063 10 0 0 0 0 0 0 0 0 0 0 0 
1064 10 0 0 0 0 0 0 0 0 0 0 0 
1065 10 0 0 0 0 0 0 0 0 0 0 0 
1066 10 0 0 0 0 0 0 0 0 0 0 0 
1067 10 0 0 0 0 0 0 0 0 0 0 0 
1068 10 0 0 0 0 0 0 0 0 0 0 0 
1069 10 0 0 0 0 0 0 0 0 0 0 0 
1070 10 0 0 0 0 0 0 0 0 0 0 0 
1071 10 0 0 0 0 0 0 0 0 0 0 0 
1072 10 0 0 0 0 0 0 0 0 0 0 0 
1073 10 0 0 0 0 0 0 0 0 0 0 0 
1074 10 0 0 0 0 0 0 0 0 0 0 0 
1075 10 0 0 0 0 0 0 0 0 0 0 0 
1076 10 0 0 0 0 0 0 0 0 0 0 0 
1077 10 0 0 0 0 0 0 0 0 0 0 0 
1078 10 0 0 0 0 0 0 0 0 0 0 0 
1079 10 0 0 0 0 0 0 0 0 0 0 0 
1080 10 0 0 0 0 0 0 0 0 0 0 0 
1081 10 0 0 0 0 0 0 0 0 0 0 0 
1082 10 0 0 0 0 0 0 0 0 0 0 0 
1083 10 0 0 0 0 0 0 0 0 0 0 0 
1084 10 0 0 0 0 0 0 0 0 0 0 0 
1085 10 0 0 0 0 0 0 0 0 0 0 0 
1086 10 0 0 0 0 0 0 0 0 0 0 0 
1087 10 0 0 0 0 0 0 0 0 0 0 0 
1088 10 0 0 0 0 0 0 0 0 0 0 0 
1089 10 0 0 0 0 0 0 0 0 0 0 0 
1090 10 0 0 0 0 0 0 0 0 0 0 0 
1091 10 0 0 0 0 0 0 0 0 0 0 0 
1092 10 0 0 0 0 0 0 0 0 0 0 0 
1093 10 0 0 0 0 0 0 0 0 0 0 0 
1094 10 0 0 0 0 0 0 0 0 0 0 0 
1095 10 0 0 0 0 0 0 0 0 0 0 0 
1096 10 0 0 0 0 0 0 0 0 0 0 0 
1097 10 0 0 0 0 0 0 0 0 0 0 0 
1098 10 0 0 0 0 0 0 0 0 0 0 0 
1099 10 0 0 0 0 0 0 0 0 0 0 0 
1100 10 0 0 0 0 0 0 0 0 0 0 0 
1101 10 0 0 0 0 0 0 0 0 0 0 0 
1102 10 0 0 0 0 0 0 0 0 0 0 0 
1103 10 0 0 0 0 0 0 0 0 0 0 0 
1104 10 0 0 0 0 0 0 0 0 0 0 0 
1105 10 0 0 0 0 0 0 0 0 0 0 0 
1106 10 0 0 0 0 0 0 0 0 0 0 0 
1107 10 0 0 0 0 0 0 0 0 0 0 0 
1108 10 0 0 0 0 0 0 0 0 0 0 0 
1109 10 0 0 0 0 0 0 0 0 0 0 0 
1110 10 0 0 0 0 0 0 0 0 0 0 0 
1111 10 0 0 0 0 0 0 0 0 0 0 0 
1112 10 0 0 0 0 0 0 0 0 0 0 0 
1113 10 0 0 0 0 0 0 0 0 0 0 0 
1114 10 0 0 0 0 0 0 0 0 0 0 0 
1115 10 0 0 0 0 0 0 0 0 0 0 0 
1116 10 0 0 0 0 0 0 0 0 0 0 0 
1117 10 0 0 0 0 0 0 0 0 0 0 0 
1118 10 0 0 0 0 0 0 0 0 0 0 0 
1119 10 0 0 0 0 0 0 0 0 0 0 0 
1120 10 0 0 0 0 0 0 0 0 0 0 0 
1121 10 0 0 0 0 0 0 0 0 0 0 0 
1122 10 0 0 0 0 0 0 0 0 0 0 0 
1123 10 0 0 0 0 0 0 0 0 0 0 0 
1124 10 0 0 0 0 0 0 0 0 0 0 0 
1125 10 0 0 0 0 0 0 0 0 0 0 0 
1126 10 0 0 0 0 0 0 0 0 0 0 0 
1127 10 0 0 0 0 0 0 0 0 0 0 0 
1128 10 0 0 0 0 0 0 0 0 0 0 0 
1129 10 0 0 0 0 0 0 0 0 0 0 0 
1130 10 0 0 0 0 0 0 0 0 0 0 0 
1131 10 0 0 0 0 0 0 0 0 0 0 0 
1132 10 0 0 0 0 0 0 0 0 0 0 0 
1133 10 0 0 0 0 0 0 0 0 0 0 0 
1134 10 0 0 0 0 0 0 0 0 0 0 0 
1135 10 0 0 0 0 0 0 0 0 0 0 0 
1136 10 0 0 0 0 0 0 0 0 0 0 0 
1137 10 0 0 0 0 0 0 0 0 0 0 0 
1138 10 0 0 0 0 0 0 0 0 0 0 0 
1139 10 0 0 0 0 0 0 0 0 0 0 0 
1140 10 0 0 0 0 0 0 0 0 0 0 0 
1141 10 0 0 0 0 0 0 0 0 0 0 0 
1142 10 0 0 0 0 0 0 0 0 0 0 0 
1143 10 0 0 0 0 0 0 0 0 0 0 0 
1144 10 0 0 0 0 0 0 0 0 0 0 0 
1145 10 0 0 0 0 0 0 0 0 0 0 0 
1146 10 0 0 0 0 0 0 0 0 0 0 0 
1147 10 0 0 0 0 0 0 0 0 0 0 0 
1148 10 0 0 0 0 0 0 0 0 0 0 0 
1149 10 0 0 0 0 0 0 0 0 0 0 0 
1150 10 0 0 0 0 0 0 0 0 0 0 0 
1151 10 0 0 0 0 0 0 0 0 0 0 0 
1152 10 0 0 0 0 0 0 0 0 0 0 0 
1153 10 0 0 0 0 0 0 0 0 0 0 0 
1154 10 0 0 0 0 0 0 0 0 0 0 0 
1155 10 0 0 0 0 0 0 0 0 0 0 0 
1156 10 0 0 0 0 0 0 0 0 0 0 0 
1157 10 0 0 0 0 0 0 0 0 0 0 0 
1158 10 0 0 0 0 0 0 0 0 0 0 0 
1159 10 0 0 0 0 0 0 0 0 0 0 0 
1160 10 0 0 0 0 0 0 0 0 0 0 0 
1161 10 0 0 0 0 0 0 0 0 0 0 0 
1162 10 0 0 0 0 0 0 0 0 0 0 0 
1163 10 0 0 0 0 0 0 0 0 0 0 0 
1164 10 0 0 0 0 0 0 0 0 0 0 0 
1165 10 0 0 0 0 0 0 0 0 0 0 0 
1166 10 0 0 0 0 0 0 0 0 0 0 0 
1167 10 0 0 0 0 0 0 0 0 0 0 0 
1168 10 0 0 0 0 0 0 0 0 0 0 0 
1169 10 0 0 0 0 0 0 0 0 0 0 0 
1170 10 0 0 0 0 0 0 0 0 0 0 0 
1171 10 0 0 0 0 0 0 0 0 0 0 0 
1172 10 0 0 0 0 0 0 0 0 0 0 0 
1173 10 0 0 0 0 0 0 0 0 0 0 0 
1174 10 0 0 0 0 0 0 0 0 0 0 0 
1175 10 0 0 0 0 0 0 0 0 0 0 0 
1176 10 0 0 0 0 0 0 0 0 0 0 0 
1177 10 0 0 0 0 0 0 0 0 0 0 0 
1178 10 0 0 0 0 0 0 0 0 0 0 0 
1179 10 0 0 0 0 0 0 0 0 0 0 0 
1180 10 0 0 0 0 0 0 0 0 0 0 0 
1181 10 0 0 0 0 0 0 0 0 0 0 0 
1182 10 0 0 0 0 0 0 0 0 0 0 0 
1183 10 0 0 0 0 0 0 0 0 0 0 0 
1184 10 0 0 0 0 0 0 0 0 0 0 0 
1185 10 0 0 0 0 0 0 0 0 0 0 0 
1186 10 0 0 0 0 0 0 0 0 0 0 0 
1187 10 0 0 0 0 0 0 0 0 0 0 0 
1188 10 0 0 0 0 0 0 0 0 0 0 0 
1189 10 0 0 0 0 0 0 0 0 0 0 0 
1190 10 0 0 0 0 0 0 0 0 0 0 0 
1191 10 0 0 0 0 0 0 0 0 0 0 0 
1192 10 0 0 0 0 0 0 0 0 0 0 0 
1193 10 0 0 0 0 0 0 0 0 0 0 0 
1194 10 0 0 0 0 0 0 0 0 0 0 0 
1195 10 0 0 0 0 0 0 0 0 0 0 0 
1196 10 0 0 0 0 0 0 0 0 0 0 0 
1197 10 0 0 0 0 0 0 0 0 0 0 0 
1198 10 0 0 0 0 0 0 0 0 0 0 0 
1199 10 0 0 0 0 0 0 0 0 0 0 0 
1200 10 0 0 0 0 0 0 0 0 0 0 0 
1201 10 0 0 0 0 0 0 0 0 0 0 0 
1202 10 0 0 0 0 0 0 0 0 0 0 0 
1203 10 0 0 0 0 0 0 0 0 0 0 0 
1204 10 0 0 0 0 0 0 0 0 0 0 0 
1205 10 0 0 0 0 0 0 0 0 0 0 0 
1206 10 0 0 0 0 0 0 0 0 0 0 0 
1207 10 0 0 0 0 0 0 0 0 0 0 0 
1208 10 0 0 0 0 0 0 0 0 0 0 0 
1209 10 0 0 0 0 0 0 0 0 0 0 0 
1210 10 0 0 0 0 0 0 0 0 0 0 0 
1211 10 0 0 0 0 0 0 0 0 0 0 0 
1212 10 0 0 0 0 0 0 0 0 0 0 0 
1213 10 0 0 0 0 0 0 0 0 0 0 0 
1214 10 0 0 0 0 0 0 0 0 0 0 0 
1215 10 0 0 0 0 0 0 0 0 0 0 0 
1216 10 0 0 0 0 0 0 0 0 0 0 0 
1217 10 0 0 0 0 0 0 0 0 0 0 0 
1218 10 0 0 0 0 0 0 0 0 0 0 0 
1219 10 0 0 0 0 0 0 0 0 0 0 0 
1220 10 0 0 0 0 0 0 0 0 0 0 0 
1221 10 0 0 0 0 0 0 0 0 0 0 0 
1222 10 0 0 0 0 0 0 0 0 0 0 0 
1223 10 0 0 0 0 0 0 0 0 0 0 0 
1224 10 0 0 0 0 0 0 0 0 0 0 0 
1225 10 0 0 0 0 0 0 0 0 0 0 0 
1226 10 0 0 0 0 0 0 0 0 0 0 0 
1227 10 0 0 0 0 0 0 0 0 0 0 0 
1228 10 0 0 0 0 0 0 0 0 0 0 0 
1229 10 0 0 0 0 0 0 0 0 0 0 0 
1230 10 0 0 0 0 0 0 0 0 0 0 0 
1231 10 0 0 0 0 0 0 0 0 0 0 0 
1232 10 0 0 0 0 0 0 0 0 0 0 0 
1233 10 0 0 0 0 0 0 0 0 0 0 0 
1234 10 0 0 0 0 0 0 0 0 0 0 0 
1235 10 0 0 0 0 0 0 0 0 0 0 0 
1236 10 0 0 0 0 0 0 0 0 0 0 0 
1237 10 0 0 0 0 0 0 0 0 0 0 0 
1238 10 0 0 0 0 0 0 0 0 0 0 0 
1239 10 0 0 0 0 0 0 0 0 0 0 0 
1240 10 0 0 0 0 0 0 0 0 0 0 0 
1241 10 0 0 0 0 0 0 0 0 0 0 0 
1242 10 0 0 0 0 0 0 0 0 0 0 0 
1243 10 0 0 0 0 0 0 0 0 0 0 0 
1244 10 0 0 0 0 0 0 0 0 0 0 0 
1245 10 0 0 0 0 0 0 0 0 0 0 0 
1246 10 0 0 0 0 0 0 0 0 0 0 0 
1247 10 0 0 0 0 0 0 0 0 0 0 0 
1248 10 0 0 0 0 0 0 0 0 0 0 0 
1249 10 0 0 0 0 0 0 0 0 0 0 0 
1250 10 0 0 0 0 0 0 0 0 0 0 0 
1251 10 0 0 0 0 0 0 0 0 0 0 0 
1252 10 0 0 0 0 0 0 0 0 0 0 0 
1253 10 0 0 0 0 0 0 0 0 0 0 0 
1254 10 0 0 0 0 0 0 0 0 0 0 0 
1255 10 0 0 0 0 0 0 0 0 0 0 0 
1256 10 0 0 0 0 0 0 0 0 0 0 0 
1257 10 0 0 0 0 0 0 0 0 0 0 0 
1258 10 0 0 0 0 0 0 0 0 0 0 0 
1259 10 0 0 0 0 0 0 0 0 0 0 0 
1260 10 0 0 0 0 0 0 0 0 0 0 0 
1261 10 0 0 0 0 0 0 0 0 0 0 0 
1262 10 0 0 0 0 0 0 0 0 0 0 0 
1263 10 0 0 0 0 0 0 0 0 0 0 0 
1264 10 0 0 0 0 0 0 0 0 0 0 0 
1265 10 0 0 0 0 0 0 0 0 0 0 0 
1266 10 0 0 0 0 0 0 0 0 0 0 0 
1267 10 0 0 0 0 0 0 0 0 0 0 0 
1268 10 0 0 0 0 0 0 0 0 0 0 0 
1269 10 0 0 0 0 0 0 0 0 0 0 0 
1270 10 0 0 0 0 0 0 0 0 0 0 0 
1271 10 0 0 0 0 0 0 0 0 0 0 0 
1272 10 0 0 0 0 0 0 0 0 0 0 0 
1273 10 0 0 0 0 0 0 0 0 0 0 0 
1274 10 0 0 0 0 0 0 0 0 0 0 0 
1275 10 0 0 0 0 0 0 0 0 0 0 0 
1276 10 0 0 0 0 0 0 0 0 0 0 0 
1277 10 0 0 0 0 0 0 0 0 0 0 0 
1278 10 0 0 0 0 0 0 0 0 0 0 0 
1279 10 0 0 0 0 0 0 0 0 0 0 0 
1280 10 0 0 0 0 0 0 0 0 0 0 0 
1281 10 0 0 0 0 0 0 0 0 0 0 0 
1282 10 0 0 0 0 0 0 0 0 0 0 0 
1283 10 0 0 0 0 0 0 0 0 0 0 0 
1284 10 0 0 0 0 0 0 0 0 0 0 0 
1285 10 0 0 0 0 0 0 0 0 0 0 0 
1286 10 0 0 0 0 0 0 0 0 0 0 0 
1287 10 0 0 0 0 0 0 0 0 0 0 0 
1288 10 0 0 0 0 0 0 0 0 0 0 0 
1289 10 0 0 0 0 0 0 0 0 0 0 0 
1290 10 0 0 0 0 0 0 0 0 0 0 0 
1291 10 0 0 0 0 0 0 0 0 0 0 0 
1292 10 0 0 0 0 0 0 0 0 0 0 0 
1293 10 0 0 0 0 0 0 0 0 0 0 0 
1294 10 0 0 0 0 0 0 0 0 0 0 0 
1295 10 0 0 0 0 0 0 0 0 0 0 0 
1296 10 0 0 0 0 0 0 0 0 0 0 0 
1297 10 0 0 0 0 0 0 0 0 0 0 0 
1298 10 0 0 0 0 0 0 0 0 0 0 0 
1299 10 0 0 0 0 0 0 0 0 0 0 0 
1300 10 0 0 0 0 0 0 0 0 0 0 0 
1301 10 0 0 0 0 0 0 0 0 0 0 0 
1302 10 0 0 0 0 0 0 0 0 0 0 0 
1303 10 0 0 0 0 0 0 0 0 0 0 0 
1304 10 0 0 0 0 0 0 0 0 0 0 0 
1305 10 0 0 0 0 0 0 0 0 0 0 0 
1306 10 0 0 0 0 0 0 0 0 0 0 0 
1307 10 0 0 0 0 0 0 0 0 0 0 0 
1308 10 0 0 0 0 0 0 0 0 0 0 0 
1309 10 0 0 0 0 0 0 0 0 0 0 0 
1310 10 0 0 0 0 0 0 0 0 0 0 0 
1311 10 0 0 0 0 0 0 0 0 0 0 0 
1312 10 0 0 0 0 0 0 0 0 0 0 0 
1313 10 0 0 0 0 0 0 0 0 0 0 0 
1314 10 0 0 0 0 0 0 0 0 0 0 0 
1315 10 0 0 0 0 0 0 0 0 0 0 0 
1316 10 0 0 0 0 0 0 0 0 0 0 0 
1317 10 0 0 0 0 0 0 0 0 0 0 0 
1318 10 0 0 0 0 0 0 0 0 0 0 0 
1319 10 0 0 0 0 0 0 0 0 0 0 0 
1320 10 0 0 0 0 0 0 0 0 0 0 0 
1321 10 0 0 0 0 0 0 0 0 0 0 0 
1322 10 0 0 0 0 0 0 0 0 0 0 0 
1323 10 0 0 0 0 0 0 0 0 0 0 0 
1324 10 0 0 0 0 0 0 0 0 0 0 0 
1325 10 0 0 0 0 0 0 0 0 0 0 0 
1326 10 0 0 0 0 0 0 0 0 0 0 0 
1327 10 0 0 0 0 0 0 0 0 0 0 0 
1328 10 0 0 0 0 0 0 0 0 0 0 0 
1329 10 0 0 0 0 0 0 0 0 0 0 0 
1330 10 0 0 0 0 0 0 0 0 0 0 0 
1331 10 0 0 0 0 0 0 0 0 0 0 0 
1332 10 0 0 0 0 0 0 0 0 0 0 0 
1333 10 0 0 0 0 0 0 0 0 0 0 0 
1334 10 0 0 0 0 0 0 0 0 0 0 0 
1335 10 0 0 0 0 0 0 0 0 0 0 0 
1336 10 0 0 0 0 0 0 0 0 0 0 0 
1337 10 0 0 0 0 0 0 0 0 0 0 0 
1338 10 0 0 0 0 0 0 0 0 0 0 0 
1339 10 0 0 0 0 0 0 0 0 0 0 0 
1340 10 0 0 0 0 0 0 0 0 0 0 0 
1341 10 0 0 0 0 0 0 0 0 0 0 0 
1342 10 0 0 0 0 0 0 0 0 0 0 0 
1343 10 0 0 0 0 0 0 0 0 0 0 0 
1344 10 0 0 0 0 0 0 0 0 0 0 0 
1345 10 0 0 0 0 0 0 0 0 0 0 0 
1346 10 0 0 0 0 0 0 0 0 0 0 0 
1347 10 0 0 0 0 0 0 0 0 0 0 0 
1348 10 0 0 0 0 0 0 0 0 0 0 0 
1349 10 0 0 0 0 0 0 0 0 0 0 0 
1350 10 0 0 0 0 0 0 0 0 0 0 0 
1351 10 0 0 0 0 0 0 0 0 0 0 0 
1352 10 0 0 0 0 0 0 0 0 0 0 0 
1353 10 0 0 0 0 0 0 0 0 0 0 0 
1354 10 0 0 0 0 0 0 0 0 0 0 0 
1355 10 0 0 0 0 0 0 0 0 0 0 0 
1356 10 0 0 0 0 0 0 0 0 0 0 0 
1357 10 0 0 0 0 0 0 0 0 0 0 0 
1358 10 0 0 0 0 0 0 0 0 0 0 0 
1359 10 0 0 0 0 0 0 0 0 0 0 0 
1360 10 0 0 0 0 0 0 0 0 0 0 0 
1361 10 0 0 0 0 0 0 0 0 0 0 0 
1362 10 0 0 0 0 0 0 0 0 0 0 0 
1363 10 0 0 0 0 0 0 0 0 0 0 0 
1364 10 0 0 0 0 0 0 0 0 0 0 0 
1365 10 0 0 0 0 0 0 0 0 0 0 0 
1366 10 0 0 0 0 0 0 0 0 0 0 0 
1367 10 0 0 0 0 0 0 0 0 0 0 0 
1368 10 0 0 0 0 0 0 0 0 0 0 0 
1369 10 0 0 0 0 0 0 0 0 0 0 0 
1370 10 0 0 0 0 0 0 0 0 0 0 0 
1371 10 0 0 0 0 0 0 0 0 0 0 0 
1372 10 0 0 0 0 0 0 0 0 0 0 0 
1373 10 0 0 0 0 0 0 0 0 0 0 0 
1374 10 0 0 0 0 0 0 0 0 0 0 0 
1375 10 0 0 0 0 0 0 0 0 0 0 0 
1376 10 0 0 0 0 0 0 0 0 0 0 0 
1377 10 0 0 0 0 0 0 0 0 0 0 0 
1378 10 0 0 0 0 0 0 0 0 0 0 0 
1379 10 0 0 0 0 0 0 0 0 0 0 0 
1380 10 0 0 0 0 0 0 0 0 0 0 0 
1381 10 0 0 0 0 0 0 0 0 0 0 0 
1382 10 0 0 0 0 0 0 0 0 0 0 0 
1383 10 0 0 0 0 0 0 0 0 0 0 0 
1384 10 0 0 0 0 0 0 0 0 0 0 0 
1385 10 0 0 0 0 0 0 0 0 0 0 0 
1386 10 0 0 0 0 0 0 0 0 0 0 0 
1387 10 0 0 0 0 0 0 0 0 0 0 0 
1388 10 0 0 0 0 0 0 0 0 0 0 0 
1389 10 0 0 0 0 0 0 0 0 0 0 0 
1390 10 0 0 0 0 0 0 0 0 0 0 0 
1391 10 0 0 0 0 0 0 0 0 0 0 0 
1392 10 0 0 0 0 0 0 0 0 0 0 0 
1393 10 0 0 0 0 0 0 0 0 0 0 0 
1394 10 0 0 0 0 0 0 0 0 0 0 0 
1395 10 0 0 0 0 0 0 0 0 0 0 0 
1396 10 0 0 0 0 0 0 0 0 0 0 0 
1397 10 0 0 0 0 0 0 0 0 0 0 0 
1398 10 0 0 0 0 0 0 0 0 0 0 0 
1399 10 0 0 0 0 0 0 0 0 0 0 0 
1400 10 0 0 0 0 0 0 0 0 0 0 0 
1401 10 0 0 0 0 0 0 0 0 0 0 0 
1402 10 0 0 0 0 0 0 0 0 0 0 0 
1403 10 0 0 0 0 0 0 0 0 0 0 0 
1404 10 0 0 0 0 0 0 0 0 0 0 0 
1405 10 0 0 0 0 0 0 0 0 0 0 0 
1406 10 0 0 0 0 0 0 0 0 0 0 0 
1407 10 0 0 0 0 0 0 0 0 0 0 0 
1408 10 0 0 0 0 0 0 0 0 0 0 0 
1409 10 0 0 0 0 0 0 0 0 0 0 0 
1410 10 0 0 0 0 0 0 0 0 0 0 0 
1411 10 0 0 0 0 0 0 0 0 0 0 0 
1412 10 0 0 0 0 0 0 0 0 0 0 0 
1413 10 0 0 0 0 0 0 0 0 0 0 0 
1414 10 0 0 0 0 0 0 0 0 0 0 0 
1415 10 0 0 0 0 0 0 0 0 0 0 0 
1416 10 0 0 0 0 0 0 0 0 0 0 0 
1417 10 0 0 0 0 0 0 0 0 0 0 0 
1418 10 0 0 0 0 0 0 0 0 0 0 0 
1419 10 0 0 0 0 0 0 0 0 0 0 0 
1420 10 0 0 0 0 0 0 0 0 0 0 0 
1421 10 0 0 0 0 0 0 0 0 0 0 0 
1422 10 0 0 0 0 0 0 0 0 0 0 0 
1423 10 0 0 0 0 0 0 0 0 0 0 0 
1424 10 0 0 0 0 0 0 0 0 0 0 0 
1425 10 0 0 0 0 0 0 0 0 0 0 0 
1426 10 0 0 0 0 0 0 0 0 0 0 0 
1427 10 0 0 0 0 0 0 0 0 0 0 0 
1428 10 0 0 0 0 0 0 0 0 0 0 0 
1429 10 0 0 0 0 0 0 0 0 0 0 0 
1430 10 0 0 0 0 0 0 0 0 0 0 0 
1431 10 0 0 0 0 0 0 0 0 0 0 0 
1432 10 0 0 0 0 0 0 0 0 0 0 0 
1433 10 0 0 0 0 0 0 0 0 0 0 0 
1434 10 0 0 0 0 0 0 0 0 0 0 0 
1435 10 0 0 0 0 0 0 0 0 0 0 0 
1436 10 0 0 0 0 0 0 0 0 0 0 0 
1437 10 0 0 0 0 0 0 0 0 0 0 0 
1438 10 0 0 0 0 0 0 0 0 0 0 0 
1439 10 0 0 0 0 0 0 0 0 0 0 0 
1440 10 0 0 0 0 0 0 0 0 0 0 0 
1441 10 0 0 0 0 0 0 0 0 0 0 0 
1442 10 0 0 0 0 0 0 0 0 0 0 0 
1443 10 0 0 0 0 0 0 0 0 0 0 0 
1444 10 0 0 0 0 0 0 0 0 0 0 0 
1445 10 0 0 0 0 0 0 0 0 0 0 0 
1446 10 0 0 0 0 0 0 0 0 0 0 0 
1447 10 0 0 0 0 0 0 0 0 0 0 0 
1448 10 0 0 0 0 0 0 0 0 0 0 0 
1449 10 0 0 0 0 0 0 0 0 0 0 0 
1450 10 0 0 0 0 0 0 0 0 0 0 0 
1451 10 0 0 0 0 0 0 0 0 0 0 0 
1452 10 0 0 0 0 0 0 0 0 0 0 0 
1453 10 0 0 0 0 0 0 0 0 0 0 0 
1454 10 0 0 0 0 0 0 0 0 0 0 0 
1455 10 0 0 0 0 0 0 0 0 0 0 0 
1456 10 0 0 0 0 0 0 0 0 0 0 0 
1457 10 0 0 0 0 0 0 0 0 0 0 0 
1458 10 0 0 0 0 0 0 0 0 0 0 0 
1459 10 0 0 0 0 0 0 0 0 0 0 0 
1460 10 0 0 0 0 0 0 0 0 0 0 0 
1461 10 0 0 0 0 0 0 0 0 0 0 0 
1462 10 0 0 0 0 0 0 0 0 0 0 0 
1463 10 0 0 0 0 0 0 0 0 0 0 0 
1464 10 0 0 0 0 0 0 0 0 0 0 0 
1465 10 0 0 0 0 0 0 0 0 0 0 0 
1466 10 0 0 0 0 0 0 0 0 0 0 0 
1467 10 0 0 0 0 0 0 0 0 0 0 0 
1468 10 0 0 0 0 0 0 0 0 0 0 0 
1469 10 0 0 0 0 0 0 0 0 0 0 0 
1470 10 0 0 0 0 0 0 0 0 0 0 0 
1471 10 0 0 0 0 0 0 0 0 0 0 0 
1472 10 0 0 0 0 0 0 0 0 0 0 0 
1473 10 0 0 0 0 0 0 0 0 0 0 0 
1474 10 0 0 0 0 0 0 0 0 0 0 0 
1475 10 0 0 0 0 0 0 0 0 0 0 0 
1476 10 0 0 0 0 0 0 0 0 0 0 0 
1477 10 0 0 0 0 0 0 0 0 0 0 0 
1478 10 0 0 0 0 0 0 0 0 0 0 0 
1479 10 0 0 0 0 0 0 0 0 0 0 0 
1480 10 0 0 0 0 0 0 0 0 0 0 0 
1481 10 0 0 0 0 0 0 0 0 0 0 0 
1482 10 0 0 0 0 0 0 0 0 0 0 0 
1483 10 0 0 0 0 0 0 0 0 0 0 0 
1484 10 0 0 0 0 0 0 0 0 0 0 0 
1485 10 0 0 0 0 0 0 0 0 0 0 0 
1486 10 0 0 0 0 0 0 0 0 0 0 0 
1487 10 0 0 0 0 0 0 0 0 0 0 0 
1488 10 0 0 0 0 0 0 0 0 0 0 0 
1489 10 0 0 0 0 0 0 0 0 0 0 0 
1490 10 0 0 0 0 0 0 0 0 0 0 0 
1491 10 0 0 0 0 0 0 0 0 0 0 0 
1492 10 0 0 0 0 0 0 0 0 0 0 0 
1493 10 0 0 0 0 0 0 0 0 0 0 0 
1494 10 0 0 0 0 0 0 0 0 0 0 0 
1495 10 0 0 0 0 0 0 0 0 0 0 0 
1496 10 0 0 0 0 0 0 0 0 0 0 0 
1497 10 0 0 0 0 0 0 0 0 0 0 0 
1498 10 0 0 0 0 0 0 0 0 0 0 0 
1499 10 0 0 0 0 0 0 0 0 0 0 0 
1500 10 0 0 0 0 0 0 0 0 0 0 0 
1501 10 0 0 0 0 0 0 0 0 0 0 0 
1502 10 0 0 0 0 0 0 0 0 0 0 0 
1503 10 0 0 0 0 0 0 0 0 0 0 0 
1504 10 0 0 0 0 0 0 0 0 0 0 0 
1505 10 0 0 0 0 0 0 0 0 0 0 0 
1506 10 0 0 0 0 0 0 0 0 0 0 0 
1507 10 0 0 0 0 0 0 0 0 0 0 0 
1508 10 0 0 0 0 0 0 0 0 0 0 0 
1509 10 0 0 0 0 0 0 0 0 0 0 0 
1510 10 0 0 0 0 0 0 0 0 0 0 0 
1511 10 0 0 0 0 0 0 0 0 0 0 0 
1512 10 0 0 0 0 0 0 0 0 0 0 0 
1513 10 0 0 0 0 0 0 0 0 0 0 0 
1514 10 0 0 0 0 0 0 0 0 0 0 0 
1515 10 0 0 0 0 0 0 0 0 0 0 0 
1516 10 0 0 0 0 0 0 0 0 0 0 0 
1517 10 0 0 0 0 0 0 0 0 0 0 0 
1518 10 0 0 0 0 0 0 0 0 0 0 0 
1519 10 0 0 0 0 0 0 0 0 0 0 0 
1520 10 0 0 0 0 0 0 0 0 0 0 0 
1521 10 0 0 0 0 0 0 0 0 0 0 0 
1522 10 0 0 0 0 0 0 0 0 0 0 0 
1523 10 0 0 0 0 0 0 0 0 0 0 0 
1524 10 0 0 0 0 0 0 0 0 0 0 0 
1525 10 0 0 0 0 0 0 0 0 0 0 0 
1526 10 0 0 0 0 0 0 0 0 0 0 0 
1527 10 0 0 0 0 0 0 0 0 0 0 0 
1528 10 0 0 0 0 0 0 0 0 0 0 0 
1529 10 0 0 0 0 0 0 0 0 0 0 0 
1530 10 0 0 0 0 0 0 0 0 0 0 0 
1531 10 0 0 0 0 0 0 0 0 0 0 0 
1532 10 0 0 0 0 0 0 0 0 0 0 0 
1533 10 0 0 0 0 0 0 0 0 0 0 0 
1534 10 0 0 0 0 0 0 0 0 0 0 0 
1535 10 0 0 0 0 0 0 0 0 0 0 0 
1536 10 0 0 0 0 0 0 0 0 0 0 0 
1537 10 0 0 0 0 0 0 0 0 0 0 0 
1538 10 0 0 0 0 0 0 0 0 0 0 0 
1539 10 0 0 0 0 0 0 0 0 0 0 0 
1540 10 0 0 0 0 0 0 0 0 0 0 0 
1541 10 0 0 0 0 0 0 0 0 0 0 0 
1542 10 0 0 0 0 0 0 0 0 0 0 0 
1543 10 0 0 0 0 0 0 0 0 0 0 0 
1544 10 0 0 0 0 0 0 0 0 0 0 0 
1545 10 0 0 0 0 0 0 0 0 0 0 0 
1546 10 0 0 0 0 0 0 0 0 0 0 0 
1547 10 0 0 0 0 0 0 0 0 0 0 0 
1548 10 0 0 0 0 0 0 0 0 0 0 0 
1549 10 0 0 0 0 0 0 0 0 0 0 0 
1550 10 0 0 0 0 0 0 0 0 0 0 0 
1551 10 0 0 0 0 0 0 0 0 0 0 0 
1552 10 0 0 0 0 0 0 0 0 0 0 0 
1553 10 0 0 0 0 0 0 0 0 0 0 0 
1554 10 0 0 0 0 0 0 0 0 0 0 0 
1555 10 0 0 0 0 0 0 0 0 0 0 0 
1556 10 0 0 0 0 0 0 0 0 0 0 0 
1557 10 0 0 0 0 0 0 0 0 0 0 0 
1558 10 0 0 0 0 0 0 0 0 0 0 0 
1559 10 0 0 0 0 0 0 0 0 0 0 0 
1560 10 0 0 0 0 0 0 0 0 0 0 0 
1561 10 0 0 0 0 0 0 0 0 0 0 0 
1562 10 0 0 0 0 0 0 0 0 0 0 0 
1563 10 0 0 0 0 0 0 0 0 0 0 0 
1564 10 0 0 0 0 0 0 0 0 0 0 0 
1565 10 0 0 0 0 0 0 0 0 0 0 0 
1566 10 0 0 0 0 0 0 0 0 0 0 0 
1567 10 0 0 0 0 0 0 0 0 0 0 0 
1568 10 0 0 0 0 0 0 0 0 0 0 0 
1569 10 0 0 0 0 0 0 0 0 0 0 0 
1570 10 0 0 0 0 0 0 0 0 0 0 0 
1571 10 0 0 0 0 0 0 0 0 0 0 0 
1572 10 0 0 0 0 0 0 0 0 0 0 0 
1573 10 0 0 0 0 0 0 0 0 0 0 0 
1574 10 0 0 0 0 0 0 0 0 0 0 0 
1575 10 0 0 0 0 0 0 0 0 0 0 0 
1576 10 0 0 0 0 0 0 0 0 0 0 0 
1577 10 0 0 0 0 0 0 0 0 0 0 0 
1578 10 0 0 0 0 0 0 0 0 0 0 0 
1579 10 0 0 0 0 0 0 0 0 0 0 0 
1580 10 0 0 0 0 0 0 0 0 0 0 0 
1581 10 0 0 0 0 0 0 0 0 0 0 0 
1582 10 0 0 0 0 0 0 0 0 0 0 0 
1583 10 0 0 0 0 0 0 0 0 0 0 0 
1584 10 0 0 0 0 0 0 0 0 0 0 0 
1585 10 0 0 0 0 0 0 0 0 0 0 0 
1586 10 0 0 0 0 0 0 0 0 0 0 0 
1587 10 0 0 0 0 0 0 0 0 0 0 0 
1588 10 0 0 0 0 0 0 0 0 0 0 0 
1589 10 0 0 0 0 0 0 0 0 0 0 0 
1590 10 0 0 0 0 0 0 0 0 0 0 0 
1591 10 0 0 0 0 0 0 0 0 0 0 0 
1592 10 0 0 0 0 0 0 0 0 0 0 0 
1593 10 0 0 0 0 0 0 0 0 0 0 0 
1594 10 0 0 0 0 0 0 0 0 0 0 0 
1595 10 0 0 0 0 0 0 0 0 0 0 0 
1596 10 0 0 0 0 0 0 0 0 0 0 0 
1597 10 0 0 0 0 0 0 0 0 0 0 0 
1598 10 0 0 0 0 0 0 0 0 0 0 0 
1599 10 0 0 0 0 0 0 0 0 0 0 0 
1600 10 0 0 0 0 0 0 0 0 0 0 0 
1601 10 0 0 0 0 0 0 0 0 0 0 0 
1602 10 0 0 0 0 0 0 0 0 0 0 0 
1603 10 0 0 0 0 0 0 0 0 0 0 0 
1604 10 0 0 0 0 0 0 0 0 0 0 0 
1605 10 0 0 0 0 0 0 0 0 0 0 0 
1606 10 0 0 0 0 0 0 0 0 0 0 0 
1607 10 0 0 0 0 0 0 0 0 0 0 0 
1608 10 0 0 0 0 0 0 0 0 0 0 0 
1609 10 0 0 0 0 0 0 0 0 0 0 0 
1610 10 0 0 0 0 0 0 0 0 0 0 0 
1611 10 0 0 0 0 0 0 0 0 0 0 0 
1612 10 0 0 0 0 0 0 0 0 0 0 0 
1613 10 0 0 0 0 0 0 0 0 0 0 0 
1614 10 0 0 0 0 0 0 0 0 0 0 0 
1615 10 0 0 0 0 0 0 0 0 0 0 0 
1616 10 0 0 0 0 0 0 0 0 0 0 0 
1617 10 0 0 0 0 0 0 0 0 0 0 0 
1618 10 0 0 0 0 0 0 0 0 0 0 0 
1619 10 0 0 0 0 0 0 0 0 0 0 0 
1620 10 0 0 0 0 0 0 0 0 0 0 0 
1621 10 0 0 0 0 0 0 0 0 0 0 0 
1622 10 0 0 0 0 0 0 0 0 0 0 0 
1623 10 0 0 0 0 0 0 0 0 0 0 0 
1624 10 0 0 0 0 0 0 0 0 0 0 0 
1625 10 0 0 0 0 0 0 0 0 0 0 0 
1626 10 0 0 0 0 0 0 0 0 0 0 0 
1627 10 0 0 0 0 0 0 0 0 0 0 0 
1628 10 0 0 0 0 0 0 0 0 0 0 0 
1629 10 0 0 0 0 0 0 0 0 0 0 0 
1630 10 0 0 0 0 0 0 0 0 0 0 0 
1631 10 3 0 0 0 0 0 0 0 0 0 0 
1632 10 4 0 0 0 0 0 0 0 0 0 0 
1633 10 5 0 0 0 0 0 0 0 0 0 0 
1634 10 6 0 0 0 0 0 0 0 0 0 0 
1635 10 7 0 0 0 0 0 0 0 0 0 0 
1636 10 8 0 0 0 0 0 0 0 0 0 0 
1637 10 0 0 0 0 0 0 0 0 0 0 0 
1638 10 0 0 0 0 0 0 0 0 0 0 0 
1639 10 0 0 0 0 0 0 0 0 0 0 0 
1640 10 0 0 0 0 0 0 0 0 0 0 0 
1641 10 0 0 0 0 0 0 0 0 0 0 0 
1642 10 0 0 0 0 0 0 0 0 0 0 0 
1643 10 0 0 0 0 0 0 0 0 0 0 0 
1644 10 0 0 0 0 0 0 0 0 0 0 0 
1645 10 0 0 0 0 0 0 0 0 0 0 0 
1646 10 0 0 0 0 0 0 0 0 0 0 0 
1647 10 11 0 0 0 0 0 0 0 0 0 0 
1648 10 12 0 0 0 0 0 0 0 0 0 0 
1649 10 13 0 0 0 0 0 0 0 0 0 0 
1650 10 14 0 0 0 0 0 0 0 0 0 0 
1651 10 0 0 0 0 0 0 0 0 0 0 0 
1652 10 0 0 0 0 0 0 0 0 0 0 0 
1653 10 0 0 0 0 0 0 0 0 0 0 0 
1654 10 0 0 0 0 0 0 0 0 0 0 0 
1655 10 16 0 0 0 0 0 0 0 0 0 0 
1656 10 17 0 0 0 0 0 0 0 0 0 0 
1657 10 0 0 0 0 0 0 0 0 0 0 0 
1658 10 0 0 0 0 0 0 0 0 0 0 0 
1659 10 0 0 0 0 0 0 0 0 0 0 0 
1660 10 0 0 0 0 0 0 0 0 0 0 0 
1661 10 0 0 0 0 0 0 0 0 0 0 0 
1662 10 0 0 0 0 0 0 0 0 0 0 0 
1663 10 0 0 0 0 0 0 0 0 0 0 0 
1664 10 0 0 0 0 0 0 0 0 0 0 0 
1665 10 0 0 0 0 0 0 0 0 0 0 0 
1666 10 0 0 0 0 0 0 0 0 0 0 0 
1667 10 0 0 0 0 0 0 0 0 0 0 0 
1668 10 0 0 0 0 0 0 0 0 0 0 0 
1669 10 0 0 0 0 0 0 0 0 0 0 0 
1670 10 0 0 0 0 0 0 0 0 0 0 0 
1671 10 0 0 0 0 0 0 0 0 0 0 0 
1672 10 0 0 0 0 0 0 0 0 0 0 0 
1673 10 0 0 0 0 0 0 0 0 0 0 0 
1674 10 0 0 0 0 0 0 0 0 0 0 0 
1675 10 0 0 0 0 0 0 0 0 0 0 0 
1676 10 0 0 0 0 0 0 0 0 0 0 0 
1677 10 0 0 0 0 0 0 0 0 0 0 0 
1678 10 0 0 0 0 0 0 0 0 0 0 0 
1679 10 0 0 0 0 0 0 0 0 0 0 0 
1680 10 0 0 0 0 0 0 0 0 0 0 0 
1681 10 0 0 0 0 0 0 0 0 0 0 0 
1682 10 0 0 0 0 0 0 0 0 0 0 0 
1683 10 0 0 0 0 0 0 0 0 0 0 0 
1684 10 0 0 0 0 0 0 0 0 0 0 0 
1685 10 0 0 0 0 0 0 0 0 0 0 0 
1686 10 0 0 0 0 0 0 0 0 0 0 0 
1687 10 0 0 0 0 0 0 0 0 0 0 0 
1688 10 0 0 0 0 0 0 0 0 0 0 0 
1689 10 0 0 0 0 0 0 0 0 0 0 0 
1690 10 0 0 0 0 0 0 0 0 0 0 0 
1691 10 0 0 0 0 0 0 0 0 0 0 0 
1692 10 0 0 0 0 0 0 0 0 0 0 0 
1693 10 0 0 0 0 0 0 0 0 0 0 0 
1694 10 0 0 0 0 0 0 0 0 0 0 0 
1695 10 21 0 0 0 0 0 0 0 0 0 0 
1696 10 22 0 0 0 0 0 0 0 0 0 0 
1697 10 0 0 0 0 0 0 0 0 0 0 0 
1698 10 0 0 0 0 0 0 0 0 0 0 0 
1699 10 24 0 0 0 0 0 0 0 0 0 0 
1700 10 25 0 0 0 0 0 0 0 0 0 0 
1701 10 0 0 0 0 0 0 0 0 0 0 0 
1702 10 0 0 0 0 0 0 0 0 0 0 0 
1703 10 0 0 0 0 0 0 0 0 0 0 0 
1704 10 0 0 0 0 0 0 0 0 0 0 0 
1705 10 0 0 0 0 0 0 0 0 0 0 0 
1706 10 0 0 0 0 0 0 0 0 0 0 0 
1707 10 0 0 0 0 0 0 0 0 0 0 0 
1708 10 0 0 0 0 0 0 0 0 0 0 0 
1709 10 0 0 0 0 0 0 0 0 0 0 0 
1710 10 0 0 0 0 0 0 0 0 0 0 0 
1711 10 0 0 0 0 0 0 0 0 0 0 0 
1712 10 0 0 0 0 0 0 0 0 0 0 0 
1713 10 0 0 0 0 0 0 0 0 0 0 0 
1714 10 0 0 0 0 0 0 0 0 0 0 0 
1715 10 0 0 0 0 0 0 0 0 0 0 0 
1716 10 0 0 0 0 0 0 0 0 0 0 0 
1717 10 0 0 0 0 0 0 0 0 0 0 0 
1718 10 0 0 0 0 0 0 0 0 0 0 0 
1719 10 0 0 0 0 0 0 0 0 0 0 0 
1720 10 0 0 0 0 0 0 0 0 0 0 0 
1721 10 0 0 0 0 0 0 0 0 0 0 0 
1722 10 0 0 0 0 0 0 0 0 0 0 0 
1723 10 0 0 0 0 0 0 0 0 0 0 0 
1724 10 0 0 0 0 0 0 0 0 0 0 0 
1725 10 0 0 0 0 0 0 0 0 0 0 0 
1726 10 0 0 0 0 0 0 0 0 0 0 0 
1727 10 0 0 0 0 0 0 0 0 0 0 0 
1728 10 0 0 0 0 0 0 0 0 0 0 0 
1729 10 0 0 0 0 0 0 0 0 0 0 0 
1730 10 0 0 0 0 0 0 0 0 0 0 0 
1731 10 0 0 0 0 0 0 0 0 0 0 0 
1732 10 0 0 0 0 0 0 0 0 0 0 0 
1733 10 0 0 0 0 0 0 0 0 0 0 0 
1734 10 0 0 0 0 0 0 0 0 0 0 0 
1735 10 0 0 0 0 0 0 0 0 0 0 0 
1736 10 0 0 0 0 0 0 0 0 0 0 0 
1737 10 0 0 0 0 0 0 0 0 0 0 0 
1738 10 0 0 0 0 0 0 0 0 0 0 0 
1739 10 0 0 0 0 0 0 0 0 0 0 0 
1740 10 0 0 0 0 0 0 0 0 0 0 0 
1741 10 0 0 0 0 0 0 0 0 0 0 0 
1742 10 0 0 0 0 0 0 0 0 0 0 0 
1743 10 0 0 0 0 0 0 0 0 0 0 0 
1744 10 0 0 0 0 0 0 0 0 0 0 0 
1745 10 0 0 0 0 0 0 0 0 0 0 0 
1746 10 0 0 0 0 0 0 0 0 0 0 0 
1747 10 0 0 0 0 0 0 0 0 0 0 0 
1748 10 0 0 0 0 0 0 0 0 0 0 0 
1749 10 0 0 0 0 0 0 0 0 0 0 0 
1750 10 0 0 0 0 0 0 0 0 0 0 0 
1751 10 0 0 0 0 0 0 0 0 0 0 0 
1752 10 0 0 0 0 0 0 0 0 0 0 0 
1753 10 0 0 0 0 0 0 0 0 0 0 0 
1754 10 0 0 0 0 0 0 0 0 0 0 0 
1755 10 0 0 0 0 0 0 0 0 0 0 0 
1756 10 0 0 0 0 0 0 0 0 0 0 0 
1757 10 0 0 0 0 0 0 0 0 0 0 0 
1758 10 0 0 0 0 0 0 0 0 0 0 0 
1759 10 0 0 0 0 0 0 0 0 0 0 0 
1760 10 0 0 0 0 0 0 0 0 0 0 0 
1761 10 0 0 0 0 0 0 0 0 0 0 0 
1762 10 0 0 0 0 0 0 0 0 0 0 0 
1763 10 0 0 0 0 0 0 0 0 0 0 0 
1764 10 0 0 0 0 0 0 0 0 0 0 0 
1765 10 0 0 0 0 0 0 0 0 0 0 0 
1766 10 0 0 0 0 0 0 0 0 0 0 0 
1767 10 0 0 0 0 0 0 0 0 0 0 0 
1768 10 0 0 0 0 0 0 0 0 0 0 0 
1769 10 0 0 0 0 0 0 0 0 0 0 0 
1770 10 0 0 0 0 0 0 0 0 0 0 0 
1771 10 0 0 0 0 0 0 0 0 0 0 0 
1772 10 0 0 0 0 0 0 0 0 0 0 0 
1773 10 0 0 0 0 0 0 0 0 0 0 0 
1774 10 0 0 0 0 0 0 0 0 0 0 0 
1775 10 35 0 0 0 0 0 0 0 0 0 0 
1776 10 36 0 0 0 0 0 0 0 0 0 0 
1777 10 37 0 0 0 0 0 0 0 0 0 0 
1778 10 38 0 0 0 0 0 0 0 0 0 0 
1779 10 0 0 0 0 0 0 0 0 0 0 0 
1780 10 0 0 0 0 0 0 0 0 0 0 0 
1781 10 0 0 0 0 0 0 0 0 0 0 0 
1782 10 0 0 0 0 0 0 0 0 0 0 0 
1783 10 0 0 0 0 0 0 0 0 0 0 0 
1784 10 0 0 0 0 0 0 0 0 0 0 0 
1785 10 0 0 0 0 0 0 0 0 0 0 0 
1786 10 0 0 0 0 0 0 0 0 0 0 0 
1787 10 0 0 0 0 0 0 0 0 0 0 0 
1788 10 0 0 0 0 0 0 0 0 0 0 0 
1789 10 0 0 0 0 0 0 0 0 0 0 0 
1790 10 0 0 0 0 0 0 0 0 0 0 0 
1791 10 0 0 0 0 0 0 0 0 0 0 0 
1792 10 0 0 0 0 0 0 0 0 0 0 0 
1793 10 0 0 0 0 0 0 0 0 0 0 0 
1794 10 0 0 0 0 0 0 0 0 0 0 0 
1795 10 0 0 0 0 0 0 0 0 0 0 0 
1796 10 0 0 0 0 0 0 0 0 0 0 0 
1797 10 0 0 0 0 0 0 0 0 0 0 0 
1798 10 0 0 0 0 0 0 0 0 0 0 0 
1799 10 0 0 0 0 0 0 0 0 0 0 0 
1800 10 0 0 0 0 0 0 0 0 0 0 0 
1801 10 0 0 0 0 0 0 0 0 0 0 0 
1802 10 0 0 0 0 0 0 0 0 0 0 0 
1803 10 0 0 0 0 0 0 0 0 0 0 0 
1804 10 0 0 0 0 0 0 0 0 0 0 0 
1805 10 0 0 0 0 0 0 0 0 0 0 0 
1806 10 0 0 0 0 0 0 0 0 0 0 0 
1807 10 0 0 0 0 0 0 0 0 0 0 0 
1808 10 0 0 0 0 0 0 0 0 0 0 0 
1809 10 0 0 0 0 0 0 0 0 0 0 0 
1810 10 0 0 0 0 0 0 0 0 0 0 0 
1811 10 0 0 0 0 0 0 0 0 0 0 0 
1812 10 0 0 0 0 0 0 0 0 0 0 0 
1813 10 0 0 0 0 0 0 0 0 0 0 0 
1814 10 0 0 0 0 0 0 0 0 0 0 0 
1815 10 0 0 0 0 0 0 0 0 0 0 0 
1816 10 0 0 0 0 0 0 0 0 0 0 0 
1817 10 0 0 0 0 0 0 0 0 0 0 0 
1818 10 0 0 0 0 0 0 0 0 0 0 0 
1819 10 0 0 0 0 0 0 0 0 0 0 0 
1820 10 0 0 0 0 0 0 0 0 0 0 0 
1821 10 0 0 0 0 0 0 0 0 0 0 0 
1822 10 0 0 0 0 0 0 0 0 0 0 0 
1823 10 0 0 0 0 0 0 0 0 0 0 0 
1824 10 0 0 0 0 0 0 0 0 0 0 0 
1825 10 0 0 0 0 0 0 0 0 0 0 0 
1826 10 0 0 0 0 0 0 0 0 0 0 0 
1827 10 0 0 0 0 0 0 0 0 0 0 0 
1828 10 0 0 0 0 0 0 0 0 0 0 0 
1829 10 0 0 0 0 0 0 0 0 0 0 0 
1830 10 0 0 0 0 0 0 0 0 0 0 0 
1831 10 0 0 0 0 0 0 0 0 0 0 0 
1832 10 0 0 0 0 0 0 0 0 0 0 0 
1833 10 0 0 0 0 0 0 0 0 0 0 0 
1834 10 0 0 0 0 0 0 0 0 0 0 0 
1835 10 0 0 0 0 0 0 0 0 0 0 0 
1836 10 0 0 0 0 0 0 0 0 0 0 0 
1837 10 0 0 0 0 0 0 0 0 0 0 0 
1838 10 0 0 0 0 0 0 0 0 0 0 0 
1839 10 0 0 0 0 0 0 0 0 0 0 0 
1840 10 0 0 0 0 0 0 0 0 0 0 0 
1841 10 0 0 0 0 0 0 0 0 0 0 0 
1842 10 0 0 0 0 0 0 0 0 0 0 0 
1843 10 0 0 0 0 0 0 0 0 0 0 0 
1844 10 0 0 0 0 0 0 0 0 0 0 0 
1845 10 0 0 0 0 0 0 0 0 0 0 0 
1846 10 0 0 0 0 0 0 0 0 0 0 0 
1847 10 0 0 0 0 0 0 0 0 0 0 0 
1848 10 0 0 0 0 0 0 0 0 0 0 0 
1849 10 0 0 0 0 0 0 0 0 0 0 0 
1850 10 0 0 0 0 0 0 0 0 0 0 0 
1851 10 0 0 0 0 0 0 0 0 0 0 0 
1852 10 0 0 0 0 0 0 0 0 0 0 0 
1853 10 0 0 0 0 0 0 0 0 0 0 0 
1854 10 0 0 0 0 0 0 0 0 0 0 0 
1855 10 0 0 0 0 0 0 0 0 0 0 0 
1856 10 0 0 0 0 0 0 0 0 0 0 0 
1857 10 0 0 0 0 0 0 0 0 0 0 0 
1858 10 0 0 0 0 0 0 0 0 0 0 0 
1859 10 0 0 0 0 0 0 0 0 0 0 0 
1860 10 0 0 0 0 0 0 0 0 0 0 0 
1861 10 0 0 0 0 0 0 0 0 0 0 0 
1862 10 0 0 0 0 0 0 0 0 0 0 0 
1863 10 0 0 0 0 0 0 0 0 0 0 0 
1864 10 0 0 0 0 0 0 0 0 0 0 0 
1865 10 0 0 0 0 0 0 0 0 0 0 0 
1866 10 0 0 0 0 0 0 0 0 0 0 0 
1867 10 0 0 0 0 0 0 0 0 0 0 0 
1868 10 0 0 0 0 0 0 0 0 0 0 0 
1869 10 0 0 0 0 0 0 0 0 0 0 0 
1870 10 0 0 0 0 0 0 0 0 0 0 0 
1871 10 0 0 0 0 0 0 0 0 0 0 0 
1872 10 0 0 0 0 0 0 0 0 0 0 0 
1873 10 0 0 0 0 0 0 0 0 0 0 0 
1874 10 0 0 0 0 0 0 0 0 0 0 0 
1875 10 0 0 0 0 0 0 0 0 0 0 0 
1876 10 0 0 0 0 0 0 0 0 0 0 0 
1877 10 0 0 0 0 0 0 0 0 0 0 0 
1878 10 0 0 0 0 0 0 0 0 0 0 0 
1879 10 0 0 0 0 0 0 0 0 0 0 0 
1880 10 0 0 0 0 0 0 0 0 0 0 0 
1881 10 0 0 0 0 0 0 0 0 0 0 0 
1882 10 0 0 0 0 0 0 0 0 0 0 0 
1883 10 0 0 0 0 0 0 0 0 0 0 0 
1884 10 0 0 0 0 0 0 0 0 0 0 0 
1885 10 0 0 0 0 0 0 0 0 0 0 0 
1886 10 0 0 0 0 0 0 0 0 0 0 0 
1887 10 0 0 0 0 0 0 0 0 0 0 0 
1888 10 0 0 0 0 0 0 0 0 0 0 0 
1889 10 0 0 0 0 0 0 0 0 0 0 0 
1890 10 0 0 0 0 0 0 0 0 0 0 0 
1891 10 0 0 0 0 0 0 0 0 0 0 0 
1892 10 0 0 0 0 0 0 0 0 0 0 0 
1893 10 0 0 0 0 0 0 0 0 0 0 0 
1894 10 0 0 0 0 0 0 0 0 0 0 0 
1895 10 0 0 0 0 0 0 0 0 0 0 0 
1896 10 0 0 0 0 0 0 0 0 0 0 0 
1897 10 0 0 0 0 0 0 0 0 0 0 0 
1898 10 0 0 0 0 0 0 0 0 0 0 0 
1899 10 0 0 0 0 0 0 0 0 0 0 0 
1900 10 0 0 0 0 0 0 0 0 0 0 0 
1901 10 0 0 0 0 0 0 0 0 0 0 0 
1902 10 0 0 0 0 0 0 0 0 0 0 0 
1903 10 0 0 0 0 0 0 0 0 0 0 0 
1904 10 0 0 0 0 0 0 0 0 0 0 0 
1905 10 0 0 0 0 0 0 0 0 0 0 0 
1906 10 0 0 0 0 0 0 0 0 0 0 0 
1907 10 0 0 0 0 0 0 0 0 0 0 0 
1908 10 0 0 0 0 0 0 0 0 0 0 0 
1909 10 0 0 0 0 0 0 0 0 0 0 0 
1910 10 0 0 0 0 0 0 0 0 0 0 0 
1911 10 0 0 0 0 0 0 0 0 0 0 0 
1912 10 0 0 0 0 0 0 0 0 0 0 0 
1913 10 0 0 0 0 0 0 0 0 0 0 0 
1914 10 0 0 0 0 0 0 0 0 0 0 0 
1915 10 0 0 0 0 0 0 0 0 0 0 0 
1916 10 0 0 0 0 0 0 0 0 0 0 0 
1917 10 0 0 0 0 0 0 0 0 0 0 0 
1918 10 0 0 0 0 0 0 0 0 0 0 0 
1919 10 0 0 0 0 0 0 0 0 0 0 0 
1920 10 0 0 0 0 0 0 0 0 0 0 0 
1921 10 0 0 0 0 0 0 0 0 0 0 0 
1922 10 0 0 0 0 0 0 0 0 0 0 0 
1923 10 0 0 0 0 0 0 0 0 0 0 0 
1924 10 0 0 0 0 0 0 0 0 0 0 0 
1925 10 0 0 0 0 0 0 0 0 0 0 0 
1926 10 0 0 0 0 0 0 0 0 0 0 0 
1927 10 0 0 0 0 0 0 0 0 0 0 0 
1928 10 0 0 0 0 0 0 0 0 0 0 0 
1929 10 0 0 0 0 0 0 0 0 0 0 0 
1930 10 0 0 0 0 0 0 0 0 0 0 0 
1931 10 0 0 0 0 0 0 0 0 0 0 0 
1932 10 0 0 0 0 0 0 0 0 0 0 0 
1933 10 0 0 0 0 0 0 0 0 0 0 0 
1934 10 0 0 0 0 0 0 0 0 0 0 0 
1935 10 0 0 0 0 0 0 0 0 0 0 0 
1936 10 0 0 0 0 0 0 0 0 0 0 0 
1937 10 0 0 0 0 0 0 0 0 0 0 0 
1938 10 0 0 0 0 0 0 0 0 0 0 0 
1939 10 0 0 0 0 0 0 0 0 0 0 0 
1940 10 0 0 0 0 0 0 0 0 0 0 0 
1941 10 0 0 0 0 0 0 0 0 0 0 0 
1942 10 0 0 0 0 0 0 0 0 0 0 0 
1943 10 0 0 0 0 0 0 0 0 0 0 0 
1944 10 0 0 0 0 0 0 0 0 0 0 0 
1945 10 0 0 0 0 0 0 0 0 0 0 0 
1946 10 0 0 0 0 0 0 0 0 0 0 0 
1947 10 0 0 0 0 0 0 0 0 0 0 0 
1948 10 0 0 0 0 0 0 0 0 0 0 0 
1949 10 0 0 0 0 0 0 0 0 0 0 0 
1950 10 0 0 0 0 0 0 0 0 0 0 0 
1951 10 0 0 0 0 0 0 0 0 0 0 0 
1952 10 0 0 0 0 0 0 0 0 0 0 0 
1953 10 0 0 0 0 0 0 0 0 0 0 0 
1954 10 0 0 0 0 0 0 0 0 0 0 0 
1955 10 0 0 0 0 0 0 0 0 0 0 0 
1956 10 0 0 0 0 0 0 0 0 0 0 0 
1957 10 0 0 0 0 0 0 0 0 0 0 0 
1958 10 0 0 0 0 0 0 0 0 0 0 0 
1959 10 0 0 0 0 0 0 0 0 0 0 0 
1960 10 0 0 0 0 0 0 0 0 0 0 0 
1961 10 0 0 0 0 0 0 0 0 0 0 0 
1962 10 0 0 0 0 0 0 0 0 0 0 0 
1963 10 0 0 0 0 0 0 0 0 0 0 0 
1964 10 0 0 0 0 0 0 0 0 0 0 0 
1965 10 0 0 0 0 0 0 0 0 0 0 0 
1966 10 0 0 0 0 0 0 0 0 0 0 0 
1967 10 0 0 0 0 0 0 0 0 0 0 0 
1968 10 0 0 0 0 0 0 0 0 0 0 0 
1969 10 0 0 0 0 0 0 0 0 0 0 0 
1970 10 0 0 0 0 0 0 0 0 0 0 0 
1971 10 0 0 0 0 0 0 0 0 0 0 0 
1972 10 0 0 0 0 0 0 0 0 0 0 0 
1973 10 0 0 0 0 0 0 0 0 0 0 0 
1974 10 0 0 0 0 0 0 0 0 0 0 0 
1975 10 0 0 0 0 0 0 0 0 0 0 0 
1976 10 0 0 0 0 0 0 0 0 0 0 0 
1977 10 0 0 0 0 0 0 0 0 0 0 0 
1978 10 0 0 0 0 0 0 0 0 0 0 0 
1979 10 0 0 0 0 0 0 0 0 0 0 0 
1980 10 0 0 0 0 0 0 0 0 0 0 0 
1981 10 0 0 0 0 0 0 0 0 0 0 0 
1982 10 0 0 0 0 0 0 0 0 0 0 0 
1983 10 0 0 0 0 0 0 0 0 0 0 0 
1984 10 0 0 0 0 0 0 0 0 0 0 0 
1985 10 0 0 0 0 0 0 0 0 0 0 0 
1986 10 0 0 0 0 0 0 0 0 0 0 0 
1987 10 0 0 0 0 0 0 0 0 0 0 0 
1988 10 0 0 0 0 0 0 0 0 0 0 0 
1989 10 0 0 0 0 0 0 0 0 0 0 0 
1990 10 0 0 0 0 0 0 0 0 0 0 0 
1991 10 0 0 0 0 0 0 0 0 0 0 0 
1992 10 0 0 0 0 0 0 0 0 0 0 0 
1993 10 0 0 0 0 0 0 0 0 0 0 0 
1994 10 0 0 0 0 0 0 0 0 0 0 0 
1995 10 0 0 0 0 0 0 0 0 0 0 0 
1996 10 0 0 0 0 0 0 0 0 0 0 0 
1997 10 0 0 0 0 0 0 0 0 0 0 0 
1998 10 0 0 0 0 0 0 0 0 0 0 0 
1999 10 0 0 0 0 0 0 0 0 0 0 0 
2000 10 0 0 0 0 0 0 0 0 0 0 0 
2001 10 0 0 0 0 0 0 0 0 0 0 0 
2002 10 0 0 0 0 0 0 0 0 0 0 0 
2003 10 0 0 0 0 0 0 0 0 0 0 0 
2004 10 0 0 0 0 0 0 0 0 0 0 0 
2005 10 0 0 0 0 0 0 0 0 0 0 0 
2006 10 0 0 0 0 0 0 0 0 0 0 0 
2007 10 0 0 0 0 0 0 0 0 0 0 0 
2008 10 0 0 0 0 0 0 0 0 0 0 0 
2009 10 0 0 0 0 0 0 0 0 0 0 0 
2010 10 0 0 0 0 0 0 0 0 0 0 0 
2011 10 0 0 0 0 0 0 0 0 0 0 0 
2012 10 0 0 0 0 0 0 0 0 0 0 0 
2013 10 0 0 0 0 0 0 0 0 0 0 0 
2014 10 0 0 0 0 0 0 0 0 0 0 0 
2015 10 0 0 0 0 0 0 0 0 0 0 0 
2016 10 0 0 0 0 0 0 0 0 0 0 0 
2017 10 0 0 0 0 0 0 0 0 0 0 0 
2018 10 0 0 0 0 0 0 0 0 0 0 0 
2019 10 0 0 0 0 0 0 0 0 0 0 0 
2020 10 0 0 0 0 0 0 0 0 0 0 0 
2021 10 0 0 0 0 0 0 0 0 0 0 0 
2022 10 0 0 0 0 0 0 0 0 0 0 0 
2023 10 0 0 0 0 0 0 0 0 0 0 0 
2024 10 0 0 0 0 0 0 0 0 0 0 0 
2025 10 0 0 0 0 0 0 0 0 0 0 0 
2026 10 0 0 0 0 0 0 0 0 0 0 0 
2027 10 0 0 0 0 0 0 0 0 0 0 0 
2028 10 0 0 0 0 0 0 0 0 0 0 0 
2029 10 0 0 0 0 0 0 0 0 0 0 0 
2030 10 0 0 0 0 0 0 0 0 0 0 0 
2031 10 0 0 0 0 0 0 0 0 0 0 0 
2032 10 0 0 0 0 0 0 0 0 0 0 0 
2033 10 0 0 0 0 0 0 0 0 0 0 0 
2034 10 0 0 0 0 0 0 0 0 0 0 0 
2035 10 0 0 0 0 0 0 0 0 0 0 0 
2036 10 0 0 0 0 0 0 0 0 0 0 0 
2037 10 0 0 0 0 0 0 0 0 0 0 0 
2038 10 0 0 0 0 0 0 0 0 0 0 0 
2039 10 0 0 0 0 0 0 0 0 0 0 0 
2040 10 0 0 0 0 0 0 0 0 0 0 0 
2041 10 0 0 0 0 0 0 0 0 0 0 0 
2042 10 0 0 0 0 0 0 0 0 0 0 0 
2043 10 0 0 0 0 0 0 0 0 0 0 0 
2044 10 0 0 0 0 0 0 0 0 0 0 0 
2045 10 0 0 0 0 0 0 0 0 0 0 0 
2046 10 0 0 0 0 0 0 0 0 0 0 0 

0 4 1 2 bottle_2 0.000619771 1 -6 -103 6 
1 4 1 2 bottle_2 0.0157826 6 14 12 138 19 2 120 14 -3 12 4 7 6 4 2 324 -1 7 222 
2 4 1 2 bottle_2 0.113924 6 -36 -103 84 39 -73 312 -36 -98 84 -36 -93 90 39 -83 306 39 -78 306 
3 4 1 2 bottle_2 1 22 4 -103 276 14 -103 276 19 -103 324 -16 -103 276 19 -103 138 -26 -103 276 -21 -103 276 9 -103 60 -1 -103 222 4 -103 300 -16 -103 312 -1 -103 96 -1 -103 90 19 -103 120 -16 -103 330 -21 -103 306 -26 -103 300 24 -103 60 9 -103 78 -26 -103 312 -16 -103 138 -1 -103 324 
4 4 1 2 bottle_2 0.98452 212 9 -103 90 14 -103 72 -31 -103 306 -11 -103 90 -11 -103 96 29 -103 96 29 -103 72 19 -103 90 14 -103 12 9 -103 48 -6 -98 276 9 -98 330 -1 -98 78 -1 -98 300 9 -98 60 -16 -98 222 4 -98 306 -11 -98 324 9 -98 324 9 -98 84 -1 -98 120 4 -98 78 -21 -98 330 -6 -98 60 -1 -98 312 19 -98 72 9 -98 102 -1 -98 330 14 -98 60 -6 -98 330 -11 -98 84 14 -98 72 19 -98 96 14 -98 96 24 -98 102 9 -93 276 -26 -98 324 4 -93 222 14 -98 12 -6 -93 306 4 -93 138 4 -93 300 9 -93 306 9 -93 312 -1 -93 324 -11 -93 276 -16 -93 324 -11 -93 300 14 -93 96 24 -93 96 -16 -93 312 -16 -93 306 -21 -93 222 -21 -93 276 14 -93 72 24 -93 60 19 -88 120 -1 -93 72 14 -88 120 19 -88 138 14 -88 138 19 -93 6 -1 -93 78 9 -93 48 -6 -88 324 -1 -93 102 9 -88 60 14 -88 36 -1 -88 330 -1 -93 60 9 -88 276 14 -88 60 19 -88 60 14 -93 36 -1 -88 312 24 -88 120 -6 -88 306 4 -93 12 9 -88 96 14 -88 78 -6 -93 72 9 -93 36 9 -93 6 9 -88 330 4 -88 48 14 -88 222 4 -93 48 -1 -88 12 -1 -88 6 -6 -93 78 -6 -93 96 -26 -93 300 9 -88 78 -6 -88 276 -11 -88 222 19 -88 12 -6 -93 60 -1 -88 120 -6 -93 6 -11 -93 96 24 -88 72 -1 -88 90 -16 -93 96 -21 -93 12 -6 -88 78 -16 -93 78 -16 -93 6 -16 -88 276 -11 -93 36 -16 -93 36 -11 -88 36 -11 -88 84 -11 -88 60 -11 -88 120 19 -83 96 24 -83 138 9 -83 324 9 -83 48 -16 -88 96 -16 -88 72 14 -83 90 -16 -88 102 9 -83 60 14 -83 84 -6 -83 276 -26 -88 300 -1 -83 138 9 -83 90 9 -83 84 -1 -83 12 14 -78 120 9 -78 138 4 -83 96 -1 -83 36 24 -83 60 -1 -83 72 -6 -83 72 -6 -83 78 -6 -83 36 -16 -83 330 -16 -83 276 -6 -83 96 9 -78 120 9 -78 330 24 -78 84 9 -78 6 -6 -83 120 -6 -83 102 9 -73 138 14 -78 330 -11 -83 78 -21 -83 324 -11 -83 72 -11 -83 60 -11 -83 102 -16 -83 36 4 -78 60 -26 -83 276 9 -78 60 14 -78 90 24 -73 138 24 -78 72 14 -78 60 14 -78 78 -16 -83 72 14 -78 72 9 -78 96 -11 -78 300 -6 -78 312 -1 -78 72 9 -78 102 4 -78 72 -26 -83 312 24 -68 102 -26 -83 306 4 -73 276 9 -73 120 -1 -78 78 9 -73 36 24 -68 96 4 -78 102 9 -73 276 -11 -78 60 24 -73 78 14 -73 330 19 -73 12 14 -63 36 -21 -78 306 -16 -78 330 -21 -78 222 9 -68 12 -11 -78 84 -16 -78 48 9 -68 36 -1 -73 60 -11 -73 300 24 -73 72 -11 -73 276 -16 -78 72 14 -63 12 -1 -73 72 4 -53 276 9 -68 60 19 -73 78 -11 -78 102 -6 -73 306 9 -58 330 4 -68 36 19 -73 60 4 -73 72 14 -58 324 4 -73 78 
5 4 1 2 bottle_2 1 5 4 -63 330 9 -68 324 29 -83 120 14 -73 276 29 -83 90 
6 4 1 2 bottle_2 0.961832 21 19 -83 306 24 -83 12 -1 -68 138 29 -88 84 24 -83 6 29 -98 102 24 -88 12 -1 -78 222 29 -93 84 -1 -73 138 -6 -78 330 24 -93 36 24 -98 36 -6 -78 138 -16 -98 84 -21 -83 12 -6 -78 120 -21 -103 36 -16 -98 48 -21 -98 6 -16 -98 120 
7 4 1 2 bottle_2 1 3 34 -103 312 39 -103 6 39 -103 48 
8 4 1 2 bottle_2 1 10 39 -103 120 -26 -103 78 29 -103 12 24 -103 300 24 -103 312 34 -103 90 14 -53 324 14 -63 120 4 -83 306 -1 -83 222 
9 4 1 2 bottle_2 1 9 39 -103 330 39 -103 222 34 -103 276 -36 -103 300 -21 -103 84 -31 -103 324 -21 -103 90 -26 -103 12 -21 -103 102 
10 4 0 
11 4 1 2 bottle_2 0.324324 4 -11 -3 300 -11 -8 72 -11 -3 78 -26 -93 78 
12 4 1 2 bottle_2 0.827586 40 34 -73 222 -16 -23 72 -26 -83 90 34 -73 312 -26 -83 60 34 -88 312 34 -88 306 -26 -88 72 -36 -88 312 39 -88 300 39 -78 300 39 -88 222 39 -88 12 19 -23 306 39 -93 48 -26 -88 78 -36 -93 60 34 -78 276 24 -73 330 39 -93 36 34 -83 306 -36 -88 276 -36 -93 276 -31 -83 36 -36 -93 138 39 -93 330 -26 -98 72 34 -93 222 34 -93 306 39 -93 222 14 -18 324 29 -98 312 29 -98 324 -31 -98 72 34 -98 306 34 -98 312 39 -103 72 -31 -103 48 -31 -103 120 -36 -103 36 
13 4 1 2 bottle_2 0.939759 13 -16 -13 276 14 -23 306 14 -28 324 -16 -23 60 24 -33 102 29 -38 90 29 -43 84 29 -58 120 24 -58 102 29 -53 96 29 -48 84 29 -68 120 29 -68 138 
14 4 1 2 bottle_2 1 28 29 -68 96 24 -73 12 19 -73 300 19 -78 306 29 -73 72 29 -73 60 29 -78 72 29 -73 48 29 -93 72 -21 -83 96 -21 -83 72 29 -93 60 29 -98 60 -31 -83 324 -21 -88 96 -21 -93 84 -21 -98 84 29 -93 36 -21 -93 72 -31 -88 306 -21 -98 102 -31 -88 222 -31 -98 312 -31 -98 324 -26 -88 36 -31 -98 222 -26 -93 60 -26 -103 36 
15 4 1 2 bottle_2 0.179104 2 -26 -88 12 -26 -93 12 
16 4 1 2 bottle_2 0.965035 23 24 -98 222 24 -98 324 24 -98 300 4 2 6 -1 2 48 29 -98 48 -1 -3 36 -21 -3 306 -6 -23 60 9 -18 324 -16 -18 6 4 -8 36 -1 -8 48 -16 -3 300 24 -88 222 4 -43 138 34 -98 78 4 -13 36 9 -18 330 -11 2 60 9 -8 6 34 -88 90 24 -88 324 
17 4 1 2 bottle_2 0.966171 119 34 -93 120 34 -93 36 34 -93 60 24 -88 306 9 -13 12 34 -93 138 -21 -8 306 34 -88 78 4 -13 222 34 -93 48 -31 -98 96 34 -88 6 4 -53 138 39 -93 90 4 -8 6 -11 -3 60 39 -88 102 39 -88 72 39 -88 84 34 -83 90 39 -88 78 34 -83 96 34 -83 78 24 -83 276 9 -33 12 -6 -18 60 39 -93 72 -1 2 60 9 -73 306 -1 -73 324 29 -83 276 24 -83 306 -1 -28 276 39 -83 102 24 -83 312 -6 -3 72 9 -73 312 -21 -13 300 24 -83 300 -6 -33 60 -16 -18 12 29 -83 312 39 -83 78 19 -53 138 -36 -93 222 -31 -93 6 24 -43 90 34 -78 12 19 -48 138 -6 -13 48 -16 2 306 19 -48 96 34 -78 78 34 -78 120 19 -38 96 9 -3 36 4 -73 306 4 -23 48 24 -78 306 34 -78 60 39 -78 84 29 -78 276 39 -78 96 29 -78 306 -6 -73 330 4 -18 6 24 -78 330 39 -78 72 34 -73 78 14 -43 138 24 -78 222 24 -48 138 34 -73 6 -31 -93 72 34 -73 72 -6 -73 222 4 -28 12 4 -8 222 -1 -13 276 24 -73 312 34 -73 36 4 -68 312 -6 -73 324 34 -73 60 39 -73 90 9 -13 36 -31 -88 36 -1 -68 324 9 -63 306 39 -73 72 -36 -93 6 29 -73 312 -11 -8 60 -6 -8 12 34 -68 90 4 -18 48 -1 -8 222 39 -68 48 -1 -63 330 9 -18 36 9 -58 306 29 -68 12 39 -68 84 4 -13 324 -31 -88 60 -16 -18 300 -31 -88 72 4 -68 306 -31 -88 120 -1 -18 60 -1 2 12 -1 -23 12 -1 -23 6 4 -63 306 -1 -18 12 -1 -3 12 4 -63 300 -1 -8 6 -1 -18 6 
18 4 0 
19 4 1 2 bottle_2 0.375 1 -6 -78 222 
20 4 1 2 bottle_2 0.0291262 1 -21 17 330 
21 4 1 2 bottle_2 0.785597 400 19 12 138 19 12 120 24 22 138 14 27 276 24 27 90 19 27 12 29 32 138 24 27 72 19 27 276 29 27 72 24 27 12 39 47 12 34 47 12 29 17 102 34 27 96 34 22 138 39 22 120 39 42 12 29 47 6 29 27 36 39 37 138 29 12 120 39 52 138 29 62 12 29 42 6 34 62 12 34 27 60 39 32 120 34 52 36 39 17 120 19 62 12 39 42 60 39 52 36 39 47 90 39 27 102 39 52 60 39 37 60 14 27 312 39 22 12 34 22 96 29 57 36 39 27 36 19 67 12 19 27 60 34 17 96 34 57 48 39 67 138 24 17 96 24 57 36 39 47 48 39 37 90 39 62 90 39 42 84 39 27 48 24 32 222 39 67 12 34 47 138 29 52 48 39 57 96 19 27 306 19 27 300 39 37 84 24 32 12 29 62 48 34 67 138 29 32 102 29 62 36 24 72 12 29 72 12 34 42 138 29 62 90 39 47 276 39 72 12 39 32 90 19 52 12 39 57 276 34 57 96 24 67 36 14 32 324 34 42 60 39 77 12 29 17 90 34 67 48 29 57 276 34 52 324 34 52 276 39 37 276 39 22 48 29 47 324 39 62 102 24 57 276 29 67 36 39 32 102 34 47 324 29 47 276 34 42 276 34 32 324 39 62 276 34 67 120 39 67 84 19 27 72 24 47 324 39 42 72 34 37 60 39 42 222 39 77 120 29 82 6 34 42 90 34 37 276 29 72 84 39 47 222 34 37 90 39 62 78 34 52 102 19 32 36 39 82 12 39 72 48 24 32 48 34 32 48 39 37 78 19 62 276 39 62 324 34 32 96 39 32 78 34 32 60 24 57 306 34 17 12 29 72 60 24 62 306 29 62 78 34 72 60 39 62 72 34 52 330 19 67 276 29 52 306 14 32 312 34 72 96 24 52 306 24 32 102 34 62 72 34 82 120 39 77 90 29 77 60 24 62 222 29 47 222 39 22 78 39 82 120 34 22 72 29 62 72 34 77 60 19 62 306 39 47 330 24 67 306 19 72 276 39 22 222 29 42 222 34 17 6 34 57 312 29 62 330 39 72 324 29 67 222 34 32 72 39 42 306 34 42 306 24 67 222 29 67 72 24 32 84 39 47 306 34 22 222 24 57 222 34 72 324 39 32 330 39 52 312 34 67 222 29 82 60 39 37 300 39 82 90 29 72 96 24 77 48 29 62 312 34 42 72 39 47 300 39 72 78 39 22 306 29 72 78 19 32 312 24 62 300 24 37 276 29 67 102 34 57 300 39 17 222 19 32 330 29 72 72 34 37 78 24 67 312 34 77 78 24 47 60 29 52 78 24 27 300 34 82 90 24 47 306 29 82 120 19 52 36 34 37 312 39 77 72 19 62 312 19 32 138 19 42 324 24 67 300 34 37 300 19 62 300 19 52 306 39 27 300 39 82 96 -1 12 330 24 42 60 24 67 330 19 77 324 29 77 120 34 37 102 34 82 84 29 67 300 29 82 102 24 82 48 24 42 306 24 22 48 24 37 222 14 27 222 24 47 222 39 17 72 29 72 330 39 22 330 39 22 300 34 87 6 39 12 84 34 82 78 24 32 78 29 27 312 19 32 60 34 27 312 14 37 324 29 77 312 9 32 306 24 47 138 39 87 6 29 37 90 29 47 72 19 57 222 39 72 312 29 87 120 39 87 60 39 72 300 39 12 60 24 37 312 24 67 60 24 37 300 39 87 84 29 22 306 34 87 36 24 82 222 34 87 60 24 57 138 19 37 306 34 22 312 19 32 90 34 17 36 24 57 90 19 52 222 14 42 306 19 67 222 29 47 102 24 82 300 24 92 12 19 82 330 34 82 330 34 87 84 24 22 276 29 82 330 14 32 36 14 52 306 29 42 102 19 22 276 19 87 276 19 87 36 34 17 330 29 87 276 14 37 306 39 87 72 29 22 300 39 12 72 29 42 72 29 42 84 34 17 60 14 62 306 29 22 312 14 62 300 14 47 300 9 32 330 14 92 12 14 27 84 24 92 36 34 12 324 29 92 138 34 87 72 14 42 312 19 32 102 14 47 12 24 87 330 29 37 78 14 27 120 24 37 72 34 7 90 24 92 60 39 87 222 19 87 300 19 87 306 9 32 12 -1 32 276 39 92 60 14 47 312 34 92 36 29 87 222 39 92 36 14 52 330 -1 17 330 14 27 78 24 62 96 24 92 48 24 87 312 19 17 84 39 12 330 24 67 72 24 22 306 19 87 312 24 92 72 4 27 330 24 92 102 29 17 6 24 82 72 39 92 72 14 82 324 14 62 12 39 92 276 19 77 36 29 17 330 9 27 138 24 92 78 -16 67 120 34 92 72 29 17 300 19 42 60 29 2 138 39 7 324 39 7 78 19 92 84 19 22 84 24 62 102 19 37 60 39 7 72 14 87 300 24 97 138 -16 72 102 -16 62 138 29 97 6 14 92 60 -26 7 222 -16 77 102 14 77 276 4 17 330 14 32 72 -1 27 330 24 37 90 24 92 306 14 82 312 34 97 138 9 12 324 19 57 60 -16 82 102 -16 77 84 9 92 36 -16 62 96 14 77 306 24 92 312 -16 62 90 39 97 120 34 7 84 24 47 90 39 97 84 -16 57 120 9 37 324 -1 27 300 24 87 120 29 17 60 39 92 330 24 67 138 24 82 90 29 92 330 4 32 330 29 97 60 9 22 306 
22 4 1 2 bottle_2 0.9361 940 29 92 300 19 97 60 39 92 300 9 27 60 39 7 330 14 32 90 4 27 12 14 72 312 -16 82 96 29 7 324 -16 57 84 19 97 324 -16 87 90 -36 107 6 4 22 276 -31 107 138 34 102 12 19 22 72 14 17 90 4 27 6 39 97 48 14 97 324 -36 107 84 14 32 78 24 97 90 -16 92 6 -31 107 6 39 97 324 14 22 312 -21 62 138 -36 107 60 9 37 276 14 32 102 24 67 102 29 97 72 14 92 72 29 102 6 19 97 48 24 17 72 34 102 6 -16 52 120 -36 107 48 4 97 12 9 37 300 -21 67 138 4 32 12 -21 82 120 4 97 6 9 27 84 24 97 222 9 17 324 14 7 6 9 17 36 4 32 6 -21 57 84 34 97 72 9 27 72 4 97 120 34 97 78 34 102 138 9 37 312 4 22 300 -16 92 120 -36 107 96 34 7 222 9 37 306 29 7 276 -31 107 120 14 52 222 14 52 6 29 102 138 24 102 138 4 27 138 -21 62 90 24 82 138 -16 92 60 -36 107 306 -21 87 120 4 97 138 39 102 84 -21 67 60 14 17 78 24 82 120 34 102 120 34 107 12 -31 107 60 -21 82 84 19 102 12 9 37 330 9 27 78 9 97 84 -31 102 6 4 92 36 -21 52 90 14 77 330 -36 107 312 -1 22 324 -11 92 48 4 22 312 -16 92 48 -16 67 78 -36 107 222 -21 82 90 19 92 120 -31 107 96 -16 77 78 -11 97 6 -21 47 120 4 97 36 39 102 60 29 102 60 -21 82 60 -6 17 330 29 102 84 -31 107 102 -11 92 102 -21 97 12 -1 22 312 4 97 84 9 32 72 9 47 276 -21 92 138 39 97 312 24 72 96 -26 107 12 -36 102 84 24 7 96 -26 102 6 -31 102 36 9 42 312 -1 97 60 14 37 60 -1 97 36 -1 97 324 24 17 60 -21 57 72 19 82 60 9 32 78 -16 97 36 24 47 102 29 102 90 19 102 36 24 107 6 -11 97 324 39 102 72 -6 97 60 -31 102 90 -6 97 84 9 97 300 -21 77 78 -21 47 84 29 107 138 4 97 102 -26 97 138 -11 92 138 4 42 276 24 102 72 34 102 48 -21 82 96 -1 22 222 -31 102 48 -21 32 138 -31 102 222 4 102 6 19 62 60 -26 102 324 4 22 324 -6 17 276 -1 97 48 14 17 324 -21 87 96 9 37 12 -26 102 60 -21 102 12 -21 82 72 29 107 120 -1 97 102 -26 92 6 9 102 138 14 102 60 -1 97 72 34 107 36 14 22 48 24 107 120 39 107 90 9 97 330 29 102 78 19 102 90 -21 87 102 29 7 306 29 107 60 14 102 84 -26 102 90 -31 97 138 -6 92 78 -21 52 78 -21 107 138 14 17 330 39 7 138 -21 92 48 14 42 36 -36 102 330 -26 97 120 -21 92 78 4 97 312 9 92 276 -26 47 120 29 102 222 -16 67 72 -11 87 120 -31 27 12 -1 27 138 -1 42 276 34 107 96 -21 97 84 -6 32 222 -6 97 72 -26 97 84 -26 102 306 -16 52 78 -26 72 138 4 92 60 9 92 84 -1 97 300 -6 97 78 -26 102 102 4 102 120 -31 97 276 29 107 96 -6 97 96 34 107 90 -26 92 120 -26 52 84 -26 57 120 -26 57 12 34 102 300 -16 22 222 19 17 306 19 17 12 -21 42 96 39 107 78 -1 102 120 -31 97 36 -21 97 78 -26 72 48 -16 87 48 -6 102 12 9 102 84 -21 97 222 14 107 12 -26 107 312 9 57 276 -11 97 78 39 107 72 -16 97 96 -16 97 330 34 107 324 -26 47 84 -16 102 138 -26 47 138 -21 107 120 -26 92 60 34 102 306 -26 77 36 19 37 78 19 42 72 -36 97 324 9 107 6 -21 37 102 4 17 60 -21 102 48 34 102 312 39 107 222 -11 87 84 4 32 84 -36 97 276 -16 97 72 4 17 276 4 102 84 -1 92 72 -26 42 138 -26 82 36 -31 97 96 -16 102 324 34 107 102 14 17 276 34 107 72 9 57 300 -26 87 84 24 107 90 29 107 102 -1 102 36 -26 107 300 -11 87 102 29 107 78 19 102 300 -11 62 138 -26 67 120 -26 62 60 -31 97 78 -26 67 90 -21 97 330 9 107 138 -26 102 312 -16 82 60 9 47 312 -21 17 222 -26 92 96 -31 97 306 -1 27 12 -1 107 6 -21 107 102 -26 32 120 -16 107 6 -36 97 120 -21 27 96 29 12 78 -21 107 48 19 67 60 -26 57 102 -21 102 72 4 32 72 4 27 102 4 102 78 -16 62 60 -26 42 102 -1 107 138 -11 102 276 39 107 306 19 47 72 -26 62 102 14 82 36 4 107 120 -26 32 90 -26 87 96 9 52 306 39 107 330 4 92 72 9 87 306 -26 57 72 -1 32 6 -36 97 78 -36 97 96 14 107 90 -36 97 48 -21 82 6 -26 92 72 -26 72 78 -1 107 120 -11 57 96 -1 32 12 -16 107 324 -6 102 90 -21 107 72 14 102 312 -26 72 72 9 107 60 -6 102 222 -16 57 48 -31 97 312 -36 97 306 -11 107 6 14 107 96 -11 107 138 9 107 324 -6 107 138 -26 82 78 -26 27 60 -6 22 330 -16 102 330 -26 87 78 -26 87 72 -26 77 72 9 107 48 -26 42 78 24 107 306 9 22 90 -31 92 120 24 107 300 -26 27 96 14 92 102 4 102 330 19 87 96 -31 87 6 -26 47 36 4 107 276 -16 107 60 -16 102 306 -16 102 72 9 107 96 9 87 312 29 107 312 -16 27 330 -11 57 84 -26 42 48 -16 27 300 -6 102 300 -36 92 138 -31 72 6 -31 52 6 -31 12 120 14 107 72 4 92 324 -11 102 72 -31 92 60 -1 27 90 -31 67 6 19 87 138 -26 87 324 -11 107 60 -26 92 300 14 12 312 -31 67 324 -11 102 330 -1 107 48 -6 107 222 -11 62 102 14 77 6 19 87 102 -16 107 330 -11 107 84 -1 102 312 19 107 312 4 37 330 -6 107 90 -31 57 36 -36 12 120 19 62 90 14 17 222 -31 92 312 -31 57 120 -31 72 276 9 37 60 -31 62 36 -31 47 138 -26 37 36 -31 92 330 -31 57 84 -21 52 6 -11 107 102 -1 17 60 -31 82 276 -21 27 12 19 77 60 19 87 120 14 107 312 -31 42 6 9 67 306 -1 32 84 -16 107 72 -36 92 84 -1 32 78 14 52 36 4 107 330 -31 67 36 -1 107 300 14 37 78 -16 27 96 -21 27 72 -11 17 312 -1 27 72 -31 82 90 -6 107 72 -31 32 222 -31 47 36 -31 17 120 -31 72 90 9 107 312 -31 32 36 -36 92 96 -31 62 90 -31 72 36 -31 47 60 34 7 60 9 22 48 -11 67 120 -31 82 48 -31 27 84 -31 62 72 -36 92 78 19 52 78 -31 77 60 -31 57 72 -1 27 102 -36 27 6 -31 37 12 -31 67 72 -31 87 300 24 7 324 -31 12 90 19 82 78 4 17 96 -31 42 48 -36 87 138 4 37 6 -31 42 60 -11 17 306 -31 82 222 -31 47 72 -31 72 78 -31 17 90 -6 27 138 -26 27 300 -36 87 12 -31 27 222 -36 32 324 -16 32 306 19 67 72 -36 17 120 -31 37 60 -36 27 276 -31 52 78 -31 27 96 29 12 48 -36 57 6 -31 82 78 24 7 330 -31 62 102 -31 42 102 -31 37 78 -36 22 12 19 42 90 -31 72 306 -36 87 36 -36 62 276 -31 27 306 9 82 276 -36 47 12 -31 12 96 -31 22 84 -36 17 138 14 82 222 -26 57 330 -11 87 60 9 52 330 19 52 84 -31 82 306 -36 67 276 -36 82 324 9 37 72 -26 87 276 -36 22 6 19 72 60 -36 27 36 19 47 84 -16 32 90 -36 72 324 -31 82 330 -36 27 300 4 42 330 -6 17 36 -16 32 96 -21 27 36 -36 77 138 -36 57 324 -6 27 90 14 12 102 -11 27 12 4 22 36 -16 32 276 -36 32 6 -16 32 324 -36 62 84 -36 67 84 -16 62 48 -31 57 312 -36 32 300 -36 37 6 14 82 48 9 87 36 -26 82 330 -36 67 120 -36 72 138 -36 82 90 -36 52 324 -31 12 78 -11 32 138 -31 42 222 -21 27 300 -21 92 312 -1 92 120 -26 32 330 -36 17 48 -26 87 306 -31 12 72 -11 17 6 -36 52 84 -31 22 72 9 37 78 -16 17 324 -36 67 90 -36 72 84 14 37 90 -36 52 90 -21 47 36 -16 42 90 -36 22 78 -31 17 78 -36 22 60 -21 32 60 -36 77 48 -36 22 72 -36 32 36 -36 57 300 -36 62 72 -26 22 120 -6 27 48 -6 27 84 -36 62 48 -36 87 330 -21 32 324 -36 42 84 -11 32 120 -1 17 78 -26 62 312 19 67 138 -36 32 138 -36 47 276 14 87 72 -36 27 78 19 12 324 -36 42 90 -26 62 300 -36 52 48 -36 72 96 -26 22 84 -36 42 324 -36 82 222 -36 42 36 24 12 78 -36 67 60 -36 27 72 -36 77 60 -36 72 60 -31 47 330 -6 27 102 -36 52 330 -36 82 72 -36 32 96 -31 17 72 -36 72 306 -36 42 306 -16 92 330 -36 52 78 -36 32 60 -11 32 90 -16 22 306 -11 32 102 -36 12 6 -36 77 300 19 67 120 -36 47 78 -16 32 78 4 12 300 14 77 36 -26 22 78 -36 37 78 -31 17 60 -36 32 72 -36 37 102 -26 82 276 -36 37 72 -31 32 300 -6 27 72 19 12 84 -36 37 300 -26 12 96 -11 52 90 14 57 60 -11 77 120 4 87 12 19 77 72 -11 32 12 -16 27 6 -1 37 312 -26 67 306 24 12 6 -26 12 102 -26 82 312 -16 27 48 -16 82 36 -11 27 72 -6 17 60 19 12 276 9 92 120 -26 67 312 -16 27 36 -26 12 306 -26 82 306 19 72 84 -21 42 36 -6 32 60 9 82 6 9 87 48 9 72 330 -16 67 48 4 92 120 4 87 312 -26 12 60 -6 37 222 9 52 222 19 72 90 -1 22 84 14 37 102 -36 12 330 -1 22 36 14 12 36 -16 42 72 -16 77 48 -16 57 6 4 37 90 -31 12 36 -6 17 72 9 62 222 -16 92 300 14 67 48 -36 22 306 -26 77 276 -36 17 276 -26 52 306 9 62 6 -6 87 78 -1 22 48 19 52 102 -11 77 90 -26 17 78 -6 87 72 14 62 60 4 37 78 -1 22 78 -11 87 6 -11 42 300 -26 52 312 -31 42 312 -16 12 36 -21 22 78 -11 52 78 4 42 12 -21 12 312 -1 22 72 9 42 84 -11 42 102 9 37 138 -26 12 276 9 87 60 -6 37 12 -11 42 138 -6 87 138 -21 17 6 14 47 72 9 67 222 -11 42 312 -6 87 60 -26 12 78 -11 82 60 29 7 36 -11 17 48 14 12 72 -31 22 300 29 7 60 -11 67 78 -16 17 36 -26 77 300 14 77 48 9 37 102 4 62 300 -11 47 96 -21 12 48 -6 57 90 -6 92 312 4 47 312 -21 87 300 14 82 72 -21 17 90 -26 12 6 4 52 276 14 12 60 -21 62 306 -6 17 96 14 67 60 -36 12 312 -6 62 102 19 12 48 -16 22 96 -1 42 120 -16 42 48 -11 12 84 14 62 84 -1 37 72 -16 67 222 -21 62 300 -16 67 36 4 62 312 -31 17 306 14 82 84 -21 17 78 -11 17 78 -21 12 102 24 7 72 -26 17 306 -26 47 276 -26 17 312 -11 22 138 -26 17 330 -16 57 12 -21 17 138 14 52 72 -11 37 102 -21 17 60 14 62 96 -6 57 78 4 42 90 14 62 120 9 62 36 -16 22 72 -26 47 300 4 52 324 -1 42 84 -11 42 78 -11 47 72 4 82 12 4 67 300 -6 42 102 -11 37 90 -16 22 60 -11 22 6 -16 42 306 -21 82 324 -1 87 72 4 72 276 -26 12 12 4 67 324 14 62 102 -26 37 276 -6 82 90 -11 22 60 -11 57 36 14 52 78 4 72 306 -11 37 138 -16 22 6 -6 82 84 -11 47 60 9 47 78 -16 22 48 -16 17 96 -1 87 60 -6 42 138 -16 22 36 -1 42 12 -21 42 300 9 77 6 -6 37 48 -11 17 138 -21 42 330 4 57 312 -16 37 222 4 87 84 -1 92 222 -11 67 60 -16 67 6 -1 42 72 -11 37 60 -6 67 120 -16 62 276 -16 87 306 -6 67 138 -1 87 276 -16 42 6 -6 42 78 4 87 72 -1 87 138 9 87 120 -16 62 324 -21 47 324 -6 82 138 -21 82 300 -16 52 12 -6 52 138 -6 62 78 -16 42 222 -21 37 276 -21 82 276 -26 12 330 4 87 96 -6 42 48 -11 82 6 -6 47 60 -6 42 6 14 82 138 -6 52 72 14 57 120 -21 47 306 4 47 36 -6 87 324 -6 87 312 -16 62 312 9 77 36 4 57 6 -6 82 60 14 77 72 4 47 102 4 77 324 -21 72 312 -1 62 276 -6 72 138 -6 72 120 9 47 138 14 72 96 -1 42 36 4 67 12 -16 67 12 -11 72 60 4 62 6 -11 87 222 -21 77 324 -1 57 84 -6 82 48 -1 52 96 14 77 78 9 82 72 -1 62 96 -11 47 300 -1 52 90 -16 77 12 -1 52 84 -11 47 306 -16 47 222 -11 12 138 -6 47 312 -1 82 312 -6 47 222 9 67 138 -1 57 72 -6 62 276 -1 57 330 4 62 48 4 57 78 4 57 72 -11 62 312 
23 4 1 2 bottle_2 0.025974 1 4 12 6 
24 4 1 2 bottle_2 0.969267 1025 -1 12 306 9 7 6 19 7 90 19 7 84 -16 7 90 -36 12 48 19 2 306 19 2 222 -21 7 90 -36 12 72 -16 12 300 14 2 330 -36 12 78 19 2 6 34 2 84 -11 12 222 14 2 6 -6 12 72 9 12 90 -21 7 36 -16 12 324 29 -3 138 14 2 276 -26 7 312 -26 7 330 -26 7 300 -11 12 36 -11 12 6 -26 7 324 24 2 48 24 2 60 24 2 276 -6 12 48 24 2 306 24 2 36 -11 12 330 39 2 72 -6 12 306 -21 2 222 34 2 60 -26 7 120 14 7 102 -16 7 222 -26 7 60 -1 7 276 34 -3 120 29 2 36 34 2 36 14 7 72 34 2 222 34 -3 102 14 7 90 34 -3 96 -31 7 36 -36 7 300 39 2 324 -26 7 78 24 -3 96 34 2 306 -26 7 72 9 2 222 4 12 72 -31 7 60 -21 7 312 -31 7 102 -31 7 120 9 2 276 -11 7 60 14 -3 306 19 2 60 14 -3 300 -21 2 96 19 2 90 -31 7 72 -31 7 78 14 -3 312 -36 7 120 24 -8 138 19 2 84 19 -3 306 -16 7 306 -36 7 60 19 2 78 -6 7 84 -6 7 72 -36 7 78 -6 7 60 -11 7 48 -16 7 312 29 -8 120 -6 7 90 29 -8 138 -31 2 276 -11 2 96 34 -3 78 -11 7 300 -6 7 48 -26 2 48 -16 2 60 -11 7 12 24 -3 72 -1 7 60 29 -8 96 -21 2 72 39 -3 72 39 -3 78 -21 2 138 -26 2 90 24 -3 48 39 -3 12 24 -3 60 34 -3 12 -21 2 60 34 -8 120 24 -3 36 9 -3 222 -6 7 312 -1 7 6 39 -3 222 34 -3 222 -26 2 84 -36 2 324 39 -3 324 14 2 90 4 7 96 -16 -3 96 -36 2 300 34 -3 324 34 -8 138 -6 7 12 -1 2 306 -31 2 138 34 -8 90 -1 2 300 4 7 72 -21 -3 102 24 -13 120 -36 2 12 4 -3 306 19 -8 300 9 2 60 19 -13 138 -6 2 78 9 -8 306 -16 2 312 -11 2 48 -6 2 90 -21 -3 36 24 -8 84 -31 -3 276 29 -8 222 9 -8 300 -6 2 102 -16 2 330 -11 2 6 -26 -3 48 34 -8 78 9 2 72 4 2 60 34 -13 120 24 -8 78 -26 -3 90 24 -8 276 -26 -3 6 24 -8 72 -6 2 300 -11 2 330 -1 2 72 29 -8 6 34 -8 60 29 -8 60 -6 2 312 24 -8 324 24 -8 60 14 -13 306 34 -8 222 24 -18 120 -11 2 312 -31 -3 48 -16 -8 90 14 -13 312 -26 -3 138 39 -8 330 19 -13 306 -21 -8 90 14 -3 84 14 -3 78 -31 -3 102 34 -8 306 -16 -8 96 29 -8 300 14 -3 90 -6 -3 78 -31 -3 36 -1 -3 312 -1 2 120 29 -8 312 9 -13 306 -31 -3 84 4 2 120 -36 -3 12 19 -8 90 39 -13 96 -26 -8 312 9 -13 312 -36 -3 48 29 -18 138 -36 -3 84 39 -13 120 19 -8 84 -36 -3 72 14 -8 120 -16 -8 222 -26 -8 102 -16 -8 60 -6 -3 90 -31 -8 276 -6 -3 330 39 -13 84 -26 -8 48 -26 -8 330 -21 -8 6 9 -8 48 -6 -3 102 29 -13 78 14 -13 276 -26 -8 36 24 -13 306 -26 -8 90 39 -13 6 9 -3 102 29 -13 72 29 -13 330 39 -13 12 -11 -3 330 39 -13 60 19 -13 102 24 -13 312 -26 -8 120 29 -13 324 -36 -8 324 29 -13 12 -26 -8 84 24 -13 60 24 -13 36 39 -13 300 39 -13 312 19 -18 300 -11 -8 48 -16 -8 36 -21 -13 102 34 -13 276 -6 -8 78 -31 -8 138 34 -13 300 -11 -8 222 -1 -8 312 9 -18 312 -31 -8 6 19 -18 312 19 -18 330 29 -23 102 4 -3 120 29 -18 84 -36 -8 12 -16 -13 102 -16 -13 60 19 -13 90 -36 -8 60 -21 -13 78 -11 -8 6 -21 -13 36 -36 -8 72 4 -3 90 -1 -13 330 9 -13 48 -21 -13 72 24 -18 300 -6 -8 90 -26 -13 276 19 -13 78 19 -13 72 29 -18 78 -26 -13 36 34 -18 78 -16 -8 324 -6 -13 72 34 -23 120 -6 -8 324 -26 -13 60 -6 -8 102 39 -18 72 -21 -13 276 39 -18 12 -26 -18 306 24 -18 6 24 -18 72 24 -18 324 9 -8 78 -6 -8 306 29 -18 324 -11 -13 48 -21 -13 324 39 -18 222 -26 -18 312 -26 -18 300 -1 -8 78 34 -23 138 39 -18 306 19 -23 330 -36 -13 300 34 -18 276 34 -18 330 4 -18 312 34 -23 84 29 -18 312 14 -13 78 -36 -13 306 -6 -13 84 -21 -18 78 29 -23 84 14 -13 90 -26 -18 102 -16 -18 102 29 -18 36 -36 -13 90 -31 -18 312 -36 -13 12 -31 -18 330 29 -28 96 -11 -13 36 -1 -8 120 -6 -13 36 29 -23 222 -26 -18 48 9 -18 48 19 -18 84 -11 -18 90 -31 -18 306 -11 -18 96 -26 -18 324 -6 -18 72 19 -18 60 -26 -18 90 -1 -13 138 -6 -13 90 -26 -18 36 -6 -13 324 -16 -13 324 -21 -23 96 39 -23 72 -6 -13 300 39 -23 78 34 -23 72 24 -23 312 39 -23 12 24 -23 324 29 -28 90 9 -13 102 14 -18 96 24 -23 72 -21 -18 324 -21 -18 330 -21 -23 84 9 -28 312 -16 -18 312 19 -28 330 -21 -23 102 19 -28 312 29 -23 60 4 -23 312 14 -18 60 -11 -13 324 -16 -18 120 -11 -18 222 39 -23 330 -1 -18 306 -11 -23 78 -11 -18 36 24 -23 48 -21 -18 12 -6 -13 120 14 -18 84 19 -23 90 39 -28 102 29 -33 138 -36 -18 84 -36 -18 36 -36 -18 12 -36 -18 72 39 -28 120 -31 -18 6 -1 -23 324 -26 -23 330 24 -28 84 -11 -23 90 4 -13 120 -31 -23 306 39 -28 84 -21 -23 312 -11 -23 96 24 -28 330 14 -28 36 34 -33 120 24 -28 306 34 -33 96 19 -23 78 -31 -23 300 14 -28 276 24 -38 138 19 -23 72 19 -33 306 -26 -28 306 29 -28 330 39 -28 78 -16 -23 12 14 -38 12 29 -28 324 39 -28 48 14 -23 96 34 -28 6 -31 -23 48 29 -28 12 9 -18 84 -11 -18 330 -16 -23 312 29 -28 6 34 -33 138 9 -18 78 -16 -28 60 39 -28 306 -26 -23 6 39 -28 276 -36 -23 312 -31 -23 138 -36 -23 300 14 -38 222 14 -38 6 24 -28 60 29 -38 138 9 -28 48 29 -28 306 29 -28 300 29 -28 312 -16 -28 102 24 -28 36 -31 -28 312 -36 -23 306 -21 -28 78 29 -33 222 -26 -28 330 -36 -23 36 24 -33 84 4 -18 102 -36 -23 6 -36 -23 12 39 -33 120 -36 -23 72 9 -23 60 19 -28 84 -11 -23 306 14 -38 306 -16 -33 84 4 -33 12 -1 -18 90 9 -38 324 9 -38 306 14 -38 300 4 -33 276 -26 -28 36 19 -28 60 9 -38 222 -1 -18 120 -31 -28 300 39 -33 72 34 -33 72 29 -33 330 -21 -28 330 -16 -28 48 -16 -28 312 24 -33 312 39 -33 48 4 -38 222 24 -33 324 -1 -33 222 -11 -23 120 39 -33 222 -31 -28 48 -36 -28 276 19 -38 330 -21 -33 102 34 -33 222 34 -38 138 29 -38 84 -11 -23 330 9 -33 276 -31 -28 60 34 -33 60 9 -43 12 -6 -28 84 -31 -28 120 -11 -33 78 4 -38 36 39 -33 306 -6 -23 312 9 -23 78 9 -43 222 39 -33 300 -1 -28 306 -6 -28 36 -31 -28 90 14 -43 306 34 -33 306 34 -33 276 -11 -28 36 34 -33 300 34 -33 330 39 -38 96 19 -43 222 -26 -28 6 24 -33 60 34 -33 312 29 -33 306 -16 -28 120 9 -28 120 -26 -28 78 -31 -33 312 -1 -33 324 -11 -28 306 4 -23 96 -36 -28 36 -26 -33 330 9 -43 36 -36 -28 6 4 -23 102 29 -38 78 -1 -33 12 -6 -23 120 14 -38 276 24 -38 330 -1 -23 90 -21 -33 72 -1 -33 36 34 -43 90 19 -33 78 24 -38 78 -16 -33 6 -21 -38 90 39 -38 72 -16 -33 312 39 -38 78 29 -48 138 19 -43 6 -16 -38 72 9 -28 96 -16 -28 330 -1 -38 330 34 -38 12 34 -43 138 24 -38 72 4 -38 312 24 -38 312 9 -38 276 9 -48 12 39 -38 222 -26 -33 120 4 -33 60 -1 -33 6 -31 -33 60 -21 -38 306 -31 -33 96 -31 -33 120 14 -48 300 14 -53 12 -6 -28 312 14 -43 36 -11 -33 222 39 -38 306 14 -48 312 -6 -38 72 39 -38 330 -31 -38 324 34 -38 306 -16 -38 276 -31 -33 72 34 -38 324 -11 -33 306 -26 -38 102 -26 -38 96 34 -38 312 -16 -38 102 -36 -33 90 -31 -33 78 -31 -38 312 19 -48 306 4 -28 96 14 -38 48 29 -43 78 -1 -38 12 -36 -33 6 -1 -28 102 -11 -38 96 19 -38 48 4 -28 72 -16 -43 90 4 -43 306 -6 -38 78 19 -43 276 4 -28 120 24 -43 78 -6 -33 90 -21 -43 222 24 -43 6 -26 -38 90 -21 -38 276 -21 -33 138 -16 -38 312 39 -43 6 19 -38 60 -6 -28 120 34 -43 72 -16 -38 6 24 -43 312 -11 -43 84 -11 -43 72 9 -53 12 -26 -38 60 -16 -43 60 4 -28 78 24 -43 72 39 -43 12 29 -43 324 -16 -33 330 9 -33 96 19 -43 36 -1 -43 324 -21 -43 102 4 -38 60 -16 -38 48 -6 -38 84 -21 -38 60 -1 -43 12 4 -43 300 -1 -38 306 -21 -43 312 -11 -33 330 4 -48 276 -16 -38 36 -11 -48 276 -6 -33 102 -16 -43 102 34 -43 48 -31 -43 222 39 -43 330 -6 -38 330 -16 -48 300 -26 -48 222 34 -43 330 4 -48 306 -6 -38 6 19 -53 306 14 -43 48 24 -48 300 24 -43 48 -6 -38 300 24 -48 306 4 -48 312 29 -43 48 14 -38 84 -36 -38 72 4 -33 72 -1 -33 96 -36 -43 330 19 -53 324 -16 -48 90 19 -58 12 -21 -43 324 14 -43 96 -26 -48 300 -16 -48 306 -11 -43 6 29 -48 72 14 -63 222 19 -43 60 -11 -48 78 -26 -43 60 -6 -38 306 -16 -48 60 -31 -38 6 -6 -43 84 39 -48 12 -1 -38 78 39 -48 60 4 -53 6 14 -43 60 -11 -38 330 14 -63 324 -6 -48 48 -26 -43 120 -31 -48 324 24 -53 84 -31 -48 312 19 -53 96 -11 -38 324 -31 -43 60 -36 -43 222 9 -63 222 24 -58 222 24 -48 36 39 -53 102 29 -58 90 -26 -48 324 -26 -53 222 34 -48 306 34 -58 96 -6 -43 300 39 -53 120 -31 -43 72 -1 -38 84 -6 -48 12 -36 -43 90 -1 -48 6 -36 -43 300 14 -43 78 24 -53 306 -26 -43 78 -16 -53 78 -36 -43 306 -36 -43 60 14 -43 84 -16 -48 6 -36 -43 72 4 -63 222 14 -43 90 -16 -53 90 -31 -43 36 -6 -43 90 4 -58 6 29 -48 36 14 -48 96 -16 -53 276 -21 -53 96 -11 -48 6 -11 -53 60 19 -53 36 -21 -53 90 -21 -53 306 -6 -63 276 29 -53 72 -26 -48 60 -11 -48 222 -16 -53 96 -11 -58 276 -1 -43 78 14 -48 60 -6 -53 72 -21 -53 312 -11 -38 138 -16 -58 300 9 -43 72 -26 -48 84 4 -38 90 -1 -58 48 -26 -48 120 -1 -53 36 -31 -48 48 -31 -53 324 -6 -48 324 -31 -53 312 -16 -53 222 4 -63 36 -6 -58 60 -31 -53 222 24 -53 60 39 -53 276 29 -53 300 -21 -58 300 39 -53 300 4 -58 300 -1 -53 306 -26 -58 306 14 -48 78 -1 -58 60 34 -53 324 -11 -53 48 -1 -53 300 -16 -58 306 34 -53 312 34 -63 90 -31 -48 78 -36 -48 48 -6 -48 306 -36 -48 306 14 -48 84 -31 -53 276 -36 -48 36 4 -53 60 -1 -58 12 -36 -48 72 -16 -48 324 -6 -48 312 -36 -48 78 -16 -48 330 -11 -48 324 34 -63 84 -6 -58 72 4 -43 78 -21 -58 312 -11 -53 6 19 -53 72 29 -58 330 -31 -53 300 -16 -53 48 39 -58 78 29 -58 324 9 -48 96 -11 -58 300 -21 -53 60 -21 -58 102 -6 -53 6 39 -58 48 39 -58 36 -1 -63 48 -1 -63 324 -31 -58 324 -31 -58 330 9 -48 102 34 -58 60 -11 -43 138 -31 -53 96 29 -58 60 -36 -53 276 -31 -58 222 29 -58 306 29 -58 312 29 -63 78 -26 -63 306 14 -53 72 -21 -53 120 39 -58 312 34 -58 306 34 -58 276 -31 -58 276 39 -63 90 -11 -63 60 24 -63 324 -1 -48 96 -6 -58 36 34 -63 78 24 -63 312 -21 -63 222 -36 -58 330 14 -53 84 -6 -48 138 -11 -53 330 -36 -53 60 -36 -53 306 -11 -63 78 29 -63 72 -21 -63 96 -16 -48 138 -26 -53 72 14 -58 60 -26 -53 6 -36 -53 12 -21 -63 312 4 -48 102 -16 -53 120 -11 -58 102 -1 -53 78 9 -58 60 -31 -53 36 -26 -53 138 19 -58 72 -36 -58 324 14 -63 48 39 -63 78 9 -53 72 -6 -58 300 39 -63 12 39 -63 60 34 -63 6 -31 -63 330 -6 -63 222 -26 -63 324 -31 -58 48 14 -63 102 24 -63 60 9 -53 84 -21 -63 78 4 -63 60 4 -53 72 -31 -58 96 29 -63 312 -31 -58 120 34 -63 48 -36 -58 222 24 -68 78 -26 -68 306 -11 -48 138 39 -63 306 -31 -63 306 34 -63 306 -1 -68 12 -21 -63 330 -26 -63 48 34 -63 300 -31 -58 84 -21 -58 12 -16 -58 330 4 -53 96 24 -68 312 -26 -68 312 -36 -58 84 -11 -68 78 -31 -58 78 -26 -58 72 -36 -58 60 -6 -63 324 24 -68 72 -21 -68 312 -11 -63 36 -6 -68 48 -1 -53 102 -11 -63 102 -16 -63 36 -1 -68 306 9 -58 72 -36 -63 324 -21 -68 84 -31 -58 12 -16 -73 276 -26 -73 222 9 -58 78 -1 -63 138 24 -68 60 -6 -63 312 29 -68 60 29 -68 306 -21 -68 36 -6 -58 102 29 -68 300 -36 -63 312 -16 -73 90 -31 -63 120 -31 -63 60 -11 -63 324 -11 -73 84 39 -68 306 39 -68 276 -11 -73 78 39 -68 300 34 -68 36 -11 -63 312 39 -68 330 -6 -63 90 -21 -73 312 -6 -68 324 -26 -63 6 -36 -63 48 -26 -63 72 -36 -63 60 9 -63 72 -31 -68 300 -36 -63 12 -16 -73 312 -1 -68 72 -21 -73 102 9 -63 96 -16 -58 138 -31 -73 312 -1 -63 84 4 -58 90 -21 -78 90 9 -63 102 -31 -68 48 -26 -78 330 -31 -68 60 -36 -68 222 -21 -63 138 -1 -63 96 -1 -68 78 -26 -73 48 4 -63 78 -6 -58 120 -16 -73 48 -21 -78 36 -36 -68 306 4 -63 120 -36 -68 60 -36 -68 72 -31 -68 36 -36 -68 78 -21 -73 60 9 -68 96 -26 -73 60 -26 -68 138 -11 -73 330 9 -68 78 -26 -73 84 -31 -73 102 -31 -73 60 -1 -68 96 -26 -78 36 -21 -68 138 -31 -73 138 -26 -78 60 -31 -73 78 -36 -73 84 -31 -73 36 -6 -68 138 -36 -73 60 -36 -73 36 4 -68 102 -36 -73 12 -31 -73 12 -36 -78 312 -36 -78 222 -1 -73 90 -31 -78 102 -26 -78 78 -36 -78 306 -31 -78 72 -6 -68 120 -36 -78 72 
25 4 1 2 bottle_2 1 8 -36 -78 6 -16 -73 138 -31 -83 96 -31 -83 78 -36 -83 120 -36 -83 138 -36 -83 84 -36 -83 78 
26 4 1 2 bottle_2 1 1 19 -63 324 
27 4 1 2 bottle_2 0.0458015 1 -36 -88 12 
28 4 1 2 bottle_2 0.137931 4 14 -73 72 -1 -68 36 4 -68 48 -6 -73 12 
29 4 1 2 bottle_2 0.0133038 1 -11 87 276 
30 4 1 2 bottle_2 0.230769 1 -11 52 222 
31 4 1 2 bottle_2 1 4 -16 67 324 -11 42 6 14 52 120 -1 57 324 
32 4 1 2 bottle_2 0.953271 17 9 52 60 -11 57 276 -16 47 306 4 52 96 -16 47 300 -6 52 300 -1 52 60 4 52 90 4 52 60 -6 57 300 4 52 78 4 52 36 -6 52 306 9 52 78 -6 52 324 -1 57 222 -1 52 312 
33 4 1 2 bottle_2 0.130435 2 -1 52 36 -1 52 12 
34 4 1 2 bottle_2 0.130435 1 -16 -23 138 
35 4 1 2 bottle_2 0.94382 14 -6 77 72 -11 67 330 -6 72 78 -1 67 102 -1 82 120 -11 72 36 -16 77 324 -6 72 72 4 82 120 -1 82 138 -11 82 330 -11 77 222 -11 72 324 -1 67 78 
36 4 1 2 bottle_2 1 8 -6 72 60 -6 67 48 -1 67 72 -6 67 36 -1 72 138 -1 77 120 -1 72 90 -1 77 84 
37 4 1 2 bottle_2 1 5 4 62 90 4 62 84 -6 67 222 -6 67 78 9 67 60 
38 4 1 2 bottle_2 0.971098 28 -11 67 36 -1 77 276 -11 72 48 -6 67 306 4 72 12 9 77 48 -1 82 36 9 72 48 4 67 36 -6 82 330 -6 82 324 9 77 138 -6 72 276 -6 82 300 -16 72 276 4 82 90 -1 67 12 9 72 84 -16 72 324 9 72 72 4 82 138 -6 77 312 -16 72 312 4 77 36 9 77 84 -1 67 48 -1 72 6 9 77 96 
39 4 1 2 bottle_2 1 6 9 67 96 4 67 48 -6 72 330 -1 72 222 4 72 60 -6 72 324 
40 4 1 2 bottle_2 0.375 1 -11 -13 138 
41 4 1 2 bottle_2 0.0117801 6 -1 72 78 -11 77 306 -11 77 330 -11 77 324 4 77 84 4 77 96 
