10 50 4
0 0 -1 270 2 22 -1 -1 -1 -1 -1 2 686 
1 1 0 0 0 0 0 0 0 0 0 0 0 
2 1 -1 89 2 18 -1 -1 -1 -1 -1 0 3647 
3 2 0 0 0 0 0 0 0 0 0 0 0 
4 2 0 0 0 0 0 0 0 0 0 0 0 
5 2 -1 352 3 16 -1 -1 -1 -1 -1 2 -46 
6 2 -1 336 2 33 -1 -1 -1 -1 -1 3 26 
7 3 0 0 0 0 0 0 0 0 0 0 0 
8 3 0 0 0 0 0 0 0 0 0 0 0 
9 3 0 0 0 0 0 0 0 0 0 0 0 
10 3 0 0 0 0 0 0 0 0 0 0 0 
11 3 1 0 0 0 0 0 0 0 0 0 0 
12 3 -1 303 2 12 -1 -1 -1 -1 -1 2 5279 
13 3 32 0 0 0 0 0 0 0 0 0 0 
14 3 -1 313 4 38 -1 -1 -1 -1 -1 3 1192 
15 4 0 0 0 0 0 0 0 0 0 0 0 
16 4 0 0 0 0 0 0 0 0 0 0 0 
17 4 0 0 0 0 0 0 0 0 0 0 0 
18 4 0 0 0 0 0 0 0 0 0 0 0 
19 4 0 0 0 0 0 0 0 0 0 0 0 
20 4 0 0 0 0 0 0 0 0 0 0 0 
21 4 0 0 0 0 0 0 0 0 0 0 0 
22 4 0 0 0 0 0 0 0 0 0 0 0 
23 4 0 0 0 0 0 0 0 0 0 0 0 
24 4 0 0 0 0 0 0 0 0 0 0 0 
25 4 -1 214 4 15 -1 -1 -1 -1 -1 2 9391 
26 4 -1 69 3 15 -1 -1 -1 -1 -1 2 7 
27 4 0 0 0 0 0 0 0 0 0 0 0 
28 4 0 0 0 0 0 0 0 0 0 0 0 
29 4 -1 119 2 11 -1 -1 -1 -1 -1 3 2344 
30 4 49 0 0 0 0 0 0 0 0 0 0 
31 5 0 0 0 0 0 0 0 0 0 0 0 
32 5 0 0 0 0 0 0 0 0 0 0 0 
33 5 0 0 0 0 0 0 0 0 0 0 0 
34 5 0 0 0 0 0 0 0 0 0 0 0 
35 5 0 0 0 0 0 0 0 0 0 0 0 
36 5 0 0 0 0 0 0 0 0 0 0 0 
37 5 0 0 0 0 0 0 0 0 0 0 0 
38 5 0 0 0 0 0 0 0 0 0 0 0 
39 5 0 0 0 0 0 0 0 0 0 0 0 
40 5 0 0 0 0 0 0 0 0 0 0 0 
41 5 0 0 0 0 0 0 0 0 0 0 0 
42 5 0 0 0 0 0 0 0 0 0 0 0 
43 5 0 0 0 0 0 0 0 0 0 0 0 
44 5 0 0 0 0 0 0 0 0 0 0 0 
45 5 0 0 0 0 0 0 0 0 0 0 0 
46 5 0 0 0 0 0 0 0 0 0 0 0 
47 5 0 0 0 0 0 0 0 0 0 0 0 
48 5 0 0 0 0 0 0 0 0 0 0 0 
49 5 0 0 0 0 0 0 0 0 0 0 0 
50 5 0 0 0 0 0 0 0 0 0 0 0 
51 5 -1 67 1 13 -1 -1 -1 -1 -1 2 35 
52 5 -1 284 4 13 -1 -1 -1 -1 -1 3 3469 
53 5 -1 37 2 33 -1 -1 -1 -1 -1 0 454 
54 5 -1 166 0 20 -1 -1 -1 -1 -1 0 -44 
55 5 0 0 0 0 0 0 0 0 0 0 0 
56 5 0 0 0 0 0 0 0 0 0 0 0 
57 5 0 0 0 0 0 0 0 0 0 0 0 
58 5 0 0 0 0 0 0 0 0 0 0 0 
59 5 -1 73 3 37 -1 -1 -1 -1 -1 1 9 
60 5 -1 251 1 30 -1 -1 -1 -1 -1 3 -8 
61 5 0 0 0 0 0 0 0 0 0 0 0 
62 5 0 0 0 0 0 0 0 0 0 0 0 
63 6 0 0 0 0 0 0 0 0 0 0 0 
64 6 0 0 0 0 0 0 0 0 0 0 0 
65 6 0 0 0 0 0 0 0 0 0 0 0 
66 6 0 0 0 0 0 0 0 0 0 0 0 
67 6 0 0 0 0 0 0 0 0 0 0 0 
68 6 0 0 0 0 0 0 0 0 0 0 0 
69 6 0 0 0 0 0 0 0 0 0 0 0 
70 6 0 0 0 0 0 0 0 0 0 0 0 
71 6 0 0 0 0 0 0 0 0 0 0 0 
72 6 0 0 0 0 0 0 0 0 0 0 0 
73 6 0 0 0 0 0 0 0 0 0 0 0 
74 6 0 0 0 0 0 0 0 0 0 0 0 
75 6 0 0 0 0 0 0 0 0 0 0 0 
76 6 0 0 0 0 0 0 0 0 0 0 0 
77 6 0 0 0 0 0 0 0 0 0 0 0 
78 6 0 0 0 0 0 0 0 0 0 0 0 
79 6 0 0 0 0 0 0 0 0 0 0 0 
80 6 0 0 0 0 0 0 0 0 0 0 0 
81 6 0 0 0 0 0 0 0 0 0 0 0 
82 6 0 0 0 0 0 0 0 0 0 0 0 
83 6 0 0 0 0 0 0 0 0 0 0 0 
84 6 0 0 0 0 0 0 0 0 0 0 0 
85 6 0 0 0 0 0 0 0 0 0 0 0 
86 6 0 0 0 0 0 0 0 0 0 0 0 
87 6 0 0 0 0 0 0 0 0 0 0 0 
88 6 0 0 0 0 0 0 0 0 0 0 0 
89 6 0 0 0 0 0 0 0 0 0 0 0 
90 6 0 0 0 0 0 0 0 0 0 0 0 
91 6 0 0 0 0 0 0 0 0 0 0 0 
92 6 0 0 0 0 0 0 0 0 0 0 0 
93 6 0 0 0 0 0 0 0 0 0 0 0 
94 6 0 0 0 0 0 0 0 0 0 0 0 
95 6 0 0 0 0 0 0 0 0 0 0 0 
96 6 0 0 0 0 0 0 0 0 0 0 0 
97 6 0 0 0 0 0 0 0 0 0 0 0 
98 6 0 0 0 0 0 0 0 0 0 0 0 
99 6 0 0 0 0 0 0 0 0 0 0 0 
100 6 0 0 0 0 0 0 0 0 0 0 0 
101 6 0 0 0 0 0 0 0 0 0 0 0 
102 6 0 0 0 0 0 0 0 0 0 0 0 
103 6 2 0 0 0 0 0 0 0 0 0 0 
104 6 -1 326 2 24 -1 -1 -1 -1 -1 1 701 
105 6 -1 38 3 37 -1 -1 -1 -1 -1 2 39 
106 6 -1 259 0 33 -1 -1 -1 -1 -1 0 -37 
107 6 -1 344 1 17 -1 -1 -1 -1 -1 2 -58 
108 6 -1 146 3 15 -1 -1 -1 -1 -1 3 -3 
109 6 30 0 0 0 0 0 0 0 0 0 0 
110 6 31 0 0 0 0 0 0 0 0 0 0 
111 6 0 0 0 0 0 0 0 0 0 0 0 
112 6 0 0 0 0 0 0 0 0 0 0 0 
113 6 0 0 0 0 0 0 0 0 0 0 0 
114 6 0 0 0 0 0 0 0 0 0 0 0 
115 6 0 0 0 0 0 0 0 0 0 0 0 
116 6 0 0 0 0 0 0 0 0 0 0 0 
117 6 0 0 0 0 0 0 0 0 0 0 0 
118 6 0 0 0 0 0 0 0 0 0 0 0 
119 6 -1 236 2 10 -1 -1 -1 -1 -1 3 1767 
120 6 36 0 0 0 0 0 0 0 0 0 0 
121 6 -1 71 0 11 -1 -1 -1 -1 -1 2 -13 
122 6 -1 188 4 10 -1 -1 -1 -1 -1 0 4247 
123 6 0 0 0 0 0 0 0 0 0 0 0 
124 6 0 0 0 0 0 0 0 0 0 0 0 
125 6 0 0 0 0 0 0 0 0 0 0 0 
126 6 0 0 0 0 0 0 0 0 0 0 0 
127 7 0 0 0 0 0 0 0 0 0 0 0 
128 7 0 0 0 0 0 0 0 0 0 0 0 
129 7 0 0 0 0 0 0 0 0 0 0 0 
130 7 0 0 0 0 0 0 0 0 0 0 0 
131 7 0 0 0 0 0 0 0 0 0 0 0 
132 7 0 0 0 0 0 0 0 0 0 0 0 
133 7 0 0 0 0 0 0 0 0 0 0 0 
134 7 0 0 0 0 0 0 0 0 0 0 0 
135 7 0 0 0 0 0 0 0 0 0 0 0 
136 7 0 0 0 0 0 0 0 0 0 0 0 
137 7 0 0 0 0 0 0 0 0 0 0 0 
138 7 0 0 0 0 0 0 0 0 0 0 0 
139 7 0 0 0 0 0 0 0 0 0 0 0 
140 7 0 0 0 0 0 0 0 0 0 0 0 
141 7 0 0 0 0 0 0 0 0 0 0 0 
142 7 0 0 0 0 0 0 0 0 0 0 0 
143 7 0 0 0 0 0 0 0 0 0 0 0 
144 7 0 0 0 0 0 0 0 0 0 0 0 
145 7 0 0 0 0 0 0 0 0 0 0 0 
146 7 0 0 0 0 0 0 0 0 0 0 0 
147 7 0 0 0 0 0 0 0 0 0 0 0 
148 7 0 0 0 0 0 0 0 0 0 0 0 
149 7 0 0 0 0 0 0 0 0 0 0 0 
150 7 0 0 0 0 0 0 0 0 0 0 0 
151 7 0 0 0 0 0 0 0 0 0 0 0 
152 7 0 0 0 0 0 0 0 0 0 0 0 
153 7 0 0 0 0 0 0 0 0 0 0 0 
154 7 0 0 0 0 0 0 0 0 0 0 0 
155 7 0 0 0 0 0 0 0 0 0 0 0 
156 7 0 0 0 0 0 0 0 0 0 0 0 
157 7 0 0 0 0 0 0 0 0 0 0 0 
158 7 0 0 0 0 0 0 0 0 0 0 0 
159 7 0 0 0 0 0 0 0 0 0 0 0 
160 7 0 0 0 0 0 0 0 0 0 0 0 
161 7 0 0 0 0 0 0 0 0 0 0 0 
162 7 0 0 0 0 0 0 0 0 0 0 0 
163 7 0 0 0 0 0 0 0 0 0 0 0 
164 7 0 0 0 0 0 0 0 0 0 0 0 
165 7 0 0 0 0 0 0 0 0 0 0 0 
166 7 0 0 0 0 0 0 0 0 0 0 0 
167 7 0 0 0 0 0 0 0 0 0 0 0 
168 7 0 0 0 0 0 0 0 0 0 0 0 
169 7 0 0 0 0 0 0 0 0 0 0 0 
170 7 0 0 0 0 0 0 0 0 0 0 0 
171 7 0 0 0 0 0 0 0 0 0 0 0 
172 7 0 0 0 0 0 0 0 0 0 0 0 
173 7 0 0 0 0 0 0 0 0 0 0 0 
174 7 0 0 0 0 0 0 0 0 0 0 0 
175 7 0 0 0 0 0 0 0 0 0 0 0 
176 7 0 0 0 0 0 0 0 0 0 0 0 
177 7 0 0 0 0 0 0 0 0 0 0 0 
178 7 0 0 0 0 0 0 0 0 0 0 0 
179 7 0 0 0 0 0 0 0 0 0 0 0 
180 7 0 0 0 0 0 0 0 0 0 0 0 
181 7 0 0 0 0 0 0 0 0 0 0 0 
182 7 0 0 0 0 0 0 0 0 0 0 0 
183 7 0 0 0 0 0 0 0 0 0 0 0 
184 7 0 0 0 0 0 0 0 0 0 0 0 
185 7 0 0 0 0 0 0 0 0 0 0 0 
186 7 0 0 0 0 0 0 0 0 0 0 0 
187 7 0 0 0 0 0 0 0 0 0 0 0 
188 7 0 0 0 0 0 0 0 0 0 0 0 
189 7 0 0 0 0 0 0 0 0 0 0 0 
190 7 0 0 0 0 0 0 0 0 0 0 0 
191 7 0 0 0 0 0 0 0 0 0 0 0 
192 7 0 0 0 0 0 0 0 0 0 0 0 
193 7 0 0 0 0 0 0 0 0 0 0 0 
194 7 0 0 0 0 0 0 0 0 0 0 0 
195 7 0 0 0 0 0 0 0 0 0 0 0 
196 7 0 0 0 0 0 0 0 0 0 0 0 
197 7 0 0 0 0 0 0 0 0 0 0 0 
198 7 0 0 0 0 0 0 0 0 0 0 0 
199 7 0 0 0 0 0 0 0 0 0 0 0 
200 7 0 0 0 0 0 0 0 0 0 0 0 
201 7 0 0 0 0 0 0 0 0 0 0 0 
202 7 0 0 0 0 0 0 0 0 0 0 0 
203 7 0 0 0 0 0 0 0 0 0 0 0 
204 7 0 0 0 0 0 0 0 0 0 0 0 
205 7 0 0 0 0 0 0 0 0 0 0 0 
206 7 0 0 0 0 0 0 0 0 0 0 0 
207 7 0 0 0 0 0 0 0 0 0 0 0 
208 7 0 0 0 0 0 0 0 0 0 0 0 
209 7 -1 81 4 34 -1 -1 -1 -1 -1 3 189 
210 7 6 0 0 0 0 0 0 0 0 0 0 
211 7 7 0 0 0 0 0 0 0 0 0 0 
212 7 -1 273 0 25 -1 -1 -1 -1 -1 1 -7 
213 7 10 0 0 0 0 0 0 0 0 0 0 
214 7 -1 22 4 36 -1 -1 -1 -1 -1 0 5275 
215 7 15 0 0 0 0 0 0 0 0 0 0 
216 7 -1 243 2 33 -1 -1 -1 -1 -1 3 183 
217 7 -1 253 4 38 -1 -1 -1 -1 -1 3 1217 
218 7 -1 180 2 35 -1 -1 -1 -1 -1 0 395 
219 7 0 0 0 0 0 0 0 0 0 0 0 
220 7 0 0 0 0 0 0 0 0 0 0 0 
221 7 0 0 0 0 0 0 0 0 0 0 0 
222 7 0 0 0 0 0 0 0 0 0 0 0 
223 7 0 0 0 0 0 0 0 0 0 0 0 
224 7 0 0 0 0 0 0 0 0 0 0 0 
225 7 0 0 0 0 0 0 0 0 0 0 0 
226 7 0 0 0 0 0 0 0 0 0 0 0 
227 7 0 0 0 0 0 0 0 0 0 0 0 
228 7 0 0 0 0 0 0 0 0 0 0 0 
229 7 0 0 0 0 0 0 0 0 0 0 0 
230 7 0 0 0 0 0 0 0 0 0 0 0 
231 7 0 0 0 0 0 0 0 0 0 0 0 
232 7 0 0 0 0 0 0 0 0 0 0 0 
233 7 0 0 0 0 0 0 0 0 0 0 0 
234 7 0 0 0 0 0 0 0 0 0 0 0 
235 7 0 0 0 0 0 0 0 0 0 0 0 
236 7 0 0 0 0 0 0 0 0 0 0 0 
237 7 0 0 0 0 0 0 0 0 0 0 0 
238 7 0 0 0 0 0 0 0 0 0 0 0 
239 7 33 0 0 0 0 0 0 0 0 0 0 
240 7 -1 162 0 38 -1 -1 -1 -1 -1 1 -20 
241 7 0 0 0 0 0 0 0 0 0 0 0 
242 7 0 0 0 0 0 0 0 0 0 0 0 
243 7 -1 172 1 14 -1 -1 -1 -1 -1 3 2 
244 7 -1 257 2 31 -1 -1 -1 -1 -1 2 1097 
245 7 44 0 0 0 0 0 0 0 0 0 0 
246 7 -1 137 1 34 -1 -1 -1 -1 -1 3 1 
247 7 0 0 0 0 0 0 0 0 0 0 0 
248 7 0 0 0 0 0 0 0 0 0 0 0 
249 7 0 0 0 0 0 0 0 0 0 0 0 
250 7 0 0 0 0 0 0 0 0 0 0 0 
251 7 0 0 0 0 0 0 0 0 0 0 0 
252 7 0 0 0 0 0 0 0 0 0 0 0 
253 7 0 0 0 0 0 0 0 0 0 0 0 
254 7 0 0 0 0 0 0 0 0 0 0 0 
255 8 0 0 0 0 0 0 0 0 0 0 0 
256 8 0 0 0 0 0 0 0 0 0 0 0 
257 8 0 0 0 0 0 0 0 0 0 0 0 
258 8 0 0 0 0 0 0 0 0 0 0 0 
259 8 0 0 0 0 0 0 0 0 0 0 0 
260 8 0 0 0 0 0 0 0 0 0 0 0 
261 8 0 0 0 0 0 0 0 0 0 0 0 
262 8 0 0 0 0 0 0 0 0 0 0 0 
263 8 0 0 0 0 0 0 0 0 0 0 0 
264 8 0 0 0 0 0 0 0 0 0 0 0 
265 8 0 0 0 0 0 0 0 0 0 0 0 
266 8 0 0 0 0 0 0 0 0 0 0 0 
267 8 0 0 0 0 0 0 0 0 0 0 0 
268 8 0 0 0 0 0 0 0 0 0 0 0 
269 8 0 0 0 0 0 0 0 0 0 0 0 
270 8 0 0 0 0 0 0 0 0 0 0 0 
271 8 0 0 0 0 0 0 0 0 0 0 0 
272 8 0 0 0 0 0 0 0 0 0 0 0 
273 8 0 0 0 0 0 0 0 0 0 0 0 
274 8 0 0 0 0 0 0 0 0 0 0 0 
275 8 0 0 0 0 0 0 0 0 0 0 0 
276 8 0 0 0 0 0 0 0 0 0 0 0 
277 8 0 0 0 0 0 0 0 0 0 0 0 
278 8 0 0 0 0 0 0 0 0 0 0 0 
279 8 0 0 0 0 0 0 0 0 0 0 0 
280 8 0 0 0 0 0 0 0 0 0 0 0 
281 8 0 0 0 0 0 0 0 0 0 0 0 
282 8 0 0 0 0 0 0 0 0 0 0 0 
283 8 0 0 0 0 0 0 0 0 0 0 0 
284 8 0 0 0 0 0 0 0 0 0 0 0 
285 8 0 0 0 0 0 0 0 0 0 0 0 
286 8 0 0 0 0 0 0 0 0 0 0 0 
287 8 0 0 0 0 0 0 0 0 0 0 0 
288 8 0 0 0 0 0 0 0 0 0 0 0 
289 8 0 0 0 0 0 0 0 0 0 0 0 
290 8 0 0 0 0 0 0 0 0 0 0 0 
291 8 0 0 0 0 0 0 0 0 0 0 0 
292 8 0 0 0 0 0 0 0 0 0 0 0 
293 8 0 0 0 0 0 0 0 0 0 0 0 
294 8 0 0 0 0 0 0 0 0 0 0 0 
295 8 0 0 0 0 0 0 0 0 0 0 0 
296 8 0 0 0 0 0 0 0 0 0 0 0 
297 8 0 0 0 0 0 0 0 0 0 0 0 
298 8 0 0 0 0 0 0 0 0 0 0 0 
299 8 0 0 0 0 0 0 0 0 0 0 0 
300 8 0 0 0 0 0 0 0 0 0 0 0 
301 8 0 0 0 0 0 0 0 0 0 0 0 
302 8 0 0 0 0 0 0 0 0 0 0 0 
303 8 0 0 0 0 0 0 0 0 0 0 0 
304 8 0 0 0 0 0 0 0 0 0 0 0 
305 8 0 0 0 0 0 0 0 0 0 0 0 
306 8 0 0 0 0 0 0 0 0 0 0 0 
307 8 0 0 0 0 0 0 0 0 0 0 0 
308 8 0 0 0 0 0 0 0 0 0 0 0 
309 8 0 0 0 0 0 0 0 0 0 0 0 
310 8 0 0 0 0 0 0 0 0 0 0 0 
311 8 0 0 0 0 0 0 0 0 0 0 0 
312 8 0 0 0 0 0 0 0 0 0 0 0 
313 8 0 0 0 0 0 0 0 0 0 0 0 
314 8 0 0 0 0 0 0 0 0 0 0 0 
315 8 0 0 0 0 0 0 0 0 0 0 0 
316 8 0 0 0 0 0 0 0 0 0 0 0 
317 8 0 0 0 0 0 0 0 0 0 0 0 
318 8 0 0 0 0 0 0 0 0 0 0 0 
319 8 0 0 0 0 0 0 0 0 0 0 0 
320 8 0 0 0 0 0 0 0 0 0 0 0 
321 8 0 0 0 0 0 0 0 0 0 0 0 
322 8 0 0 0 0 0 0 0 0 0 0 0 
323 8 0 0 0 0 0 0 0 0 0 0 0 
324 8 0 0 0 0 0 0 0 0 0 0 0 
325 8 0 0 0 0 0 0 0 0 0 0 0 
326 8 0 0 0 0 0 0 0 0 0 0 0 
327 8 0 0 0 0 0 0 0 0 0 0 0 
328 8 0 0 0 0 0 0 0 0 0 0 0 
329 8 0 0 0 0 0 0 0 0 0 0 0 
330 8 0 0 0 0 0 0 0 0 0 0 0 
331 8 0 0 0 0 0 0 0 0 0 0 0 
332 8 0 0 0 0 0 0 0 0 0 0 0 
333 8 0 0 0 0 0 0 0 0 0 0 0 
334 8 0 0 0 0 0 0 0 0 0 0 0 
335 8 0 0 0 0 0 0 0 0 0 0 0 
336 8 0 0 0 0 0 0 0 0 0 0 0 
337 8 0 0 0 0 0 0 0 0 0 0 0 
338 8 0 0 0 0 0 0 0 0 0 0 0 
339 8 0 0 0 0 0 0 0 0 0 0 0 
340 8 0 0 0 0 0 0 0 0 0 0 0 
341 8 0 0 0 0 0 0 0 0 0 0 0 
342 8 0 0 0 0 0 0 0 0 0 0 0 
343 8 0 0 0 0 0 0 0 0 0 0 0 
344 8 0 0 0 0 0 0 0 0 0 0 0 
345 8 0 0 0 0 0 0 0 0 0 0 0 
346 8 0 0 0 0 0 0 0 0 0 0 0 
347 8 0 0 0 0 0 0 0 0 0 0 0 
348 8 0 0 0 0 0 0 0 0 0 0 0 
349 8 0 0 0 0 0 0 0 0 0 0 0 
350 8 0 0 0 0 0 0 0 0 0 0 0 
351 8 0 0 0 0 0 0 0 0 0 0 0 
352 8 0 0 0 0 0 0 0 0 0 0 0 
353 8 0 0 0 0 0 0 0 0 0 0 0 
354 8 0 0 0 0 0 0 0 0 0 0 0 
355 8 0 0 0 0 0 0 0 0 0 0 0 
356 8 0 0 0 0 0 0 0 0 0 0 0 
357 8 0 0 0 0 0 0 0 0 0 0 0 
358 8 0 0 0 0 0 0 0 0 0 0 0 
359 8 0 0 0 0 0 0 0 0 0 0 0 
360 8 0 0 0 0 0 0 0 0 0 0 0 
361 8 0 0 0 0 0 0 0 0 0 0 0 
362 8 0 0 0 0 0 0 0 0 0 0 0 
363 8 0 0 0 0 0 0 0 0 0 0 0 
364 8 0 0 0 0 0 0 0 0 0 0 0 
365 8 0 0 0 0 0 0 0 0 0 0 0 
366 8 0 0 0 0 0 0 0 0 0 0 0 
367 8 0 0 0 0 0 0 0 0 0 0 0 
368 8 0 0 0 0 0 0 0 0 0 0 0 
369 8 0 0 0 0 0 0 0 0 0 0 0 
370 8 0 0 0 0 0 0 0 0 0 0 0 
371 8 0 0 0 0 0 0 0 0 0 0 0 
372 8 0 0 0 0 0 0 0 0 0 0 0 
373 8 0 0 0 0 0 0 0 0 0 0 0 
374 8 0 0 0 0 0 0 0 0 0 0 0 
375 8 0 0 0 0 0 0 0 0 0 0 0 
376 8 0 0 0 0 0 0 0 0 0 0 0 
377 8 0 0 0 0 0 0 0 0 0 0 0 
378 8 0 0 0 0 0 0 0 0 0 0 0 
379 8 0 0 0 0 0 0 0 0 0 0 0 
380 8 0 0 0 0 0 0 0 0 0 0 0 
381 8 0 0 0 0 0 0 0 0 0 0 0 
382 8 0 0 0 0 0 0 0 0 0 0 0 
383 8 0 0 0 0 0 0 0 0 0 0 0 
384 8 0 0 0 0 0 0 0 0 0 0 0 
385 8 0 0 0 0 0 0 0 0 0 0 0 
386 8 0 0 0 0 0 0 0 0 0 0 0 
387 8 0 0 0 0 0 0 0 0 0 0 0 
388 8 0 0 0 0 0 0 0 0 0 0 0 
389 8 0 0 0 0 0 0 0 0 0 0 0 
390 8 0 0 0 0 0 0 0 0 0 0 0 
391 8 0 0 0 0 0 0 0 0 0 0 0 
392 8 0 0 0 0 0 0 0 0 0 0 0 
393 8 0 0 0 0 0 0 0 0 0 0 0 
394 8 0 0 0 0 0 0 0 0 0 0 0 
395 8 0 0 0 0 0 0 0 0 0 0 0 
396 8 0 0 0 0 0 0 0 0 0 0 0 
397 8 0 0 0 0 0 0 0 0 0 0 0 
398 8 0 0 0 0 0 0 0 0 0 0 0 
399 8 0 0 0 0 0 0 0 0 0 0 0 
400 8 0 0 0 0 0 0 0 0 0 0 0 
401 8 0 0 0 0 0 0 0 0 0 0 0 
402 8 0 0 0 0 0 0 0 0 0 0 0 
403 8 0 0 0 0 0 0 0 0 0 0 0 
404 8 0 0 0 0 0 0 0 0 0 0 0 
405 8 0 0 0 0 0 0 0 0 0 0 0 
406 8 0 0 0 0 0 0 0 0 0 0 0 
407 8 0 0 0 0 0 0 0 0 0 0 0 
408 8 0 0 0 0 0 0 0 0 0 0 0 
409 8 0 0 0 0 0 0 0 0 0 0 0 
410 8 0 0 0 0 0 0 0 0 0 0 0 
411 8 0 0 0 0 0 0 0 0 0 0 0 
412 8 0 0 0 0 0 0 0 0 0 0 0 
413 8 0 0 0 0 0 0 0 0 0 0 0 
414 8 0 0 0 0 0 0 0 0 0 0 0 
415 8 0 0 0 0 0 0 0 0 0 0 0 
416 8 0 0 0 0 0 0 0 0 0 0 0 
417 8 0 0 0 0 0 0 0 0 0 0 0 
418 8 0 0 0 0 0 0 0 0 0 0 0 
419 8 3 0 0 0 0 0 0 0 0 0 0 
420 8 -1 16 3 39 -1 -1 -1 -1 -1 3 -7 
421 8 0 0 0 0 0 0 0 0 0 0 0 
422 8 0 0 0 0 0 0 0 0 0 0 0 
423 8 0 0 0 0 0 0 0 0 0 0 0 
424 8 0 0 0 0 0 0 0 0 0 0 0 
425 8 8 0 0 0 0 0 0 0 0 0 0 
426 8 9 0 0 0 0 0 0 0 0 0 0 
427 8 0 0 0 0 0 0 0 0 0 0 0 
428 8 0 0 0 0 0 0 0 0 0 0 0 
429 8 -1 44 4 37 -1 -1 -1 -1 -1 3 1840 
430 8 14 0 0 0 0 0 0 0 0 0 0 
431 8 0 0 0 0 0 0 0 0 0 0 0 
432 8 0 0 0 0 0 0 0 0 0 0 0 
433 8 -1 318 4 12 -1 -1 -1 -1 -1 2 9306 
434 8 20 0 0 0 0 0 0 0 0 0 0 
435 8 -1 190 2 14 -1 -1 -1 -1 -1 2 6735 
436 8 25 0 0 0 0 0 0 0 0 0 0 
437 8 -1 42 2 12 -1 -1 -1 -1 -1 0 8494 
438 8 29 0 0 0 0 0 0 0 0 0 0 
439 8 0 0 0 0 0 0 0 0 0 0 0 
440 8 0 0 0 0 0 0 0 0 0 0 0 
441 8 0 0 0 0 0 0 0 0 0 0 0 
442 8 0 0 0 0 0 0 0 0 0 0 0 
443 8 0 0 0 0 0 0 0 0 0 0 0 
444 8 0 0 0 0 0 0 0 0 0 0 0 
445 8 0 0 0 0 0 0 0 0 0 0 0 
446 8 0 0 0 0 0 0 0 0 0 0 0 
447 8 0 0 0 0 0 0 0 0 0 0 0 
448 8 0 0 0 0 0 0 0 0 0 0 0 
449 8 0 0 0 0 0 0 0 0 0 0 0 
450 8 0 0 0 0 0 0 0 0 0 0 0 
451 8 0 0 0 0 0 0 0 0 0 0 0 
452 8 0 0 0 0 0 0 0 0 0 0 0 
453 8 0 0 0 0 0 0 0 0 0 0 0 
454 8 0 0 0 0 0 0 0 0 0 0 0 
455 8 0 0 0 0 0 0 0 0 0 0 0 
456 8 0 0 0 0 0 0 0 0 0 0 0 
457 8 0 0 0 0 0 0 0 0 0 0 0 
458 8 0 0 0 0 0 0 0 0 0 0 0 
459 8 0 0 0 0 0 0 0 0 0 0 0 
460 8 0 0 0 0 0 0 0 0 0 0 0 
461 8 0 0 0 0 0 0 0 0 0 0 0 
462 8 0 0 0 0 0 0 0 0 0 0 0 
463 8 0 0 0 0 0 0 0 0 0 0 0 
464 8 0 0 0 0 0 0 0 0 0 0 0 
465 8 0 0 0 0 0 0 0 0 0 0 0 
466 8 0 0 0 0 0 0 0 0 0 0 0 
467 8 0 0 0 0 0 0 0 0 0 0 0 
468 8 0 0 0 0 0 0 0 0 0 0 0 
469 8 0 0 0 0 0 0 0 0 0 0 0 
470 8 0 0 0 0 0 0 0 0 0 0 0 
471 8 0 0 0 0 0 0 0 0 0 0 0 
472 8 0 0 0 0 0 0 0 0 0 0 0 
473 8 0 0 0 0 0 0 0 0 0 0 0 
474 8 0 0 0 0 0 0 0 0 0 0 0 
475 8 0 0 0 0 0 0 0 0 0 0 0 
476 8 0 0 0 0 0 0 0 0 0 0 0 
477 8 0 0 0 0 0 0 0 0 0 0 0 
478 8 0 0 0 0 0 0 0 0 0 0 0 
479 8 0 0 0 0 0 0 0 0 0 0 0 
480 8 0 0 0 0 0 0 0 0 0 0 0 
481 8 34 0 0 0 0 0 0 0 0 0 0 
482 8 35 0 0 0 0 0 0 0 0 0 0 
483 8 0 0 0 0 0 0 0 0 0 0 0 
484 8 0 0 0 0 0 0 0 0 0 0 0 
485 8 0 0 0 0 0 0 0 0 0 0 0 
486 8 0 0 0 0 0 0 0 0 0 0 0 
487 8 -1 75 3 30 -1 -1 -1 -1 -1 0 -65 
488 8 39 0 0 0 0 0 0 0 0 0 0 
489 8 -1 340 3 29 -1 -1 -1 -1 -1 1 30 
490 8 43 0 0 0 0 0 0 0 0 0 0 
491 8 0 0 0 0 0 0 0 0 0 0 0 
492 8 0 0 0 0 0 0 0 0 0 0 0 
493 8 45 0 0 0 0 0 0 0 0 0 0 
494 8 -1 26 1 11 -1 -1 -1 -1 -1 3 36 
495 8 0 0 0 0 0 0 0 0 0 0 0 
496 8 0 0 0 0 0 0 0 0 0 0 0 
497 8 0 0 0 0 0 0 0 0 0 0 0 
498 8 0 0 0 0 0 0 0 0 0 0 0 
499 8 0 0 0 0 0 0 0 0 0 0 0 
500 8 0 0 0 0 0 0 0 0 0 0 0 
501 8 0 0 0 0 0 0 0 0 0 0 0 
502 8 0 0 0 0 0 0 0 0 0 0 0 
503 8 0 0 0 0 0 0 0 0 0 0 0 
504 8 0 0 0 0 0 0 0 0 0 0 0 
505 8 0 0 0 0 0 0 0 0 0 0 0 
506 8 0 0 0 0 0 0 0 0 0 0 0 
507 8 0 0 0 0 0 0 0 0 0 0 0 
508 8 0 0 0 0 0 0 0 0 0 0 0 
509 8 0 0 0 0 0 0 0 0 0 0 0 
510 8 0 0 0 0 0 0 0 0 0 0 0 
511 9 0 0 0 0 0 0 0 0 0 0 0 
512 9 0 0 0 0 0 0 0 0 0 0 0 
513 9 0 0 0 0 0 0 0 0 0 0 0 
514 9 0 0 0 0 0 0 0 0 0 0 0 
515 9 0 0 0 0 0 0 0 0 0 0 0 
516 9 0 0 0 0 0 0 0 0 0 0 0 
517 9 0 0 0 0 0 0 0 0 0 0 0 
518 9 0 0 0 0 0 0 0 0 0 0 0 
519 9 0 0 0 0 0 0 0 0 0 0 0 
520 9 0 0 0 0 0 0 0 0 0 0 0 
521 9 0 0 0 0 0 0 0 0 0 0 0 
522 9 0 0 0 0 0 0 0 0 0 0 0 
523 9 0 0 0 0 0 0 0 0 0 0 0 
524 9 0 0 0 0 0 0 0 0 0 0 0 
525 9 0 0 0 0 0 0 0 0 0 0 0 
526 9 0 0 0 0 0 0 0 0 0 0 0 
527 9 0 0 0 0 0 0 0 0 0 0 0 
528 9 0 0 0 0 0 0 0 0 0 0 0 
529 9 0 0 0 0 0 0 0 0 0 0 0 
530 9 0 0 0 0 0 0 0 0 0 0 0 
531 9 0 0 0 0 0 0 0 0 0 0 0 
532 9 0 0 0 0 0 0 0 0 0 0 0 
533 9 0 0 0 0 0 0 0 0 0 0 0 
534 9 0 0 0 0 0 0 0 0 0 0 0 
535 9 0 0 0 0 0 0 0 0 0 0 0 
536 9 0 0 0 0 0 0 0 0 0 0 0 
537 9 0 0 0 0 0 0 0 0 0 0 0 
538 9 0 0 0 0 0 0 0 0 0 0 0 
539 9 0 0 0 0 0 0 0 0 0 0 0 
540 9 0 0 0 0 0 0 0 0 0 0 0 
541 9 0 0 0 0 0 0 0 0 0 0 0 
542 9 0 0 0 0 0 0 0 0 0 0 0 
543 9 0 0 0 0 0 0 0 0 0 0 0 
544 9 0 0 0 0 0 0 0 0 0 0 0 
545 9 0 0 0 0 0 0 0 0 0 0 0 
546 9 0 0 0 0 0 0 0 0 0 0 0 
547 9 0 0 0 0 0 0 0 0 0 0 0 
548 9 0 0 0 0 0 0 0 0 0 0 0 
549 9 0 0 0 0 0 0 0 0 0 0 0 
550 9 0 0 0 0 0 0 0 0 0 0 0 
551 9 0 0 0 0 0 0 0 0 0 0 0 
552 9 0 0 0 0 0 0 0 0 0 0 0 
553 9 0 0 0 0 0 0 0 0 0 0 0 
554 9 0 0 0 0 0 0 0 0 0 0 0 
555 9 0 0 0 0 0 0 0 0 0 0 0 
556 9 0 0 0 0 0 0 0 0 0 0 0 
557 9 0 0 0 0 0 0 0 0 0 0 0 
558 9 0 0 0 0 0 0 0 0 0 0 0 
559 9 0 0 0 0 0 0 0 0 0 0 0 
560 9 0 0 0 0 0 0 0 0 0 0 0 
561 9 0 0 0 0 0 0 0 0 0 0 0 
562 9 0 0 0 0 0 0 0 0 0 0 0 
563 9 0 0 0 0 0 0 0 0 0 0 0 
564 9 0 0 0 0 0 0 0 0 0 0 0 
565 9 0 0 0 0 0 0 0 0 0 0 0 
566 9 0 0 0 0 0 0 0 0 0 0 0 
567 9 0 0 0 0 0 0 0 0 0 0 0 
568 9 0 0 0 0 0 0 0 0 0 0 0 
569 9 0 0 0 0 0 0 0 0 0 0 0 
570 9 0 0 0 0 0 0 0 0 0 0 0 
571 9 0 0 0 0 0 0 0 0 0 0 0 
572 9 0 0 0 0 0 0 0 0 0 0 0 
573 9 0 0 0 0 0 0 0 0 0 0 0 
574 9 0 0 0 0 0 0 0 0 0 0 0 
575 9 0 0 0 0 0 0 0 0 0 0 0 
576 9 0 0 0 0 0 0 0 0 0 0 0 
577 9 0 0 0 0 0 0 0 0 0 0 0 
578 9 0 0 0 0 0 0 0 0 0 0 0 
579 9 0 0 0 0 0 0 0 0 0 0 0 
580 9 0 0 0 0 0 0 0 0 0 0 0 
581 9 0 0 0 0 0 0 0 0 0 0 0 
582 9 0 0 0 0 0 0 0 0 0 0 0 
583 9 0 0 0 0 0 0 0 0 0 0 0 
584 9 0 0 0 0 0 0 0 0 0 0 0 
585 9 0 0 0 0 0 0 0 0 0 0 0 
586 9 0 0 0 0 0 0 0 0 0 0 0 
587 9 0 0 0 0 0 0 0 0 0 0 0 
588 9 0 0 0 0 0 0 0 0 0 0 0 
589 9 0 0 0 0 0 0 0 0 0 0 0 
590 9 0 0 0 0 0 0 0 0 0 0 0 
591 9 0 0 0 0 0 0 0 0 0 0 0 
592 9 0 0 0 0 0 0 0 0 0 0 0 
593 9 0 0 0 0 0 0 0 0 0 0 0 
594 9 0 0 0 0 0 0 0 0 0 0 0 
595 9 0 0 0 0 0 0 0 0 0 0 0 
596 9 0 0 0 0 0 0 0 0 0 0 0 
597 9 0 0 0 0 0 0 0 0 0 0 0 
598 9 0 0 0 0 0 0 0 0 0 0 0 
599 9 0 0 0 0 0 0 0 0 0 0 0 
600 9 0 0 0 0 0 0 0 0 0 0 0 
601 9 0 0 0 0 0 0 0 0 0 0 0 
602 9 0 0 0 0 0 0 0 0 0 0 0 
603 9 0 0 0 0 0 0 0 0 0 0 0 
604 9 0 0 0 0 0 0 0 0 0 0 0 
605 9 0 0 0 0 0 0 0 0 0 0 0 
606 9 0 0 0 0 0 0 0 0 0 0 0 
607 9 0 0 0 0 0 0 0 0 0 0 0 
608 9 0 0 0 0 0 0 0 0 0 0 0 
609 9 0 0 0 0 0 0 0 0 0 0 0 
610 9 0 0 0 0 0 0 0 0 0 0 0 
611 9 0 0 0 0 0 0 0 0 0 0 0 
612 9 0 0 0 0 0 0 0 0 0 0 0 
613 9 0 0 0 0 0 0 0 0 0 0 0 
614 9 0 0 0 0 0 0 0 0 0 0 0 
615 9 0 0 0 0 0 0 0 0 0 0 0 
616 9 0 0 0 0 0 0 0 0 0 0 0 
617 9 0 0 0 0 0 0 0 0 0 0 0 
618 9 0 0 0 0 0 0 0 0 0 0 0 
619 9 0 0 0 0 0 0 0 0 0 0 0 
620 9 0 0 0 0 0 0 0 0 0 0 0 
621 9 0 0 0 0 0 0 0 0 0 0 0 
622 9 0 0 0 0 0 0 0 0 0 0 0 
623 9 0 0 0 0 0 0 0 0 0 0 0 
624 9 0 0 0 0 0 0 0 0 0 0 0 
625 9 0 0 0 0 0 0 0 0 0 0 0 
626 9 0 0 0 0 0 0 0 0 0 0 0 
627 9 0 0 0 0 0 0 0 0 0 0 0 
628 9 0 0 0 0 0 0 0 0 0 0 0 
629 9 0 0 0 0 0 0 0 0 0 0 0 
630 9 0 0 0 0 0 0 0 0 0 0 0 
631 9 0 0 0 0 0 0 0 0 0 0 0 
632 9 0 0 0 0 0 0 0 0 0 0 0 
633 9 0 0 0 0 0 0 0 0 0 0 0 
634 9 0 0 0 0 0 0 0 0 0 0 0 
635 9 0 0 0 0 0 0 0 0 0 0 0 
636 9 0 0 0 0 0 0 0 0 0 0 0 
637 9 0 0 0 0 0 0 0 0 0 0 0 
638 9 0 0 0 0 0 0 0 0 0 0 0 
639 9 0 0 0 0 0 0 0 0 0 0 0 
640 9 0 0 0 0 0 0 0 0 0 0 0 
641 9 0 0 0 0 0 0 0 0 0 0 0 
642 9 0 0 0 0 0 0 0 0 0 0 0 
643 9 0 0 0 0 0 0 0 0 0 0 0 
644 9 0 0 0 0 0 0 0 0 0 0 0 
645 9 0 0 0 0 0 0 0 0 0 0 0 
646 9 0 0 0 0 0 0 0 0 0 0 0 
647 9 0 0 0 0 0 0 0 0 0 0 0 
648 9 0 0 0 0 0 0 0 0 0 0 0 
649 9 0 0 0 0 0 0 0 0 0 0 0 
650 9 0 0 0 0 0 0 0 0 0 0 0 
651 9 0 0 0 0 0 0 0 0 0 0 0 
652 9 0 0 0 0 0 0 0 0 0 0 0 
653 9 0 0 0 0 0 0 0 0 0 0 0 
654 9 0 0 0 0 0 0 0 0 0 0 0 
655 9 0 0 0 0 0 0 0 0 0 0 0 
656 9 0 0 0 0 0 0 0 0 0 0 0 
657 9 0 0 0 0 0 0 0 0 0 0 0 
658 9 0 0 0 0 0 0 0 0 0 0 0 
659 9 0 0 0 0 0 0 0 0 0 0 0 
660 9 0 0 0 0 0 0 0 0 0 0 0 
661 9 0 0 0 0 0 0 0 0 0 0 0 
662 9 0 0 0 0 0 0 0 0 0 0 0 
663 9 0 0 0 0 0 0 0 0 0 0 0 
664 9 0 0 0 0 0 0 0 0 0 0 0 
665 9 0 0 0 0 0 0 0 0 0 0 0 
666 9 0 0 0 0 0 0 0 0 0 0 0 
667 9 0 0 0 0 0 0 0 0 0 0 0 
668 9 0 0 0 0 0 0 0 0 0 0 0 
669 9 0 0 0 0 0 0 0 0 0 0 0 
670 9 0 0 0 0 0 0 0 0 0 0 0 
671 9 0 0 0 0 0 0 0 0 0 0 0 
672 9 0 0 0 0 0 0 0 0 0 0 0 
673 9 0 0 0 0 0 0 0 0 0 0 0 
674 9 0 0 0 0 0 0 0 0 0 0 0 
675 9 0 0 0 0 0 0 0 0 0 0 0 
676 9 0 0 0 0 0 0 0 0 0 0 0 
677 9 0 0 0 0 0 0 0 0 0 0 0 
678 9 0 0 0 0 0 0 0 0 0 0 0 
679 9 0 0 0 0 0 0 0 0 0 0 0 
680 9 0 0 0 0 0 0 0 0 0 0 0 
681 9 0 0 0 0 0 0 0 0 0 0 0 
682 9 0 0 0 0 0 0 0 0 0 0 0 
683 9 0 0 0 0 0 0 0 0 0 0 0 
684 9 0 0 0 0 0 0 0 0 0 0 0 
685 9 0 0 0 0 0 0 0 0 0 0 0 
686 9 0 0 0 0 0 0 0 0 0 0 0 
687 9 0 0 0 0 0 0 0 0 0 0 0 
688 9 0 0 0 0 0 0 0 0 0 0 0 
689 9 0 0 0 0 0 0 0 0 0 0 0 
690 9 0 0 0 0 0 0 0 0 0 0 0 
691 9 0 0 0 0 0 0 0 0 0 0 0 
692 9 0 0 0 0 0 0 0 0 0 0 0 
693 9 0 0 0 0 0 0 0 0 0 0 0 
694 9 0 0 0 0 0 0 0 0 0 0 0 
695 9 0 0 0 0 0 0 0 0 0 0 0 
696 9 0 0 0 0 0 0 0 0 0 0 0 
697 9 0 0 0 0 0 0 0 0 0 0 0 
698 9 0 0 0 0 0 0 0 0 0 0 0 
699 9 0 0 0 0 0 0 0 0 0 0 0 
700 9 0 0 0 0 0 0 0 0 0 0 0 
701 9 0 0 0 0 0 0 0 0 0 0 0 
702 9 0 0 0 0 0 0 0 0 0 0 0 
703 9 0 0 0 0 0 0 0 0 0 0 0 
704 9 0 0 0 0 0 0 0 0 0 0 0 
705 9 0 0 0 0 0 0 0 0 0 0 0 
706 9 0 0 0 0 0 0 0 0 0 0 0 
707 9 0 0 0 0 0 0 0 0 0 0 0 
708 9 0 0 0 0 0 0 0 0 0 0 0 
709 9 0 0 0 0 0 0 0 0 0 0 0 
710 9 0 0 0 0 0 0 0 0 0 0 0 
711 9 0 0 0 0 0 0 0 0 0 0 0 
712 9 0 0 0 0 0 0 0 0 0 0 0 
713 9 0 0 0 0 0 0 0 0 0 0 0 
714 9 0 0 0 0 0 0 0 0 0 0 0 
715 9 0 0 0 0 0 0 0 0 0 0 0 
716 9 0 0 0 0 0 0 0 0 0 0 0 
717 9 0 0 0 0 0 0 0 0 0 0 0 
718 9 0 0 0 0 0 0 0 0 0 0 0 
719 9 0 0 0 0 0 0 0 0 0 0 0 
720 9 0 0 0 0 0 0 0 0 0 0 0 
721 9 0 0 0 0 0 0 0 0 0 0 0 
722 9 0 0 0 0 0 0 0 0 0 0 0 
723 9 0 0 0 0 0 0 0 0 0 0 0 
724 9 0 0 0 0 0 0 0 0 0 0 0 
725 9 0 0 0 0 0 0 0 0 0 0 0 
726 9 0 0 0 0 0 0 0 0 0 0 0 
727 9 0 0 0 0 0 0 0 0 0 0 0 
728 9 0 0 0 0 0 0 0 0 0 0 0 
729 9 0 0 0 0 0 0 0 0 0 0 0 
730 9 0 0 0 0 0 0 0 0 0 0 0 
731 9 0 0 0 0 0 0 0 0 0 0 0 
732 9 0 0 0 0 0 0 0 0 0 0 0 
733 9 0 0 0 0 0 0 0 0 0 0 0 
734 9 0 0 0 0 0 0 0 0 0 0 0 
735 9 0 0 0 0 0 0 0 0 0 0 0 
736 9 0 0 0 0 0 0 0 0 0 0 0 
737 9 0 0 0 0 0 0 0 0 0 0 0 
738 9 0 0 0 0 0 0 0 0 0 0 0 
739 9 0 0 0 0 0 0 0 0 0 0 0 
740 9 0 0 0 0 0 0 0 0 0 0 0 
741 9 0 0 0 0 0 0 0 0 0 0 0 
742 9 0 0 0 0 0 0 0 0 0 0 0 
743 9 0 0 0 0 0 0 0 0 0 0 0 
744 9 0 0 0 0 0 0 0 0 0 0 0 
745 9 0 0 0 0 0 0 0 0 0 0 0 
746 9 0 0 0 0 0 0 0 0 0 0 0 
747 9 0 0 0 0 0 0 0 0 0 0 0 
748 9 0 0 0 0 0 0 0 0 0 0 0 
749 9 0 0 0 0 0 0 0 0 0 0 0 
750 9 0 0 0 0 0 0 0 0 0 0 0 
751 9 0 0 0 0 0 0 0 0 0 0 0 
752 9 0 0 0 0 0 0 0 0 0 0 0 
753 9 0 0 0 0 0 0 0 0 0 0 0 
754 9 0 0 0 0 0 0 0 0 0 0 0 
755 9 0 0 0 0 0 0 0 0 0 0 0 
756 9 0 0 0 0 0 0 0 0 0 0 0 
757 9 0 0 0 0 0 0 0 0 0 0 0 
758 9 0 0 0 0 0 0 0 0 0 0 0 
759 9 0 0 0 0 0 0 0 0 0 0 0 
760 9 0 0 0 0 0 0 0 0 0 0 0 
761 9 0 0 0 0 0 0 0 0 0 0 0 
762 9 0 0 0 0 0 0 0 0 0 0 0 
763 9 0 0 0 0 0 0 0 0 0 0 0 
764 9 0 0 0 0 0 0 0 0 0 0 0 
765 9 0 0 0 0 0 0 0 0 0 0 0 
766 9 0 0 0 0 0 0 0 0 0 0 0 
767 9 0 0 0 0 0 0 0 0 0 0 0 
768 9 0 0 0 0 0 0 0 0 0 0 0 
769 9 0 0 0 0 0 0 0 0 0 0 0 
770 9 0 0 0 0 0 0 0 0 0 0 0 
771 9 0 0 0 0 0 0 0 0 0 0 0 
772 9 0 0 0 0 0 0 0 0 0 0 0 
773 9 0 0 0 0 0 0 0 0 0 0 0 
774 9 0 0 0 0 0 0 0 0 0 0 0 
775 9 0 0 0 0 0 0 0 0 0 0 0 
776 9 0 0 0 0 0 0 0 0 0 0 0 
777 9 0 0 0 0 0 0 0 0 0 0 0 
778 9 0 0 0 0 0 0 0 0 0 0 0 
779 9 0 0 0 0 0 0 0 0 0 0 0 
780 9 0 0 0 0 0 0 0 0 0 0 0 
781 9 0 0 0 0 0 0 0 0 0 0 0 
782 9 0 0 0 0 0 0 0 0 0 0 0 
783 9 0 0 0 0 0 0 0 0 0 0 0 
784 9 0 0 0 0 0 0 0 0 0 0 0 
785 9 0 0 0 0 0 0 0 0 0 0 0 
786 9 0 0 0 0 0 0 0 0 0 0 0 
787 9 0 0 0 0 0 0 0 0 0 0 0 
788 9 0 0 0 0 0 0 0 0 0 0 0 
789 9 0 0 0 0 0 0 0 0 0 0 0 
790 9 0 0 0 0 0 0 0 0 0 0 0 
791 9 0 0 0 0 0 0 0 0 0 0 0 
792 9 0 0 0 0 0 0 0 0 0 0 0 
793 9 0 0 0 0 0 0 0 0 0 0 0 
794 9 0 0 0 0 0 0 0 0 0 0 0 
795 9 0 0 0 0 0 0 0 0 0 0 0 
796 9 0 0 0 0 0 0 0 0 0 0 0 
797 9 0 0 0 0 0 0 0 0 0 0 0 
798 9 0 0 0 0 0 0 0 0 0 0 0 
799 9 0 0 0 0 0 0 0 0 0 0 0 
800 9 0 0 0 0 0 0 0 0 0 0 0 
801 9 0 0 0 0 0 0 0 0 0 0 0 
802 9 0 0 0 0 0 0 0 0 0 0 0 
803 9 0 0 0 0 0 0 0 0 0 0 0 
804 9 0 0 0 0 0 0 0 0 0 0 0 
805 9 0 0 0 0 0 0 0 0 0 0 0 
806 9 0 0 0 0 0 0 0 0 0 0 0 
807 9 0 0 0 0 0 0 0 0 0 0 0 
808 9 0 0 0 0 0 0 0 0 0 0 0 
809 9 0 0 0 0 0 0 0 0 0 0 0 
810 9 0 0 0 0 0 0 0 0 0 0 0 
811 9 0 0 0 0 0 0 0 0 0 0 0 
812 9 0 0 0 0 0 0 0 0 0 0 0 
813 9 0 0 0 0 0 0 0 0 0 0 0 
814 9 0 0 0 0 0 0 0 0 0 0 0 
815 9 0 0 0 0 0 0 0 0 0 0 0 
816 9 0 0 0 0 0 0 0 0 0 0 0 
817 9 0 0 0 0 0 0 0 0 0 0 0 
818 9 0 0 0 0 0 0 0 0 0 0 0 
819 9 0 0 0 0 0 0 0 0 0 0 0 
820 9 0 0 0 0 0 0 0 0 0 0 0 
821 9 0 0 0 0 0 0 0 0 0 0 0 
822 9 0 0 0 0 0 0 0 0 0 0 0 
823 9 0 0 0 0 0 0 0 0 0 0 0 
824 9 0 0 0 0 0 0 0 0 0 0 0 
825 9 0 0 0 0 0 0 0 0 0 0 0 
826 9 0 0 0 0 0 0 0 0 0 0 0 
827 9 0 0 0 0 0 0 0 0 0 0 0 
828 9 0 0 0 0 0 0 0 0 0 0 0 
829 9 0 0 0 0 0 0 0 0 0 0 0 
830 9 0 0 0 0 0 0 0 0 0 0 0 
831 9 0 0 0 0 0 0 0 0 0 0 0 
832 9 0 0 0 0 0 0 0 0 0 0 0 
833 9 0 0 0 0 0 0 0 0 0 0 0 
834 9 0 0 0 0 0 0 0 0 0 0 0 
835 9 0 0 0 0 0 0 0 0 0 0 0 
836 9 0 0 0 0 0 0 0 0 0 0 0 
837 9 0 0 0 0 0 0 0 0 0 0 0 
838 9 0 0 0 0 0 0 0 0 0 0 0 
839 9 0 0 0 0 0 0 0 0 0 0 0 
840 9 0 0 0 0 0 0 0 0 0 0 0 
841 9 4 0 0 0 0 0 0 0 0 0 0 
842 9 5 0 0 0 0 0 0 0 0 0 0 
843 9 0 0 0 0 0 0 0 0 0 0 0 
844 9 0 0 0 0 0 0 0 0 0 0 0 
845 9 0 0 0 0 0 0 0 0 0 0 0 
846 9 0 0 0 0 0 0 0 0 0 0 0 
847 9 0 0 0 0 0 0 0 0 0 0 0 
848 9 0 0 0 0 0 0 0 0 0 0 0 
849 9 0 0 0 0 0 0 0 0 0 0 0 
850 9 0 0 0 0 0 0 0 0 0 0 0 
851 9 0 0 0 0 0 0 0 0 0 0 0 
852 9 0 0 0 0 0 0 0 0 0 0 0 
853 9 0 0 0 0 0 0 0 0 0 0 0 
854 9 0 0 0 0 0 0 0 0 0 0 0 
855 9 0 0 0 0 0 0 0 0 0 0 0 
856 9 0 0 0 0 0 0 0 0 0 0 0 
857 9 0 0 0 0 0 0 0 0 0 0 0 
858 9 0 0 0 0 0 0 0 0 0 0 0 
859 9 11 0 0 0 0 0 0 0 0 0 0 
860 9 -1 291 3 12 -1 -1 -1 -1 -1 0 7 
861 9 0 0 0 0 0 0 0 0 0 0 0 
862 9 0 0 0 0 0 0 0 0 0 0 0 
863 9 0 0 0 0 0 0 0 0 0 0 0 
864 9 0 0 0 0 0 0 0 0 0 0 0 
865 9 0 0 0 0 0 0 0 0 0 0 0 
866 9 0 0 0 0 0 0 0 0 0 0 0 
867 9 -1 272 2 12 -1 -1 -1 -1 -1 3 2502 
868 9 -1 65 2 30 -1 -1 -1 -1 -1 0 745 
869 9 0 0 0 0 0 0 0 0 0 0 0 
870 9 0 0 0 0 0 0 0 0 0 0 0 
871 9 -1 263 2 21 -1 -1 -1 -1 -1 3 273 
872 9 -1 123 4 30 -1 -1 -1 -1 -1 2 1813 
873 9 0 0 0 0 0 0 0 0 0 0 0 
874 9 0 0 0 0 0 0 0 0 0 0 0 
875 9 -1 287 2 28 -1 -1 -1 -1 -1 2 1011 
876 9 28 0 0 0 0 0 0 0 0 0 0 
877 9 0 0 0 0 0 0 0 0 0 0 0 
878 9 0 0 0 0 0 0 0 0 0 0 0 
879 9 0 0 0 0 0 0 0 0 0 0 0 
880 9 0 0 0 0 0 0 0 0 0 0 0 
881 9 0 0 0 0 0 0 0 0 0 0 0 
882 9 0 0 0 0 0 0 0 0 0 0 0 
883 9 0 0 0 0 0 0 0 0 0 0 0 
884 9 0 0 0 0 0 0 0 0 0 0 0 
885 9 0 0 0 0 0 0 0 0 0 0 0 
886 9 0 0 0 0 0 0 0 0 0 0 0 
887 9 0 0 0 0 0 0 0 0 0 0 0 
888 9 0 0 0 0 0 0 0 0 0 0 0 
889 9 0 0 0 0 0 0 0 0 0 0 0 
890 9 0 0 0 0 0 0 0 0 0 0 0 
891 9 0 0 0 0 0 0 0 0 0 0 0 
892 9 0 0 0 0 0 0 0 0 0 0 0 
893 9 0 0 0 0 0 0 0 0 0 0 0 
894 9 0 0 0 0 0 0 0 0 0 0 0 
895 9 0 0 0 0 0 0 0 0 0 0 0 
896 9 0 0 0 0 0 0 0 0 0 0 0 
897 9 0 0 0 0 0 0 0 0 0 0 0 
898 9 0 0 0 0 0 0 0 0 0 0 0 
899 9 0 0 0 0 0 0 0 0 0 0 0 
900 9 0 0 0 0 0 0 0 0 0 0 0 
901 9 0 0 0 0 0 0 0 0 0 0 0 
902 9 0 0 0 0 0 0 0 0 0 0 0 
903 9 0 0 0 0 0 0 0 0 0 0 0 
904 9 0 0 0 0 0 0 0 0 0 0 0 
905 9 0 0 0 0 0 0 0 0 0 0 0 
906 9 0 0 0 0 0 0 0 0 0 0 0 
907 9 0 0 0 0 0 0 0 0 0 0 0 
908 9 0 0 0 0 0 0 0 0 0 0 0 
909 9 0 0 0 0 0 0 0 0 0 0 0 
910 9 0 0 0 0 0 0 0 0 0 0 0 
911 9 0 0 0 0 0 0 0 0 0 0 0 
912 9 0 0 0 0 0 0 0 0 0 0 0 
913 9 0 0 0 0 0 0 0 0 0 0 0 
914 9 0 0 0 0 0 0 0 0 0 0 0 
915 9 0 0 0 0 0 0 0 0 0 0 0 
916 9 0 0 0 0 0 0 0 0 0 0 0 
917 9 0 0 0 0 0 0 0 0 0 0 0 
918 9 0 0 0 0 0 0 0 0 0 0 0 
919 9 0 0 0 0 0 0 0 0 0 0 0 
920 9 0 0 0 0 0 0 0 0 0 0 0 
921 9 0 0 0 0 0 0 0 0 0 0 0 
922 9 0 0 0 0 0 0 0 0 0 0 0 
923 9 0 0 0 0 0 0 0 0 0 0 0 
924 9 0 0 0 0 0 0 0 0 0 0 0 
925 9 0 0 0 0 0 0 0 0 0 0 0 
926 9 0 0 0 0 0 0 0 0 0 0 0 
927 9 0 0 0 0 0 0 0 0 0 0 0 
928 9 0 0 0 0 0 0 0 0 0 0 0 
929 9 0 0 0 0 0 0 0 0 0 0 0 
930 9 0 0 0 0 0 0 0 0 0 0 0 
931 9 0 0 0 0 0 0 0 0 0 0 0 
932 9 0 0 0 0 0 0 0 0 0 0 0 
933 9 0 0 0 0 0 0 0 0 0 0 0 
934 9 0 0 0 0 0 0 0 0 0 0 0 
935 9 0 0 0 0 0 0 0 0 0 0 0 
936 9 0 0 0 0 0 0 0 0 0 0 0 
937 9 0 0 0 0 0 0 0 0 0 0 0 
938 9 0 0 0 0 0 0 0 0 0 0 0 
939 9 0 0 0 0 0 0 0 0 0 0 0 
940 9 0 0 0 0 0 0 0 0 0 0 0 
941 9 0 0 0 0 0 0 0 0 0 0 0 
942 9 0 0 0 0 0 0 0 0 0 0 0 
943 9 0 0 0 0 0 0 0 0 0 0 0 
944 9 0 0 0 0 0 0 0 0 0 0 0 
945 9 0 0 0 0 0 0 0 0 0 0 0 
946 9 0 0 0 0 0 0 0 0 0 0 0 
947 9 0 0 0 0 0 0 0 0 0 0 0 
948 9 0 0 0 0 0 0 0 0 0 0 0 
949 9 0 0 0 0 0 0 0 0 0 0 0 
950 9 0 0 0 0 0 0 0 0 0 0 0 
951 9 0 0 0 0 0 0 0 0 0 0 0 
952 9 0 0 0 0 0 0 0 0 0 0 0 
953 9 0 0 0 0 0 0 0 0 0 0 0 
954 9 0 0 0 0 0 0 0 0 0 0 0 
955 9 0 0 0 0 0 0 0 0 0 0 0 
956 9 0 0 0 0 0 0 0 0 0 0 0 
957 9 0 0 0 0 0 0 0 0 0 0 0 
958 9 0 0 0 0 0 0 0 0 0 0 0 
959 9 0 0 0 0 0 0 0 0 0 0 0 
960 9 0 0 0 0 0 0 0 0 0 0 0 
961 9 0 0 0 0 0 0 0 0 0 0 0 
962 9 0 0 0 0 0 0 0 0 0 0 0 
963 9 0 0 0 0 0 0 0 0 0 0 0 
964 9 0 0 0 0 0 0 0 0 0 0 0 
965 9 0 0 0 0 0 0 0 0 0 0 0 
966 9 0 0 0 0 0 0 0 0 0 0 0 
967 9 0 0 0 0 0 0 0 0 0 0 0 
968 9 0 0 0 0 0 0 0 0 0 0 0 
969 9 0 0 0 0 0 0 0 0 0 0 0 
970 9 0 0 0 0 0 0 0 0 0 0 0 
971 9 0 0 0 0 0 0 0 0 0 0 0 
972 9 0 0 0 0 0 0 0 0 0 0 0 
973 9 0 0 0 0 0 0 0 0 0 0 0 
974 9 0 0 0 0 0 0 0 0 0 0 0 
975 9 37 0 0 0 0 0 0 0 0 0 0 
976 9 38 0 0 0 0 0 0 0 0 0 0 
977 9 0 0 0 0 0 0 0 0 0 0 0 
978 9 0 0 0 0 0 0 0 0 0 0 0 
979 9 -1 199 1 21 -1 -1 -1 -1 -1 0 -66 
980 9 42 0 0 0 0 0 0 0 0 0 0 
981 9 0 0 0 0 0 0 0 0 0 0 0 
982 9 0 0 0 0 0 0 0 0 0 0 0 
983 9 0 0 0 0 0 0 0 0 0 0 0 
984 9 0 0 0 0 0 0 0 0 0 0 0 
985 9 0 0 0 0 0 0 0 0 0 0 0 
986 9 0 0 0 0 0 0 0 0 0 0 0 
987 9 0 0 0 0 0 0 0 0 0 0 0 
988 9 0 0 0 0 0 0 0 0 0 0 0 
989 9 -1 3 2 22 -1 -1 -1 -1 -1 3 417 
990 9 48 0 0 0 0 0 0 0 0 0 0 
991 9 0 0 0 0 0 0 0 0 0 0 0 
992 9 0 0 0 0 0 0 0 0 0 0 0 
993 9 0 0 0 0 0 0 0 0 0 0 0 
994 9 0 0 0 0 0 0 0 0 0 0 0 
995 9 0 0 0 0 0 0 0 0 0 0 0 
996 9 0 0 0 0 0 0 0 0 0 0 0 
997 9 0 0 0 0 0 0 0 0 0 0 0 
998 9 0 0 0 0 0 0 0 0 0 0 0 
999 9 0 0 0 0 0 0 0 0 0 0 0 
1000 9 0 0 0 0 0 0 0 0 0 0 0 
1001 9 0 0 0 0 0 0 0 0 0 0 0 
1002 9 0 0 0 0 0 0 0 0 0 0 0 
1003 9 0 0 0 0 0 0 0 0 0 0 0 
1004 9 0 0 0 0 0 0 0 0 0 0 0 
1005 9 0 0 0 0 0 0 0 0 0 0 0 
1006 9 0 0 0 0 0 0 0 0 0 0 0 
1007 9 0 0 0 0 0 0 0 0 0 0 0 
1008 9 0 0 0 0 0 0 0 0 0 0 0 
1009 9 0 0 0 0 0 0 0 0 0 0 0 
1010 9 0 0 0 0 0 0 0 0 0 0 0 
1011 9 0 0 0 0 0 0 0 0 0 0 0 
1012 9 0 0 0 0 0 0 0 0 0 0 0 
1013 9 0 0 0 0 0 0 0 0 0 0 0 
1014 9 0 0 0 0 0 0 0 0 0 0 0 
1015 9 0 0 0 0 0 0 0 0 0 0 0 
1016 9 0 0 0 0 0 0 0 0 0 0 0 
1017 9 0 0 0 0 0 0 0 0 0 0 0 
1018 9 0 0 0 0 0 0 0 0 0 0 0 
1019 9 0 0 0 0 0 0 0 0 0 0 0 
1020 9 0 0 0 0 0 0 0 0 0 0 0 
1021 9 0 0 0 0 0 0 0 0 0 0 0 
1022 9 0 0 0 0 0 0 0 0 0 0 0 
1023 10 0 0 0 0 0 0 0 0 0 0 0 
1024 10 0 0 0 0 0 0 0 0 0 0 0 
1025 10 0 0 0 0 0 0 0 0 0 0 0 
1026 10 0 0 0 0 0 0 0 0 0 0 0 
1027 10 0 0 0 0 0 0 0 0 0 0 0 
1028 10 0 0 0 0 0 0 0 0 0 0 0 
1029 10 0 0 0 0 0 0 0 0 0 0 0 
1030 10 0 0 0 0 0 0 0 0 0 0 0 
1031 10 0 0 0 0 0 0 0 0 0 0 0 
1032 10 0 0 0 0 0 0 0 0 0 0 0 
1033 10 0 0 0 0 0 0 0 0 0 0 0 
1034 10 0 0 0 0 0 0 0 0 0 0 0 
1035 10 0 0 0 0 0 0 0 0 0 0 0 
1036 10 0 0 0 0 0 0 0 0 0 0 0 
1037 10 0 0 0 0 0 0 0 0 0 0 0 
1038 10 0 0 0 0 0 0 0 0 0 0 0 
1039 10 0 0 0 0 0 0 0 0 0 0 0 
1040 10 0 0 0 0 0 0 0 0 0 0 0 
1041 10 0 0 0 0 0 0 0 0 0 0 0 
1042 10 0 0 0 0 0 0 0 0 0 0 0 
1043 10 0 0 0 0 0 0 0 0 0 0 0 
1044 10 0 0 0 0 0 0 0 0 0 0 0 
1045 10 0 0 0 0 0 0 0 0 0 0 0 
1046 10 0 0 0 0 0 0 0 0 0 0 0 
1047 10 0 0 0 0 0 0 0 0 0 0 0 
1048 10 0 0 0 0 0 0 0 0 0 0 0 
1049 10 0 0 0 0 0 0 0 0 0 0 0 
1050 10 0 0 0 0 0 0 0 0 0 0 0 
1051 10 0 0 0 0 0 0 0 0 0 0 0 
1052 10 0 0 0 0 0 0 0 0 0 0 0 
1053 10 0 0 0 0 0 0 0 0 0 0 0 
1054 10 0 0 0 0 0 0 0 0 0 0 0 
1055 10 0 0 0 0 0 0 0 0 0 0 0 
1056 10 0 0 0 0 0 0 0 0 0 0 0 
1057 10 0 0 0 0 0 0 0 0 0 0 0 
1058 10 0 0 0 0 0 0 0 0 0 0 0 
1059 10 0 0 0 0 0 0 0 0 0 0 0 
1060 10 0 0 0 0 0 0 0 0 0 0 0 
1061 10 0 0 0 0 0 0 0 0 0 0 0 
1062 10 0 0 0 0 0 0 0 0 0 0 0 
1063 10 0 0 0 0 0 0 0 0 0 0 0 
1064 10 0 0 0 0 0 0 0 0 0 0 0 
1065 10 0 0 0 0 0 0 0 0 0 0 0 
1066 10 0 0 0 0 0 0 0 0 0 0 0 
1067 10 0 0 0 0 0 0 0 0 0 0 0 
1068 10 0 0 0 0 0 0 0 0 0 0 0 
1069 10 0 0 0 0 0 0 0 0 0 0 0 
1070 10 0 0 0 0 0 0 0 0 0 0 0 
1071 10 0 0 0 0 0 0 0 0 0 0 0 
1072 10 0 0 0 0 0 0 0 0 0 0 0 
1073 10 0 0 0 0 0 0 0 0 0 0 0 
1074 10 0 0 0 0 0 0 0 0 0 0 0 
1075 10 0 0 0 0 0 0 0 0 0 0 0 
1076 10 0 0 0 0 0 0 0 0 0 0 0 
1077 10 0 0 0 0 0 0 0 0 0 0 0 
1078 10 0 0 0 0 0 0 0 0 0 0 0 
1079 10 0 0 0 0 0 0 0 0 0 0 0 
1080 10 0 0 0 0 0 0 0 0 0 0 0 
1081 10 0 0 0 0 0 0 0 0 0 0 0 
1082 10 0 0 0 0 0 0 0 0 0 0 0 
1083 10 0 0 0 0 0 0 0 0 0 0 0 
1084 10 0 0 0 0 0 0 0 0 0 0 0 
1085 10 0 0 0 0 0 0 0 0 0 0 0 
1086 10 0 0 0 0 0 0 0 0 0 0 0 
1087 10 0 0 0 0 0 0 0 0 0 0 0 
1088 10 0 0 0 0 0 0 0 0 0 0 0 
1089 10 0 0 0 0 0 0 0 0 0 0 0 
1090 10 0 0 0 0 0 0 0 0 0 0 0 
1091 10 0 0 0 0 0 0 0 0 0 0 0 
1092 10 0 0 0 0 0 0 0 0 0 0 0 
1093 10 0 0 0 0 0 0 0 0 0 0 0 
1094 10 0 0 0 0 0 0 0 0 0 0 0 
1095 10 0 0 0 0 0 0 0 0 0 0 0 
1096 10 0 0 0 0 0 0 0 0 0 0 0 
1097 10 0 0 0 0 0 0 0 0 0 0 0 
1098 10 0 0 0 0 0 0 0 0 0 0 0 
1099 10 0 0 0 0 0 0 0 0 0 0 0 
1100 10 0 0 0 0 0 0 0 0 0 0 0 
1101 10 0 0 0 0 0 0 0 0 0 0 0 
1102 10 0 0 0 0 0 0 0 0 0 0 0 
1103 10 0 0 0 0 0 0 0 0 0 0 0 
1104 10 0 0 0 0 0 0 0 0 0 0 0 
1105 10 0 0 0 0 0 0 0 0 0 0 0 
1106 10 0 0 0 0 0 0 0 0 0 0 0 
1107 10 0 0 0 0 0 0 0 0 0 0 0 
1108 10 0 0 0 0 0 0 0 0 0 0 0 
1109 10 0 0 0 0 0 0 0 0 0 0 0 
1110 10 0 0 0 0 0 0 0 0 0 0 0 
1111 10 0 0 0 0 0 0 0 0 0 0 0 
1112 10 0 0 0 0 0 0 0 0 0 0 0 
1113 10 0 0 0 0 0 0 0 0 0 0 0 
1114 10 0 0 0 0 0 0 0 0 0 0 0 
1115 10 0 0 0 0 0 0 0 0 0 0 0 
1116 10 0 0 0 0 0 0 0 0 0 0 0 
1117 10 0 0 0 0 0 0 0 0 0 0 0 
1118 10 0 0 0 0 0 0 0 0 0 0 0 
1119 10 0 0 0 0 0 0 0 0 0 0 0 
1120 10 0 0 0 0 0 0 0 0 0 0 0 
1121 10 0 0 0 0 0 0 0 0 0 0 0 
1122 10 0 0 0 0 0 0 0 0 0 0 0 
1123 10 0 0 0 0 0 0 0 0 0 0 0 
1124 10 0 0 0 0 0 0 0 0 0 0 0 
1125 10 0 0 0 0 0 0 0 0 0 0 0 
1126 10 0 0 0 0 0 0 0 0 0 0 0 
1127 10 0 0 0 0 0 0 0 0 0 0 0 
1128 10 0 0 0 0 0 0 0 0 0 0 0 
1129 10 0 0 0 0 0 0 0 0 0 0 0 
1130 10 0 0 0 0 0 0 0 0 0 0 0 
1131 10 0 0 0 0 0 0 0 0 0 0 0 
1132 10 0 0 0 0 0 0 0 0 0 0 0 
1133 10 0 0 0 0 0 0 0 0 0 0 0 
1134 10 0 0 0 0 0 0 0 0 0 0 0 
1135 10 0 0 0 0 0 0 0 0 0 0 0 
1136 10 0 0 0 0 0 0 0 0 0 0 0 
1137 10 0 0 0 0 0 0 0 0 0 0 0 
1138 10 0 0 0 0 0 0 0 0 0 0 0 
1139 10 0 0 0 0 0 0 0 0 0 0 0 
1140 10 0 0 0 0 0 0 0 0 0 0 0 
1141 10 0 0 0 0 0 0 0 0 0 0 0 
1142 10 0 0 0 0 0 0 0 0 0 0 0 
1143 10 0 0 0 0 0 0 0 0 0 0 0 
1144 10 0 0 0 0 0 0 0 0 0 0 0 
1145 10 0 0 0 0 0 0 0 0 0 0 0 
1146 10 0 0 0 0 0 0 0 0 0 0 0 
1147 10 0 0 0 0 0 0 0 0 0 0 0 
1148 10 0 0 0 0 0 0 0 0 0 0 0 
1149 10 0 0 0 0 0 0 0 0 0 0 0 
1150 10 0 0 0 0 0 0 0 0 0 0 0 
1151 10 0 0 0 0 0 0 0 0 0 0 0 
1152 10 0 0 0 0 0 0 0 0 0 0 0 
1153 10 0 0 0 0 0 0 0 0 0 0 0 
1154 10 0 0 0 0 0 0 0 0 0 0 0 
1155 10 0 0 0 0 0 0 0 0 0 0 0 
1156 10 0 0 0 0 0 0 0 0 0 0 0 
1157 10 0 0 0 0 0 0 0 0 0 0 0 
1158 10 0 0 0 0 0 0 0 0 0 0 0 
1159 10 0 0 0 0 0 0 0 0 0 0 0 
1160 10 0 0 0 0 0 0 0 0 0 0 0 
1161 10 0 0 0 0 0 0 0 0 0 0 0 
1162 10 0 0 0 0 0 0 0 0 0 0 0 
1163 10 0 0 0 0 0 0 0 0 0 0 0 
1164 10 0 0 0 0 0 0 0 0 0 0 0 
1165 10 0 0 0 0 0 0 0 0 0 0 0 
1166 10 0 0 0 0 0 0 0 0 0 0 0 
1167 10 0 0 0 0 0 0 0 0 0 0 0 
1168 10 0 0 0 0 0 0 0 0 0 0 0 
1169 10 0 0 0 0 0 0 0 0 0 0 0 
1170 10 0 0 0 0 0 0 0 0 0 0 0 
1171 10 0 0 0 0 0 0 0 0 0 0 0 
1172 10 0 0 0 0 0 0 0 0 0 0 0 
1173 10 0 0 0 0 0 0 0 0 0 0 0 
1174 10 0 0 0 0 0 0 0 0 0 0 0 
1175 10 0 0 0 0 0 0 0 0 0 0 0 
1176 10 0 0 0 0 0 0 0 0 0 0 0 
1177 10 0 0 0 0 0 0 0 0 0 0 0 
1178 10 0 0 0 0 0 0 0 0 0 0 0 
1179 10 0 0 0 0 0 0 0 0 0 0 0 
1180 10 0 0 0 0 0 0 0 0 0 0 0 
1181 10 0 0 0 0 0 0 0 0 0 0 0 
1182 10 0 0 0 0 0 0 0 0 0 0 0 
1183 10 0 0 0 0 0 0 0 0 0 0 0 
1184 10 0 0 0 0 0 0 0 0 0 0 0 
1185 10 0 0 0 0 0 0 0 0 0 0 0 
1186 10 0 0 0 0 0 0 0 0 0 0 0 
1187 10 0 0 0 0 0 0 0 0 0 0 0 
1188 10 0 0 0 0 0 0 0 0 0 0 0 
1189 10 0 0 0 0 0 0 0 0 0 0 0 
1190 10 0 0 0 0 0 0 0 0 0 0 0 
1191 10 0 0 0 0 0 0 0 0 0 0 0 
1192 10 0 0 0 0 0 0 0 0 0 0 0 
1193 10 0 0 0 0 0 0 0 0 0 0 0 
1194 10 0 0 0 0 0 0 0 0 0 0 0 
1195 10 0 0 0 0 0 0 0 0 0 0 0 
1196 10 0 0 0 0 0 0 0 0 0 0 0 
1197 10 0 0 0 0 0 0 0 0 0 0 0 
1198 10 0 0 0 0 0 0 0 0 0 0 0 
1199 10 0 0 0 0 0 0 0 0 0 0 0 
1200 10 0 0 0 0 0 0 0 0 0 0 0 
1201 10 0 0 0 0 0 0 0 0 0 0 0 
1202 10 0 0 0 0 0 0 0 0 0 0 0 
1203 10 0 0 0 0 0 0 0 0 0 0 0 
1204 10 0 0 0 0 0 0 0 0 0 0 0 
1205 10 0 0 0 0 0 0 0 0 0 0 0 
1206 10 0 0 0 0 0 0 0 0 0 0 0 
1207 10 0 0 0 0 0 0 0 0 0 0 0 
1208 10 0 0 0 0 0 0 0 0 0 0 0 
1209 10 0 0 0 0 0 0 0 0 0 0 0 
1210 10 0 0 0 0 0 0 0 0 0 0 0 
1211 10 0 0 0 0 0 0 0 0 0 0 0 
1212 10 0 0 0 0 0 0 0 0 0 0 0 
1213 10 0 0 0 0 0 0 0 0 0 0 0 
1214 10 0 0 0 0 0 0 0 0 0 0 0 
1215 10 0 0 0 0 0 0 0 0 0 0 0 
1216 10 0 0 0 0 0 0 0 0 0 0 0 
1217 10 0 0 0 0 0 0 0 0 0 0 0 
1218 10 0 0 0 0 0 0 0 0 0 0 0 
1219 10 0 0 0 0 0 0 0 0 0 0 0 
1220 10 0 0 0 0 0 0 0 0 0 0 0 
1221 10 0 0 0 0 0 0 0 0 0 0 0 
1222 10 0 0 0 0 0 0 0 0 0 0 0 
1223 10 0 0 0 0 0 0 0 0 0 0 0 
1224 10 0 0 0 0 0 0 0 0 0 0 0 
1225 10 0 0 0 0 0 0 0 0 0 0 0 
1226 10 0 0 0 0 0 0 0 0 0 0 0 
1227 10 0 0 0 0 0 0 0 0 0 0 0 
1228 10 0 0 0 0 0 0 0 0 0 0 0 
1229 10 0 0 0 0 0 0 0 0 0 0 0 
1230 10 0 0 0 0 0 0 0 0 0 0 0 
1231 10 0 0 0 0 0 0 0 0 0 0 0 
1232 10 0 0 0 0 0 0 0 0 0 0 0 
1233 10 0 0 0 0 0 0 0 0 0 0 0 
1234 10 0 0 0 0 0 0 0 0 0 0 0 
1235 10 0 0 0 0 0 0 0 0 0 0 0 
1236 10 0 0 0 0 0 0 0 0 0 0 0 
1237 10 0 0 0 0 0 0 0 0 0 0 0 
1238 10 0 0 0 0 0 0 0 0 0 0 0 
1239 10 0 0 0 0 0 0 0 0 0 0 0 
1240 10 0 0 0 0 0 0 0 0 0 0 0 
1241 10 0 0 0 0 0 0 0 0 0 0 0 
1242 10 0 0 0 0 0 0 0 0 0 0 0 
1243 10 0 0 0 0 0 0 0 0 0 0 0 
1244 10 0 0 0 0 0 0 0 0 0 0 0 
1245 10 0 0 0 0 0 0 0 0 0 0 0 
1246 10 0 0 0 0 0 0 0 0 0 0 0 
1247 10 0 0 0 0 0 0 0 0 0 0 0 
1248 10 0 0 0 0 0 0 0 0 0 0 0 
1249 10 0 0 0 0 0 0 0 0 0 0 0 
1250 10 0 0 0 0 0 0 0 0 0 0 0 
1251 10 0 0 0 0 0 0 0 0 0 0 0 
1252 10 0 0 0 0 0 0 0 0 0 0 0 
1253 10 0 0 0 0 0 0 0 0 0 0 0 
1254 10 0 0 0 0 0 0 0 0 0 0 0 
1255 10 0 0 0 0 0 0 0 0 0 0 0 
1256 10 0 0 0 0 0 0 0 0 0 0 0 
1257 10 0 0 0 0 0 0 0 0 0 0 0 
1258 10 0 0 0 0 0 0 0 0 0 0 0 
1259 10 0 0 0 0 0 0 0 0 0 0 0 
1260 10 0 0 0 0 0 0 0 0 0 0 0 
1261 10 0 0 0 0 0 0 0 0 0 0 0 
1262 10 0 0 0 0 0 0 0 0 0 0 0 
1263 10 0 0 0 0 0 0 0 0 0 0 0 
1264 10 0 0 0 0 0 0 0 0 0 0 0 
1265 10 0 0 0 0 0 0 0 0 0 0 0 
1266 10 0 0 0 0 0 0 0 0 0 0 0 
1267 10 0 0 0 0 0 0 0 0 0 0 0 
1268 10 0 0 0 0 0 0 0 0 0 0 0 
1269 10 0 0 0 0 0 0 0 0 0 0 0 
1270 10 0 0 0 0 0 0 0 0 0 0 0 
1271 10 0 0 0 0 0 0 0 0 0 0 0 
1272 10 0 0 0 0 0 0 0 0 0 0 0 
1273 10 0 0 0 0 0 0 0 0 0 0 0 
1274 10 0 0 0 0 0 0 0 0 0 0 0 
1275 10 0 0 0 0 0 0 0 0 0 0 0 
1276 10 0 0 0 0 0 0 0 0 0 0 0 
1277 10 0 0 0 0 0 0 0 0 0 0 0 
1278 10 0 0 0 0 0 0 0 0 0 0 0 
1279 10 0 0 0 0 0 0 0 0 0 0 0 
1280 10 0 0 0 0 0 0 0 0 0 0 0 
1281 10 0 0 0 0 0 0 0 0 0 0 0 
1282 10 0 0 0 0 0 0 0 0 0 0 0 
1283 10 0 0 0 0 0 0 0 0 0 0 0 
1284 10 0 0 0 0 0 0 0 0 0 0 0 
1285 10 0 0 0 0 0 0 0 0 0 0 0 
1286 10 0 0 0 0 0 0 0 0 0 0 0 
1287 10 0 0 0 0 0 0 0 0 0 0 0 
1288 10 0 0 0 0 0 0 0 0 0 0 0 
1289 10 0 0 0 0 0 0 0 0 0 0 0 
1290 10 0 0 0 0 0 0 0 0 0 0 0 
1291 10 0 0 0 0 0 0 0 0 0 0 0 
1292 10 0 0 0 0 0 0 0 0 0 0 0 
1293 10 0 0 0 0 0 0 0 0 0 0 0 
1294 10 0 0 0 0 0 0 0 0 0 0 0 
1295 10 0 0 0 0 0 0 0 0 0 0 0 
1296 10 0 0 0 0 0 0 0 0 0 0 0 
1297 10 0 0 0 0 0 0 0 0 0 0 0 
1298 10 0 0 0 0 0 0 0 0 0 0 0 
1299 10 0 0 0 0 0 0 0 0 0 0 0 
1300 10 0 0 0 0 0 0 0 0 0 0 0 
1301 10 0 0 0 0 0 0 0 0 0 0 0 
1302 10 0 0 0 0 0 0 0 0 0 0 0 
1303 10 0 0 0 0 0 0 0 0 0 0 0 
1304 10 0 0 0 0 0 0 0 0 0 0 0 
1305 10 0 0 0 0 0 0 0 0 0 0 0 
1306 10 0 0 0 0 0 0 0 0 0 0 0 
1307 10 0 0 0 0 0 0 0 0 0 0 0 
1308 10 0 0 0 0 0 0 0 0 0 0 0 
1309 10 0 0 0 0 0 0 0 0 0 0 0 
1310 10 0 0 0 0 0 0 0 0 0 0 0 
1311 10 0 0 0 0 0 0 0 0 0 0 0 
1312 10 0 0 0 0 0 0 0 0 0 0 0 
1313 10 0 0 0 0 0 0 0 0 0 0 0 
1314 10 0 0 0 0 0 0 0 0 0 0 0 
1315 10 0 0 0 0 0 0 0 0 0 0 0 
1316 10 0 0 0 0 0 0 0 0 0 0 0 
1317 10 0 0 0 0 0 0 0 0 0 0 0 
1318 10 0 0 0 0 0 0 0 0 0 0 0 
1319 10 0 0 0 0 0 0 0 0 0 0 0 
1320 10 0 0 0 0 0 0 0 0 0 0 0 
1321 10 0 0 0 0 0 0 0 0 0 0 0 
1322 10 0 0 0 0 0 0 0 0 0 0 0 
1323 10 0 0 0 0 0 0 0 0 0 0 0 
1324 10 0 0 0 0 0 0 0 0 0 0 0 
1325 10 0 0 0 0 0 0 0 0 0 0 0 
1326 10 0 0 0 0 0 0 0 0 0 0 0 
1327 10 0 0 0 0 0 0 0 0 0 0 0 
1328 10 0 0 0 0 0 0 0 0 0 0 0 
1329 10 0 0 0 0 0 0 0 0 0 0 0 
1330 10 0 0 0 0 0 0 0 0 0 0 0 
1331 10 0 0 0 0 0 0 0 0 0 0 0 
1332 10 0 0 0 0 0 0 0 0 0 0 0 
1333 10 0 0 0 0 0 0 0 0 0 0 0 
1334 10 0 0 0 0 0 0 0 0 0 0 0 
1335 10 0 0 0 0 0 0 0 0 0 0 0 
1336 10 0 0 0 0 0 0 0 0 0 0 0 
1337 10 0 0 0 0 0 0 0 0 0 0 0 
1338 10 0 0 0 0 0 0 0 0 0 0 0 
1339 10 0 0 0 0 0 0 0 0 0 0 0 
1340 10 0 0 0 0 0 0 0 0 0 0 0 
1341 10 0 0 0 0 0 0 0 0 0 0 0 
1342 10 0 0 0 0 0 0 0 0 0 0 0 
1343 10 0 0 0 0 0 0 0 0 0 0 0 
1344 10 0 0 0 0 0 0 0 0 0 0 0 
1345 10 0 0 0 0 0 0 0 0 0 0 0 
1346 10 0 0 0 0 0 0 0 0 0 0 0 
1347 10 0 0 0 0 0 0 0 0 0 0 0 
1348 10 0 0 0 0 0 0 0 0 0 0 0 
1349 10 0 0 0 0 0 0 0 0 0 0 0 
1350 10 0 0 0 0 0 0 0 0 0 0 0 
1351 10 0 0 0 0 0 0 0 0 0 0 0 
1352 10 0 0 0 0 0 0 0 0 0 0 0 
1353 10 0 0 0 0 0 0 0 0 0 0 0 
1354 10 0 0 0 0 0 0 0 0 0 0 0 
1355 10 0 0 0 0 0 0 0 0 0 0 0 
1356 10 0 0 0 0 0 0 0 0 0 0 0 
1357 10 0 0 0 0 0 0 0 0 0 0 0 
1358 10 0 0 0 0 0 0 0 0 0 0 0 
1359 10 0 0 0 0 0 0 0 0 0 0 0 
1360 10 0 0 0 0 0 0 0 0 0 0 0 
1361 10 0 0 0 0 0 0 0 0 0 0 0 
1362 10 0 0 0 0 0 0 0 0 0 0 0 
1363 10 0 0 0 0 0 0 0 0 0 0 0 
1364 10 0 0 0 0 0 0 0 0 0 0 0 
1365 10 0 0 0 0 0 0 0 0 0 0 0 
1366 10 0 0 0 0 0 0 0 0 0 0 0 
1367 10 0 0 0 0 0 0 0 0 0 0 0 
1368 10 0 0 0 0 0 0 0 0 0 0 0 
1369 10 0 0 0 0 0 0 0 0 0 0 0 
1370 10 0 0 0 0 0 0 0 0 0 0 0 
1371 10 0 0 0 0 0 0 0 0 0 0 0 
1372 10 0 0 0 0 0 0 0 0 0 0 0 
1373 10 0 0 0 0 0 0 0 0 0 0 0 
1374 10 0 0 0 0 0 0 0 0 0 0 0 
1375 10 0 0 0 0 0 0 0 0 0 0 0 
1376 10 0 0 0 0 0 0 0 0 0 0 0 
1377 10 0 0 0 0 0 0 0 0 0 0 0 
1378 10 0 0 0 0 0 0 0 0 0 0 0 
1379 10 0 0 0 0 0 0 0 0 0 0 0 
1380 10 0 0 0 0 0 0 0 0 0 0 0 
1381 10 0 0 0 0 0 0 0 0 0 0 0 
1382 10 0 0 0 0 0 0 0 0 0 0 0 
1383 10 0 0 0 0 0 0 0 0 0 0 0 
1384 10 0 0 0 0 0 0 0 0 0 0 0 
1385 10 0 0 0 0 0 0 0 0 0 0 0 
1386 10 0 0 0 0 0 0 0 0 0 0 0 
1387 10 0 0 0 0 0 0 0 0 0 0 0 
1388 10 0 0 0 0 0 0 0 0 0 0 0 
1389 10 0 0 0 0 0 0 0 0 0 0 0 
1390 10 0 0 0 0 0 0 0 0 0 0 0 
1391 10 0 0 0 0 0 0 0 0 0 0 0 
1392 10 0 0 0 0 0 0 0 0 0 0 0 
1393 10 0 0 0 0 0 0 0 0 0 0 0 
1394 10 0 0 0 0 0 0 0 0 0 0 0 
1395 10 0 0 0 0 0 0 0 0 0 0 0 
1396 10 0 0 0 0 0 0 0 0 0 0 0 
1397 10 0 0 0 0 0 0 0 0 0 0 0 
1398 10 0 0 0 0 0 0 0 0 0 0 0 
1399 10 0 0 0 0 0 0 0 0 0 0 0 
1400 10 0 0 0 0 0 0 0 0 0 0 0 
1401 10 0 0 0 0 0 0 0 0 0 0 0 
1402 10 0 0 0 0 0 0 0 0 0 0 0 
1403 10 0 0 0 0 0 0 0 0 0 0 0 
1404 10 0 0 0 0 0 0 0 0 0 0 0 
1405 10 0 0 0 0 0 0 0 0 0 0 0 
1406 10 0 0 0 0 0 0 0 0 0 0 0 
1407 10 0 0 0 0 0 0 0 0 0 0 0 
1408 10 0 0 0 0 0 0 0 0 0 0 0 
1409 10 0 0 0 0 0 0 0 0 0 0 0 
1410 10 0 0 0 0 0 0 0 0 0 0 0 
1411 10 0 0 0 0 0 0 0 0 0 0 0 
1412 10 0 0 0 0 0 0 0 0 0 0 0 
1413 10 0 0 0 0 0 0 0 0 0 0 0 
1414 10 0 0 0 0 0 0 0 0 0 0 0 
1415 10 0 0 0 0 0 0 0 0 0 0 0 
1416 10 0 0 0 0 0 0 0 0 0 0 0 
1417 10 0 0 0 0 0 0 0 0 0 0 0 
1418 10 0 0 0 0 0 0 0 0 0 0 0 
1419 10 0 0 0 0 0 0 0 0 0 0 0 
1420 10 0 0 0 0 0 0 0 0 0 0 0 
1421 10 0 0 0 0 0 0 0 0 0 0 0 
1422 10 0 0 0 0 0 0 0 0 0 0 0 
1423 10 0 0 0 0 0 0 0 0 0 0 0 
1424 10 0 0 0 0 0 0 0 0 0 0 0 
1425 10 0 0 0 0 0 0 0 0 0 0 0 
1426 10 0 0 0 0 0 0 0 0 0 0 0 
1427 10 0 0 0 0 0 0 0 0 0 0 0 
1428 10 0 0 0 0 0 0 0 0 0 0 0 
1429 10 0 0 0 0 0 0 0 0 0 0 0 
1430 10 0 0 0 0 0 0 0 0 0 0 0 
1431 10 0 0 0 0 0 0 0 0 0 0 0 
1432 10 0 0 0 0 0 0 0 0 0 0 0 
1433 10 0 0 0 0 0 0 0 0 0 0 0 
1434 10 0 0 0 0 0 0 0 0 0 0 0 
1435 10 0 0 0 0 0 0 0 0 0 0 0 
1436 10 0 0 0 0 0 0 0 0 0 0 0 
1437 10 0 0 0 0 0 0 0 0 0 0 0 
1438 10 0 0 0 0 0 0 0 0 0 0 0 
1439 10 0 0 0 0 0 0 0 0 0 0 0 
1440 10 0 0 0 0 0 0 0 0 0 0 0 
1441 10 0 0 0 0 0 0 0 0 0 0 0 
1442 10 0 0 0 0 0 0 0 0 0 0 0 
1443 10 0 0 0 0 0 0 0 0 0 0 0 
1444 10 0 0 0 0 0 0 0 0 0 0 0 
1445 10 0 0 0 0 0 0 0 0 0 0 0 
1446 10 0 0 0 0 0 0 0 0 0 0 0 
1447 10 0 0 0 0 0 0 0 0 0 0 0 
1448 10 0 0 0 0 0 0 0 0 0 0 0 
1449 10 0 0 0 0 0 0 0 0 0 0 0 
1450 10 0 0 0 0 0 0 0 0 0 0 0 
1451 10 0 0 0 0 0 0 0 0 0 0 0 
1452 10 0 0 0 0 0 0 0 0 0 0 0 
1453 10 0 0 0 0 0 0 0 0 0 0 0 
1454 10 0 0 0 0 0 0 0 0 0 0 0 
1455 10 0 0 0 0 0 0 0 0 0 0 0 
1456 10 0 0 0 0 0 0 0 0 0 0 0 
1457 10 0 0 0 0 0 0 0 0 0 0 0 
1458 10 0 0 0 0 0 0 0 0 0 0 0 
1459 10 0 0 0 0 0 0 0 0 0 0 0 
1460 10 0 0 0 0 0 0 0 0 0 0 0 
1461 10 0 0 0 0 0 0 0 0 0 0 0 
1462 10 0 0 0 0 0 0 0 0 0 0 0 
1463 10 0 0 0 0 0 0 0 0 0 0 0 
1464 10 0 0 0 0 0 0 0 0 0 0 0 
1465 10 0 0 0 0 0 0 0 0 0 0 0 
1466 10 0 0 0 0 0 0 0 0 0 0 0 
1467 10 0 0 0 0 0 0 0 0 0 0 0 
1468 10 0 0 0 0 0 0 0 0 0 0 0 
1469 10 0 0 0 0 0 0 0 0 0 0 0 
1470 10 0 0 0 0 0 0 0 0 0 0 0 
1471 10 0 0 0 0 0 0 0 0 0 0 0 
1472 10 0 0 0 0 0 0 0 0 0 0 0 
1473 10 0 0 0 0 0 0 0 0 0 0 0 
1474 10 0 0 0 0 0 0 0 0 0 0 0 
1475 10 0 0 0 0 0 0 0 0 0 0 0 
1476 10 0 0 0 0 0 0 0 0 0 0 0 
1477 10 0 0 0 0 0 0 0 0 0 0 0 
1478 10 0 0 0 0 0 0 0 0 0 0 0 
1479 10 0 0 0 0 0 0 0 0 0 0 0 
1480 10 0 0 0 0 0 0 0 0 0 0 0 
1481 10 0 0 0 0 0 0 0 0 0 0 0 
1482 10 0 0 0 0 0 0 0 0 0 0 0 
1483 10 0 0 0 0 0 0 0 0 0 0 0 
1484 10 0 0 0 0 0 0 0 0 0 0 0 
1485 10 0 0 0 0 0 0 0 0 0 0 0 
1486 10 0 0 0 0 0 0 0 0 0 0 0 
1487 10 0 0 0 0 0 0 0 0 0 0 0 
1488 10 0 0 0 0 0 0 0 0 0 0 0 
1489 10 0 0 0 0 0 0 0 0 0 0 0 
1490 10 0 0 0 0 0 0 0 0 0 0 0 
1491 10 0 0 0 0 0 0 0 0 0 0 0 
1492 10 0 0 0 0 0 0 0 0 0 0 0 
1493 10 0 0 0 0 0 0 0 0 0 0 0 
1494 10 0 0 0 0 0 0 0 0 0 0 0 
1495 10 0 0 0 0 0 0 0 0 0 0 0 
1496 10 0 0 0 0 0 0 0 0 0 0 0 
1497 10 0 0 0 0 0 0 0 0 0 0 0 
1498 10 0 0 0 0 0 0 0 0 0 0 0 
1499 10 0 0 0 0 0 0 0 0 0 0 0 
1500 10 0 0 0 0 0 0 0 0 0 0 0 
1501 10 0 0 0 0 0 0 0 0 0 0 0 
1502 10 0 0 0 0 0 0 0 0 0 0 0 
1503 10 0 0 0 0 0 0 0 0 0 0 0 
1504 10 0 0 0 0 0 0 0 0 0 0 0 
1505 10 0 0 0 0 0 0 0 0 0 0 0 
1506 10 0 0 0 0 0 0 0 0 0 0 0 
1507 10 0 0 0 0 0 0 0 0 0 0 0 
1508 10 0 0 0 0 0 0 0 0 0 0 0 
1509 10 0 0 0 0 0 0 0 0 0 0 0 
1510 10 0 0 0 0 0 0 0 0 0 0 0 
1511 10 0 0 0 0 0 0 0 0 0 0 0 
1512 10 0 0 0 0 0 0 0 0 0 0 0 
1513 10 0 0 0 0 0 0 0 0 0 0 0 
1514 10 0 0 0 0 0 0 0 0 0 0 0 
1515 10 0 0 0 0 0 0 0 0 0 0 0 
1516 10 0 0 0 0 0 0 0 0 0 0 0 
1517 10 0 0 0 0 0 0 0 0 0 0 0 
1518 10 0 0 0 0 0 0 0 0 0 0 0 
1519 10 0 0 0 0 0 0 0 0 0 0 0 
1520 10 0 0 0 0 0 0 0 0 0 0 0 
1521 10 0 0 0 0 0 0 0 0 0 0 0 
1522 10 0 0 0 0 0 0 0 0 0 0 0 
1523 10 0 0 0 0 0 0 0 0 0 0 0 
1524 10 0 0 0 0 0 0 0 0 0 0 0 
1525 10 0 0 0 0 0 0 0 0 0 0 0 
1526 10 0 0 0 0 0 0 0 0 0 0 0 
1527 10 0 0 0 0 0 0 0 0 0 0 0 
1528 10 0 0 0 0 0 0 0 0 0 0 0 
1529 10 0 0 0 0 0 0 0 0 0 0 0 
1530 10 0 0 0 0 0 0 0 0 0 0 0 
1531 10 0 0 0 0 0 0 0 0 0 0 0 
1532 10 0 0 0 0 0 0 0 0 0 0 0 
1533 10 0 0 0 0 0 0 0 0 0 0 0 
1534 10 0 0 0 0 0 0 0 0 0 0 0 
1535 10 0 0 0 0 0 0 0 0 0 0 0 
1536 10 0 0 0 0 0 0 0 0 0 0 0 
1537 10 0 0 0 0 0 0 0 0 0 0 0 
1538 10 0 0 0 0 0 0 0 0 0 0 0 
1539 10 0 0 0 0 0 0 0 0 0 0 0 
1540 10 0 0 0 0 0 0 0 0 0 0 0 
1541 10 0 0 0 0 0 0 0 0 0 0 0 
1542 10 0 0 0 0 0 0 0 0 0 0 0 
1543 10 0 0 0 0 0 0 0 0 0 0 0 
1544 10 0 0 0 0 0 0 0 0 0 0 0 
1545 10 0 0 0 0 0 0 0 0 0 0 0 
1546 10 0 0 0 0 0 0 0 0 0 0 0 
1547 10 0 0 0 0 0 0 0 0 0 0 0 
1548 10 0 0 0 0 0 0 0 0 0 0 0 
1549 10 0 0 0 0 0 0 0 0 0 0 0 
1550 10 0 0 0 0 0 0 0 0 0 0 0 
1551 10 0 0 0 0 0 0 0 0 0 0 0 
1552 10 0 0 0 0 0 0 0 0 0 0 0 
1553 10 0 0 0 0 0 0 0 0 0 0 0 
1554 10 0 0 0 0 0 0 0 0 0 0 0 
1555 10 0 0 0 0 0 0 0 0 0 0 0 
1556 10 0 0 0 0 0 0 0 0 0 0 0 
1557 10 0 0 0 0 0 0 0 0 0 0 0 
1558 10 0 0 0 0 0 0 0 0 0 0 0 
1559 10 0 0 0 0 0 0 0 0 0 0 0 
1560 10 0 0 0 0 0 0 0 0 0 0 0 
1561 10 0 0 0 0 0 0 0 0 0 0 0 
1562 10 0 0 0 0 0 0 0 0 0 0 0 
1563 10 0 0 0 0 0 0 0 0 0 0 0 
1564 10 0 0 0 0 0 0 0 0 0 0 0 
1565 10 0 0 0 0 0 0 0 0 0 0 0 
1566 10 0 0 0 0 0 0 0 0 0 0 0 
1567 10 0 0 0 0 0 0 0 0 0 0 0 
1568 10 0 0 0 0 0 0 0 0 0 0 0 
1569 10 0 0 0 0 0 0 0 0 0 0 0 
1570 10 0 0 0 0 0 0 0 0 0 0 0 
1571 10 0 0 0 0 0 0 0 0 0 0 0 
1572 10 0 0 0 0 0 0 0 0 0 0 0 
1573 10 0 0 0 0 0 0 0 0 0 0 0 
1574 10 0 0 0 0 0 0 0 0 0 0 0 
1575 10 0 0 0 0 0 0 0 0 0 0 0 
1576 10 0 0 0 0 0 0 0 0 0 0 0 
1577 10 0 0 0 0 0 0 0 0 0 0 0 
1578 10 0 0 0 0 0 0 0 0 0 0 0 
1579 10 0 0 0 0 0 0 0 0 0 0 0 
1580 10 0 0 0 0 0 0 0 0 0 0 0 
1581 10 0 0 0 0 0 0 0 0 0 0 0 
1582 10 0 0 0 0 0 0 0 0 0 0 0 
1583 10 0 0 0 0 0 0 0 0 0 0 0 
1584 10 0 0 0 0 0 0 0 0 0 0 0 
1585 10 0 0 0 0 0 0 0 0 0 0 0 
1586 10 0 0 0 0 0 0 0 0 0 0 0 
1587 10 0 0 0 0 0 0 0 0 0 0 0 
1588 10 0 0 0 0 0 0 0 0 0 0 0 
1589 10 0 0 0 0 0 0 0 0 0 0 0 
1590 10 0 0 0 0 0 0 0 0 0 0 0 
1591 10 0 0 0 0 0 0 0 0 0 0 0 
1592 10 0 0 0 0 0 0 0 0 0 0 0 
1593 10 0 0 0 0 0 0 0 0 0 0 0 
1594 10 0 0 0 0 0 0 0 0 0 0 0 
1595 10 0 0 0 0 0 0 0 0 0 0 0 
1596 10 0 0 0 0 0 0 0 0 0 0 0 
1597 10 0 0 0 0 0 0 0 0 0 0 0 
1598 10 0 0 0 0 0 0 0 0 0 0 0 
1599 10 0 0 0 0 0 0 0 0 0 0 0 
1600 10 0 0 0 0 0 0 0 0 0 0 0 
1601 10 0 0 0 0 0 0 0 0 0 0 0 
1602 10 0 0 0 0 0 0 0 0 0 0 0 
1603 10 0 0 0 0 0 0 0 0 0 0 0 
1604 10 0 0 0 0 0 0 0 0 0 0 0 
1605 10 0 0 0 0 0 0 0 0 0 0 0 
1606 10 0 0 0 0 0 0 0 0 0 0 0 
1607 10 0 0 0 0 0 0 0 0 0 0 0 
1608 10 0 0 0 0 0 0 0 0 0 0 0 
1609 10 0 0 0 0 0 0 0 0 0 0 0 
1610 10 0 0 0 0 0 0 0 0 0 0 0 
1611 10 0 0 0 0 0 0 0 0 0 0 0 
1612 10 0 0 0 0 0 0 0 0 0 0 0 
1613 10 0 0 0 0 0 0 0 0 0 0 0 
1614 10 0 0 0 0 0 0 0 0 0 0 0 
1615 10 0 0 0 0 0 0 0 0 0 0 0 
1616 10 0 0 0 0 0 0 0 0 0 0 0 
1617 10 0 0 0 0 0 0 0 0 0 0 0 
1618 10 0 0 0 0 0 0 0 0 0 0 0 
1619 10 0 0 0 0 0 0 0 0 0 0 0 
1620 10 0 0 0 0 0 0 0 0 0 0 0 
1621 10 0 0 0 0 0 0 0 0 0 0 0 
1622 10 0 0 0 0 0 0 0 0 0 0 0 
1623 10 0 0 0 0 0 0 0 0 0 0 0 
1624 10 0 0 0 0 0 0 0 0 0 0 0 
1625 10 0 0 0 0 0 0 0 0 0 0 0 
1626 10 0 0 0 0 0 0 0 0 0 0 0 
1627 10 0 0 0 0 0 0 0 0 0 0 0 
1628 10 0 0 0 0 0 0 0 0 0 0 0 
1629 10 0 0 0 0 0 0 0 0 0 0 0 
1630 10 0 0 0 0 0 0 0 0 0 0 0 
1631 10 0 0 0 0 0 0 0 0 0 0 0 
1632 10 0 0 0 0 0 0 0 0 0 0 0 
1633 10 0 0 0 0 0 0 0 0 0 0 0 
1634 10 0 0 0 0 0 0 0 0 0 0 0 
1635 10 0 0 0 0 0 0 0 0 0 0 0 
1636 10 0 0 0 0 0 0 0 0 0 0 0 
1637 10 0 0 0 0 0 0 0 0 0 0 0 
1638 10 0 0 0 0 0 0 0 0 0 0 0 
1639 10 0 0 0 0 0 0 0 0 0 0 0 
1640 10 0 0 0 0 0 0 0 0 0 0 0 
1641 10 0 0 0 0 0 0 0 0 0 0 0 
1642 10 0 0 0 0 0 0 0 0 0 0 0 
1643 10 0 0 0 0 0 0 0 0 0 0 0 
1644 10 0 0 0 0 0 0 0 0 0 0 0 
1645 10 0 0 0 0 0 0 0 0 0 0 0 
1646 10 0 0 0 0 0 0 0 0 0 0 0 
1647 10 0 0 0 0 0 0 0 0 0 0 0 
1648 10 0 0 0 0 0 0 0 0 0 0 0 
1649 10 0 0 0 0 0 0 0 0 0 0 0 
1650 10 0 0 0 0 0 0 0 0 0 0 0 
1651 10 0 0 0 0 0 0 0 0 0 0 0 
1652 10 0 0 0 0 0 0 0 0 0 0 0 
1653 10 0 0 0 0 0 0 0 0 0 0 0 
1654 10 0 0 0 0 0 0 0 0 0 0 0 
1655 10 0 0 0 0 0 0 0 0 0 0 0 
1656 10 0 0 0 0 0 0 0 0 0 0 0 
1657 10 0 0 0 0 0 0 0 0 0 0 0 
1658 10 0 0 0 0 0 0 0 0 0 0 0 
1659 10 0 0 0 0 0 0 0 0 0 0 0 
1660 10 0 0 0 0 0 0 0 0 0 0 0 
1661 10 0 0 0 0 0 0 0 0 0 0 0 
1662 10 0 0 0 0 0 0 0 0 0 0 0 
1663 10 0 0 0 0 0 0 0 0 0 0 0 
1664 10 0 0 0 0 0 0 0 0 0 0 0 
1665 10 0 0 0 0 0 0 0 0 0 0 0 
1666 10 0 0 0 0 0 0 0 0 0 0 0 
1667 10 0 0 0 0 0 0 0 0 0 0 0 
1668 10 0 0 0 0 0 0 0 0 0 0 0 
1669 10 0 0 0 0 0 0 0 0 0 0 0 
1670 10 0 0 0 0 0 0 0 0 0 0 0 
1671 10 0 0 0 0 0 0 0 0 0 0 0 
1672 10 0 0 0 0 0 0 0 0 0 0 0 
1673 10 0 0 0 0 0 0 0 0 0 0 0 
1674 10 0 0 0 0 0 0 0 0 0 0 0 
1675 10 0 0 0 0 0 0 0 0 0 0 0 
1676 10 0 0 0 0 0 0 0 0 0 0 0 
1677 10 0 0 0 0 0 0 0 0 0 0 0 
1678 10 0 0 0 0 0 0 0 0 0 0 0 
1679 10 0 0 0 0 0 0 0 0 0 0 0 
1680 10 0 0 0 0 0 0 0 0 0 0 0 
1681 10 0 0 0 0 0 0 0 0 0 0 0 
1682 10 0 0 0 0 0 0 0 0 0 0 0 
1683 10 0 0 0 0 0 0 0 0 0 0 0 
1684 10 0 0 0 0 0 0 0 0 0 0 0 
1685 10 0 0 0 0 0 0 0 0 0 0 0 
1686 10 0 0 0 0 0 0 0 0 0 0 0 
1687 10 0 0 0 0 0 0 0 0 0 0 0 
1688 10 0 0 0 0 0 0 0 0 0 0 0 
1689 10 0 0 0 0 0 0 0 0 0 0 0 
1690 10 0 0 0 0 0 0 0 0 0 0 0 
1691 10 0 0 0 0 0 0 0 0 0 0 0 
1692 10 0 0 0 0 0 0 0 0 0 0 0 
1693 10 0 0 0 0 0 0 0 0 0 0 0 
1694 10 0 0 0 0 0 0 0 0 0 0 0 
1695 10 0 0 0 0 0 0 0 0 0 0 0 
1696 10 0 0 0 0 0 0 0 0 0 0 0 
1697 10 0 0 0 0 0 0 0 0 0 0 0 
1698 10 0 0 0 0 0 0 0 0 0 0 0 
1699 10 0 0 0 0 0 0 0 0 0 0 0 
1700 10 0 0 0 0 0 0 0 0 0 0 0 
1701 10 0 0 0 0 0 0 0 0 0 0 0 
1702 10 0 0 0 0 0 0 0 0 0 0 0 
1703 10 0 0 0 0 0 0 0 0 0 0 0 
1704 10 0 0 0 0 0 0 0 0 0 0 0 
1705 10 0 0 0 0 0 0 0 0 0 0 0 
1706 10 0 0 0 0 0 0 0 0 0 0 0 
1707 10 0 0 0 0 0 0 0 0 0 0 0 
1708 10 0 0 0 0 0 0 0 0 0 0 0 
1709 10 0 0 0 0 0 0 0 0 0 0 0 
1710 10 0 0 0 0 0 0 0 0 0 0 0 
1711 10 0 0 0 0 0 0 0 0 0 0 0 
1712 10 0 0 0 0 0 0 0 0 0 0 0 
1713 10 0 0 0 0 0 0 0 0 0 0 0 
1714 10 0 0 0 0 0 0 0 0 0 0 0 
1715 10 0 0 0 0 0 0 0 0 0 0 0 
1716 10 0 0 0 0 0 0 0 0 0 0 0 
1717 10 0 0 0 0 0 0 0 0 0 0 0 
1718 10 0 0 0 0 0 0 0 0 0 0 0 
1719 10 0 0 0 0 0 0 0 0 0 0 0 
1720 10 0 0 0 0 0 0 0 0 0 0 0 
1721 10 12 0 0 0 0 0 0 0 0 0 0 
1722 10 13 0 0 0 0 0 0 0 0 0 0 
1723 10 0 0 0 0 0 0 0 0 0 0 0 
1724 10 0 0 0 0 0 0 0 0 0 0 0 
1725 10 0 0 0 0 0 0 0 0 0 0 0 
1726 10 0 0 0 0 0 0 0 0 0 0 0 
1727 10 0 0 0 0 0 0 0 0 0 0 0 
1728 10 0 0 0 0 0 0 0 0 0 0 0 
1729 10 0 0 0 0 0 0 0 0 0 0 0 
1730 10 0 0 0 0 0 0 0 0 0 0 0 
1731 10 0 0 0 0 0 0 0 0 0 0 0 
1732 10 0 0 0 0 0 0 0 0 0 0 0 
1733 10 0 0 0 0 0 0 0 0 0 0 0 
1734 10 0 0 0 0 0 0 0 0 0 0 0 
1735 10 16 0 0 0 0 0 0 0 0 0 0 
1736 10 17 0 0 0 0 0 0 0 0 0 0 
1737 10 18 0 0 0 0 0 0 0 0 0 0 
1738 10 19 0 0 0 0 0 0 0 0 0 0 
1739 10 0 0 0 0 0 0 0 0 0 0 0 
1740 10 0 0 0 0 0 0 0 0 0 0 0 
1741 10 0 0 0 0 0 0 0 0 0 0 0 
1742 10 0 0 0 0 0 0 0 0 0 0 0 
1743 10 21 0 0 0 0 0 0 0 0 0 0 
1744 10 22 0 0 0 0 0 0 0 0 0 0 
1745 10 23 0 0 0 0 0 0 0 0 0 0 
1746 10 24 0 0 0 0 0 0 0 0 0 0 
1747 10 0 0 0 0 0 0 0 0 0 0 0 
1748 10 0 0 0 0 0 0 0 0 0 0 0 
1749 10 0 0 0 0 0 0 0 0 0 0 0 
1750 10 0 0 0 0 0 0 0 0 0 0 0 
1751 10 26 0 0 0 0 0 0 0 0 0 0 
1752 10 27 0 0 0 0 0 0 0 0 0 0 
1753 10 0 0 0 0 0 0 0 0 0 0 0 
1754 10 0 0 0 0 0 0 0 0 0 0 0 
1755 10 0 0 0 0 0 0 0 0 0 0 0 
1756 10 0 0 0 0 0 0 0 0 0 0 0 
1757 10 0 0 0 0 0 0 0 0 0 0 0 
1758 10 0 0 0 0 0 0 0 0 0 0 0 
1759 10 0 0 0 0 0 0 0 0 0 0 0 
1760 10 0 0 0 0 0 0 0 0 0 0 0 
1761 10 0 0 0 0 0 0 0 0 0 0 0 
1762 10 0 0 0 0 0 0 0 0 0 0 0 
1763 10 0 0 0 0 0 0 0 0 0 0 0 
1764 10 0 0 0 0 0 0 0 0 0 0 0 
1765 10 0 0 0 0 0 0 0 0 0 0 0 
1766 10 0 0 0 0 0 0 0 0 0 0 0 
1767 10 0 0 0 0 0 0 0 0 0 0 0 
1768 10 0 0 0 0 0 0 0 0 0 0 0 
1769 10 0 0 0 0 0 0 0 0 0 0 0 
1770 10 0 0 0 0 0 0 0 0 0 0 0 
1771 10 0 0 0 0 0 0 0 0 0 0 0 
1772 10 0 0 0 0 0 0 0 0 0 0 0 
1773 10 0 0 0 0 0 0 0 0 0 0 0 
1774 10 0 0 0 0 0 0 0 0 0 0 0 
1775 10 0 0 0 0 0 0 0 0 0 0 0 
1776 10 0 0 0 0 0 0 0 0 0 0 0 
1777 10 0 0 0 0 0 0 0 0 0 0 0 
1778 10 0 0 0 0 0 0 0 0 0 0 0 
1779 10 0 0 0 0 0 0 0 0 0 0 0 
1780 10 0 0 0 0 0 0 0 0 0 0 0 
1781 10 0 0 0 0 0 0 0 0 0 0 0 
1782 10 0 0 0 0 0 0 0 0 0 0 0 
1783 10 0 0 0 0 0 0 0 0 0 0 0 
1784 10 0 0 0 0 0 0 0 0 0 0 0 
1785 10 0 0 0 0 0 0 0 0 0 0 0 
1786 10 0 0 0 0 0 0 0 0 0 0 0 
1787 10 0 0 0 0 0 0 0 0 0 0 0 
1788 10 0 0 0 0 0 0 0 0 0 0 0 
1789 10 0 0 0 0 0 0 0 0 0 0 0 
1790 10 0 0 0 0 0 0 0 0 0 0 0 
1791 10 0 0 0 0 0 0 0 0 0 0 0 
1792 10 0 0 0 0 0 0 0 0 0 0 0 
1793 10 0 0 0 0 0 0 0 0 0 0 0 
1794 10 0 0 0 0 0 0 0 0 0 0 0 
1795 10 0 0 0 0 0 0 0 0 0 0 0 
1796 10 0 0 0 0 0 0 0 0 0 0 0 
1797 10 0 0 0 0 0 0 0 0 0 0 0 
1798 10 0 0 0 0 0 0 0 0 0 0 0 
1799 10 0 0 0 0 0 0 0 0 0 0 0 
1800 10 0 0 0 0 0 0 0 0 0 0 0 
1801 10 0 0 0 0 0 0 0 0 0 0 0 
1802 10 0 0 0 0 0 0 0 0 0 0 0 
1803 10 0 0 0 0 0 0 0 0 0 0 0 
1804 10 0 0 0 0 0 0 0 0 0 0 0 
1805 10 0 0 0 0 0 0 0 0 0 0 0 
1806 10 0 0 0 0 0 0 0 0 0 0 0 
1807 10 0 0 0 0 0 0 0 0 0 0 0 
1808 10 0 0 0 0 0 0 0 0 0 0 0 
1809 10 0 0 0 0 0 0 0 0 0 0 0 
1810 10 0 0 0 0 0 0 0 0 0 0 0 
1811 10 0 0 0 0 0 0 0 0 0 0 0 
1812 10 0 0 0 0 0 0 0 0 0 0 0 
1813 10 0 0 0 0 0 0 0 0 0 0 0 
1814 10 0 0 0 0 0 0 0 0 0 0 0 
1815 10 0 0 0 0 0 0 0 0 0 0 0 
1816 10 0 0 0 0 0 0 0 0 0 0 0 
1817 10 0 0 0 0 0 0 0 0 0 0 0 
1818 10 0 0 0 0 0 0 0 0 0 0 0 
1819 10 0 0 0 0 0 0 0 0 0 0 0 
1820 10 0 0 0 0 0 0 0 0 0 0 0 
1821 10 0 0 0 0 0 0 0 0 0 0 0 
1822 10 0 0 0 0 0 0 0 0 0 0 0 
1823 10 0 0 0 0 0 0 0 0 0 0 0 
1824 10 0 0 0 0 0 0 0 0 0 0 0 
1825 10 0 0 0 0 0 0 0 0 0 0 0 
1826 10 0 0 0 0 0 0 0 0 0 0 0 
1827 10 0 0 0 0 0 0 0 0 0 0 0 
1828 10 0 0 0 0 0 0 0 0 0 0 0 
1829 10 0 0 0 0 0 0 0 0 0 0 0 
1830 10 0 0 0 0 0 0 0 0 0 0 0 
1831 10 0 0 0 0 0 0 0 0 0 0 0 
1832 10 0 0 0 0 0 0 0 0 0 0 0 
1833 10 0 0 0 0 0 0 0 0 0 0 0 
1834 10 0 0 0 0 0 0 0 0 0 0 0 
1835 10 0 0 0 0 0 0 0 0 0 0 0 
1836 10 0 0 0 0 0 0 0 0 0 0 0 
1837 10 0 0 0 0 0 0 0 0 0 0 0 
1838 10 0 0 0 0 0 0 0 0 0 0 0 
1839 10 0 0 0 0 0 0 0 0 0 0 0 
1840 10 0 0 0 0 0 0 0 0 0 0 0 
1841 10 0 0 0 0 0 0 0 0 0 0 0 
1842 10 0 0 0 0 0 0 0 0 0 0 0 
1843 10 0 0 0 0 0 0 0 0 0 0 0 
1844 10 0 0 0 0 0 0 0 0 0 0 0 
1845 10 0 0 0 0 0 0 0 0 0 0 0 
1846 10 0 0 0 0 0 0 0 0 0 0 0 
1847 10 0 0 0 0 0 0 0 0 0 0 0 
1848 10 0 0 0 0 0 0 0 0 0 0 0 
1849 10 0 0 0 0 0 0 0 0 0 0 0 
1850 10 0 0 0 0 0 0 0 0 0 0 0 
1851 10 0 0 0 0 0 0 0 0 0 0 0 
1852 10 0 0 0 0 0 0 0 0 0 0 0 
1853 10 0 0 0 0 0 0 0 0 0 0 0 
1854 10 0 0 0 0 0 0 0 0 0 0 0 
1855 10 0 0 0 0 0 0 0 0 0 0 0 
1856 10 0 0 0 0 0 0 0 0 0 0 0 
1857 10 0 0 0 0 0 0 0 0 0 0 0 
1858 10 0 0 0 0 0 0 0 0 0 0 0 
1859 10 0 0 0 0 0 0 0 0 0 0 0 
1860 10 0 0 0 0 0 0 0 0 0 0 0 
1861 10 0 0 0 0 0 0 0 0 0 0 0 
1862 10 0 0 0 0 0 0 0 0 0 0 0 
1863 10 0 0 0 0 0 0 0 0 0 0 0 
1864 10 0 0 0 0 0 0 0 0 0 0 0 
1865 10 0 0 0 0 0 0 0 0 0 0 0 
1866 10 0 0 0 0 0 0 0 0 0 0 0 
1867 10 0 0 0 0 0 0 0 0 0 0 0 
1868 10 0 0 0 0 0 0 0 0 0 0 0 
1869 10 0 0 0 0 0 0 0 0 0 0 0 
1870 10 0 0 0 0 0 0 0 0 0 0 0 
1871 10 0 0 0 0 0 0 0 0 0 0 0 
1872 10 0 0 0 0 0 0 0 0 0 0 0 
1873 10 0 0 0 0 0 0 0 0 0 0 0 
1874 10 0 0 0 0 0 0 0 0 0 0 0 
1875 10 0 0 0 0 0 0 0 0 0 0 0 
1876 10 0 0 0 0 0 0 0 0 0 0 0 
1877 10 0 0 0 0 0 0 0 0 0 0 0 
1878 10 0 0 0 0 0 0 0 0 0 0 0 
1879 10 0 0 0 0 0 0 0 0 0 0 0 
1880 10 0 0 0 0 0 0 0 0 0 0 0 
1881 10 0 0 0 0 0 0 0 0 0 0 0 
1882 10 0 0 0 0 0 0 0 0 0 0 0 
1883 10 0 0 0 0 0 0 0 0 0 0 0 
1884 10 0 0 0 0 0 0 0 0 0 0 0 
1885 10 0 0 0 0 0 0 0 0 0 0 0 
1886 10 0 0 0 0 0 0 0 0 0 0 0 
1887 10 0 0 0 0 0 0 0 0 0 0 0 
1888 10 0 0 0 0 0 0 0 0 0 0 0 
1889 10 0 0 0 0 0 0 0 0 0 0 0 
1890 10 0 0 0 0 0 0 0 0 0 0 0 
1891 10 0 0 0 0 0 0 0 0 0 0 0 
1892 10 0 0 0 0 0 0 0 0 0 0 0 
1893 10 0 0 0 0 0 0 0 0 0 0 0 
1894 10 0 0 0 0 0 0 0 0 0 0 0 
1895 10 0 0 0 0 0 0 0 0 0 0 0 
1896 10 0 0 0 0 0 0 0 0 0 0 0 
1897 10 0 0 0 0 0 0 0 0 0 0 0 
1898 10 0 0 0 0 0 0 0 0 0 0 0 
1899 10 0 0 0 0 0 0 0 0 0 0 0 
1900 10 0 0 0 0 0 0 0 0 0 0 0 
1901 10 0 0 0 0 0 0 0 0 0 0 0 
1902 10 0 0 0 0 0 0 0 0 0 0 0 
1903 10 0 0 0 0 0 0 0 0 0 0 0 
1904 10 0 0 0 0 0 0 0 0 0 0 0 
1905 10 0 0 0 0 0 0 0 0 0 0 0 
1906 10 0 0 0 0 0 0 0 0 0 0 0 
1907 10 0 0 0 0 0 0 0 0 0 0 0 
1908 10 0 0 0 0 0 0 0 0 0 0 0 
1909 10 0 0 0 0 0 0 0 0 0 0 0 
1910 10 0 0 0 0 0 0 0 0 0 0 0 
1911 10 0 0 0 0 0 0 0 0 0 0 0 
1912 10 0 0 0 0 0 0 0 0 0 0 0 
1913 10 0 0 0 0 0 0 0 0 0 0 0 
1914 10 0 0 0 0 0 0 0 0 0 0 0 
1915 10 0 0 0 0 0 0 0 0 0 0 0 
1916 10 0 0 0 0 0 0 0 0 0 0 0 
1917 10 0 0 0 0 0 0 0 0 0 0 0 
1918 10 0 0 0 0 0 0 0 0 0 0 0 
1919 10 0 0 0 0 0 0 0 0 0 0 0 
1920 10 0 0 0 0 0 0 0 0 0 0 0 
1921 10 0 0 0 0 0 0 0 0 0 0 0 
1922 10 0 0 0 0 0 0 0 0 0 0 0 
1923 10 0 0 0 0 0 0 0 0 0 0 0 
1924 10 0 0 0 0 0 0 0 0 0 0 0 
1925 10 0 0 0 0 0 0 0 0 0 0 0 
1926 10 0 0 0 0 0 0 0 0 0 0 0 
1927 10 0 0 0 0 0 0 0 0 0 0 0 
1928 10 0 0 0 0 0 0 0 0 0 0 0 
1929 10 0 0 0 0 0 0 0 0 0 0 0 
1930 10 0 0 0 0 0 0 0 0 0 0 0 
1931 10 0 0 0 0 0 0 0 0 0 0 0 
1932 10 0 0 0 0 0 0 0 0 0 0 0 
1933 10 0 0 0 0 0 0 0 0 0 0 0 
1934 10 0 0 0 0 0 0 0 0 0 0 0 
1935 10 0 0 0 0 0 0 0 0 0 0 0 
1936 10 0 0 0 0 0 0 0 0 0 0 0 
1937 10 0 0 0 0 0 0 0 0 0 0 0 
1938 10 0 0 0 0 0 0 0 0 0 0 0 
1939 10 0 0 0 0 0 0 0 0 0 0 0 
1940 10 0 0 0 0 0 0 0 0 0 0 0 
1941 10 0 0 0 0 0 0 0 0 0 0 0 
1942 10 0 0 0 0 0 0 0 0 0 0 0 
1943 10 0 0 0 0 0 0 0 0 0 0 0 
1944 10 0 0 0 0 0 0 0 0 0 0 0 
1945 10 0 0 0 0 0 0 0 0 0 0 0 
1946 10 0 0 0 0 0 0 0 0 0 0 0 
1947 10 0 0 0 0 0 0 0 0 0 0 0 
1948 10 0 0 0 0 0 0 0 0 0 0 0 
1949 10 0 0 0 0 0 0 0 0 0 0 0 
1950 10 0 0 0 0 0 0 0 0 0 0 0 
1951 10 0 0 0 0 0 0 0 0 0 0 0 
1952 10 0 0 0 0 0 0 0 0 0 0 0 
1953 10 0 0 0 0 0 0 0 0 0 0 0 
1954 10 0 0 0 0 0 0 0 0 0 0 0 
1955 10 0 0 0 0 0 0 0 0 0 0 0 
1956 10 0 0 0 0 0 0 0 0 0 0 0 
1957 10 0 0 0 0 0 0 0 0 0 0 0 
1958 10 0 0 0 0 0 0 0 0 0 0 0 
1959 10 40 0 0 0 0 0 0 0 0 0 0 
1960 10 41 0 0 0 0 0 0 0 0 0 0 
1961 10 0 0 0 0 0 0 0 0 0 0 0 
1962 10 0 0 0 0 0 0 0 0 0 0 0 
1963 10 0 0 0 0 0 0 0 0 0 0 0 
1964 10 0 0 0 0 0 0 0 0 0 0 0 
1965 10 0 0 0 0 0 0 0 0 0 0 0 
1966 10 0 0 0 0 0 0 0 0 0 0 0 
1967 10 0 0 0 0 0 0 0 0 0 0 0 
1968 10 0 0 0 0 0 0 0 0 0 0 0 
1969 10 0 0 0 0 0 0 0 0 0 0 0 
1970 10 0 0 0 0 0 0 0 0 0 0 0 
1971 10 0 0 0 0 0 0 0 0 0 0 0 
1972 10 0 0 0 0 0 0 0 0 0 0 0 
1973 10 0 0 0 0 0 0 0 0 0 0 0 
1974 10 0 0 0 0 0 0 0 0 0 0 0 
1975 10 0 0 0 0 0 0 0 0 0 0 0 
1976 10 0 0 0 0 0 0 0 0 0 0 0 
1977 10 0 0 0 0 0 0 0 0 0 0 0 
1978 10 0 0 0 0 0 0 0 0 0 0 0 
1979 10 46 0 0 0 0 0 0 0 0 0 0 
1980 10 47 0 0 0 0 0 0 0 0 0 0 
1981 10 0 0 0 0 0 0 0 0 0 0 0 
1982 10 0 0 0 0 0 0 0 0 0 0 0 
1983 10 0 0 0 0 0 0 0 0 0 0 0 
1984 10 0 0 0 0 0 0 0 0 0 0 0 
1985 10 0 0 0 0 0 0 0 0 0 0 0 
1986 10 0 0 0 0 0 0 0 0 0 0 0 
1987 10 0 0 0 0 0 0 0 0 0 0 0 
1988 10 0 0 0 0 0 0 0 0 0 0 0 
1989 10 0 0 0 0 0 0 0 0 0 0 0 
1990 10 0 0 0 0 0 0 0 0 0 0 0 
1991 10 0 0 0 0 0 0 0 0 0 0 0 
1992 10 0 0 0 0 0 0 0 0 0 0 0 
1993 10 0 0 0 0 0 0 0 0 0 0 0 
1994 10 0 0 0 0 0 0 0 0 0 0 0 
1995 10 0 0 0 0 0 0 0 0 0 0 0 
1996 10 0 0 0 0 0 0 0 0 0 0 0 
1997 10 0 0 0 0 0 0 0 0 0 0 0 
1998 10 0 0 0 0 0 0 0 0 0 0 0 
1999 10 0 0 0 0 0 0 0 0 0 0 0 
2000 10 0 0 0 0 0 0 0 0 0 0 0 
2001 10 0 0 0 0 0 0 0 0 0 0 0 
2002 10 0 0 0 0 0 0 0 0 0 0 0 
2003 10 0 0 0 0 0 0 0 0 0 0 0 
2004 10 0 0 0 0 0 0 0 0 0 0 0 
2005 10 0 0 0 0 0 0 0 0 0 0 0 
2006 10 0 0 0 0 0 0 0 0 0 0 0 
2007 10 0 0 0 0 0 0 0 0 0 0 0 
2008 10 0 0 0 0 0 0 0 0 0 0 0 
2009 10 0 0 0 0 0 0 0 0 0 0 0 
2010 10 0 0 0 0 0 0 0 0 0 0 0 
2011 10 0 0 0 0 0 0 0 0 0 0 0 
2012 10 0 0 0 0 0 0 0 0 0 0 0 
2013 10 0 0 0 0 0 0 0 0 0 0 0 
2014 10 0 0 0 0 0 0 0 0 0 0 0 
2015 10 0 0 0 0 0 0 0 0 0 0 0 
2016 10 0 0 0 0 0 0 0 0 0 0 0 
2017 10 0 0 0 0 0 0 0 0 0 0 0 
2018 10 0 0 0 0 0 0 0 0 0 0 0 
2019 10 0 0 0 0 0 0 0 0 0 0 0 
2020 10 0 0 0 0 0 0 0 0 0 0 0 
2021 10 0 0 0 0 0 0 0 0 0 0 0 
2022 10 0 0 0 0 0 0 0 0 0 0 0 
2023 10 0 0 0 0 0 0 0 0 0 0 0 
2024 10 0 0 0 0 0 0 0 0 0 0 0 
2025 10 0 0 0 0 0 0 0 0 0 0 0 
2026 10 0 0 0 0 0 0 0 0 0 0 0 
2027 10 0 0 0 0 0 0 0 0 0 0 0 
2028 10 0 0 0 0 0 0 0 0 0 0 0 
2029 10 0 0 0 0 0 0 0 0 0 0 0 
2030 10 0 0 0 0 0 0 0 0 0 0 0 
2031 10 0 0 0 0 0 0 0 0 0 0 0 
2032 10 0 0 0 0 0 0 0 0 0 0 0 
2033 10 0 0 0 0 0 0 0 0 0 0 0 
2034 10 0 0 0 0 0 0 0 0 0 0 0 
2035 10 0 0 0 0 0 0 0 0 0 0 0 
2036 10 0 0 0 0 0 0 0 0 0 0 0 
2037 10 0 0 0 0 0 0 0 0 0 0 0 
2038 10 0 0 0 0 0 0 0 0 0 0 0 
2039 10 0 0 0 0 0 0 0 0 0 0 0 
2040 10 0 0 0 0 0 0 0 0 0 0 0 
2041 10 0 0 0 0 0 0 0 0 0 0 0 
2042 10 0 0 0 0 0 0 0 0 0 0 0 
2043 10 0 0 0 0 0 0 0 0 0 0 0 
2044 10 0 0 0 0 0 0 0 0 0 0 0 
2045 10 0 0 0 0 0 0 0 0 0 0 0 
2046 10 0 0 0 0 0 0 0 0 0 0 0 

0 4 1 3 pack_2 0.011976 20 -23 -106 84 -3 -106 138 12 -111 138 7 -106 42 -18 -111 180 7 -111 174 -3 -106 144 -18 -106 78 12 -111 78 7 -106 312 7 -111 180 -18 -111 90 7 -111 84 12 -106 84 12 -111 126 -33 -106 180 -3 -111 18 -18 -106 174 -18 -106 84 -23 -111 354 
1 4 1 3 pack_2 0.0421793 4 12 79 174 -18 34 126 -3 34 96 2 79 144 
2 4 1 3 pack_2 0.0161725 2 22 59 354 -3 44 90 
3 4 1 3 pack_2 0.193548 1 22 59 144 
4 4 1 3 pack_2 0.545455 1 17 64 354 
5 4 1 3 pack_2 0.923077 10 22 59 336 27 54 336 17 59 354 -3 44 96 7 44 84 12 39 78 12 39 72 -13 -26 174 -18 -31 180 12 -26 330 
6 4 1 3 pack_2 0.0517241 1 17 44 72 
7 4 1 3 pack_2 0.356436 6 -3 -61 72 -43 -106 96 37 -106 318 27 -106 126 32 -106 174 32 -106 234 
8 4 1 3 pack_2 0.947368 15 -48 -111 96 -43 -111 18 -38 -111 354 -53 -111 210 -48 -111 180 -28 -111 354 -53 -111 354 27 -111 90 37 -111 72 32 -111 78 37 -111 84 32 -111 180 37 -111 138 22 -111 180 22 -111 174 
9 4 1 3 pack_2 1 5 42 -111 330 47 -111 312 37 -111 234 32 -111 138 32 -111 234 
10 4 1 3 pack_2 0.827586 4 -38 -106 18 -13 -96 336 -13 -101 336 -28 -96 78 
11 4 1 3 pack_2 1 5 -8 -66 78 -8 -101 180 -18 -96 354 27 -111 354 -18 -91 72 
12 4 1 3 pack_2 1 68 -28 -111 36 -28 -106 210 -33 -111 42 -28 -96 96 -3 -106 174 -13 -106 18 7 -101 174 2 -101 174 7 -96 180 -23 -96 90 27 -101 336 12 -106 138 -13 -96 72 12 -91 234 22 -96 72 -3 -106 126 -23 -101 174 -38 -96 96 17 -96 78 -8 -101 144 32 -106 318 -28 -101 180 7 -106 174 22 -101 126 -23 -96 78 17 -91 72 12 -96 72 12 -91 78 12 -101 144 22 -91 72 -33 -101 180 -3 -101 330 -8 -106 126 7 -91 42 2 -96 318 17 -101 312 -33 -91 90 -13 -91 84 -13 -106 210 12 -101 90 -23 -111 210 22 -96 42 22 -91 336 7 -91 84 2 -96 126 -3 -91 78 12 -91 72 -3 -91 144 17 -101 78 7 -101 138 -18 -91 96 -33 -101 96 2 -96 144 2 -91 84 -13 -101 72 17 -91 42 -18 -106 138 2 -101 72 22 -101 36 12 -106 18 2 -111 318 -3 -106 318 22 -106 36 -8 -111 330 -28 -101 78 7 -101 36 -38 -106 174 22 -111 72 
13 4 1 3 pack_2 1 7 -18 -111 144 12 -111 18 -28 -111 144 32 -111 312 -8 -111 42 -8 -111 210 7 -106 234 
14 4 1 3 pack_2 1 6 12 -106 210 12 -111 210 -13 -106 234 27 -111 234 27 -111 210 -28 -111 312 
15 4 1 3 pack_2 0.047619 1 2 -6 174 
16 4 1 3 pack_2 0.826907 840 -3 104 18 42 44 144 -53 44 330 37 69 312 42 34 144 47 14 42 32 89 36 12 104 180 -33 109 336 37 74 234 42 59 138 -13 104 234 -33 109 330 17 94 84 42 29 126 37 84 18 47 69 96 -53 74 78 52 69 318 52 69 144 57 69 138 32 74 174 57 69 84 42 69 96 37 74 210 37 74 174 42 74 234 52 69 180 47 74 336 47 74 18 47 74 72 42 74 144 57 74 174 47 74 78 42 74 84 42 74 138 52 74 72 52 74 330 47 74 318 47 74 138 42 64 174 42 54 90 57 54 318 -53 59 72 37 59 180 42 59 174 57 59 180 57 59 78 47 59 84 52 59 84 47 59 90 57 59 330 57 59 90 57 59 138 -48 64 354 -53 64 354 42 69 90 47 64 42 42 64 18 57 64 354 42 64 78 57 64 336 47 64 90 57 64 144 32 69 180 37 69 210 -48 69 78 47 69 354 -53 79 354 42 69 78 47 69 84 -48 84 72 57 84 90 57 84 96 57 84 72 57 84 42 52 84 72 37 84 96 42 84 126 42 84 312 -33 89 42 -53 84 18 -53 84 234 37 84 78 -48 84 84 -53 84 72 42 84 18 42 84 72 47 84 336 -43 89 318 -53 89 312 27 89 144 17 89 126 -28 89 72 52 89 234 -33 89 72 37 89 78 32 89 90 -53 89 90 42 89 126 -48 89 90 -38 89 72 -53 89 78 -43 89 36 52 79 210 52 79 72 47 79 18 47 79 72 42 79 318 32 79 126 37 79 78 42 79 72 37 79 72 47 79 144 -53 79 90 -48 79 36 37 79 234 27 79 144 37 79 174 42 54 84 -48 79 318 47 74 312 47 79 84 47 79 138 52 79 138 52 79 126 -33 84 42 -53 84 318 37 84 174 27 84 138 47 84 174 37 84 318 42 84 330 32 84 72 -53 84 84 37 84 72 -38 84 234 47 19 210 42 19 78 37 19 18 -43 29 336 -53 24 72 57 19 174 52 19 42 47 19 234 57 19 36 52 19 138 52 14 312 57 14 330 57 14 144 47 14 72 57 14 96 -48 24 336 52 14 18 -53 19 72 42 19 144 47 19 126 57 24 210 42 19 126 32 19 96 52 24 234 -48 29 354 52 24 18 57 24 72 57 24 96 47 24 78 47 24 84 52 24 90 42 24 126 42 29 18 57 9 18 42 -1 144 52 -1 318 37 -1 90 52 4 234 52 4 180 52 4 354 52 4 174 47 4 18 52 4 96 42 4 90 -48 14 354 -53 14 354 37 9 180 42 9 180 52 9 174 52 29 72 57 9 78 57 9 144 42 9 78 47 9 84 52 9 126 47 9 96 37 9 90 -48 19 354 37 14 180 57 14 234 32 9 96 57 14 36 42 14 174 57 14 174 57 14 18 47 49 138 57 44 36 52 44 18 -53 49 336 57 44 78 42 44 78 42 44 84 57 44 90 52 44 90 47 44 138 -48 49 78 47 49 210 52 49 210 42 49 174 57 49 18 52 49 72 57 44 234 57 49 318 52 49 126 37 54 180 57 54 210 42 54 174 52 54 174 47 54 18 52 54 72 47 54 72 57 54 78 47 54 78 57 54 84 57 114 90 47 54 84 57 54 96 47 34 84 42 29 78 -53 34 72 42 29 84 57 29 126 52 29 126 47 29 138 37 34 174 -53 39 354 57 34 72 57 34 78 -48 39 72 57 34 84 57 34 336 47 34 78 42 34 78 52 54 90 42 34 90 52 34 312 42 34 96 32 39 180 42 39 180 -53 44 336 57 39 144 52 39 90 57 39 126 42 39 90 57 39 318 52 39 126 42 39 96 47 44 234 52 44 234 37 114 78 -28 104 42 42 114 318 32 104 42 32 104 36 32 104 144 -18 104 78 27 104 144 -43 114 318 27 114 96 22 114 84 22 104 72 32 104 180 -33 114 72 -43 114 330 47 114 36 -18 104 234 52 114 210 42 114 84 -28 104 210 17 104 330 17 114 234 -18 114 36 -8 114 42 32 114 174 27 114 234 -23 114 84 42 104 72 42 104 138 47 104 354 -23 114 78 -33 114 78 -38 114 126 17 114 72 7 114 84 -13 114 18 -43 104 126 17 104 78 42 114 36 -48 104 312 17 104 72 27 99 78 42 99 18 32 99 96 52 99 234 42 99 78 32 99 78 37 99 78 42 99 72 -48 114 36 42 99 144 -33 99 78 -53 99 144 47 99 174 22 99 72 -48 99 138 42 99 42 42 99 174 -28 99 42 37 99 234 17 99 312 -53 99 84 47 114 72 -38 114 90 -53 114 354 47 114 18 -48 99 18 57 99 42 52 99 144 52 114 84 -53 99 36 -23 114 180 -48 99 210 -38 99 234 52 114 90 57 99 210 -48 99 96 -38 99 36 -38 99 42 47 99 90 47 99 318 -43 109 126 22 109 78 47 109 180 17 109 84 -53 109 318 32 109 78 37 109 78 12 109 354 22 109 90 12 109 330 2 109 36 -23 109 174 32 109 90 52 109 210 -28 109 18 47 109 72 47 109 90 -48 104 234 57 104 180 47 109 84 -43 104 84 27 109 42 32 109 354 12 109 126 22 109 144 22 109 210 -13 109 72 -18 109 234 -38 109 312 37 109 180 22 109 126 52 104 84 -23 109 72 22 109 18 -13 109 18 -18 109 180 7 109 84 -28 109 42 -28 109 72 -13 109 180 27 109 78 -3 114 180 -53 104 336 42 104 84 57 109 42 37 104 90 -3 114 72 -8 114 78 -28 114 312 -23 114 336 -33 104 96 57 109 36 27 104 90 -28 114 336 -18 114 174 22 114 180 37 104 84 7 114 210 -48 104 126 -53 104 126 -18 114 90 52 104 354 52 109 330 52 104 72 52 109 138 52 104 336 -43 109 210 -43 109 78 -53 104 354 52 109 312 -38 104 72 -23 104 210 -33 104 18 -48 104 180 -43 109 42 52 104 180 -53 109 78 -53 109 210 -43 104 354 -53 109 72 52 109 18 42 94 42 37 94 78 -43 94 354 22 94 78 42 94 318 -48 94 210 37 94 138 27 94 72 12 94 96 47 94 96 22 94 84 37 94 36 -53 94 312 57 114 78 32 94 36 -48 94 72 22 94 138 37 94 234 -33 94 36 -38 94 312 57 94 18 52 94 318 37 94 96 52 94 180 52 94 174 47 94 72 47 94 330 47 94 144 -48 94 18 -53 94 96 42 94 36 57 114 42 -48 94 96 27 94 96 -48 94 354 -38 94 72 17 94 90 47 94 36 47 94 84 42 89 90 57 89 312 -48 94 234 57 114 126 57 89 318 52 89 96 -28 94 234 -28 94 36 -43 94 78 52 89 84 52 89 72 -23 99 36 -43 89 234 -48 89 234 -13 109 78 22 94 72 -53 89 180 32 24 18 47 54 36 52 29 318 52 24 318 -43 89 210 7 94 90 32 34 174 -28 99 90 -28 109 330 47 49 36 -53 54 174 42 9 138 52 59 330 32 34 90 2 109 84 32 9 174 -43 99 126 -53 84 180 -38 104 336 37 59 210 42 34 72 47 64 312 -53 29 330 32 49 174 32 84 36 42 4 234 52 9 318 12 99 144 -13 84 72 -13 89 72 32 4 90 17 99 234 -33 94 312 -43 44 354 22 84 312 17 104 210 -28 89 234 -43 24 354 -48 79 18 -53 84 126 -3 109 90 -48 74 42 37 64 78 42 39 138 -53 64 174 12 99 78 -23 104 96 37 54 18 -38 34 336 -8 104 72 -43 104 138 22 84 78 32 94 18 37 64 138 -48 59 84 37 19 78 22 84 84 27 -1 96 27 64 180 27 29 180 27 34 96 -33 84 234 -53 19 318 -33 104 330 -23 84 72 -43 79 318 42 64 354 -8 104 354 37 79 336 7 89 126 47 9 330 12 104 210 -38 109 138 47 4 330 27 74 90 -53 14 318 -38 84 354 -43 79 312 37 49 78 27 19 180 -43 74 336 -8 104 174 -53 49 318 -48 59 336 -33 104 336 27 14 96 47 -1 330 27 94 36 47 59 318 32 44 84 -48 74 90 32 54 84 -48 84 174 12 94 78 -43 99 138 -53 49 312 -38 79 78 -38 84 330 -53 14 18 37 84 354 32 79 42 -43 84 96 -38 104 174 27 69 174 -53 34 312 7 104 78 32 59 84 47 14 330 -38 69 72 -53 49 180 17 89 72 32 69 78 37 44 210 37 24 126 -23 94 84 27 69 312 37 9 354 47 44 312 -23 109 126 -8 79 72 37 4 354 37 39 126 37 74 336 -23 89 78 -43 39 78 27 74 78 37 49 126 27 64 174 -23 94 90 -48 84 126 -43 74 312 -38 49 72 -48 54 90 -43 69 330 22 44 18 27 59 174 -53 59 234 -48 34 90 32 59 210 37 -1 138 27 64 126 -48 34 174 37 44 72 -38 79 318 -38 79 330 2 89 126 27 49 90 27 34 90 22 24 18 -48 14 90 32 74 18 -13 79 84 -3 94 126 -38 29 72 -38 19 354 -38 24 354 22 29 96 12 99 354 17 84 234 -53 44 42 7 99 354 -33 74 72 -43 79 96 32 69 330 22 69 144 42 44 336 -33 84 354 37 64 354 17 94 210 22 19 96 -33 84 90 -23 94 96 -53 54 234 -8 99 96 37 64 318 -48 64 18 -8 79 96 -53 39 42 22 9 96 -3 99 354 22 24 180 -33 19 336 32 14 78 17 74 138 -53 29 36 -53 24 42 -53 49 234 37 54 234 17 84 72 -3 79 84 -53 29 42 -53 44 234 -53 34 42 32 59 138 -8 79 90 22 39 180 -53 34 36 -53 39 36 22 69 138 -38 44 78 12 84 84 -3 99 84 -13 74 72 -33 69 72 22 14 18 22 44 180 42 9 312 22 49 180 -33 54 72 -33 49 336 42 49 336 22 9 18 -48 9 18 32 9 144 17 79 78 42 54 312 12 84 78 -43 89 174 22 74 210 -8 84 90 22 89 36 37 9 36 27 69 234 27 -1 84 32 9 126 37 -1 42 -3 84 84 42 39 330 42 44 330 -33 74 78 27 74 36 -38 74 312 -13 79 126 -43 69 18 42 49 318 2 84 126 -38 69 330 -43 49 90 -33 79 336 42 39 318 32 29 126 -18 84 84 22 64 90 42 9 318 32 19 72 17 69 180 -38 34 84 -38 89 126 -33 39 72 -43 49 174 -33 79 312 17 54 18 32 44 72 32 49 144 17 79 234 32 49 72 -38 29 84 42 49 330 27 79 18 -33 44 354 -33 24 72 32 24 72 -8 94 78 12 74 144 -38 54 84 -23 74 72 -33 34 354 -38 64 330 -33 79 330 2 94 180 22 14 174 -28 29 336 27 74 42 17 84 180 -43 9 174 -8 79 234 17 79 72 17 59 18 -33 94 126 2 79 126 42 29 330 32 -6 126 -38 64 336 -53 24 210 32 14 210 27 24 78 -43 84 144 37 44 42 32 39 138 17 19 96 -38 4 84 -23 79 126 37 14 336 -13 94 96 32 34 138 -28 84 318 17 9 96 -48 54 42 17 14 96 27 59 78 27 64 72 37 39 336 -43 59 18 12 84 72 -28 84 96 -48 14 36 -43 29 330 -18 84 330 -33 74 336 32 39 354 27 39 78 37 9 330 7 79 138 -48 69 144 17 74 78 -23 79 144 2 74 78 -48 49 234 -18 79 312 -43 34 318 22 59 84 -18 74 90 17 74 72 -43 69 180 -48 39 36 -43 29 180 -23 84 330 32 69 336 -18 74 330 7 79 84 -8 94 138 17 9 180 -33 79 96 -43 49 180 22 59 126 -23 84 126 22 69 72 27 74 354 -38 69 312 -43 79 144 -8 84 330 -38 74 174 37 4 318 -8 84 126 22 69 234 22 9 84 -43 9 96 -38 89 144 27 59 72 12 69 72 -33 89 126 22 69 18 32 44 234 27 24 144 7 79 78 17 69 72 
17 4 1 3 pack_2 0.936141 452 7 84 72 27 9 126 -8 79 318 -38 59 174 -23 74 330 17 39 174 -28 79 318 -23 29 336 -38 4 90 7 79 42 -13 74 336 7 64 210 -23 84 312 -28 79 96 27 19 72 -13 69 330 32 29 42 -23 74 78 -13 4 78 27 9 72 -18 59 144 -8 49 126 -8 29 126 -23 59 144 7 69 84 -8 14 42 -33 64 84 -8 19 42 -23 39 72 -13 59 330 -8 64 42 -23 29 72 27 49 72 -23 29 144 -23 49 72 -3 59 36 -23 24 72 2 49 36 -13 64 336 -8 54 330 -8 64 330 -18 64 72 17 4 90 -18 59 72 -28 64 78 -23 49 36 -13 34 144 -28 39 78 -13 -1 144 -28 -1 78 -28 4 78 -3 44 312 -18 39 72 -18 49 126 2 54 42 12 4 96 -3 29 312 -8 39 318 -8 39 330 -18 19 336 -18 14 72 -8 29 318 -3 19 318 -8 59 36 -3 69 42 -23 19 78 -3 9 318 -18 64 78 -8 9 330 -8 59 336 -8 64 336 -13 39 72 -13 29 72 -18 44 330 -8 4 72 -18 -6 78 -13 24 72 -28 34 84 -23 59 84 -13 -6 72 2 64 312 17 59 90 -18 29 78 -23 59 354 -23 19 336 -18 19 78 -28 19 84 -13 64 78 -8 49 144 -23 29 84 7 69 90 -28 9 84 -13 44 78 -3 34 330 2 64 318 -8 29 72 -3 54 210 -3 54 336 -8 -1 72 -3 59 96 -8 54 78 -8 -1 144 -13 19 78 2 34 126 7 49 96 -3 4 72 -3 44 210 -18 84 174 -18 19 84 -8 -6 78 7 29 18 -13 29 36 -8 44 78 -13 19 84 -3 64 96 -3 4 90 -3 49 90 -13 24 90 -8 39 78 7 49 18 2 14 318 -18 4 84 -28 19 90 -18 -1 84 -28 44 90 2 19 96 -13 14 96 7 4 96 7 39 96 -18 14 90 -8 4 84 7 14 96 -33 49 90 -28 49 90 -3 -1 96 7 54 90 -18 29 90 -8 29 90 -3 -6 96 -13 29 90 -8 14 84 -3 19 90 12 49 96 -28 -1 90 -3 14 90 -13 39 90 2 4 90 -18 9 90 -3 49 84 -13 9 90 -23 14 126 -8 64 90 -3 -6 90 -8 14 78 -18 29 234 -8 39 354 -23 49 336 -28 49 96 -13 24 354 -33 14 90 -8 -11 90 -28 59 96 -8 -6 90 -13 -6 84 -3 49 78 2 9 18 -3 54 72 -3 44 354 -3 14 84 -8 59 210 -3 9 336 -3 34 138 -23 4 96 2 24 90 -18 44 42 -23 54 336 7 64 18 12 54 90 -28 44 138 -3 39 72 12 49 90 -3 34 354 -3 14 78 -23 19 96 -3 24 78 7 54 312 -3 29 72 -33 64 96 7 4 42 -3 34 84 -23 -1 96 2 49 330 2 59 18 2 69 312 -28 19 138 2 9 84 -3 9 18 -3 34 18 7 54 42 -3 49 18 -33 44 174 -13 29 312 2 54 336 -38 59 96 2 29 84 2 34 72 2 9 78 -33 24 96 2 19 78 7 4 312 7 54 84 2 29 78 2 19 330 -3 59 18 -38 54 96 2 29 72 2 24 72 2 -1 78 27 39 210 2 9 354 -8 49 18 -3 19 144 -33 14 96 -38 34 96 -18 29 36 -28 34 330 -28 39 174 12 19 90 -3 -6 144 37 34 318 -18 39 318 7 9 354 7 59 78 -13 19 210 -38 4 96 -28 59 180 27 44 138 17 54 354 12 34 84 22 54 210 7 49 336 37 54 330 -18 59 318 -13 34 18 -13 44 18 -18 19 174 -38 4 180 -8 49 174 -33 34 144 12 24 312 -23 69 234 -13 19 174 7 4 72 -23 49 42 12 19 84 -3 49 180 7 29 336 27 9 210 12 49 78 -23 29 42 -18 34 18 27 39 354 -18 39 18 2 49 180 2 24 138 -18 9 180 -18 29 210 -13 -1 174 -18 49 210 -8 24 174 -3 44 174 17 4 354 -3 44 234 -18 64 210 12 19 36 -13 9 180 -18 19 210 2 4 144 -3 24 174 2 59 144 2 44 174 12 39 312 -3 9 180 -3 24 180 -33 19 126 12 44 318 12 49 180 2 39 174 -23 74 96 12 44 42 12 9 72 12 44 336 7 4 180 -23 49 18 -3 -1 180 2 29 174 2 29 180 2 14 174 12 59 336 22 29 312 22 24 312 17 19 78 12 49 330 17 9 78 12 9 42 -33 44 234 12 4 336 7 -11 174 17 34 72 7 24 174 12 4 330 12 29 330 12 9 330 17 49 210 7 19 174 22 14 78 -28 39 42 -28 59 18 -28 34 18 17 19 126 -28 24 18 -28 29 234 12 64 36 -28 44 42 17 9 72 -28 49 42 17 -1 72 2 9 234 17 59 210 2 4 234 12 19 174 7 4 138 -33 49 18 17 34 336 7 49 144 -23 54 312 22 69 36 -28 39 210 22 39 72 17 9 336 -43 49 42 -33 29 36 17 59 330 -28 24 210 -38 19 144 12 64 42 17 39 318 17 44 36 22 4 72 27 59 36 22 54 336 22 29 336 17 54 36 12 54 126 7 49 234 22 39 336 17 34 42 -33 34 330 17 14 312 17 4 36 17 24 42 7 14 234 7 4 234 32 39 42 17 4 318 22 -1 336 17 -1 318 27 59 42 17 4 312 -33 29 42 -23 84 336 -33 19 42 -28 19 318 12 44 138 -23 74 312 -28 84 126 12 64 234 -33 44 42 12 34 144 27 44 336 -38 29 330 12 29 144 22 4 330 32 29 336 27 29 138 -3 89 144 12 9 210 -13 89 138 17 29 126 12 14 210 12 39 234 12 34 234 -38 19 210 12 54 234 22 54 318 12 29 234 27 39 330 27 24 330 27 14 330 22 49 42 22 19 318 -38 29 42 -38 14 42 -38 34 42 22 34 36 -38 44 42 17 44 138 22 54 36 -33 39 312 22 -6 312 -43 29 210 22 9 36 17 -11 138 17 -6 138 22 -1 36 27 54 36 -33 54 318 17 29 234 22 64 36 27 34 318 27 54 318 27 -6 318 -43 14 42 -38 14 234 22 49 138 22 34 138 22 39 138 17 69 42 17 69 36 27 49 312 17 29 210 22 14 234 17 9 210 17 4 210 -38 49 318 7 84 180 27 14 42 7 89 210 -38 79 144 32 34 318 32 29 318 22 44 126 22 39 126 -18 84 180 32 39 312 32 14 312 22 29 210 -18 89 180 22 19 210 22 14 210 22 -1 210 2 84 144 
18 4 1 3 pack_2 0.959289 1296 32 -11 330 12 -96 330 17 -41 72 -28 -96 210 22 -6 78 22 -16 78 2 -36 96 12 -86 330 7 -41 96 17 -91 330 22 -41 72 12 -11 84 2 -81 336 17 -16 72 -23 -81 174 7 -91 144 -8 4 210 -18 -26 126 27 -81 318 -3 -76 144 2 -86 336 -8 -61 354 -8 -16 330 7 -76 318 12 -41 72 12 -86 144 7 -76 144 -8 -66 144 2 -91 138 12 -31 78 7 -81 138 -13 4 126 -23 -101 36 12 -31 84 22 -86 318 2 -11 180 7 -56 330 12 -86 312 -18 -86 180 17 -46 84 12 -36 84 -28 -106 42 -3 -61 144 -13 14 42 -23 -81 36 12 -76 312 -23 -96 36 -23 -16 144 -28 -71 174 12 -76 318 -23 -76 180 2 -46 96 27 -26 330 2 -56 144 -23 -91 180 22 -11 336 -8 -76 180 -28 -96 42 -28 -41 144 -3 -81 354 -23 -101 210 -13 -91 354 7 -21 84 -13 -1 36 12 -81 126 22 -26 144 -18 -16 138 2 -71 138 -23 -76 210 27 -41 42 -8 -86 354 -8 4 42 -13 4 36 27 -76 330 -13 -16 42 -23 -36 84 -38 -86 42 2 -56 330 -38 -71 210 17 -91 126 -38 -96 210 -3 4 36 -38 -76 42 -18 -66 174 -18 -46 126 -28 -26 96 -23 -101 18 7 -16 84 -38 -61 210 22 -36 78 -18 -31 84 -18 -21 84 -23 -36 90 -28 -26 90 2 -51 330 -8 -11 138 -23 -26 126 -23 -86 42 17 -21 144 2 -26 42 2 -11 174 -38 -76 36 -3 -16 126 -38 -106 234 7 -41 72 -13 -76 36 -18 -21 78 -38 -96 234 17 -81 72 17 -16 90 2 -41 84 -8 -11 144 -23 -41 84 7 -26 72 -38 -66 210 -33 -76 36 -8 -6 144 -13 -21 36 -3 -56 336 -28 -81 42 27 -26 36 -3 -31 90 -13 -86 18 -28 -31 96 12 -71 126 -13 -16 72 -18 -81 84 -18 -6 144 27 -36 36 27 -21 42 -8 -101 18 -38 -71 36 -28 -51 78 -13 -11 72 17 -11 336 -3 -61 354 -38 -71 42 -3 -76 18 -3 -21 138 -13 -81 78 7 -31 72 -13 -1 336 12 -21 354 17 -26 42 2 -1 336 -28 -81 96 2 -1 36 12 -41 96 -3 -6 336 -18 -41 84 7 -11 318 -23 -41 126 -33 -1 174 17 -86 354 -28 -11 174 -13 -6 354 -3 -86 18 -18 -86 18 7 -76 180 -13 -1 138 12 -66 330 -18 -86 72 7 -26 174 -8 -31 72 -38 9 210 27 -11 42 -38 -1 180 -33 -21 96 12 -16 18 -23 -21 96 22 -36 42 -3 -11 330 -23 -46 78 -38 -56 210 -43 -81 210 -3 -81 72 -3 -16 336 -28 -1 234 2 -11 36 -23 -21 78 -28 -71 42 -8 -16 72 17 -66 318 7 -86 84 2 -61 180 -18 -16 72 -33 -26 84 17 -26 138 27 -16 36 -28 -71 18 -23 -16 174 -18 -21 72 -8 -66 174 -13 -41 78 7 -56 126 17 -11 318 -33 -46 144 12 -66 138 22 -86 138 17 -86 42 -3 -86 78 -23 -41 78 -38 -26 96 17 -41 42 -28 -31 78 7 -66 312 -3 9 42 -33 -6 144 -23 -36 96 7 -1 330 -23 -31 72 -23 -21 72 22 -56 336 7 -81 42 2 -46 84 -33 -16 90 2 -16 84 -28 -51 180 -8 -26 78 2 -26 330 -8 -21 84 27 -91 336 17 -81 78 -13 -21 96 -38 -51 96 -18 4 36 7 -46 330 -3 -66 180 -38 -1 18 7 -61 144 -13 -46 78 2 -86 318 -18 -26 72 -8 -11 72 -18 -21 138 27 -51 36 22 -66 138 17 -61 144 -13 -76 84 -18 9 138 -43 -66 210 22 -71 126 -23 -26 72 2 -91 18 -38 -26 126 -8 -21 42 7 -56 180 12 -51 84 -18 -81 96 2 -56 18 12 -51 354 -3 -1 354 7 -26 318 17 -36 90 17 -41 90 22 -66 318 -8 -31 90 -23 -46 174 -18 -11 174 22 -56 72 -13 -76 78 22 -81 144 7 -76 84 17 -21 174 -38 -31 144 2 -21 78 -33 -96 18 7 -51 126 -48 -16 126 -3 -31 72 -8 -81 138 12 -6 36 -43 -31 138 17 -11 174 -3 -36 84 27 -31 318 -23 9 18 -43 -6 42 -43 4 210 -3 -16 72 -28 -16 72 22 -56 78 17 -16 174 -38 -81 126 2 -26 336 -28 9 144 -3 -11 90 7 -51 90 -3 -21 144 -13 -81 90 -8 -81 330 17 -16 18 -13 -21 336 -43 -106 234 -23 -51 138 -33 -21 138 12 -26 138 -33 -66 174 -33 -1 144 -43 -11 210 -38 -26 138 -18 -81 126 -13 -31 90 2 -81 90 -48 -16 210 -43 -46 144 -23 4 210 -18 -66 210 -28 -6 72 -8 -91 330 2 -11 354 -38 -6 42 27 -16 138 12 -56 90 22 -81 72 7 -51 336 -13 -11 174 -38 -1 96 -8 -81 84 12 -81 72 -18 -61 18 7 -51 180 17 -51 354 22 -66 126 12 -56 144 27 -31 72 2 -51 96 17 -6 96 17 -56 90 12 -61 144 32 -31 312 -8 -51 84 27 -61 318 12 -91 174 -3 -81 96 -28 -1 72 -3 -26 330 -43 -96 126 32 -66 318 32 -46 42 -33 -16 78 -18 -36 180 -38 -56 42 -23 -41 180 -3 -36 78 -33 14 36 -13 -71 78 -33 -46 126 22 -31 336 -33 -26 126 -33 -91 144 22 -51 330 12 -26 336 -18 -21 36 12 -31 138 -48 -16 138 2 -61 354 17 -26 318 2 -51 72 12 -16 330 27 -41 72 32 -61 318 32 -6 42 -33 -101 144 -23 -26 180 -28 -86 126 -38 -16 126 7 -66 72 12 -71 84 -28 -86 78 17 -71 78 -3 -81 78 -8 -26 126 32 -31 42 7 -36 138 7 -36 144 2 -16 78 17 -21 18 7 -51 42 17 -56 138 -18 -71 96 12 -51 42 -3 -11 72 -33 -96 144 -33 -6 78 -33 -91 138 27 -81 42 -28 -76 90 -33 -41 126 -33 -96 138 17 -11 36 22 -76 72 -28 -6 42 22 -81 354 7 -51 84 -13 -66 78 -48 -1 210 -13 -16 174 2 -61 72 -28 -51 72 27 -56 36 27 -21 126 -8 -76 84 -43 -81 42 -13 -61 78 -23 -16 42 -43 -1 126 7 -76 42 32 -41 36 -18 -71 78 -8 -51 90 -43 -6 138 2 -51 84 -38 -61 234 -13 -21 180 2 -41 138 27 -51 336 2 -71 72 17 -46 336 32 -26 36 27 -76 42 22 -51 18 22 -31 138 -23 -86 72 32 -56 318 -3 -66 96 -33 -21 72 -8 -56 78 -3 -61 84 -38 -86 180 -48 4 210 -3 -6 318 7 -66 84 -13 -81 96 2 -31 336 27 -51 318 17 -51 138 -3 -51 174 17 -61 42 -28 -101 138 7 -81 72 -33 -61 174 37 -16 330 27 -6 78 2 -11 72 22 -16 18 -13 4 18 7 -71 72 -33 -21 234 32 -56 312 -43 -16 180 2 -36 354 27 -11 78 12 -36 144 -18 -61 36 -28 -46 18 -33 -46 78 12 -46 138 -38 -91 180 12 -31 354 7 -41 144 7 -76 72 -3 -41 180 37 -26 312 -43 -106 42 -23 -51 96 -28 -56 72 -43 -81 144 -28 -51 96 27 -26 354 -33 -81 144 22 -46 318 -33 -36 126 -3 4 318 12 -31 312 -23 -61 90 12 -61 180 -8 -46 180 -33 -46 210 -3 -101 126 -3 -56 90 27 -36 318 -28 -51 138 -8 -26 210 27 -66 42 -43 -21 234 -18 -56 84 -33 -16 126 -18 -46 42 -18 -56 36 7 -46 174 32 -96 330 2 -96 312 -13 -61 336 22 -91 78 12 -41 336 2 -56 84 -38 -81 138 -33 -21 42 -8 -46 18 2 -56 318 -23 -71 234 17 -61 72 -28 -56 84 7 -56 42 -18 -51 18 22 -81 18 2 -101 36 32 -51 312 -33 -66 138 27 -46 330 -18 -46 36 -43 -26 234 -8 -56 36 17 -21 180 32 -91 36 -18 -51 36 -8 -56 210 -38 -41 84 7 -26 18 7 -46 180 -3 -86 126 -28 -91 354 -8 -61 126 -38 -26 234 -8 -91 36 -33 -16 42 32 -86 36 -38 -66 138 12 -56 72 17 -101 18 -28 9 126 -13 -91 42 37 -16 336 -38 -51 144 32 -56 336 -43 -1 180 -28 -41 72 -23 -106 234 -23 -26 18 7 -56 78 -23 -66 126 12 -31 174 -33 -51 180 -38 -56 84 -23 -101 138 27 -66 126 -28 -21 36 17 -41 18 -48 -86 210 -28 -76 354 -23 -26 36 -8 -106 42 -3 -31 42 -28 -16 42 -23 -51 126 -38 -91 72 27 -26 18 12 -56 78 17 -91 90 17 -36 138 2 -61 96 17 -31 18 -13 -106 42 -48 -91 210 -28 -51 42 -13 -86 138 2 -101 234 -43 -6 174 22 -71 78 -38 -11 78 7 -61 210 -38 -76 72 12 -76 234 27 -101 72 7 -66 234 -3 -26 36 12 -56 18 -38 -76 138 -38 -21 72 -23 -26 234 2 -61 312 -48 -106 234 -43 -36 90 -38 -1 72 27 -71 144 -33 -41 36 -13 -1 330 2 -41 180 -33 -71 126 -38 -56 126 -18 -26 144 -48 -86 234 7 -61 42 -23 -96 234 -43 9 138 2 -31 36 12 -86 234 7 -71 234 27 -31 126 -38 -1 78 -48 -101 210 -28 -76 144 7 -51 18 -28 -106 312 -8 -51 36 -18 -31 354 -33 -16 354 -48 -66 210 17 -66 210 -38 4 78 -38 -96 72 27 -96 144 32 -66 42 -28 -36 36 -33 -61 78 -23 -91 144 -23 -96 144 12 -36 312 -33 -1 126 -28 -61 354 -18 -76 144 -8 -31 18 -38 -61 18 12 -46 174 27 -66 18 -28 -41 210 17 -81 234 -13 -71 126 27 -56 354 -43 -91 96 -3 -51 126 -28 -61 72 -38 -106 318 7 -71 36 -43 -86 72 7 -51 210 -28 -61 90 -23 -86 144 -38 -101 72 -53 -31 144 -18 -6 234 -23 -106 330 -28 -71 144 -38 -41 210 -18 4 234 32 -21 72 -33 -96 72 -18 14 234 -13 -21 330 -23 -66 138 12 -91 18 27 -106 78 -28 -36 42 -18 9 234 27 -76 72 -18 -91 336 -38 -76 96 12 -66 234 -13 -41 18 -3 -76 210 -13 -51 144 -33 -31 180 -33 -76 72 -13 -51 138 -33 -66 72 -8 -41 144 -3 -91 210 37 -56 318 -18 -41 354 37 -16 42 12 -46 180 2 -36 180 -18 -66 72 -53 -11 144 -38 -46 78 -13 -101 42 -33 -61 96 -38 -31 78 -48 -61 138 2 -56 312 -8 -51 330 32 -16 138 7 -41 234 2 -31 318 -28 -31 234 -13 -61 330 37 -46 36 -43 -71 72 -13 -71 234 -3 -86 36 -38 -91 78 32 -36 72 -13 -36 138 32 -56 72 -43 -21 174 -13 -46 138 -53 -11 210 22 -41 126 -38 -86 84 -38 -76 78 37 -41 36 -3 -96 36 7 -31 234 -38 -86 78 2 -36 234 -48 -76 138 -13 -46 234 22 -81 84 -28 -81 72 -28 -41 174 2 -31 234 -48 -61 234 -23 -31 354 42 -11 318 22 -91 234 27 -51 234 32 -51 18 2 -51 210 37 -36 318 42 -21 318 -38 -51 72 -18 -56 234 42 -106 18 52 -111 354 32 -101 210 52 -111 210 -33 -61 312 37 -106 234 -43 -66 72 -38 -71 96 -33 -66 90 22 -26 174 -23 -71 72 27 -71 210 -3 -56 318 -23 -56 126 27 -56 84 -38 -56 312 27 -41 234 -13 -86 234 -8 -36 144 42 -106 330 -18 -101 330 7 -36 312 -48 -106 36 -28 -36 18 47 -111 78 32 -76 18 37 -66 42 37 -101 18 -3 -36 18 -43 -26 180 27 -61 84 -3 -36 330 -18 -36 210 27 -91 210 -28 -66 72 -43 -76 78 27 -46 126 -43 14 138 -43 -81 78 22 -66 96 37 -51 330 -38 -106 354 -8 -11 318 52 -111 42 -43 -26 72 37 -101 234 -48 -26 42 32 -91 354 -48 -6 96 42 -101 42 47 -106 210 -38 -31 180 -13 -41 210 -43 -86 78 42 -106 138 27 -46 210 -13 -41 234 42 -106 144 32 -16 78 32 -71 126 52 -111 72 -43 -31 84 -48 -81 36 -33 -81 354 27 -46 138 -8 -36 336 -43 -46 234 22 -71 90 37 -101 96 27 -76 78 -18 -66 330 -53 -111 90 57 -111 138 57 -111 234 -43 -101 78 42 -96 330 -53 -81 126 -18 -31 42 37 -101 72 -43 -61 84 32 -81 138 32 -56 234 47 -106 330 -43 -46 174 -38 -36 174 -48 -106 78 42 -101 126 -33 -41 174 -48 -31 234 32 -51 234 -43 -51 174 22 -66 174 37 -46 330 42 -101 180 17 -26 210 42 -101 174 22 -46 96 2 -26 210 -53 14 126 -8 -56 312 -13 -56 312 32 -96 174 47 -106 336 -13 -41 144 -28 -66 312 42 -101 72 -18 -76 330 -3 -66 42 22 -76 174 -13 -41 336 2 -21 234 42 -96 354 47 -106 72 32 -26 78 2 -41 210 -53 -81 210 -43 -76 96 32 -66 210 -23 -76 312 -48 -46 90 -48 -56 90 -53 -91 234 -43 -81 84 42 -96 234 -43 -61 312 -53 -71 234 32 -86 210 -48 -51 234 47 -101 336 22 -46 174 42 -91 330 22 -31 174 -43 -66 96 37 -96 72 42 -16 336 52 -106 234 22 -26 210 42 -96 78 47 -101 144 -43 -56 78 52 -101 42 42 -91 42 22 -71 180 47 -101 138 -28 -101 312 -43 -76 90 -48 -26 90 47 -101 72 32 -71 144 -28 -66 318 42 -91 36 -33 -51 312 -33 -91 312 47 -96 210 -53 -76 144 27 -26 234 47 -96 330 -53 -106 336 -43 -61 330 -43 -46 72 -18 -56 318 -23 -91 312 -53 -101 210 32 -76 144 52 -101 18 -33 -76 312 -13 -66 318 -3 -36 318 57 -106 42 -18 -66 312 27 -76 84 -38 -41 180 -48 -66 72 -38 -96 354 -38 -81 354 52 -106 72 42 -76 318 32 -91 84 -13 -61 318 -48 -86 96 -3 -31 210 42 -81 318 -38 -91 354 42 -51 318 -38 -71 330 47 -96 90 47 -96 72 42 -81 330 57 -106 18 42 -71 312 -43 -51 312 -18 -46 330 42 -66 312 37 -91 96 27 -41 138 52 -101 144 -43 -51 318 32 -51 144 -28 -101 336 42 -91 90 47 -91 210 52 -96 210 27 -71 96 57 -81 42 47 -86 42 52 -101 78 -23 -61 318 37 -51 18 42 -91 126 -43 -1 78 -8 -46 318 37 -6 18 57 -81 36 57 -76 354 -43 4 78 -33 -56 336 32 -71 78 27 -61 96 42 -76 42 42 -86 354 37 -81 354 47 -81 42 -8 -21 234 -33 -96 318 -48 -86 90 57 -86 18 52 -86 18 57 -91 318 52 -96 78 37 -11 354 7 -11 234 52 -91 330 -48 -76 174 -48 -76 84 52 -96 144 52 -76 354 -28 -56 330 -43 -86 354 -43 -31 36 -33 -101 330 42 -11 42 22 -16 210 57 -96 234 -53 -81 180 47 -91 174 27 -71 174 -43 -51 330 57 -71 42 57 -71 330 27 -56 96 37 -1 72 -48 -91 84 47 -76 354 47 -76 312 -23 -41 336 57 -86 96 47 -76 18 47 -76 330 57 -76 78 27 -21 210 -38 -46 312 42 -61 42 47 -81 234 -48 -76 354 -13 -1 234 52 -81 96 -43 -91 354 57 -76 96 57 -91 96 57 -81 72 57 -91 72 57 -71 234 57 -56 330 57 -96 336 57 -61 18 47 -66 318 57 -106 144 52 -71 234 52 -91 84 57 -91 174 -28 -76 336 57 -51 42 47 -86 72 57 -101 144 37 -61 210 52 -91 144 47 -76 210 37 -56 354 -38 -31 18 52 -76 78 42 -56 36 57 -81 174 47 -71 42 57 -86 174 -13 -36 210 47 -66 42 22 -11 210 37 -81 72 57 -61 330 47 -71 330 -23 -96 330 42 -46 42 -38 -51 336 47 -71 18 57 -56 234 -13 -81 312 47 -61 36 32 -76 90 47 -51 318 37 -51 354 57 -46 36 42 -81 78 -48 -71 336 57 -76 174 57 -71 96 32 -41 138 47 -56 312 -48 -71 330 57 -46 234 -18 -46 312 7 -21 210 52 -76 72 42 -66 354 -48 -96 84 32 -1 234 47 -76 78 52 -61 354 -43 -81 336 -53 -76 78 -53 -81 90 -53 -66 180 -53 -86 84 27 -11 174 47 -46 42 47 -66 18 -53 -56 96 -53 9 36 42 -46 18 42 -61 18 42 -51 18 -28 -51 318 37 -76 180 57 -61 72 52 -41 312 52 -41 330 47 -41 312 57 -36 312 47 -76 72 -48 -56 336 47 -61 336 -33 -51 336 52 -36 318 -33 -31 354 57 -56 72 -33 -96 330 37 -76 144 42 -51 234 52 -31 318 57 -56 78 47 -81 126 47 -81 138 -43 -51 354 37 -36 234 -3 -1 234 27 -46 180 37 -66 180 42 -76 144 52 -61 72 42 -46 210 -48 -91 330 47 -76 180 37 -1 234 42 -71 84 52 -61 78 42 -76 126 37 -11 210 -53 -96 96 57 -51 180 52 -66 96 37 -66 84 47 -41 354 42 -76 96 52 -46 210 42 -71 144 -48 -46 72 -28 -51 330 52 -66 84 52 -56 78 47 -6 36 37 -31 210 37 -71 174 -48 -51 78 47 -61 78 47 -41 336 52 -31 36 -23 -36 336 47 -66 78 57 -21 36 -8 -36 312 42 -71 174 47 -11 42 42 -71 126 -53 -61 318 47 -36 18 47 -16 42 42 -66 72 -23 -21 336 52 -61 138 52 -61 84 52 -31 234 37 -56 138 -33 -96 336 47 -56 78 42 -36 234 37 -61 126 52 -31 18 52 -46 78 47 -66 90 52 -16 42 -53 -101 354 47 -31 354 -53 -56 336 52 -61 180 57 -41 84 32 -1 180 52 -61 144 42 -31 234 57 -46 144 57 -26 72 -43 -86 330 52 -11 42 52 -26 312 42 -61 72 -53 -46 96 57 -26 18 52 -26 336 -48 -91 312 57 -21 330 -53 -56 84 -53 -101 72 52 -31 72 42 -1 354 -53 -86 42 -48 -66 18 57 -16 336 -53 -81 18 -18 9 330 42 -56 78 52 -16 318 57 -16 354 52 -21 336 32 -11 84 37 -56 96 -28 -36 312 47 -51 72 52 -21 330 52 -56 180 42 -56 84 27 -21 180 32 -36 180 -48 -46 78 52 -6 36 42 -21 354 -38 -46 336 42 -11 354 37 -51 72 57 -31 84 -18 -86 312 52 -36 72 57 -11 72 37 -51 174 57 -31 96 47 -16 318 52 -1 42 47 -51 180 -53 -36 318 52 -46 174 -38 -36 72 57 -11 318 47 -21 312 42 -1 84 -33 -46 336 -33 -41 336 47 -26 72 42 -51 180 52 -16 72 37 -46 138 -48 -26 78 52 -6 312 57 -26 90 32 -46 90 -48 4 72 42 -11 72 -53 -46 90 42 -41 78 57 -11 330 -38 -86 318 42 -26 72 42 -56 174 -43 -46 330 52 -6 336 47 -36 84 -48 -46 84 -53 -31 96 47 -16 72 52 -1 78 37 -36 180 52 -1 72 47 -21 72 -53 -46 312 32 -36 174 42 -6 180 37 -11 126 -33 -36 318 52 -1 234 52 -16 78 32 -11 174 47 -31 84 -38 -96 330 37 -21 180 -43 -16 354 52 -31 174 37 -16 138 47 -31 90 37 -36 78 42 -41 96 -48 -36 72 -53 -26 336 42 -16 78 -48 -26 354 42 -41 90 42 -11 84 47 -6 96 42 -11 174 57 -6 330 42 -26 144 -48 -11 78 47 -6 144 37 -36 138 -53 -31 312 37 -21 90 37 -21 84 -53 -16 330 -38 9 354 52 -1 84 52 -21 126 52 -11 180 47 -26 144 52 -16 126 32 -21 96 52 -6 126 47 -11 126 52 -6 174 47 -16 174 -53 -31 78 -53 -71 126 -48 -16 336 42 -21 138 -48 -11 354 -53 -11 180 57 -6 126 -53 -21 78 -13 -31 312 -53 -11 330 -48 -41 18 -23 -26 336 -53 -36 234 -53 -6 174 -38 -36 318 -48 -31 36 -43 -36 330 -53 -41 210 -48 -36 18 
19 4 1 3 pack_2 0.473684 15 -53 -6 78 -48 -21 330 -53 -31 42 -53 9 96 -18 -26 312 -13 -31 318 -48 4 354 -38 -31 318 -48 -1 84 -53 -6 18 -23 -26 318 -48 -26 312 -48 4 330 -28 -21 318 -48 -11 318 
20 4 1 3 pack_2 0.0495868 1 7 84 174 
21 4 1 3 pack_2 0.950495 16 12 94 138 -48 74 312 -3 104 336 -8 104 144 -8 104 126 -3 109 78 2 109 78 -18 104 174 -3 104 72 -53 64 180 -8 104 84 12 99 174 12 99 180 -48 59 90 -23 104 330 7 94 318 
22 4 1 3 pack_2 0.545455 9 -13 99 180 -8 69 72 2 94 336 -13 69 72 -48 -46 42 -38 69 90 -33 69 84 7 69 96 -28 64 234 
23 4 1 3 pack_2 1 5 -23 94 312 17 94 42 7 94 354 2 89 234 -38 84 210 
24 4 1 3 pack_2 0.972973 30 -3 84 180 7 84 312 12 84 318 -13 79 336 12 69 144 -38 74 180 -28 69 138 22 69 330 -33 69 144 -18 64 312 -33 64 312 -23 64 318 -33 64 318 -28 64 318 -38 59 318 -43 59 42 -48 49 318 -8 39 312 -8 34 312 -13 24 126 -23 24 126 -38 24 312 -33 24 126 -43 24 126 -18 24 318 -23 19 138 -28 19 144 -38 14 330 -43 -36 42 -43 -36 36 
25 4 1 3 pack_2 0.130435 1 -23 -16 318 
26 4 1 3 pack_2 0.971098 28 27 114 18 22 114 72 37 114 144 32 99 312 32 109 144 -3 109 234 -8 109 234 27 114 312 32 114 336 22 114 138 17 114 138 17 114 180 17 114 330 22 109 312 -13 109 210 -8 109 210 -28 114 318 27 104 336 37 99 210 -13 114 126 -3 114 126 -13 114 336 -13 114 318 -8 109 138 -13 109 336 7 104 318 2 104 144 -53 74 18 
27 4 1 3 pack_2 0.5 5 -53 79 312 -48 74 336 -48 69 330 -53 69 336 -48 69 336 
28 4 1 3 pack_2 0.183673 3 -8 114 144 -43 -11 336 -23 99 210 
29 4 1 3 pack_2 0.0350877 1 -28 -21 336 
30 4 1 3 pack_2 0.84375 9 -13 69 42 7 69 18 -13 64 210 2 69 18 12 64 174 -8 69 210 7 69 174 27 64 330 32 59 330 
31 4 1 3 pack_2 0.0789474 3 -48 -111 336 -48 -111 318 17 64 174 
32 4 1 3 pack_2 0.0135713 9 -28 84 42 -18 94 42 -18 94 36 -13 99 42 -33 4 336 -43 4 336 -28 84 36 -33 -21 336 -8 99 234 
33 4 1 3 pack_2 0.545455 3 17 104 42 -23 84 36 -28 89 210 
34 4 1 3 pack_2 0.545455 2 -28 14 336 12 99 36 
35 4 1 3 pack_2 0.957983 19 2 99 234 -13 99 312 -18 99 330 -13 99 354 -23 99 336 17 99 18 -13 94 18 -13 99 336 -8 94 18 -28 74 42 -28 99 336 -8 94 42 7 99 36 -43 69 42 -48 29 312 -28 84 354 -33 74 36 -48 4 312 -48 4 318 
36 4 1 3 pack_2 0.0983607 1 -8 79 36 
37 4 1 3 pack_2 0.545455 1 -18 79 210 
38 4 1 3 pack_2 0.929577 11 -38 64 312 2 94 42 22 89 354 2 89 36 -8 89 234 -38 14 312 17 89 18 -48 44 126 -48 54 138 22 74 330 17 94 36 
39 4 1 3 pack_2 0.375 2 -33 59 234 -8 79 18 
40 4 1 3 pack_2 1 11 -43 19 312 -38 -11 330 -48 29 144 -43 64 210 -38 -1 330 -48 44 144 -48 49 144 -48 34 144 -48 59 138 -38 9 330 -43 4 312 
41 4 1 3 pack_2 0.939759 13 -23 94 336 -3 89 210 12 84 336 -53 44 138 -28 89 354 -53 49 138 -3 89 18 -53 54 144 7 69 336 -28 94 336 12 84 330 -23 89 336 -18 89 210 
42 4 1 3 pack_2 1 2 2 74 18 -13 74 42 
43 4 1 3 pack_2 1 4 12 84 354 -33 64 42 -33 79 210 -3 79 18 
44 4 1 3 pack_2 1 10 -3 94 330 -13 94 318 -8 94 354 7 94 18 -3 89 336 17 89 336 7 89 42 12 89 18 -13 89 18 7 89 18 
45 4 1 3 pack_2 1 1 -3 84 36 
46 4 1 3 pack_2 1 5 -13 79 354 -8 74 354 -23 74 174 -23 74 42 -28 74 36 
47 4 1 3 pack_2 0.976077 34 12 69 336 2 79 174 17 74 336 7 79 354 -8 84 354 -13 64 126 -8 24 312 -28 24 138 -13 69 354 -3 84 210 -18 64 36 -33 59 144 -18 19 318 -33 29 144 -33 59 138 -33 24 138 -23 64 42 -28 74 180 12 69 330 -23 9 318 -23 84 18 -38 49 138 -38 39 138 -38 64 138 -43 44 126 -33 79 180 -43 24 138 -43 49 144 -33 14 312 -33 -11 312 -33 4 312 -33 -6 312 -33 -1 312 -18 84 18 
48 4 1 3 pack_2 1 1 12 79 18 
49 4 1 3 pack_2 0.0983607 1 -33 -21 330 
