10 42 4
0 0 -1 52 2 18 -1 -1 -1 -1 -1 2 1300 
1 1 0 0 0 0 0 0 0 0 0 0 0 
2 1 -1 204 2 37 -1 -1 -1 -1 -1 1 414 
3 2 0 0 0 0 0 0 0 0 0 0 0 
4 2 0 0 0 0 0 0 0 0 0 0 0 
5 2 -1 192 2 18 -1 -1 -1 -1 -1 2 2418 
6 2 -1 174 2 32 -1 -1 -1 -1 -1 3 75 
7 3 0 0 0 0 0 0 0 0 0 0 0 
8 3 0 0 0 0 0 0 0 0 0 0 0 
9 3 0 0 0 0 0 0 0 0 0 0 0 
10 3 0 0 0 0 0 0 0 0 0 0 0 
11 3 -1 310 4 18 -1 -1 -1 -1 -1 2 6016 
12 3 -1 215 3 32 -1 -1 -1 -1 -1 2 -60 
13 3 33 0 0 0 0 0 0 0 0 0 0 
14 3 -1 168 0 19 -1 -1 -1 -1 -1 3 -28 
15 4 0 0 0 0 0 0 0 0 0 0 0 
16 4 0 0 0 0 0 0 0 0 0 0 0 
17 4 0 0 0 0 0 0 0 0 0 0 0 
18 4 0 0 0 0 0 0 0 0 0 0 0 
19 4 0 0 0 0 0 0 0 0 0 0 0 
20 4 0 0 0 0 0 0 0 0 0 0 0 
21 4 0 0 0 0 0 0 0 0 0 0 0 
22 4 0 0 0 0 0 0 0 0 0 0 0 
23 4 -1 234 1 12 -1 -1 -1 -1 -1 2 59 
24 4 -1 349 4 10 -1 -1 -1 -1 -1 3 4330 
25 4 21 0 0 0 0 0 0 0 0 0 0 
26 4 -1 122 2 26 -1 -1 -1 -1 -1 3 428 
27 4 0 0 0 0 0 0 0 0 0 0 0 
28 4 0 0 0 0 0 0 0 0 0 0 0 
29 4 34 0 0 0 0 0 0 0 0 0 0 
30 4 -1 158 4 12 -1 -1 -1 -1 -1 1 3943 
31 5 0 0 0 0 0 0 0 0 0 0 0 
32 5 0 0 0 0 0 0 0 0 0 0 0 
33 5 0 0 0 0 0 0 0 0 0 0 0 
34 5 0 0 0 0 0 0 0 0 0 0 0 
35 5 0 0 0 0 0 0 0 0 0 0 0 
36 5 0 0 0 0 0 0 0 0 0 0 0 
37 5 0 0 0 0 0 0 0 0 0 0 0 
38 5 0 0 0 0 0 0 0 0 0 0 0 
39 5 0 0 0 0 0 0 0 0 0 0 0 
40 5 0 0 0 0 0 0 0 0 0 0 0 
41 5 0 0 0 0 0 0 0 0 0 0 0 
42 5 0 0 0 0 0 0 0 0 0 0 0 
43 5 0 0 0 0 0 0 0 0 0 0 0 
44 5 0 0 0 0 0 0 0 0 0 0 0 
45 5 0 0 0 0 0 0 0 0 0 0 0 
46 5 0 0 0 0 0 0 0 0 0 0 0 
47 5 1 0 0 0 0 0 0 0 0 0 0 
48 5 -1 284 2 18 -1 -1 -1 -1 -1 0 2106 
49 5 -1 227 4 32 -1 -1 -1 -1 -1 0 7772 
50 5 -1 302 2 25 -1 -1 -1 -1 -1 3 139 
51 5 0 0 0 0 0 0 0 0 0 0 0 
52 5 0 0 0 0 0 0 0 0 0 0 0 
53 5 -1 198 3 35 -1 -1 -1 -1 -1 2 49 
54 5 32 0 0 0 0 0 0 0 0 0 0 
55 5 0 0 0 0 0 0 0 0 0 0 0 
56 5 0 0 0 0 0 0 0 0 0 0 0 
57 5 0 0 0 0 0 0 0 0 0 0 0 
58 5 0 0 0 0 0 0 0 0 0 0 0 
59 5 0 0 0 0 0 0 0 0 0 0 0 
60 5 0 0 0 0 0 0 0 0 0 0 0 
61 5 35 0 0 0 0 0 0 0 0 0 0 
62 5 -1 237 1 32 -1 -1 -1 -1 -1 0 -7 
63 6 0 0 0 0 0 0 0 0 0 0 0 
64 6 0 0 0 0 0 0 0 0 0 0 0 
65 6 0 0 0 0 0 0 0 0 0 0 0 
66 6 0 0 0 0 0 0 0 0 0 0 0 
67 6 0 0 0 0 0 0 0 0 0 0 0 
68 6 0 0 0 0 0 0 0 0 0 0 0 
69 6 0 0 0 0 0 0 0 0 0 0 0 
70 6 0 0 0 0 0 0 0 0 0 0 0 
71 6 0 0 0 0 0 0 0 0 0 0 0 
72 6 0 0 0 0 0 0 0 0 0 0 0 
73 6 0 0 0 0 0 0 0 0 0 0 0 
74 6 0 0 0 0 0 0 0 0 0 0 0 
75 6 0 0 0 0 0 0 0 0 0 0 0 
76 6 0 0 0 0 0 0 0 0 0 0 0 
77 6 0 0 0 0 0 0 0 0 0 0 0 
78 6 0 0 0 0 0 0 0 0 0 0 0 
79 6 0 0 0 0 0 0 0 0 0 0 0 
80 6 0 0 0 0 0 0 0 0 0 0 0 
81 6 0 0 0 0 0 0 0 0 0 0 0 
82 6 0 0 0 0 0 0 0 0 0 0 0 
83 6 0 0 0 0 0 0 0 0 0 0 0 
84 6 0 0 0 0 0 0 0 0 0 0 0 
85 6 0 0 0 0 0 0 0 0 0 0 0 
86 6 0 0 0 0 0 0 0 0 0 0 0 
87 6 0 0 0 0 0 0 0 0 0 0 0 
88 6 0 0 0 0 0 0 0 0 0 0 0 
89 6 0 0 0 0 0 0 0 0 0 0 0 
90 6 0 0 0 0 0 0 0 0 0 0 0 
91 6 0 0 0 0 0 0 0 0 0 0 0 
92 6 0 0 0 0 0 0 0 0 0 0 0 
93 6 0 0 0 0 0 0 0 0 0 0 0 
94 6 0 0 0 0 0 0 0 0 0 0 0 
95 6 0 0 0 0 0 0 0 0 0 0 0 
96 6 0 0 0 0 0 0 0 0 0 0 0 
97 6 2 0 0 0 0 0 0 0 0 0 0 
98 6 3 0 0 0 0 0 0 0 0 0 0 
99 6 -1 343 4 35 -1 -1 -1 -1 -1 1 6868 
100 6 14 0 0 0 0 0 0 0 0 0 0 
101 6 15 0 0 0 0 0 0 0 0 0 0 
102 6 -1 1 0 12 -1 -1 -1 -1 -1 2 -42 
103 6 0 0 0 0 0 0 0 0 0 0 0 
104 6 0 0 0 0 0 0 0 0 0 0 0 
105 6 0 0 0 0 0 0 0 0 0 0 0 
106 6 0 0 0 0 0 0 0 0 0 0 0 
107 6 -1 212 2 17 -1 -1 -1 -1 -1 0 3866 
108 6 31 0 0 0 0 0 0 0 0 0 0 
109 6 0 0 0 0 0 0 0 0 0 0 0 
110 6 0 0 0 0 0 0 0 0 0 0 0 
111 6 0 0 0 0 0 0 0 0 0 0 0 
112 6 0 0 0 0 0 0 0 0 0 0 0 
113 6 0 0 0 0 0 0 0 0 0 0 0 
114 6 0 0 0 0 0 0 0 0 0 0 0 
115 6 0 0 0 0 0 0 0 0 0 0 0 
116 6 0 0 0 0 0 0 0 0 0 0 0 
117 6 0 0 0 0 0 0 0 0 0 0 0 
118 6 0 0 0 0 0 0 0 0 0 0 0 
119 6 0 0 0 0 0 0 0 0 0 0 0 
120 6 0 0 0 0 0 0 0 0 0 0 0 
121 6 0 0 0 0 0 0 0 0 0 0 0 
122 6 0 0 0 0 0 0 0 0 0 0 0 
123 6 0 0 0 0 0 0 0 0 0 0 0 
124 6 0 0 0 0 0 0 0 0 0 0 0 
125 6 36 0 0 0 0 0 0 0 0 0 0 
126 6 -1 156 1 20 -1 -1 -1 -1 -1 1 -34 
127 7 0 0 0 0 0 0 0 0 0 0 0 
128 7 0 0 0 0 0 0 0 0 0 0 0 
129 7 0 0 0 0 0 0 0 0 0 0 0 
130 7 0 0 0 0 0 0 0 0 0 0 0 
131 7 0 0 0 0 0 0 0 0 0 0 0 
132 7 0 0 0 0 0 0 0 0 0 0 0 
133 7 0 0 0 0 0 0 0 0 0 0 0 
134 7 0 0 0 0 0 0 0 0 0 0 0 
135 7 0 0 0 0 0 0 0 0 0 0 0 
136 7 0 0 0 0 0 0 0 0 0 0 0 
137 7 0 0 0 0 0 0 0 0 0 0 0 
138 7 0 0 0 0 0 0 0 0 0 0 0 
139 7 0 0 0 0 0 0 0 0 0 0 0 
140 7 0 0 0 0 0 0 0 0 0 0 0 
141 7 0 0 0 0 0 0 0 0 0 0 0 
142 7 0 0 0 0 0 0 0 0 0 0 0 
143 7 0 0 0 0 0 0 0 0 0 0 0 
144 7 0 0 0 0 0 0 0 0 0 0 0 
145 7 0 0 0 0 0 0 0 0 0 0 0 
146 7 0 0 0 0 0 0 0 0 0 0 0 
147 7 0 0 0 0 0 0 0 0 0 0 0 
148 7 0 0 0 0 0 0 0 0 0 0 0 
149 7 0 0 0 0 0 0 0 0 0 0 0 
150 7 0 0 0 0 0 0 0 0 0 0 0 
151 7 0 0 0 0 0 0 0 0 0 0 0 
152 7 0 0 0 0 0 0 0 0 0 0 0 
153 7 0 0 0 0 0 0 0 0 0 0 0 
154 7 0 0 0 0 0 0 0 0 0 0 0 
155 7 0 0 0 0 0 0 0 0 0 0 0 
156 7 0 0 0 0 0 0 0 0 0 0 0 
157 7 0 0 0 0 0 0 0 0 0 0 0 
158 7 0 0 0 0 0 0 0 0 0 0 0 
159 7 0 0 0 0 0 0 0 0 0 0 0 
160 7 0 0 0 0 0 0 0 0 0 0 0 
161 7 0 0 0 0 0 0 0 0 0 0 0 
162 7 0 0 0 0 0 0 0 0 0 0 0 
163 7 0 0 0 0 0 0 0 0 0 0 0 
164 7 0 0 0 0 0 0 0 0 0 0 0 
165 7 0 0 0 0 0 0 0 0 0 0 0 
166 7 0 0 0 0 0 0 0 0 0 0 0 
167 7 0 0 0 0 0 0 0 0 0 0 0 
168 7 0 0 0 0 0 0 0 0 0 0 0 
169 7 0 0 0 0 0 0 0 0 0 0 0 
170 7 0 0 0 0 0 0 0 0 0 0 0 
171 7 0 0 0 0 0 0 0 0 0 0 0 
172 7 0 0 0 0 0 0 0 0 0 0 0 
173 7 0 0 0 0 0 0 0 0 0 0 0 
174 7 0 0 0 0 0 0 0 0 0 0 0 
175 7 0 0 0 0 0 0 0 0 0 0 0 
176 7 0 0 0 0 0 0 0 0 0 0 0 
177 7 0 0 0 0 0 0 0 0 0 0 0 
178 7 0 0 0 0 0 0 0 0 0 0 0 
179 7 0 0 0 0 0 0 0 0 0 0 0 
180 7 0 0 0 0 0 0 0 0 0 0 0 
181 7 0 0 0 0 0 0 0 0 0 0 0 
182 7 0 0 0 0 0 0 0 0 0 0 0 
183 7 0 0 0 0 0 0 0 0 0 0 0 
184 7 0 0 0 0 0 0 0 0 0 0 0 
185 7 0 0 0 0 0 0 0 0 0 0 0 
186 7 0 0 0 0 0 0 0 0 0 0 0 
187 7 0 0 0 0 0 0 0 0 0 0 0 
188 7 0 0 0 0 0 0 0 0 0 0 0 
189 7 0 0 0 0 0 0 0 0 0 0 0 
190 7 0 0 0 0 0 0 0 0 0 0 0 
191 7 0 0 0 0 0 0 0 0 0 0 0 
192 7 0 0 0 0 0 0 0 0 0 0 0 
193 7 0 0 0 0 0 0 0 0 0 0 0 
194 7 0 0 0 0 0 0 0 0 0 0 0 
195 7 0 0 0 0 0 0 0 0 0 0 0 
196 7 0 0 0 0 0 0 0 0 0 0 0 
197 7 0 0 0 0 0 0 0 0 0 0 0 
198 7 0 0 0 0 0 0 0 0 0 0 0 
199 7 -1 153 4 19 -1 -1 -1 -1 -1 1 6227 
200 7 -1 117 4 19 -1 -1 -1 -1 -1 2 12147 
201 7 0 0 0 0 0 0 0 0 0 0 0 
202 7 0 0 0 0 0 0 0 0 0 0 0 
203 7 0 0 0 0 0 0 0 0 0 0 0 
204 7 0 0 0 0 0 0 0 0 0 0 0 
205 7 16 0 0 0 0 0 0 0 0 0 0 
206 7 -1 241 1 35 -1 -1 -1 -1 -1 0 -6 
207 7 0 0 0 0 0 0 0 0 0 0 0 
208 7 0 0 0 0 0 0 0 0 0 0 0 
209 7 0 0 0 0 0 0 0 0 0 0 0 
210 7 0 0 0 0 0 0 0 0 0 0 0 
211 7 0 0 0 0 0 0 0 0 0 0 0 
212 7 0 0 0 0 0 0 0 0 0 0 0 
213 7 0 0 0 0 0 0 0 0 0 0 0 
214 7 0 0 0 0 0 0 0 0 0 0 0 
215 7 -1 34 1 11 -1 -1 -1 -1 -1 2 -8 
216 7 -1 39 3 12 -1 -1 -1 -1 -1 3 -1 
217 7 0 0 0 0 0 0 0 0 0 0 0 
218 7 0 0 0 0 0 0 0 0 0 0 0 
219 7 0 0 0 0 0 0 0 0 0 0 0 
220 7 0 0 0 0 0 0 0 0 0 0 0 
221 7 0 0 0 0 0 0 0 0 0 0 0 
222 7 0 0 0 0 0 0 0 0 0 0 0 
223 7 0 0 0 0 0 0 0 0 0 0 0 
224 7 0 0 0 0 0 0 0 0 0 0 0 
225 7 0 0 0 0 0 0 0 0 0 0 0 
226 7 0 0 0 0 0 0 0 0 0 0 0 
227 7 0 0 0 0 0 0 0 0 0 0 0 
228 7 0 0 0 0 0 0 0 0 0 0 0 
229 7 0 0 0 0 0 0 0 0 0 0 0 
230 7 0 0 0 0 0 0 0 0 0 0 0 
231 7 0 0 0 0 0 0 0 0 0 0 0 
232 7 0 0 0 0 0 0 0 0 0 0 0 
233 7 0 0 0 0 0 0 0 0 0 0 0 
234 7 0 0 0 0 0 0 0 0 0 0 0 
235 7 0 0 0 0 0 0 0 0 0 0 0 
236 7 0 0 0 0 0 0 0 0 0 0 0 
237 7 0 0 0 0 0 0 0 0 0 0 0 
238 7 0 0 0 0 0 0 0 0 0 0 0 
239 7 0 0 0 0 0 0 0 0 0 0 0 
240 7 0 0 0 0 0 0 0 0 0 0 0 
241 7 0 0 0 0 0 0 0 0 0 0 0 
242 7 0 0 0 0 0 0 0 0 0 0 0 
243 7 0 0 0 0 0 0 0 0 0 0 0 
244 7 0 0 0 0 0 0 0 0 0 0 0 
245 7 0 0 0 0 0 0 0 0 0 0 0 
246 7 0 0 0 0 0 0 0 0 0 0 0 
247 7 0 0 0 0 0 0 0 0 0 0 0 
248 7 0 0 0 0 0 0 0 0 0 0 0 
249 7 0 0 0 0 0 0 0 0 0 0 0 
250 7 0 0 0 0 0 0 0 0 0 0 0 
251 7 0 0 0 0 0 0 0 0 0 0 0 
252 7 0 0 0 0 0 0 0 0 0 0 0 
253 7 -1 42 4 17 -1 -1 -1 -1 -1 3 1069 
254 7 41 0 0 0 0 0 0 0 0 0 0 
255 8 0 0 0 0 0 0 0 0 0 0 0 
256 8 0 0 0 0 0 0 0 0 0 0 0 
257 8 0 0 0 0 0 0 0 0 0 0 0 
258 8 0 0 0 0 0 0 0 0 0 0 0 
259 8 0 0 0 0 0 0 0 0 0 0 0 
260 8 0 0 0 0 0 0 0 0 0 0 0 
261 8 0 0 0 0 0 0 0 0 0 0 0 
262 8 0 0 0 0 0 0 0 0 0 0 0 
263 8 0 0 0 0 0 0 0 0 0 0 0 
264 8 0 0 0 0 0 0 0 0 0 0 0 
265 8 0 0 0 0 0 0 0 0 0 0 0 
266 8 0 0 0 0 0 0 0 0 0 0 0 
267 8 0 0 0 0 0 0 0 0 0 0 0 
268 8 0 0 0 0 0 0 0 0 0 0 0 
269 8 0 0 0 0 0 0 0 0 0 0 0 
270 8 0 0 0 0 0 0 0 0 0 0 0 
271 8 0 0 0 0 0 0 0 0 0 0 0 
272 8 0 0 0 0 0 0 0 0 0 0 0 
273 8 0 0 0 0 0 0 0 0 0 0 0 
274 8 0 0 0 0 0 0 0 0 0 0 0 
275 8 0 0 0 0 0 0 0 0 0 0 0 
276 8 0 0 0 0 0 0 0 0 0 0 0 
277 8 0 0 0 0 0 0 0 0 0 0 0 
278 8 0 0 0 0 0 0 0 0 0 0 0 
279 8 0 0 0 0 0 0 0 0 0 0 0 
280 8 0 0 0 0 0 0 0 0 0 0 0 
281 8 0 0 0 0 0 0 0 0 0 0 0 
282 8 0 0 0 0 0 0 0 0 0 0 0 
283 8 0 0 0 0 0 0 0 0 0 0 0 
284 8 0 0 0 0 0 0 0 0 0 0 0 
285 8 0 0 0 0 0 0 0 0 0 0 0 
286 8 0 0 0 0 0 0 0 0 0 0 0 
287 8 0 0 0 0 0 0 0 0 0 0 0 
288 8 0 0 0 0 0 0 0 0 0 0 0 
289 8 0 0 0 0 0 0 0 0 0 0 0 
290 8 0 0 0 0 0 0 0 0 0 0 0 
291 8 0 0 0 0 0 0 0 0 0 0 0 
292 8 0 0 0 0 0 0 0 0 0 0 0 
293 8 0 0 0 0 0 0 0 0 0 0 0 
294 8 0 0 0 0 0 0 0 0 0 0 0 
295 8 0 0 0 0 0 0 0 0 0 0 0 
296 8 0 0 0 0 0 0 0 0 0 0 0 
297 8 0 0 0 0 0 0 0 0 0 0 0 
298 8 0 0 0 0 0 0 0 0 0 0 0 
299 8 0 0 0 0 0 0 0 0 0 0 0 
300 8 0 0 0 0 0 0 0 0 0 0 0 
301 8 0 0 0 0 0 0 0 0 0 0 0 
302 8 0 0 0 0 0 0 0 0 0 0 0 
303 8 0 0 0 0 0 0 0 0 0 0 0 
304 8 0 0 0 0 0 0 0 0 0 0 0 
305 8 0 0 0 0 0 0 0 0 0 0 0 
306 8 0 0 0 0 0 0 0 0 0 0 0 
307 8 0 0 0 0 0 0 0 0 0 0 0 
308 8 0 0 0 0 0 0 0 0 0 0 0 
309 8 0 0 0 0 0 0 0 0 0 0 0 
310 8 0 0 0 0 0 0 0 0 0 0 0 
311 8 0 0 0 0 0 0 0 0 0 0 0 
312 8 0 0 0 0 0 0 0 0 0 0 0 
313 8 0 0 0 0 0 0 0 0 0 0 0 
314 8 0 0 0 0 0 0 0 0 0 0 0 
315 8 0 0 0 0 0 0 0 0 0 0 0 
316 8 0 0 0 0 0 0 0 0 0 0 0 
317 8 0 0 0 0 0 0 0 0 0 0 0 
318 8 0 0 0 0 0 0 0 0 0 0 0 
319 8 0 0 0 0 0 0 0 0 0 0 0 
320 8 0 0 0 0 0 0 0 0 0 0 0 
321 8 0 0 0 0 0 0 0 0 0 0 0 
322 8 0 0 0 0 0 0 0 0 0 0 0 
323 8 0 0 0 0 0 0 0 0 0 0 0 
324 8 0 0 0 0 0 0 0 0 0 0 0 
325 8 0 0 0 0 0 0 0 0 0 0 0 
326 8 0 0 0 0 0 0 0 0 0 0 0 
327 8 0 0 0 0 0 0 0 0 0 0 0 
328 8 0 0 0 0 0 0 0 0 0 0 0 
329 8 0 0 0 0 0 0 0 0 0 0 0 
330 8 0 0 0 0 0 0 0 0 0 0 0 
331 8 0 0 0 0 0 0 0 0 0 0 0 
332 8 0 0 0 0 0 0 0 0 0 0 0 
333 8 0 0 0 0 0 0 0 0 0 0 0 
334 8 0 0 0 0 0 0 0 0 0 0 0 
335 8 0 0 0 0 0 0 0 0 0 0 0 
336 8 0 0 0 0 0 0 0 0 0 0 0 
337 8 0 0 0 0 0 0 0 0 0 0 0 
338 8 0 0 0 0 0 0 0 0 0 0 0 
339 8 0 0 0 0 0 0 0 0 0 0 0 
340 8 0 0 0 0 0 0 0 0 0 0 0 
341 8 0 0 0 0 0 0 0 0 0 0 0 
342 8 0 0 0 0 0 0 0 0 0 0 0 
343 8 0 0 0 0 0 0 0 0 0 0 0 
344 8 0 0 0 0 0 0 0 0 0 0 0 
345 8 0 0 0 0 0 0 0 0 0 0 0 
346 8 0 0 0 0 0 0 0 0 0 0 0 
347 8 0 0 0 0 0 0 0 0 0 0 0 
348 8 0 0 0 0 0 0 0 0 0 0 0 
349 8 0 0 0 0 0 0 0 0 0 0 0 
350 8 0 0 0 0 0 0 0 0 0 0 0 
351 8 0 0 0 0 0 0 0 0 0 0 0 
352 8 0 0 0 0 0 0 0 0 0 0 0 
353 8 0 0 0 0 0 0 0 0 0 0 0 
354 8 0 0 0 0 0 0 0 0 0 0 0 
355 8 0 0 0 0 0 0 0 0 0 0 0 
356 8 0 0 0 0 0 0 0 0 0 0 0 
357 8 0 0 0 0 0 0 0 0 0 0 0 
358 8 0 0 0 0 0 0 0 0 0 0 0 
359 8 0 0 0 0 0 0 0 0 0 0 0 
360 8 0 0 0 0 0 0 0 0 0 0 0 
361 8 0 0 0 0 0 0 0 0 0 0 0 
362 8 0 0 0 0 0 0 0 0 0 0 0 
363 8 0 0 0 0 0 0 0 0 0 0 0 
364 8 0 0 0 0 0 0 0 0 0 0 0 
365 8 0 0 0 0 0 0 0 0 0 0 0 
366 8 0 0 0 0 0 0 0 0 0 0 0 
367 8 0 0 0 0 0 0 0 0 0 0 0 
368 8 0 0 0 0 0 0 0 0 0 0 0 
369 8 0 0 0 0 0 0 0 0 0 0 0 
370 8 0 0 0 0 0 0 0 0 0 0 0 
371 8 0 0 0 0 0 0 0 0 0 0 0 
372 8 0 0 0 0 0 0 0 0 0 0 0 
373 8 0 0 0 0 0 0 0 0 0 0 0 
374 8 0 0 0 0 0 0 0 0 0 0 0 
375 8 0 0 0 0 0 0 0 0 0 0 0 
376 8 0 0 0 0 0 0 0 0 0 0 0 
377 8 0 0 0 0 0 0 0 0 0 0 0 
378 8 0 0 0 0 0 0 0 0 0 0 0 
379 8 0 0 0 0 0 0 0 0 0 0 0 
380 8 0 0 0 0 0 0 0 0 0 0 0 
381 8 0 0 0 0 0 0 0 0 0 0 0 
382 8 0 0 0 0 0 0 0 0 0 0 0 
383 8 0 0 0 0 0 0 0 0 0 0 0 
384 8 0 0 0 0 0 0 0 0 0 0 0 
385 8 0 0 0 0 0 0 0 0 0 0 0 
386 8 0 0 0 0 0 0 0 0 0 0 0 
387 8 0 0 0 0 0 0 0 0 0 0 0 
388 8 0 0 0 0 0 0 0 0 0 0 0 
389 8 0 0 0 0 0 0 0 0 0 0 0 
390 8 0 0 0 0 0 0 0 0 0 0 0 
391 8 0 0 0 0 0 0 0 0 0 0 0 
392 8 0 0 0 0 0 0 0 0 0 0 0 
393 8 0 0 0 0 0 0 0 0 0 0 0 
394 8 0 0 0 0 0 0 0 0 0 0 0 
395 8 0 0 0 0 0 0 0 0 0 0 0 
396 8 0 0 0 0 0 0 0 0 0 0 0 
397 8 0 0 0 0 0 0 0 0 0 0 0 
398 8 0 0 0 0 0 0 0 0 0 0 0 
399 8 -1 179 1 27 -1 -1 -1 -1 -1 0 -23 
400 8 -1 63 1 27 -1 -1 -1 -1 -1 3 1 
401 8 -1 196 2 37 -1 -1 -1 -1 -1 3 4 
402 8 13 0 0 0 0 0 0 0 0 0 0 
403 8 0 0 0 0 0 0 0 0 0 0 0 
404 8 0 0 0 0 0 0 0 0 0 0 0 
405 8 0 0 0 0 0 0 0 0 0 0 0 
406 8 0 0 0 0 0 0 0 0 0 0 0 
407 8 0 0 0 0 0 0 0 0 0 0 0 
408 8 0 0 0 0 0 0 0 0 0 0 0 
409 8 0 0 0 0 0 0 0 0 0 0 0 
410 8 0 0 0 0 0 0 0 0 0 0 0 
411 8 0 0 0 0 0 0 0 0 0 0 0 
412 8 0 0 0 0 0 0 0 0 0 0 0 
413 8 17 0 0 0 0 0 0 0 0 0 0 
414 8 -1 165 4 18 -1 -1 -1 -1 -1 1 11080 
415 8 0 0 0 0 0 0 0 0 0 0 0 
416 8 0 0 0 0 0 0 0 0 0 0 0 
417 8 0 0 0 0 0 0 0 0 0 0 0 
418 8 0 0 0 0 0 0 0 0 0 0 0 
419 8 0 0 0 0 0 0 0 0 0 0 0 
420 8 0 0 0 0 0 0 0 0 0 0 0 
421 8 0 0 0 0 0 0 0 0 0 0 0 
422 8 0 0 0 0 0 0 0 0 0 0 0 
423 8 0 0 0 0 0 0 0 0 0 0 0 
424 8 0 0 0 0 0 0 0 0 0 0 0 
425 8 0 0 0 0 0 0 0 0 0 0 0 
426 8 0 0 0 0 0 0 0 0 0 0 0 
427 8 0 0 0 0 0 0 0 0 0 0 0 
428 8 0 0 0 0 0 0 0 0 0 0 0 
429 8 0 0 0 0 0 0 0 0 0 0 0 
430 8 0 0 0 0 0 0 0 0 0 0 0 
431 8 22 0 0 0 0 0 0 0 0 0 0 
432 8 -1 56 4 16 -1 -1 -1 -1 -1 3 3947 
433 8 -1 111 3 38 -1 -1 -1 -1 -1 3 -11 
434 8 30 0 0 0 0 0 0 0 0 0 0 
435 8 0 0 0 0 0 0 0 0 0 0 0 
436 8 0 0 0 0 0 0 0 0 0 0 0 
437 8 0 0 0 0 0 0 0 0 0 0 0 
438 8 0 0 0 0 0 0 0 0 0 0 0 
439 8 0 0 0 0 0 0 0 0 0 0 0 
440 8 0 0 0 0 0 0 0 0 0 0 0 
441 8 0 0 0 0 0 0 0 0 0 0 0 
442 8 0 0 0 0 0 0 0 0 0 0 0 
443 8 0 0 0 0 0 0 0 0 0 0 0 
444 8 0 0 0 0 0 0 0 0 0 0 0 
445 8 0 0 0 0 0 0 0 0 0 0 0 
446 8 0 0 0 0 0 0 0 0 0 0 0 
447 8 0 0 0 0 0 0 0 0 0 0 0 
448 8 0 0 0 0 0 0 0 0 0 0 0 
449 8 0 0 0 0 0 0 0 0 0 0 0 
450 8 0 0 0 0 0 0 0 0 0 0 0 
451 8 0 0 0 0 0 0 0 0 0 0 0 
452 8 0 0 0 0 0 0 0 0 0 0 0 
453 8 0 0 0 0 0 0 0 0 0 0 0 
454 8 0 0 0 0 0 0 0 0 0 0 0 
455 8 0 0 0 0 0 0 0 0 0 0 0 
456 8 0 0 0 0 0 0 0 0 0 0 0 
457 8 0 0 0 0 0 0 0 0 0 0 0 
458 8 0 0 0 0 0 0 0 0 0 0 0 
459 8 0 0 0 0 0 0 0 0 0 0 0 
460 8 0 0 0 0 0 0 0 0 0 0 0 
461 8 0 0 0 0 0 0 0 0 0 0 0 
462 8 0 0 0 0 0 0 0 0 0 0 0 
463 8 0 0 0 0 0 0 0 0 0 0 0 
464 8 0 0 0 0 0 0 0 0 0 0 0 
465 8 0 0 0 0 0 0 0 0 0 0 0 
466 8 0 0 0 0 0 0 0 0 0 0 0 
467 8 0 0 0 0 0 0 0 0 0 0 0 
468 8 0 0 0 0 0 0 0 0 0 0 0 
469 8 0 0 0 0 0 0 0 0 0 0 0 
470 8 0 0 0 0 0 0 0 0 0 0 0 
471 8 0 0 0 0 0 0 0 0 0 0 0 
472 8 0 0 0 0 0 0 0 0 0 0 0 
473 8 0 0 0 0 0 0 0 0 0 0 0 
474 8 0 0 0 0 0 0 0 0 0 0 0 
475 8 0 0 0 0 0 0 0 0 0 0 0 
476 8 0 0 0 0 0 0 0 0 0 0 0 
477 8 0 0 0 0 0 0 0 0 0 0 0 
478 8 0 0 0 0 0 0 0 0 0 0 0 
479 8 0 0 0 0 0 0 0 0 0 0 0 
480 8 0 0 0 0 0 0 0 0 0 0 0 
481 8 0 0 0 0 0 0 0 0 0 0 0 
482 8 0 0 0 0 0 0 0 0 0 0 0 
483 8 0 0 0 0 0 0 0 0 0 0 0 
484 8 0 0 0 0 0 0 0 0 0 0 0 
485 8 0 0 0 0 0 0 0 0 0 0 0 
486 8 0 0 0 0 0 0 0 0 0 0 0 
487 8 0 0 0 0 0 0 0 0 0 0 0 
488 8 0 0 0 0 0 0 0 0 0 0 0 
489 8 0 0 0 0 0 0 0 0 0 0 0 
490 8 0 0 0 0 0 0 0 0 0 0 0 
491 8 0 0 0 0 0 0 0 0 0 0 0 
492 8 0 0 0 0 0 0 0 0 0 0 0 
493 8 0 0 0 0 0 0 0 0 0 0 0 
494 8 0 0 0 0 0 0 0 0 0 0 0 
495 8 0 0 0 0 0 0 0 0 0 0 0 
496 8 0 0 0 0 0 0 0 0 0 0 0 
497 8 0 0 0 0 0 0 0 0 0 0 0 
498 8 0 0 0 0 0 0 0 0 0 0 0 
499 8 0 0 0 0 0 0 0 0 0 0 0 
500 8 0 0 0 0 0 0 0 0 0 0 0 
501 8 0 0 0 0 0 0 0 0 0 0 0 
502 8 0 0 0 0 0 0 0 0 0 0 0 
503 8 0 0 0 0 0 0 0 0 0 0 0 
504 8 0 0 0 0 0 0 0 0 0 0 0 
505 8 0 0 0 0 0 0 0 0 0 0 0 
506 8 0 0 0 0 0 0 0 0 0 0 0 
507 8 -1 217 2 28 -1 -1 -1 -1 -1 1 1294 
508 8 40 0 0 0 0 0 0 0 0 0 0 
509 8 0 0 0 0 0 0 0 0 0 0 0 
510 8 0 0 0 0 0 0 0 0 0 0 0 
511 9 0 0 0 0 0 0 0 0 0 0 0 
512 9 0 0 0 0 0 0 0 0 0 0 0 
513 9 0 0 0 0 0 0 0 0 0 0 0 
514 9 0 0 0 0 0 0 0 0 0 0 0 
515 9 0 0 0 0 0 0 0 0 0 0 0 
516 9 0 0 0 0 0 0 0 0 0 0 0 
517 9 0 0 0 0 0 0 0 0 0 0 0 
518 9 0 0 0 0 0 0 0 0 0 0 0 
519 9 0 0 0 0 0 0 0 0 0 0 0 
520 9 0 0 0 0 0 0 0 0 0 0 0 
521 9 0 0 0 0 0 0 0 0 0 0 0 
522 9 0 0 0 0 0 0 0 0 0 0 0 
523 9 0 0 0 0 0 0 0 0 0 0 0 
524 9 0 0 0 0 0 0 0 0 0 0 0 
525 9 0 0 0 0 0 0 0 0 0 0 0 
526 9 0 0 0 0 0 0 0 0 0 0 0 
527 9 0 0 0 0 0 0 0 0 0 0 0 
528 9 0 0 0 0 0 0 0 0 0 0 0 
529 9 0 0 0 0 0 0 0 0 0 0 0 
530 9 0 0 0 0 0 0 0 0 0 0 0 
531 9 0 0 0 0 0 0 0 0 0 0 0 
532 9 0 0 0 0 0 0 0 0 0 0 0 
533 9 0 0 0 0 0 0 0 0 0 0 0 
534 9 0 0 0 0 0 0 0 0 0 0 0 
535 9 0 0 0 0 0 0 0 0 0 0 0 
536 9 0 0 0 0 0 0 0 0 0 0 0 
537 9 0 0 0 0 0 0 0 0 0 0 0 
538 9 0 0 0 0 0 0 0 0 0 0 0 
539 9 0 0 0 0 0 0 0 0 0 0 0 
540 9 0 0 0 0 0 0 0 0 0 0 0 
541 9 0 0 0 0 0 0 0 0 0 0 0 
542 9 0 0 0 0 0 0 0 0 0 0 0 
543 9 0 0 0 0 0 0 0 0 0 0 0 
544 9 0 0 0 0 0 0 0 0 0 0 0 
545 9 0 0 0 0 0 0 0 0 0 0 0 
546 9 0 0 0 0 0 0 0 0 0 0 0 
547 9 0 0 0 0 0 0 0 0 0 0 0 
548 9 0 0 0 0 0 0 0 0 0 0 0 
549 9 0 0 0 0 0 0 0 0 0 0 0 
550 9 0 0 0 0 0 0 0 0 0 0 0 
551 9 0 0 0 0 0 0 0 0 0 0 0 
552 9 0 0 0 0 0 0 0 0 0 0 0 
553 9 0 0 0 0 0 0 0 0 0 0 0 
554 9 0 0 0 0 0 0 0 0 0 0 0 
555 9 0 0 0 0 0 0 0 0 0 0 0 
556 9 0 0 0 0 0 0 0 0 0 0 0 
557 9 0 0 0 0 0 0 0 0 0 0 0 
558 9 0 0 0 0 0 0 0 0 0 0 0 
559 9 0 0 0 0 0 0 0 0 0 0 0 
560 9 0 0 0 0 0 0 0 0 0 0 0 
561 9 0 0 0 0 0 0 0 0 0 0 0 
562 9 0 0 0 0 0 0 0 0 0 0 0 
563 9 0 0 0 0 0 0 0 0 0 0 0 
564 9 0 0 0 0 0 0 0 0 0 0 0 
565 9 0 0 0 0 0 0 0 0 0 0 0 
566 9 0 0 0 0 0 0 0 0 0 0 0 
567 9 0 0 0 0 0 0 0 0 0 0 0 
568 9 0 0 0 0 0 0 0 0 0 0 0 
569 9 0 0 0 0 0 0 0 0 0 0 0 
570 9 0 0 0 0 0 0 0 0 0 0 0 
571 9 0 0 0 0 0 0 0 0 0 0 0 
572 9 0 0 0 0 0 0 0 0 0 0 0 
573 9 0 0 0 0 0 0 0 0 0 0 0 
574 9 0 0 0 0 0 0 0 0 0 0 0 
575 9 0 0 0 0 0 0 0 0 0 0 0 
576 9 0 0 0 0 0 0 0 0 0 0 0 
577 9 0 0 0 0 0 0 0 0 0 0 0 
578 9 0 0 0 0 0 0 0 0 0 0 0 
579 9 0 0 0 0 0 0 0 0 0 0 0 
580 9 0 0 0 0 0 0 0 0 0 0 0 
581 9 0 0 0 0 0 0 0 0 0 0 0 
582 9 0 0 0 0 0 0 0 0 0 0 0 
583 9 0 0 0 0 0 0 0 0 0 0 0 
584 9 0 0 0 0 0 0 0 0 0 0 0 
585 9 0 0 0 0 0 0 0 0 0 0 0 
586 9 0 0 0 0 0 0 0 0 0 0 0 
587 9 0 0 0 0 0 0 0 0 0 0 0 
588 9 0 0 0 0 0 0 0 0 0 0 0 
589 9 0 0 0 0 0 0 0 0 0 0 0 
590 9 0 0 0 0 0 0 0 0 0 0 0 
591 9 0 0 0 0 0 0 0 0 0 0 0 
592 9 0 0 0 0 0 0 0 0 0 0 0 
593 9 0 0 0 0 0 0 0 0 0 0 0 
594 9 0 0 0 0 0 0 0 0 0 0 0 
595 9 0 0 0 0 0 0 0 0 0 0 0 
596 9 0 0 0 0 0 0 0 0 0 0 0 
597 9 0 0 0 0 0 0 0 0 0 0 0 
598 9 0 0 0 0 0 0 0 0 0 0 0 
599 9 0 0 0 0 0 0 0 0 0 0 0 
600 9 0 0 0 0 0 0 0 0 0 0 0 
601 9 0 0 0 0 0 0 0 0 0 0 0 
602 9 0 0 0 0 0 0 0 0 0 0 0 
603 9 0 0 0 0 0 0 0 0 0 0 0 
604 9 0 0 0 0 0 0 0 0 0 0 0 
605 9 0 0 0 0 0 0 0 0 0 0 0 
606 9 0 0 0 0 0 0 0 0 0 0 0 
607 9 0 0 0 0 0 0 0 0 0 0 0 
608 9 0 0 0 0 0 0 0 0 0 0 0 
609 9 0 0 0 0 0 0 0 0 0 0 0 
610 9 0 0 0 0 0 0 0 0 0 0 0 
611 9 0 0 0 0 0 0 0 0 0 0 0 
612 9 0 0 0 0 0 0 0 0 0 0 0 
613 9 0 0 0 0 0 0 0 0 0 0 0 
614 9 0 0 0 0 0 0 0 0 0 0 0 
615 9 0 0 0 0 0 0 0 0 0 0 0 
616 9 0 0 0 0 0 0 0 0 0 0 0 
617 9 0 0 0 0 0 0 0 0 0 0 0 
618 9 0 0 0 0 0 0 0 0 0 0 0 
619 9 0 0 0 0 0 0 0 0 0 0 0 
620 9 0 0 0 0 0 0 0 0 0 0 0 
621 9 0 0 0 0 0 0 0 0 0 0 0 
622 9 0 0 0 0 0 0 0 0 0 0 0 
623 9 0 0 0 0 0 0 0 0 0 0 0 
624 9 0 0 0 0 0 0 0 0 0 0 0 
625 9 0 0 0 0 0 0 0 0 0 0 0 
626 9 0 0 0 0 0 0 0 0 0 0 0 
627 9 0 0 0 0 0 0 0 0 0 0 0 
628 9 0 0 0 0 0 0 0 0 0 0 0 
629 9 0 0 0 0 0 0 0 0 0 0 0 
630 9 0 0 0 0 0 0 0 0 0 0 0 
631 9 0 0 0 0 0 0 0 0 0 0 0 
632 9 0 0 0 0 0 0 0 0 0 0 0 
633 9 0 0 0 0 0 0 0 0 0 0 0 
634 9 0 0 0 0 0 0 0 0 0 0 0 
635 9 0 0 0 0 0 0 0 0 0 0 0 
636 9 0 0 0 0 0 0 0 0 0 0 0 
637 9 0 0 0 0 0 0 0 0 0 0 0 
638 9 0 0 0 0 0 0 0 0 0 0 0 
639 9 0 0 0 0 0 0 0 0 0 0 0 
640 9 0 0 0 0 0 0 0 0 0 0 0 
641 9 0 0 0 0 0 0 0 0 0 0 0 
642 9 0 0 0 0 0 0 0 0 0 0 0 
643 9 0 0 0 0 0 0 0 0 0 0 0 
644 9 0 0 0 0 0 0 0 0 0 0 0 
645 9 0 0 0 0 0 0 0 0 0 0 0 
646 9 0 0 0 0 0 0 0 0 0 0 0 
647 9 0 0 0 0 0 0 0 0 0 0 0 
648 9 0 0 0 0 0 0 0 0 0 0 0 
649 9 0 0 0 0 0 0 0 0 0 0 0 
650 9 0 0 0 0 0 0 0 0 0 0 0 
651 9 0 0 0 0 0 0 0 0 0 0 0 
652 9 0 0 0 0 0 0 0 0 0 0 0 
653 9 0 0 0 0 0 0 0 0 0 0 0 
654 9 0 0 0 0 0 0 0 0 0 0 0 
655 9 0 0 0 0 0 0 0 0 0 0 0 
656 9 0 0 0 0 0 0 0 0 0 0 0 
657 9 0 0 0 0 0 0 0 0 0 0 0 
658 9 0 0 0 0 0 0 0 0 0 0 0 
659 9 0 0 0 0 0 0 0 0 0 0 0 
660 9 0 0 0 0 0 0 0 0 0 0 0 
661 9 0 0 0 0 0 0 0 0 0 0 0 
662 9 0 0 0 0 0 0 0 0 0 0 0 
663 9 0 0 0 0 0 0 0 0 0 0 0 
664 9 0 0 0 0 0 0 0 0 0 0 0 
665 9 0 0 0 0 0 0 0 0 0 0 0 
666 9 0 0 0 0 0 0 0 0 0 0 0 
667 9 0 0 0 0 0 0 0 0 0 0 0 
668 9 0 0 0 0 0 0 0 0 0 0 0 
669 9 0 0 0 0 0 0 0 0 0 0 0 
670 9 0 0 0 0 0 0 0 0 0 0 0 
671 9 0 0 0 0 0 0 0 0 0 0 0 
672 9 0 0 0 0 0 0 0 0 0 0 0 
673 9 0 0 0 0 0 0 0 0 0 0 0 
674 9 0 0 0 0 0 0 0 0 0 0 0 
675 9 0 0 0 0 0 0 0 0 0 0 0 
676 9 0 0 0 0 0 0 0 0 0 0 0 
677 9 0 0 0 0 0 0 0 0 0 0 0 
678 9 0 0 0 0 0 0 0 0 0 0 0 
679 9 0 0 0 0 0 0 0 0 0 0 0 
680 9 0 0 0 0 0 0 0 0 0 0 0 
681 9 0 0 0 0 0 0 0 0 0 0 0 
682 9 0 0 0 0 0 0 0 0 0 0 0 
683 9 0 0 0 0 0 0 0 0 0 0 0 
684 9 0 0 0 0 0 0 0 0 0 0 0 
685 9 0 0 0 0 0 0 0 0 0 0 0 
686 9 0 0 0 0 0 0 0 0 0 0 0 
687 9 0 0 0 0 0 0 0 0 0 0 0 
688 9 0 0 0 0 0 0 0 0 0 0 0 
689 9 0 0 0 0 0 0 0 0 0 0 0 
690 9 0 0 0 0 0 0 0 0 0 0 0 
691 9 0 0 0 0 0 0 0 0 0 0 0 
692 9 0 0 0 0 0 0 0 0 0 0 0 
693 9 0 0 0 0 0 0 0 0 0 0 0 
694 9 0 0 0 0 0 0 0 0 0 0 0 
695 9 0 0 0 0 0 0 0 0 0 0 0 
696 9 0 0 0 0 0 0 0 0 0 0 0 
697 9 0 0 0 0 0 0 0 0 0 0 0 
698 9 0 0 0 0 0 0 0 0 0 0 0 
699 9 0 0 0 0 0 0 0 0 0 0 0 
700 9 0 0 0 0 0 0 0 0 0 0 0 
701 9 0 0 0 0 0 0 0 0 0 0 0 
702 9 0 0 0 0 0 0 0 0 0 0 0 
703 9 0 0 0 0 0 0 0 0 0 0 0 
704 9 0 0 0 0 0 0 0 0 0 0 0 
705 9 0 0 0 0 0 0 0 0 0 0 0 
706 9 0 0 0 0 0 0 0 0 0 0 0 
707 9 0 0 0 0 0 0 0 0 0 0 0 
708 9 0 0 0 0 0 0 0 0 0 0 0 
709 9 0 0 0 0 0 0 0 0 0 0 0 
710 9 0 0 0 0 0 0 0 0 0 0 0 
711 9 0 0 0 0 0 0 0 0 0 0 0 
712 9 0 0 0 0 0 0 0 0 0 0 0 
713 9 0 0 0 0 0 0 0 0 0 0 0 
714 9 0 0 0 0 0 0 0 0 0 0 0 
715 9 0 0 0 0 0 0 0 0 0 0 0 
716 9 0 0 0 0 0 0 0 0 0 0 0 
717 9 0 0 0 0 0 0 0 0 0 0 0 
718 9 0 0 0 0 0 0 0 0 0 0 0 
719 9 0 0 0 0 0 0 0 0 0 0 0 
720 9 0 0 0 0 0 0 0 0 0 0 0 
721 9 0 0 0 0 0 0 0 0 0 0 0 
722 9 0 0 0 0 0 0 0 0 0 0 0 
723 9 0 0 0 0 0 0 0 0 0 0 0 
724 9 0 0 0 0 0 0 0 0 0 0 0 
725 9 0 0 0 0 0 0 0 0 0 0 0 
726 9 0 0 0 0 0 0 0 0 0 0 0 
727 9 0 0 0 0 0 0 0 0 0 0 0 
728 9 0 0 0 0 0 0 0 0 0 0 0 
729 9 0 0 0 0 0 0 0 0 0 0 0 
730 9 0 0 0 0 0 0 0 0 0 0 0 
731 9 0 0 0 0 0 0 0 0 0 0 0 
732 9 0 0 0 0 0 0 0 0 0 0 0 
733 9 0 0 0 0 0 0 0 0 0 0 0 
734 9 0 0 0 0 0 0 0 0 0 0 0 
735 9 0 0 0 0 0 0 0 0 0 0 0 
736 9 0 0 0 0 0 0 0 0 0 0 0 
737 9 0 0 0 0 0 0 0 0 0 0 0 
738 9 0 0 0 0 0 0 0 0 0 0 0 
739 9 0 0 0 0 0 0 0 0 0 0 0 
740 9 0 0 0 0 0 0 0 0 0 0 0 
741 9 0 0 0 0 0 0 0 0 0 0 0 
742 9 0 0 0 0 0 0 0 0 0 0 0 
743 9 0 0 0 0 0 0 0 0 0 0 0 
744 9 0 0 0 0 0 0 0 0 0 0 0 
745 9 0 0 0 0 0 0 0 0 0 0 0 
746 9 0 0 0 0 0 0 0 0 0 0 0 
747 9 0 0 0 0 0 0 0 0 0 0 0 
748 9 0 0 0 0 0 0 0 0 0 0 0 
749 9 0 0 0 0 0 0 0 0 0 0 0 
750 9 0 0 0 0 0 0 0 0 0 0 0 
751 9 0 0 0 0 0 0 0 0 0 0 0 
752 9 0 0 0 0 0 0 0 0 0 0 0 
753 9 0 0 0 0 0 0 0 0 0 0 0 
754 9 0 0 0 0 0 0 0 0 0 0 0 
755 9 0 0 0 0 0 0 0 0 0 0 0 
756 9 0 0 0 0 0 0 0 0 0 0 0 
757 9 0 0 0 0 0 0 0 0 0 0 0 
758 9 0 0 0 0 0 0 0 0 0 0 0 
759 9 0 0 0 0 0 0 0 0 0 0 0 
760 9 0 0 0 0 0 0 0 0 0 0 0 
761 9 0 0 0 0 0 0 0 0 0 0 0 
762 9 0 0 0 0 0 0 0 0 0 0 0 
763 9 0 0 0 0 0 0 0 0 0 0 0 
764 9 0 0 0 0 0 0 0 0 0 0 0 
765 9 0 0 0 0 0 0 0 0 0 0 0 
766 9 0 0 0 0 0 0 0 0 0 0 0 
767 9 0 0 0 0 0 0 0 0 0 0 0 
768 9 0 0 0 0 0 0 0 0 0 0 0 
769 9 0 0 0 0 0 0 0 0 0 0 0 
770 9 0 0 0 0 0 0 0 0 0 0 0 
771 9 0 0 0 0 0 0 0 0 0 0 0 
772 9 0 0 0 0 0 0 0 0 0 0 0 
773 9 0 0 0 0 0 0 0 0 0 0 0 
774 9 0 0 0 0 0 0 0 0 0 0 0 
775 9 0 0 0 0 0 0 0 0 0 0 0 
776 9 0 0 0 0 0 0 0 0 0 0 0 
777 9 0 0 0 0 0 0 0 0 0 0 0 
778 9 0 0 0 0 0 0 0 0 0 0 0 
779 9 0 0 0 0 0 0 0 0 0 0 0 
780 9 0 0 0 0 0 0 0 0 0 0 0 
781 9 0 0 0 0 0 0 0 0 0 0 0 
782 9 0 0 0 0 0 0 0 0 0 0 0 
783 9 0 0 0 0 0 0 0 0 0 0 0 
784 9 0 0 0 0 0 0 0 0 0 0 0 
785 9 0 0 0 0 0 0 0 0 0 0 0 
786 9 0 0 0 0 0 0 0 0 0 0 0 
787 9 0 0 0 0 0 0 0 0 0 0 0 
788 9 0 0 0 0 0 0 0 0 0 0 0 
789 9 0 0 0 0 0 0 0 0 0 0 0 
790 9 0 0 0 0 0 0 0 0 0 0 0 
791 9 0 0 0 0 0 0 0 0 0 0 0 
792 9 0 0 0 0 0 0 0 0 0 0 0 
793 9 0 0 0 0 0 0 0 0 0 0 0 
794 9 0 0 0 0 0 0 0 0 0 0 0 
795 9 0 0 0 0 0 0 0 0 0 0 0 
796 9 0 0 0 0 0 0 0 0 0 0 0 
797 9 0 0 0 0 0 0 0 0 0 0 0 
798 9 0 0 0 0 0 0 0 0 0 0 0 
799 9 4 0 0 0 0 0 0 0 0 0 0 
800 9 -1 16 1 31 -1 -1 -1 -1 -1 2 7 
801 9 7 0 0 0 0 0 0 0 0 0 0 
802 9 -1 250 1 36 -1 -1 -1 -1 -1 0 -15 
803 9 -1 44 2 15 -1 -1 -1 -1 -1 3 34 
804 9 12 0 0 0 0 0 0 0 0 0 0 
805 9 0 0 0 0 0 0 0 0 0 0 0 
806 9 0 0 0 0 0 0 0 0 0 0 0 
807 9 0 0 0 0 0 0 0 0 0 0 0 
808 9 0 0 0 0 0 0 0 0 0 0 0 
809 9 0 0 0 0 0 0 0 0 0 0 0 
810 9 0 0 0 0 0 0 0 0 0 0 0 
811 9 0 0 0 0 0 0 0 0 0 0 0 
812 9 0 0 0 0 0 0 0 0 0 0 0 
813 9 0 0 0 0 0 0 0 0 0 0 0 
814 9 0 0 0 0 0 0 0 0 0 0 0 
815 9 0 0 0 0 0 0 0 0 0 0 0 
816 9 0 0 0 0 0 0 0 0 0 0 0 
817 9 0 0 0 0 0 0 0 0 0 0 0 
818 9 0 0 0 0 0 0 0 0 0 0 0 
819 9 0 0 0 0 0 0 0 0 0 0 0 
820 9 0 0 0 0 0 0 0 0 0 0 0 
821 9 0 0 0 0 0 0 0 0 0 0 0 
822 9 0 0 0 0 0 0 0 0 0 0 0 
823 9 0 0 0 0 0 0 0 0 0 0 0 
824 9 0 0 0 0 0 0 0 0 0 0 0 
825 9 0 0 0 0 0 0 0 0 0 0 0 
826 9 0 0 0 0 0 0 0 0 0 0 0 
827 9 0 0 0 0 0 0 0 0 0 0 0 
828 9 0 0 0 0 0 0 0 0 0 0 0 
829 9 -1 119 1 26 -1 -1 -1 -1 -1 3 5 
830 9 20 0 0 0 0 0 0 0 0 0 0 
831 9 0 0 0 0 0 0 0 0 0 0 0 
832 9 0 0 0 0 0 0 0 0 0 0 0 
833 9 0 0 0 0 0 0 0 0 0 0 0 
834 9 0 0 0 0 0 0 0 0 0 0 0 
835 9 0 0 0 0 0 0 0 0 0 0 0 
836 9 0 0 0 0 0 0 0 0 0 0 0 
837 9 0 0 0 0 0 0 0 0 0 0 0 
838 9 0 0 0 0 0 0 0 0 0 0 0 
839 9 0 0 0 0 0 0 0 0 0 0 0 
840 9 0 0 0 0 0 0 0 0 0 0 0 
841 9 0 0 0 0 0 0 0 0 0 0 0 
842 9 0 0 0 0 0 0 0 0 0 0 0 
843 9 0 0 0 0 0 0 0 0 0 0 0 
844 9 0 0 0 0 0 0 0 0 0 0 0 
845 9 0 0 0 0 0 0 0 0 0 0 0 
846 9 0 0 0 0 0 0 0 0 0 0 0 
847 9 0 0 0 0 0 0 0 0 0 0 0 
848 9 0 0 0 0 0 0 0 0 0 0 0 
849 9 0 0 0 0 0 0 0 0 0 0 0 
850 9 0 0 0 0 0 0 0 0 0 0 0 
851 9 0 0 0 0 0 0 0 0 0 0 0 
852 9 0 0 0 0 0 0 0 0 0 0 0 
853 9 0 0 0 0 0 0 0 0 0 0 0 
854 9 0 0 0 0 0 0 0 0 0 0 0 
855 9 0 0 0 0 0 0 0 0 0 0 0 
856 9 0 0 0 0 0 0 0 0 0 0 0 
857 9 0 0 0 0 0 0 0 0 0 0 0 
858 9 0 0 0 0 0 0 0 0 0 0 0 
859 9 0 0 0 0 0 0 0 0 0 0 0 
860 9 0 0 0 0 0 0 0 0 0 0 0 
861 9 0 0 0 0 0 0 0 0 0 0 0 
862 9 0 0 0 0 0 0 0 0 0 0 0 
863 9 0 0 0 0 0 0 0 0 0 0 0 
864 9 0 0 0 0 0 0 0 0 0 0 0 
865 9 -1 278 4 39 -1 -1 -1 -1 -1 3 1202 
866 9 25 0 0 0 0 0 0 0 0 0 0 
867 9 -1 38 1 32 -1 -1 -1 -1 -1 0 36 
868 9 -1 228 0 31 -1 -1 -1 -1 -1 3 -11 
869 9 0 0 0 0 0 0 0 0 0 0 0 
870 9 0 0 0 0 0 0 0 0 0 0 0 
871 9 0 0 0 0 0 0 0 0 0 0 0 
872 9 0 0 0 0 0 0 0 0 0 0 0 
873 9 0 0 0 0 0 0 0 0 0 0 0 
874 9 0 0 0 0 0 0 0 0 0 0 0 
875 9 0 0 0 0 0 0 0 0 0 0 0 
876 9 0 0 0 0 0 0 0 0 0 0 0 
877 9 0 0 0 0 0 0 0 0 0 0 0 
878 9 0 0 0 0 0 0 0 0 0 0 0 
879 9 0 0 0 0 0 0 0 0 0 0 0 
880 9 0 0 0 0 0 0 0 0 0 0 0 
881 9 0 0 0 0 0 0 0 0 0 0 0 
882 9 0 0 0 0 0 0 0 0 0 0 0 
883 9 0 0 0 0 0 0 0 0 0 0 0 
884 9 0 0 0 0 0 0 0 0 0 0 0 
885 9 0 0 0 0 0 0 0 0 0 0 0 
886 9 0 0 0 0 0 0 0 0 0 0 0 
887 9 0 0 0 0 0 0 0 0 0 0 0 
888 9 0 0 0 0 0 0 0 0 0 0 0 
889 9 0 0 0 0 0 0 0 0 0 0 0 
890 9 0 0 0 0 0 0 0 0 0 0 0 
891 9 0 0 0 0 0 0 0 0 0 0 0 
892 9 0 0 0 0 0 0 0 0 0 0 0 
893 9 0 0 0 0 0 0 0 0 0 0 0 
894 9 0 0 0 0 0 0 0 0 0 0 0 
895 9 0 0 0 0 0 0 0 0 0 0 0 
896 9 0 0 0 0 0 0 0 0 0 0 0 
897 9 0 0 0 0 0 0 0 0 0 0 0 
898 9 0 0 0 0 0 0 0 0 0 0 0 
899 9 0 0 0 0 0 0 0 0 0 0 0 
900 9 0 0 0 0 0 0 0 0 0 0 0 
901 9 0 0 0 0 0 0 0 0 0 0 0 
902 9 0 0 0 0 0 0 0 0 0 0 0 
903 9 0 0 0 0 0 0 0 0 0 0 0 
904 9 0 0 0 0 0 0 0 0 0 0 0 
905 9 0 0 0 0 0 0 0 0 0 0 0 
906 9 0 0 0 0 0 0 0 0 0 0 0 
907 9 0 0 0 0 0 0 0 0 0 0 0 
908 9 0 0 0 0 0 0 0 0 0 0 0 
909 9 0 0 0 0 0 0 0 0 0 0 0 
910 9 0 0 0 0 0 0 0 0 0 0 0 
911 9 0 0 0 0 0 0 0 0 0 0 0 
912 9 0 0 0 0 0 0 0 0 0 0 0 
913 9 0 0 0 0 0 0 0 0 0 0 0 
914 9 0 0 0 0 0 0 0 0 0 0 0 
915 9 0 0 0 0 0 0 0 0 0 0 0 
916 9 0 0 0 0 0 0 0 0 0 0 0 
917 9 0 0 0 0 0 0 0 0 0 0 0 
918 9 0 0 0 0 0 0 0 0 0 0 0 
919 9 0 0 0 0 0 0 0 0 0 0 0 
920 9 0 0 0 0 0 0 0 0 0 0 0 
921 9 0 0 0 0 0 0 0 0 0 0 0 
922 9 0 0 0 0 0 0 0 0 0 0 0 
923 9 0 0 0 0 0 0 0 0 0 0 0 
924 9 0 0 0 0 0 0 0 0 0 0 0 
925 9 0 0 0 0 0 0 0 0 0 0 0 
926 9 0 0 0 0 0 0 0 0 0 0 0 
927 9 0 0 0 0 0 0 0 0 0 0 0 
928 9 0 0 0 0 0 0 0 0 0 0 0 
929 9 0 0 0 0 0 0 0 0 0 0 0 
930 9 0 0 0 0 0 0 0 0 0 0 0 
931 9 0 0 0 0 0 0 0 0 0 0 0 
932 9 0 0 0 0 0 0 0 0 0 0 0 
933 9 0 0 0 0 0 0 0 0 0 0 0 
934 9 0 0 0 0 0 0 0 0 0 0 0 
935 9 0 0 0 0 0 0 0 0 0 0 0 
936 9 0 0 0 0 0 0 0 0 0 0 0 
937 9 0 0 0 0 0 0 0 0 0 0 0 
938 9 0 0 0 0 0 0 0 0 0 0 0 
939 9 0 0 0 0 0 0 0 0 0 0 0 
940 9 0 0 0 0 0 0 0 0 0 0 0 
941 9 0 0 0 0 0 0 0 0 0 0 0 
942 9 0 0 0 0 0 0 0 0 0 0 0 
943 9 0 0 0 0 0 0 0 0 0 0 0 
944 9 0 0 0 0 0 0 0 0 0 0 0 
945 9 0 0 0 0 0 0 0 0 0 0 0 
946 9 0 0 0 0 0 0 0 0 0 0 0 
947 9 0 0 0 0 0 0 0 0 0 0 0 
948 9 0 0 0 0 0 0 0 0 0 0 0 
949 9 0 0 0 0 0 0 0 0 0 0 0 
950 9 0 0 0 0 0 0 0 0 0 0 0 
951 9 0 0 0 0 0 0 0 0 0 0 0 
952 9 0 0 0 0 0 0 0 0 0 0 0 
953 9 0 0 0 0 0 0 0 0 0 0 0 
954 9 0 0 0 0 0 0 0 0 0 0 0 
955 9 0 0 0 0 0 0 0 0 0 0 0 
956 9 0 0 0 0 0 0 0 0 0 0 0 
957 9 0 0 0 0 0 0 0 0 0 0 0 
958 9 0 0 0 0 0 0 0 0 0 0 0 
959 9 0 0 0 0 0 0 0 0 0 0 0 
960 9 0 0 0 0 0 0 0 0 0 0 0 
961 9 0 0 0 0 0 0 0 0 0 0 0 
962 9 0 0 0 0 0 0 0 0 0 0 0 
963 9 0 0 0 0 0 0 0 0 0 0 0 
964 9 0 0 0 0 0 0 0 0 0 0 0 
965 9 0 0 0 0 0 0 0 0 0 0 0 
966 9 0 0 0 0 0 0 0 0 0 0 0 
967 9 0 0 0 0 0 0 0 0 0 0 0 
968 9 0 0 0 0 0 0 0 0 0 0 0 
969 9 0 0 0 0 0 0 0 0 0 0 0 
970 9 0 0 0 0 0 0 0 0 0 0 0 
971 9 0 0 0 0 0 0 0 0 0 0 0 
972 9 0 0 0 0 0 0 0 0 0 0 0 
973 9 0 0 0 0 0 0 0 0 0 0 0 
974 9 0 0 0 0 0 0 0 0 0 0 0 
975 9 0 0 0 0 0 0 0 0 0 0 0 
976 9 0 0 0 0 0 0 0 0 0 0 0 
977 9 0 0 0 0 0 0 0 0 0 0 0 
978 9 0 0 0 0 0 0 0 0 0 0 0 
979 9 0 0 0 0 0 0 0 0 0 0 0 
980 9 0 0 0 0 0 0 0 0 0 0 0 
981 9 0 0 0 0 0 0 0 0 0 0 0 
982 9 0 0 0 0 0 0 0 0 0 0 0 
983 9 0 0 0 0 0 0 0 0 0 0 0 
984 9 0 0 0 0 0 0 0 0 0 0 0 
985 9 0 0 0 0 0 0 0 0 0 0 0 
986 9 0 0 0 0 0 0 0 0 0 0 0 
987 9 0 0 0 0 0 0 0 0 0 0 0 
988 9 0 0 0 0 0 0 0 0 0 0 0 
989 9 0 0 0 0 0 0 0 0 0 0 0 
990 9 0 0 0 0 0 0 0 0 0 0 0 
991 9 0 0 0 0 0 0 0 0 0 0 0 
992 9 0 0 0 0 0 0 0 0 0 0 0 
993 9 0 0 0 0 0 0 0 0 0 0 0 
994 9 0 0 0 0 0 0 0 0 0 0 0 
995 9 0 0 0 0 0 0 0 0 0 0 0 
996 9 0 0 0 0 0 0 0 0 0 0 0 
997 9 0 0 0 0 0 0 0 0 0 0 0 
998 9 0 0 0 0 0 0 0 0 0 0 0 
999 9 0 0 0 0 0 0 0 0 0 0 0 
1000 9 0 0 0 0 0 0 0 0 0 0 0 
1001 9 0 0 0 0 0 0 0 0 0 0 0 
1002 9 0 0 0 0 0 0 0 0 0 0 0 
1003 9 0 0 0 0 0 0 0 0 0 0 0 
1004 9 0 0 0 0 0 0 0 0 0 0 0 
1005 9 0 0 0 0 0 0 0 0 0 0 0 
1006 9 0 0 0 0 0 0 0 0 0 0 0 
1007 9 0 0 0 0 0 0 0 0 0 0 0 
1008 9 0 0 0 0 0 0 0 0 0 0 0 
1009 9 0 0 0 0 0 0 0 0 0 0 0 
1010 9 0 0 0 0 0 0 0 0 0 0 0 
1011 9 0 0 0 0 0 0 0 0 0 0 0 
1012 9 0 0 0 0 0 0 0 0 0 0 0 
1013 9 0 0 0 0 0 0 0 0 0 0 0 
1014 9 0 0 0 0 0 0 0 0 0 0 0 
1015 9 37 0 0 0 0 0 0 0 0 0 0 
1016 9 -1 349 3 24 -1 -1 -1 -1 -1 1 -53 
1017 9 0 0 0 0 0 0 0 0 0 0 0 
1018 9 0 0 0 0 0 0 0 0 0 0 0 
1019 9 0 0 0 0 0 0 0 0 0 0 0 
1020 9 0 0 0 0 0 0 0 0 0 0 0 
1021 9 0 0 0 0 0 0 0 0 0 0 0 
1022 9 0 0 0 0 0 0 0 0 0 0 0 
1023 10 0 0 0 0 0 0 0 0 0 0 0 
1024 10 0 0 0 0 0 0 0 0 0 0 0 
1025 10 0 0 0 0 0 0 0 0 0 0 0 
1026 10 0 0 0 0 0 0 0 0 0 0 0 
1027 10 0 0 0 0 0 0 0 0 0 0 0 
1028 10 0 0 0 0 0 0 0 0 0 0 0 
1029 10 0 0 0 0 0 0 0 0 0 0 0 
1030 10 0 0 0 0 0 0 0 0 0 0 0 
1031 10 0 0 0 0 0 0 0 0 0 0 0 
1032 10 0 0 0 0 0 0 0 0 0 0 0 
1033 10 0 0 0 0 0 0 0 0 0 0 0 
1034 10 0 0 0 0 0 0 0 0 0 0 0 
1035 10 0 0 0 0 0 0 0 0 0 0 0 
1036 10 0 0 0 0 0 0 0 0 0 0 0 
1037 10 0 0 0 0 0 0 0 0 0 0 0 
1038 10 0 0 0 0 0 0 0 0 0 0 0 
1039 10 0 0 0 0 0 0 0 0 0 0 0 
1040 10 0 0 0 0 0 0 0 0 0 0 0 
1041 10 0 0 0 0 0 0 0 0 0 0 0 
1042 10 0 0 0 0 0 0 0 0 0 0 0 
1043 10 0 0 0 0 0 0 0 0 0 0 0 
1044 10 0 0 0 0 0 0 0 0 0 0 0 
1045 10 0 0 0 0 0 0 0 0 0 0 0 
1046 10 0 0 0 0 0 0 0 0 0 0 0 
1047 10 0 0 0 0 0 0 0 0 0 0 0 
1048 10 0 0 0 0 0 0 0 0 0 0 0 
1049 10 0 0 0 0 0 0 0 0 0 0 0 
1050 10 0 0 0 0 0 0 0 0 0 0 0 
1051 10 0 0 0 0 0 0 0 0 0 0 0 
1052 10 0 0 0 0 0 0 0 0 0 0 0 
1053 10 0 0 0 0 0 0 0 0 0 0 0 
1054 10 0 0 0 0 0 0 0 0 0 0 0 
1055 10 0 0 0 0 0 0 0 0 0 0 0 
1056 10 0 0 0 0 0 0 0 0 0 0 0 
1057 10 0 0 0 0 0 0 0 0 0 0 0 
1058 10 0 0 0 0 0 0 0 0 0 0 0 
1059 10 0 0 0 0 0 0 0 0 0 0 0 
1060 10 0 0 0 0 0 0 0 0 0 0 0 
1061 10 0 0 0 0 0 0 0 0 0 0 0 
1062 10 0 0 0 0 0 0 0 0 0 0 0 
1063 10 0 0 0 0 0 0 0 0 0 0 0 
1064 10 0 0 0 0 0 0 0 0 0 0 0 
1065 10 0 0 0 0 0 0 0 0 0 0 0 
1066 10 0 0 0 0 0 0 0 0 0 0 0 
1067 10 0 0 0 0 0 0 0 0 0 0 0 
1068 10 0 0 0 0 0 0 0 0 0 0 0 
1069 10 0 0 0 0 0 0 0 0 0 0 0 
1070 10 0 0 0 0 0 0 0 0 0 0 0 
1071 10 0 0 0 0 0 0 0 0 0 0 0 
1072 10 0 0 0 0 0 0 0 0 0 0 0 
1073 10 0 0 0 0 0 0 0 0 0 0 0 
1074 10 0 0 0 0 0 0 0 0 0 0 0 
1075 10 0 0 0 0 0 0 0 0 0 0 0 
1076 10 0 0 0 0 0 0 0 0 0 0 0 
1077 10 0 0 0 0 0 0 0 0 0 0 0 
1078 10 0 0 0 0 0 0 0 0 0 0 0 
1079 10 0 0 0 0 0 0 0 0 0 0 0 
1080 10 0 0 0 0 0 0 0 0 0 0 0 
1081 10 0 0 0 0 0 0 0 0 0 0 0 
1082 10 0 0 0 0 0 0 0 0 0 0 0 
1083 10 0 0 0 0 0 0 0 0 0 0 0 
1084 10 0 0 0 0 0 0 0 0 0 0 0 
1085 10 0 0 0 0 0 0 0 0 0 0 0 
1086 10 0 0 0 0 0 0 0 0 0 0 0 
1087 10 0 0 0 0 0 0 0 0 0 0 0 
1088 10 0 0 0 0 0 0 0 0 0 0 0 
1089 10 0 0 0 0 0 0 0 0 0 0 0 
1090 10 0 0 0 0 0 0 0 0 0 0 0 
1091 10 0 0 0 0 0 0 0 0 0 0 0 
1092 10 0 0 0 0 0 0 0 0 0 0 0 
1093 10 0 0 0 0 0 0 0 0 0 0 0 
1094 10 0 0 0 0 0 0 0 0 0 0 0 
1095 10 0 0 0 0 0 0 0 0 0 0 0 
1096 10 0 0 0 0 0 0 0 0 0 0 0 
1097 10 0 0 0 0 0 0 0 0 0 0 0 
1098 10 0 0 0 0 0 0 0 0 0 0 0 
1099 10 0 0 0 0 0 0 0 0 0 0 0 
1100 10 0 0 0 0 0 0 0 0 0 0 0 
1101 10 0 0 0 0 0 0 0 0 0 0 0 
1102 10 0 0 0 0 0 0 0 0 0 0 0 
1103 10 0 0 0 0 0 0 0 0 0 0 0 
1104 10 0 0 0 0 0 0 0 0 0 0 0 
1105 10 0 0 0 0 0 0 0 0 0 0 0 
1106 10 0 0 0 0 0 0 0 0 0 0 0 
1107 10 0 0 0 0 0 0 0 0 0 0 0 
1108 10 0 0 0 0 0 0 0 0 0 0 0 
1109 10 0 0 0 0 0 0 0 0 0 0 0 
1110 10 0 0 0 0 0 0 0 0 0 0 0 
1111 10 0 0 0 0 0 0 0 0 0 0 0 
1112 10 0 0 0 0 0 0 0 0 0 0 0 
1113 10 0 0 0 0 0 0 0 0 0 0 0 
1114 10 0 0 0 0 0 0 0 0 0 0 0 
1115 10 0 0 0 0 0 0 0 0 0 0 0 
1116 10 0 0 0 0 0 0 0 0 0 0 0 
1117 10 0 0 0 0 0 0 0 0 0 0 0 
1118 10 0 0 0 0 0 0 0 0 0 0 0 
1119 10 0 0 0 0 0 0 0 0 0 0 0 
1120 10 0 0 0 0 0 0 0 0 0 0 0 
1121 10 0 0 0 0 0 0 0 0 0 0 0 
1122 10 0 0 0 0 0 0 0 0 0 0 0 
1123 10 0 0 0 0 0 0 0 0 0 0 0 
1124 10 0 0 0 0 0 0 0 0 0 0 0 
1125 10 0 0 0 0 0 0 0 0 0 0 0 
1126 10 0 0 0 0 0 0 0 0 0 0 0 
1127 10 0 0 0 0 0 0 0 0 0 0 0 
1128 10 0 0 0 0 0 0 0 0 0 0 0 
1129 10 0 0 0 0 0 0 0 0 0 0 0 
1130 10 0 0 0 0 0 0 0 0 0 0 0 
1131 10 0 0 0 0 0 0 0 0 0 0 0 
1132 10 0 0 0 0 0 0 0 0 0 0 0 
1133 10 0 0 0 0 0 0 0 0 0 0 0 
1134 10 0 0 0 0 0 0 0 0 0 0 0 
1135 10 0 0 0 0 0 0 0 0 0 0 0 
1136 10 0 0 0 0 0 0 0 0 0 0 0 
1137 10 0 0 0 0 0 0 0 0 0 0 0 
1138 10 0 0 0 0 0 0 0 0 0 0 0 
1139 10 0 0 0 0 0 0 0 0 0 0 0 
1140 10 0 0 0 0 0 0 0 0 0 0 0 
1141 10 0 0 0 0 0 0 0 0 0 0 0 
1142 10 0 0 0 0 0 0 0 0 0 0 0 
1143 10 0 0 0 0 0 0 0 0 0 0 0 
1144 10 0 0 0 0 0 0 0 0 0 0 0 
1145 10 0 0 0 0 0 0 0 0 0 0 0 
1146 10 0 0 0 0 0 0 0 0 0 0 0 
1147 10 0 0 0 0 0 0 0 0 0 0 0 
1148 10 0 0 0 0 0 0 0 0 0 0 0 
1149 10 0 0 0 0 0 0 0 0 0 0 0 
1150 10 0 0 0 0 0 0 0 0 0 0 0 
1151 10 0 0 0 0 0 0 0 0 0 0 0 
1152 10 0 0 0 0 0 0 0 0 0 0 0 
1153 10 0 0 0 0 0 0 0 0 0 0 0 
1154 10 0 0 0 0 0 0 0 0 0 0 0 
1155 10 0 0 0 0 0 0 0 0 0 0 0 
1156 10 0 0 0 0 0 0 0 0 0 0 0 
1157 10 0 0 0 0 0 0 0 0 0 0 0 
1158 10 0 0 0 0 0 0 0 0 0 0 0 
1159 10 0 0 0 0 0 0 0 0 0 0 0 
1160 10 0 0 0 0 0 0 0 0 0 0 0 
1161 10 0 0 0 0 0 0 0 0 0 0 0 
1162 10 0 0 0 0 0 0 0 0 0 0 0 
1163 10 0 0 0 0 0 0 0 0 0 0 0 
1164 10 0 0 0 0 0 0 0 0 0 0 0 
1165 10 0 0 0 0 0 0 0 0 0 0 0 
1166 10 0 0 0 0 0 0 0 0 0 0 0 
1167 10 0 0 0 0 0 0 0 0 0 0 0 
1168 10 0 0 0 0 0 0 0 0 0 0 0 
1169 10 0 0 0 0 0 0 0 0 0 0 0 
1170 10 0 0 0 0 0 0 0 0 0 0 0 
1171 10 0 0 0 0 0 0 0 0 0 0 0 
1172 10 0 0 0 0 0 0 0 0 0 0 0 
1173 10 0 0 0 0 0 0 0 0 0 0 0 
1174 10 0 0 0 0 0 0 0 0 0 0 0 
1175 10 0 0 0 0 0 0 0 0 0 0 0 
1176 10 0 0 0 0 0 0 0 0 0 0 0 
1177 10 0 0 0 0 0 0 0 0 0 0 0 
1178 10 0 0 0 0 0 0 0 0 0 0 0 
1179 10 0 0 0 0 0 0 0 0 0 0 0 
1180 10 0 0 0 0 0 0 0 0 0 0 0 
1181 10 0 0 0 0 0 0 0 0 0 0 0 
1182 10 0 0 0 0 0 0 0 0 0 0 0 
1183 10 0 0 0 0 0 0 0 0 0 0 0 
1184 10 0 0 0 0 0 0 0 0 0 0 0 
1185 10 0 0 0 0 0 0 0 0 0 0 0 
1186 10 0 0 0 0 0 0 0 0 0 0 0 
1187 10 0 0 0 0 0 0 0 0 0 0 0 
1188 10 0 0 0 0 0 0 0 0 0 0 0 
1189 10 0 0 0 0 0 0 0 0 0 0 0 
1190 10 0 0 0 0 0 0 0 0 0 0 0 
1191 10 0 0 0 0 0 0 0 0 0 0 0 
1192 10 0 0 0 0 0 0 0 0 0 0 0 
1193 10 0 0 0 0 0 0 0 0 0 0 0 
1194 10 0 0 0 0 0 0 0 0 0 0 0 
1195 10 0 0 0 0 0 0 0 0 0 0 0 
1196 10 0 0 0 0 0 0 0 0 0 0 0 
1197 10 0 0 0 0 0 0 0 0 0 0 0 
1198 10 0 0 0 0 0 0 0 0 0 0 0 
1199 10 0 0 0 0 0 0 0 0 0 0 0 
1200 10 0 0 0 0 0 0 0 0 0 0 0 
1201 10 0 0 0 0 0 0 0 0 0 0 0 
1202 10 0 0 0 0 0 0 0 0 0 0 0 
1203 10 0 0 0 0 0 0 0 0 0 0 0 
1204 10 0 0 0 0 0 0 0 0 0 0 0 
1205 10 0 0 0 0 0 0 0 0 0 0 0 
1206 10 0 0 0 0 0 0 0 0 0 0 0 
1207 10 0 0 0 0 0 0 0 0 0 0 0 
1208 10 0 0 0 0 0 0 0 0 0 0 0 
1209 10 0 0 0 0 0 0 0 0 0 0 0 
1210 10 0 0 0 0 0 0 0 0 0 0 0 
1211 10 0 0 0 0 0 0 0 0 0 0 0 
1212 10 0 0 0 0 0 0 0 0 0 0 0 
1213 10 0 0 0 0 0 0 0 0 0 0 0 
1214 10 0 0 0 0 0 0 0 0 0 0 0 
1215 10 0 0 0 0 0 0 0 0 0 0 0 
1216 10 0 0 0 0 0 0 0 0 0 0 0 
1217 10 0 0 0 0 0 0 0 0 0 0 0 
1218 10 0 0 0 0 0 0 0 0 0 0 0 
1219 10 0 0 0 0 0 0 0 0 0 0 0 
1220 10 0 0 0 0 0 0 0 0 0 0 0 
1221 10 0 0 0 0 0 0 0 0 0 0 0 
1222 10 0 0 0 0 0 0 0 0 0 0 0 
1223 10 0 0 0 0 0 0 0 0 0 0 0 
1224 10 0 0 0 0 0 0 0 0 0 0 0 
1225 10 0 0 0 0 0 0 0 0 0 0 0 
1226 10 0 0 0 0 0 0 0 0 0 0 0 
1227 10 0 0 0 0 0 0 0 0 0 0 0 
1228 10 0 0 0 0 0 0 0 0 0 0 0 
1229 10 0 0 0 0 0 0 0 0 0 0 0 
1230 10 0 0 0 0 0 0 0 0 0 0 0 
1231 10 0 0 0 0 0 0 0 0 0 0 0 
1232 10 0 0 0 0 0 0 0 0 0 0 0 
1233 10 0 0 0 0 0 0 0 0 0 0 0 
1234 10 0 0 0 0 0 0 0 0 0 0 0 
1235 10 0 0 0 0 0 0 0 0 0 0 0 
1236 10 0 0 0 0 0 0 0 0 0 0 0 
1237 10 0 0 0 0 0 0 0 0 0 0 0 
1238 10 0 0 0 0 0 0 0 0 0 0 0 
1239 10 0 0 0 0 0 0 0 0 0 0 0 
1240 10 0 0 0 0 0 0 0 0 0 0 0 
1241 10 0 0 0 0 0 0 0 0 0 0 0 
1242 10 0 0 0 0 0 0 0 0 0 0 0 
1243 10 0 0 0 0 0 0 0 0 0 0 0 
1244 10 0 0 0 0 0 0 0 0 0 0 0 
1245 10 0 0 0 0 0 0 0 0 0 0 0 
1246 10 0 0 0 0 0 0 0 0 0 0 0 
1247 10 0 0 0 0 0 0 0 0 0 0 0 
1248 10 0 0 0 0 0 0 0 0 0 0 0 
1249 10 0 0 0 0 0 0 0 0 0 0 0 
1250 10 0 0 0 0 0 0 0 0 0 0 0 
1251 10 0 0 0 0 0 0 0 0 0 0 0 
1252 10 0 0 0 0 0 0 0 0 0 0 0 
1253 10 0 0 0 0 0 0 0 0 0 0 0 
1254 10 0 0 0 0 0 0 0 0 0 0 0 
1255 10 0 0 0 0 0 0 0 0 0 0 0 
1256 10 0 0 0 0 0 0 0 0 0 0 0 
1257 10 0 0 0 0 0 0 0 0 0 0 0 
1258 10 0 0 0 0 0 0 0 0 0 0 0 
1259 10 0 0 0 0 0 0 0 0 0 0 0 
1260 10 0 0 0 0 0 0 0 0 0 0 0 
1261 10 0 0 0 0 0 0 0 0 0 0 0 
1262 10 0 0 0 0 0 0 0 0 0 0 0 
1263 10 0 0 0 0 0 0 0 0 0 0 0 
1264 10 0 0 0 0 0 0 0 0 0 0 0 
1265 10 0 0 0 0 0 0 0 0 0 0 0 
1266 10 0 0 0 0 0 0 0 0 0 0 0 
1267 10 0 0 0 0 0 0 0 0 0 0 0 
1268 10 0 0 0 0 0 0 0 0 0 0 0 
1269 10 0 0 0 0 0 0 0 0 0 0 0 
1270 10 0 0 0 0 0 0 0 0 0 0 0 
1271 10 0 0 0 0 0 0 0 0 0 0 0 
1272 10 0 0 0 0 0 0 0 0 0 0 0 
1273 10 0 0 0 0 0 0 0 0 0 0 0 
1274 10 0 0 0 0 0 0 0 0 0 0 0 
1275 10 0 0 0 0 0 0 0 0 0 0 0 
1276 10 0 0 0 0 0 0 0 0 0 0 0 
1277 10 0 0 0 0 0 0 0 0 0 0 0 
1278 10 0 0 0 0 0 0 0 0 0 0 0 
1279 10 0 0 0 0 0 0 0 0 0 0 0 
1280 10 0 0 0 0 0 0 0 0 0 0 0 
1281 10 0 0 0 0 0 0 0 0 0 0 0 
1282 10 0 0 0 0 0 0 0 0 0 0 0 
1283 10 0 0 0 0 0 0 0 0 0 0 0 
1284 10 0 0 0 0 0 0 0 0 0 0 0 
1285 10 0 0 0 0 0 0 0 0 0 0 0 
1286 10 0 0 0 0 0 0 0 0 0 0 0 
1287 10 0 0 0 0 0 0 0 0 0 0 0 
1288 10 0 0 0 0 0 0 0 0 0 0 0 
1289 10 0 0 0 0 0 0 0 0 0 0 0 
1290 10 0 0 0 0 0 0 0 0 0 0 0 
1291 10 0 0 0 0 0 0 0 0 0 0 0 
1292 10 0 0 0 0 0 0 0 0 0 0 0 
1293 10 0 0 0 0 0 0 0 0 0 0 0 
1294 10 0 0 0 0 0 0 0 0 0 0 0 
1295 10 0 0 0 0 0 0 0 0 0 0 0 
1296 10 0 0 0 0 0 0 0 0 0 0 0 
1297 10 0 0 0 0 0 0 0 0 0 0 0 
1298 10 0 0 0 0 0 0 0 0 0 0 0 
1299 10 0 0 0 0 0 0 0 0 0 0 0 
1300 10 0 0 0 0 0 0 0 0 0 0 0 
1301 10 0 0 0 0 0 0 0 0 0 0 0 
1302 10 0 0 0 0 0 0 0 0 0 0 0 
1303 10 0 0 0 0 0 0 0 0 0 0 0 
1304 10 0 0 0 0 0 0 0 0 0 0 0 
1305 10 0 0 0 0 0 0 0 0 0 0 0 
1306 10 0 0 0 0 0 0 0 0 0 0 0 
1307 10 0 0 0 0 0 0 0 0 0 0 0 
1308 10 0 0 0 0 0 0 0 0 0 0 0 
1309 10 0 0 0 0 0 0 0 0 0 0 0 
1310 10 0 0 0 0 0 0 0 0 0 0 0 
1311 10 0 0 0 0 0 0 0 0 0 0 0 
1312 10 0 0 0 0 0 0 0 0 0 0 0 
1313 10 0 0 0 0 0 0 0 0 0 0 0 
1314 10 0 0 0 0 0 0 0 0 0 0 0 
1315 10 0 0 0 0 0 0 0 0 0 0 0 
1316 10 0 0 0 0 0 0 0 0 0 0 0 
1317 10 0 0 0 0 0 0 0 0 0 0 0 
1318 10 0 0 0 0 0 0 0 0 0 0 0 
1319 10 0 0 0 0 0 0 0 0 0 0 0 
1320 10 0 0 0 0 0 0 0 0 0 0 0 
1321 10 0 0 0 0 0 0 0 0 0 0 0 
1322 10 0 0 0 0 0 0 0 0 0 0 0 
1323 10 0 0 0 0 0 0 0 0 0 0 0 
1324 10 0 0 0 0 0 0 0 0 0 0 0 
1325 10 0 0 0 0 0 0 0 0 0 0 0 
1326 10 0 0 0 0 0 0 0 0 0 0 0 
1327 10 0 0 0 0 0 0 0 0 0 0 0 
1328 10 0 0 0 0 0 0 0 0 0 0 0 
1329 10 0 0 0 0 0 0 0 0 0 0 0 
1330 10 0 0 0 0 0 0 0 0 0 0 0 
1331 10 0 0 0 0 0 0 0 0 0 0 0 
1332 10 0 0 0 0 0 0 0 0 0 0 0 
1333 10 0 0 0 0 0 0 0 0 0 0 0 
1334 10 0 0 0 0 0 0 0 0 0 0 0 
1335 10 0 0 0 0 0 0 0 0 0 0 0 
1336 10 0 0 0 0 0 0 0 0 0 0 0 
1337 10 0 0 0 0 0 0 0 0 0 0 0 
1338 10 0 0 0 0 0 0 0 0 0 0 0 
1339 10 0 0 0 0 0 0 0 0 0 0 0 
1340 10 0 0 0 0 0 0 0 0 0 0 0 
1341 10 0 0 0 0 0 0 0 0 0 0 0 
1342 10 0 0 0 0 0 0 0 0 0 0 0 
1343 10 0 0 0 0 0 0 0 0 0 0 0 
1344 10 0 0 0 0 0 0 0 0 0 0 0 
1345 10 0 0 0 0 0 0 0 0 0 0 0 
1346 10 0 0 0 0 0 0 0 0 0 0 0 
1347 10 0 0 0 0 0 0 0 0 0 0 0 
1348 10 0 0 0 0 0 0 0 0 0 0 0 
1349 10 0 0 0 0 0 0 0 0 0 0 0 
1350 10 0 0 0 0 0 0 0 0 0 0 0 
1351 10 0 0 0 0 0 0 0 0 0 0 0 
1352 10 0 0 0 0 0 0 0 0 0 0 0 
1353 10 0 0 0 0 0 0 0 0 0 0 0 
1354 10 0 0 0 0 0 0 0 0 0 0 0 
1355 10 0 0 0 0 0 0 0 0 0 0 0 
1356 10 0 0 0 0 0 0 0 0 0 0 0 
1357 10 0 0 0 0 0 0 0 0 0 0 0 
1358 10 0 0 0 0 0 0 0 0 0 0 0 
1359 10 0 0 0 0 0 0 0 0 0 0 0 
1360 10 0 0 0 0 0 0 0 0 0 0 0 
1361 10 0 0 0 0 0 0 0 0 0 0 0 
1362 10 0 0 0 0 0 0 0 0 0 0 0 
1363 10 0 0 0 0 0 0 0 0 0 0 0 
1364 10 0 0 0 0 0 0 0 0 0 0 0 
1365 10 0 0 0 0 0 0 0 0 0 0 0 
1366 10 0 0 0 0 0 0 0 0 0 0 0 
1367 10 0 0 0 0 0 0 0 0 0 0 0 
1368 10 0 0 0 0 0 0 0 0 0 0 0 
1369 10 0 0 0 0 0 0 0 0 0 0 0 
1370 10 0 0 0 0 0 0 0 0 0 0 0 
1371 10 0 0 0 0 0 0 0 0 0 0 0 
1372 10 0 0 0 0 0 0 0 0 0 0 0 
1373 10 0 0 0 0 0 0 0 0 0 0 0 
1374 10 0 0 0 0 0 0 0 0 0 0 0 
1375 10 0 0 0 0 0 0 0 0 0 0 0 
1376 10 0 0 0 0 0 0 0 0 0 0 0 
1377 10 0 0 0 0 0 0 0 0 0 0 0 
1378 10 0 0 0 0 0 0 0 0 0 0 0 
1379 10 0 0 0 0 0 0 0 0 0 0 0 
1380 10 0 0 0 0 0 0 0 0 0 0 0 
1381 10 0 0 0 0 0 0 0 0 0 0 0 
1382 10 0 0 0 0 0 0 0 0 0 0 0 
1383 10 0 0 0 0 0 0 0 0 0 0 0 
1384 10 0 0 0 0 0 0 0 0 0 0 0 
1385 10 0 0 0 0 0 0 0 0 0 0 0 
1386 10 0 0 0 0 0 0 0 0 0 0 0 
1387 10 0 0 0 0 0 0 0 0 0 0 0 
1388 10 0 0 0 0 0 0 0 0 0 0 0 
1389 10 0 0 0 0 0 0 0 0 0 0 0 
1390 10 0 0 0 0 0 0 0 0 0 0 0 
1391 10 0 0 0 0 0 0 0 0 0 0 0 
1392 10 0 0 0 0 0 0 0 0 0 0 0 
1393 10 0 0 0 0 0 0 0 0 0 0 0 
1394 10 0 0 0 0 0 0 0 0 0 0 0 
1395 10 0 0 0 0 0 0 0 0 0 0 0 
1396 10 0 0 0 0 0 0 0 0 0 0 0 
1397 10 0 0 0 0 0 0 0 0 0 0 0 
1398 10 0 0 0 0 0 0 0 0 0 0 0 
1399 10 0 0 0 0 0 0 0 0 0 0 0 
1400 10 0 0 0 0 0 0 0 0 0 0 0 
1401 10 0 0 0 0 0 0 0 0 0 0 0 
1402 10 0 0 0 0 0 0 0 0 0 0 0 
1403 10 0 0 0 0 0 0 0 0 0 0 0 
1404 10 0 0 0 0 0 0 0 0 0 0 0 
1405 10 0 0 0 0 0 0 0 0 0 0 0 
1406 10 0 0 0 0 0 0 0 0 0 0 0 
1407 10 0 0 0 0 0 0 0 0 0 0 0 
1408 10 0 0 0 0 0 0 0 0 0 0 0 
1409 10 0 0 0 0 0 0 0 0 0 0 0 
1410 10 0 0 0 0 0 0 0 0 0 0 0 
1411 10 0 0 0 0 0 0 0 0 0 0 0 
1412 10 0 0 0 0 0 0 0 0 0 0 0 
1413 10 0 0 0 0 0 0 0 0 0 0 0 
1414 10 0 0 0 0 0 0 0 0 0 0 0 
1415 10 0 0 0 0 0 0 0 0 0 0 0 
1416 10 0 0 0 0 0 0 0 0 0 0 0 
1417 10 0 0 0 0 0 0 0 0 0 0 0 
1418 10 0 0 0 0 0 0 0 0 0 0 0 
1419 10 0 0 0 0 0 0 0 0 0 0 0 
1420 10 0 0 0 0 0 0 0 0 0 0 0 
1421 10 0 0 0 0 0 0 0 0 0 0 0 
1422 10 0 0 0 0 0 0 0 0 0 0 0 
1423 10 0 0 0 0 0 0 0 0 0 0 0 
1424 10 0 0 0 0 0 0 0 0 0 0 0 
1425 10 0 0 0 0 0 0 0 0 0 0 0 
1426 10 0 0 0 0 0 0 0 0 0 0 0 
1427 10 0 0 0 0 0 0 0 0 0 0 0 
1428 10 0 0 0 0 0 0 0 0 0 0 0 
1429 10 0 0 0 0 0 0 0 0 0 0 0 
1430 10 0 0 0 0 0 0 0 0 0 0 0 
1431 10 0 0 0 0 0 0 0 0 0 0 0 
1432 10 0 0 0 0 0 0 0 0 0 0 0 
1433 10 0 0 0 0 0 0 0 0 0 0 0 
1434 10 0 0 0 0 0 0 0 0 0 0 0 
1435 10 0 0 0 0 0 0 0 0 0 0 0 
1436 10 0 0 0 0 0 0 0 0 0 0 0 
1437 10 0 0 0 0 0 0 0 0 0 0 0 
1438 10 0 0 0 0 0 0 0 0 0 0 0 
1439 10 0 0 0 0 0 0 0 0 0 0 0 
1440 10 0 0 0 0 0 0 0 0 0 0 0 
1441 10 0 0 0 0 0 0 0 0 0 0 0 
1442 10 0 0 0 0 0 0 0 0 0 0 0 
1443 10 0 0 0 0 0 0 0 0 0 0 0 
1444 10 0 0 0 0 0 0 0 0 0 0 0 
1445 10 0 0 0 0 0 0 0 0 0 0 0 
1446 10 0 0 0 0 0 0 0 0 0 0 0 
1447 10 0 0 0 0 0 0 0 0 0 0 0 
1448 10 0 0 0 0 0 0 0 0 0 0 0 
1449 10 0 0 0 0 0 0 0 0 0 0 0 
1450 10 0 0 0 0 0 0 0 0 0 0 0 
1451 10 0 0 0 0 0 0 0 0 0 0 0 
1452 10 0 0 0 0 0 0 0 0 0 0 0 
1453 10 0 0 0 0 0 0 0 0 0 0 0 
1454 10 0 0 0 0 0 0 0 0 0 0 0 
1455 10 0 0 0 0 0 0 0 0 0 0 0 
1456 10 0 0 0 0 0 0 0 0 0 0 0 
1457 10 0 0 0 0 0 0 0 0 0 0 0 
1458 10 0 0 0 0 0 0 0 0 0 0 0 
1459 10 0 0 0 0 0 0 0 0 0 0 0 
1460 10 0 0 0 0 0 0 0 0 0 0 0 
1461 10 0 0 0 0 0 0 0 0 0 0 0 
1462 10 0 0 0 0 0 0 0 0 0 0 0 
1463 10 0 0 0 0 0 0 0 0 0 0 0 
1464 10 0 0 0 0 0 0 0 0 0 0 0 
1465 10 0 0 0 0 0 0 0 0 0 0 0 
1466 10 0 0 0 0 0 0 0 0 0 0 0 
1467 10 0 0 0 0 0 0 0 0 0 0 0 
1468 10 0 0 0 0 0 0 0 0 0 0 0 
1469 10 0 0 0 0 0 0 0 0 0 0 0 
1470 10 0 0 0 0 0 0 0 0 0 0 0 
1471 10 0 0 0 0 0 0 0 0 0 0 0 
1472 10 0 0 0 0 0 0 0 0 0 0 0 
1473 10 0 0 0 0 0 0 0 0 0 0 0 
1474 10 0 0 0 0 0 0 0 0 0 0 0 
1475 10 0 0 0 0 0 0 0 0 0 0 0 
1476 10 0 0 0 0 0 0 0 0 0 0 0 
1477 10 0 0 0 0 0 0 0 0 0 0 0 
1478 10 0 0 0 0 0 0 0 0 0 0 0 
1479 10 0 0 0 0 0 0 0 0 0 0 0 
1480 10 0 0 0 0 0 0 0 0 0 0 0 
1481 10 0 0 0 0 0 0 0 0 0 0 0 
1482 10 0 0 0 0 0 0 0 0 0 0 0 
1483 10 0 0 0 0 0 0 0 0 0 0 0 
1484 10 0 0 0 0 0 0 0 0 0 0 0 
1485 10 0 0 0 0 0 0 0 0 0 0 0 
1486 10 0 0 0 0 0 0 0 0 0 0 0 
1487 10 0 0 0 0 0 0 0 0 0 0 0 
1488 10 0 0 0 0 0 0 0 0 0 0 0 
1489 10 0 0 0 0 0 0 0 0 0 0 0 
1490 10 0 0 0 0 0 0 0 0 0 0 0 
1491 10 0 0 0 0 0 0 0 0 0 0 0 
1492 10 0 0 0 0 0 0 0 0 0 0 0 
1493 10 0 0 0 0 0 0 0 0 0 0 0 
1494 10 0 0 0 0 0 0 0 0 0 0 0 
1495 10 0 0 0 0 0 0 0 0 0 0 0 
1496 10 0 0 0 0 0 0 0 0 0 0 0 
1497 10 0 0 0 0 0 0 0 0 0 0 0 
1498 10 0 0 0 0 0 0 0 0 0 0 0 
1499 10 0 0 0 0 0 0 0 0 0 0 0 
1500 10 0 0 0 0 0 0 0 0 0 0 0 
1501 10 0 0 0 0 0 0 0 0 0 0 0 
1502 10 0 0 0 0 0 0 0 0 0 0 0 
1503 10 0 0 0 0 0 0 0 0 0 0 0 
1504 10 0 0 0 0 0 0 0 0 0 0 0 
1505 10 0 0 0 0 0 0 0 0 0 0 0 
1506 10 0 0 0 0 0 0 0 0 0 0 0 
1507 10 0 0 0 0 0 0 0 0 0 0 0 
1508 10 0 0 0 0 0 0 0 0 0 0 0 
1509 10 0 0 0 0 0 0 0 0 0 0 0 
1510 10 0 0 0 0 0 0 0 0 0 0 0 
1511 10 0 0 0 0 0 0 0 0 0 0 0 
1512 10 0 0 0 0 0 0 0 0 0 0 0 
1513 10 0 0 0 0 0 0 0 0 0 0 0 
1514 10 0 0 0 0 0 0 0 0 0 0 0 
1515 10 0 0 0 0 0 0 0 0 0 0 0 
1516 10 0 0 0 0 0 0 0 0 0 0 0 
1517 10 0 0 0 0 0 0 0 0 0 0 0 
1518 10 0 0 0 0 0 0 0 0 0 0 0 
1519 10 0 0 0 0 0 0 0 0 0 0 0 
1520 10 0 0 0 0 0 0 0 0 0 0 0 
1521 10 0 0 0 0 0 0 0 0 0 0 0 
1522 10 0 0 0 0 0 0 0 0 0 0 0 
1523 10 0 0 0 0 0 0 0 0 0 0 0 
1524 10 0 0 0 0 0 0 0 0 0 0 0 
1525 10 0 0 0 0 0 0 0 0 0 0 0 
1526 10 0 0 0 0 0 0 0 0 0 0 0 
1527 10 0 0 0 0 0 0 0 0 0 0 0 
1528 10 0 0 0 0 0 0 0 0 0 0 0 
1529 10 0 0 0 0 0 0 0 0 0 0 0 
1530 10 0 0 0 0 0 0 0 0 0 0 0 
1531 10 0 0 0 0 0 0 0 0 0 0 0 
1532 10 0 0 0 0 0 0 0 0 0 0 0 
1533 10 0 0 0 0 0 0 0 0 0 0 0 
1534 10 0 0 0 0 0 0 0 0 0 0 0 
1535 10 0 0 0 0 0 0 0 0 0 0 0 
1536 10 0 0 0 0 0 0 0 0 0 0 0 
1537 10 0 0 0 0 0 0 0 0 0 0 0 
1538 10 0 0 0 0 0 0 0 0 0 0 0 
1539 10 0 0 0 0 0 0 0 0 0 0 0 
1540 10 0 0 0 0 0 0 0 0 0 0 0 
1541 10 0 0 0 0 0 0 0 0 0 0 0 
1542 10 0 0 0 0 0 0 0 0 0 0 0 
1543 10 0 0 0 0 0 0 0 0 0 0 0 
1544 10 0 0 0 0 0 0 0 0 0 0 0 
1545 10 0 0 0 0 0 0 0 0 0 0 0 
1546 10 0 0 0 0 0 0 0 0 0 0 0 
1547 10 0 0 0 0 0 0 0 0 0 0 0 
1548 10 0 0 0 0 0 0 0 0 0 0 0 
1549 10 0 0 0 0 0 0 0 0 0 0 0 
1550 10 0 0 0 0 0 0 0 0 0 0 0 
1551 10 0 0 0 0 0 0 0 0 0 0 0 
1552 10 0 0 0 0 0 0 0 0 0 0 0 
1553 10 0 0 0 0 0 0 0 0 0 0 0 
1554 10 0 0 0 0 0 0 0 0 0 0 0 
1555 10 0 0 0 0 0 0 0 0 0 0 0 
1556 10 0 0 0 0 0 0 0 0 0 0 0 
1557 10 0 0 0 0 0 0 0 0 0 0 0 
1558 10 0 0 0 0 0 0 0 0 0 0 0 
1559 10 0 0 0 0 0 0 0 0 0 0 0 
1560 10 0 0 0 0 0 0 0 0 0 0 0 
1561 10 0 0 0 0 0 0 0 0 0 0 0 
1562 10 0 0 0 0 0 0 0 0 0 0 0 
1563 10 0 0 0 0 0 0 0 0 0 0 0 
1564 10 0 0 0 0 0 0 0 0 0 0 0 
1565 10 0 0 0 0 0 0 0 0 0 0 0 
1566 10 0 0 0 0 0 0 0 0 0 0 0 
1567 10 0 0 0 0 0 0 0 0 0 0 0 
1568 10 0 0 0 0 0 0 0 0 0 0 0 
1569 10 0 0 0 0 0 0 0 0 0 0 0 
1570 10 0 0 0 0 0 0 0 0 0 0 0 
1571 10 0 0 0 0 0 0 0 0 0 0 0 
1572 10 0 0 0 0 0 0 0 0 0 0 0 
1573 10 0 0 0 0 0 0 0 0 0 0 0 
1574 10 0 0 0 0 0 0 0 0 0 0 0 
1575 10 0 0 0 0 0 0 0 0 0 0 0 
1576 10 0 0 0 0 0 0 0 0 0 0 0 
1577 10 0 0 0 0 0 0 0 0 0 0 0 
1578 10 0 0 0 0 0 0 0 0 0 0 0 
1579 10 0 0 0 0 0 0 0 0 0 0 0 
1580 10 0 0 0 0 0 0 0 0 0 0 0 
1581 10 0 0 0 0 0 0 0 0 0 0 0 
1582 10 0 0 0 0 0 0 0 0 0 0 0 
1583 10 0 0 0 0 0 0 0 0 0 0 0 
1584 10 0 0 0 0 0 0 0 0 0 0 0 
1585 10 0 0 0 0 0 0 0 0 0 0 0 
1586 10 0 0 0 0 0 0 0 0 0 0 0 
1587 10 0 0 0 0 0 0 0 0 0 0 0 
1588 10 0 0 0 0 0 0 0 0 0 0 0 
1589 10 0 0 0 0 0 0 0 0 0 0 0 
1590 10 0 0 0 0 0 0 0 0 0 0 0 
1591 10 0 0 0 0 0 0 0 0 0 0 0 
1592 10 0 0 0 0 0 0 0 0 0 0 0 
1593 10 0 0 0 0 0 0 0 0 0 0 0 
1594 10 0 0 0 0 0 0 0 0 0 0 0 
1595 10 0 0 0 0 0 0 0 0 0 0 0 
1596 10 0 0 0 0 0 0 0 0 0 0 0 
1597 10 0 0 0 0 0 0 0 0 0 0 0 
1598 10 0 0 0 0 0 0 0 0 0 0 0 
1599 10 0 0 0 0 0 0 0 0 0 0 0 
1600 10 0 0 0 0 0 0 0 0 0 0 0 
1601 10 5 0 0 0 0 0 0 0 0 0 0 
1602 10 6 0 0 0 0 0 0 0 0 0 0 
1603 10 0 0 0 0 0 0 0 0 0 0 0 
1604 10 0 0 0 0 0 0 0 0 0 0 0 
1605 10 8 0 0 0 0 0 0 0 0 0 0 
1606 10 9 0 0 0 0 0 0 0 0 0 0 
1607 10 10 0 0 0 0 0 0 0 0 0 0 
1608 10 11 0 0 0 0 0 0 0 0 0 0 
1609 10 0 0 0 0 0 0 0 0 0 0 0 
1610 10 0 0 0 0 0 0 0 0 0 0 0 
1611 10 0 0 0 0 0 0 0 0 0 0 0 
1612 10 0 0 0 0 0 0 0 0 0 0 0 
1613 10 0 0 0 0 0 0 0 0 0 0 0 
1614 10 0 0 0 0 0 0 0 0 0 0 0 
1615 10 0 0 0 0 0 0 0 0 0 0 0 
1616 10 0 0 0 0 0 0 0 0 0 0 0 
1617 10 0 0 0 0 0 0 0 0 0 0 0 
1618 10 0 0 0 0 0 0 0 0 0 0 0 
1619 10 0 0 0 0 0 0 0 0 0 0 0 
1620 10 0 0 0 0 0 0 0 0 0 0 0 
1621 10 0 0 0 0 0 0 0 0 0 0 0 
1622 10 0 0 0 0 0 0 0 0 0 0 0 
1623 10 0 0 0 0 0 0 0 0 0 0 0 
1624 10 0 0 0 0 0 0 0 0 0 0 0 
1625 10 0 0 0 0 0 0 0 0 0 0 0 
1626 10 0 0 0 0 0 0 0 0 0 0 0 
1627 10 0 0 0 0 0 0 0 0 0 0 0 
1628 10 0 0 0 0 0 0 0 0 0 0 0 
1629 10 0 0 0 0 0 0 0 0 0 0 0 
1630 10 0 0 0 0 0 0 0 0 0 0 0 
1631 10 0 0 0 0 0 0 0 0 0 0 0 
1632 10 0 0 0 0 0 0 0 0 0 0 0 
1633 10 0 0 0 0 0 0 0 0 0 0 0 
1634 10 0 0 0 0 0 0 0 0 0 0 0 
1635 10 0 0 0 0 0 0 0 0 0 0 0 
1636 10 0 0 0 0 0 0 0 0 0 0 0 
1637 10 0 0 0 0 0 0 0 0 0 0 0 
1638 10 0 0 0 0 0 0 0 0 0 0 0 
1639 10 0 0 0 0 0 0 0 0 0 0 0 
1640 10 0 0 0 0 0 0 0 0 0 0 0 
1641 10 0 0 0 0 0 0 0 0 0 0 0 
1642 10 0 0 0 0 0 0 0 0 0 0 0 
1643 10 0 0 0 0 0 0 0 0 0 0 0 
1644 10 0 0 0 0 0 0 0 0 0 0 0 
1645 10 0 0 0 0 0 0 0 0 0 0 0 
1646 10 0 0 0 0 0 0 0 0 0 0 0 
1647 10 0 0 0 0 0 0 0 0 0 0 0 
1648 10 0 0 0 0 0 0 0 0 0 0 0 
1649 10 0 0 0 0 0 0 0 0 0 0 0 
1650 10 0 0 0 0 0 0 0 0 0 0 0 
1651 10 0 0 0 0 0 0 0 0 0 0 0 
1652 10 0 0 0 0 0 0 0 0 0 0 0 
1653 10 0 0 0 0 0 0 0 0 0 0 0 
1654 10 0 0 0 0 0 0 0 0 0 0 0 
1655 10 0 0 0 0 0 0 0 0 0 0 0 
1656 10 0 0 0 0 0 0 0 0 0 0 0 
1657 10 0 0 0 0 0 0 0 0 0 0 0 
1658 10 0 0 0 0 0 0 0 0 0 0 0 
1659 10 18 0 0 0 0 0 0 0 0 0 0 
1660 10 19 0 0 0 0 0 0 0 0 0 0 
1661 10 0 0 0 0 0 0 0 0 0 0 0 
1662 10 0 0 0 0 0 0 0 0 0 0 0 
1663 10 0 0 0 0 0 0 0 0 0 0 0 
1664 10 0 0 0 0 0 0 0 0 0 0 0 
1665 10 0 0 0 0 0 0 0 0 0 0 0 
1666 10 0 0 0 0 0 0 0 0 0 0 0 
1667 10 0 0 0 0 0 0 0 0 0 0 0 
1668 10 0 0 0 0 0 0 0 0 0 0 0 
1669 10 0 0 0 0 0 0 0 0 0 0 0 
1670 10 0 0 0 0 0 0 0 0 0 0 0 
1671 10 0 0 0 0 0 0 0 0 0 0 0 
1672 10 0 0 0 0 0 0 0 0 0 0 0 
1673 10 0 0 0 0 0 0 0 0 0 0 0 
1674 10 0 0 0 0 0 0 0 0 0 0 0 
1675 10 0 0 0 0 0 0 0 0 0 0 0 
1676 10 0 0 0 0 0 0 0 0 0 0 0 
1677 10 0 0 0 0 0 0 0 0 0 0 0 
1678 10 0 0 0 0 0 0 0 0 0 0 0 
1679 10 0 0 0 0 0 0 0 0 0 0 0 
1680 10 0 0 0 0 0 0 0 0 0 0 0 
1681 10 0 0 0 0 0 0 0 0 0 0 0 
1682 10 0 0 0 0 0 0 0 0 0 0 0 
1683 10 0 0 0 0 0 0 0 0 0 0 0 
1684 10 0 0 0 0 0 0 0 0 0 0 0 
1685 10 0 0 0 0 0 0 0 0 0 0 0 
1686 10 0 0 0 0 0 0 0 0 0 0 0 
1687 10 0 0 0 0 0 0 0 0 0 0 0 
1688 10 0 0 0 0 0 0 0 0 0 0 0 
1689 10 0 0 0 0 0 0 0 0 0 0 0 
1690 10 0 0 0 0 0 0 0 0 0 0 0 
1691 10 0 0 0 0 0 0 0 0 0 0 0 
1692 10 0 0 0 0 0 0 0 0 0 0 0 
1693 10 0 0 0 0 0 0 0 0 0 0 0 
1694 10 0 0 0 0 0 0 0 0 0 0 0 
1695 10 0 0 0 0 0 0 0 0 0 0 0 
1696 10 0 0 0 0 0 0 0 0 0 0 0 
1697 10 0 0 0 0 0 0 0 0 0 0 0 
1698 10 0 0 0 0 0 0 0 0 0 0 0 
1699 10 0 0 0 0 0 0 0 0 0 0 0 
1700 10 0 0 0 0 0 0 0 0 0 0 0 
1701 10 0 0 0 0 0 0 0 0 0 0 0 
1702 10 0 0 0 0 0 0 0 0 0 0 0 
1703 10 0 0 0 0 0 0 0 0 0 0 0 
1704 10 0 0 0 0 0 0 0 0 0 0 0 
1705 10 0 0 0 0 0 0 0 0 0 0 0 
1706 10 0 0 0 0 0 0 0 0 0 0 0 
1707 10 0 0 0 0 0 0 0 0 0 0 0 
1708 10 0 0 0 0 0 0 0 0 0 0 0 
1709 10 0 0 0 0 0 0 0 0 0 0 0 
1710 10 0 0 0 0 0 0 0 0 0 0 0 
1711 10 0 0 0 0 0 0 0 0 0 0 0 
1712 10 0 0 0 0 0 0 0 0 0 0 0 
1713 10 0 0 0 0 0 0 0 0 0 0 0 
1714 10 0 0 0 0 0 0 0 0 0 0 0 
1715 10 0 0 0 0 0 0 0 0 0 0 0 
1716 10 0 0 0 0 0 0 0 0 0 0 0 
1717 10 0 0 0 0 0 0 0 0 0 0 0 
1718 10 0 0 0 0 0 0 0 0 0 0 0 
1719 10 0 0 0 0 0 0 0 0 0 0 0 
1720 10 0 0 0 0 0 0 0 0 0 0 0 
1721 10 0 0 0 0 0 0 0 0 0 0 0 
1722 10 0 0 0 0 0 0 0 0 0 0 0 
1723 10 0 0 0 0 0 0 0 0 0 0 0 
1724 10 0 0 0 0 0 0 0 0 0 0 0 
1725 10 0 0 0 0 0 0 0 0 0 0 0 
1726 10 0 0 0 0 0 0 0 0 0 0 0 
1727 10 0 0 0 0 0 0 0 0 0 0 0 
1728 10 0 0 0 0 0 0 0 0 0 0 0 
1729 10 0 0 0 0 0 0 0 0 0 0 0 
1730 10 0 0 0 0 0 0 0 0 0 0 0 
1731 10 23 0 0 0 0 0 0 0 0 0 0 
1732 10 24 0 0 0 0 0 0 0 0 0 0 
1733 10 0 0 0 0 0 0 0 0 0 0 0 
1734 10 0 0 0 0 0 0 0 0 0 0 0 
1735 10 26 0 0 0 0 0 0 0 0 0 0 
1736 10 27 0 0 0 0 0 0 0 0 0 0 
1737 10 28 0 0 0 0 0 0 0 0 0 0 
1738 10 29 0 0 0 0 0 0 0 0 0 0 
1739 10 0 0 0 0 0 0 0 0 0 0 0 
1740 10 0 0 0 0 0 0 0 0 0 0 0 
1741 10 0 0 0 0 0 0 0 0 0 0 0 
1742 10 0 0 0 0 0 0 0 0 0 0 0 
1743 10 0 0 0 0 0 0 0 0 0 0 0 
1744 10 0 0 0 0 0 0 0 0 0 0 0 
1745 10 0 0 0 0 0 0 0 0 0 0 0 
1746 10 0 0 0 0 0 0 0 0 0 0 0 
1747 10 0 0 0 0 0 0 0 0 0 0 0 
1748 10 0 0 0 0 0 0 0 0 0 0 0 
1749 10 0 0 0 0 0 0 0 0 0 0 0 
1750 10 0 0 0 0 0 0 0 0 0 0 0 
1751 10 0 0 0 0 0 0 0 0 0 0 0 
1752 10 0 0 0 0 0 0 0 0 0 0 0 
1753 10 0 0 0 0 0 0 0 0 0 0 0 
1754 10 0 0 0 0 0 0 0 0 0 0 0 
1755 10 0 0 0 0 0 0 0 0 0 0 0 
1756 10 0 0 0 0 0 0 0 0 0 0 0 
1757 10 0 0 0 0 0 0 0 0 0 0 0 
1758 10 0 0 0 0 0 0 0 0 0 0 0 
1759 10 0 0 0 0 0 0 0 0 0 0 0 
1760 10 0 0 0 0 0 0 0 0 0 0 0 
1761 10 0 0 0 0 0 0 0 0 0 0 0 
1762 10 0 0 0 0 0 0 0 0 0 0 0 
1763 10 0 0 0 0 0 0 0 0 0 0 0 
1764 10 0 0 0 0 0 0 0 0 0 0 0 
1765 10 0 0 0 0 0 0 0 0 0 0 0 
1766 10 0 0 0 0 0 0 0 0 0 0 0 
1767 10 0 0 0 0 0 0 0 0 0 0 0 
1768 10 0 0 0 0 0 0 0 0 0 0 0 
1769 10 0 0 0 0 0 0 0 0 0 0 0 
1770 10 0 0 0 0 0 0 0 0 0 0 0 
1771 10 0 0 0 0 0 0 0 0 0 0 0 
1772 10 0 0 0 0 0 0 0 0 0 0 0 
1773 10 0 0 0 0 0 0 0 0 0 0 0 
1774 10 0 0 0 0 0 0 0 0 0 0 0 
1775 10 0 0 0 0 0 0 0 0 0 0 0 
1776 10 0 0 0 0 0 0 0 0 0 0 0 
1777 10 0 0 0 0 0 0 0 0 0 0 0 
1778 10 0 0 0 0 0 0 0 0 0 0 0 
1779 10 0 0 0 0 0 0 0 0 0 0 0 
1780 10 0 0 0 0 0 0 0 0 0 0 0 
1781 10 0 0 0 0 0 0 0 0 0 0 0 
1782 10 0 0 0 0 0 0 0 0 0 0 0 
1783 10 0 0 0 0 0 0 0 0 0 0 0 
1784 10 0 0 0 0 0 0 0 0 0 0 0 
1785 10 0 0 0 0 0 0 0 0 0 0 0 
1786 10 0 0 0 0 0 0 0 0 0 0 0 
1787 10 0 0 0 0 0 0 0 0 0 0 0 
1788 10 0 0 0 0 0 0 0 0 0 0 0 
1789 10 0 0 0 0 0 0 0 0 0 0 0 
1790 10 0 0 0 0 0 0 0 0 0 0 0 
1791 10 0 0 0 0 0 0 0 0 0 0 0 
1792 10 0 0 0 0 0 0 0 0 0 0 0 
1793 10 0 0 0 0 0 0 0 0 0 0 0 
1794 10 0 0 0 0 0 0 0 0 0 0 0 
1795 10 0 0 0 0 0 0 0 0 0 0 0 
1796 10 0 0 0 0 0 0 0 0 0 0 0 
1797 10 0 0 0 0 0 0 0 0 0 0 0 
1798 10 0 0 0 0 0 0 0 0 0 0 0 
1799 10 0 0 0 0 0 0 0 0 0 0 0 
1800 10 0 0 0 0 0 0 0 0 0 0 0 
1801 10 0 0 0 0 0 0 0 0 0 0 0 
1802 10 0 0 0 0 0 0 0 0 0 0 0 
1803 10 0 0 0 0 0 0 0 0 0 0 0 
1804 10 0 0 0 0 0 0 0 0 0 0 0 
1805 10 0 0 0 0 0 0 0 0 0 0 0 
1806 10 0 0 0 0 0 0 0 0 0 0 0 
1807 10 0 0 0 0 0 0 0 0 0 0 0 
1808 10 0 0 0 0 0 0 0 0 0 0 0 
1809 10 0 0 0 0 0 0 0 0 0 0 0 
1810 10 0 0 0 0 0 0 0 0 0 0 0 
1811 10 0 0 0 0 0 0 0 0 0 0 0 
1812 10 0 0 0 0 0 0 0 0 0 0 0 
1813 10 0 0 0 0 0 0 0 0 0 0 0 
1814 10 0 0 0 0 0 0 0 0 0 0 0 
1815 10 0 0 0 0 0 0 0 0 0 0 0 
1816 10 0 0 0 0 0 0 0 0 0 0 0 
1817 10 0 0 0 0 0 0 0 0 0 0 0 
1818 10 0 0 0 0 0 0 0 0 0 0 0 
1819 10 0 0 0 0 0 0 0 0 0 0 0 
1820 10 0 0 0 0 0 0 0 0 0 0 0 
1821 10 0 0 0 0 0 0 0 0 0 0 0 
1822 10 0 0 0 0 0 0 0 0 0 0 0 
1823 10 0 0 0 0 0 0 0 0 0 0 0 
1824 10 0 0 0 0 0 0 0 0 0 0 0 
1825 10 0 0 0 0 0 0 0 0 0 0 0 
1826 10 0 0 0 0 0 0 0 0 0 0 0 
1827 10 0 0 0 0 0 0 0 0 0 0 0 
1828 10 0 0 0 0 0 0 0 0 0 0 0 
1829 10 0 0 0 0 0 0 0 0 0 0 0 
1830 10 0 0 0 0 0 0 0 0 0 0 0 
1831 10 0 0 0 0 0 0 0 0 0 0 0 
1832 10 0 0 0 0 0 0 0 0 0 0 0 
1833 10 0 0 0 0 0 0 0 0 0 0 0 
1834 10 0 0 0 0 0 0 0 0 0 0 0 
1835 10 0 0 0 0 0 0 0 0 0 0 0 
1836 10 0 0 0 0 0 0 0 0 0 0 0 
1837 10 0 0 0 0 0 0 0 0 0 0 0 
1838 10 0 0 0 0 0 0 0 0 0 0 0 
1839 10 0 0 0 0 0 0 0 0 0 0 0 
1840 10 0 0 0 0 0 0 0 0 0 0 0 
1841 10 0 0 0 0 0 0 0 0 0 0 0 
1842 10 0 0 0 0 0 0 0 0 0 0 0 
1843 10 0 0 0 0 0 0 0 0 0 0 0 
1844 10 0 0 0 0 0 0 0 0 0 0 0 
1845 10 0 0 0 0 0 0 0 0 0 0 0 
1846 10 0 0 0 0 0 0 0 0 0 0 0 
1847 10 0 0 0 0 0 0 0 0 0 0 0 
1848 10 0 0 0 0 0 0 0 0 0 0 0 
1849 10 0 0 0 0 0 0 0 0 0 0 0 
1850 10 0 0 0 0 0 0 0 0 0 0 0 
1851 10 0 0 0 0 0 0 0 0 0 0 0 
1852 10 0 0 0 0 0 0 0 0 0 0 0 
1853 10 0 0 0 0 0 0 0 0 0 0 0 
1854 10 0 0 0 0 0 0 0 0 0 0 0 
1855 10 0 0 0 0 0 0 0 0 0 0 0 
1856 10 0 0 0 0 0 0 0 0 0 0 0 
1857 10 0 0 0 0 0 0 0 0 0 0 0 
1858 10 0 0 0 0 0 0 0 0 0 0 0 
1859 10 0 0 0 0 0 0 0 0 0 0 0 
1860 10 0 0 0 0 0 0 0 0 0 0 0 
1861 10 0 0 0 0 0 0 0 0 0 0 0 
1862 10 0 0 0 0 0 0 0 0 0 0 0 
1863 10 0 0 0 0 0 0 0 0 0 0 0 
1864 10 0 0 0 0 0 0 0 0 0 0 0 
1865 10 0 0 0 0 0 0 0 0 0 0 0 
1866 10 0 0 0 0 0 0 0 0 0 0 0 
1867 10 0 0 0 0 0 0 0 0 0 0 0 
1868 10 0 0 0 0 0 0 0 0 0 0 0 
1869 10 0 0 0 0 0 0 0 0 0 0 0 
1870 10 0 0 0 0 0 0 0 0 0 0 0 
1871 10 0 0 0 0 0 0 0 0 0 0 0 
1872 10 0 0 0 0 0 0 0 0 0 0 0 
1873 10 0 0 0 0 0 0 0 0 0 0 0 
1874 10 0 0 0 0 0 0 0 0 0 0 0 
1875 10 0 0 0 0 0 0 0 0 0 0 0 
1876 10 0 0 0 0 0 0 0 0 0 0 0 
1877 10 0 0 0 0 0 0 0 0 0 0 0 
1878 10 0 0 0 0 0 0 0 0 0 0 0 
1879 10 0 0 0 0 0 0 0 0 0 0 0 
1880 10 0 0 0 0 0 0 0 0 0 0 0 
1881 10 0 0 0 0 0 0 0 0 0 0 0 
1882 10 0 0 0 0 0 0 0 0 0 0 0 
1883 10 0 0 0 0 0 0 0 0 0 0 0 
1884 10 0 0 0 0 0 0 0 0 0 0 0 
1885 10 0 0 0 0 0 0 0 0 0 0 0 
1886 10 0 0 0 0 0 0 0 0 0 0 0 
1887 10 0 0 0 0 0 0 0 0 0 0 0 
1888 10 0 0 0 0 0 0 0 0 0 0 0 
1889 10 0 0 0 0 0 0 0 0 0 0 0 
1890 10 0 0 0 0 0 0 0 0 0 0 0 
1891 10 0 0 0 0 0 0 0 0 0 0 0 
1892 10 0 0 0 0 0 0 0 0 0 0 0 
1893 10 0 0 0 0 0 0 0 0 0 0 0 
1894 10 0 0 0 0 0 0 0 0 0 0 0 
1895 10 0 0 0 0 0 0 0 0 0 0 0 
1896 10 0 0 0 0 0 0 0 0 0 0 0 
1897 10 0 0 0 0 0 0 0 0 0 0 0 
1898 10 0 0 0 0 0 0 0 0 0 0 0 
1899 10 0 0 0 0 0 0 0 0 0 0 0 
1900 10 0 0 0 0 0 0 0 0 0 0 0 
1901 10 0 0 0 0 0 0 0 0 0 0 0 
1902 10 0 0 0 0 0 0 0 0 0 0 0 
1903 10 0 0 0 0 0 0 0 0 0 0 0 
1904 10 0 0 0 0 0 0 0 0 0 0 0 
1905 10 0 0 0 0 0 0 0 0 0 0 0 
1906 10 0 0 0 0 0 0 0 0 0 0 0 
1907 10 0 0 0 0 0 0 0 0 0 0 0 
1908 10 0 0 0 0 0 0 0 0 0 0 0 
1909 10 0 0 0 0 0 0 0 0 0 0 0 
1910 10 0 0 0 0 0 0 0 0 0 0 0 
1911 10 0 0 0 0 0 0 0 0 0 0 0 
1912 10 0 0 0 0 0 0 0 0 0 0 0 
1913 10 0 0 0 0 0 0 0 0 0 0 0 
1914 10 0 0 0 0 0 0 0 0 0 0 0 
1915 10 0 0 0 0 0 0 0 0 0 0 0 
1916 10 0 0 0 0 0 0 0 0 0 0 0 
1917 10 0 0 0 0 0 0 0 0 0 0 0 
1918 10 0 0 0 0 0 0 0 0 0 0 0 
1919 10 0 0 0 0 0 0 0 0 0 0 0 
1920 10 0 0 0 0 0 0 0 0 0 0 0 
1921 10 0 0 0 0 0 0 0 0 0 0 0 
1922 10 0 0 0 0 0 0 0 0 0 0 0 
1923 10 0 0 0 0 0 0 0 0 0 0 0 
1924 10 0 0 0 0 0 0 0 0 0 0 0 
1925 10 0 0 0 0 0 0 0 0 0 0 0 
1926 10 0 0 0 0 0 0 0 0 0 0 0 
1927 10 0 0 0 0 0 0 0 0 0 0 0 
1928 10 0 0 0 0 0 0 0 0 0 0 0 
1929 10 0 0 0 0 0 0 0 0 0 0 0 
1930 10 0 0 0 0 0 0 0 0 0 0 0 
1931 10 0 0 0 0 0 0 0 0 0 0 0 
1932 10 0 0 0 0 0 0 0 0 0 0 0 
1933 10 0 0 0 0 0 0 0 0 0 0 0 
1934 10 0 0 0 0 0 0 0 0 0 0 0 
1935 10 0 0 0 0 0 0 0 0 0 0 0 
1936 10 0 0 0 0 0 0 0 0 0 0 0 
1937 10 0 0 0 0 0 0 0 0 0 0 0 
1938 10 0 0 0 0 0 0 0 0 0 0 0 
1939 10 0 0 0 0 0 0 0 0 0 0 0 
1940 10 0 0 0 0 0 0 0 0 0 0 0 
1941 10 0 0 0 0 0 0 0 0 0 0 0 
1942 10 0 0 0 0 0 0 0 0 0 0 0 
1943 10 0 0 0 0 0 0 0 0 0 0 0 
1944 10 0 0 0 0 0 0 0 0 0 0 0 
1945 10 0 0 0 0 0 0 0 0 0 0 0 
1946 10 0 0 0 0 0 0 0 0 0 0 0 
1947 10 0 0 0 0 0 0 0 0 0 0 0 
1948 10 0 0 0 0 0 0 0 0 0 0 0 
1949 10 0 0 0 0 0 0 0 0 0 0 0 
1950 10 0 0 0 0 0 0 0 0 0 0 0 
1951 10 0 0 0 0 0 0 0 0 0 0 0 
1952 10 0 0 0 0 0 0 0 0 0 0 0 
1953 10 0 0 0 0 0 0 0 0 0 0 0 
1954 10 0 0 0 0 0 0 0 0 0 0 0 
1955 10 0 0 0 0 0 0 0 0 0 0 0 
1956 10 0 0 0 0 0 0 0 0 0 0 0 
1957 10 0 0 0 0 0 0 0 0 0 0 0 
1958 10 0 0 0 0 0 0 0 0 0 0 0 
1959 10 0 0 0 0 0 0 0 0 0 0 0 
1960 10 0 0 0 0 0 0 0 0 0 0 0 
1961 10 0 0 0 0 0 0 0 0 0 0 0 
1962 10 0 0 0 0 0 0 0 0 0 0 0 
1963 10 0 0 0 0 0 0 0 0 0 0 0 
1964 10 0 0 0 0 0 0 0 0 0 0 0 
1965 10 0 0 0 0 0 0 0 0 0 0 0 
1966 10 0 0 0 0 0 0 0 0 0 0 0 
1967 10 0 0 0 0 0 0 0 0 0 0 0 
1968 10 0 0 0 0 0 0 0 0 0 0 0 
1969 10 0 0 0 0 0 0 0 0 0 0 0 
1970 10 0 0 0 0 0 0 0 0 0 0 0 
1971 10 0 0 0 0 0 0 0 0 0 0 0 
1972 10 0 0 0 0 0 0 0 0 0 0 0 
1973 10 0 0 0 0 0 0 0 0 0 0 0 
1974 10 0 0 0 0 0 0 0 0 0 0 0 
1975 10 0 0 0 0 0 0 0 0 0 0 0 
1976 10 0 0 0 0 0 0 0 0 0 0 0 
1977 10 0 0 0 0 0 0 0 0 0 0 0 
1978 10 0 0 0 0 0 0 0 0 0 0 0 
1979 10 0 0 0 0 0 0 0 0 0 0 0 
1980 10 0 0 0 0 0 0 0 0 0 0 0 
1981 10 0 0 0 0 0 0 0 0 0 0 0 
1982 10 0 0 0 0 0 0 0 0 0 0 0 
1983 10 0 0 0 0 0 0 0 0 0 0 0 
1984 10 0 0 0 0 0 0 0 0 0 0 0 
1985 10 0 0 0 0 0 0 0 0 0 0 0 
1986 10 0 0 0 0 0 0 0 0 0 0 0 
1987 10 0 0 0 0 0 0 0 0 0 0 0 
1988 10 0 0 0 0 0 0 0 0 0 0 0 
1989 10 0 0 0 0 0 0 0 0 0 0 0 
1990 10 0 0 0 0 0 0 0 0 0 0 0 
1991 10 0 0 0 0 0 0 0 0 0 0 0 
1992 10 0 0 0 0 0 0 0 0 0 0 0 
1993 10 0 0 0 0 0 0 0 0 0 0 0 
1994 10 0 0 0 0 0 0 0 0 0 0 0 
1995 10 0 0 0 0 0 0 0 0 0 0 0 
1996 10 0 0 0 0 0 0 0 0 0 0 0 
1997 10 0 0 0 0 0 0 0 0 0 0 0 
1998 10 0 0 0 0 0 0 0 0 0 0 0 
1999 10 0 0 0 0 0 0 0 0 0 0 0 
2000 10 0 0 0 0 0 0 0 0 0 0 0 
2001 10 0 0 0 0 0 0 0 0 0 0 0 
2002 10 0 0 0 0 0 0 0 0 0 0 0 
2003 10 0 0 0 0 0 0 0 0 0 0 0 
2004 10 0 0 0 0 0 0 0 0 0 0 0 
2005 10 0 0 0 0 0 0 0 0 0 0 0 
2006 10 0 0 0 0 0 0 0 0 0 0 0 
2007 10 0 0 0 0 0 0 0 0 0 0 0 
2008 10 0 0 0 0 0 0 0 0 0 0 0 
2009 10 0 0 0 0 0 0 0 0 0 0 0 
2010 10 0 0 0 0 0 0 0 0 0 0 0 
2011 10 0 0 0 0 0 0 0 0 0 0 0 
2012 10 0 0 0 0 0 0 0 0 0 0 0 
2013 10 0 0 0 0 0 0 0 0 0 0 0 
2014 10 0 0 0 0 0 0 0 0 0 0 0 
2015 10 0 0 0 0 0 0 0 0 0 0 0 
2016 10 0 0 0 0 0 0 0 0 0 0 0 
2017 10 0 0 0 0 0 0 0 0 0 0 0 
2018 10 0 0 0 0 0 0 0 0 0 0 0 
2019 10 0 0 0 0 0 0 0 0 0 0 0 
2020 10 0 0 0 0 0 0 0 0 0 0 0 
2021 10 0 0 0 0 0 0 0 0 0 0 0 
2022 10 0 0 0 0 0 0 0 0 0 0 0 
2023 10 0 0 0 0 0 0 0 0 0 0 0 
2024 10 0 0 0 0 0 0 0 0 0 0 0 
2025 10 0 0 0 0 0 0 0 0 0 0 0 
2026 10 0 0 0 0 0 0 0 0 0 0 0 
2027 10 0 0 0 0 0 0 0 0 0 0 0 
2028 10 0 0 0 0 0 0 0 0 0 0 0 
2029 10 0 0 0 0 0 0 0 0 0 0 0 
2030 10 0 0 0 0 0 0 0 0 0 0 0 
2031 10 0 0 0 0 0 0 0 0 0 0 0 
2032 10 0 0 0 0 0 0 0 0 0 0 0 
2033 10 38 0 0 0 0 0 0 0 0 0 0 
2034 10 39 0 0 0 0 0 0 0 0 0 0 
2035 10 0 0 0 0 0 0 0 0 0 0 0 
2036 10 0 0 0 0 0 0 0 0 0 0 0 
2037 10 0 0 0 0 0 0 0 0 0 0 0 
2038 10 0 0 0 0 0 0 0 0 0 0 0 
2039 10 0 0 0 0 0 0 0 0 0 0 0 
2040 10 0 0 0 0 0 0 0 0 0 0 0 
2041 10 0 0 0 0 0 0 0 0 0 0 0 
2042 10 0 0 0 0 0 0 0 0 0 0 0 
2043 10 0 0 0 0 0 0 0 0 0 0 0 
2044 10 0 0 0 0 0 0 0 0 0 0 0 
2045 10 0 0 0 0 0 0 0 0 0 0 0 
2046 10 0 0 0 0 0 0 0 0 0 0 0 

0 4 1 3 pack_2 0.00554187 9 -3 -111 144 -8 -111 72 -3 -111 336 12 -111 156 7 -111 156 -18 -111 78 17 -111 150 -3 -111 186 -8 -111 186 
1 4 1 3 pack_2 0.0269461 6 17 34 318 2 59 186 12 34 240 2 64 186 12 34 72 7 34 144 
2 4 1 3 pack_2 0.11215 2 22 49 336 22 54 336 
3 4 1 3 pack_2 0.782609 9 17 59 156 12 44 78 -3 39 102 -3 39 96 -3 44 102 12 34 78 -13 44 114 17 59 144 12 49 78 
4 4 1 3 pack_2 0.545455 1 -8 4 90 
5 4 1 3 pack_2 1 22 7 -41 78 -3 -1 78 12 -6 36 22 -31 318 2 -21 336 27 -6 318 2 -6 156 7 -31 150 12 -16 336 -3 -26 150 7 -26 144 -23 -21 186 -8 4 72 -3 -41 90 2 -16 72 -3 -31 150 2 -31 144 -8 -6 78 17 4 6 -3 -6 72 -23 -26 186 -18 4 90 
6 4 1 3 pack_2 1 1 -8 -1 78 
7 4 1 3 pack_2 0.266667 10 22 -101 114 -8 -56 78 7 -101 102 17 -111 96 -18 -41 96 7 -41 72 27 -111 102 42 -111 300 32 -106 288 12 -111 102 
8 4 1 3 pack_2 0.375 2 37 -101 36 37 -101 300 
9 4 1 3 pack_2 0.963504 22 37 -106 300 32 -106 114 27 -106 120 32 -111 120 27 -106 156 2 -51 72 -3 -56 72 7 -111 96 17 -111 186 22 -111 102 27 -111 282 -38 -111 78 22 -106 102 -3 -61 72 7 -101 96 27 -106 282 12 -111 114 27 -101 282 -38 -111 72 17 -106 114 17 -101 114 22 -111 288 
10 4 1 3 pack_2 1 24 42 -106 240 52 -111 336 42 -106 114 52 -111 300 52 -111 318 27 -106 186 42 -111 114 32 -111 96 32 -106 186 42 -106 186 42 -106 288 42 -111 144 42 -111 78 32 -111 186 47 -111 150 52 -111 90 52 -111 96 47 -111 222 52 -111 240 47 -111 156 57 -111 156 32 -111 102 37 -111 90 37 -111 144 
11 4 1 3 pack_2 1 2 -48 -111 240 -53 -111 186 
12 4 1 3 pack_2 0.545455 1 32 -106 222 
13 4 1 3 pack_2 1 9 -48 -111 6 -43 -111 240 -48 -106 150 -48 -111 288 -43 -106 156 -43 -111 156 -38 -106 156 -43 -111 300 -28 -111 336 
14 4 1 3 pack_2 0.0540541 1 -53 -111 318 
15 4 1 3 pack_2 0.146341 1 -13 -96 90 
16 4 1 3 pack_2 0.545455 2 -8 -71 72 2 -101 36 
17 4 1 3 pack_2 1 3 7 -66 156 -33 -106 156 7 -91 240 
18 4 1 3 pack_2 0.989429 156 22 -101 150 -38 -96 90 2 -96 90 -43 -101 150 17 -96 90 2 -111 90 -8 -71 90 32 -91 6 12 -91 90 -8 -66 90 -38 -111 240 -43 -106 120 -3 -106 282 27 -96 36 -33 -106 222 -3 -91 102 -33 -111 222 22 -111 6 -38 -106 150 32 -96 318 7 -111 72 22 -101 300 -8 -66 78 -28 -111 78 -38 -111 120 2 -111 282 -3 -96 90 -38 -106 120 -43 -106 102 -28 -106 36 -38 -106 36 -28 -101 90 7 -111 336 -38 -106 144 -8 -101 96 -23 -111 36 -33 -106 36 32 -111 318 -13 -106 144 -3 -111 240 -18 -106 240 22 -96 300 12 -106 78 -38 -101 186 17 -106 36 -23 -106 120 27 -106 222 17 -91 156 12 -106 156 -3 -76 336 -28 -111 222 17 -96 144 -8 -86 144 -3 -56 78 12 -101 240 2 -96 240 -43 -96 114 2 -91 240 -23 -106 150 2 -101 6 12 -101 300 -23 -106 102 -38 -111 102 -18 -101 102 -38 -106 96 -18 -96 102 -18 -86 72 -33 -106 102 -18 -106 96 -23 -91 102 -38 -101 96 27 -101 336 -18 -86 156 17 -91 150 17 -71 150 12 -66 156 -23 -106 288 22 -56 336 -13 -111 288 12 -71 156 -33 -111 144 17 -86 150 17 -81 144 -23 -91 288 -8 -111 282 22 -91 336 -18 -91 288 -28 -106 144 -3 -71 144 -13 -71 150 -23 -91 282 27 -71 318 17 -96 156 17 -96 150 -3 -71 336 12 -91 156 12 -86 150 7 -96 156 17 -111 300 7 -91 336 17 -81 300 7 -96 72 -18 -106 78 12 -86 78 -8 -101 72 -3 -101 336 12 -91 318 -13 -101 78 -8 -96 72 -18 -71 96 17 -111 36 -33 -86 90 -18 -61 96 2 -91 156 12 -101 72 -8 -91 72 17 -96 72 22 -91 300 2 -101 336 -13 -91 78 -18 -91 150 2 -96 336 -28 -101 96 -33 -71 186 -3 -96 144 -28 -111 96 22 -96 336 27 -91 318 -23 -106 156 -3 -101 78 -8 -96 144 -23 -96 96 -3 -91 336 -23 -101 156 2 -101 72 -3 -101 72 -18 -91 156 -18 -111 150 -18 -96 120 -33 -96 120 -18 -91 282 -3 -101 114 -18 -96 282 -38 -91 114 -23 -91 114 7 -106 240 -3 -96 114 -23 -101 114 -18 -106 72 2 -106 72 7 -106 120 -33 -106 114 -13 -106 36 -13 -111 102 -3 -71 72 7 -106 318 
19 4 1 3 pack_2 1 6 17 -111 72 2 -71 72 -8 -101 186 -3 -106 288 -23 -111 78 12 -106 282 
20 4 1 3 pack_2 1 4 7 -111 288 -33 -106 288 -28 -111 300 -33 -106 300 
21 4 1 3 pack_2 0.0509915 3 7 79 150 -8 69 288 2 79 144 
22 4 1 3 pack_2 0.0740741 2 -13 9 96 -18 9 78 
23 4 1 3 pack_2 0.895458 2070 -48 104 120 52 -41 240 17 109 282 57 39 282 52 -46 240 47 74 120 -38 109 288 52 29 90 22 89 114 37 84 318 -23 89 72 47 34 144 47 74 300 52 -16 282 47 34 282 37 59 90 47 44 288 47 -26 150 52 -16 144 52 19 36 57 -16 186 57 99 288 57 -46 336 52 9 36 47 -26 282 52 -46 72 57 -26 222 7 109 150 57 -31 288 42 9 186 47 19 288 57 44 288 57 69 120 -53 109 222 57 39 288 37 29 102 57 34 120 52 -1 90 -43 84 240 37 54 102 52 44 96 42 74 102 57 9 186 -53 -11 72 -28 104 36 57 64 102 42 59 282 47 94 102 47 34 78 32 84 90 52 -51 240 52 14 186 57 14 96 47 4 186 52 89 96 42 24 96 -28 94 72 37 84 156 57 104 336 57 -106 336 -28 114 90 -53 94 102 -48 114 282 32 94 72 57 -111 72 47 89 336 57 34 336 57 -36 186 57 -16 72 52 -61 156 52 99 144 47 24 102 52 -16 240 37 69 96 37 84 6 -38 94 300 52 -6 96 -38 104 78 57 -21 240 47 69 114 52 -46 96 42 9 78 52 -1 156 57 -21 300 57 -26 240 -53 69 72 57 69 300 52 39 6 42 99 336 22 114 36 42 39 78 22 109 90 57 -26 156 -38 114 36 47 49 156 -38 114 6 57 79 300 32 114 102 57 -21 78 52 44 240 57 89 72 47 54 78 27 94 288 37 19 96 57 34 318 37 39 96 57 -66 72 57 -56 222 47 19 78 57 59 240 52 104 90 32 114 120 42 89 96 47 84 150 42 94 90 57 64 78 47 84 90 57 -26 336 -33 114 36 57 79 78 47 14 90 -38 94 72 57 69 336 37 -31 102 52 74 150 52 84 114 32 79 114 57 89 36 -18 109 78 -8 114 240 57 59 336 52 -41 72 52 64 120 -43 104 282 47 -26 72 52 19 78 47 69 186 52 -66 156 47 -61 150 27 99 144 42 -61 96 52 -11 72 47 29 96 52 -6 222 57 -16 300 52 -36 72 47 -41 72 52 -21 72 52 -56 120 42 -66 102 57 -51 96 47 -46 90 47 64 114 42 104 96 42 24 282 47 14 120 57 49 300 57 44 90 57 39 120 47 24 72 47 9 186 -23 114 72 42 4 102 57 -71 90 32 89 150 57 -56 114 57 24 282 52 -1 186 -53 89 318 42 -36 96 32 74 96 57 29 90 57 -56 156 -43 89 300 37 19 282 52 99 36 42 114 72 37 109 36 -48 114 300 52 89 222 -23 114 96 52 -101 144 57 99 240 57 94 240 37 89 144 42 84 222 27 104 120 -33 99 78 -38 109 186 -43 89 240 57 -106 222 -48 109 114 37 84 144 22 104 78 -18 114 300 52 104 150 22 84 300 -53 99 282 27 104 240 47 114 144 47 -96 78 -33 114 318 57 94 318 32 94 288 47 99 36 -43 84 72 42 84 36 37 99 300 37 -91 186 52 -96 72 32 94 240 -33 94 240 47 99 222 47 89 36 37 104 36 -33 109 102 42 104 72 57 109 336 32 104 78 42 109 72 57 -96 120 22 114 78 37 84 36 37 -86 282 32 -51 102 57 89 96 57 104 150 57 109 150 -38 104 96 57 109 102 57 109 36 17 94 282 42 -31 78 -43 74 72 -3 109 318 -8 114 120 32 94 36 -43 84 282 -38 84 36 42 9 282 37 -86 288 37 89 78 22 99 282 47 -96 120 52 49 222 47 89 240 -33 89 36 -48 39 72 -43 99 300 57 -101 78 57 109 186 52 -101 120 -48 94 318 -53 59 72 57 109 282 32 -96 102 37 -41 288 37 -56 288 27 79 150 47 84 36 52 -96 78 57 64 36 52 84 336 42 84 150 57 -111 300 -43 104 114 57 99 102 -38 99 90 57 109 78 -38 99 78 -48 14 72 -48 89 222 52 -101 240 37 -21 282 -48 109 144 37 29 114 -53 99 240 -43 94 282 57 74 240 52 84 72 42 34 186 -43 94 78 47 39 186 -38 109 318 42 89 6 47 -101 102 42 94 72 52 -106 150 -28 99 288 -53 114 144 52 114 120 32 89 288 52 94 336 37 -16 288 52 -101 288 57 84 72 -53 69 336 32 -46 102 37 89 120 47 -106 150 52 94 90 37 -61 288 52 84 222 -38 104 90 57 -106 90 -48 114 288 -53 114 282 47 -106 72 57 -111 102 57 114 78 47 89 6 -53 99 186 -53 104 186 -53 104 90 37 74 144 47 74 240 -53 94 96 52 69 336 52 -106 90 37 49 282 37 -101 186 -18 114 318 7 94 282 52 -101 96 52 54 240 52 39 222 37 84 72 -48 79 222 -43 109 96 37 -31 282 37 -61 282 -48 24 72 52 -101 282 -28 99 240 47 -106 102 52 44 36 -33 94 6 47 109 150 -48 104 186 -48 99 240 -53 109 150 47 44 186 -43 104 186 -3 109 282 -48 104 336 37 -101 96 -48 114 336 -13 104 36 57 -1 36 17 109 120 42 29 90 2 114 336 47 44 114 57 4 78 52 34 102 22 109 150 -13 114 6 52 54 288 57 -6 6 57 14 114 52 34 90 42 49 156 52 44 288 47 19 114 12 104 282 52 24 288 52 44 300 57 59 6 27 114 90 42 109 156 47 14 72 57 -61 78 42 -41 96 42 19 90 37 24 102 57 -66 114 57 -61 96 -43 99 282 52 -31 288 52 4 102 47 -91 72 57 -1 6 52 -1 300 2 114 6 52 -71 156 52 -1 288 22 99 300 57 -71 222 27 114 282 57 -56 336 32 69 102 57 -96 72 52 74 6 2 109 336 57 49 222 -28 104 90 27 104 336 37 109 282 -48 79 6 47 109 288 52 -91 186 37 39 114 57 -86 288 -43 79 6 37 99 96 32 94 156 47 -96 72 32 94 300 17 89 102 37 29 282 52 -96 144 27 114 336 -28 114 318 32 34 114 52 -91 96 17 109 72 47 -91 90 -38 84 240 57 -96 156 37 99 90 47 104 72 37 94 288 52 114 156 57 -91 222 57 -71 114 57 114 156 37 -46 282 57 -91 120 52 -91 156 42 79 150 -13 94 282 52 69 240 -53 4 78 -53 -1 72 32 59 186 52 -66 96 52 -66 120 57 -76 114 2 109 288 22 94 282 17 114 120 57 -46 36 22 109 282 52 -66 90 17 109 156 22 109 318 12 104 144 37 -76 96 -48 99 114 12 109 144 27 99 150 2 109 318 37 -71 96 37 99 222 42 -76 90 37 -76 102 37 -66 90 -28 114 288 12 109 282 12 114 114 -53 79 72 37 -51 186 32 74 288 -28 99 6 57 -76 72 32 99 156 57 4 72 47 -76 90 -53 -86 72 7 99 120 52 -1 240 52 -61 144 37 29 186 52 19 288 32 114 186 52 -16 6 57 39 222 -48 79 240 57 14 78 22 109 114 57 9 120 57 19 144 47 39 114 52 34 96 2 109 102 52 19 72 42 99 144 -3 114 150 32 114 144 57 -41 300 37 19 102 47 -46 144 57 -11 300 42 99 222 52 -66 72 12 99 114 47 -6 186 52 9 240 57 -66 90 57 -71 336 -48 89 96 47 -41 288 37 114 222 52 -76 72 52 -31 6 32 44 288 52 -56 36 47 84 78 37 -21 102 37 49 186 57 79 336 -3 114 282 42 -61 90 52 -61 222 52 -1 36 47 -56 120 -53 114 120 52 4 288 57 -51 288 12 94 114 57 -21 336 32 109 102 -38 89 72 52 74 78 27 89 282 42 79 72 52 -36 156 52 49 282 57 -31 186 52 -36 96 57 -26 186 47 34 72 42 104 90 57 -41 78 42 19 96 -43 114 222 57 -31 336 57 -16 90 37 19 186 52 -31 150 42 -16 90 42 -31 96 47 74 90 57 64 72 52 74 120 52 69 318 57 59 78 57 59 282 52 74 96 52 64 318 52 69 102 42 74 288 57 39 156 47 -26 96 47 89 78 37 39 186 -53 -76 72 37 49 90 32 99 150 -13 114 186 47 -16 144 37 79 96 47 74 318 37 -11 102 52 59 72 32 84 114 42 84 78 47 54 72 42 69 150 52 -31 156 47 24 186 42 -26 102 52 59 78 57 29 222 -43 94 96 37 74 114 27 109 282 -23 104 6 52 104 72 -43 94 90 52 109 288 17 114 6 47 114 156 57 89 288 47 64 186 -48 -31 72 52 44 72 37 104 240 -48 89 318 -38 109 102 52 59 144 37 99 102 57 19 186 42 64 282 37 74 300 37 69 120 42 64 288 37 114 318 52 24 186 52 39 78 47 39 150 27 84 114 57 79 120 52 109 282 37 109 120 -53 99 156 27 109 222 -48 104 96 -53 114 78 -28 109 78 57 -86 78 57 -86 336 -53 79 78 52 -81 240 57 -86 90 52 104 336 -48 109 96 -33 89 288 27 94 102 27 114 102 57 -81 288 -53 64 78 12 109 120 52 -61 300 57 -76 282 52 -56 6 47 -76 120 32 79 300 7 114 336 -23 109 222 32 64 102 27 109 102 37 59 288 -8 109 336 42 104 282 37 109 78 47 114 336 32 49 96 -48 79 336 52 -91 78 32 94 186 37 109 72 52 -86 288 57 -91 90 27 104 90 42 114 300 37 -86 186 -8 109 150 -53 74 72 47 -76 78 52 -81 186 47 -71 186 -3 109 102 57 -91 150 52 -31 240 22 114 6 -48 114 72 57 -86 186 22 99 144 57 -91 156 -53 99 78 32 -6 96 47 -76 144 57 -86 72 37 44 186 52 99 6 47 -81 282 42 84 72 -53 89 336 17 89 288 47 19 186 47 89 72 47 79 120 42 -81 282 52 -61 6 57 -81 120 57 -66 6 12 114 222 -53 -11 78 22 114 72 -53 34 72 52 79 72 -13 109 6 57 -91 336 32 14 96 -53 49 336 -33 99 222 -18 114 150 -53 4 72 42 -81 288 -3 114 186 37 59 282 47 -81 288 -43 64 72 27 89 318 -53 69 240 22 104 186 12 109 240 -13 89 282 -13 114 102 7 109 240 42 24 150 32 -6 186 -8 114 102 47 -46 156 32 -61 186 -8 114 96 47 -51 156 47 -41 156 32 -66 186 47 29 156 -3 99 114 17 99 78 32 -26 186 47 -106 156 32 -96 186 57 -101 318 -43 74 240 -28 94 78 57 -26 318 37 89 336 57 -81 318 57 -6 318 -48 79 318 27 44 102 -53 74 90 57 -96 318 57 -36 318 -53 74 6 -33 114 120 2 109 90 -53 69 90 47 -86 240 47 69 318 -48 34 78 42 59 72 22 104 222 42 64 300 -13 104 240 47 39 240 47 -41 240 47 -36 240 47 -81 240 47 24 222 47 -101 240 47 -11 222 47 34 6 47 44 6 42 59 120 -3 109 96 -3 94 114 27 79 156 42 59 222 -23 109 96 -18 114 120 32 79 78 47 -81 222 42 9 150 17 79 120 42 79 336 -38 104 336 -48 69 336 32 89 36 7 99 90 27 74 300 -8 84 282 52 39 318 -43 49 72 12 109 36 -53 89 144 37 84 336 -28 109 318 -33 89 78 42 -91 114 42 -31 114 -3 104 120 17 84 300 -8 109 102 -18 99 78 47 29 6 47 69 336 7 104 336 -13 104 78 52 4 336 -48 89 114 12 89 96 -33 89 300 42 64 36 -8 109 96 47 49 300 -48 84 102 -53 84 120 -8 104 240 42 64 240 -43 39 72 -33 79 240 -43 99 186 17 104 222 -53 49 282 -53 44 90 -38 79 72 22 89 72 -8 109 78 2 99 96 42 -11 156 42 14 156 42 19 120 42 -51 156 -48 -26 78 -48 99 156 -43 79 288 7 109 78 12 104 240 -28 109 114 -18 104 90 17 74 120 42 -81 156 42 -1 120 42 -16 120 32 74 78 -43 79 300 -8 104 114 -13 84 282 -33 104 336 42 4 120 27 74 90 27 69 282 42 -71 120 12 99 150 37 59 120 17 79 282 -8 99 72 37 69 6 42 59 240 -53 24 282 22 89 222 42 59 6 7 79 114 -53 74 102 2 94 102 -38 94 114 7 104 72 37 59 300 -8 104 156 -28 109 120 -48 -51 336 -48 -66 336 -48 4 336 -48 -36 336 -48 -16 336 -48 44 336 -53 79 120 32 -56 288 -53 59 240 -48 69 318 37 64 72 27 94 36 -43 74 222 52 -41 318 -38 84 90 32 -61 282 42 44 222 -53 79 144 -43 99 144 -8 104 78 -28 109 150 -48 69 90 32 -81 288 42 34 72 -38 94 120 22 69 288 7 104 222 -48 89 144 -8 104 90 17 74 288 -18 104 102 2 99 300 12 94 144 7 99 150 42 69 336 -18 109 120 -28 104 114 17 89 240 -43 94 186 37 49 150 -53 69 102 -43 9 72 22 84 318 22 94 186 22 84 156 32 -86 282 37 54 156 27 -86 102 -18 99 90 2 94 90 -53 -1 90 -53 -11 282 27 69 150 32 64 144 27 49 186 -43 99 156 -48 -106 78 2 89 96 47 -21 36 47 -11 36 27 29 186 32 39 90 17 69 120 -33 74 72 7 99 72 22 84 222 -3 89 102 -53 69 186 22 64 288 -43 74 90 47 -66 36 -43 84 114 -33 79 282 -48 79 114 42 14 72 22 74 90 47 -76 6 42 9 72 -33 84 90 -28 99 186 -53 74 144 17 89 156 -53 64 156 -53 29 288 -53 39 318 47 14 300 -53 -26 282 -43 -66 72 -38 59 72 -8 84 72 27 4 114 27 19 186 -33 89 102 42 -1 72 -48 79 120 12 89 78 27 64 90 -23 79 282 -28 99 114 -28 79 282 -3 94 96 -28 89 96 -43 44 78 -28 104 156 -48 59 282 42 29 222 37 54 72 37 59 240 32 64 72 -43 69 318 -23 84 78 -43 -91 72 -8 84 114 22 79 222 -53 29 318 -13 99 102 22 69 144 -28 99 120 -53 -46 282 -38 99 156 32 69 6 17 64 102 7 94 150 47 -91 6 27 -11 186 37 59 36 12 69 288 27 84 36 -18 84 78 17 69 282 -18 74 72 47 44 336 27 -16 186 37 39 156 27 -71 186 -53 14 288 27 -76 186 27 -31 186 37 -16 114 -53 49 96 -53 59 102 -43 -26 336 -43 -51 336 17 59 114 -43 -56 336 -38 74 318 -43 -71 336 -3 94 90 42 -31 72 -38 64 78 7 94 78 -53 9 156 12 89 156 -53 -61 282 -43 -81 336 17 89 186 7 94 72 -53 -86 156 37 -26 114 37 -56 114 37 -96 114 -53 4 288 -8 94 78 7 69 120 -3 94 156 -3 89 72 22 59 96 -43 79 120 42 -91 72 22 59 120 42 -101 72 37 54 240 -48 49 282 7 69 288 27 54 90 -33 84 102 -38 44 72 -53 -1 288 22 34 102 -48 74 186 -8 79 114 -53 39 96 -33 64 72 32 59 72 27 79 36 -53 -76 282 32 54 144 17 79 240 -53 54 186 -43 -96 336 27 19 96 42 14 240 -38 79 102 -33 84 336 -28 94 114 17 79 156 -13 69 72 22 69 186 17 84 222 -33 74 300 32 -36 90 -18 79 240 2 94 78 -33 79 318 -53 -11 288 7 89 156 -13 69 282 47 34 318 7 89 78 -28 74 78 37 14 78 32 -71 90 17 64 300 32 -76 90 17 54 102 12 84 156 -23 79 288 12 84 72 -33 59 72 -48 49 240 2 69 288 27 9 96 2 89 156 -8 84 288 -48 69 114 27 64 72 12 84 150 32 49 78 -23 69 72 -48 69 186 47 9 336 -28 79 90 -38 69 90 22 84 6 32 54 72 -23 89 102 -13 84 288 37 19 120 37 9 78 22 44 288 47 -86 300 27 54 300 22 54 282 -53 4 300 42 29 300 47 -96 300 22 84 36 -3 89 156 -38 49 78 27 59 78 17 89 36 -13 64 282 -33 84 114 -33 79 102 -38 89 156 37 -1 156 47 -6 336 -38 29 72 -28 94 156 -38 89 144 -18 89 300 -48 39 288 -8 84 90 -23 74 78 -8 89 156 -43 4 78 42 -31 222 -33 74 318 32 -31 114 -13 89 186 7 84 78 42 24 36 -23 79 90 37 -11 156 27 54 156 12 54 114 -23 74 288 37 34 222 32 49 72 42 -36 240 -18 84 102 -13 89 150 -48 49 6 -43 54 288 17 59 300 12 74 144 27 -31 96 -48 24 282 37 4 120 -38 54 240 42 -46 240 -43 -6 78 27 69 36 37 24 72 -43 49 282 -23 79 300 -28 59 72 32 34 150 17 39 114 47 14 318 2 79 72 -8 79 240 27 -51 96 12 74 78 -8 84 300 -53 29 102 47 -51 336 -23 79 96 -38 59 282 -28 84 114 27 -66 96 32 44 300 22 64 240 -48 59 186 37 9 144 42 -61 222 47 -101 336 47 -81 336 47 -86 336 27 -36 288 2 84 186 17 54 96 37 -41 156 22 34 96 -33 44 72 22 64 222 42 -81 222 -43 49 288 -8 74 78 -43 54 36 42 4 6 42 14 300 17 69 240 7 54 114 -8 74 96 -8 84 150 32 49 240 -13 84 150 37 -46 156 -43 69 186 37 -41 78 22 -21 102 -13 59 282 -33 54 240 -38 29 336 -18 79 102 37 -46 78 42 -91 240 -38 4 72 2 84 222 -13 59 72 27 54 72 -48 39 96 -38 24 336 -43 74 150 -28 54 72 -53 -6 96 -13 74 288 -13 84 186 -43 69 156 -8 84 318 -38 19 336 -23 84 156 17 59 90 12 84 36 -23 84 336 -18 84 120 37 -61 156 32 34 144 42 9 300 -43 59 102 -23 84 120 -48 19 288 42 -1 36 37 19 222 -43 39 282 -18 64 240 -28 79 114 -53 -81 288 22 44 120 -13 74 120 37 49 336 -3 74 78 -23 84 144 37 -16 144 22 19 288 -43 -31 78 -23 64 78 42 29 318 37 -86 156 37 -91 156 2 84 6 -18 74 96 37 29 6 -3 69 36 -3 79 222 -38 69 120 -38 54 90 -28 79 120 -43 64 186 27 44 78 27 59 6 -13 64 240 -28 74 336 -13 54 282 22 -51 102 -13 54 72 -53 -91 288 27 -61 288 22 54 78 -28 84 144 7 74 240 22 14 288 17 54 90 -43 49 96 27 -56 114 12 59 90 47 -26 318 37 -46 120 37 44 336 12 69 240 -3 69 78 37 24 6 -3 49 282 -23 74 150 7 69 72 27 -71 288 17 34 288 -3 69 240 -18 59 240 22 14 96 -48 24 96 -53 4 102 -38 -26 72 -33 59 336 -48 39 222 32 24 144 -43 29 282 27 39 78 22 54 72 -48 4 288 -28 44 72 -18 59 36 37 19 300 -43 29 90 12 49 282 37 9 240 22 24 282 -48 39 186 27 44 72 12 64 318 -48 -26 156 -3 59 96 -53 4 6 42 -26 6 12 59 144 -3 64 36 17 39 120 7 64 72 17 49 90 -23 74 120 -33 69 120 27 -86 288 -18 49 72 32 19 144 -23 54 36 17 59 318 17 29 288 2 69 240 -13 74 336 32 9 150 -23 49 72 -13 64 6 -33 54 336 12 54 90 2 69 318 -38 44 6 7 44 120 12 49 300 17 4 114 -13 69 150 -48 -26 90 22 -6 186 -53 -6 36 37 -81 120 -38 64 186 -18 49 282 27 -61 282 -53 -1 6 -38 39 240 22 29 90 42 -36 36 7 64 78 -8 69 336 22 -1 288 -43 -76 78 7 44 102 -33 49 282 -33 49 288 12 64 336 2 64 36 -18 54 36 12 59 72 -33 19 72 42 -41 36 12 44 282 -38 -46 72 2 64 78 32 4 150 -38 54 102 12 29 114 22 -1 96 -48 -66 156 17 34 120 32 19 72 -13 54 36 -48 -71 156 22 -16 186 27 -16 90 -23 49 282 42 -46 36 -3 59 36 -28 49 282 -33 44 336 -13 54 240 22 -6 288 12 54 144 -3 49 288 -13 69 318 -38 49 96 27 -21 90 -13 59 6 -8 54 120 -13 54 114 17 29 96 2 64 150 22 59 6 32 39 318 42 9 318 -53 -11 6 -38 -56 72 -13 64 144 37 -76 144 -13 59 96 32 -1 120 -48 -96 156 37 -36 72 47 -81 318 27 -26 90 42 -56 36 7 49 90 17 59 336 12 24 102 -53 -11 150 7 39 282 7 64 36 -13 64 156 -18 49 36 37 -41 72 17 19 288 12 54 72 -23 64 156 42 -11 336 -28 54 96 32 44 336 -8 54 96 -13 39 72 27 -36 90 37 -46 72 42 4 318 -13 49 78 -33 69 144 22 44 240 -53 4 222 32 29 6 32 19 300 -3 44 288 42 -16 336 7 59 336 2 64 222 27 -96 282 -53 -76 96 -53 -96 300 -23 64 144 -43 44 186 -23 49 288 -28 54 102 -28 49 90 32 19 240 7 54 144 -13 59 144 32 -16 78 22 -21 96 -28 39 6 17 14 288 42 -76 36 -53 -46 186 2 49 300 -53 -31 102 -33 -1 72 -43 4 90 17 44 150 7 54 78 -13 59 156 27 -51 90 32 4 72 42 -81 36 -48 -6 96 12 54 336 -38 44 102 2 49 72 2 54 78 -53 -81 240 42 -51 300 -53 -36 102 -23 39 282 27 14 150 22 34 156 7 39 96 2 54 336 2 34 288 12 59 36 37 -81 72 -33 54 186 -28 49 336 27 9 120 -13 49 96 -38 29 288 -28 39 288 7 54 186 22 39 222 -53 -6 222 -13 49 90 17 19 282 -28 34 78 37 -36 222 32 -26 150 -8 44 288 -3 54 318 -18 34 282 32 -31 156 12 24 288 17 -26 102 -38 -96 72 -3 54 150 -23 49 102 17 39 150 32 -31 78 22 -41 96 -43 29 222 -18 39 36 -28 44 336 -43 -6 90 -18 54 156 32 34 336 22 4 90 -33 34 288 -33 14 78 27 29 240 37 -101 72 -23 44 222 -53 -101 240 -13 44 102 12 44 318 32 -26 120 42 -41 336 17 24 300 22 29 156 27 9 78 -18 39 6 -23 54 336 27 -76 90 -13 44 120 2 49 318 2 49 336 12 4 114 17 14 282 27 4 120 -8 39 36 17 34 78 -28 49 156 -53 -1 144 -33 34 222 7 54 222 -18 34 240 -48 -76 90 22 -61 114 22 -76 96 27 19 72 -38 19 90 -3 49 318 12 39 186 -33 9 78 -48 -1 186 22 24 144 32 -46 78 12 44 240 -8 39 96 12 24 282 17 34 156 27 4 78 -13 24 72 -23 49 120 22 29 72 -3 34 72 2 44 78 17 19 300 37 9 318 32 -41 150 22 39 336 -48 -31 240 -23 24 72 -33 24 6 -33 24 36 42 -106 6 -48 19 114 -33 -26 72 -28 29 282 -3 29 288 -38 -36 78 -28 34 90 -48 19 150 12 49 36 -23 29 6 2 19 114 -38 24 318 17 49 6 2 44 240 17 29 78 -33 -26 336 2 34 300 2 29 96 -8 34 78 -53 -61 36 -43 -21 90 -53 -11 144 12 44 222 22 -36 282 -8 24 72 -13 44 156 -18 24 282 42 -66 336 32 -61 78 17 -36 114 -33 34 102 17 39 336 -28 34 96 -8 34 240 -23 44 114 -23 34 90 -13 29 36 2 39 78 -18 19 72 22 39 36 37 -66 240 -13 34 102 12 34 156 -48 -11 102 -8 34 90 22 -41 282 -43 -1 240 12 34 318 42 -71 336 32 -66 78 2 29 90 -18 34 288 32 -61 156 -38 9 282 37 -26 36 12 9 120 17 9 120 -13 34 120 32 -46 120 -53 -101 186 12 24 90 -18 34 90 -3 39 336 -33 14 240 -13 44 186 -28 29 222 -3 34 78 -13 39 150 -48 -16 186 -48 9 150 32 -56 150 -3 14 282 -48 -106 282 17 -16 288 -23 39 156 -48 -41 96 -23 34 102 32 -11 222 22 -66 288 12 29 78 -38 19 222 37 -31 36 -33 24 300 -18 34 96 7 14 282 -8 19 114 -8 29 240 12 14 282 -23 29 90 -33 -41 72 -53 -96 150 2 29 72 -3 39 186 27 14 240 -28 44 144 22 19 72 -3 39 6 -43 -31 282 7 9 120 17 9 300 32 -81 78 -48 -1 222 -18 24 6 22 4 300 -53 -81 102 42 -46 318 2 14 102 -18 39 186 -13 29 288 -33 14 6 22 -71 288 -28 34 156 7 29 72 -33 9 240 -28 14 78 2 34 240 -18 19 240 -33 -11 78 32 -81 156 -8 24 78 -3 34 222 22 19 240 -28 -6 72 -8 34 156 -13 34 156 -53 -21 120 -38 29 186 -28 19 288 -3 34 150 42 -51 318 37 -91 240 2 34 186 -43 -6 96 -38 -1 282 -18 9 72 -23 34 120 -13 34 336 2 24 72 17 19 72 -23 9 72 -38 9 6 -43 4 6 -33 14 282 27 -21 120 -53 -81 6 32 9 318 7 29 156 12 9 96 12 24 150 -18 29 300 27 -1 72 2 9 120 17 -21 96 -43 -16 240 32 -1 36 27 -11 144 -28 19 90 7 29 336 -28 -11 72 32 -41 72 -8 29 144 7 14 300 -8 24 300 -18 14 240 27 -21 78 -33 4 240 -23 19 288 2 4 282 7 34 222 22 14 240 -28 9 6 -43 -21 240 -53 -96 36 -18 29 156 -38 24 186 32 -6 6 17 19 240 -33 -76 336 -23 19 90 7 4 288 -8 19 240 -53 -41 114 -3 14 72 -28 4 240 -38 -1 240 22 24 6 -48 -31 36 -8 14 120 -13 19 6 -13 14 240 -18 24 150 27 4 240 -23 29 144 -48 -96 288 -48 -81 318 2 4 120 7 24 156 -53 -111 36 -53 -31 120 -8 14 36 -28 24 156 22 19 336 -3 24 336 2 4 288 -33 4 36 -28 19 102 -48 -71 300 -33 9 90 17 9 144 -38 -1 288 37 -56 36 -3 19 78 -13 24 150 2 19 36 -48 -6 114 7 34 6 -8 24 336 27 14 336 7 24 186 -38 -1 156 -48 -66 240 22 -76 282 2 -1 282 -3 -1 282 -3 24 144 -48 -1 144 -18 24 156 7 19 144 -53 -111 6 -8 4 114 12 14 78 7 19 78 -13 -1 72 -18 9 36 -23 24 114 -23 14 90 -28 9 288 -13 9 78 -3 9 72 22 -11 120 37 -61 36 12 14 72 -28 -1 240 -33 -71 72 -33 9 96 -13 9 240 22 -1 78 12 19 336 7 -6 120 -43 -1 186 -13 19 144 7 19 156 17 9 156 -13 19 300 2 19 156 -18 14 288 -3 4 288 12 4 90 -18 19 144 -28 19 318 32 -36 222 -48 -11 114 -18 24 318 12 24 36 32 -61 72 32 -21 300 22 -11 300 17 -56 186 -43 -31 240 -38 -16 90 27 -36 78 -48 -81 300 -8 -1 72 -23 19 156 42 -81 318 2 19 144 -28 -26 72 2 -6 282 -3 19 144 17 -71 186 -18 14 114 7 19 240 7 14 78 -18 4 36 -3 -1 102 -18 -6 72 7 -6 288 12 -6 282 -23 19 120 2 9 72 -18 -1 282 7 -16 114 -3 19 186 -33 -96 336 -28 -6 240 2 4 90 -18 14 150 32 -41 222 -43 4 114 -13 9 120 27 -6 222 -13 4 114 -23 -1 36 27 -41 78 -48 -106 318 22 14 6 27 -1 318 -13 14 144 -38 -101 78 2 14 318 42 -86 318 -28 4 90 -13 14 300 -18 14 300 -3 14 336 17 19 36 17 -51 96 -33 9 156 -38 -21 90 -3 -11 114 17 -1 144 -43 -6 222 -38 -21 282 22 -66 90 -33 -86 72 17 -56 96 -13 14 156 -8 -6 114 2 -11 282 27 4 36 -13 -11 72 17 -71 96 7 -11 288 -23 -6 240 -8 -11 282 -23 14 144 12 4 72 17 -1 72 -23 -6 36 -43 -41 240 27 -11 240 -28 9 156 -28 -11 78 12 4 318 22 -6 72 22 9 6 -18 14 336 -18 9 300 -38 -11 36 -53 -66 114 -28 -36 72 2 4 36 17 -16 300 17 -1 156 -43 -16 102 -18 9 120 7 -6 300 -23 -6 78 22 9 36 -13 4 222 -23 9 156 -23 4 102 -28 -6 282 7 9 36 -28 9 114 7 9 186 12 19 6 -43 -46 318 42 -101 318 2 9 240 -53 -56 120 -23 4 336 -33 -1 102 -8 9 150 -3 -16 282 32 -11 336 17 -1 318 -23 9 114 2 9 186 12 -1 72 -28 -36 336 2 -16 120 17 -6 72 32 -91 72 -43 -46 240 -13 4 144 -48 -61 150 -8 -6 36 -48 -61 102 12 -66 102 -28 -6 90 -43 -21 6 -18 4 144 37 -91 36 17 -81 114 22 -11 72 -38 -11 222 -3 -11 288 -48 -61 36 17 9 36 -13 -16 282 -18 -11 240 -33 -11 288 27 -31 72 7 14 6 -8 4 318 -28 4 114 -33 4 186 37 -61 336 -53 -76 114 -38 -26 240 2 4 144 -43 -46 300 -48 -66 150 -18 -1 114 7 -26 102 32 -41 300 22 -86 90 12 -6 78 -28 4 120 -38 -1 186 17 9 6 32 -101 72 -48 -66 102 -28 -46 72 -38 -36 156 27 -21 240 2 -21 102 -38 -11 102 27 -56 120 17 -1 336 -28 -21 240 -48 -66 36 17 -31 90 22 -31 300 22 -21 156 22 -11 240 -8 4 186 -8 -1 144 -33 -16 90 27 -31 300 -18 -1 120 2 -1 156 2 -21 288 32 -46 300 2 -11 300 7 -6 72 -23 -16 6 -3 -11 90 -8 -21 72 -43 -26 186 -38 4 144 -53 -91 222 12 -91 102 27 -11 6 22 -21 150 -13 -26 72 -8 -1 150 -28 -51 72 -3 -21 120 37 -71 336 12 -26 282 -28 4 144 -28 -1 120 -8 -26 282 -3 -11 300 12 -11 72 -28 -6 156 -28 -11 102 22 -36 300 -18 -6 144 22 -26 156 -8 -1 186 -38 -41 282 -8 -6 144 -13 -11 96 -8 -6 336 22 -101 90 -53 -106 222 -18 -11 222 -13 -11 288 7 -21 90 -43 -16 120 12 -41 120 27 -66 150 -33 -21 288 12 -66 114 -33 -16 102 -23 -31 72 2 -31 282 -23 -16 336 -28 -26 36 -13 -16 6 -28 -1 144 -8 -16 288 17 -21 144 -28 -6 120 7 -31 282 -8 -21 102 27 -16 336 -13 -16 120 12 -16 144 7 -1 222 17 -81 288 12 -16 72 -28 -31 240 -48 -81 102 17 -36 300 -3 -11 336 -8 -11 144 -13 -16 96 
24 4 1 3 pack_2 0.972067 522 -43 -61 300 -3 -36 114 -18 -6 186 12 -6 222 27 -81 156 22 -21 240 -43 -16 144 12 -36 186 7 -1 6 17 -86 288 -8 -16 6 -8 -11 150 -38 -31 6 -48 -96 150 -3 -31 120 27 -86 78 -8 -26 120 -13 -26 36 -38 -31 318 -28 -21 96 7 -16 78 17 -76 282 -23 -16 150 -28 -11 120 27 -51 72 -13 -21 120 -48 -86 102 2 -36 120 32 -86 240 -8 -26 36 -38 -21 114 27 -46 300 2 -16 318 -48 -101 186 2 -21 36 -8 -16 144 -43 -41 186 -3 -31 288 -43 -86 288 -38 -31 222 -8 -16 318 -33 -36 36 -23 -26 336 7 -16 156 -8 -21 300 22 -26 240 37 -96 336 -18 -31 36 -33 -26 300 -3 -16 222 -43 -41 150 -18 -41 72 -43 -26 120 -3 -36 102 -18 -21 96 -13 -16 336 17 -26 156 27 -56 72 12 -21 150 -13 -31 36 -33 -26 102 17 -31 78 12 -51 120 17 -26 150 -28 -36 36 -33 -31 288 12 -6 6 -43 -71 240 -28 -71 72 17 -86 282 -28 -31 282 -33 -21 114 22 -51 120 -13 -16 318 37 -71 318 -33 -36 6 -13 -26 120 7 -41 288 -28 -16 120 2 -21 78 32 -56 6 -13 -21 144 2 -41 102 -18 -21 144 -13 -31 240 -8 -41 282 17 -11 6 -28 -26 102 -38 -31 102 -53 -91 120 -43 -91 288 -38 -71 156 17 -31 72 -13 -21 150 -13 -26 96 -23 -36 78 -8 -21 336 27 -51 300 -3 -31 90 -18 -21 300 7 -51 120 -38 -26 120 -8 -26 300 -13 -46 72 -43 -71 96 -8 -26 6 -43 -76 240 -18 -26 96 -8 -21 150 37 -76 318 -28 -41 36 22 -21 36 -23 -21 120 7 -46 288 -8 -31 90 -28 -21 120 -33 -36 222 2 -46 120 -48 -101 36 -43 -96 288 -13 -36 240 -23 -31 288 17 -36 144 17 -16 6 -18 -31 90 -38 -36 102 -18 -41 282 22 -56 300 -23 -26 156 2 -41 96 -8 -36 78 12 -21 36 -33 -36 156 22 -36 318 -43 -36 114 -43 -76 96 -18 -21 318 7 -41 90 -23 -41 6 -18 -26 300 -33 -21 144 -43 -86 318 -8 -31 300 2 -21 222 -13 -26 156 -23 -51 72 -13 -31 288 7 -26 156 -8 -31 6 -18 -31 96 12 -21 222 2 -21 6 2 -51 282 -23 -41 282 -23 -31 150 12 -16 6 22 -61 120 -28 -46 36 -33 -41 288 -48 -61 114 -38 -31 186 22 -51 156 -8 -31 144 27 -36 336 -48 -71 222 -23 -31 156 -8 -26 186 -8 -51 72 7 -46 300 -8 -41 78 2 -41 300 -28 -41 288 27 -86 144 -38 -56 288 -13 -31 300 32 -71 6 -18 -36 222 12 -36 318 -8 -36 300 7 -31 186 -13 -56 72 -13 -31 336 -43 -56 6 -3 -31 222 -33 -56 240 -33 -51 36 -13 -51 282 -3 -46 96 -8 -41 90 -43 -56 150 -28 -56 78 -33 -41 102 -33 -31 186 -28 -91 72 12 -41 78 -8 -41 288 -33 -46 156 2 -51 96 32 -76 36 -33 -46 222 -23 -41 288 -38 -46 102 -38 -41 150 12 -41 144 17 -26 6 32 -76 6 2 -61 282 -38 -51 318 27 -41 6 7 -31 240 -23 -31 318 -23 -41 222 -3 -56 102 7 -66 120 -8 -46 90 -48 -66 144 -3 -36 156 -38 -51 300 17 -81 90 7 -36 156 -18 -41 150 -48 -61 120 -23 -41 150 -23 -36 120 -18 -36 336 -13 -46 102 17 -51 78 12 -26 6 -28 -41 156 22 -71 120 -28 -36 186 22 -61 156 -28 -51 282 -33 -51 156 -28 -46 222 2 -36 240 -28 -46 102 12 -76 288 -38 -51 102 2 -66 96 32 -56 318 12 -46 144 7 -56 300 2 -71 96 -28 -41 114 17 -41 336 -23 -41 300 27 -46 6 -13 -41 156 7 -46 72 2 -41 156 -18 -41 300 -13 -51 6 -23 -41 144 -13 -61 282 22 -76 120 -28 -41 120 22 -71 78 22 -41 36 -33 -56 288 22 -41 6 -18 -51 90 -43 -101 300 -8 -46 144 -3 -56 36 -33 -61 90 -28 -66 240 7 -46 186 7 -61 300 2 -56 300 7 -36 222 -8 -56 90 7 -46 36 17 -56 72 -13 -46 300 -23 -46 300 -43 -106 300 -33 -46 120 2 -41 6 -3 -46 156 12 -66 90 -23 -61 336 -8 -46 150 32 -71 336 -13 -56 120 7 -46 156 7 -71 90 -33 -66 36 17 -61 78 -48 -91 222 2 -56 36 -33 -61 96 -28 -61 90 -3 -51 318 -3 -61 36 -38 -51 186 -28 -56 102 7 -51 144 -38 -66 6 -33 -61 222 -28 -51 114 -18 -56 114 -18 -76 72 12 -51 336 -13 -51 336 -23 -51 114 17 -51 336 22 -66 72 -13 -51 156 7 -41 6 -43 -66 222 12 -56 318 -3 -51 156 -13 -61 120 -38 -66 318 -23 -71 78 27 -81 300 -48 -76 120 -38 -91 282 2 -51 144 -23 -66 282 -28 -71 36 -38 -61 150 -13 -66 240 -8 -61 240 12 -56 150 22 -71 144 17 -56 240 -8 -56 144 -18 -56 120 12 -61 72 -28 -71 6 22 -51 6 7 -56 36 -3 -76 120 -18 -71 240 -13 -61 222 17 -66 72 -23 -66 90 7 -81 186 2 -56 156 -8 -56 156 -23 -76 78 -28 -66 96 -18 -76 78 -33 -81 240 -28 -76 36 -13 -71 240 -18 -61 120 -38 -61 186 32 -86 336 -3 -61 240 -28 -76 6 2 -61 336 -28 -56 318 -8 -66 6 -3 -61 6 -28 -61 114 -18 -76 240 -18 -66 114 22 -76 72 -23 -61 114 2 -66 186 22 -86 156 7 -56 240 -8 -61 156 -13 -66 144 -3 -61 144 -23 -81 78 -8 -66 222 7 -61 156 -8 -86 72 7 -61 150 -3 -91 114 -3 -76 36 22 -71 318 2 -81 186 -18 -76 90 -38 -66 186 -33 -76 288 2 -91 288 -23 -66 114 7 -96 288 -18 -81 36 17 -71 318 -28 -66 150 -23 -71 150 -13 -76 120 7 -66 336 -23 -61 318 12 -71 144 17 -66 336 -3 -66 156 -3 -66 222 -23 -66 300 -13 -81 114 -8 -71 222 -28 -76 288 -28 -71 156 -18 -71 288 -28 -66 120 -33 -66 150 17 -81 78 27 -91 222 -13 -76 96 7 -66 150 2 -66 150 -28 -66 186 -38 -71 186 22 -86 144 -43 -76 120 -13 -71 336 -28 -71 114 -18 -71 336 -13 -71 300 -23 -76 222 12 -91 300 17 -76 318 7 -61 222 -23 -66 318 -33 -71 318 32 -86 318 2 -101 114 -28 -66 144 -43 -96 6 -23 -71 120 2 -66 222 -38 -71 144 -28 -81 96 -13 -81 96 7 -81 72 -18 -81 102 -23 -91 36 -3 -76 318 -43 -101 36 -23 -91 240 -8 -81 288 7 -71 150 -43 -86 222 -13 -86 240 -28 -91 36 12 -81 72 -33 -96 240 -13 -71 186 -23 -71 186 -8 -91 120 -3 -76 240 -38 -76 186 -38 -86 222 -28 -86 282 -38 -91 36 -28 -76 114 -13 -86 6 -33 -86 288 -23 -76 144 -18 -81 150 -8 -81 300 -18 -81 96 -8 -76 156 -18 -76 300 -33 -101 240 -3 -81 336 -43 -91 222 -38 -91 318 7 -81 36 -23 -101 336 2 -81 336 -13 -86 222 2 -76 240 12 -76 36 12 -81 150 -33 -76 144 -18 -96 240 2 -76 6 -13 -91 120 -18 -86 222 -33 -86 300 -13 -86 144 -28 -76 318 -23 -86 288 -8 -81 156 22 -76 6 22 -81 222 -23 -81 300 27 -86 336 -18 -81 300 -3 -81 150 -13 -101 282 2 -81 144 -23 -86 156 -38 -86 120 7 -101 300 -33 -96 282 2 -81 6 -13 -101 36 -28 -86 150 7 -86 144 -33 -96 288 -28 -81 318 17 -86 240 -33 -86 150 -3 -86 150 12 -76 6 2 -86 150 2 -101 300 -23 -86 186 -13 -91 336 -23 -101 282 -13 -101 6 -13 -91 186 -23 -91 144 7 -81 6 -13 -91 318 12 -91 336 -33 -91 120 -38 -106 300 22 -96 240 -8 -101 288 -18 -101 144 -33 -91 144 -23 -91 318 -18 -96 318 
25 4 1 3 pack_2 0.146341 2 -18 -101 318 -23 -101 318 
26 4 1 3 pack_2 0.923077 10 2 64 288 -23 99 336 -13 99 240 2 94 240 -13 99 288 7 104 6 -13 99 336 7 94 222 27 89 336 -23 99 300 
27 4 1 3 pack_2 0.428571 5 7 104 240 -18 94 222 -8 99 6 -43 64 240 -33 79 36 
28 4 1 3 pack_2 0.814815 11 12 94 6 -3 89 336 -13 89 336 -38 49 150 -43 49 144 -28 -11 318 -23 4 300 -38 -6 300 -43 39 114 -33 4 300 -38 49 120 
29 4 1 3 pack_2 0.972067 29 -43 64 114 -28 29 114 -33 54 114 -33 64 102 -23 29 120 -33 9 288 -3 64 114 -18 64 318 -23 69 6 -38 -11 288 2 109 72 -48 44 144 -18 109 318 -48 39 150 -3 109 72 -48 54 114 -43 4 300 -13 99 36 -28 94 222 -43 -6 318 -53 44 120 -43 24 288 -13 99 6 -53 49 144 -53 49 114 -48 9 300 -48 39 300 -48 44 318 -48 9 318 
30 4 1 3 pack_2 0.0601504 4 -23 84 186 -43 4 336 -43 9 336 -38 9 336 
31 4 1 3 pack_2 0.0594059 2 27 64 336 2 69 186 
32 4 1 3 pack_2 0.0331492 1 27 -46 222 
33 4 1 3 pack_2 0.00335477 2 -23 84 36 -43 69 222 
34 4 1 3 pack_2 0.166667 1 17 99 36 
35 4 1 3 pack_2 0.375 2 12 99 36 2 94 6 
36 4 1 3 pack_2 0.375 1 -13 4 318 
37 4 1 3 pack_2 0.957983 19 -23 69 114 -23 69 120 -43 64 120 -43 59 318 -48 24 150 -38 64 240 -48 64 222 -38 64 120 -43 14 318 2 74 318 -43 59 240 2 69 156 -3 69 156 -8 84 336 -33 74 36 -3 79 156 -33 74 222 -43 59 222 -28 74 222 
38 4 1 3 pack_2 1 3 -38 69 222 -23 79 186 17 79 336 
39 4 1 3 pack_2 1 9 17 74 318 -28 69 36 -38 64 222 -18 74 186 -18 79 222 7 74 318 -18 79 6 -18 74 36 -18 69 186 
40 4 1 3 pack_2 1 8 -28 -6 336 -33 24 144 -28 -26 336 -23 9 318 -38 -16 318 -28 4 318 -28 -1 318 -38 -21 318 
41 4 1 3 pack_2 0.375 1 -3 74 186 
