10 91 4
0 0 -1 128 2 20 -1 -1 -1 -1 -1 1 1311 
1 1 0 0 0 0 0 0 0 0 0 0 0 
2 1 -1 174 2 32 -1 -1 -1 -1 -1 2 490 
3 2 0 0 0 0 0 0 0 0 0 0 0 
4 2 0 0 0 0 0 0 0 0 0 0 0 
5 2 -1 186 2 16 -1 -1 -1 -1 -1 0 1917 
6 2 -1 350 4 18 -1 -1 -1 -1 -1 1 2780 
7 3 0 0 0 0 0 0 0 0 0 0 0 
8 3 0 0 0 0 0 0 0 0 0 0 0 
9 3 0 0 0 0 0 0 0 0 0 0 0 
10 3 0 0 0 0 0 0 0 0 0 0 0 
11 3 -1 193 4 30 -1 -1 -1 -1 -1 3 919 
12 3 -1 162 2 20 -1 -1 -1 -1 -1 1 1842 
13 3 -1 275 3 14 -1 -1 -1 -1 -1 3 -4 
14 3 90 0 0 0 0 0 0 0 0 0 0 
15 4 0 0 0 0 0 0 0 0 0 0 0 
16 4 0 0 0 0 0 0 0 0 0 0 0 
17 4 0 0 0 0 0 0 0 0 0 0 0 
18 4 0 0 0 0 0 0 0 0 0 0 0 
19 4 0 0 0 0 0 0 0 0 0 0 0 
20 4 0 0 0 0 0 0 0 0 0 0 0 
21 4 0 0 0 0 0 0 0 0 0 0 0 
22 4 0 0 0 0 0 0 0 0 0 0 0 
23 4 -1 65 0 31 -1 -1 -1 -1 -1 3 13 
24 4 -1 198 1 37 -1 -1 -1 -1 -1 1 16 
25 4 -1 307 4 26 -1 -1 -1 -1 -1 3 465 
26 4 -1 102 4 21 -1 -1 -1 -1 -1 0 6773 
27 4 -1 346 2 22 -1 -1 -1 -1 -1 2 2009 
28 4 -1 63 4 21 -1 -1 -1 -1 -1 1 856 
29 4 0 0 0 0 0 0 0 0 0 0 0 
30 4 0 0 0 0 0 0 0 0 0 0 0 
31 5 0 0 0 0 0 0 0 0 0 0 0 
32 5 0 0 0 0 0 0 0 0 0 0 0 
33 5 0 0 0 0 0 0 0 0 0 0 0 
34 5 0 0 0 0 0 0 0 0 0 0 0 
35 5 0 0 0 0 0 0 0 0 0 0 0 
36 5 0 0 0 0 0 0 0 0 0 0 0 
37 5 0 0 0 0 0 0 0 0 0 0 0 
38 5 0 0 0 0 0 0 0 0 0 0 0 
39 5 0 0 0 0 0 0 0 0 0 0 0 
40 5 0 0 0 0 0 0 0 0 0 0 0 
41 5 0 0 0 0 0 0 0 0 0 0 0 
42 5 0 0 0 0 0 0 0 0 0 0 0 
43 5 0 0 0 0 0 0 0 0 0 0 0 
44 5 0 0 0 0 0 0 0 0 0 0 0 
45 5 0 0 0 0 0 0 0 0 0 0 0 
46 5 0 0 0 0 0 0 0 0 0 0 0 
47 5 -1 239 4 14 -1 -1 -1 -1 -1 0 6682 
48 5 13 0 0 0 0 0 0 0 0 0 0 
49 5 -1 62 4 34 -1 -1 -1 -1 -1 3 1501 
50 5 -1 125 2 22 -1 -1 -1 -1 -1 2 1144 
51 5 45 0 0 0 0 0 0 0 0 0 0 
52 5 -1 217 4 28 -1 -1 -1 -1 -1 1 4721 
53 5 -1 2 2 11 -1 -1 -1 -1 -1 0 7398 
54 5 72 0 0 0 0 0 0 0 0 0 0 
55 5 -1 197 1 33 -1 -1 -1 -1 -1 3 5 
56 5 85 0 0 0 0 0 0 0 0 0 0 
57 5 -1 86 4 13 -1 -1 -1 -1 -1 1 1211 
58 5 89 0 0 0 0 0 0 0 0 0 0 
59 5 0 0 0 0 0 0 0 0 0 0 0 
60 5 0 0 0 0 0 0 0 0 0 0 0 
61 5 0 0 0 0 0 0 0 0 0 0 0 
62 5 0 0 0 0 0 0 0 0 0 0 0 
63 6 0 0 0 0 0 0 0 0 0 0 0 
64 6 0 0 0 0 0 0 0 0 0 0 0 
65 6 0 0 0 0 0 0 0 0 0 0 0 
66 6 0 0 0 0 0 0 0 0 0 0 0 
67 6 0 0 0 0 0 0 0 0 0 0 0 
68 6 0 0 0 0 0 0 0 0 0 0 0 
69 6 0 0 0 0 0 0 0 0 0 0 0 
70 6 0 0 0 0 0 0 0 0 0 0 0 
71 6 0 0 0 0 0 0 0 0 0 0 0 
72 6 0 0 0 0 0 0 0 0 0 0 0 
73 6 0 0 0 0 0 0 0 0 0 0 0 
74 6 0 0 0 0 0 0 0 0 0 0 0 
75 6 0 0 0 0 0 0 0 0 0 0 0 
76 6 0 0 0 0 0 0 0 0 0 0 0 
77 6 0 0 0 0 0 0 0 0 0 0 0 
78 6 0 0 0 0 0 0 0 0 0 0 0 
79 6 0 0 0 0 0 0 0 0 0 0 0 
80 6 0 0 0 0 0 0 0 0 0 0 0 
81 6 0 0 0 0 0 0 0 0 0 0 0 
82 6 0 0 0 0 0 0 0 0 0 0 0 
83 6 0 0 0 0 0 0 0 0 0 0 0 
84 6 0 0 0 0 0 0 0 0 0 0 0 
85 6 0 0 0 0 0 0 0 0 0 0 0 
86 6 0 0 0 0 0 0 0 0 0 0 0 
87 6 0 0 0 0 0 0 0 0 0 0 0 
88 6 0 0 0 0 0 0 0 0 0 0 0 
89 6 0 0 0 0 0 0 0 0 0 0 0 
90 6 0 0 0 0 0 0 0 0 0 0 0 
91 6 0 0 0 0 0 0 0 0 0 0 0 
92 6 0 0 0 0 0 0 0 0 0 0 0 
93 6 0 0 0 0 0 0 0 0 0 0 0 
94 6 0 0 0 0 0 0 0 0 0 0 0 
95 6 -1 194 0 36 -1 -1 -1 -1 -1 0 57 
96 6 -1 338 3 19 -1 -1 -1 -1 -1 2 -16 
97 6 0 0 0 0 0 0 0 0 0 0 0 
98 6 0 0 0 0 0 0 0 0 0 0 0 
99 6 -1 48 4 30 -1 -1 -1 -1 -1 0 3482 
100 6 -1 271 3 32 -1 -1 -1 -1 -1 3 26 
101 6 -1 324 2 32 -1 -1 -1 -1 -1 2 163 
102 6 44 0 0 0 0 0 0 0 0 0 0 
103 6 0 0 0 0 0 0 0 0 0 0 0 
104 6 0 0 0 0 0 0 0 0 0 0 0 
105 6 46 0 0 0 0 0 0 0 0 0 0 
106 6 -1 109 4 38 -1 -1 -1 -1 -1 2 4832 
107 6 -1 322 1 27 -1 -1 -1 -1 -1 3 40 
108 6 -1 146 2 12 -1 -1 -1 -1 -1 1 7468 
109 6 0 0 0 0 0 0 0 0 0 0 0 
110 6 0 0 0 0 0 0 0 0 0 0 0 
111 6 -1 7 3 37 -1 -1 -1 -1 -1 2 -16 
112 6 -1 7 2 30 -1 -1 -1 -1 -1 1 823 
113 6 0 0 0 0 0 0 0 0 0 0 0 
114 6 0 0 0 0 0 0 0 0 0 0 0 
115 6 86 0 0 0 0 0 0 0 0 0 0 
116 6 -1 283 0 28 -1 -1 -1 -1 -1 3 0 
117 6 0 0 0 0 0 0 0 0 0 0 0 
118 6 0 0 0 0 0 0 0 0 0 0 0 
119 6 0 0 0 0 0 0 0 0 0 0 0 
120 6 0 0 0 0 0 0 0 0 0 0 0 
121 6 0 0 0 0 0 0 0 0 0 0 0 
122 6 0 0 0 0 0 0 0 0 0 0 0 
123 6 0 0 0 0 0 0 0 0 0 0 0 
124 6 0 0 0 0 0 0 0 0 0 0 0 
125 6 0 0 0 0 0 0 0 0 0 0 0 
126 6 0 0 0 0 0 0 0 0 0 0 0 
127 7 0 0 0 0 0 0 0 0 0 0 0 
128 7 0 0 0 0 0 0 0 0 0 0 0 
129 7 0 0 0 0 0 0 0 0 0 0 0 
130 7 0 0 0 0 0 0 0 0 0 0 0 
131 7 0 0 0 0 0 0 0 0 0 0 0 
132 7 0 0 0 0 0 0 0 0 0 0 0 
133 7 0 0 0 0 0 0 0 0 0 0 0 
134 7 0 0 0 0 0 0 0 0 0 0 0 
135 7 0 0 0 0 0 0 0 0 0 0 0 
136 7 0 0 0 0 0 0 0 0 0 0 0 
137 7 0 0 0 0 0 0 0 0 0 0 0 
138 7 0 0 0 0 0 0 0 0 0 0 0 
139 7 0 0 0 0 0 0 0 0 0 0 0 
140 7 0 0 0 0 0 0 0 0 0 0 0 
141 7 0 0 0 0 0 0 0 0 0 0 0 
142 7 0 0 0 0 0 0 0 0 0 0 0 
143 7 0 0 0 0 0 0 0 0 0 0 0 
144 7 0 0 0 0 0 0 0 0 0 0 0 
145 7 0 0 0 0 0 0 0 0 0 0 0 
146 7 0 0 0 0 0 0 0 0 0 0 0 
147 7 0 0 0 0 0 0 0 0 0 0 0 
148 7 0 0 0 0 0 0 0 0 0 0 0 
149 7 0 0 0 0 0 0 0 0 0 0 0 
150 7 0 0 0 0 0 0 0 0 0 0 0 
151 7 0 0 0 0 0 0 0 0 0 0 0 
152 7 0 0 0 0 0 0 0 0 0 0 0 
153 7 0 0 0 0 0 0 0 0 0 0 0 
154 7 0 0 0 0 0 0 0 0 0 0 0 
155 7 0 0 0 0 0 0 0 0 0 0 0 
156 7 0 0 0 0 0 0 0 0 0 0 0 
157 7 0 0 0 0 0 0 0 0 0 0 0 
158 7 0 0 0 0 0 0 0 0 0 0 0 
159 7 0 0 0 0 0 0 0 0 0 0 0 
160 7 0 0 0 0 0 0 0 0 0 0 0 
161 7 0 0 0 0 0 0 0 0 0 0 0 
162 7 0 0 0 0 0 0 0 0 0 0 0 
163 7 0 0 0 0 0 0 0 0 0 0 0 
164 7 0 0 0 0 0 0 0 0 0 0 0 
165 7 0 0 0 0 0 0 0 0 0 0 0 
166 7 0 0 0 0 0 0 0 0 0 0 0 
167 7 0 0 0 0 0 0 0 0 0 0 0 
168 7 0 0 0 0 0 0 0 0 0 0 0 
169 7 0 0 0 0 0 0 0 0 0 0 0 
170 7 0 0 0 0 0 0 0 0 0 0 0 
171 7 0 0 0 0 0 0 0 0 0 0 0 
172 7 0 0 0 0 0 0 0 0 0 0 0 
173 7 0 0 0 0 0 0 0 0 0 0 0 
174 7 0 0 0 0 0 0 0 0 0 0 0 
175 7 0 0 0 0 0 0 0 0 0 0 0 
176 7 0 0 0 0 0 0 0 0 0 0 0 
177 7 0 0 0 0 0 0 0 0 0 0 0 
178 7 0 0 0 0 0 0 0 0 0 0 0 
179 7 0 0 0 0 0 0 0 0 0 0 0 
180 7 0 0 0 0 0 0 0 0 0 0 0 
181 7 0 0 0 0 0 0 0 0 0 0 0 
182 7 0 0 0 0 0 0 0 0 0 0 0 
183 7 0 0 0 0 0 0 0 0 0 0 0 
184 7 0 0 0 0 0 0 0 0 0 0 0 
185 7 0 0 0 0 0 0 0 0 0 0 0 
186 7 0 0 0 0 0 0 0 0 0 0 0 
187 7 0 0 0 0 0 0 0 0 0 0 0 
188 7 0 0 0 0 0 0 0 0 0 0 0 
189 7 0 0 0 0 0 0 0 0 0 0 0 
190 7 0 0 0 0 0 0 0 0 0 0 0 
191 7 -1 203 2 39 -1 -1 -1 -1 -1 2 190 
192 7 -1 98 1 23 -1 -1 -1 -1 -1 3 12 
193 7 11 0 0 0 0 0 0 0 0 0 0 
194 7 12 0 0 0 0 0 0 0 0 0 0 
195 7 0 0 0 0 0 0 0 0 0 0 0 
196 7 0 0 0 0 0 0 0 0 0 0 0 
197 7 0 0 0 0 0 0 0 0 0 0 0 
198 7 0 0 0 0 0 0 0 0 0 0 0 
199 7 -1 22 4 30 -1 -1 -1 -1 -1 3 1270 
200 7 -1 122 2 31 -1 -1 -1 -1 -1 2 570 
201 7 -1 258 1 12 -1 -1 -1 -1 -1 2 32 
202 7 -1 169 1 27 -1 -1 -1 -1 -1 3 7 
203 7 37 0 0 0 0 0 0 0 0 0 0 
204 7 -1 255 2 33 -1 -1 -1 -1 -1 2 184 
205 7 0 0 0 0 0 0 0 0 0 0 0 
206 7 0 0 0 0 0 0 0 0 0 0 0 
207 7 0 0 0 0 0 0 0 0 0 0 0 
208 7 0 0 0 0 0 0 0 0 0 0 0 
209 7 0 0 0 0 0 0 0 0 0 0 0 
210 7 0 0 0 0 0 0 0 0 0 0 0 
211 7 0 0 0 0 0 0 0 0 0 0 0 
212 7 0 0 0 0 0 0 0 0 0 0 0 
213 7 -1 316 2 21 -1 -1 -1 -1 -1 2 1403 
214 7 51 0 0 0 0 0 0 0 0 0 0 
215 7 -1 216 1 33 -1 -1 -1 -1 -1 0 37 
216 7 59 0 0 0 0 0 0 0 0 0 0 
217 7 -1 207 1 18 -1 -1 -1 -1 -1 3 2 
218 7 -1 191 2 31 -1 -1 -1 -1 -1 2 745 
219 7 0 0 0 0 0 0 0 0 0 0 0 
220 7 0 0 0 0 0 0 0 0 0 0 0 
221 7 0 0 0 0 0 0 0 0 0 0 0 
222 7 0 0 0 0 0 0 0 0 0 0 0 
223 7 73 0 0 0 0 0 0 0 0 0 0 
224 7 -1 339 1 30 -1 -1 -1 -1 -1 2 -30 
225 7 81 0 0 0 0 0 0 0 0 0 0 
226 7 -1 145 3 13 -1 -1 -1 -1 -1 0 -30 
227 7 0 0 0 0 0 0 0 0 0 0 0 
228 7 0 0 0 0 0 0 0 0 0 0 0 
229 7 0 0 0 0 0 0 0 0 0 0 0 
230 7 0 0 0 0 0 0 0 0 0 0 0 
231 7 0 0 0 0 0 0 0 0 0 0 0 
232 7 0 0 0 0 0 0 0 0 0 0 0 
233 7 87 0 0 0 0 0 0 0 0 0 0 
234 7 88 0 0 0 0 0 0 0 0 0 0 
235 7 0 0 0 0 0 0 0 0 0 0 0 
236 7 0 0 0 0 0 0 0 0 0 0 0 
237 7 0 0 0 0 0 0 0 0 0 0 0 
238 7 0 0 0 0 0 0 0 0 0 0 0 
239 7 0 0 0 0 0 0 0 0 0 0 0 
240 7 0 0 0 0 0 0 0 0 0 0 0 
241 7 0 0 0 0 0 0 0 0 0 0 0 
242 7 0 0 0 0 0 0 0 0 0 0 0 
243 7 0 0 0 0 0 0 0 0 0 0 0 
244 7 0 0 0 0 0 0 0 0 0 0 0 
245 7 0 0 0 0 0 0 0 0 0 0 0 
246 7 0 0 0 0 0 0 0 0 0 0 0 
247 7 0 0 0 0 0 0 0 0 0 0 0 
248 7 0 0 0 0 0 0 0 0 0 0 0 
249 7 0 0 0 0 0 0 0 0 0 0 0 
250 7 0 0 0 0 0 0 0 0 0 0 0 
251 7 0 0 0 0 0 0 0 0 0 0 0 
252 7 0 0 0 0 0 0 0 0 0 0 0 
253 7 0 0 0 0 0 0 0 0 0 0 0 
254 7 0 0 0 0 0 0 0 0 0 0 0 
255 8 0 0 0 0 0 0 0 0 0 0 0 
256 8 0 0 0 0 0 0 0 0 0 0 0 
257 8 0 0 0 0 0 0 0 0 0 0 0 
258 8 0 0 0 0 0 0 0 0 0 0 0 
259 8 0 0 0 0 0 0 0 0 0 0 0 
260 8 0 0 0 0 0 0 0 0 0 0 0 
261 8 0 0 0 0 0 0 0 0 0 0 0 
262 8 0 0 0 0 0 0 0 0 0 0 0 
263 8 0 0 0 0 0 0 0 0 0 0 0 
264 8 0 0 0 0 0 0 0 0 0 0 0 
265 8 0 0 0 0 0 0 0 0 0 0 0 
266 8 0 0 0 0 0 0 0 0 0 0 0 
267 8 0 0 0 0 0 0 0 0 0 0 0 
268 8 0 0 0 0 0 0 0 0 0 0 0 
269 8 0 0 0 0 0 0 0 0 0 0 0 
270 8 0 0 0 0 0 0 0 0 0 0 0 
271 8 0 0 0 0 0 0 0 0 0 0 0 
272 8 0 0 0 0 0 0 0 0 0 0 0 
273 8 0 0 0 0 0 0 0 0 0 0 0 
274 8 0 0 0 0 0 0 0 0 0 0 0 
275 8 0 0 0 0 0 0 0 0 0 0 0 
276 8 0 0 0 0 0 0 0 0 0 0 0 
277 8 0 0 0 0 0 0 0 0 0 0 0 
278 8 0 0 0 0 0 0 0 0 0 0 0 
279 8 0 0 0 0 0 0 0 0 0 0 0 
280 8 0 0 0 0 0 0 0 0 0 0 0 
281 8 0 0 0 0 0 0 0 0 0 0 0 
282 8 0 0 0 0 0 0 0 0 0 0 0 
283 8 0 0 0 0 0 0 0 0 0 0 0 
284 8 0 0 0 0 0 0 0 0 0 0 0 
285 8 0 0 0 0 0 0 0 0 0 0 0 
286 8 0 0 0 0 0 0 0 0 0 0 0 
287 8 0 0 0 0 0 0 0 0 0 0 0 
288 8 0 0 0 0 0 0 0 0 0 0 0 
289 8 0 0 0 0 0 0 0 0 0 0 0 
290 8 0 0 0 0 0 0 0 0 0 0 0 
291 8 0 0 0 0 0 0 0 0 0 0 0 
292 8 0 0 0 0 0 0 0 0 0 0 0 
293 8 0 0 0 0 0 0 0 0 0 0 0 
294 8 0 0 0 0 0 0 0 0 0 0 0 
295 8 0 0 0 0 0 0 0 0 0 0 0 
296 8 0 0 0 0 0 0 0 0 0 0 0 
297 8 0 0 0 0 0 0 0 0 0 0 0 
298 8 0 0 0 0 0 0 0 0 0 0 0 
299 8 0 0 0 0 0 0 0 0 0 0 0 
300 8 0 0 0 0 0 0 0 0 0 0 0 
301 8 0 0 0 0 0 0 0 0 0 0 0 
302 8 0 0 0 0 0 0 0 0 0 0 0 
303 8 0 0 0 0 0 0 0 0 0 0 0 
304 8 0 0 0 0 0 0 0 0 0 0 0 
305 8 0 0 0 0 0 0 0 0 0 0 0 
306 8 0 0 0 0 0 0 0 0 0 0 0 
307 8 0 0 0 0 0 0 0 0 0 0 0 
308 8 0 0 0 0 0 0 0 0 0 0 0 
309 8 0 0 0 0 0 0 0 0 0 0 0 
310 8 0 0 0 0 0 0 0 0 0 0 0 
311 8 0 0 0 0 0 0 0 0 0 0 0 
312 8 0 0 0 0 0 0 0 0 0 0 0 
313 8 0 0 0 0 0 0 0 0 0 0 0 
314 8 0 0 0 0 0 0 0 0 0 0 0 
315 8 0 0 0 0 0 0 0 0 0 0 0 
316 8 0 0 0 0 0 0 0 0 0 0 0 
317 8 0 0 0 0 0 0 0 0 0 0 0 
318 8 0 0 0 0 0 0 0 0 0 0 0 
319 8 0 0 0 0 0 0 0 0 0 0 0 
320 8 0 0 0 0 0 0 0 0 0 0 0 
321 8 0 0 0 0 0 0 0 0 0 0 0 
322 8 0 0 0 0 0 0 0 0 0 0 0 
323 8 0 0 0 0 0 0 0 0 0 0 0 
324 8 0 0 0 0 0 0 0 0 0 0 0 
325 8 0 0 0 0 0 0 0 0 0 0 0 
326 8 0 0 0 0 0 0 0 0 0 0 0 
327 8 0 0 0 0 0 0 0 0 0 0 0 
328 8 0 0 0 0 0 0 0 0 0 0 0 
329 8 0 0 0 0 0 0 0 0 0 0 0 
330 8 0 0 0 0 0 0 0 0 0 0 0 
331 8 0 0 0 0 0 0 0 0 0 0 0 
332 8 0 0 0 0 0 0 0 0 0 0 0 
333 8 0 0 0 0 0 0 0 0 0 0 0 
334 8 0 0 0 0 0 0 0 0 0 0 0 
335 8 0 0 0 0 0 0 0 0 0 0 0 
336 8 0 0 0 0 0 0 0 0 0 0 0 
337 8 0 0 0 0 0 0 0 0 0 0 0 
338 8 0 0 0 0 0 0 0 0 0 0 0 
339 8 0 0 0 0 0 0 0 0 0 0 0 
340 8 0 0 0 0 0 0 0 0 0 0 0 
341 8 0 0 0 0 0 0 0 0 0 0 0 
342 8 0 0 0 0 0 0 0 0 0 0 0 
343 8 0 0 0 0 0 0 0 0 0 0 0 
344 8 0 0 0 0 0 0 0 0 0 0 0 
345 8 0 0 0 0 0 0 0 0 0 0 0 
346 8 0 0 0 0 0 0 0 0 0 0 0 
347 8 0 0 0 0 0 0 0 0 0 0 0 
348 8 0 0 0 0 0 0 0 0 0 0 0 
349 8 0 0 0 0 0 0 0 0 0 0 0 
350 8 0 0 0 0 0 0 0 0 0 0 0 
351 8 0 0 0 0 0 0 0 0 0 0 0 
352 8 0 0 0 0 0 0 0 0 0 0 0 
353 8 0 0 0 0 0 0 0 0 0 0 0 
354 8 0 0 0 0 0 0 0 0 0 0 0 
355 8 0 0 0 0 0 0 0 0 0 0 0 
356 8 0 0 0 0 0 0 0 0 0 0 0 
357 8 0 0 0 0 0 0 0 0 0 0 0 
358 8 0 0 0 0 0 0 0 0 0 0 0 
359 8 0 0 0 0 0 0 0 0 0 0 0 
360 8 0 0 0 0 0 0 0 0 0 0 0 
361 8 0 0 0 0 0 0 0 0 0 0 0 
362 8 0 0 0 0 0 0 0 0 0 0 0 
363 8 0 0 0 0 0 0 0 0 0 0 0 
364 8 0 0 0 0 0 0 0 0 0 0 0 
365 8 0 0 0 0 0 0 0 0 0 0 0 
366 8 0 0 0 0 0 0 0 0 0 0 0 
367 8 0 0 0 0 0 0 0 0 0 0 0 
368 8 0 0 0 0 0 0 0 0 0 0 0 
369 8 0 0 0 0 0 0 0 0 0 0 0 
370 8 0 0 0 0 0 0 0 0 0 0 0 
371 8 0 0 0 0 0 0 0 0 0 0 0 
372 8 0 0 0 0 0 0 0 0 0 0 0 
373 8 0 0 0 0 0 0 0 0 0 0 0 
374 8 0 0 0 0 0 0 0 0 0 0 0 
375 8 0 0 0 0 0 0 0 0 0 0 0 
376 8 0 0 0 0 0 0 0 0 0 0 0 
377 8 0 0 0 0 0 0 0 0 0 0 0 
378 8 0 0 0 0 0 0 0 0 0 0 0 
379 8 0 0 0 0 0 0 0 0 0 0 0 
380 8 0 0 0 0 0 0 0 0 0 0 0 
381 8 0 0 0 0 0 0 0 0 0 0 0 
382 8 0 0 0 0 0 0 0 0 0 0 0 
383 8 -1 330 2 10 -1 -1 -1 -1 -1 3 1660 
384 8 -1 263 2 36 -1 -1 -1 -1 -1 1 249 
385 8 -1 84 3 32 -1 -1 -1 -1 -1 3 -6 
386 8 10 0 0 0 0 0 0 0 0 0 0 
387 8 0 0 0 0 0 0 0 0 0 0 0 
388 8 0 0 0 0 0 0 0 0 0 0 0 
389 8 0 0 0 0 0 0 0 0 0 0 0 
390 8 0 0 0 0 0 0 0 0 0 0 0 
391 8 0 0 0 0 0 0 0 0 0 0 0 
392 8 0 0 0 0 0 0 0 0 0 0 0 
393 8 0 0 0 0 0 0 0 0 0 0 0 
394 8 0 0 0 0 0 0 0 0 0 0 0 
395 8 0 0 0 0 0 0 0 0 0 0 0 
396 8 0 0 0 0 0 0 0 0 0 0 0 
397 8 0 0 0 0 0 0 0 0 0 0 0 
398 8 0 0 0 0 0 0 0 0 0 0 0 
399 8 -1 306 4 30 -1 -1 -1 -1 -1 1 4362 
400 8 -1 182 2 18 -1 -1 -1 -1 -1 1 2173 
401 8 -1 132 2 37 -1 -1 -1 -1 -1 3 128 
402 8 26 0 0 0 0 0 0 0 0 0 0 
403 8 -1 331 2 36 -1 -1 -1 -1 -1 3 120 
404 8 -1 84 1 19 -1 -1 -1 -1 -1 2 -15 
405 8 -1 264 2 35 -1 -1 -1 -1 -1 0 59 
406 8 36 0 0 0 0 0 0 0 0 0 0 
407 8 0 0 0 0 0 0 0 0 0 0 0 
408 8 0 0 0 0 0 0 0 0 0 0 0 
409 8 -1 296 3 14 -1 -1 -1 -1 -1 1 -17 
410 8 -1 53 0 13 -1 -1 -1 -1 -1 2 -15 
411 8 0 0 0 0 0 0 0 0 0 0 0 
412 8 0 0 0 0 0 0 0 0 0 0 0 
413 8 0 0 0 0 0 0 0 0 0 0 0 
414 8 0 0 0 0 0 0 0 0 0 0 0 
415 8 0 0 0 0 0 0 0 0 0 0 0 
416 8 0 0 0 0 0 0 0 0 0 0 0 
417 8 0 0 0 0 0 0 0 0 0 0 0 
418 8 0 0 0 0 0 0 0 0 0 0 0 
419 8 0 0 0 0 0 0 0 0 0 0 0 
420 8 0 0 0 0 0 0 0 0 0 0 0 
421 8 0 0 0 0 0 0 0 0 0 0 0 
422 8 0 0 0 0 0 0 0 0 0 0 0 
423 8 0 0 0 0 0 0 0 0 0 0 0 
424 8 0 0 0 0 0 0 0 0 0 0 0 
425 8 0 0 0 0 0 0 0 0 0 0 0 
426 8 0 0 0 0 0 0 0 0 0 0 0 
427 8 47 0 0 0 0 0 0 0 0 0 0 
428 8 -1 240 0 18 -1 -1 -1 -1 -1 1 10 
429 8 0 0 0 0 0 0 0 0 0 0 0 
430 8 0 0 0 0 0 0 0 0 0 0 0 
431 8 -1 33 3 28 -1 -1 -1 -1 -1 0 -11 
432 8 -1 296 1 33 -1 -1 -1 -1 -1 1 33 
433 8 0 0 0 0 0 0 0 0 0 0 0 
434 8 0 0 0 0 0 0 0 0 0 0 0 
435 8 60 0 0 0 0 0 0 0 0 0 0 
436 8 -1 0 2 17 -1 -1 -1 -1 -1 0 2900 
437 8 -1 253 3 39 -1 -1 -1 -1 -1 0 -11 
438 8 -1 310 3 11 -1 -1 -1 -1 -1 3 -4 
439 8 0 0 0 0 0 0 0 0 0 0 0 
440 8 0 0 0 0 0 0 0 0 0 0 0 
441 8 0 0 0 0 0 0 0 0 0 0 0 
442 8 0 0 0 0 0 0 0 0 0 0 0 
443 8 0 0 0 0 0 0 0 0 0 0 0 
444 8 0 0 0 0 0 0 0 0 0 0 0 
445 8 0 0 0 0 0 0 0 0 0 0 0 
446 8 0 0 0 0 0 0 0 0 0 0 0 
447 8 0 0 0 0 0 0 0 0 0 0 0 
448 8 0 0 0 0 0 0 0 0 0 0 0 
449 8 -1 118 2 19 -1 -1 -1 -1 -1 3 18 
450 8 -1 159 1 25 -1 -1 -1 -1 -1 2 13 
451 8 0 0 0 0 0 0 0 0 0 0 0 
452 8 0 0 0 0 0 0 0 0 0 0 0 
453 8 82 0 0 0 0 0 0 0 0 0 0 
454 8 -1 113 3 10 -1 -1 -1 -1 -1 1 -71 
455 8 0 0 0 0 0 0 0 0 0 0 0 
456 8 0 0 0 0 0 0 0 0 0 0 0 
457 8 0 0 0 0 0 0 0 0 0 0 0 
458 8 0 0 0 0 0 0 0 0 0 0 0 
459 8 0 0 0 0 0 0 0 0 0 0 0 
460 8 0 0 0 0 0 0 0 0 0 0 0 
461 8 0 0 0 0 0 0 0 0 0 0 0 
462 8 0 0 0 0 0 0 0 0 0 0 0 
463 8 0 0 0 0 0 0 0 0 0 0 0 
464 8 0 0 0 0 0 0 0 0 0 0 0 
465 8 0 0 0 0 0 0 0 0 0 0 0 
466 8 0 0 0 0 0 0 0 0 0 0 0 
467 8 0 0 0 0 0 0 0 0 0 0 0 
468 8 0 0 0 0 0 0 0 0 0 0 0 
469 8 0 0 0 0 0 0 0 0 0 0 0 
470 8 0 0 0 0 0 0 0 0 0 0 0 
471 8 0 0 0 0 0 0 0 0 0 0 0 
472 8 0 0 0 0 0 0 0 0 0 0 0 
473 8 0 0 0 0 0 0 0 0 0 0 0 
474 8 0 0 0 0 0 0 0 0 0 0 0 
475 8 0 0 0 0 0 0 0 0 0 0 0 
476 8 0 0 0 0 0 0 0 0 0 0 0 
477 8 0 0 0 0 0 0 0 0 0 0 0 
478 8 0 0 0 0 0 0 0 0 0 0 0 
479 8 0 0 0 0 0 0 0 0 0 0 0 
480 8 0 0 0 0 0 0 0 0 0 0 0 
481 8 0 0 0 0 0 0 0 0 0 0 0 
482 8 0 0 0 0 0 0 0 0 0 0 0 
483 8 0 0 0 0 0 0 0 0 0 0 0 
484 8 0 0 0 0 0 0 0 0 0 0 0 
485 8 0 0 0 0 0 0 0 0 0 0 0 
486 8 0 0 0 0 0 0 0 0 0 0 0 
487 8 0 0 0 0 0 0 0 0 0 0 0 
488 8 0 0 0 0 0 0 0 0 0 0 0 
489 8 0 0 0 0 0 0 0 0 0 0 0 
490 8 0 0 0 0 0 0 0 0 0 0 0 
491 8 0 0 0 0 0 0 0 0 0 0 0 
492 8 0 0 0 0 0 0 0 0 0 0 0 
493 8 0 0 0 0 0 0 0 0 0 0 0 
494 8 0 0 0 0 0 0 0 0 0 0 0 
495 8 0 0 0 0 0 0 0 0 0 0 0 
496 8 0 0 0 0 0 0 0 0 0 0 0 
497 8 0 0 0 0 0 0 0 0 0 0 0 
498 8 0 0 0 0 0 0 0 0 0 0 0 
499 8 0 0 0 0 0 0 0 0 0 0 0 
500 8 0 0 0 0 0 0 0 0 0 0 0 
501 8 0 0 0 0 0 0 0 0 0 0 0 
502 8 0 0 0 0 0 0 0 0 0 0 0 
503 8 0 0 0 0 0 0 0 0 0 0 0 
504 8 0 0 0 0 0 0 0 0 0 0 0 
505 8 0 0 0 0 0 0 0 0 0 0 0 
506 8 0 0 0 0 0 0 0 0 0 0 0 
507 8 0 0 0 0 0 0 0 0 0 0 0 
508 8 0 0 0 0 0 0 0 0 0 0 0 
509 8 0 0 0 0 0 0 0 0 0 0 0 
510 8 0 0 0 0 0 0 0 0 0 0 0 
511 9 0 0 0 0 0 0 0 0 0 0 0 
512 9 0 0 0 0 0 0 0 0 0 0 0 
513 9 0 0 0 0 0 0 0 0 0 0 0 
514 9 0 0 0 0 0 0 0 0 0 0 0 
515 9 0 0 0 0 0 0 0 0 0 0 0 
516 9 0 0 0 0 0 0 0 0 0 0 0 
517 9 0 0 0 0 0 0 0 0 0 0 0 
518 9 0 0 0 0 0 0 0 0 0 0 0 
519 9 0 0 0 0 0 0 0 0 0 0 0 
520 9 0 0 0 0 0 0 0 0 0 0 0 
521 9 0 0 0 0 0 0 0 0 0 0 0 
522 9 0 0 0 0 0 0 0 0 0 0 0 
523 9 0 0 0 0 0 0 0 0 0 0 0 
524 9 0 0 0 0 0 0 0 0 0 0 0 
525 9 0 0 0 0 0 0 0 0 0 0 0 
526 9 0 0 0 0 0 0 0 0 0 0 0 
527 9 0 0 0 0 0 0 0 0 0 0 0 
528 9 0 0 0 0 0 0 0 0 0 0 0 
529 9 0 0 0 0 0 0 0 0 0 0 0 
530 9 0 0 0 0 0 0 0 0 0 0 0 
531 9 0 0 0 0 0 0 0 0 0 0 0 
532 9 0 0 0 0 0 0 0 0 0 0 0 
533 9 0 0 0 0 0 0 0 0 0 0 0 
534 9 0 0 0 0 0 0 0 0 0 0 0 
535 9 0 0 0 0 0 0 0 0 0 0 0 
536 9 0 0 0 0 0 0 0 0 0 0 0 
537 9 0 0 0 0 0 0 0 0 0 0 0 
538 9 0 0 0 0 0 0 0 0 0 0 0 
539 9 0 0 0 0 0 0 0 0 0 0 0 
540 9 0 0 0 0 0 0 0 0 0 0 0 
541 9 0 0 0 0 0 0 0 0 0 0 0 
542 9 0 0 0 0 0 0 0 0 0 0 0 
543 9 0 0 0 0 0 0 0 0 0 0 0 
544 9 0 0 0 0 0 0 0 0 0 0 0 
545 9 0 0 0 0 0 0 0 0 0 0 0 
546 9 0 0 0 0 0 0 0 0 0 0 0 
547 9 0 0 0 0 0 0 0 0 0 0 0 
548 9 0 0 0 0 0 0 0 0 0 0 0 
549 9 0 0 0 0 0 0 0 0 0 0 0 
550 9 0 0 0 0 0 0 0 0 0 0 0 
551 9 0 0 0 0 0 0 0 0 0 0 0 
552 9 0 0 0 0 0 0 0 0 0 0 0 
553 9 0 0 0 0 0 0 0 0 0 0 0 
554 9 0 0 0 0 0 0 0 0 0 0 0 
555 9 0 0 0 0 0 0 0 0 0 0 0 
556 9 0 0 0 0 0 0 0 0 0 0 0 
557 9 0 0 0 0 0 0 0 0 0 0 0 
558 9 0 0 0 0 0 0 0 0 0 0 0 
559 9 0 0 0 0 0 0 0 0 0 0 0 
560 9 0 0 0 0 0 0 0 0 0 0 0 
561 9 0 0 0 0 0 0 0 0 0 0 0 
562 9 0 0 0 0 0 0 0 0 0 0 0 
563 9 0 0 0 0 0 0 0 0 0 0 0 
564 9 0 0 0 0 0 0 0 0 0 0 0 
565 9 0 0 0 0 0 0 0 0 0 0 0 
566 9 0 0 0 0 0 0 0 0 0 0 0 
567 9 0 0 0 0 0 0 0 0 0 0 0 
568 9 0 0 0 0 0 0 0 0 0 0 0 
569 9 0 0 0 0 0 0 0 0 0 0 0 
570 9 0 0 0 0 0 0 0 0 0 0 0 
571 9 0 0 0 0 0 0 0 0 0 0 0 
572 9 0 0 0 0 0 0 0 0 0 0 0 
573 9 0 0 0 0 0 0 0 0 0 0 0 
574 9 0 0 0 0 0 0 0 0 0 0 0 
575 9 0 0 0 0 0 0 0 0 0 0 0 
576 9 0 0 0 0 0 0 0 0 0 0 0 
577 9 0 0 0 0 0 0 0 0 0 0 0 
578 9 0 0 0 0 0 0 0 0 0 0 0 
579 9 0 0 0 0 0 0 0 0 0 0 0 
580 9 0 0 0 0 0 0 0 0 0 0 0 
581 9 0 0 0 0 0 0 0 0 0 0 0 
582 9 0 0 0 0 0 0 0 0 0 0 0 
583 9 0 0 0 0 0 0 0 0 0 0 0 
584 9 0 0 0 0 0 0 0 0 0 0 0 
585 9 0 0 0 0 0 0 0 0 0 0 0 
586 9 0 0 0 0 0 0 0 0 0 0 0 
587 9 0 0 0 0 0 0 0 0 0 0 0 
588 9 0 0 0 0 0 0 0 0 0 0 0 
589 9 0 0 0 0 0 0 0 0 0 0 0 
590 9 0 0 0 0 0 0 0 0 0 0 0 
591 9 0 0 0 0 0 0 0 0 0 0 0 
592 9 0 0 0 0 0 0 0 0 0 0 0 
593 9 0 0 0 0 0 0 0 0 0 0 0 
594 9 0 0 0 0 0 0 0 0 0 0 0 
595 9 0 0 0 0 0 0 0 0 0 0 0 
596 9 0 0 0 0 0 0 0 0 0 0 0 
597 9 0 0 0 0 0 0 0 0 0 0 0 
598 9 0 0 0 0 0 0 0 0 0 0 0 
599 9 0 0 0 0 0 0 0 0 0 0 0 
600 9 0 0 0 0 0 0 0 0 0 0 0 
601 9 0 0 0 0 0 0 0 0 0 0 0 
602 9 0 0 0 0 0 0 0 0 0 0 0 
603 9 0 0 0 0 0 0 0 0 0 0 0 
604 9 0 0 0 0 0 0 0 0 0 0 0 
605 9 0 0 0 0 0 0 0 0 0 0 0 
606 9 0 0 0 0 0 0 0 0 0 0 0 
607 9 0 0 0 0 0 0 0 0 0 0 0 
608 9 0 0 0 0 0 0 0 0 0 0 0 
609 9 0 0 0 0 0 0 0 0 0 0 0 
610 9 0 0 0 0 0 0 0 0 0 0 0 
611 9 0 0 0 0 0 0 0 0 0 0 0 
612 9 0 0 0 0 0 0 0 0 0 0 0 
613 9 0 0 0 0 0 0 0 0 0 0 0 
614 9 0 0 0 0 0 0 0 0 0 0 0 
615 9 0 0 0 0 0 0 0 0 0 0 0 
616 9 0 0 0 0 0 0 0 0 0 0 0 
617 9 0 0 0 0 0 0 0 0 0 0 0 
618 9 0 0 0 0 0 0 0 0 0 0 0 
619 9 0 0 0 0 0 0 0 0 0 0 0 
620 9 0 0 0 0 0 0 0 0 0 0 0 
621 9 0 0 0 0 0 0 0 0 0 0 0 
622 9 0 0 0 0 0 0 0 0 0 0 0 
623 9 0 0 0 0 0 0 0 0 0 0 0 
624 9 0 0 0 0 0 0 0 0 0 0 0 
625 9 0 0 0 0 0 0 0 0 0 0 0 
626 9 0 0 0 0 0 0 0 0 0 0 0 
627 9 0 0 0 0 0 0 0 0 0 0 0 
628 9 0 0 0 0 0 0 0 0 0 0 0 
629 9 0 0 0 0 0 0 0 0 0 0 0 
630 9 0 0 0 0 0 0 0 0 0 0 0 
631 9 0 0 0 0 0 0 0 0 0 0 0 
632 9 0 0 0 0 0 0 0 0 0 0 0 
633 9 0 0 0 0 0 0 0 0 0 0 0 
634 9 0 0 0 0 0 0 0 0 0 0 0 
635 9 0 0 0 0 0 0 0 0 0 0 0 
636 9 0 0 0 0 0 0 0 0 0 0 0 
637 9 0 0 0 0 0 0 0 0 0 0 0 
638 9 0 0 0 0 0 0 0 0 0 0 0 
639 9 0 0 0 0 0 0 0 0 0 0 0 
640 9 0 0 0 0 0 0 0 0 0 0 0 
641 9 0 0 0 0 0 0 0 0 0 0 0 
642 9 0 0 0 0 0 0 0 0 0 0 0 
643 9 0 0 0 0 0 0 0 0 0 0 0 
644 9 0 0 0 0 0 0 0 0 0 0 0 
645 9 0 0 0 0 0 0 0 0 0 0 0 
646 9 0 0 0 0 0 0 0 0 0 0 0 
647 9 0 0 0 0 0 0 0 0 0 0 0 
648 9 0 0 0 0 0 0 0 0 0 0 0 
649 9 0 0 0 0 0 0 0 0 0 0 0 
650 9 0 0 0 0 0 0 0 0 0 0 0 
651 9 0 0 0 0 0 0 0 0 0 0 0 
652 9 0 0 0 0 0 0 0 0 0 0 0 
653 9 0 0 0 0 0 0 0 0 0 0 0 
654 9 0 0 0 0 0 0 0 0 0 0 0 
655 9 0 0 0 0 0 0 0 0 0 0 0 
656 9 0 0 0 0 0 0 0 0 0 0 0 
657 9 0 0 0 0 0 0 0 0 0 0 0 
658 9 0 0 0 0 0 0 0 0 0 0 0 
659 9 0 0 0 0 0 0 0 0 0 0 0 
660 9 0 0 0 0 0 0 0 0 0 0 0 
661 9 0 0 0 0 0 0 0 0 0 0 0 
662 9 0 0 0 0 0 0 0 0 0 0 0 
663 9 0 0 0 0 0 0 0 0 0 0 0 
664 9 0 0 0 0 0 0 0 0 0 0 0 
665 9 0 0 0 0 0 0 0 0 0 0 0 
666 9 0 0 0 0 0 0 0 0 0 0 0 
667 9 0 0 0 0 0 0 0 0 0 0 0 
668 9 0 0 0 0 0 0 0 0 0 0 0 
669 9 0 0 0 0 0 0 0 0 0 0 0 
670 9 0 0 0 0 0 0 0 0 0 0 0 
671 9 0 0 0 0 0 0 0 0 0 0 0 
672 9 0 0 0 0 0 0 0 0 0 0 0 
673 9 0 0 0 0 0 0 0 0 0 0 0 
674 9 0 0 0 0 0 0 0 0 0 0 0 
675 9 0 0 0 0 0 0 0 0 0 0 0 
676 9 0 0 0 0 0 0 0 0 0 0 0 
677 9 0 0 0 0 0 0 0 0 0 0 0 
678 9 0 0 0 0 0 0 0 0 0 0 0 
679 9 0 0 0 0 0 0 0 0 0 0 0 
680 9 0 0 0 0 0 0 0 0 0 0 0 
681 9 0 0 0 0 0 0 0 0 0 0 0 
682 9 0 0 0 0 0 0 0 0 0 0 0 
683 9 0 0 0 0 0 0 0 0 0 0 0 
684 9 0 0 0 0 0 0 0 0 0 0 0 
685 9 0 0 0 0 0 0 0 0 0 0 0 
686 9 0 0 0 0 0 0 0 0 0 0 0 
687 9 0 0 0 0 0 0 0 0 0 0 0 
688 9 0 0 0 0 0 0 0 0 0 0 0 
689 9 0 0 0 0 0 0 0 0 0 0 0 
690 9 0 0 0 0 0 0 0 0 0 0 0 
691 9 0 0 0 0 0 0 0 0 0 0 0 
692 9 0 0 0 0 0 0 0 0 0 0 0 
693 9 0 0 0 0 0 0 0 0 0 0 0 
694 9 0 0 0 0 0 0 0 0 0 0 0 
695 9 0 0 0 0 0 0 0 0 0 0 0 
696 9 0 0 0 0 0 0 0 0 0 0 0 
697 9 0 0 0 0 0 0 0 0 0 0 0 
698 9 0 0 0 0 0 0 0 0 0 0 0 
699 9 0 0 0 0 0 0 0 0 0 0 0 
700 9 0 0 0 0 0 0 0 0 0 0 0 
701 9 0 0 0 0 0 0 0 0 0 0 0 
702 9 0 0 0 0 0 0 0 0 0 0 0 
703 9 0 0 0 0 0 0 0 0 0 0 0 
704 9 0 0 0 0 0 0 0 0 0 0 0 
705 9 0 0 0 0 0 0 0 0 0 0 0 
706 9 0 0 0 0 0 0 0 0 0 0 0 
707 9 0 0 0 0 0 0 0 0 0 0 0 
708 9 0 0 0 0 0 0 0 0 0 0 0 
709 9 0 0 0 0 0 0 0 0 0 0 0 
710 9 0 0 0 0 0 0 0 0 0 0 0 
711 9 0 0 0 0 0 0 0 0 0 0 0 
712 9 0 0 0 0 0 0 0 0 0 0 0 
713 9 0 0 0 0 0 0 0 0 0 0 0 
714 9 0 0 0 0 0 0 0 0 0 0 0 
715 9 0 0 0 0 0 0 0 0 0 0 0 
716 9 0 0 0 0 0 0 0 0 0 0 0 
717 9 0 0 0 0 0 0 0 0 0 0 0 
718 9 0 0 0 0 0 0 0 0 0 0 0 
719 9 0 0 0 0 0 0 0 0 0 0 0 
720 9 0 0 0 0 0 0 0 0 0 0 0 
721 9 0 0 0 0 0 0 0 0 0 0 0 
722 9 0 0 0 0 0 0 0 0 0 0 0 
723 9 0 0 0 0 0 0 0 0 0 0 0 
724 9 0 0 0 0 0 0 0 0 0 0 0 
725 9 0 0 0 0 0 0 0 0 0 0 0 
726 9 0 0 0 0 0 0 0 0 0 0 0 
727 9 0 0 0 0 0 0 0 0 0 0 0 
728 9 0 0 0 0 0 0 0 0 0 0 0 
729 9 0 0 0 0 0 0 0 0 0 0 0 
730 9 0 0 0 0 0 0 0 0 0 0 0 
731 9 0 0 0 0 0 0 0 0 0 0 0 
732 9 0 0 0 0 0 0 0 0 0 0 0 
733 9 0 0 0 0 0 0 0 0 0 0 0 
734 9 0 0 0 0 0 0 0 0 0 0 0 
735 9 0 0 0 0 0 0 0 0 0 0 0 
736 9 0 0 0 0 0 0 0 0 0 0 0 
737 9 0 0 0 0 0 0 0 0 0 0 0 
738 9 0 0 0 0 0 0 0 0 0 0 0 
739 9 0 0 0 0 0 0 0 0 0 0 0 
740 9 0 0 0 0 0 0 0 0 0 0 0 
741 9 0 0 0 0 0 0 0 0 0 0 0 
742 9 0 0 0 0 0 0 0 0 0 0 0 
743 9 0 0 0 0 0 0 0 0 0 0 0 
744 9 0 0 0 0 0 0 0 0 0 0 0 
745 9 0 0 0 0 0 0 0 0 0 0 0 
746 9 0 0 0 0 0 0 0 0 0 0 0 
747 9 0 0 0 0 0 0 0 0 0 0 0 
748 9 0 0 0 0 0 0 0 0 0 0 0 
749 9 0 0 0 0 0 0 0 0 0 0 0 
750 9 0 0 0 0 0 0 0 0 0 0 0 
751 9 0 0 0 0 0 0 0 0 0 0 0 
752 9 0 0 0 0 0 0 0 0 0 0 0 
753 9 0 0 0 0 0 0 0 0 0 0 0 
754 9 0 0 0 0 0 0 0 0 0 0 0 
755 9 0 0 0 0 0 0 0 0 0 0 0 
756 9 0 0 0 0 0 0 0 0 0 0 0 
757 9 0 0 0 0 0 0 0 0 0 0 0 
758 9 0 0 0 0 0 0 0 0 0 0 0 
759 9 0 0 0 0 0 0 0 0 0 0 0 
760 9 0 0 0 0 0 0 0 0 0 0 0 
761 9 0 0 0 0 0 0 0 0 0 0 0 
762 9 0 0 0 0 0 0 0 0 0 0 0 
763 9 0 0 0 0 0 0 0 0 0 0 0 
764 9 0 0 0 0 0 0 0 0 0 0 0 
765 9 0 0 0 0 0 0 0 0 0 0 0 
766 9 0 0 0 0 0 0 0 0 0 0 0 
767 9 1 0 0 0 0 0 0 0 0 0 0 
768 9 -1 291 4 27 -1 -1 -1 -1 -1 1 1766 
769 9 4 0 0 0 0 0 0 0 0 0 0 
770 9 -1 53 0 23 -1 -1 -1 -1 -1 2 -25 
771 9 7 0 0 0 0 0 0 0 0 0 0 
772 9 -1 157 4 20 -1 -1 -1 -1 -1 0 3994 
773 9 0 0 0 0 0 0 0 0 0 0 0 
774 9 0 0 0 0 0 0 0 0 0 0 0 
775 9 0 0 0 0 0 0 0 0 0 0 0 
776 9 0 0 0 0 0 0 0 0 0 0 0 
777 9 0 0 0 0 0 0 0 0 0 0 0 
778 9 0 0 0 0 0 0 0 0 0 0 0 
779 9 0 0 0 0 0 0 0 0 0 0 0 
780 9 0 0 0 0 0 0 0 0 0 0 0 
781 9 0 0 0 0 0 0 0 0 0 0 0 
782 9 0 0 0 0 0 0 0 0 0 0 0 
783 9 0 0 0 0 0 0 0 0 0 0 0 
784 9 0 0 0 0 0 0 0 0 0 0 0 
785 9 0 0 0 0 0 0 0 0 0 0 0 
786 9 0 0 0 0 0 0 0 0 0 0 0 
787 9 0 0 0 0 0 0 0 0 0 0 0 
788 9 0 0 0 0 0 0 0 0 0 0 0 
789 9 0 0 0 0 0 0 0 0 0 0 0 
790 9 0 0 0 0 0 0 0 0 0 0 0 
791 9 0 0 0 0 0 0 0 0 0 0 0 
792 9 0 0 0 0 0 0 0 0 0 0 0 
793 9 0 0 0 0 0 0 0 0 0 0 0 
794 9 0 0 0 0 0 0 0 0 0 0 0 
795 9 0 0 0 0 0 0 0 0 0 0 0 
796 9 0 0 0 0 0 0 0 0 0 0 0 
797 9 0 0 0 0 0 0 0 0 0 0 0 
798 9 0 0 0 0 0 0 0 0 0 0 0 
799 9 -1 30 4 17 -1 -1 -1 -1 -1 2 5236 
800 9 -1 235 2 27 -1 -1 -1 -1 -1 3 363 
801 9 -1 227 3 19 -1 -1 -1 -1 -1 3 -15 
802 9 -1 113 3 27 -1 -1 -1 -1 -1 0 -3 
803 9 -1 301 2 31 -1 -1 -1 -1 -1 3 221 
804 9 -1 317 3 28 -1 -1 -1 -1 -1 1 17 
805 9 0 0 0 0 0 0 0 0 0 0 0 
806 9 0 0 0 0 0 0 0 0 0 0 0 
807 9 27 0 0 0 0 0 0 0 0 0 0 
808 9 -1 128 0 39 -1 -1 -1 -1 -1 3 -6 
809 9 30 0 0 0 0 0 0 0 0 0 0 
810 9 -1 355 3 18 -1 -1 -1 -1 -1 1 -25 
811 9 -1 239 0 20 -1 -1 -1 -1 -1 0 -12 
812 9 35 0 0 0 0 0 0 0 0 0 0 
813 9 0 0 0 0 0 0 0 0 0 0 0 
814 9 0 0 0 0 0 0 0 0 0 0 0 
815 9 0 0 0 0 0 0 0 0 0 0 0 
816 9 0 0 0 0 0 0 0 0 0 0 0 
817 9 0 0 0 0 0 0 0 0 0 0 0 
818 9 0 0 0 0 0 0 0 0 0 0 0 
819 9 -1 134 1 29 -1 -1 -1 -1 -1 1 12 
820 9 40 0 0 0 0 0 0 0 0 0 0 
821 9 41 0 0 0 0 0 0 0 0 0 0 
822 9 -1 296 2 30 -1 -1 -1 -1 -1 1 511 
823 9 0 0 0 0 0 0 0 0 0 0 0 
824 9 0 0 0 0 0 0 0 0 0 0 0 
825 9 0 0 0 0 0 0 0 0 0 0 0 
826 9 0 0 0 0 0 0 0 0 0 0 0 
827 9 0 0 0 0 0 0 0 0 0 0 0 
828 9 0 0 0 0 0 0 0 0 0 0 0 
829 9 0 0 0 0 0 0 0 0 0 0 0 
830 9 0 0 0 0 0 0 0 0 0 0 0 
831 9 0 0 0 0 0 0 0 0 0 0 0 
832 9 0 0 0 0 0 0 0 0 0 0 0 
833 9 0 0 0 0 0 0 0 0 0 0 0 
834 9 0 0 0 0 0 0 0 0 0 0 0 
835 9 0 0 0 0 0 0 0 0 0 0 0 
836 9 0 0 0 0 0 0 0 0 0 0 0 
837 9 0 0 0 0 0 0 0 0 0 0 0 
838 9 0 0 0 0 0 0 0 0 0 0 0 
839 9 0 0 0 0 0 0 0 0 0 0 0 
840 9 0 0 0 0 0 0 0 0 0 0 0 
841 9 0 0 0 0 0 0 0 0 0 0 0 
842 9 0 0 0 0 0 0 0 0 0 0 0 
843 9 0 0 0 0 0 0 0 0 0 0 0 
844 9 0 0 0 0 0 0 0 0 0 0 0 
845 9 0 0 0 0 0 0 0 0 0 0 0 
846 9 0 0 0 0 0 0 0 0 0 0 0 
847 9 0 0 0 0 0 0 0 0 0 0 0 
848 9 0 0 0 0 0 0 0 0 0 0 0 
849 9 0 0 0 0 0 0 0 0 0 0 0 
850 9 0 0 0 0 0 0 0 0 0 0 0 
851 9 0 0 0 0 0 0 0 0 0 0 0 
852 9 0 0 0 0 0 0 0 0 0 0 0 
853 9 0 0 0 0 0 0 0 0 0 0 0 
854 9 0 0 0 0 0 0 0 0 0 0 0 
855 9 0 0 0 0 0 0 0 0 0 0 0 
856 9 0 0 0 0 0 0 0 0 0 0 0 
857 9 -1 294 4 20 -1 -1 -1 -1 -1 1 6495 
858 9 50 0 0 0 0 0 0 0 0 0 0 
859 9 0 0 0 0 0 0 0 0 0 0 0 
860 9 0 0 0 0 0 0 0 0 0 0 0 
861 9 0 0 0 0 0 0 0 0 0 0 0 
862 9 0 0 0 0 0 0 0 0 0 0 0 
863 9 -1 153 3 30 -1 -1 -1 -1 -1 2 -44 
864 9 -1 279 3 24 -1 -1 -1 -1 -1 1 -8 
865 9 -1 66 4 12 -1 -1 -1 -1 -1 1 8049 
866 9 58 0 0 0 0 0 0 0 0 0 0 
867 9 0 0 0 0 0 0 0 0 0 0 0 
868 9 0 0 0 0 0 0 0 0 0 0 0 
869 9 0 0 0 0 0 0 0 0 0 0 0 
870 9 0 0 0 0 0 0 0 0 0 0 0 
871 9 0 0 0 0 0 0 0 0 0 0 0 
872 9 0 0 0 0 0 0 0 0 0 0 0 
873 9 -1 92 4 17 -1 -1 -1 -1 -1 0 3891 
874 9 63 0 0 0 0 0 0 0 0 0 0 
875 9 -1 95 3 35 -1 -1 -1 -1 -1 3 0 
876 9 -1 267 3 25 -1 -1 -1 -1 -1 2 -46 
877 9 -1 276 1 26 -1 -1 -1 -1 -1 0 -5 
878 9 -1 87 3 26 -1 -1 -1 -1 -1 0 -37 
879 9 0 0 0 0 0 0 0 0 0 0 0 
880 9 0 0 0 0 0 0 0 0 0 0 0 
881 9 0 0 0 0 0 0 0 0 0 0 0 
882 9 0 0 0 0 0 0 0 0 0 0 0 
883 9 0 0 0 0 0 0 0 0 0 0 0 
884 9 0 0 0 0 0 0 0 0 0 0 0 
885 9 0 0 0 0 0 0 0 0 0 0 0 
886 9 0 0 0 0 0 0 0 0 0 0 0 
887 9 0 0 0 0 0 0 0 0 0 0 0 
888 9 0 0 0 0 0 0 0 0 0 0 0 
889 9 0 0 0 0 0 0 0 0 0 0 0 
890 9 0 0 0 0 0 0 0 0 0 0 0 
891 9 0 0 0 0 0 0 0 0 0 0 0 
892 9 0 0 0 0 0 0 0 0 0 0 0 
893 9 0 0 0 0 0 0 0 0 0 0 0 
894 9 0 0 0 0 0 0 0 0 0 0 0 
895 9 0 0 0 0 0 0 0 0 0 0 0 
896 9 0 0 0 0 0 0 0 0 0 0 0 
897 9 0 0 0 0 0 0 0 0 0 0 0 
898 9 0 0 0 0 0 0 0 0 0 0 0 
899 9 74 0 0 0 0 0 0 0 0 0 0 
900 9 -1 132 3 21 -1 -1 -1 -1 -1 3 -20 
901 9 -1 255 0 33 -1 -1 -1 -1 -1 2 23 
902 9 -1 66 3 29 -1 -1 -1 -1 -1 2 24 
903 9 0 0 0 0 0 0 0 0 0 0 0 
904 9 0 0 0 0 0 0 0 0 0 0 0 
905 9 0 0 0 0 0 0 0 0 0 0 0 
906 9 0 0 0 0 0 0 0 0 0 0 0 
907 9 0 0 0 0 0 0 0 0 0 0 0 
908 9 0 0 0 0 0 0 0 0 0 0 0 
909 9 83 0 0 0 0 0 0 0 0 0 0 
910 9 84 0 0 0 0 0 0 0 0 0 0 
911 9 0 0 0 0 0 0 0 0 0 0 0 
912 9 0 0 0 0 0 0 0 0 0 0 0 
913 9 0 0 0 0 0 0 0 0 0 0 0 
914 9 0 0 0 0 0 0 0 0 0 0 0 
915 9 0 0 0 0 0 0 0 0 0 0 0 
916 9 0 0 0 0 0 0 0 0 0 0 0 
917 9 0 0 0 0 0 0 0 0 0 0 0 
918 9 0 0 0 0 0 0 0 0 0 0 0 
919 9 0 0 0 0 0 0 0 0 0 0 0 
920 9 0 0 0 0 0 0 0 0 0 0 0 
921 9 0 0 0 0 0 0 0 0 0 0 0 
922 9 0 0 0 0 0 0 0 0 0 0 0 
923 9 0 0 0 0 0 0 0 0 0 0 0 
924 9 0 0 0 0 0 0 0 0 0 0 0 
925 9 0 0 0 0 0 0 0 0 0 0 0 
926 9 0 0 0 0 0 0 0 0 0 0 0 
927 9 0 0 0 0 0 0 0 0 0 0 0 
928 9 0 0 0 0 0 0 0 0 0 0 0 
929 9 0 0 0 0 0 0 0 0 0 0 0 
930 9 0 0 0 0 0 0 0 0 0 0 0 
931 9 0 0 0 0 0 0 0 0 0 0 0 
932 9 0 0 0 0 0 0 0 0 0 0 0 
933 9 0 0 0 0 0 0 0 0 0 0 0 
934 9 0 0 0 0 0 0 0 0 0 0 0 
935 9 0 0 0 0 0 0 0 0 0 0 0 
936 9 0 0 0 0 0 0 0 0 0 0 0 
937 9 0 0 0 0 0 0 0 0 0 0 0 
938 9 0 0 0 0 0 0 0 0 0 0 0 
939 9 0 0 0 0 0 0 0 0 0 0 0 
940 9 0 0 0 0 0 0 0 0 0 0 0 
941 9 0 0 0 0 0 0 0 0 0 0 0 
942 9 0 0 0 0 0 0 0 0 0 0 0 
943 9 0 0 0 0 0 0 0 0 0 0 0 
944 9 0 0 0 0 0 0 0 0 0 0 0 
945 9 0 0 0 0 0 0 0 0 0 0 0 
946 9 0 0 0 0 0 0 0 0 0 0 0 
947 9 0 0 0 0 0 0 0 0 0 0 0 
948 9 0 0 0 0 0 0 0 0 0 0 0 
949 9 0 0 0 0 0 0 0 0 0 0 0 
950 9 0 0 0 0 0 0 0 0 0 0 0 
951 9 0 0 0 0 0 0 0 0 0 0 0 
952 9 0 0 0 0 0 0 0 0 0 0 0 
953 9 0 0 0 0 0 0 0 0 0 0 0 
954 9 0 0 0 0 0 0 0 0 0 0 0 
955 9 0 0 0 0 0 0 0 0 0 0 0 
956 9 0 0 0 0 0 0 0 0 0 0 0 
957 9 0 0 0 0 0 0 0 0 0 0 0 
958 9 0 0 0 0 0 0 0 0 0 0 0 
959 9 0 0 0 0 0 0 0 0 0 0 0 
960 9 0 0 0 0 0 0 0 0 0 0 0 
961 9 0 0 0 0 0 0 0 0 0 0 0 
962 9 0 0 0 0 0 0 0 0 0 0 0 
963 9 0 0 0 0 0 0 0 0 0 0 0 
964 9 0 0 0 0 0 0 0 0 0 0 0 
965 9 0 0 0 0 0 0 0 0 0 0 0 
966 9 0 0 0 0 0 0 0 0 0 0 0 
967 9 0 0 0 0 0 0 0 0 0 0 0 
968 9 0 0 0 0 0 0 0 0 0 0 0 
969 9 0 0 0 0 0 0 0 0 0 0 0 
970 9 0 0 0 0 0 0 0 0 0 0 0 
971 9 0 0 0 0 0 0 0 0 0 0 0 
972 9 0 0 0 0 0 0 0 0 0 0 0 
973 9 0 0 0 0 0 0 0 0 0 0 0 
974 9 0 0 0 0 0 0 0 0 0 0 0 
975 9 0 0 0 0 0 0 0 0 0 0 0 
976 9 0 0 0 0 0 0 0 0 0 0 0 
977 9 0 0 0 0 0 0 0 0 0 0 0 
978 9 0 0 0 0 0 0 0 0 0 0 0 
979 9 0 0 0 0 0 0 0 0 0 0 0 
980 9 0 0 0 0 0 0 0 0 0 0 0 
981 9 0 0 0 0 0 0 0 0 0 0 0 
982 9 0 0 0 0 0 0 0 0 0 0 0 
983 9 0 0 0 0 0 0 0 0 0 0 0 
984 9 0 0 0 0 0 0 0 0 0 0 0 
985 9 0 0 0 0 0 0 0 0 0 0 0 
986 9 0 0 0 0 0 0 0 0 0 0 0 
987 9 0 0 0 0 0 0 0 0 0 0 0 
988 9 0 0 0 0 0 0 0 0 0 0 0 
989 9 0 0 0 0 0 0 0 0 0 0 0 
990 9 0 0 0 0 0 0 0 0 0 0 0 
991 9 0 0 0 0 0 0 0 0 0 0 0 
992 9 0 0 0 0 0 0 0 0 0 0 0 
993 9 0 0 0 0 0 0 0 0 0 0 0 
994 9 0 0 0 0 0 0 0 0 0 0 0 
995 9 0 0 0 0 0 0 0 0 0 0 0 
996 9 0 0 0 0 0 0 0 0 0 0 0 
997 9 0 0 0 0 0 0 0 0 0 0 0 
998 9 0 0 0 0 0 0 0 0 0 0 0 
999 9 0 0 0 0 0 0 0 0 0 0 0 
1000 9 0 0 0 0 0 0 0 0 0 0 0 
1001 9 0 0 0 0 0 0 0 0 0 0 0 
1002 9 0 0 0 0 0 0 0 0 0 0 0 
1003 9 0 0 0 0 0 0 0 0 0 0 0 
1004 9 0 0 0 0 0 0 0 0 0 0 0 
1005 9 0 0 0 0 0 0 0 0 0 0 0 
1006 9 0 0 0 0 0 0 0 0 0 0 0 
1007 9 0 0 0 0 0 0 0 0 0 0 0 
1008 9 0 0 0 0 0 0 0 0 0 0 0 
1009 9 0 0 0 0 0 0 0 0 0 0 0 
1010 9 0 0 0 0 0 0 0 0 0 0 0 
1011 9 0 0 0 0 0 0 0 0 0 0 0 
1012 9 0 0 0 0 0 0 0 0 0 0 0 
1013 9 0 0 0 0 0 0 0 0 0 0 0 
1014 9 0 0 0 0 0 0 0 0 0 0 0 
1015 9 0 0 0 0 0 0 0 0 0 0 0 
1016 9 0 0 0 0 0 0 0 0 0 0 0 
1017 9 0 0 0 0 0 0 0 0 0 0 0 
1018 9 0 0 0 0 0 0 0 0 0 0 0 
1019 9 0 0 0 0 0 0 0 0 0 0 0 
1020 9 0 0 0 0 0 0 0 0 0 0 0 
1021 9 0 0 0 0 0 0 0 0 0 0 0 
1022 9 0 0 0 0 0 0 0 0 0 0 0 
1023 10 0 0 0 0 0 0 0 0 0 0 0 
1024 10 0 0 0 0 0 0 0 0 0 0 0 
1025 10 0 0 0 0 0 0 0 0 0 0 0 
1026 10 0 0 0 0 0 0 0 0 0 0 0 
1027 10 0 0 0 0 0 0 0 0 0 0 0 
1028 10 0 0 0 0 0 0 0 0 0 0 0 
1029 10 0 0 0 0 0 0 0 0 0 0 0 
1030 10 0 0 0 0 0 0 0 0 0 0 0 
1031 10 0 0 0 0 0 0 0 0 0 0 0 
1032 10 0 0 0 0 0 0 0 0 0 0 0 
1033 10 0 0 0 0 0 0 0 0 0 0 0 
1034 10 0 0 0 0 0 0 0 0 0 0 0 
1035 10 0 0 0 0 0 0 0 0 0 0 0 
1036 10 0 0 0 0 0 0 0 0 0 0 0 
1037 10 0 0 0 0 0 0 0 0 0 0 0 
1038 10 0 0 0 0 0 0 0 0 0 0 0 
1039 10 0 0 0 0 0 0 0 0 0 0 0 
1040 10 0 0 0 0 0 0 0 0 0 0 0 
1041 10 0 0 0 0 0 0 0 0 0 0 0 
1042 10 0 0 0 0 0 0 0 0 0 0 0 
1043 10 0 0 0 0 0 0 0 0 0 0 0 
1044 10 0 0 0 0 0 0 0 0 0 0 0 
1045 10 0 0 0 0 0 0 0 0 0 0 0 
1046 10 0 0 0 0 0 0 0 0 0 0 0 
1047 10 0 0 0 0 0 0 0 0 0 0 0 
1048 10 0 0 0 0 0 0 0 0 0 0 0 
1049 10 0 0 0 0 0 0 0 0 0 0 0 
1050 10 0 0 0 0 0 0 0 0 0 0 0 
1051 10 0 0 0 0 0 0 0 0 0 0 0 
1052 10 0 0 0 0 0 0 0 0 0 0 0 
1053 10 0 0 0 0 0 0 0 0 0 0 0 
1054 10 0 0 0 0 0 0 0 0 0 0 0 
1055 10 0 0 0 0 0 0 0 0 0 0 0 
1056 10 0 0 0 0 0 0 0 0 0 0 0 
1057 10 0 0 0 0 0 0 0 0 0 0 0 
1058 10 0 0 0 0 0 0 0 0 0 0 0 
1059 10 0 0 0 0 0 0 0 0 0 0 0 
1060 10 0 0 0 0 0 0 0 0 0 0 0 
1061 10 0 0 0 0 0 0 0 0 0 0 0 
1062 10 0 0 0 0 0 0 0 0 0 0 0 
1063 10 0 0 0 0 0 0 0 0 0 0 0 
1064 10 0 0 0 0 0 0 0 0 0 0 0 
1065 10 0 0 0 0 0 0 0 0 0 0 0 
1066 10 0 0 0 0 0 0 0 0 0 0 0 
1067 10 0 0 0 0 0 0 0 0 0 0 0 
1068 10 0 0 0 0 0 0 0 0 0 0 0 
1069 10 0 0 0 0 0 0 0 0 0 0 0 
1070 10 0 0 0 0 0 0 0 0 0 0 0 
1071 10 0 0 0 0 0 0 0 0 0 0 0 
1072 10 0 0 0 0 0 0 0 0 0 0 0 
1073 10 0 0 0 0 0 0 0 0 0 0 0 
1074 10 0 0 0 0 0 0 0 0 0 0 0 
1075 10 0 0 0 0 0 0 0 0 0 0 0 
1076 10 0 0 0 0 0 0 0 0 0 0 0 
1077 10 0 0 0 0 0 0 0 0 0 0 0 
1078 10 0 0 0 0 0 0 0 0 0 0 0 
1079 10 0 0 0 0 0 0 0 0 0 0 0 
1080 10 0 0 0 0 0 0 0 0 0 0 0 
1081 10 0 0 0 0 0 0 0 0 0 0 0 
1082 10 0 0 0 0 0 0 0 0 0 0 0 
1083 10 0 0 0 0 0 0 0 0 0 0 0 
1084 10 0 0 0 0 0 0 0 0 0 0 0 
1085 10 0 0 0 0 0 0 0 0 0 0 0 
1086 10 0 0 0 0 0 0 0 0 0 0 0 
1087 10 0 0 0 0 0 0 0 0 0 0 0 
1088 10 0 0 0 0 0 0 0 0 0 0 0 
1089 10 0 0 0 0 0 0 0 0 0 0 0 
1090 10 0 0 0 0 0 0 0 0 0 0 0 
1091 10 0 0 0 0 0 0 0 0 0 0 0 
1092 10 0 0 0 0 0 0 0 0 0 0 0 
1093 10 0 0 0 0 0 0 0 0 0 0 0 
1094 10 0 0 0 0 0 0 0 0 0 0 0 
1095 10 0 0 0 0 0 0 0 0 0 0 0 
1096 10 0 0 0 0 0 0 0 0 0 0 0 
1097 10 0 0 0 0 0 0 0 0 0 0 0 
1098 10 0 0 0 0 0 0 0 0 0 0 0 
1099 10 0 0 0 0 0 0 0 0 0 0 0 
1100 10 0 0 0 0 0 0 0 0 0 0 0 
1101 10 0 0 0 0 0 0 0 0 0 0 0 
1102 10 0 0 0 0 0 0 0 0 0 0 0 
1103 10 0 0 0 0 0 0 0 0 0 0 0 
1104 10 0 0 0 0 0 0 0 0 0 0 0 
1105 10 0 0 0 0 0 0 0 0 0 0 0 
1106 10 0 0 0 0 0 0 0 0 0 0 0 
1107 10 0 0 0 0 0 0 0 0 0 0 0 
1108 10 0 0 0 0 0 0 0 0 0 0 0 
1109 10 0 0 0 0 0 0 0 0 0 0 0 
1110 10 0 0 0 0 0 0 0 0 0 0 0 
1111 10 0 0 0 0 0 0 0 0 0 0 0 
1112 10 0 0 0 0 0 0 0 0 0 0 0 
1113 10 0 0 0 0 0 0 0 0 0 0 0 
1114 10 0 0 0 0 0 0 0 0 0 0 0 
1115 10 0 0 0 0 0 0 0 0 0 0 0 
1116 10 0 0 0 0 0 0 0 0 0 0 0 
1117 10 0 0 0 0 0 0 0 0 0 0 0 
1118 10 0 0 0 0 0 0 0 0 0 0 0 
1119 10 0 0 0 0 0 0 0 0 0 0 0 
1120 10 0 0 0 0 0 0 0 0 0 0 0 
1121 10 0 0 0 0 0 0 0 0 0 0 0 
1122 10 0 0 0 0 0 0 0 0 0 0 0 
1123 10 0 0 0 0 0 0 0 0 0 0 0 
1124 10 0 0 0 0 0 0 0 0 0 0 0 
1125 10 0 0 0 0 0 0 0 0 0 0 0 
1126 10 0 0 0 0 0 0 0 0 0 0 0 
1127 10 0 0 0 0 0 0 0 0 0 0 0 
1128 10 0 0 0 0 0 0 0 0 0 0 0 
1129 10 0 0 0 0 0 0 0 0 0 0 0 
1130 10 0 0 0 0 0 0 0 0 0 0 0 
1131 10 0 0 0 0 0 0 0 0 0 0 0 
1132 10 0 0 0 0 0 0 0 0 0 0 0 
1133 10 0 0 0 0 0 0 0 0 0 0 0 
1134 10 0 0 0 0 0 0 0 0 0 0 0 
1135 10 0 0 0 0 0 0 0 0 0 0 0 
1136 10 0 0 0 0 0 0 0 0 0 0 0 
1137 10 0 0 0 0 0 0 0 0 0 0 0 
1138 10 0 0 0 0 0 0 0 0 0 0 0 
1139 10 0 0 0 0 0 0 0 0 0 0 0 
1140 10 0 0 0 0 0 0 0 0 0 0 0 
1141 10 0 0 0 0 0 0 0 0 0 0 0 
1142 10 0 0 0 0 0 0 0 0 0 0 0 
1143 10 0 0 0 0 0 0 0 0 0 0 0 
1144 10 0 0 0 0 0 0 0 0 0 0 0 
1145 10 0 0 0 0 0 0 0 0 0 0 0 
1146 10 0 0 0 0 0 0 0 0 0 0 0 
1147 10 0 0 0 0 0 0 0 0 0 0 0 
1148 10 0 0 0 0 0 0 0 0 0 0 0 
1149 10 0 0 0 0 0 0 0 0 0 0 0 
1150 10 0 0 0 0 0 0 0 0 0 0 0 
1151 10 0 0 0 0 0 0 0 0 0 0 0 
1152 10 0 0 0 0 0 0 0 0 0 0 0 
1153 10 0 0 0 0 0 0 0 0 0 0 0 
1154 10 0 0 0 0 0 0 0 0 0 0 0 
1155 10 0 0 0 0 0 0 0 0 0 0 0 
1156 10 0 0 0 0 0 0 0 0 0 0 0 
1157 10 0 0 0 0 0 0 0 0 0 0 0 
1158 10 0 0 0 0 0 0 0 0 0 0 0 
1159 10 0 0 0 0 0 0 0 0 0 0 0 
1160 10 0 0 0 0 0 0 0 0 0 0 0 
1161 10 0 0 0 0 0 0 0 0 0 0 0 
1162 10 0 0 0 0 0 0 0 0 0 0 0 
1163 10 0 0 0 0 0 0 0 0 0 0 0 
1164 10 0 0 0 0 0 0 0 0 0 0 0 
1165 10 0 0 0 0 0 0 0 0 0 0 0 
1166 10 0 0 0 0 0 0 0 0 0 0 0 
1167 10 0 0 0 0 0 0 0 0 0 0 0 
1168 10 0 0 0 0 0 0 0 0 0 0 0 
1169 10 0 0 0 0 0 0 0 0 0 0 0 
1170 10 0 0 0 0 0 0 0 0 0 0 0 
1171 10 0 0 0 0 0 0 0 0 0 0 0 
1172 10 0 0 0 0 0 0 0 0 0 0 0 
1173 10 0 0 0 0 0 0 0 0 0 0 0 
1174 10 0 0 0 0 0 0 0 0 0 0 0 
1175 10 0 0 0 0 0 0 0 0 0 0 0 
1176 10 0 0 0 0 0 0 0 0 0 0 0 
1177 10 0 0 0 0 0 0 0 0 0 0 0 
1178 10 0 0 0 0 0 0 0 0 0 0 0 
1179 10 0 0 0 0 0 0 0 0 0 0 0 
1180 10 0 0 0 0 0 0 0 0 0 0 0 
1181 10 0 0 0 0 0 0 0 0 0 0 0 
1182 10 0 0 0 0 0 0 0 0 0 0 0 
1183 10 0 0 0 0 0 0 0 0 0 0 0 
1184 10 0 0 0 0 0 0 0 0 0 0 0 
1185 10 0 0 0 0 0 0 0 0 0 0 0 
1186 10 0 0 0 0 0 0 0 0 0 0 0 
1187 10 0 0 0 0 0 0 0 0 0 0 0 
1188 10 0 0 0 0 0 0 0 0 0 0 0 
1189 10 0 0 0 0 0 0 0 0 0 0 0 
1190 10 0 0 0 0 0 0 0 0 0 0 0 
1191 10 0 0 0 0 0 0 0 0 0 0 0 
1192 10 0 0 0 0 0 0 0 0 0 0 0 
1193 10 0 0 0 0 0 0 0 0 0 0 0 
1194 10 0 0 0 0 0 0 0 0 0 0 0 
1195 10 0 0 0 0 0 0 0 0 0 0 0 
1196 10 0 0 0 0 0 0 0 0 0 0 0 
1197 10 0 0 0 0 0 0 0 0 0 0 0 
1198 10 0 0 0 0 0 0 0 0 0 0 0 
1199 10 0 0 0 0 0 0 0 0 0 0 0 
1200 10 0 0 0 0 0 0 0 0 0 0 0 
1201 10 0 0 0 0 0 0 0 0 0 0 0 
1202 10 0 0 0 0 0 0 0 0 0 0 0 
1203 10 0 0 0 0 0 0 0 0 0 0 0 
1204 10 0 0 0 0 0 0 0 0 0 0 0 
1205 10 0 0 0 0 0 0 0 0 0 0 0 
1206 10 0 0 0 0 0 0 0 0 0 0 0 
1207 10 0 0 0 0 0 0 0 0 0 0 0 
1208 10 0 0 0 0 0 0 0 0 0 0 0 
1209 10 0 0 0 0 0 0 0 0 0 0 0 
1210 10 0 0 0 0 0 0 0 0 0 0 0 
1211 10 0 0 0 0 0 0 0 0 0 0 0 
1212 10 0 0 0 0 0 0 0 0 0 0 0 
1213 10 0 0 0 0 0 0 0 0 0 0 0 
1214 10 0 0 0 0 0 0 0 0 0 0 0 
1215 10 0 0 0 0 0 0 0 0 0 0 0 
1216 10 0 0 0 0 0 0 0 0 0 0 0 
1217 10 0 0 0 0 0 0 0 0 0 0 0 
1218 10 0 0 0 0 0 0 0 0 0 0 0 
1219 10 0 0 0 0 0 0 0 0 0 0 0 
1220 10 0 0 0 0 0 0 0 0 0 0 0 
1221 10 0 0 0 0 0 0 0 0 0 0 0 
1222 10 0 0 0 0 0 0 0 0 0 0 0 
1223 10 0 0 0 0 0 0 0 0 0 0 0 
1224 10 0 0 0 0 0 0 0 0 0 0 0 
1225 10 0 0 0 0 0 0 0 0 0 0 0 
1226 10 0 0 0 0 0 0 0 0 0 0 0 
1227 10 0 0 0 0 0 0 0 0 0 0 0 
1228 10 0 0 0 0 0 0 0 0 0 0 0 
1229 10 0 0 0 0 0 0 0 0 0 0 0 
1230 10 0 0 0 0 0 0 0 0 0 0 0 
1231 10 0 0 0 0 0 0 0 0 0 0 0 
1232 10 0 0 0 0 0 0 0 0 0 0 0 
1233 10 0 0 0 0 0 0 0 0 0 0 0 
1234 10 0 0 0 0 0 0 0 0 0 0 0 
1235 10 0 0 0 0 0 0 0 0 0 0 0 
1236 10 0 0 0 0 0 0 0 0 0 0 0 
1237 10 0 0 0 0 0 0 0 0 0 0 0 
1238 10 0 0 0 0 0 0 0 0 0 0 0 
1239 10 0 0 0 0 0 0 0 0 0 0 0 
1240 10 0 0 0 0 0 0 0 0 0 0 0 
1241 10 0 0 0 0 0 0 0 0 0 0 0 
1242 10 0 0 0 0 0 0 0 0 0 0 0 
1243 10 0 0 0 0 0 0 0 0 0 0 0 
1244 10 0 0 0 0 0 0 0 0 0 0 0 
1245 10 0 0 0 0 0 0 0 0 0 0 0 
1246 10 0 0 0 0 0 0 0 0 0 0 0 
1247 10 0 0 0 0 0 0 0 0 0 0 0 
1248 10 0 0 0 0 0 0 0 0 0 0 0 
1249 10 0 0 0 0 0 0 0 0 0 0 0 
1250 10 0 0 0 0 0 0 0 0 0 0 0 
1251 10 0 0 0 0 0 0 0 0 0 0 0 
1252 10 0 0 0 0 0 0 0 0 0 0 0 
1253 10 0 0 0 0 0 0 0 0 0 0 0 
1254 10 0 0 0 0 0 0 0 0 0 0 0 
1255 10 0 0 0 0 0 0 0 0 0 0 0 
1256 10 0 0 0 0 0 0 0 0 0 0 0 
1257 10 0 0 0 0 0 0 0 0 0 0 0 
1258 10 0 0 0 0 0 0 0 0 0 0 0 
1259 10 0 0 0 0 0 0 0 0 0 0 0 
1260 10 0 0 0 0 0 0 0 0 0 0 0 
1261 10 0 0 0 0 0 0 0 0 0 0 0 
1262 10 0 0 0 0 0 0 0 0 0 0 0 
1263 10 0 0 0 0 0 0 0 0 0 0 0 
1264 10 0 0 0 0 0 0 0 0 0 0 0 
1265 10 0 0 0 0 0 0 0 0 0 0 0 
1266 10 0 0 0 0 0 0 0 0 0 0 0 
1267 10 0 0 0 0 0 0 0 0 0 0 0 
1268 10 0 0 0 0 0 0 0 0 0 0 0 
1269 10 0 0 0 0 0 0 0 0 0 0 0 
1270 10 0 0 0 0 0 0 0 0 0 0 0 
1271 10 0 0 0 0 0 0 0 0 0 0 0 
1272 10 0 0 0 0 0 0 0 0 0 0 0 
1273 10 0 0 0 0 0 0 0 0 0 0 0 
1274 10 0 0 0 0 0 0 0 0 0 0 0 
1275 10 0 0 0 0 0 0 0 0 0 0 0 
1276 10 0 0 0 0 0 0 0 0 0 0 0 
1277 10 0 0 0 0 0 0 0 0 0 0 0 
1278 10 0 0 0 0 0 0 0 0 0 0 0 
1279 10 0 0 0 0 0 0 0 0 0 0 0 
1280 10 0 0 0 0 0 0 0 0 0 0 0 
1281 10 0 0 0 0 0 0 0 0 0 0 0 
1282 10 0 0 0 0 0 0 0 0 0 0 0 
1283 10 0 0 0 0 0 0 0 0 0 0 0 
1284 10 0 0 0 0 0 0 0 0 0 0 0 
1285 10 0 0 0 0 0 0 0 0 0 0 0 
1286 10 0 0 0 0 0 0 0 0 0 0 0 
1287 10 0 0 0 0 0 0 0 0 0 0 0 
1288 10 0 0 0 0 0 0 0 0 0 0 0 
1289 10 0 0 0 0 0 0 0 0 0 0 0 
1290 10 0 0 0 0 0 0 0 0 0 0 0 
1291 10 0 0 0 0 0 0 0 0 0 0 0 
1292 10 0 0 0 0 0 0 0 0 0 0 0 
1293 10 0 0 0 0 0 0 0 0 0 0 0 
1294 10 0 0 0 0 0 0 0 0 0 0 0 
1295 10 0 0 0 0 0 0 0 0 0 0 0 
1296 10 0 0 0 0 0 0 0 0 0 0 0 
1297 10 0 0 0 0 0 0 0 0 0 0 0 
1298 10 0 0 0 0 0 0 0 0 0 0 0 
1299 10 0 0 0 0 0 0 0 0 0 0 0 
1300 10 0 0 0 0 0 0 0 0 0 0 0 
1301 10 0 0 0 0 0 0 0 0 0 0 0 
1302 10 0 0 0 0 0 0 0 0 0 0 0 
1303 10 0 0 0 0 0 0 0 0 0 0 0 
1304 10 0 0 0 0 0 0 0 0 0 0 0 
1305 10 0 0 0 0 0 0 0 0 0 0 0 
1306 10 0 0 0 0 0 0 0 0 0 0 0 
1307 10 0 0 0 0 0 0 0 0 0 0 0 
1308 10 0 0 0 0 0 0 0 0 0 0 0 
1309 10 0 0 0 0 0 0 0 0 0 0 0 
1310 10 0 0 0 0 0 0 0 0 0 0 0 
1311 10 0 0 0 0 0 0 0 0 0 0 0 
1312 10 0 0 0 0 0 0 0 0 0 0 0 
1313 10 0 0 0 0 0 0 0 0 0 0 0 
1314 10 0 0 0 0 0 0 0 0 0 0 0 
1315 10 0 0 0 0 0 0 0 0 0 0 0 
1316 10 0 0 0 0 0 0 0 0 0 0 0 
1317 10 0 0 0 0 0 0 0 0 0 0 0 
1318 10 0 0 0 0 0 0 0 0 0 0 0 
1319 10 0 0 0 0 0 0 0 0 0 0 0 
1320 10 0 0 0 0 0 0 0 0 0 0 0 
1321 10 0 0 0 0 0 0 0 0 0 0 0 
1322 10 0 0 0 0 0 0 0 0 0 0 0 
1323 10 0 0 0 0 0 0 0 0 0 0 0 
1324 10 0 0 0 0 0 0 0 0 0 0 0 
1325 10 0 0 0 0 0 0 0 0 0 0 0 
1326 10 0 0 0 0 0 0 0 0 0 0 0 
1327 10 0 0 0 0 0 0 0 0 0 0 0 
1328 10 0 0 0 0 0 0 0 0 0 0 0 
1329 10 0 0 0 0 0 0 0 0 0 0 0 
1330 10 0 0 0 0 0 0 0 0 0 0 0 
1331 10 0 0 0 0 0 0 0 0 0 0 0 
1332 10 0 0 0 0 0 0 0 0 0 0 0 
1333 10 0 0 0 0 0 0 0 0 0 0 0 
1334 10 0 0 0 0 0 0 0 0 0 0 0 
1335 10 0 0 0 0 0 0 0 0 0 0 0 
1336 10 0 0 0 0 0 0 0 0 0 0 0 
1337 10 0 0 0 0 0 0 0 0 0 0 0 
1338 10 0 0 0 0 0 0 0 0 0 0 0 
1339 10 0 0 0 0 0 0 0 0 0 0 0 
1340 10 0 0 0 0 0 0 0 0 0 0 0 
1341 10 0 0 0 0 0 0 0 0 0 0 0 
1342 10 0 0 0 0 0 0 0 0 0 0 0 
1343 10 0 0 0 0 0 0 0 0 0 0 0 
1344 10 0 0 0 0 0 0 0 0 0 0 0 
1345 10 0 0 0 0 0 0 0 0 0 0 0 
1346 10 0 0 0 0 0 0 0 0 0 0 0 
1347 10 0 0 0 0 0 0 0 0 0 0 0 
1348 10 0 0 0 0 0 0 0 0 0 0 0 
1349 10 0 0 0 0 0 0 0 0 0 0 0 
1350 10 0 0 0 0 0 0 0 0 0 0 0 
1351 10 0 0 0 0 0 0 0 0 0 0 0 
1352 10 0 0 0 0 0 0 0 0 0 0 0 
1353 10 0 0 0 0 0 0 0 0 0 0 0 
1354 10 0 0 0 0 0 0 0 0 0 0 0 
1355 10 0 0 0 0 0 0 0 0 0 0 0 
1356 10 0 0 0 0 0 0 0 0 0 0 0 
1357 10 0 0 0 0 0 0 0 0 0 0 0 
1358 10 0 0 0 0 0 0 0 0 0 0 0 
1359 10 0 0 0 0 0 0 0 0 0 0 0 
1360 10 0 0 0 0 0 0 0 0 0 0 0 
1361 10 0 0 0 0 0 0 0 0 0 0 0 
1362 10 0 0 0 0 0 0 0 0 0 0 0 
1363 10 0 0 0 0 0 0 0 0 0 0 0 
1364 10 0 0 0 0 0 0 0 0 0 0 0 
1365 10 0 0 0 0 0 0 0 0 0 0 0 
1366 10 0 0 0 0 0 0 0 0 0 0 0 
1367 10 0 0 0 0 0 0 0 0 0 0 0 
1368 10 0 0 0 0 0 0 0 0 0 0 0 
1369 10 0 0 0 0 0 0 0 0 0 0 0 
1370 10 0 0 0 0 0 0 0 0 0 0 0 
1371 10 0 0 0 0 0 0 0 0 0 0 0 
1372 10 0 0 0 0 0 0 0 0 0 0 0 
1373 10 0 0 0 0 0 0 0 0 0 0 0 
1374 10 0 0 0 0 0 0 0 0 0 0 0 
1375 10 0 0 0 0 0 0 0 0 0 0 0 
1376 10 0 0 0 0 0 0 0 0 0 0 0 
1377 10 0 0 0 0 0 0 0 0 0 0 0 
1378 10 0 0 0 0 0 0 0 0 0 0 0 
1379 10 0 0 0 0 0 0 0 0 0 0 0 
1380 10 0 0 0 0 0 0 0 0 0 0 0 
1381 10 0 0 0 0 0 0 0 0 0 0 0 
1382 10 0 0 0 0 0 0 0 0 0 0 0 
1383 10 0 0 0 0 0 0 0 0 0 0 0 
1384 10 0 0 0 0 0 0 0 0 0 0 0 
1385 10 0 0 0 0 0 0 0 0 0 0 0 
1386 10 0 0 0 0 0 0 0 0 0 0 0 
1387 10 0 0 0 0 0 0 0 0 0 0 0 
1388 10 0 0 0 0 0 0 0 0 0 0 0 
1389 10 0 0 0 0 0 0 0 0 0 0 0 
1390 10 0 0 0 0 0 0 0 0 0 0 0 
1391 10 0 0 0 0 0 0 0 0 0 0 0 
1392 10 0 0 0 0 0 0 0 0 0 0 0 
1393 10 0 0 0 0 0 0 0 0 0 0 0 
1394 10 0 0 0 0 0 0 0 0 0 0 0 
1395 10 0 0 0 0 0 0 0 0 0 0 0 
1396 10 0 0 0 0 0 0 0 0 0 0 0 
1397 10 0 0 0 0 0 0 0 0 0 0 0 
1398 10 0 0 0 0 0 0 0 0 0 0 0 
1399 10 0 0 0 0 0 0 0 0 0 0 0 
1400 10 0 0 0 0 0 0 0 0 0 0 0 
1401 10 0 0 0 0 0 0 0 0 0 0 0 
1402 10 0 0 0 0 0 0 0 0 0 0 0 
1403 10 0 0 0 0 0 0 0 0 0 0 0 
1404 10 0 0 0 0 0 0 0 0 0 0 0 
1405 10 0 0 0 0 0 0 0 0 0 0 0 
1406 10 0 0 0 0 0 0 0 0 0 0 0 
1407 10 0 0 0 0 0 0 0 0 0 0 0 
1408 10 0 0 0 0 0 0 0 0 0 0 0 
1409 10 0 0 0 0 0 0 0 0 0 0 0 
1410 10 0 0 0 0 0 0 0 0 0 0 0 
1411 10 0 0 0 0 0 0 0 0 0 0 0 
1412 10 0 0 0 0 0 0 0 0 0 0 0 
1413 10 0 0 0 0 0 0 0 0 0 0 0 
1414 10 0 0 0 0 0 0 0 0 0 0 0 
1415 10 0 0 0 0 0 0 0 0 0 0 0 
1416 10 0 0 0 0 0 0 0 0 0 0 0 
1417 10 0 0 0 0 0 0 0 0 0 0 0 
1418 10 0 0 0 0 0 0 0 0 0 0 0 
1419 10 0 0 0 0 0 0 0 0 0 0 0 
1420 10 0 0 0 0 0 0 0 0 0 0 0 
1421 10 0 0 0 0 0 0 0 0 0 0 0 
1422 10 0 0 0 0 0 0 0 0 0 0 0 
1423 10 0 0 0 0 0 0 0 0 0 0 0 
1424 10 0 0 0 0 0 0 0 0 0 0 0 
1425 10 0 0 0 0 0 0 0 0 0 0 0 
1426 10 0 0 0 0 0 0 0 0 0 0 0 
1427 10 0 0 0 0 0 0 0 0 0 0 0 
1428 10 0 0 0 0 0 0 0 0 0 0 0 
1429 10 0 0 0 0 0 0 0 0 0 0 0 
1430 10 0 0 0 0 0 0 0 0 0 0 0 
1431 10 0 0 0 0 0 0 0 0 0 0 0 
1432 10 0 0 0 0 0 0 0 0 0 0 0 
1433 10 0 0 0 0 0 0 0 0 0 0 0 
1434 10 0 0 0 0 0 0 0 0 0 0 0 
1435 10 0 0 0 0 0 0 0 0 0 0 0 
1436 10 0 0 0 0 0 0 0 0 0 0 0 
1437 10 0 0 0 0 0 0 0 0 0 0 0 
1438 10 0 0 0 0 0 0 0 0 0 0 0 
1439 10 0 0 0 0 0 0 0 0 0 0 0 
1440 10 0 0 0 0 0 0 0 0 0 0 0 
1441 10 0 0 0 0 0 0 0 0 0 0 0 
1442 10 0 0 0 0 0 0 0 0 0 0 0 
1443 10 0 0 0 0 0 0 0 0 0 0 0 
1444 10 0 0 0 0 0 0 0 0 0 0 0 
1445 10 0 0 0 0 0 0 0 0 0 0 0 
1446 10 0 0 0 0 0 0 0 0 0 0 0 
1447 10 0 0 0 0 0 0 0 0 0 0 0 
1448 10 0 0 0 0 0 0 0 0 0 0 0 
1449 10 0 0 0 0 0 0 0 0 0 0 0 
1450 10 0 0 0 0 0 0 0 0 0 0 0 
1451 10 0 0 0 0 0 0 0 0 0 0 0 
1452 10 0 0 0 0 0 0 0 0 0 0 0 
1453 10 0 0 0 0 0 0 0 0 0 0 0 
1454 10 0 0 0 0 0 0 0 0 0 0 0 
1455 10 0 0 0 0 0 0 0 0 0 0 0 
1456 10 0 0 0 0 0 0 0 0 0 0 0 
1457 10 0 0 0 0 0 0 0 0 0 0 0 
1458 10 0 0 0 0 0 0 0 0 0 0 0 
1459 10 0 0 0 0 0 0 0 0 0 0 0 
1460 10 0 0 0 0 0 0 0 0 0 0 0 
1461 10 0 0 0 0 0 0 0 0 0 0 0 
1462 10 0 0 0 0 0 0 0 0 0 0 0 
1463 10 0 0 0 0 0 0 0 0 0 0 0 
1464 10 0 0 0 0 0 0 0 0 0 0 0 
1465 10 0 0 0 0 0 0 0 0 0 0 0 
1466 10 0 0 0 0 0 0 0 0 0 0 0 
1467 10 0 0 0 0 0 0 0 0 0 0 0 
1468 10 0 0 0 0 0 0 0 0 0 0 0 
1469 10 0 0 0 0 0 0 0 0 0 0 0 
1470 10 0 0 0 0 0 0 0 0 0 0 0 
1471 10 0 0 0 0 0 0 0 0 0 0 0 
1472 10 0 0 0 0 0 0 0 0 0 0 0 
1473 10 0 0 0 0 0 0 0 0 0 0 0 
1474 10 0 0 0 0 0 0 0 0 0 0 0 
1475 10 0 0 0 0 0 0 0 0 0 0 0 
1476 10 0 0 0 0 0 0 0 0 0 0 0 
1477 10 0 0 0 0 0 0 0 0 0 0 0 
1478 10 0 0 0 0 0 0 0 0 0 0 0 
1479 10 0 0 0 0 0 0 0 0 0 0 0 
1480 10 0 0 0 0 0 0 0 0 0 0 0 
1481 10 0 0 0 0 0 0 0 0 0 0 0 
1482 10 0 0 0 0 0 0 0 0 0 0 0 
1483 10 0 0 0 0 0 0 0 0 0 0 0 
1484 10 0 0 0 0 0 0 0 0 0 0 0 
1485 10 0 0 0 0 0 0 0 0 0 0 0 
1486 10 0 0 0 0 0 0 0 0 0 0 0 
1487 10 0 0 0 0 0 0 0 0 0 0 0 
1488 10 0 0 0 0 0 0 0 0 0 0 0 
1489 10 0 0 0 0 0 0 0 0 0 0 0 
1490 10 0 0 0 0 0 0 0 0 0 0 0 
1491 10 0 0 0 0 0 0 0 0 0 0 0 
1492 10 0 0 0 0 0 0 0 0 0 0 0 
1493 10 0 0 0 0 0 0 0 0 0 0 0 
1494 10 0 0 0 0 0 0 0 0 0 0 0 
1495 10 0 0 0 0 0 0 0 0 0 0 0 
1496 10 0 0 0 0 0 0 0 0 0 0 0 
1497 10 0 0 0 0 0 0 0 0 0 0 0 
1498 10 0 0 0 0 0 0 0 0 0 0 0 
1499 10 0 0 0 0 0 0 0 0 0 0 0 
1500 10 0 0 0 0 0 0 0 0 0 0 0 
1501 10 0 0 0 0 0 0 0 0 0 0 0 
1502 10 0 0 0 0 0 0 0 0 0 0 0 
1503 10 0 0 0 0 0 0 0 0 0 0 0 
1504 10 0 0 0 0 0 0 0 0 0 0 0 
1505 10 0 0 0 0 0 0 0 0 0 0 0 
1506 10 0 0 0 0 0 0 0 0 0 0 0 
1507 10 0 0 0 0 0 0 0 0 0 0 0 
1508 10 0 0 0 0 0 0 0 0 0 0 0 
1509 10 0 0 0 0 0 0 0 0 0 0 0 
1510 10 0 0 0 0 0 0 0 0 0 0 0 
1511 10 0 0 0 0 0 0 0 0 0 0 0 
1512 10 0 0 0 0 0 0 0 0 0 0 0 
1513 10 0 0 0 0 0 0 0 0 0 0 0 
1514 10 0 0 0 0 0 0 0 0 0 0 0 
1515 10 0 0 0 0 0 0 0 0 0 0 0 
1516 10 0 0 0 0 0 0 0 0 0 0 0 
1517 10 0 0 0 0 0 0 0 0 0 0 0 
1518 10 0 0 0 0 0 0 0 0 0 0 0 
1519 10 0 0 0 0 0 0 0 0 0 0 0 
1520 10 0 0 0 0 0 0 0 0 0 0 0 
1521 10 0 0 0 0 0 0 0 0 0 0 0 
1522 10 0 0 0 0 0 0 0 0 0 0 0 
1523 10 0 0 0 0 0 0 0 0 0 0 0 
1524 10 0 0 0 0 0 0 0 0 0 0 0 
1525 10 0 0 0 0 0 0 0 0 0 0 0 
1526 10 0 0 0 0 0 0 0 0 0 0 0 
1527 10 0 0 0 0 0 0 0 0 0 0 0 
1528 10 0 0 0 0 0 0 0 0 0 0 0 
1529 10 0 0 0 0 0 0 0 0 0 0 0 
1530 10 0 0 0 0 0 0 0 0 0 0 0 
1531 10 0 0 0 0 0 0 0 0 0 0 0 
1532 10 0 0 0 0 0 0 0 0 0 0 0 
1533 10 0 0 0 0 0 0 0 0 0 0 0 
1534 10 0 0 0 0 0 0 0 0 0 0 0 
1535 10 0 0 0 0 0 0 0 0 0 0 0 
1536 10 0 0 0 0 0 0 0 0 0 0 0 
1537 10 2 0 0 0 0 0 0 0 0 0 0 
1538 10 3 0 0 0 0 0 0 0 0 0 0 
1539 10 0 0 0 0 0 0 0 0 0 0 0 
1540 10 0 0 0 0 0 0 0 0 0 0 0 
1541 10 5 0 0 0 0 0 0 0 0 0 0 
1542 10 6 0 0 0 0 0 0 0 0 0 0 
1543 10 0 0 0 0 0 0 0 0 0 0 0 
1544 10 0 0 0 0 0 0 0 0 0 0 0 
1545 10 8 0 0 0 0 0 0 0 0 0 0 
1546 10 9 0 0 0 0 0 0 0 0 0 0 
1547 10 0 0 0 0 0 0 0 0 0 0 0 
1548 10 0 0 0 0 0 0 0 0 0 0 0 
1549 10 0 0 0 0 0 0 0 0 0 0 0 
1550 10 0 0 0 0 0 0 0 0 0 0 0 
1551 10 0 0 0 0 0 0 0 0 0 0 0 
1552 10 0 0 0 0 0 0 0 0 0 0 0 
1553 10 0 0 0 0 0 0 0 0 0 0 0 
1554 10 0 0 0 0 0 0 0 0 0 0 0 
1555 10 0 0 0 0 0 0 0 0 0 0 0 
1556 10 0 0 0 0 0 0 0 0 0 0 0 
1557 10 0 0 0 0 0 0 0 0 0 0 0 
1558 10 0 0 0 0 0 0 0 0 0 0 0 
1559 10 0 0 0 0 0 0 0 0 0 0 0 
1560 10 0 0 0 0 0 0 0 0 0 0 0 
1561 10 0 0 0 0 0 0 0 0 0 0 0 
1562 10 0 0 0 0 0 0 0 0 0 0 0 
1563 10 0 0 0 0 0 0 0 0 0 0 0 
1564 10 0 0 0 0 0 0 0 0 0 0 0 
1565 10 0 0 0 0 0 0 0 0 0 0 0 
1566 10 0 0 0 0 0 0 0 0 0 0 0 
1567 10 0 0 0 0 0 0 0 0 0 0 0 
1568 10 0 0 0 0 0 0 0 0 0 0 0 
1569 10 0 0 0 0 0 0 0 0 0 0 0 
1570 10 0 0 0 0 0 0 0 0 0 0 0 
1571 10 0 0 0 0 0 0 0 0 0 0 0 
1572 10 0 0 0 0 0 0 0 0 0 0 0 
1573 10 0 0 0 0 0 0 0 0 0 0 0 
1574 10 0 0 0 0 0 0 0 0 0 0 0 
1575 10 0 0 0 0 0 0 0 0 0 0 0 
1576 10 0 0 0 0 0 0 0 0 0 0 0 
1577 10 0 0 0 0 0 0 0 0 0 0 0 
1578 10 0 0 0 0 0 0 0 0 0 0 0 
1579 10 0 0 0 0 0 0 0 0 0 0 0 
1580 10 0 0 0 0 0 0 0 0 0 0 0 
1581 10 0 0 0 0 0 0 0 0 0 0 0 
1582 10 0 0 0 0 0 0 0 0 0 0 0 
1583 10 0 0 0 0 0 0 0 0 0 0 0 
1584 10 0 0 0 0 0 0 0 0 0 0 0 
1585 10 0 0 0 0 0 0 0 0 0 0 0 
1586 10 0 0 0 0 0 0 0 0 0 0 0 
1587 10 0 0 0 0 0 0 0 0 0 0 0 
1588 10 0 0 0 0 0 0 0 0 0 0 0 
1589 10 0 0 0 0 0 0 0 0 0 0 0 
1590 10 0 0 0 0 0 0 0 0 0 0 0 
1591 10 0 0 0 0 0 0 0 0 0 0 0 
1592 10 0 0 0 0 0 0 0 0 0 0 0 
1593 10 0 0 0 0 0 0 0 0 0 0 0 
1594 10 0 0 0 0 0 0 0 0 0 0 0 
1595 10 0 0 0 0 0 0 0 0 0 0 0 
1596 10 0 0 0 0 0 0 0 0 0 0 0 
1597 10 0 0 0 0 0 0 0 0 0 0 0 
1598 10 0 0 0 0 0 0 0 0 0 0 0 
1599 10 14 0 0 0 0 0 0 0 0 0 0 
1600 10 15 0 0 0 0 0 0 0 0 0 0 
1601 10 16 0 0 0 0 0 0 0 0 0 0 
1602 10 17 0 0 0 0 0 0 0 0 0 0 
1603 10 18 0 0 0 0 0 0 0 0 0 0 
1604 10 19 0 0 0 0 0 0 0 0 0 0 
1605 10 20 0 0 0 0 0 0 0 0 0 0 
1606 10 21 0 0 0 0 0 0 0 0 0 0 
1607 10 22 0 0 0 0 0 0 0 0 0 0 
1608 10 23 0 0 0 0 0 0 0 0 0 0 
1609 10 24 0 0 0 0 0 0 0 0 0 0 
1610 10 25 0 0 0 0 0 0 0 0 0 0 
1611 10 0 0 0 0 0 0 0 0 0 0 0 
1612 10 0 0 0 0 0 0 0 0 0 0 0 
1613 10 0 0 0 0 0 0 0 0 0 0 0 
1614 10 0 0 0 0 0 0 0 0 0 0 0 
1615 10 0 0 0 0 0 0 0 0 0 0 0 
1616 10 0 0 0 0 0 0 0 0 0 0 0 
1617 10 28 0 0 0 0 0 0 0 0 0 0 
1618 10 29 0 0 0 0 0 0 0 0 0 0 
1619 10 0 0 0 0 0 0 0 0 0 0 0 
1620 10 0 0 0 0 0 0 0 0 0 0 0 
1621 10 31 0 0 0 0 0 0 0 0 0 0 
1622 10 32 0 0 0 0 0 0 0 0 0 0 
1623 10 33 0 0 0 0 0 0 0 0 0 0 
1624 10 34 0 0 0 0 0 0 0 0 0 0 
1625 10 0 0 0 0 0 0 0 0 0 0 0 
1626 10 0 0 0 0 0 0 0 0 0 0 0 
1627 10 0 0 0 0 0 0 0 0 0 0 0 
1628 10 0 0 0 0 0 0 0 0 0 0 0 
1629 10 0 0 0 0 0 0 0 0 0 0 0 
1630 10 0 0 0 0 0 0 0 0 0 0 0 
1631 10 0 0 0 0 0 0 0 0 0 0 0 
1632 10 0 0 0 0 0 0 0 0 0 0 0 
1633 10 0 0 0 0 0 0 0 0 0 0 0 
1634 10 0 0 0 0 0 0 0 0 0 0 0 
1635 10 0 0 0 0 0 0 0 0 0 0 0 
1636 10 0 0 0 0 0 0 0 0 0 0 0 
1637 10 0 0 0 0 0 0 0 0 0 0 0 
1638 10 0 0 0 0 0 0 0 0 0 0 0 
1639 10 38 0 0 0 0 0 0 0 0 0 0 
1640 10 39 0 0 0 0 0 0 0 0 0 0 
1641 10 0 0 0 0 0 0 0 0 0 0 0 
1642 10 0 0 0 0 0 0 0 0 0 0 0 
1643 10 0 0 0 0 0 0 0 0 0 0 0 
1644 10 0 0 0 0 0 0 0 0 0 0 0 
1645 10 42 0 0 0 0 0 0 0 0 0 0 
1646 10 43 0 0 0 0 0 0 0 0 0 0 
1647 10 0 0 0 0 0 0 0 0 0 0 0 
1648 10 0 0 0 0 0 0 0 0 0 0 0 
1649 10 0 0 0 0 0 0 0 0 0 0 0 
1650 10 0 0 0 0 0 0 0 0 0 0 0 
1651 10 0 0 0 0 0 0 0 0 0 0 0 
1652 10 0 0 0 0 0 0 0 0 0 0 0 
1653 10 0 0 0 0 0 0 0 0 0 0 0 
1654 10 0 0 0 0 0 0 0 0 0 0 0 
1655 10 0 0 0 0 0 0 0 0 0 0 0 
1656 10 0 0 0 0 0 0 0 0 0 0 0 
1657 10 0 0 0 0 0 0 0 0 0 0 0 
1658 10 0 0 0 0 0 0 0 0 0 0 0 
1659 10 0 0 0 0 0 0 0 0 0 0 0 
1660 10 0 0 0 0 0 0 0 0 0 0 0 
1661 10 0 0 0 0 0 0 0 0 0 0 0 
1662 10 0 0 0 0 0 0 0 0 0 0 0 
1663 10 0 0 0 0 0 0 0 0 0 0 0 
1664 10 0 0 0 0 0 0 0 0 0 0 0 
1665 10 0 0 0 0 0 0 0 0 0 0 0 
1666 10 0 0 0 0 0 0 0 0 0 0 0 
1667 10 0 0 0 0 0 0 0 0 0 0 0 
1668 10 0 0 0 0 0 0 0 0 0 0 0 
1669 10 0 0 0 0 0 0 0 0 0 0 0 
1670 10 0 0 0 0 0 0 0 0 0 0 0 
1671 10 0 0 0 0 0 0 0 0 0 0 0 
1672 10 0 0 0 0 0 0 0 0 0 0 0 
1673 10 0 0 0 0 0 0 0 0 0 0 0 
1674 10 0 0 0 0 0 0 0 0 0 0 0 
1675 10 0 0 0 0 0 0 0 0 0 0 0 
1676 10 0 0 0 0 0 0 0 0 0 0 0 
1677 10 0 0 0 0 0 0 0 0 0 0 0 
1678 10 0 0 0 0 0 0 0 0 0 0 0 
1679 10 0 0 0 0 0 0 0 0 0 0 0 
1680 10 0 0 0 0 0 0 0 0 0 0 0 
1681 10 0 0 0 0 0 0 0 0 0 0 0 
1682 10 0 0 0 0 0 0 0 0 0 0 0 
1683 10 0 0 0 0 0 0 0 0 0 0 0 
1684 10 0 0 0 0 0 0 0 0 0 0 0 
1685 10 0 0 0 0 0 0 0 0 0 0 0 
1686 10 0 0 0 0 0 0 0 0 0 0 0 
1687 10 0 0 0 0 0 0 0 0 0 0 0 
1688 10 0 0 0 0 0 0 0 0 0 0 0 
1689 10 0 0 0 0 0 0 0 0 0 0 0 
1690 10 0 0 0 0 0 0 0 0 0 0 0 
1691 10 0 0 0 0 0 0 0 0 0 0 0 
1692 10 0 0 0 0 0 0 0 0 0 0 0 
1693 10 0 0 0 0 0 0 0 0 0 0 0 
1694 10 0 0 0 0 0 0 0 0 0 0 0 
1695 10 0 0 0 0 0 0 0 0 0 0 0 
1696 10 0 0 0 0 0 0 0 0 0 0 0 
1697 10 0 0 0 0 0 0 0 0 0 0 0 
1698 10 0 0 0 0 0 0 0 0 0 0 0 
1699 10 0 0 0 0 0 0 0 0 0 0 0 
1700 10 0 0 0 0 0 0 0 0 0 0 0 
1701 10 0 0 0 0 0 0 0 0 0 0 0 
1702 10 0 0 0 0 0 0 0 0 0 0 0 
1703 10 0 0 0 0 0 0 0 0 0 0 0 
1704 10 0 0 0 0 0 0 0 0 0 0 0 
1705 10 0 0 0 0 0 0 0 0 0 0 0 
1706 10 0 0 0 0 0 0 0 0 0 0 0 
1707 10 0 0 0 0 0 0 0 0 0 0 0 
1708 10 0 0 0 0 0 0 0 0 0 0 0 
1709 10 0 0 0 0 0 0 0 0 0 0 0 
1710 10 0 0 0 0 0 0 0 0 0 0 0 
1711 10 0 0 0 0 0 0 0 0 0 0 0 
1712 10 0 0 0 0 0 0 0 0 0 0 0 
1713 10 0 0 0 0 0 0 0 0 0 0 0 
1714 10 0 0 0 0 0 0 0 0 0 0 0 
1715 10 48 0 0 0 0 0 0 0 0 0 0 
1716 10 49 0 0 0 0 0 0 0 0 0 0 
1717 10 0 0 0 0 0 0 0 0 0 0 0 
1718 10 0 0 0 0 0 0 0 0 0 0 0 
1719 10 0 0 0 0 0 0 0 0 0 0 0 
1720 10 0 0 0 0 0 0 0 0 0 0 0 
1721 10 0 0 0 0 0 0 0 0 0 0 0 
1722 10 0 0 0 0 0 0 0 0 0 0 0 
1723 10 0 0 0 0 0 0 0 0 0 0 0 
1724 10 0 0 0 0 0 0 0 0 0 0 0 
1725 10 0 0 0 0 0 0 0 0 0 0 0 
1726 10 0 0 0 0 0 0 0 0 0 0 0 
1727 10 52 0 0 0 0 0 0 0 0 0 0 
1728 10 53 0 0 0 0 0 0 0 0 0 0 
1729 10 54 0 0 0 0 0 0 0 0 0 0 
1730 10 55 0 0 0 0 0 0 0 0 0 0 
1731 10 56 0 0 0 0 0 0 0 0 0 0 
1732 10 57 0 0 0 0 0 0 0 0 0 0 
1733 10 0 0 0 0 0 0 0 0 0 0 0 
1734 10 0 0 0 0 0 0 0 0 0 0 0 
1735 10 0 0 0 0 0 0 0 0 0 0 0 
1736 10 0 0 0 0 0 0 0 0 0 0 0 
1737 10 0 0 0 0 0 0 0 0 0 0 0 
1738 10 0 0 0 0 0 0 0 0 0 0 0 
1739 10 0 0 0 0 0 0 0 0 0 0 0 
1740 10 0 0 0 0 0 0 0 0 0 0 0 
1741 10 0 0 0 0 0 0 0 0 0 0 0 
1742 10 0 0 0 0 0 0 0 0 0 0 0 
1743 10 0 0 0 0 0 0 0 0 0 0 0 
1744 10 0 0 0 0 0 0 0 0 0 0 0 
1745 10 0 0 0 0 0 0 0 0 0 0 0 
1746 10 0 0 0 0 0 0 0 0 0 0 0 
1747 10 61 0 0 0 0 0 0 0 0 0 0 
1748 10 62 0 0 0 0 0 0 0 0 0 0 
1749 10 0 0 0 0 0 0 0 0 0 0 0 
1750 10 0 0 0 0 0 0 0 0 0 0 0 
1751 10 64 0 0 0 0 0 0 0 0 0 0 
1752 10 65 0 0 0 0 0 0 0 0 0 0 
1753 10 66 0 0 0 0 0 0 0 0 0 0 
1754 10 67 0 0 0 0 0 0 0 0 0 0 
1755 10 68 0 0 0 0 0 0 0 0 0 0 
1756 10 69 0 0 0 0 0 0 0 0 0 0 
1757 10 70 0 0 0 0 0 0 0 0 0 0 
1758 10 71 0 0 0 0 0 0 0 0 0 0 
1759 10 0 0 0 0 0 0 0 0 0 0 0 
1760 10 0 0 0 0 0 0 0 0 0 0 0 
1761 10 0 0 0 0 0 0 0 0 0 0 0 
1762 10 0 0 0 0 0 0 0 0 0 0 0 
1763 10 0 0 0 0 0 0 0 0 0 0 0 
1764 10 0 0 0 0 0 0 0 0 0 0 0 
1765 10 0 0 0 0 0 0 0 0 0 0 0 
1766 10 0 0 0 0 0 0 0 0 0 0 0 
1767 10 0 0 0 0 0 0 0 0 0 0 0 
1768 10 0 0 0 0 0 0 0 0 0 0 0 
1769 10 0 0 0 0 0 0 0 0 0 0 0 
1770 10 0 0 0 0 0 0 0 0 0 0 0 
1771 10 0 0 0 0 0 0 0 0 0 0 0 
1772 10 0 0 0 0 0 0 0 0 0 0 0 
1773 10 0 0 0 0 0 0 0 0 0 0 0 
1774 10 0 0 0 0 0 0 0 0 0 0 0 
1775 10 0 0 0 0 0 0 0 0 0 0 0 
1776 10 0 0 0 0 0 0 0 0 0 0 0 
1777 10 0 0 0 0 0 0 0 0 0 0 0 
1778 10 0 0 0 0 0 0 0 0 0 0 0 
1779 10 0 0 0 0 0 0 0 0 0 0 0 
1780 10 0 0 0 0 0 0 0 0 0 0 0 
1781 10 0 0 0 0 0 0 0 0 0 0 0 
1782 10 0 0 0 0 0 0 0 0 0 0 0 
1783 10 0 0 0 0 0 0 0 0 0 0 0 
1784 10 0 0 0 0 0 0 0 0 0 0 0 
1785 10 0 0 0 0 0 0 0 0 0 0 0 
1786 10 0 0 0 0 0 0 0 0 0 0 0 
1787 10 0 0 0 0 0 0 0 0 0 0 0 
1788 10 0 0 0 0 0 0 0 0 0 0 0 
1789 10 0 0 0 0 0 0 0 0 0 0 0 
1790 10 0 0 0 0 0 0 0 0 0 0 0 
1791 10 0 0 0 0 0 0 0 0 0 0 0 
1792 10 0 0 0 0 0 0 0 0 0 0 0 
1793 10 0 0 0 0 0 0 0 0 0 0 0 
1794 10 0 0 0 0 0 0 0 0 0 0 0 
1795 10 0 0 0 0 0 0 0 0 0 0 0 
1796 10 0 0 0 0 0 0 0 0 0 0 0 
1797 10 0 0 0 0 0 0 0 0 0 0 0 
1798 10 0 0 0 0 0 0 0 0 0 0 0 
1799 10 0 0 0 0 0 0 0 0 0 0 0 
1800 10 0 0 0 0 0 0 0 0 0 0 0 
1801 10 75 0 0 0 0 0 0 0 0 0 0 
1802 10 76 0 0 0 0 0 0 0 0 0 0 
1803 10 77 0 0 0 0 0 0 0 0 0 0 
1804 10 78 0 0 0 0 0 0 0 0 0 0 
1805 10 79 0 0 0 0 0 0 0 0 0 0 
1806 10 80 0 0 0 0 0 0 0 0 0 0 
1807 10 0 0 0 0 0 0 0 0 0 0 0 
1808 10 0 0 0 0 0 0 0 0 0 0 0 
1809 10 0 0 0 0 0 0 0 0 0 0 0 
1810 10 0 0 0 0 0 0 0 0 0 0 0 
1811 10 0 0 0 0 0 0 0 0 0 0 0 
1812 10 0 0 0 0 0 0 0 0 0 0 0 
1813 10 0 0 0 0 0 0 0 0 0 0 0 
1814 10 0 0 0 0 0 0 0 0 0 0 0 
1815 10 0 0 0 0 0 0 0 0 0 0 0 
1816 10 0 0 0 0 0 0 0 0 0 0 0 
1817 10 0 0 0 0 0 0 0 0 0 0 0 
1818 10 0 0 0 0 0 0 0 0 0 0 0 
1819 10 0 0 0 0 0 0 0 0 0 0 0 
1820 10 0 0 0 0 0 0 0 0 0 0 0 
1821 10 0 0 0 0 0 0 0 0 0 0 0 
1822 10 0 0 0 0 0 0 0 0 0 0 0 
1823 10 0 0 0 0 0 0 0 0 0 0 0 
1824 10 0 0 0 0 0 0 0 0 0 0 0 
1825 10 0 0 0 0 0 0 0 0 0 0 0 
1826 10 0 0 0 0 0 0 0 0 0 0 0 
1827 10 0 0 0 0 0 0 0 0 0 0 0 
1828 10 0 0 0 0 0 0 0 0 0 0 0 
1829 10 0 0 0 0 0 0 0 0 0 0 0 
1830 10 0 0 0 0 0 0 0 0 0 0 0 
1831 10 0 0 0 0 0 0 0 0 0 0 0 
1832 10 0 0 0 0 0 0 0 0 0 0 0 
1833 10 0 0 0 0 0 0 0 0 0 0 0 
1834 10 0 0 0 0 0 0 0 0 0 0 0 
1835 10 0 0 0 0 0 0 0 0 0 0 0 
1836 10 0 0 0 0 0 0 0 0 0 0 0 
1837 10 0 0 0 0 0 0 0 0 0 0 0 
1838 10 0 0 0 0 0 0 0 0 0 0 0 
1839 10 0 0 0 0 0 0 0 0 0 0 0 
1840 10 0 0 0 0 0 0 0 0 0 0 0 
1841 10 0 0 0 0 0 0 0 0 0 0 0 
1842 10 0 0 0 0 0 0 0 0 0 0 0 
1843 10 0 0 0 0 0 0 0 0 0 0 0 
1844 10 0 0 0 0 0 0 0 0 0 0 0 
1845 10 0 0 0 0 0 0 0 0 0 0 0 
1846 10 0 0 0 0 0 0 0 0 0 0 0 
1847 10 0 0 0 0 0 0 0 0 0 0 0 
1848 10 0 0 0 0 0 0 0 0 0 0 0 
1849 10 0 0 0 0 0 0 0 0 0 0 0 
1850 10 0 0 0 0 0 0 0 0 0 0 0 
1851 10 0 0 0 0 0 0 0 0 0 0 0 
1852 10 0 0 0 0 0 0 0 0 0 0 0 
1853 10 0 0 0 0 0 0 0 0 0 0 0 
1854 10 0 0 0 0 0 0 0 0 0 0 0 
1855 10 0 0 0 0 0 0 0 0 0 0 0 
1856 10 0 0 0 0 0 0 0 0 0 0 0 
1857 10 0 0 0 0 0 0 0 0 0 0 0 
1858 10 0 0 0 0 0 0 0 0 0 0 0 
1859 10 0 0 0 0 0 0 0 0 0 0 0 
1860 10 0 0 0 0 0 0 0 0 0 0 0 
1861 10 0 0 0 0 0 0 0 0 0 0 0 
1862 10 0 0 0 0 0 0 0 0 0 0 0 
1863 10 0 0 0 0 0 0 0 0 0 0 0 
1864 10 0 0 0 0 0 0 0 0 0 0 0 
1865 10 0 0 0 0 0 0 0 0 0 0 0 
1866 10 0 0 0 0 0 0 0 0 0 0 0 
1867 10 0 0 0 0 0 0 0 0 0 0 0 
1868 10 0 0 0 0 0 0 0 0 0 0 0 
1869 10 0 0 0 0 0 0 0 0 0 0 0 
1870 10 0 0 0 0 0 0 0 0 0 0 0 
1871 10 0 0 0 0 0 0 0 0 0 0 0 
1872 10 0 0 0 0 0 0 0 0 0 0 0 
1873 10 0 0 0 0 0 0 0 0 0 0 0 
1874 10 0 0 0 0 0 0 0 0 0 0 0 
1875 10 0 0 0 0 0 0 0 0 0 0 0 
1876 10 0 0 0 0 0 0 0 0 0 0 0 
1877 10 0 0 0 0 0 0 0 0 0 0 0 
1878 10 0 0 0 0 0 0 0 0 0 0 0 
1879 10 0 0 0 0 0 0 0 0 0 0 0 
1880 10 0 0 0 0 0 0 0 0 0 0 0 
1881 10 0 0 0 0 0 0 0 0 0 0 0 
1882 10 0 0 0 0 0 0 0 0 0 0 0 
1883 10 0 0 0 0 0 0 0 0 0 0 0 
1884 10 0 0 0 0 0 0 0 0 0 0 0 
1885 10 0 0 0 0 0 0 0 0 0 0 0 
1886 10 0 0 0 0 0 0 0 0 0 0 0 
1887 10 0 0 0 0 0 0 0 0 0 0 0 
1888 10 0 0 0 0 0 0 0 0 0 0 0 
1889 10 0 0 0 0 0 0 0 0 0 0 0 
1890 10 0 0 0 0 0 0 0 0 0 0 0 
1891 10 0 0 0 0 0 0 0 0 0 0 0 
1892 10 0 0 0 0 0 0 0 0 0 0 0 
1893 10 0 0 0 0 0 0 0 0 0 0 0 
1894 10 0 0 0 0 0 0 0 0 0 0 0 
1895 10 0 0 0 0 0 0 0 0 0 0 0 
1896 10 0 0 0 0 0 0 0 0 0 0 0 
1897 10 0 0 0 0 0 0 0 0 0 0 0 
1898 10 0 0 0 0 0 0 0 0 0 0 0 
1899 10 0 0 0 0 0 0 0 0 0 0 0 
1900 10 0 0 0 0 0 0 0 0 0 0 0 
1901 10 0 0 0 0 0 0 0 0 0 0 0 
1902 10 0 0 0 0 0 0 0 0 0 0 0 
1903 10 0 0 0 0 0 0 0 0 0 0 0 
1904 10 0 0 0 0 0 0 0 0 0 0 0 
1905 10 0 0 0 0 0 0 0 0 0 0 0 
1906 10 0 0 0 0 0 0 0 0 0 0 0 
1907 10 0 0 0 0 0 0 0 0 0 0 0 
1908 10 0 0 0 0 0 0 0 0 0 0 0 
1909 10 0 0 0 0 0 0 0 0 0 0 0 
1910 10 0 0 0 0 0 0 0 0 0 0 0 
1911 10 0 0 0 0 0 0 0 0 0 0 0 
1912 10 0 0 0 0 0 0 0 0 0 0 0 
1913 10 0 0 0 0 0 0 0 0 0 0 0 
1914 10 0 0 0 0 0 0 0 0 0 0 0 
1915 10 0 0 0 0 0 0 0 0 0 0 0 
1916 10 0 0 0 0 0 0 0 0 0 0 0 
1917 10 0 0 0 0 0 0 0 0 0 0 0 
1918 10 0 0 0 0 0 0 0 0 0 0 0 
1919 10 0 0 0 0 0 0 0 0 0 0 0 
1920 10 0 0 0 0 0 0 0 0 0 0 0 
1921 10 0 0 0 0 0 0 0 0 0 0 0 
1922 10 0 0 0 0 0 0 0 0 0 0 0 
1923 10 0 0 0 0 0 0 0 0 0 0 0 
1924 10 0 0 0 0 0 0 0 0 0 0 0 
1925 10 0 0 0 0 0 0 0 0 0 0 0 
1926 10 0 0 0 0 0 0 0 0 0 0 0 
1927 10 0 0 0 0 0 0 0 0 0 0 0 
1928 10 0 0 0 0 0 0 0 0 0 0 0 
1929 10 0 0 0 0 0 0 0 0 0 0 0 
1930 10 0 0 0 0 0 0 0 0 0 0 0 
1931 10 0 0 0 0 0 0 0 0 0 0 0 
1932 10 0 0 0 0 0 0 0 0 0 0 0 
1933 10 0 0 0 0 0 0 0 0 0 0 0 
1934 10 0 0 0 0 0 0 0 0 0 0 0 
1935 10 0 0 0 0 0 0 0 0 0 0 0 
1936 10 0 0 0 0 0 0 0 0 0 0 0 
1937 10 0 0 0 0 0 0 0 0 0 0 0 
1938 10 0 0 0 0 0 0 0 0 0 0 0 
1939 10 0 0 0 0 0 0 0 0 0 0 0 
1940 10 0 0 0 0 0 0 0 0 0 0 0 
1941 10 0 0 0 0 0 0 0 0 0 0 0 
1942 10 0 0 0 0 0 0 0 0 0 0 0 
1943 10 0 0 0 0 0 0 0 0 0 0 0 
1944 10 0 0 0 0 0 0 0 0 0 0 0 
1945 10 0 0 0 0 0 0 0 0 0 0 0 
1946 10 0 0 0 0 0 0 0 0 0 0 0 
1947 10 0 0 0 0 0 0 0 0 0 0 0 
1948 10 0 0 0 0 0 0 0 0 0 0 0 
1949 10 0 0 0 0 0 0 0 0 0 0 0 
1950 10 0 0 0 0 0 0 0 0 0 0 0 
1951 10 0 0 0 0 0 0 0 0 0 0 0 
1952 10 0 0 0 0 0 0 0 0 0 0 0 
1953 10 0 0 0 0 0 0 0 0 0 0 0 
1954 10 0 0 0 0 0 0 0 0 0 0 0 
1955 10 0 0 0 0 0 0 0 0 0 0 0 
1956 10 0 0 0 0 0 0 0 0 0 0 0 
1957 10 0 0 0 0 0 0 0 0 0 0 0 
1958 10 0 0 0 0 0 0 0 0 0 0 0 
1959 10 0 0 0 0 0 0 0 0 0 0 0 
1960 10 0 0 0 0 0 0 0 0 0 0 0 
1961 10 0 0 0 0 0 0 0 0 0 0 0 
1962 10 0 0 0 0 0 0 0 0 0 0 0 
1963 10 0 0 0 0 0 0 0 0 0 0 0 
1964 10 0 0 0 0 0 0 0 0 0 0 0 
1965 10 0 0 0 0 0 0 0 0 0 0 0 
1966 10 0 0 0 0 0 0 0 0 0 0 0 
1967 10 0 0 0 0 0 0 0 0 0 0 0 
1968 10 0 0 0 0 0 0 0 0 0 0 0 
1969 10 0 0 0 0 0 0 0 0 0 0 0 
1970 10 0 0 0 0 0 0 0 0 0 0 0 
1971 10 0 0 0 0 0 0 0 0 0 0 0 
1972 10 0 0 0 0 0 0 0 0 0 0 0 
1973 10 0 0 0 0 0 0 0 0 0 0 0 
1974 10 0 0 0 0 0 0 0 0 0 0 0 
1975 10 0 0 0 0 0 0 0 0 0 0 0 
1976 10 0 0 0 0 0 0 0 0 0 0 0 
1977 10 0 0 0 0 0 0 0 0 0 0 0 
1978 10 0 0 0 0 0 0 0 0 0 0 0 
1979 10 0 0 0 0 0 0 0 0 0 0 0 
1980 10 0 0 0 0 0 0 0 0 0 0 0 
1981 10 0 0 0 0 0 0 0 0 0 0 0 
1982 10 0 0 0 0 0 0 0 0 0 0 0 
1983 10 0 0 0 0 0 0 0 0 0 0 0 
1984 10 0 0 0 0 0 0 0 0 0 0 0 
1985 10 0 0 0 0 0 0 0 0 0 0 0 
1986 10 0 0 0 0 0 0 0 0 0 0 0 
1987 10 0 0 0 0 0 0 0 0 0 0 0 
1988 10 0 0 0 0 0 0 0 0 0 0 0 
1989 10 0 0 0 0 0 0 0 0 0 0 0 
1990 10 0 0 0 0 0 0 0 0 0 0 0 
1991 10 0 0 0 0 0 0 0 0 0 0 0 
1992 10 0 0 0 0 0 0 0 0 0 0 0 
1993 10 0 0 0 0 0 0 0 0 0 0 0 
1994 10 0 0 0 0 0 0 0 0 0 0 0 
1995 10 0 0 0 0 0 0 0 0 0 0 0 
1996 10 0 0 0 0 0 0 0 0 0 0 0 
1997 10 0 0 0 0 0 0 0 0 0 0 0 
1998 10 0 0 0 0 0 0 0 0 0 0 0 
1999 10 0 0 0 0 0 0 0 0 0 0 0 
2000 10 0 0 0 0 0 0 0 0 0 0 0 
2001 10 0 0 0 0 0 0 0 0 0 0 0 
2002 10 0 0 0 0 0 0 0 0 0 0 0 
2003 10 0 0 0 0 0 0 0 0 0 0 0 
2004 10 0 0 0 0 0 0 0 0 0 0 0 
2005 10 0 0 0 0 0 0 0 0 0 0 0 
2006 10 0 0 0 0 0 0 0 0 0 0 0 
2007 10 0 0 0 0 0 0 0 0 0 0 0 
2008 10 0 0 0 0 0 0 0 0 0 0 0 
2009 10 0 0 0 0 0 0 0 0 0 0 0 
2010 10 0 0 0 0 0 0 0 0 0 0 0 
2011 10 0 0 0 0 0 0 0 0 0 0 0 
2012 10 0 0 0 0 0 0 0 0 0 0 0 
2013 10 0 0 0 0 0 0 0 0 0 0 0 
2014 10 0 0 0 0 0 0 0 0 0 0 0 
2015 10 0 0 0 0 0 0 0 0 0 0 0 
2016 10 0 0 0 0 0 0 0 0 0 0 0 
2017 10 0 0 0 0 0 0 0 0 0 0 0 
2018 10 0 0 0 0 0 0 0 0 0 0 0 
2019 10 0 0 0 0 0 0 0 0 0 0 0 
2020 10 0 0 0 0 0 0 0 0 0 0 0 
2021 10 0 0 0 0 0 0 0 0 0 0 0 
2022 10 0 0 0 0 0 0 0 0 0 0 0 
2023 10 0 0 0 0 0 0 0 0 0 0 0 
2024 10 0 0 0 0 0 0 0 0 0 0 0 
2025 10 0 0 0 0 0 0 0 0 0 0 0 
2026 10 0 0 0 0 0 0 0 0 0 0 0 
2027 10 0 0 0 0 0 0 0 0 0 0 0 
2028 10 0 0 0 0 0 0 0 0 0 0 0 
2029 10 0 0 0 0 0 0 0 0 0 0 0 
2030 10 0 0 0 0 0 0 0 0 0 0 0 
2031 10 0 0 0 0 0 0 0 0 0 0 0 
2032 10 0 0 0 0 0 0 0 0 0 0 0 
2033 10 0 0 0 0 0 0 0 0 0 0 0 
2034 10 0 0 0 0 0 0 0 0 0 0 0 
2035 10 0 0 0 0 0 0 0 0 0 0 0 
2036 10 0 0 0 0 0 0 0 0 0 0 0 
2037 10 0 0 0 0 0 0 0 0 0 0 0 
2038 10 0 0 0 0 0 0 0 0 0 0 0 
2039 10 0 0 0 0 0 0 0 0 0 0 0 
2040 10 0 0 0 0 0 0 0 0 0 0 0 
2041 10 0 0 0 0 0 0 0 0 0 0 0 
2042 10 0 0 0 0 0 0 0 0 0 0 0 
2043 10 0 0 0 0 0 0 0 0 0 0 0 
2044 10 0 0 0 0 0 0 0 0 0 0 0 
2045 10 0 0 0 0 0 0 0 0 0 0 0 
2046 10 0 0 0 0 0 0 0 0 0 0 0 

0 4 1 0 bottle_1 0.00415143 7 12 -59 78 12 -54 78 12 -54 84 7 -39 84 17 -59 66 12 -59 84 7 -39 90 
1 4 1 0 bottle_1 0.545455 1 22 -34 216 
2 4 0 
3 4 1 0 bottle_1 1 555 7 51 216 7 51 204 17 46 204 17 46 186 17 46 6 17 46 300 12 46 240 17 46 132 12 46 270 17 46 66 17 46 84 2 51 204 2 51 216 2 51 180 2 51 162 12 46 60 17 41 216 12 46 48 12 46 84 7 46 300 7 46 162 -3 51 204 17 41 300 22 41 36 12 41 216 7 46 54 22 41 78 22 41 60 12 41 270 22 41 48 17 41 60 17 41 54 12 41 306 17 41 66 17 41 78 -23 41 66 -23 41 60 -23 41 6 -23 41 48 2 46 306 12 41 162 -23 41 132 -23 41 270 2 46 60 -8 46 186 12 41 42 -3 46 186 -18 41 60 12 41 54 7 41 204 -8 46 216 7 41 186 12 41 90 -18 41 48 7 41 180 -18 41 132 -3 46 300 17 36 186 12 36 6 -18 41 306 12 36 204 -18 41 270 17 36 306 17 36 36 -18 41 216 17 36 132 2 41 6 7 41 132 22 36 78 22 36 90 22 36 84 17 36 60 7 36 240 7 41 90 7 36 6 17 36 66 7 41 84 -23 36 300 17 36 84 -23 36 78 -13 41 132 -23 36 60 17 31 216 -23 36 132 -23 36 162 -18 36 90 7 36 204 -13 41 162 17 31 6 7 36 180 7 36 270 -23 36 42 -13 41 240 -8 41 78 2 41 60 7 36 36 12 36 48 7 36 162 -18 36 60 7 36 300 -8 41 42 -3 41 216 -18 36 306 12 31 240 2 36 240 -18 36 36 -18 36 270 -18 36 300 -8 41 300 -8 41 240 -8 41 162 17 31 270 17 31 306 22 31 132 -18 36 216 -3 41 84 -18 36 180 -18 36 6 2 36 186 12 31 270 -13 36 90 7 36 60 -3 41 132 2 36 270 12 31 306 17 31 60 17 31 54 22 31 66 17 31 48 17 31 66 17 31 90 17 31 78 2 36 300 22 31 42 7 36 84 17 26 216 -23 31 306 -13 36 132 -13 36 216 -13 36 162 -23 31 84 2 36 54 12 26 216 12 31 132 -28 31 216 -28 31 240 12 31 48 -23 31 66 -3 36 270 -3 36 36 -3 36 204 7 31 36 -8 36 90 -23 31 60 -18 31 90 -8 36 48 7 31 300 -23 31 48 -18 31 84 -23 31 132 12 31 66 -8 36 216 -8 36 6 -18 31 66 -8 36 300 -23 31 42 12 31 84 -8 36 162 -8 36 132 -3 36 66 -3 36 306 17 26 162 17 26 36 -18 31 306 -18 31 300 17 26 270 -3 36 90 -18 31 132 -18 31 36 7 26 6 22 26 132 12 26 186 2 31 6 12 26 180 12 26 300 17 26 60 -13 31 78 -13 31 66 -18 31 186 7 26 216 17 26 48 22 26 78 22 26 90 7 31 78 -13 31 60 22 26 84 17 21 6 2 31 300 17 26 78 2 31 306 17 26 84 22 26 42 -23 26 306 17 21 204 7 26 36 -3 31 240 7 26 270 7 26 180 -13 31 300 -3 31 186 2 31 54 -13 31 180 -18 26 90 -18 26 78 -8 31 66 -13 31 240 7 26 306 -8 31 270 12 21 240 -3 31 36 -3 31 6 -3 31 216 -8 31 90 17 21 180 -23 26 132 -3 31 60 7 21 6 -8 31 300 -8 31 306 2 26 6 -3 31 306 7 21 240 -13 26 90 2 26 36 -18 26 48 7 21 216 12 21 306 7 26 66 2 26 204 12 16 6 -13 26 60 2 26 300 -18 26 180 17 21 42 -18 26 162 22 21 78 22 21 90 22 21 84 17 21 84 2 26 48 -8 26 66 22 21 42 -8 26 60 -13 26 36 2 26 60 -23 21 306 2 21 240 12 16 240 -3 26 180 -3 26 36 -8 26 84 -8 26 204 -13 26 42 -8 26 90 -3 26 60 -18 21 78 -13 26 162 -3 26 216 -3 26 66 17 16 186 -3 26 48 12 21 90 12 16 36 2 21 6 -8 26 306 -18 21 66 -23 21 216 2 26 84 -3 26 42 17 16 162 -23 21 204 -23 21 240 7 21 60 2 21 36 12 16 270 17 16 270 12 16 186 -13 21 84 -13 21 78 -13 21 90 -13 21 66 17 11 6 -3 26 132 17 11 216 12 11 216 7 21 78 -13 21 60 17 16 54 17 16 42 12 16 42 7 21 84 2 21 48 7 16 270 -8 21 270 2 16 240 -3 21 270 2 21 60 -3 21 186 -8 21 60 17 16 84 7 16 162 -13 21 186 12 16 54 7 16 186 12 16 60 -13 21 204 22 16 78 22 16 84 -8 21 54 -13 21 36 22 16 66 2 21 66 -8 21 48 -3 21 60 -3 21 204 -3 21 54 -3 21 66 -13 21 132 -13 21 42 2 21 78 -8 21 42 12 16 90 -18 16 84 7 16 54 -8 21 216 2 16 36 2 21 90 7 16 60 -8 21 6 2 16 180 17 11 132 -8 21 162 7 16 66 -13 16 78 2 16 42 -3 16 240 17 6 204 7 16 90 17 11 60 2 16 54 -8 16 66 12 11 132 7 11 162 -8 16 60 7 11 204 -18 16 6 12 11 54 12 6 240 12 11 60 -8 16 78 -18 16 48 7 11 42 7 11 186 -13 16 54 12 11 66 -13 16 306 7 6 240 22 11 90 -13 16 216 -8 16 204 22 11 54 7 11 48 -3 16 48 -3 16 6 -13 16 36 -8 16 36 2 11 36 -23 11 306 -3 16 306 -8 16 240 -8 16 42 17 6 36 2 16 84 -13 16 240 -18 11 300 -18 11 78 -18 11 306 12 6 306 17 1 6 2 11 48 2 11 162 2 6 240 12 6 42 -13 11 66 7 11 78 -23 11 6 -3 11 270 2 11 60 17 6 306 7 11 90 17 6 42 7 6 306 12 6 48 17 6 60 -13 11 60 17 6 48 22 6 180 17 6 66 12 1 240 -3 11 36 12 6 54 17 6 90 -3 11 66 -8 11 54 -23 11 180 -18 11 54 -13 11 204 -3 11 48 -13 11 54 -23 11 162 -8 11 48 -8 11 204 12 1 162 -18 11 180 -18 11 186 2 6 36 -8 11 300 -13 11 180 7 6 60 -13 11 48 12 6 90 2 11 84 2 6 270 -23 6 306 12 1 180 7 6 66 -18 6 90 -3 6 240 -3 11 90 17 1 240 -18 6 84 -13 11 162 2 6 48 -13 6 270 -18 6 78 7 1 180 12 1 42 17 1 300 7 1 270 -13 6 84 7 6 78 -18 6 66 7 6 84 17 1 42 -3 6 180 -18 6 204 12 -4 240 17 1 60 -3 6 60 17 1 54 2 6 66 12 1 54 22 1 180 17 1 90 -18 6 60 -3 6 48 12 1 66 22 1 162 -8 6 48 -18 6 36 -13 6 306 -3 6 42 -13 6 216 -18 6 132 17 -4 162 2 6 78 22 1 78 -8 6 240 12 1 84 22 1 84 12 1 90 -8 6 216 -3 6 84 -13 6 240 -23 1 300 17 -4 240 17 -4 300 -18 1 306 -13 6 162 17 -9 204 -18 1 270 -18 1 78 -13 1 78 -13 1 90 -8 6 132 17 -4 42 -8 1 60 17 -4 60 17 -4 54 22 -4 180 -8 1 180 -8 1 54 -18 1 6 -18 1 60 -18 1 240 17 -9 180 22 -4 78 22 -4 54 -23 1 180 -18 1 180 -13 1 36 -18 1 42 -8 1 162 17 -9 306 -18 -4 84 -13 -4 66 -18 -4 78 -23 -4 216 -3 1 132 -13 -4 60 -18 -4 66 -23 -4 204 22 -9 78 22 -9 90 -18 -4 48 -18 -4 186 -23 -4 180 -18 -4 42 -18 -9 84 -18 -9 66 -18 -9 36 22 -14 42 -18 -9 60 -18 -9 132 -23 -9 180 -18 -14 90 -23 -14 216 -18 -14 78 -18 -14 66 22 -19 78 22 -19 84 -23 -14 204 22 -24 204 -18 -14 54 -23 -14 180 22 -24 84 22 -29 216 22 -29 186 -23 -19 180 -18 -24 90 22 -34 204 22 -29 240 -23 -24 186 22 -44 204 27 -69 132 
4 4 1 0 bottle_1 0.107143 1 -23 -9 240 
5 4 1 0 bottle_1 0.953271 17 -18 16 54 7 41 36 -8 46 60 -23 26 60 -8 46 66 2 41 42 2 41 48 -13 41 78 -23 1 162 -3 46 60 -8 36 60 2 36 42 -13 46 78 -3 36 54 -13 41 270 -13 46 84 -8 36 66 
6 4 1 0 bottle_1 1 42 -13 46 90 -18 11 42 -23 41 300 -13 46 186 -23 46 306 -18 26 36 12 41 6 -8 46 90 2 46 54 7 46 48 -18 41 90 -13 46 36 -13 11 36 -13 46 162 7 46 78 -23 46 180 7 46 132 7 46 66 -18 46 240 -18 41 78 -3 46 78 -23 46 240 -13 21 6 -3 46 84 -8 46 54 -13 41 66 -3 46 132 12 46 6 12 51 270 -8 46 300 -18 21 240 2 46 78 2 46 90 -23 46 270 -8 46 36 -13 46 54 -18 46 66 -8 46 42 -18 46 270 -13 46 48 -3 41 42 -3 46 240 
7 4 1 0 bottle_1 1 5 22 36 216 27 36 90 22 46 270 27 41 78 27 41 54 
8 4 1 0 bottle_1 0.980545 42 22 41 180 22 46 6 22 46 216 22 36 204 17 11 270 22 36 240 27 41 90 22 31 186 17 6 270 22 31 240 27 36 66 27 36 162 27 36 60 22 26 240 22 26 216 17 -9 240 27 31 132 22 26 270 22 16 36 27 31 84 17 -14 240 22 1 132 22 21 270 22 6 66 27 26 90 22 -4 132 27 26 66 22 6 36 22 16 240 22 1 66 22 -4 60 22 -4 36 22 -14 66 22 -19 54 22 -19 48 22 -14 6 22 -9 204 22 -24 48 22 -24 36 22 -24 42 22 -14 240 22 -19 240 
9 4 1 0 bottle_1 1 1 22 -54 204 
10 4 1 0 bottle_1 0.285714 1 22 -19 216 
11 4 1 0 bottle_1 0.285714 1 27 -84 6 
12 4 1 0 bottle_1 0.935065 12 27 -64 42 -28 -89 48 -28 -89 42 27 -69 6 27 -64 180 27 -79 186 27 -74 204 27 -79 204 27 -79 6 27 -89 204 27 -79 48 27 -74 84 
13 4 1 0 bottle_1 1 7 -28 -59 306 -28 26 204 -28 21 216 -28 21 240 -28 31 300 -28 -84 42 -28 36 300 
14 4 1 0 bottle_1 1 210 12 -4 300 12 -4 36 7 1 60 2 1 306 2 1 162 2 1 186 12 -4 132 12 -4 42 7 1 54 7 -4 204 2 1 204 7 -9 270 17 -9 36 2 1 6 12 -4 66 2 -4 270 7 1 78 12 -9 300 -3 1 306 7 -4 60 12 -4 78 17 -9 42 12 -14 162 -3 1 204 12 -4 90 7 -4 54 12 -9 54 7 -4 132 2 1 60 7 -9 216 2 -4 204 12 -9 60 17 -14 132 12 -14 6 2 1 36 7 -14 162 -13 -4 186 -3 1 216 12 -9 66 -13 1 240 -3 1 6 -8 -4 300 12 -14 300 -8 -4 306 -13 -4 306 -8 1 240 17 -9 84 -8 1 270 12 -14 42 12 -14 186 -13 -4 300 17 -14 42 12 -19 270 17 -14 6 7 -9 66 2 -4 60 12 -14 54 12 -19 216 -3 -9 180 -3 -4 84 -3 1 36 2 -9 6 12 -19 240 -3 -9 300 7 -19 162 2 -4 84 -3 -4 78 -3 1 60 -8 -4 84 17 -14 54 -8 -9 186 -18 -9 204 7 -14 60 -3 -4 90 -8 -9 300 7 -14 186 2 -4 90 -8 -9 180 12 -19 132 -13 -4 240 2 -14 162 7 -9 78 -13 -4 270 2 -4 54 -8 -4 216 -18 -4 270 12 -19 48 2 -4 48 12 -24 270 7 -9 90 12 -14 78 7 -14 36 17 -19 6 2 -9 60 7 -24 270 -18 -9 300 12 -24 204 2 -14 240 12 -14 90 2 -9 78 7 -19 216 7 -19 180 -8 -4 6 2 -14 204 2 -19 270 7 -14 42 12 -19 306 -3 -9 84 12 -19 60 -3 -14 300 2 -19 180 2 -14 216 -3 -4 54 7 -19 60 2 -9 84 2 -9 42 -8 -14 300 2 -9 54 12 -19 66 -8 -4 48 17 -19 90 -13 -9 270 17 -19 60 -3 -4 42 -3 -9 90 -8 -14 186 17 -19 66 2 -14 66 -13 -9 84 7 -14 78 -18 -14 204 12 -29 162 -18 -9 270 -13 -9 162 12 -24 132 -13 -9 132 -8 -9 78 7 -14 90 7 -24 6 2 -14 60 17 -19 78 12 -24 54 -13 -14 180 12 -29 240 -3 -14 240 12 -19 90 -18 -14 300 -3 -14 204 2 -14 36 12 -24 306 -8 -9 42 -3 -14 84 -3 -9 54 -13 -9 48 -13 -9 66 2 -14 42 17 -24 60 12 -29 300 -13 -14 90 2 -14 84 -13 -9 60 -8 -14 162 2 -19 66 -13 -14 270 2 -24 186 7 -19 78 -8 -19 204 2 -19 60 17 -24 78 -13 -19 300 -13 -14 162 -3 -19 270 -18 -19 216 -3 -14 66 -18 -14 270 12 -24 90 17 -29 162 -3 -19 240 -8 -14 66 -18 -19 306 17 -24 300 -8 -14 6 -3 -24 180 -18 -14 162 -3 -19 84 17 -29 60 17 -24 306 17 -29 54 -3 -14 54 -8 -14 42 22 -24 132 2 -19 54 -13 -14 66 -8 -19 84 -3 -14 48 17 -29 186 -13 -19 90 -8 -19 162 7 -24 90 -18 -14 36 2 -19 90 -13 -24 306 17 -29 78 -8 -24 186 -13 -19 84 -8 -24 180 -3 -19 66 2 -24 78 -3 -24 162 -13 -19 162 
15 4 1 0 bottle_1 0.967105 49 -18 -19 270 -8 -19 66 -18 -24 204 -3 -24 84 -3 -19 36 17 -34 180 -18 -24 306 -8 -19 6 -8 -19 36 -8 -19 60 22 -24 90 -18 -19 162 -8 -19 42 -8 -24 84 -13 -24 90 -18 -19 6 -8 -19 48 -13 -19 66 -18 -19 132 -8 -24 78 17 -39 204 -18 -19 42 -3 -24 36 -8 -24 36 -3 -24 54 -13 -24 162 -8 -24 60 -3 -24 132 -8 -24 42 -13 -29 90 -18 -24 132 -13 -24 6 -18 -19 78 22 -29 48 22 -29 54 22 -34 132 -18 -19 66 22 -29 60 -18 -24 36 -13 -29 78 17 -44 204 -18 -24 42 -23 -24 270 -18 -24 84 22 -34 162 22 -34 66 -18 -29 90 -23 -29 300 -18 -29 84 
16 4 1 0 bottle_1 1 31 22 -59 270 22 -64 204 22 -84 204 22 -44 132 22 -54 270 22 -39 36 22 -64 240 22 -59 240 22 -79 204 22 -74 240 17 -54 300 22 -69 240 22 -49 162 22 -39 180 22 -39 48 22 -39 60 17 -59 216 -18 -39 90 -18 -44 90 22 -54 60 -23 -44 240 22 -49 54 22 -44 54 -23 -39 240 17 -49 240 -18 -29 54 -18 -29 48 -18 -34 48 -13 -29 180 -18 -34 60 -18 -29 180 
17 4 1 0 bottle_1 1 15 -18 -34 162 -18 -44 42 -23 -29 270 -18 -39 60 -18 -39 42 -18 -34 42 -13 -29 48 -18 -44 78 -18 -39 78 -18 -44 48 -18 -44 66 -18 -39 66 -18 -39 54 -18 -49 60 -18 -44 54 
18 4 1 0 bottle_1 0.545455 1 22 -74 60 
19 4 1 0 bottle_1 0.977376 36 22 -74 54 17 -54 48 17 -49 78 22 -64 66 22 -79 48 -18 -59 132 17 -44 36 12 -39 54 17 -79 204 -18 -54 132 22 -74 66 12 -44 54 12 -34 60 7 -39 66 7 -39 60 -8 -39 132 12 -34 90 2 -49 84 7 -44 66 12 -39 90 12 -54 204 12 -49 54 22 -79 90 12 -34 84 17 -79 240 22 -79 60 17 -34 78 22 -64 60 17 -39 42 22 -79 132 22 -79 36 17 -84 216 22 -84 60 22 -89 6 22 -89 78 22 -89 84 
20 4 1 0 bottle_1 1 38 -13 -34 186 -18 -34 204 -8 -34 180 7 -29 132 -8 -34 186 -13 -29 186 -3 -34 132 17 -34 90 2 -29 132 -3 -34 180 2 -29 162 -8 -29 186 -3 -29 180 -18 -39 36 12 -29 90 -13 -39 6 -13 -39 42 12 -39 162 -3 -29 186 -18 -54 54 -8 -49 90 7 -34 216 -13 -39 60 -3 -39 216 -18 -39 6 2 -34 216 12 -29 84 -13 -44 90 -3 -34 240 -13 -34 270 -3 -44 78 7 -24 42 -13 -39 204 -8 -24 216 2 -44 60 -3 -34 90 7 -49 66 7 -44 60 
21 4 1 0 bottle_1 1 161 -13 -29 240 -13 -29 42 12 -29 48 7 -24 66 12 -39 306 12 -54 306 12 -39 204 -3 -34 48 -3 -34 306 7 -34 180 -8 -39 84 -8 -39 306 -3 -39 42 -8 -39 90 -8 -34 6 -8 -39 300 -3 -44 66 7 -39 180 -13 -39 306 7 -39 240 -8 -34 270 -3 -49 204 12 -29 54 -3 -44 6 7 -34 60 12 -34 186 -8 -24 6 7 -34 54 7 -34 270 2 -39 66 12 -49 36 -13 -34 78 7 -49 48 2 -34 6 -8 -49 78 -3 -34 60 -8 -44 48 -18 -64 84 -13 -44 60 12 -54 180 -13 -49 42 -13 -34 300 -3 -44 60 22 -59 132 -3 -29 42 -13 -34 42 2 -44 42 -8 -29 216 -8 -34 78 -8 -34 48 -3 -39 270 2 -44 6 -3 -24 240 7 -44 54 7 -44 36 7 -29 270 -3 -34 6 7 -39 48 7 -39 300 2 -34 54 2 -29 60 2 -24 60 2 -39 48 2 -29 84 7 -29 54 12 -39 36 -3 -29 90 2 -39 270 12 -44 270 7 -34 36 7 -39 270 -18 -49 300 -18 -29 270 17 -54 180 -3 -44 48 -18 -44 36 -18 -54 60 -8 -44 60 17 -74 240 7 -49 270 -13 -29 6 12 -44 240 -3 -29 66 7 -44 240 17 -44 186 2 -39 306 -13 -29 300 7 -29 306 2 -34 36 -3 -29 60 -8 -34 42 -8 -29 306 2 -34 60 2 -44 216 7 -49 36 -8 -24 270 -23 -59 216 -13 -44 6 -18 -69 66 -3 -34 42 -3 -29 36 2 -29 300 -8 -34 36 7 -54 204 12 -34 36 -3 -29 240 2 -29 66 -3 -49 270 2 -49 48 2 -34 66 17 -74 204 -13 -54 84 -18 -69 84 17 -69 240 -18 -49 306 -8 -29 84 17 -49 6 -18 -54 240 -3 -29 84 -18 -49 54 17 -54 6 -3 -49 36 -8 -34 84 -18 -49 48 -18 -54 300 -13 -44 270 -18 -54 204 -18 -54 216 12 -49 306 7 -44 216 -3 -49 162 7 -44 186 -18 -49 42 -18 -64 48 12 -44 162 17 -44 162 22 -74 36 -18 -69 54 22 -64 84 -18 -64 36 12 -49 162 -18 -59 60 17 -59 162 -13 -49 186 -8 -49 180 -18 -69 132 -18 -74 90 -18 -74 84 -8 -44 180 -18 -74 66 -18 -79 90 17 -64 180 -23 -74 270 -23 -74 306 -18 -79 84 -18 -74 78 -23 -74 240 -8 -44 186 -18 -44 216 22 -74 78 -3 -49 180 
22 4 1 0 bottle_1 1 35 27 -89 42 27 -89 78 22 -89 306 27 -89 66 27 -89 60 22 -89 204 22 -89 240 -28 -89 162 22 -89 216 -28 -89 300 -28 -89 180 -28 -89 216 -28 -89 240 22 -84 300 -28 -89 204 27 -84 54 -23 -89 48 -23 -89 90 -23 -89 6 27 -69 54 -23 -89 60 -23 -89 66 22 -79 270 27 -69 60 22 -79 300 27 -84 60 -23 -89 162 22 -74 270 22 -69 300 27 -74 60 27 -74 78 22 -84 180 -23 -59 36 -23 -84 66 -23 -84 42 
23 4 1 0 bottle_1 0.923077 10 -23 -69 90 -28 -79 186 -28 -64 270 -23 -74 78 -23 -69 132 -23 -79 84 -23 -59 6 -23 -79 180 -18 -74 60 -18 -69 42 
24 4 1 0 bottle_1 1 10 -23 -64 6 -23 -69 42 -28 -79 240 -23 -69 36 -28 -79 216 -28 -69 270 -23 -79 78 -23 -79 54 -23 -79 66 -23 -79 60 
25 4 1 0 bottle_1 1 4 -23 -74 66 -23 -74 48 -23 -74 54 -28 -74 270 
26 4 1 0 bottle_1 0.130435 1 -28 -64 240 
27 4 0 
28 4 1 0 bottle_1 1 18 17 -64 84 12 -64 300 17 -84 162 17 -84 54 17 -84 36 17 -84 90 17 -84 84 17 -84 42 17 -74 36 17 -79 36 17 -79 42 17 -84 66 12 -64 306 12 -84 60 17 -79 54 17 -79 90 12 -84 132 12 -84 180 
29 4 1 0 bottle_1 0.996029 209 7 -84 180 -13 -74 78 17 -79 78 -13 -69 66 -13 -69 60 17 -69 84 -13 -74 60 12 -79 306 -13 -69 54 -13 -59 54 12 -84 90 12 -84 84 7 -84 84 -13 -74 240 -8 -54 90 -13 -64 216 -13 -79 306 -13 -79 90 -13 -79 162 -13 -74 84 -13 -59 48 -8 -59 42 -8 -74 36 -8 -74 42 17 -79 132 -8 -64 132 -18 -74 300 -13 -79 84 -18 -79 180 -13 -54 6 2 -84 204 -8 -64 36 7 -84 306 -13 -79 36 -8 -59 6 -13 -69 6 -13 -64 6 17 -64 90 -8 -49 6 -8 -54 60 -8 -69 42 -8 -74 6 -8 -79 6 -8 -69 6 -13 -79 66 -13 -74 216 -13 -74 42 -8 -79 36 2 -84 240 -13 -54 36 -8 -79 60 -8 -74 78 -8 -74 66 -8 -74 60 -13 -74 270 -8 -79 66 -8 -74 84 -18 -69 162 -8 -64 90 12 -74 300 -8 -74 162 12 -69 204 -3 -69 84 -3 -79 66 2 -79 84 -3 -69 204 -3 -79 60 2 -69 66 17 -59 78 2 -54 36 2 -69 6 -3 -54 48 -3 -74 180 12 -79 60 -8 -79 162 -3 -54 186 2 -79 132 2 -79 90 2 -79 66 -8 -79 306 12 -79 54 2 -59 6 12 -69 300 -8 -79 186 2 -84 60 2 -74 48 2 -74 66 2 -79 6 -3 -79 162 2 -74 78 -3 -79 42 -3 -79 6 -3 -59 240 -3 -54 204 -3 -54 240 -18 -79 270 2 -84 78 2 -69 42 -3 -69 48 -3 -84 90 -3 -59 132 2 -69 90 2 -59 204 2 -84 216 2 -84 90 -3 -74 60 7 -79 90 -3 -74 66 2 -74 54 -3 -79 78 -3 -79 54 -3 -64 240 2 -49 36 -3 -64 132 2 -79 54 -3 -59 84 -3 -64 78 -3 -84 180 2 -64 78 2 -79 48 2 -79 60 -3 -69 60 2 -84 54 2 -74 42 2 -84 132 2 -64 186 -3 -69 36 2 -64 66 -3 -84 6 2 -49 300 12 -54 42 -8 -84 48 12 -59 42 -18 -79 6 -3 -84 36 -8 -84 60 -3 -84 300 -3 -84 306 -3 -84 78 2 -84 66 -3 -84 66 -8 -84 84 -8 -84 66 -8 -84 78 7 -69 240 7 -74 300 12 -74 90 7 -59 216 7 -79 216 12 -64 42 7 -74 60 7 -74 240 12 -69 132 7 -79 240 12 -79 162 7 -64 216 2 -69 306 7 -69 66 7 -74 270 2 -69 300 2 -74 240 7 -69 180 7 -69 216 2 -64 240 7 -79 162 2 -79 216 2 -69 204 2 -74 186 7 -69 162 12 -59 162 -8 -84 186 7 -54 306 12 -64 60 12 -69 270 12 -59 90 12 -69 54 7 -59 60 7 -79 306 7 -64 54 7 -69 300 12 -79 78 7 -64 60 7 -69 60 12 -79 90 12 -64 132 7 -64 78 12 -79 216 7 -69 270 12 -79 204 7 -79 54 -8 -84 36 -8 -84 162 12 -69 162 12 -74 240 12 -64 162 -3 -84 204 -13 -84 78 -13 -84 84 -8 -84 300 -13 -84 306 -13 -84 48 -13 -84 42 -13 -84 36 -13 -84 54 -18 -84 306 -18 -84 300 -18 -84 240 -18 -84 180 -13 -84 132 
30 4 1 0 bottle_1 0.230769 3 -13 -64 84 -13 -59 84 2 -59 36 
31 4 1 0 bottle_1 1 20 2 -64 36 2 -64 42 -8 -64 66 -8 -69 48 2 -64 48 -8 -69 66 -23 -84 240 12 -74 78 -18 -64 300 -18 -84 60 -23 -84 216 -18 -84 78 2 -64 54 -3 -64 270 -18 -84 204 -3 -64 66 -13 -64 186 -18 -59 204 -8 -64 300 12 -64 36 
32 4 1 0 bottle_1 0.982935 48 -8 -59 204 17 -74 60 2 -64 60 2 -59 180 -8 -59 306 -3 -59 180 -8 -59 84 -18 -59 6 -18 -64 216 -8 -49 204 -3 -69 66 -3 -59 300 -13 -64 204 -8 -54 180 12 -64 84 12 -59 270 7 -59 48 2 -49 60 17 -74 54 2 -54 162 2 -54 60 -8 -59 66 17 -64 48 2 -69 60 -8 -54 84 7 -54 270 2 -54 84 -13 -69 306 2 -54 54 12 -59 66 -8 -69 186 -18 -69 216 -18 -69 6 7 -54 42 -23 -79 204 2 -54 42 -18 -79 36 -18 -74 54 -18 -79 60 -18 -79 66 2 -74 162 -18 -79 78 -18 -79 132 -8 -74 186 -8 -79 180 -3 -74 162 -13 -74 186 17 -79 186 
33 4 1 0 bottle_1 1 1 -18 -89 48 
34 4 1 0 bottle_1 1 33 -18 -89 78 -13 -89 270 -13 -89 42 -8 -89 306 2 -89 162 -8 -89 60 -8 -89 90 -8 -89 48 2 -89 66 2 -89 6 -3 -89 204 -8 -89 270 -3 -89 90 -3 -89 84 2 -89 306 7 -89 60 -13 -89 90 2 -89 84 -13 -89 6 12 -89 54 -13 -89 204 2 -89 270 -3 -89 60 17 -89 132 12 -89 60 12 -89 180 12 -89 84 7 -89 300 -18 -89 216 12 -89 66 12 -89 78 7 -89 84 17 -89 54 
35 4 1 0 bottle_1 0.923077 10 2 -89 216 17 -89 180 22 -89 90 -3 -89 132 -3 -89 216 -13 -89 180 -8 -89 132 -23 -89 240 -18 -89 240 -18 -89 162 
36 4 0 
37 4 1 0 bottle_1 1 5 17 -59 60 17 -64 60 12 -64 78 12 -34 78 7 -64 84 
38 4 1 0 bottle_1 1 6 7 -39 78 7 -49 78 7 -69 90 12 -44 66 17 -69 60 17 -39 66 
39 4 1 0 bottle_1 1 5 12 -69 78 17 -54 54 17 -39 60 17 -59 54 17 -44 60 
40 4 1 0 bottle_1 1 2 17 -34 54 17 -34 60 
41 4 1 0 bottle_1 0.929577 11 -18 -59 84 -13 -49 66 -13 -59 270 -3 -59 42 -13 -54 60 2 -9 306 -3 -14 186 2 -14 180 7 -9 306 -13 -4 216 2 -9 180 
42 4 1 0 bottle_1 1 10 2 -4 180 17 -49 60 22 -59 54 7 -4 306 22 -54 54 17 -49 54 12 -49 216 17 -49 204 22 -44 48 22 -54 42 
43 4 1 0 bottle_1 1 4 22 -49 42 22 -69 42 -13 1 216 -13 -69 132 
44 4 1 0 bottle_1 0.146341 1 -13 -64 66 
45 4 1 0 bottle_1 0.00974026 1 32 -89 6 
46 4 1 0 bottle_1 0.0298507 1 7 -39 132 
47 4 1 0 bottle_1 1 1 22 -54 66 
48 4 1 0 bottle_1 0.935065 12 -18 -39 162 2 -44 132 22 -49 84 -8 -44 132 27 -44 42 27 -44 48 27 -49 36 2 -49 132 -8 -49 132 27 -49 54 27 -49 48 27 -49 60 
49 4 1 0 bottle_1 1 9 -18 -49 162 27 -54 36 2 -54 132 27 -54 66 -23 -49 180 27 -59 66 27 -59 186 27 -64 54 27 -79 216 
50 4 1 0 bottle_1 1 5 22 -54 78 22 -49 66 17 -49 90 17 -49 84 22 -44 66 
51 4 1 0 bottle_1 0.210526 2 27 -89 240 27 -89 306 
52 4 1 0 bottle_1 0.285714 2 -18 -34 186 -8 -34 162 
53 4 1 0 bottle_1 0.986072 59 -23 -29 204 -13 -34 162 -28 26 42 27 21 162 -28 26 66 22 21 300 -28 -44 162 32 26 78 -28 21 48 -28 21 42 32 31 78 -28 21 90 -28 26 90 32 31 42 27 21 300 -28 -24 204 27 31 300 27 26 270 22 21 306 -28 26 132 -28 26 180 -28 6 132 -28 11 132 27 -34 78 -28 26 162 -23 -9 66 -28 21 132 -28 11 306 -28 31 60 -28 11 162 -28 21 300 -28 11 180 -23 16 60 27 21 240 -23 -39 60 32 -34 84 -28 6 186 -23 11 54 -28 21 306 -23 -24 84 -28 31 42 27 -39 84 27 21 6 32 21 90 32 -44 48 27 -39 78 27 -39 60 32 -29 90 32 -39 48 32 -84 90 32 -29 84 27 21 84 27 16 186 27 -9 306 27 21 90 32 -79 84 27 -39 48 32 -79 60 32 -79 78 
54 4 1 0 bottle_1 0.986631 369 -18 56 216 7 56 36 7 56 6 7 -64 132 12 56 54 -18 -64 162 12 56 66 -13 -59 162 -23 -64 186 12 56 180 17 56 132 -23 -64 78 -23 -64 90 12 56 306 12 56 216 12 56 162 -18 -59 180 -28 -19 240 2 56 204 -13 -54 162 7 56 204 -23 -19 6 17 56 60 -23 -59 204 2 56 216 17 56 36 -23 1 90 32 31 90 -28 -64 90 32 31 60 -28 -69 90 -28 -84 78 -28 -4 162 32 31 132 -28 6 180 -28 -84 66 27 -64 90 -28 -84 84 -28 -59 216 -28 -64 84 27 31 240 -28 11 204 -28 -84 90 -23 11 42 22 -64 90 17 56 240 22 -59 90 -23 -19 48 -28 1 216 -23 -9 78 -28 1 180 27 -54 84 27 31 180 -28 -54 270 -28 -59 6 -18 -54 180 -28 -9 306 -23 -29 54 -28 6 36 27 21 66 27 -24 132 -28 -4 186 -28 11 6 32 -74 48 -23 6 54 -23 6 90 27 21 60 -28 -69 162 -28 -54 36 -23 -24 60 -28 -54 54 27 -54 90 -23 -59 54 -23 6 78 -28 -59 270 -28 -44 36 -28 -14 162 -28 -9 204 -23 6 48 -28 -54 48 -23 -19 90 27 -9 162 -23 16 78 32 -64 78 -23 -29 42 27 -59 78 27 -59 84 27 21 204 27 -64 78 -28 -9 186 -28 -54 132 -23 -49 54 -23 -14 78 -28 51 180 -23 1 48 -28 -44 48 -28 -24 300 -28 -59 42 32 41 60 22 -19 270 -23 -19 66 27 21 42 -28 -29 306 -23 -59 60 -23 -49 48 -23 -54 60 -23 -29 60 -28 -44 42 -28 -39 306 32 -84 186 27 16 42 -23 -64 54 -28 46 42 -28 46 60 32 41 84 27 -59 204 32 -24 132 32 -54 66 -28 -59 66 27 11 42 -23 -19 60 -28 46 66 -28 -34 270 32 -69 48 22 -24 306 -23 -59 66 27 16 48 27 -4 84 -28 21 162 -28 -14 204 -28 46 306 27 51 90 -28 -19 216 27 -14 132 32 41 90 -28 -64 54 32 -69 36 -23 -4 66 27 11 48 -23 -59 90 -28 -49 36 -28 -24 180 27 -14 216 -23 -29 6 -28 -64 66 27 -19 270 27 -14 66 -28 -59 78 27 -4 78 27 -4 180 27 11 36 32 -64 66 -23 -49 60 27 -64 306 32 -9 48 -28 -34 306 -28 1 36 -23 -29 78 -28 -69 78 -28 -59 132 -23 -44 66 22 11 306 27 -44 6 32 -14 36 32 16 84 32 -34 60 32 -4 48 -23 -34 60 32 -9 90 32 -19 180 32 -14 48 32 -4 84 32 -59 90 27 -4 60 32 -34 66 27 -4 6 32 -24 180 27 -29 300 27 -29 186 32 -44 186 27 -24 204 27 -44 162 27 -34 270 32 -74 240 32 -59 84 22 -14 270 32 -9 36 32 -14 42 27 6 60 32 -14 84 27 -19 204 27 -14 36 27 -34 132 27 -39 306 22 -39 306 -23 -14 60 -28 -49 162 32 -74 60 32 -29 66 27 6 66 27 11 78 32 -39 60 -28 -59 90 32 -44 6 27 -24 306 27 11 60 -23 -44 78 22 -19 306 32 -39 186 27 -19 48 27 -4 300 22 51 6 27 16 84 -28 -29 240 27 16 78 27 -59 240 32 -59 78 27 -9 36 32 -34 162 27 41 48 32 -9 60 27 -4 240 32 -19 90 27 16 36 27 16 66 32 -34 132 -28 -44 240 27 1 84 27 -39 216 32 -64 300 32 -9 42 32 -44 204 27 -24 186 32 -29 186 27 -24 162 27 -9 54 -23 -14 54 32 1 60 27 -54 216 27 -19 60 27 -49 216 32 -54 240 32 -59 300 27 -34 306 27 41 6 27 1 180 32 -54 216 27 6 240 27 -34 240 32 -29 54 22 -4 300 32 -24 42 22 51 60 32 -59 162 32 -49 204 27 -9 270 32 -54 306 22 -54 300 27 -49 270 32 1 78 32 -49 132 27 -9 66 32 -69 180 22 -19 300 27 11 204 32 -59 240 32 -69 204 32 -69 270 27 1 36 22 1 306 32 -54 162 27 -39 186 27 1 216 32 -9 132 32 -44 180 32 1 54 27 1 66 27 -19 90 27 -44 300 27 -34 216 32 6 54 27 1 6 32 -64 240 32 -54 90 32 -69 240 32 -64 216 32 -24 90 27 1 90 27 -14 78 32 -64 36 22 51 66 -18 51 42 22 -4 306 32 -49 36 32 11 84 32 6 90 27 1 270 27 -24 60 32 -49 84 -28 31 36 32 -29 42 27 -29 6 27 -29 306 32 -49 300 32 1 48 32 6 78 22 -39 270 32 -44 84 27 51 132 32 -69 66 27 -24 42 27 -54 240 -28 -54 300 -28 -44 300 32 36 48 32 -49 48 32 -49 186 32 -74 6 32 -34 48 -23 -54 66 -28 51 216 32 -74 180 -28 -54 84 32 -44 60 32 -34 36 27 -49 90 27 -69 90 -28 51 240 32 -74 162 32 36 78 -28 -69 54 22 -14 300 -28 -69 6 -28 41 84 -28 -69 66 -28 36 84 32 36 66 -28 -69 60 32 36 90 -23 -44 204 32 -49 60 32 -49 66 32 36 60 -28 -69 48 27 41 162 27 -74 240 32 -74 66 27 -49 66 -18 -44 180 27 -29 60 27 41 186 27 -29 36 22 51 240 27 -34 66 -28 36 36 27 -44 84 27 36 270 -28 41 132 27 -29 42 -18 -69 186 -23 -49 84 27 -44 78 27 46 300 27 46 306 -23 -49 78 17 51 48 27 36 180 27 36 186 -18 -44 186 
55 4 1 0 bottle_1 0.965986 71 -28 -79 84 -8 -39 180 32 -89 66 32 -89 54 27 36 6 32 -89 78 32 -89 84 32 -89 60 27 36 36 -28 -79 60 27 46 36 -28 -79 54 -28 -79 66 32 -89 90 27 -34 42 17 51 6 17 51 54 -23 -54 78 27 -34 54 -28 -74 78 -28 -74 48 27 -34 48 -28 -74 42 27 46 60 -28 -74 60 27 46 66 17 51 60 -28 41 180 -28 -34 162 22 51 180 -18 -39 186 17 51 78 -23 -39 180 -18 51 162 17 51 90 -13 51 60 -13 51 90 -18 51 180 -13 51 36 17 51 216 12 51 60 12 51 66 -18 51 270 -18 51 216 -8 51 78 -8 51 48 -8 51 90 7 51 48 -8 51 60 -8 51 66 -13 51 204 -8 51 132 7 51 36 7 51 60 -13 51 300 -8 51 36 -13 51 240 -8 51 186 -8 51 6 -8 51 204 7 51 84 -3 51 186 7 51 240 -3 51 60 -3 51 84 -3 51 90 2 51 6 2 51 84 -3 51 6 -3 51 300 -3 51 306 
56 4 1 0 bottle_1 0.955752 18 -23 51 132 -23 51 6 -23 51 180 -18 51 60 -18 51 54 -28 46 270 -23 46 84 -23 46 78 -23 46 66 -23 46 162 -23 46 6 -28 41 300 -28 41 270 -23 41 78 -28 41 204 -28 16 240 22 11 180 -28 11 240 
57 4 1 0 bottle_1 1 9 -23 -24 42 -23 -29 132 -23 -29 180 -23 -29 186 -23 -39 132 -23 -49 132 -23 -54 48 -23 -59 42 -28 -74 186 
58 4 1 0 bottle_1 0.375 1 -23 41 84 
59 4 0 
60 4 1 0 bottle_1 0.0872375 9 -23 -59 186 -28 -59 186 -28 -54 186 -28 -34 186 -28 -39 186 12 66 6 7 71 6 12 71 6 32 -29 306 
61 4 1 0 bottle_1 0.545455 1 32 31 180 
62 4 1 0 bottle_1 0.967742 25 27 6 300 32 11 36 32 11 180 32 6 60 32 6 36 32 1 66 32 1 42 32 -4 66 32 1 186 32 -4 162 32 -9 6 32 -14 186 32 -9 240 32 -14 204 32 -19 6 32 -24 162 32 -19 216 32 -24 270 32 -29 204 32 -29 240 32 -34 300 32 -34 240 32 -34 270 32 -39 240 32 -39 270 
63 4 1 0 bottle_1 0.137931 2 32 6 186 32 6 216 
64 4 1 0 bottle_1 0.980989 43 32 26 42 12 66 84 12 66 90 12 66 270 7 66 306 17 66 90 7 66 300 17 66 162 12 66 240 22 86 84 22 66 90 17 66 180 12 66 54 17 66 186 7 66 54 -28 6 78 32 21 54 -13 66 132 -23 66 186 -18 66 84 -8 66 66 22 66 78 32 31 36 7 66 66 -18 86 60 17 66 6 17 66 306 22 66 162 22 66 66 22 66 300 -18 66 162 -23 66 300 17 66 54 -28 -34 204 -18 66 132 -28 -39 78 32 21 204 -28 6 66 -18 66 66 22 66 60 22 66 180 -18 91 132 22 66 186 
65 4 1 0 bottle_1 0.72973 63 32 91 306 27 71 216 27 91 180 22 91 36 22 91 66 22 91 60 -18 91 66 22 91 300 27 91 60 -18 91 78 27 91 84 27 91 54 32 91 66 27 76 306 22 91 48 22 91 204 17 91 186 32 76 306 27 91 186 27 86 186 27 71 54 -28 81 60 32 86 42 32 76 66 32 91 90 32 26 36 -28 -4 48 -28 11 84 17 91 42 17 91 36 -18 91 60 17 91 6 -18 91 90 32 91 78 -28 -4 54 27 91 78 32 91 162 32 91 42 17 91 306 32 91 270 32 91 54 32 86 60 -23 66 204 32 91 84 -28 6 90 -13 66 6 -28 11 60 -28 -4 78 32 21 78 12 66 60 7 66 42 -28 21 66 32 26 180 27 16 306 7 66 48 7 66 60 32 26 270 -13 66 36 7 66 36 32 26 186 -18 66 36 -18 66 42 -13 66 42 
66 4 0 
67 4 1 0 bottle_1 0.972067 377 -8 56 54 -8 56 84 -13 56 66 -23 66 162 -23 66 132 -13 56 42 -23 66 36 17 86 6 22 86 78 32 86 84 -28 6 60 -23 66 66 22 86 270 27 86 180 22 86 240 -3 56 60 32 86 300 -23 66 54 27 66 132 32 86 180 27 76 162 27 76 90 32 76 180 32 61 66 27 71 78 32 61 204 22 86 306 32 66 300 -23 81 84 -18 86 90 32 71 78 32 81 162 27 81 78 -23 86 6 -23 66 60 -28 81 90 32 61 60 32 66 90 -23 91 204 32 66 66 32 66 132 -23 71 66 32 76 270 32 31 6 -28 -39 54 27 66 216 32 81 132 22 66 6 27 66 66 27 66 204 -23 76 66 22 71 306 27 71 300 -18 86 84 -23 91 186 32 71 84 32 71 180 32 81 42 32 71 162 32 71 240 32 61 306 27 76 54 -23 61 54 32 61 78 32 81 60 27 81 42 27 81 66 -23 86 240 32 81 48 32 81 300 -23 61 36 22 61 42 27 71 204 27 81 90 32 61 36 32 66 84 22 81 186 27 71 66 -23 86 204 27 66 90 27 86 48 32 71 132 -28 81 36 -23 61 60 27 81 216 27 61 306 27 61 90 -28 86 60 32 61 84 27 71 42 27 66 48 -28 71 36 27 81 36 -23 81 90 27 81 6 22 81 180 22 81 162 -28 66 54 -28 66 132 -23 71 48 -28 76 216 22 71 270 -23 71 132 22 81 300 -28 86 162 -28 66 66 -28 66 78 -23 86 78 -28 1 42 -28 61 48 -28 76 132 -28 76 90 -28 71 204 -23 71 60 -23 61 84 -28 71 84 -28 -29 48 -23 76 54 -23 81 306 27 66 54 -28 71 306 27 71 60 -23 81 78 -23 81 132 -23 81 60 -28 76 54 27 66 270 -28 71 240 32 71 48 -28 81 78 27 71 186 27 66 306 -28 81 300 27 71 270 22 71 240 -23 81 66 32 21 186 -28 66 36 -28 71 78 -28 81 132 -23 81 48 22 76 216 -23 71 84 -23 76 48 -28 76 78 -28 81 240 -28 76 60 -23 76 60 -23 86 180 22 71 216 -18 56 42 -23 86 54 -28 86 36 -28 66 60 -28 -24 84 -28 -34 60 -28 61 84 32 16 240 -28 86 306 -28 61 60 -28 61 42 32 56 6 -28 61 216 -23 91 180 -28 61 300 -28 61 36 -28 -19 90 27 61 204 32 21 48 -28 76 300 22 81 78 -23 86 48 -23 86 66 22 71 180 22 81 6 -23 91 6 -23 86 60 -28 86 180 -28 86 84 22 81 84 22 76 180 -3 71 216 -23 71 78 -28 76 180 -28 66 84 22 81 66 -28 86 270 -23 81 270 22 76 66 -28 91 162 -18 81 78 22 76 60 -28 91 60 -28 61 240 32 56 204 -28 16 66 22 71 42 22 76 132 27 61 132 -23 91 84 22 71 36 -18 56 6 -28 -24 60 32 56 186 -28 61 78 -28 -9 60 -28 91 180 -28 91 66 -23 56 6 -28 6 54 -23 56 186 -28 91 84 -23 56 78 22 71 162 -23 56 132 32 56 36 -23 71 306 -23 56 36 -28 91 216 -28 -14 60 -23 71 186 22 61 216 -28 -34 78 12 81 306 2 71 36 -13 56 132 32 51 300 -28 -64 204 32 56 60 -28 56 300 -28 1 78 32 16 180 -18 71 84 -28 6 42 -23 76 240 -8 71 186 -28 -14 84 22 71 66 -28 -29 78 -8 71 204 32 16 36 -28 56 90 -28 56 48 -28 -24 54 32 41 186 32 16 78 -28 -14 66 32 16 48 32 56 90 2 71 42 -28 -14 78 -28 56 36 32 51 216 32 51 204 -18 71 66 32 11 240 22 71 78 -28 -49 60 22 71 132 -28 -44 66 -18 76 78 7 56 54 32 56 132 2 71 300 32 51 36 -28 56 60 -18 71 60 27 56 270 17 76 54 -28 -19 48 -13 56 300 32 11 162 17 76 42 32 41 216 32 11 132 17 76 186 -13 71 84 -28 -49 66 17 76 60 32 11 48 17 71 204 32 41 240 -18 76 66 32 11 186 2 71 48 17 76 204 -28 -14 48 27 56 240 32 41 42 32 41 36 32 46 240 -28 46 84 32 51 54 17 71 6 17 76 180 -13 71 186 17 76 66 -18 71 162 -18 71 42 -18 76 42 2 71 270 -3 71 48 -3 71 54 32 51 60 32 36 306 -18 76 36 -13 71 162 17 76 300 2 71 60 17 71 42 32 46 216 7 71 48 27 56 204 27 56 186 7 56 78 17 76 162 27 56 66 -3 71 60 32 51 90 27 56 60 17 71 54 17 71 66 -28 51 48 27 56 84 -8 71 6 7 56 84 32 51 84 12 71 36 -3 71 132 7 56 90 -18 76 6 22 56 6 12 76 270 -3 71 90 17 71 90 27 56 132 22 56 300 -18 71 306 -18 71 270 -8 71 78 12 71 66 -8 71 132 -28 51 132 12 71 78 2 71 90 -18 76 180 -8 71 270 22 56 60 12 71 54 22 56 42 -18 76 186 -8 56 270 12 76 60 27 51 240 27 51 6 32 46 162 12 76 78 -8 71 306 -13 76 90 22 56 180 12 76 132 27 51 54 32 46 66 32 46 60 27 51 186 32 46 84 27 51 66 32 46 78 7 76 204 7 76 6 -28 51 204 2 76 204 -8 56 216 2 56 162 -8 56 204 2 76 6 -3 56 216 
68 4 1 0 bottle_1 1 4 -13 56 180 -13 56 162 -3 76 84 -13 56 186 
69 4 1 0 bottle_1 0.959016 39 2 66 270 22 61 90 -3 56 306 -3 56 300 -3 76 60 -3 76 216 7 66 162 7 76 60 -13 76 60 -13 76 48 -13 76 66 17 61 300 -3 76 6 7 76 66 7 76 42 7 76 48 7 76 54 -3 76 42 -3 56 132 17 81 84 7 76 132 17 81 162 17 81 90 -13 66 162 17 61 36 12 81 6 2 76 42 17 81 66 12 81 270 12 81 204 -8 66 162 -8 66 306 17 81 60 17 81 42 -18 81 180 17 86 84 -3 56 90 7 66 186 17 86 42 
70 4 1 0 bottle_1 0.722222 13 -3 66 90 7 66 90 -3 66 84 2 66 66 2 66 60 -8 66 132 12 91 6 -18 66 204 12 91 240 -18 91 162 17 91 84 17 91 66 -18 86 48 
71 4 1 0 bottle_1 0.0725807 3 -18 81 162 -13 76 204 -3 76 180 
72 4 1 0 bottle_1 0.0857143 5 32 -79 306 32 -84 306 32 -84 240 32 -89 306 32 -89 270 
73 4 1 0 bottle_1 0.545455 4 -3 66 180 -8 66 204 -3 66 132 -8 66 270 
74 4 1 0 bottle_1 0.545455 1 -8 91 132 
75 4 1 0 bottle_1 0.947368 15 -3 61 300 -8 81 42 2 61 42 -8 81 216 -3 81 90 -8 86 240 2 61 60 -3 86 60 -3 86 66 -8 81 60 -8 86 216 -8 86 300 -13 81 204 -8 81 306 -13 81 240 
76 4 1 0 bottle_1 1 20 7 86 42 -8 81 78 7 86 54 -13 81 216 -13 86 240 -8 86 36 -8 86 84 -13 86 306 -13 86 42 2 76 90 -13 86 132 -8 91 204 -13 86 54 -8 91 180 -8 91 216 -3 91 78 -13 91 240 -3 91 90 -3 91 66 -8 76 270 
77 4 1 0 bottle_1 0.963504 44 7 91 216 7 91 186 7 91 66 7 86 78 7 86 204 7 86 180 7 61 42 7 61 162 -3 76 306 2 81 66 7 86 132 7 81 60 7 81 42 7 81 36 -3 81 60 -13 61 186 17 61 132 -13 61 204 -8 61 66 -23 61 306 -8 61 84 -8 61 60 -8 61 78 -23 61 270 -18 61 240 -13 61 54 -18 61 48 -13 61 180 -18 61 300 -23 61 186 17 61 54 -18 61 60 -8 61 180 -18 61 204 -18 61 270 -13 61 162 17 61 270 -13 61 132 -3 61 48 -3 61 60 -3 61 54 -13 81 48 -13 81 66 -13 81 132 
78 4 1 0 bottle_1 1 1 -13 86 84 
79 4 1 0 bottle_1 1 48 2 91 84 -3 91 270 2 91 270 -8 61 6 12 61 66 12 61 90 12 61 54 12 61 42 -8 61 186 2 91 240 -8 61 162 17 61 66 2 91 204 2 91 186 2 86 186 7 61 186 -3 86 186 7 61 216 12 81 78 12 61 270 2 81 54 2 86 162 -18 86 180 7 81 90 2 86 240 7 81 216 2 81 204 -3 81 42 12 61 204 -3 86 300 -3 86 306 12 86 48 12 86 84 12 86 60 -18 81 186 12 86 6 -3 81 36 2 81 132 7 81 270 7 81 306 7 86 84 2 86 90 -3 81 162 2 81 300 2 86 84 2 86 78 -3 86 36 2 86 36 
80 4 0 
81 4 1 0 bottle_1 0.107143 1 2 66 240 
82 4 1 0 bottle_1 0.310345 3 2 61 306 -3 61 204 -18 86 216 
83 4 1 0 bottle_1 0.929577 11 7 61 84 7 61 300 2 61 6 7 61 270 -18 61 216 -18 86 186 7 81 132 7 81 78 -18 81 6 12 81 66 -13 81 60 
84 4 1 0 bottle_1 0.545455 1 -13 81 78 
85 4 1 0 bottle_1 0.084507 1 -8 86 270 
86 4 1 0 bottle_1 0.324324 2 12 91 180 12 91 162 
87 4 1 0 bottle_1 1 8 7 91 48 7 91 42 12 91 90 7 91 36 12 91 66 12 91 84 12 91 54 12 91 48 
88 4 1 0 bottle_1 0.939759 13 -8 91 6 -8 91 54 -13 91 90 -13 91 132 -13 91 42 -18 91 216 -8 91 48 -18 91 300 -13 91 60 -13 91 186 -13 91 216 -8 91 66 -13 91 162 
89 4 1 0 bottle_1 0.0282132 3 -8 76 162 -18 61 42 2 66 84 
90 4 1 0 bottle_1 0.00137426 1 -3 56 42 
