10 47 4
0 0 -1 230 2 26 -1 -1 -1 -1 -1 2 406 
1 1 0 0 0 0 0 0 0 0 0 0 0 
2 1 -1 30 2 14 -1 -1 -1 -1 -1 1 7528 
3 2 0 0 0 0 0 0 0 0 0 0 0 
4 2 0 0 0 0 0 0 0 0 0 0 0 
5 2 -1 68 2 19 -1 -1 -1 -1 -1 2 2620 
6 2 46 0 0 0 0 0 0 0 0 0 0 
7 3 0 0 0 0 0 0 0 0 0 0 0 
8 3 0 0 0 0 0 0 0 0 0 0 0 
9 3 0 0 0 0 0 0 0 0 0 0 0 
10 3 0 0 0 0 0 0 0 0 0 0 0 
11 3 -1 331 4 32 -1 -1 -1 -1 -1 0 4466 
12 3 -1 65 3 32 -1 -1 -1 -1 -1 2 -40 
13 3 0 0 0 0 0 0 0 0 0 0 0 
14 3 0 0 0 0 0 0 0 0 0 0 0 
15 4 0 0 0 0 0 0 0 0 0 0 0 
16 4 0 0 0 0 0 0 0 0 0 0 0 
17 4 0 0 0 0 0 0 0 0 0 0 0 
18 4 0 0 0 0 0 0 0 0 0 0 0 
19 4 0 0 0 0 0 0 0 0 0 0 0 
20 4 0 0 0 0 0 0 0 0 0 0 0 
21 4 0 0 0 0 0 0 0 0 0 0 0 
22 4 0 0 0 0 0 0 0 0 0 0 0 
23 4 1 0 0 0 0 0 0 0 0 0 0 
24 4 -1 350 4 32 -1 -1 -1 -1 -1 3 350 
25 4 24 0 0 0 0 0 0 0 0 0 0 
26 4 -1 115 4 11 -1 -1 -1 -1 -1 1 16132 
27 4 0 0 0 0 0 0 0 0 0 0 0 
28 4 0 0 0 0 0 0 0 0 0 0 0 
29 4 0 0 0 0 0 0 0 0 0 0 0 
30 4 0 0 0 0 0 0 0 0 0 0 0 
31 5 0 0 0 0 0 0 0 0 0 0 0 
32 5 0 0 0 0 0 0 0 0 0 0 0 
33 5 0 0 0 0 0 0 0 0 0 0 0 
34 5 0 0 0 0 0 0 0 0 0 0 0 
35 5 0 0 0 0 0 0 0 0 0 0 0 
36 5 0 0 0 0 0 0 0 0 0 0 0 
37 5 0 0 0 0 0 0 0 0 0 0 0 
38 5 0 0 0 0 0 0 0 0 0 0 0 
39 5 0 0 0 0 0 0 0 0 0 0 0 
40 5 0 0 0 0 0 0 0 0 0 0 0 
41 5 0 0 0 0 0 0 0 0 0 0 0 
42 5 0 0 0 0 0 0 0 0 0 0 0 
43 5 0 0 0 0 0 0 0 0 0 0 0 
44 5 0 0 0 0 0 0 0 0 0 0 0 
45 5 0 0 0 0 0 0 0 0 0 0 0 
46 5 0 0 0 0 0 0 0 0 0 0 0 
47 5 0 0 0 0 0 0 0 0 0 0 0 
48 5 0 0 0 0 0 0 0 0 0 0 0 
49 5 -1 176 4 28 -1 -1 -1 -1 -1 2 7575 
50 5 -1 144 2 23 -1 -1 -1 -1 -1 2 1090 
51 5 0 0 0 0 0 0 0 0 0 0 0 
52 5 0 0 0 0 0 0 0 0 0 0 0 
53 5 -1 297 2 13 -1 -1 -1 -1 -1 1 7909 
54 5 45 0 0 0 0 0 0 0 0 0 0 
55 5 0 0 0 0 0 0 0 0 0 0 0 
56 5 0 0 0 0 0 0 0 0 0 0 0 
57 5 0 0 0 0 0 0 0 0 0 0 0 
58 5 0 0 0 0 0 0 0 0 0 0 0 
59 5 0 0 0 0 0 0 0 0 0 0 0 
60 5 0 0 0 0 0 0 0 0 0 0 0 
61 5 0 0 0 0 0 0 0 0 0 0 0 
62 5 0 0 0 0 0 0 0 0 0 0 0 
63 6 0 0 0 0 0 0 0 0 0 0 0 
64 6 0 0 0 0 0 0 0 0 0 0 0 
65 6 0 0 0 0 0 0 0 0 0 0 0 
66 6 0 0 0 0 0 0 0 0 0 0 0 
67 6 0 0 0 0 0 0 0 0 0 0 0 
68 6 0 0 0 0 0 0 0 0 0 0 0 
69 6 0 0 0 0 0 0 0 0 0 0 0 
70 6 0 0 0 0 0 0 0 0 0 0 0 
71 6 0 0 0 0 0 0 0 0 0 0 0 
72 6 0 0 0 0 0 0 0 0 0 0 0 
73 6 0 0 0 0 0 0 0 0 0 0 0 
74 6 0 0 0 0 0 0 0 0 0 0 0 
75 6 0 0 0 0 0 0 0 0 0 0 0 
76 6 0 0 0 0 0 0 0 0 0 0 0 
77 6 0 0 0 0 0 0 0 0 0 0 0 
78 6 0 0 0 0 0 0 0 0 0 0 0 
79 6 0 0 0 0 0 0 0 0 0 0 0 
80 6 0 0 0 0 0 0 0 0 0 0 0 
81 6 0 0 0 0 0 0 0 0 0 0 0 
82 6 0 0 0 0 0 0 0 0 0 0 0 
83 6 0 0 0 0 0 0 0 0 0 0 0 
84 6 0 0 0 0 0 0 0 0 0 0 0 
85 6 0 0 0 0 0 0 0 0 0 0 0 
86 6 0 0 0 0 0 0 0 0 0 0 0 
87 6 0 0 0 0 0 0 0 0 0 0 0 
88 6 0 0 0 0 0 0 0 0 0 0 0 
89 6 0 0 0 0 0 0 0 0 0 0 0 
90 6 0 0 0 0 0 0 0 0 0 0 0 
91 6 0 0 0 0 0 0 0 0 0 0 0 
92 6 0 0 0 0 0 0 0 0 0 0 0 
93 6 0 0 0 0 0 0 0 0 0 0 0 
94 6 0 0 0 0 0 0 0 0 0 0 0 
95 6 0 0 0 0 0 0 0 0 0 0 0 
96 6 0 0 0 0 0 0 0 0 0 0 0 
97 6 0 0 0 0 0 0 0 0 0 0 0 
98 6 0 0 0 0 0 0 0 0 0 0 0 
99 6 2 0 0 0 0 0 0 0 0 0 0 
100 6 -1 175 3 11 -1 -1 -1 -1 -1 0 2 
101 6 -1 202 2 30 -1 -1 -1 -1 -1 1 531 
102 6 -1 162 1 36 -1 -1 -1 -1 -1 0 43 
103 6 0 0 0 0 0 0 0 0 0 0 0 
104 6 0 0 0 0 0 0 0 0 0 0 0 
105 6 0 0 0 0 0 0 0 0 0 0 0 
106 6 0 0 0 0 0 0 0 0 0 0 0 
107 6 -1 126 4 10 -1 -1 -1 -1 -1 0 9600 
108 6 -1 8 4 13 -1 -1 -1 -1 -1 3 206 
109 6 0 0 0 0 0 0 0 0 0 0 0 
110 6 0 0 0 0 0 0 0 0 0 0 0 
111 6 0 0 0 0 0 0 0 0 0 0 0 
112 6 0 0 0 0 0 0 0 0 0 0 0 
113 6 0 0 0 0 0 0 0 0 0 0 0 
114 6 0 0 0 0 0 0 0 0 0 0 0 
115 6 0 0 0 0 0 0 0 0 0 0 0 
116 6 0 0 0 0 0 0 0 0 0 0 0 
117 6 0 0 0 0 0 0 0 0 0 0 0 
118 6 0 0 0 0 0 0 0 0 0 0 0 
119 6 0 0 0 0 0 0 0 0 0 0 0 
120 6 0 0 0 0 0 0 0 0 0 0 0 
121 6 0 0 0 0 0 0 0 0 0 0 0 
122 6 0 0 0 0 0 0 0 0 0 0 0 
123 6 0 0 0 0 0 0 0 0 0 0 0 
124 6 0 0 0 0 0 0 0 0 0 0 0 
125 6 0 0 0 0 0 0 0 0 0 0 0 
126 6 0 0 0 0 0 0 0 0 0 0 0 
127 7 0 0 0 0 0 0 0 0 0 0 0 
128 7 0 0 0 0 0 0 0 0 0 0 0 
129 7 0 0 0 0 0 0 0 0 0 0 0 
130 7 0 0 0 0 0 0 0 0 0 0 0 
131 7 0 0 0 0 0 0 0 0 0 0 0 
132 7 0 0 0 0 0 0 0 0 0 0 0 
133 7 0 0 0 0 0 0 0 0 0 0 0 
134 7 0 0 0 0 0 0 0 0 0 0 0 
135 7 0 0 0 0 0 0 0 0 0 0 0 
136 7 0 0 0 0 0 0 0 0 0 0 0 
137 7 0 0 0 0 0 0 0 0 0 0 0 
138 7 0 0 0 0 0 0 0 0 0 0 0 
139 7 0 0 0 0 0 0 0 0 0 0 0 
140 7 0 0 0 0 0 0 0 0 0 0 0 
141 7 0 0 0 0 0 0 0 0 0 0 0 
142 7 0 0 0 0 0 0 0 0 0 0 0 
143 7 0 0 0 0 0 0 0 0 0 0 0 
144 7 0 0 0 0 0 0 0 0 0 0 0 
145 7 0 0 0 0 0 0 0 0 0 0 0 
146 7 0 0 0 0 0 0 0 0 0 0 0 
147 7 0 0 0 0 0 0 0 0 0 0 0 
148 7 0 0 0 0 0 0 0 0 0 0 0 
149 7 0 0 0 0 0 0 0 0 0 0 0 
150 7 0 0 0 0 0 0 0 0 0 0 0 
151 7 0 0 0 0 0 0 0 0 0 0 0 
152 7 0 0 0 0 0 0 0 0 0 0 0 
153 7 0 0 0 0 0 0 0 0 0 0 0 
154 7 0 0 0 0 0 0 0 0 0 0 0 
155 7 0 0 0 0 0 0 0 0 0 0 0 
156 7 0 0 0 0 0 0 0 0 0 0 0 
157 7 0 0 0 0 0 0 0 0 0 0 0 
158 7 0 0 0 0 0 0 0 0 0 0 0 
159 7 0 0 0 0 0 0 0 0 0 0 0 
160 7 0 0 0 0 0 0 0 0 0 0 0 
161 7 0 0 0 0 0 0 0 0 0 0 0 
162 7 0 0 0 0 0 0 0 0 0 0 0 
163 7 0 0 0 0 0 0 0 0 0 0 0 
164 7 0 0 0 0 0 0 0 0 0 0 0 
165 7 0 0 0 0 0 0 0 0 0 0 0 
166 7 0 0 0 0 0 0 0 0 0 0 0 
167 7 0 0 0 0 0 0 0 0 0 0 0 
168 7 0 0 0 0 0 0 0 0 0 0 0 
169 7 0 0 0 0 0 0 0 0 0 0 0 
170 7 0 0 0 0 0 0 0 0 0 0 0 
171 7 0 0 0 0 0 0 0 0 0 0 0 
172 7 0 0 0 0 0 0 0 0 0 0 0 
173 7 0 0 0 0 0 0 0 0 0 0 0 
174 7 0 0 0 0 0 0 0 0 0 0 0 
175 7 0 0 0 0 0 0 0 0 0 0 0 
176 7 0 0 0 0 0 0 0 0 0 0 0 
177 7 0 0 0 0 0 0 0 0 0 0 0 
178 7 0 0 0 0 0 0 0 0 0 0 0 
179 7 0 0 0 0 0 0 0 0 0 0 0 
180 7 0 0 0 0 0 0 0 0 0 0 0 
181 7 0 0 0 0 0 0 0 0 0 0 0 
182 7 0 0 0 0 0 0 0 0 0 0 0 
183 7 0 0 0 0 0 0 0 0 0 0 0 
184 7 0 0 0 0 0 0 0 0 0 0 0 
185 7 0 0 0 0 0 0 0 0 0 0 0 
186 7 0 0 0 0 0 0 0 0 0 0 0 
187 7 0 0 0 0 0 0 0 0 0 0 0 
188 7 0 0 0 0 0 0 0 0 0 0 0 
189 7 0 0 0 0 0 0 0 0 0 0 0 
190 7 0 0 0 0 0 0 0 0 0 0 0 
191 7 0 0 0 0 0 0 0 0 0 0 0 
192 7 0 0 0 0 0 0 0 0 0 0 0 
193 7 0 0 0 0 0 0 0 0 0 0 0 
194 7 0 0 0 0 0 0 0 0 0 0 0 
195 7 0 0 0 0 0 0 0 0 0 0 0 
196 7 0 0 0 0 0 0 0 0 0 0 0 
197 7 0 0 0 0 0 0 0 0 0 0 0 
198 7 0 0 0 0 0 0 0 0 0 0 0 
199 7 0 0 0 0 0 0 0 0 0 0 0 
200 7 0 0 0 0 0 0 0 0 0 0 0 
201 7 3 0 0 0 0 0 0 0 0 0 0 
202 7 -1 287 0 39 -1 -1 -1 -1 -1 0 15 
203 7 -1 353 1 19 -1 -1 -1 -1 -1 2 -14 
204 7 16 0 0 0 0 0 0 0 0 0 0 
205 7 -1 196 1 22 -1 -1 -1 -1 -1 0 -4 
206 7 23 0 0 0 0 0 0 0 0 0 0 
207 7 0 0 0 0 0 0 0 0 0 0 0 
208 7 0 0 0 0 0 0 0 0 0 0 0 
209 7 0 0 0 0 0 0 0 0 0 0 0 
210 7 0 0 0 0 0 0 0 0 0 0 0 
211 7 0 0 0 0 0 0 0 0 0 0 0 
212 7 0 0 0 0 0 0 0 0 0 0 0 
213 7 0 0 0 0 0 0 0 0 0 0 0 
214 7 0 0 0 0 0 0 0 0 0 0 0 
215 7 -1 10 2 24 -1 -1 -1 -1 -1 0 1236 
216 7 -1 132 0 17 -1 -1 -1 -1 -1 1 -44 
217 7 40 0 0 0 0 0 0 0 0 0 0 
218 7 -1 173 2 22 -1 -1 -1 -1 -1 0 1837 
219 7 0 0 0 0 0 0 0 0 0 0 0 
220 7 0 0 0 0 0 0 0 0 0 0 0 
221 7 0 0 0 0 0 0 0 0 0 0 0 
222 7 0 0 0 0 0 0 0 0 0 0 0 
223 7 0 0 0 0 0 0 0 0 0 0 0 
224 7 0 0 0 0 0 0 0 0 0 0 0 
225 7 0 0 0 0 0 0 0 0 0 0 0 
226 7 0 0 0 0 0 0 0 0 0 0 0 
227 7 0 0 0 0 0 0 0 0 0 0 0 
228 7 0 0 0 0 0 0 0 0 0 0 0 
229 7 0 0 0 0 0 0 0 0 0 0 0 
230 7 0 0 0 0 0 0 0 0 0 0 0 
231 7 0 0 0 0 0 0 0 0 0 0 0 
232 7 0 0 0 0 0 0 0 0 0 0 0 
233 7 0 0 0 0 0 0 0 0 0 0 0 
234 7 0 0 0 0 0 0 0 0 0 0 0 
235 7 0 0 0 0 0 0 0 0 0 0 0 
236 7 0 0 0 0 0 0 0 0 0 0 0 
237 7 0 0 0 0 0 0 0 0 0 0 0 
238 7 0 0 0 0 0 0 0 0 0 0 0 
239 7 0 0 0 0 0 0 0 0 0 0 0 
240 7 0 0 0 0 0 0 0 0 0 0 0 
241 7 0 0 0 0 0 0 0 0 0 0 0 
242 7 0 0 0 0 0 0 0 0 0 0 0 
243 7 0 0 0 0 0 0 0 0 0 0 0 
244 7 0 0 0 0 0 0 0 0 0 0 0 
245 7 0 0 0 0 0 0 0 0 0 0 0 
246 7 0 0 0 0 0 0 0 0 0 0 0 
247 7 0 0 0 0 0 0 0 0 0 0 0 
248 7 0 0 0 0 0 0 0 0 0 0 0 
249 7 0 0 0 0 0 0 0 0 0 0 0 
250 7 0 0 0 0 0 0 0 0 0 0 0 
251 7 0 0 0 0 0 0 0 0 0 0 0 
252 7 0 0 0 0 0 0 0 0 0 0 0 
253 7 0 0 0 0 0 0 0 0 0 0 0 
254 7 0 0 0 0 0 0 0 0 0 0 0 
255 8 0 0 0 0 0 0 0 0 0 0 0 
256 8 0 0 0 0 0 0 0 0 0 0 0 
257 8 0 0 0 0 0 0 0 0 0 0 0 
258 8 0 0 0 0 0 0 0 0 0 0 0 
259 8 0 0 0 0 0 0 0 0 0 0 0 
260 8 0 0 0 0 0 0 0 0 0 0 0 
261 8 0 0 0 0 0 0 0 0 0 0 0 
262 8 0 0 0 0 0 0 0 0 0 0 0 
263 8 0 0 0 0 0 0 0 0 0 0 0 
264 8 0 0 0 0 0 0 0 0 0 0 0 
265 8 0 0 0 0 0 0 0 0 0 0 0 
266 8 0 0 0 0 0 0 0 0 0 0 0 
267 8 0 0 0 0 0 0 0 0 0 0 0 
268 8 0 0 0 0 0 0 0 0 0 0 0 
269 8 0 0 0 0 0 0 0 0 0 0 0 
270 8 0 0 0 0 0 0 0 0 0 0 0 
271 8 0 0 0 0 0 0 0 0 0 0 0 
272 8 0 0 0 0 0 0 0 0 0 0 0 
273 8 0 0 0 0 0 0 0 0 0 0 0 
274 8 0 0 0 0 0 0 0 0 0 0 0 
275 8 0 0 0 0 0 0 0 0 0 0 0 
276 8 0 0 0 0 0 0 0 0 0 0 0 
277 8 0 0 0 0 0 0 0 0 0 0 0 
278 8 0 0 0 0 0 0 0 0 0 0 0 
279 8 0 0 0 0 0 0 0 0 0 0 0 
280 8 0 0 0 0 0 0 0 0 0 0 0 
281 8 0 0 0 0 0 0 0 0 0 0 0 
282 8 0 0 0 0 0 0 0 0 0 0 0 
283 8 0 0 0 0 0 0 0 0 0 0 0 
284 8 0 0 0 0 0 0 0 0 0 0 0 
285 8 0 0 0 0 0 0 0 0 0 0 0 
286 8 0 0 0 0 0 0 0 0 0 0 0 
287 8 0 0 0 0 0 0 0 0 0 0 0 
288 8 0 0 0 0 0 0 0 0 0 0 0 
289 8 0 0 0 0 0 0 0 0 0 0 0 
290 8 0 0 0 0 0 0 0 0 0 0 0 
291 8 0 0 0 0 0 0 0 0 0 0 0 
292 8 0 0 0 0 0 0 0 0 0 0 0 
293 8 0 0 0 0 0 0 0 0 0 0 0 
294 8 0 0 0 0 0 0 0 0 0 0 0 
295 8 0 0 0 0 0 0 0 0 0 0 0 
296 8 0 0 0 0 0 0 0 0 0 0 0 
297 8 0 0 0 0 0 0 0 0 0 0 0 
298 8 0 0 0 0 0 0 0 0 0 0 0 
299 8 0 0 0 0 0 0 0 0 0 0 0 
300 8 0 0 0 0 0 0 0 0 0 0 0 
301 8 0 0 0 0 0 0 0 0 0 0 0 
302 8 0 0 0 0 0 0 0 0 0 0 0 
303 8 0 0 0 0 0 0 0 0 0 0 0 
304 8 0 0 0 0 0 0 0 0 0 0 0 
305 8 0 0 0 0 0 0 0 0 0 0 0 
306 8 0 0 0 0 0 0 0 0 0 0 0 
307 8 0 0 0 0 0 0 0 0 0 0 0 
308 8 0 0 0 0 0 0 0 0 0 0 0 
309 8 0 0 0 0 0 0 0 0 0 0 0 
310 8 0 0 0 0 0 0 0 0 0 0 0 
311 8 0 0 0 0 0 0 0 0 0 0 0 
312 8 0 0 0 0 0 0 0 0 0 0 0 
313 8 0 0 0 0 0 0 0 0 0 0 0 
314 8 0 0 0 0 0 0 0 0 0 0 0 
315 8 0 0 0 0 0 0 0 0 0 0 0 
316 8 0 0 0 0 0 0 0 0 0 0 0 
317 8 0 0 0 0 0 0 0 0 0 0 0 
318 8 0 0 0 0 0 0 0 0 0 0 0 
319 8 0 0 0 0 0 0 0 0 0 0 0 
320 8 0 0 0 0 0 0 0 0 0 0 0 
321 8 0 0 0 0 0 0 0 0 0 0 0 
322 8 0 0 0 0 0 0 0 0 0 0 0 
323 8 0 0 0 0 0 0 0 0 0 0 0 
324 8 0 0 0 0 0 0 0 0 0 0 0 
325 8 0 0 0 0 0 0 0 0 0 0 0 
326 8 0 0 0 0 0 0 0 0 0 0 0 
327 8 0 0 0 0 0 0 0 0 0 0 0 
328 8 0 0 0 0 0 0 0 0 0 0 0 
329 8 0 0 0 0 0 0 0 0 0 0 0 
330 8 0 0 0 0 0 0 0 0 0 0 0 
331 8 0 0 0 0 0 0 0 0 0 0 0 
332 8 0 0 0 0 0 0 0 0 0 0 0 
333 8 0 0 0 0 0 0 0 0 0 0 0 
334 8 0 0 0 0 0 0 0 0 0 0 0 
335 8 0 0 0 0 0 0 0 0 0 0 0 
336 8 0 0 0 0 0 0 0 0 0 0 0 
337 8 0 0 0 0 0 0 0 0 0 0 0 
338 8 0 0 0 0 0 0 0 0 0 0 0 
339 8 0 0 0 0 0 0 0 0 0 0 0 
340 8 0 0 0 0 0 0 0 0 0 0 0 
341 8 0 0 0 0 0 0 0 0 0 0 0 
342 8 0 0 0 0 0 0 0 0 0 0 0 
343 8 0 0 0 0 0 0 0 0 0 0 0 
344 8 0 0 0 0 0 0 0 0 0 0 0 
345 8 0 0 0 0 0 0 0 0 0 0 0 
346 8 0 0 0 0 0 0 0 0 0 0 0 
347 8 0 0 0 0 0 0 0 0 0 0 0 
348 8 0 0 0 0 0 0 0 0 0 0 0 
349 8 0 0 0 0 0 0 0 0 0 0 0 
350 8 0 0 0 0 0 0 0 0 0 0 0 
351 8 0 0 0 0 0 0 0 0 0 0 0 
352 8 0 0 0 0 0 0 0 0 0 0 0 
353 8 0 0 0 0 0 0 0 0 0 0 0 
354 8 0 0 0 0 0 0 0 0 0 0 0 
355 8 0 0 0 0 0 0 0 0 0 0 0 
356 8 0 0 0 0 0 0 0 0 0 0 0 
357 8 0 0 0 0 0 0 0 0 0 0 0 
358 8 0 0 0 0 0 0 0 0 0 0 0 
359 8 0 0 0 0 0 0 0 0 0 0 0 
360 8 0 0 0 0 0 0 0 0 0 0 0 
361 8 0 0 0 0 0 0 0 0 0 0 0 
362 8 0 0 0 0 0 0 0 0 0 0 0 
363 8 0 0 0 0 0 0 0 0 0 0 0 
364 8 0 0 0 0 0 0 0 0 0 0 0 
365 8 0 0 0 0 0 0 0 0 0 0 0 
366 8 0 0 0 0 0 0 0 0 0 0 0 
367 8 0 0 0 0 0 0 0 0 0 0 0 
368 8 0 0 0 0 0 0 0 0 0 0 0 
369 8 0 0 0 0 0 0 0 0 0 0 0 
370 8 0 0 0 0 0 0 0 0 0 0 0 
371 8 0 0 0 0 0 0 0 0 0 0 0 
372 8 0 0 0 0 0 0 0 0 0 0 0 
373 8 0 0 0 0 0 0 0 0 0 0 0 
374 8 0 0 0 0 0 0 0 0 0 0 0 
375 8 0 0 0 0 0 0 0 0 0 0 0 
376 8 0 0 0 0 0 0 0 0 0 0 0 
377 8 0 0 0 0 0 0 0 0 0 0 0 
378 8 0 0 0 0 0 0 0 0 0 0 0 
379 8 0 0 0 0 0 0 0 0 0 0 0 
380 8 0 0 0 0 0 0 0 0 0 0 0 
381 8 0 0 0 0 0 0 0 0 0 0 0 
382 8 0 0 0 0 0 0 0 0 0 0 0 
383 8 0 0 0 0 0 0 0 0 0 0 0 
384 8 0 0 0 0 0 0 0 0 0 0 0 
385 8 0 0 0 0 0 0 0 0 0 0 0 
386 8 0 0 0 0 0 0 0 0 0 0 0 
387 8 0 0 0 0 0 0 0 0 0 0 0 
388 8 0 0 0 0 0 0 0 0 0 0 0 
389 8 0 0 0 0 0 0 0 0 0 0 0 
390 8 0 0 0 0 0 0 0 0 0 0 0 
391 8 0 0 0 0 0 0 0 0 0 0 0 
392 8 0 0 0 0 0 0 0 0 0 0 0 
393 8 0 0 0 0 0 0 0 0 0 0 0 
394 8 0 0 0 0 0 0 0 0 0 0 0 
395 8 0 0 0 0 0 0 0 0 0 0 0 
396 8 0 0 0 0 0 0 0 0 0 0 0 
397 8 0 0 0 0 0 0 0 0 0 0 0 
398 8 0 0 0 0 0 0 0 0 0 0 0 
399 8 0 0 0 0 0 0 0 0 0 0 0 
400 8 0 0 0 0 0 0 0 0 0 0 0 
401 8 0 0 0 0 0 0 0 0 0 0 0 
402 8 0 0 0 0 0 0 0 0 0 0 0 
403 8 0 0 0 0 0 0 0 0 0 0 0 
404 8 0 0 0 0 0 0 0 0 0 0 0 
405 8 -1 307 2 38 -1 -1 -1 -1 -1 2 229 
406 8 8 0 0 0 0 0 0 0 0 0 0 
407 8 -1 19 2 38 -1 -1 -1 -1 -1 2 210 
408 8 -1 296 1 37 -1 -1 -1 -1 -1 1 15 
409 8 0 0 0 0 0 0 0 0 0 0 0 
410 8 0 0 0 0 0 0 0 0 0 0 0 
411 8 -1 106 3 23 -1 -1 -1 -1 -1 2 -30 
412 8 -1 227 3 20 -1 -1 -1 -1 -1 1 25 
413 8 0 0 0 0 0 0 0 0 0 0 0 
414 8 0 0 0 0 0 0 0 0 0 0 0 
415 8 0 0 0 0 0 0 0 0 0 0 0 
416 8 0 0 0 0 0 0 0 0 0 0 0 
417 8 0 0 0 0 0 0 0 0 0 0 0 
418 8 0 0 0 0 0 0 0 0 0 0 0 
419 8 0 0 0 0 0 0 0 0 0 0 0 
420 8 0 0 0 0 0 0 0 0 0 0 0 
421 8 0 0 0 0 0 0 0 0 0 0 0 
422 8 0 0 0 0 0 0 0 0 0 0 0 
423 8 0 0 0 0 0 0 0 0 0 0 0 
424 8 0 0 0 0 0 0 0 0 0 0 0 
425 8 0 0 0 0 0 0 0 0 0 0 0 
426 8 0 0 0 0 0 0 0 0 0 0 0 
427 8 0 0 0 0 0 0 0 0 0 0 0 
428 8 0 0 0 0 0 0 0 0 0 0 0 
429 8 0 0 0 0 0 0 0 0 0 0 0 
430 8 0 0 0 0 0 0 0 0 0 0 0 
431 8 -1 45 4 33 -1 -1 -1 -1 -1 0 2512 
432 8 -1 36 1 10 -1 -1 -1 -1 -1 3 -13 
433 8 -1 9 1 16 -1 -1 -1 -1 -1 3 -5 
434 8 -1 280 3 36 -1 -1 -1 -1 -1 0 -18 
435 8 0 0 0 0 0 0 0 0 0 0 0 
436 8 0 0 0 0 0 0 0 0 0 0 0 
437 8 41 0 0 0 0 0 0 0 0 0 0 
438 8 -1 100 4 33 -1 -1 -1 -1 -1 1 3516 
439 8 0 0 0 0 0 0 0 0 0 0 0 
440 8 0 0 0 0 0 0 0 0 0 0 0 
441 8 0 0 0 0 0 0 0 0 0 0 0 
442 8 0 0 0 0 0 0 0 0 0 0 0 
443 8 0 0 0 0 0 0 0 0 0 0 0 
444 8 0 0 0 0 0 0 0 0 0 0 0 
445 8 0 0 0 0 0 0 0 0 0 0 0 
446 8 0 0 0 0 0 0 0 0 0 0 0 
447 8 0 0 0 0 0 0 0 0 0 0 0 
448 8 0 0 0 0 0 0 0 0 0 0 0 
449 8 0 0 0 0 0 0 0 0 0 0 0 
450 8 0 0 0 0 0 0 0 0 0 0 0 
451 8 0 0 0 0 0 0 0 0 0 0 0 
452 8 0 0 0 0 0 0 0 0 0 0 0 
453 8 0 0 0 0 0 0 0 0 0 0 0 
454 8 0 0 0 0 0 0 0 0 0 0 0 
455 8 0 0 0 0 0 0 0 0 0 0 0 
456 8 0 0 0 0 0 0 0 0 0 0 0 
457 8 0 0 0 0 0 0 0 0 0 0 0 
458 8 0 0 0 0 0 0 0 0 0 0 0 
459 8 0 0 0 0 0 0 0 0 0 0 0 
460 8 0 0 0 0 0 0 0 0 0 0 0 
461 8 0 0 0 0 0 0 0 0 0 0 0 
462 8 0 0 0 0 0 0 0 0 0 0 0 
463 8 0 0 0 0 0 0 0 0 0 0 0 
464 8 0 0 0 0 0 0 0 0 0 0 0 
465 8 0 0 0 0 0 0 0 0 0 0 0 
466 8 0 0 0 0 0 0 0 0 0 0 0 
467 8 0 0 0 0 0 0 0 0 0 0 0 
468 8 0 0 0 0 0 0 0 0 0 0 0 
469 8 0 0 0 0 0 0 0 0 0 0 0 
470 8 0 0 0 0 0 0 0 0 0 0 0 
471 8 0 0 0 0 0 0 0 0 0 0 0 
472 8 0 0 0 0 0 0 0 0 0 0 0 
473 8 0 0 0 0 0 0 0 0 0 0 0 
474 8 0 0 0 0 0 0 0 0 0 0 0 
475 8 0 0 0 0 0 0 0 0 0 0 0 
476 8 0 0 0 0 0 0 0 0 0 0 0 
477 8 0 0 0 0 0 0 0 0 0 0 0 
478 8 0 0 0 0 0 0 0 0 0 0 0 
479 8 0 0 0 0 0 0 0 0 0 0 0 
480 8 0 0 0 0 0 0 0 0 0 0 0 
481 8 0 0 0 0 0 0 0 0 0 0 0 
482 8 0 0 0 0 0 0 0 0 0 0 0 
483 8 0 0 0 0 0 0 0 0 0 0 0 
484 8 0 0 0 0 0 0 0 0 0 0 0 
485 8 0 0 0 0 0 0 0 0 0 0 0 
486 8 0 0 0 0 0 0 0 0 0 0 0 
487 8 0 0 0 0 0 0 0 0 0 0 0 
488 8 0 0 0 0 0 0 0 0 0 0 0 
489 8 0 0 0 0 0 0 0 0 0 0 0 
490 8 0 0 0 0 0 0 0 0 0 0 0 
491 8 0 0 0 0 0 0 0 0 0 0 0 
492 8 0 0 0 0 0 0 0 0 0 0 0 
493 8 0 0 0 0 0 0 0 0 0 0 0 
494 8 0 0 0 0 0 0 0 0 0 0 0 
495 8 0 0 0 0 0 0 0 0 0 0 0 
496 8 0 0 0 0 0 0 0 0 0 0 0 
497 8 0 0 0 0 0 0 0 0 0 0 0 
498 8 0 0 0 0 0 0 0 0 0 0 0 
499 8 0 0 0 0 0 0 0 0 0 0 0 
500 8 0 0 0 0 0 0 0 0 0 0 0 
501 8 0 0 0 0 0 0 0 0 0 0 0 
502 8 0 0 0 0 0 0 0 0 0 0 0 
503 8 0 0 0 0 0 0 0 0 0 0 0 
504 8 0 0 0 0 0 0 0 0 0 0 0 
505 8 0 0 0 0 0 0 0 0 0 0 0 
506 8 0 0 0 0 0 0 0 0 0 0 0 
507 8 0 0 0 0 0 0 0 0 0 0 0 
508 8 0 0 0 0 0 0 0 0 0 0 0 
509 8 0 0 0 0 0 0 0 0 0 0 0 
510 8 0 0 0 0 0 0 0 0 0 0 0 
511 9 0 0 0 0 0 0 0 0 0 0 0 
512 9 0 0 0 0 0 0 0 0 0 0 0 
513 9 0 0 0 0 0 0 0 0 0 0 0 
514 9 0 0 0 0 0 0 0 0 0 0 0 
515 9 0 0 0 0 0 0 0 0 0 0 0 
516 9 0 0 0 0 0 0 0 0 0 0 0 
517 9 0 0 0 0 0 0 0 0 0 0 0 
518 9 0 0 0 0 0 0 0 0 0 0 0 
519 9 0 0 0 0 0 0 0 0 0 0 0 
520 9 0 0 0 0 0 0 0 0 0 0 0 
521 9 0 0 0 0 0 0 0 0 0 0 0 
522 9 0 0 0 0 0 0 0 0 0 0 0 
523 9 0 0 0 0 0 0 0 0 0 0 0 
524 9 0 0 0 0 0 0 0 0 0 0 0 
525 9 0 0 0 0 0 0 0 0 0 0 0 
526 9 0 0 0 0 0 0 0 0 0 0 0 
527 9 0 0 0 0 0 0 0 0 0 0 0 
528 9 0 0 0 0 0 0 0 0 0 0 0 
529 9 0 0 0 0 0 0 0 0 0 0 0 
530 9 0 0 0 0 0 0 0 0 0 0 0 
531 9 0 0 0 0 0 0 0 0 0 0 0 
532 9 0 0 0 0 0 0 0 0 0 0 0 
533 9 0 0 0 0 0 0 0 0 0 0 0 
534 9 0 0 0 0 0 0 0 0 0 0 0 
535 9 0 0 0 0 0 0 0 0 0 0 0 
536 9 0 0 0 0 0 0 0 0 0 0 0 
537 9 0 0 0 0 0 0 0 0 0 0 0 
538 9 0 0 0 0 0 0 0 0 0 0 0 
539 9 0 0 0 0 0 0 0 0 0 0 0 
540 9 0 0 0 0 0 0 0 0 0 0 0 
541 9 0 0 0 0 0 0 0 0 0 0 0 
542 9 0 0 0 0 0 0 0 0 0 0 0 
543 9 0 0 0 0 0 0 0 0 0 0 0 
544 9 0 0 0 0 0 0 0 0 0 0 0 
545 9 0 0 0 0 0 0 0 0 0 0 0 
546 9 0 0 0 0 0 0 0 0 0 0 0 
547 9 0 0 0 0 0 0 0 0 0 0 0 
548 9 0 0 0 0 0 0 0 0 0 0 0 
549 9 0 0 0 0 0 0 0 0 0 0 0 
550 9 0 0 0 0 0 0 0 0 0 0 0 
551 9 0 0 0 0 0 0 0 0 0 0 0 
552 9 0 0 0 0 0 0 0 0 0 0 0 
553 9 0 0 0 0 0 0 0 0 0 0 0 
554 9 0 0 0 0 0 0 0 0 0 0 0 
555 9 0 0 0 0 0 0 0 0 0 0 0 
556 9 0 0 0 0 0 0 0 0 0 0 0 
557 9 0 0 0 0 0 0 0 0 0 0 0 
558 9 0 0 0 0 0 0 0 0 0 0 0 
559 9 0 0 0 0 0 0 0 0 0 0 0 
560 9 0 0 0 0 0 0 0 0 0 0 0 
561 9 0 0 0 0 0 0 0 0 0 0 0 
562 9 0 0 0 0 0 0 0 0 0 0 0 
563 9 0 0 0 0 0 0 0 0 0 0 0 
564 9 0 0 0 0 0 0 0 0 0 0 0 
565 9 0 0 0 0 0 0 0 0 0 0 0 
566 9 0 0 0 0 0 0 0 0 0 0 0 
567 9 0 0 0 0 0 0 0 0 0 0 0 
568 9 0 0 0 0 0 0 0 0 0 0 0 
569 9 0 0 0 0 0 0 0 0 0 0 0 
570 9 0 0 0 0 0 0 0 0 0 0 0 
571 9 0 0 0 0 0 0 0 0 0 0 0 
572 9 0 0 0 0 0 0 0 0 0 0 0 
573 9 0 0 0 0 0 0 0 0 0 0 0 
574 9 0 0 0 0 0 0 0 0 0 0 0 
575 9 0 0 0 0 0 0 0 0 0 0 0 
576 9 0 0 0 0 0 0 0 0 0 0 0 
577 9 0 0 0 0 0 0 0 0 0 0 0 
578 9 0 0 0 0 0 0 0 0 0 0 0 
579 9 0 0 0 0 0 0 0 0 0 0 0 
580 9 0 0 0 0 0 0 0 0 0 0 0 
581 9 0 0 0 0 0 0 0 0 0 0 0 
582 9 0 0 0 0 0 0 0 0 0 0 0 
583 9 0 0 0 0 0 0 0 0 0 0 0 
584 9 0 0 0 0 0 0 0 0 0 0 0 
585 9 0 0 0 0 0 0 0 0 0 0 0 
586 9 0 0 0 0 0 0 0 0 0 0 0 
587 9 0 0 0 0 0 0 0 0 0 0 0 
588 9 0 0 0 0 0 0 0 0 0 0 0 
589 9 0 0 0 0 0 0 0 0 0 0 0 
590 9 0 0 0 0 0 0 0 0 0 0 0 
591 9 0 0 0 0 0 0 0 0 0 0 0 
592 9 0 0 0 0 0 0 0 0 0 0 0 
593 9 0 0 0 0 0 0 0 0 0 0 0 
594 9 0 0 0 0 0 0 0 0 0 0 0 
595 9 0 0 0 0 0 0 0 0 0 0 0 
596 9 0 0 0 0 0 0 0 0 0 0 0 
597 9 0 0 0 0 0 0 0 0 0 0 0 
598 9 0 0 0 0 0 0 0 0 0 0 0 
599 9 0 0 0 0 0 0 0 0 0 0 0 
600 9 0 0 0 0 0 0 0 0 0 0 0 
601 9 0 0 0 0 0 0 0 0 0 0 0 
602 9 0 0 0 0 0 0 0 0 0 0 0 
603 9 0 0 0 0 0 0 0 0 0 0 0 
604 9 0 0 0 0 0 0 0 0 0 0 0 
605 9 0 0 0 0 0 0 0 0 0 0 0 
606 9 0 0 0 0 0 0 0 0 0 0 0 
607 9 0 0 0 0 0 0 0 0 0 0 0 
608 9 0 0 0 0 0 0 0 0 0 0 0 
609 9 0 0 0 0 0 0 0 0 0 0 0 
610 9 0 0 0 0 0 0 0 0 0 0 0 
611 9 0 0 0 0 0 0 0 0 0 0 0 
612 9 0 0 0 0 0 0 0 0 0 0 0 
613 9 0 0 0 0 0 0 0 0 0 0 0 
614 9 0 0 0 0 0 0 0 0 0 0 0 
615 9 0 0 0 0 0 0 0 0 0 0 0 
616 9 0 0 0 0 0 0 0 0 0 0 0 
617 9 0 0 0 0 0 0 0 0 0 0 0 
618 9 0 0 0 0 0 0 0 0 0 0 0 
619 9 0 0 0 0 0 0 0 0 0 0 0 
620 9 0 0 0 0 0 0 0 0 0 0 0 
621 9 0 0 0 0 0 0 0 0 0 0 0 
622 9 0 0 0 0 0 0 0 0 0 0 0 
623 9 0 0 0 0 0 0 0 0 0 0 0 
624 9 0 0 0 0 0 0 0 0 0 0 0 
625 9 0 0 0 0 0 0 0 0 0 0 0 
626 9 0 0 0 0 0 0 0 0 0 0 0 
627 9 0 0 0 0 0 0 0 0 0 0 0 
628 9 0 0 0 0 0 0 0 0 0 0 0 
629 9 0 0 0 0 0 0 0 0 0 0 0 
630 9 0 0 0 0 0 0 0 0 0 0 0 
631 9 0 0 0 0 0 0 0 0 0 0 0 
632 9 0 0 0 0 0 0 0 0 0 0 0 
633 9 0 0 0 0 0 0 0 0 0 0 0 
634 9 0 0 0 0 0 0 0 0 0 0 0 
635 9 0 0 0 0 0 0 0 0 0 0 0 
636 9 0 0 0 0 0 0 0 0 0 0 0 
637 9 0 0 0 0 0 0 0 0 0 0 0 
638 9 0 0 0 0 0 0 0 0 0 0 0 
639 9 0 0 0 0 0 0 0 0 0 0 0 
640 9 0 0 0 0 0 0 0 0 0 0 0 
641 9 0 0 0 0 0 0 0 0 0 0 0 
642 9 0 0 0 0 0 0 0 0 0 0 0 
643 9 0 0 0 0 0 0 0 0 0 0 0 
644 9 0 0 0 0 0 0 0 0 0 0 0 
645 9 0 0 0 0 0 0 0 0 0 0 0 
646 9 0 0 0 0 0 0 0 0 0 0 0 
647 9 0 0 0 0 0 0 0 0 0 0 0 
648 9 0 0 0 0 0 0 0 0 0 0 0 
649 9 0 0 0 0 0 0 0 0 0 0 0 
650 9 0 0 0 0 0 0 0 0 0 0 0 
651 9 0 0 0 0 0 0 0 0 0 0 0 
652 9 0 0 0 0 0 0 0 0 0 0 0 
653 9 0 0 0 0 0 0 0 0 0 0 0 
654 9 0 0 0 0 0 0 0 0 0 0 0 
655 9 0 0 0 0 0 0 0 0 0 0 0 
656 9 0 0 0 0 0 0 0 0 0 0 0 
657 9 0 0 0 0 0 0 0 0 0 0 0 
658 9 0 0 0 0 0 0 0 0 0 0 0 
659 9 0 0 0 0 0 0 0 0 0 0 0 
660 9 0 0 0 0 0 0 0 0 0 0 0 
661 9 0 0 0 0 0 0 0 0 0 0 0 
662 9 0 0 0 0 0 0 0 0 0 0 0 
663 9 0 0 0 0 0 0 0 0 0 0 0 
664 9 0 0 0 0 0 0 0 0 0 0 0 
665 9 0 0 0 0 0 0 0 0 0 0 0 
666 9 0 0 0 0 0 0 0 0 0 0 0 
667 9 0 0 0 0 0 0 0 0 0 0 0 
668 9 0 0 0 0 0 0 0 0 0 0 0 
669 9 0 0 0 0 0 0 0 0 0 0 0 
670 9 0 0 0 0 0 0 0 0 0 0 0 
671 9 0 0 0 0 0 0 0 0 0 0 0 
672 9 0 0 0 0 0 0 0 0 0 0 0 
673 9 0 0 0 0 0 0 0 0 0 0 0 
674 9 0 0 0 0 0 0 0 0 0 0 0 
675 9 0 0 0 0 0 0 0 0 0 0 0 
676 9 0 0 0 0 0 0 0 0 0 0 0 
677 9 0 0 0 0 0 0 0 0 0 0 0 
678 9 0 0 0 0 0 0 0 0 0 0 0 
679 9 0 0 0 0 0 0 0 0 0 0 0 
680 9 0 0 0 0 0 0 0 0 0 0 0 
681 9 0 0 0 0 0 0 0 0 0 0 0 
682 9 0 0 0 0 0 0 0 0 0 0 0 
683 9 0 0 0 0 0 0 0 0 0 0 0 
684 9 0 0 0 0 0 0 0 0 0 0 0 
685 9 0 0 0 0 0 0 0 0 0 0 0 
686 9 0 0 0 0 0 0 0 0 0 0 0 
687 9 0 0 0 0 0 0 0 0 0 0 0 
688 9 0 0 0 0 0 0 0 0 0 0 0 
689 9 0 0 0 0 0 0 0 0 0 0 0 
690 9 0 0 0 0 0 0 0 0 0 0 0 
691 9 0 0 0 0 0 0 0 0 0 0 0 
692 9 0 0 0 0 0 0 0 0 0 0 0 
693 9 0 0 0 0 0 0 0 0 0 0 0 
694 9 0 0 0 0 0 0 0 0 0 0 0 
695 9 0 0 0 0 0 0 0 0 0 0 0 
696 9 0 0 0 0 0 0 0 0 0 0 0 
697 9 0 0 0 0 0 0 0 0 0 0 0 
698 9 0 0 0 0 0 0 0 0 0 0 0 
699 9 0 0 0 0 0 0 0 0 0 0 0 
700 9 0 0 0 0 0 0 0 0 0 0 0 
701 9 0 0 0 0 0 0 0 0 0 0 0 
702 9 0 0 0 0 0 0 0 0 0 0 0 
703 9 0 0 0 0 0 0 0 0 0 0 0 
704 9 0 0 0 0 0 0 0 0 0 0 0 
705 9 0 0 0 0 0 0 0 0 0 0 0 
706 9 0 0 0 0 0 0 0 0 0 0 0 
707 9 0 0 0 0 0 0 0 0 0 0 0 
708 9 0 0 0 0 0 0 0 0 0 0 0 
709 9 0 0 0 0 0 0 0 0 0 0 0 
710 9 0 0 0 0 0 0 0 0 0 0 0 
711 9 0 0 0 0 0 0 0 0 0 0 0 
712 9 0 0 0 0 0 0 0 0 0 0 0 
713 9 0 0 0 0 0 0 0 0 0 0 0 
714 9 0 0 0 0 0 0 0 0 0 0 0 
715 9 0 0 0 0 0 0 0 0 0 0 0 
716 9 0 0 0 0 0 0 0 0 0 0 0 
717 9 0 0 0 0 0 0 0 0 0 0 0 
718 9 0 0 0 0 0 0 0 0 0 0 0 
719 9 0 0 0 0 0 0 0 0 0 0 0 
720 9 0 0 0 0 0 0 0 0 0 0 0 
721 9 0 0 0 0 0 0 0 0 0 0 0 
722 9 0 0 0 0 0 0 0 0 0 0 0 
723 9 0 0 0 0 0 0 0 0 0 0 0 
724 9 0 0 0 0 0 0 0 0 0 0 0 
725 9 0 0 0 0 0 0 0 0 0 0 0 
726 9 0 0 0 0 0 0 0 0 0 0 0 
727 9 0 0 0 0 0 0 0 0 0 0 0 
728 9 0 0 0 0 0 0 0 0 0 0 0 
729 9 0 0 0 0 0 0 0 0 0 0 0 
730 9 0 0 0 0 0 0 0 0 0 0 0 
731 9 0 0 0 0 0 0 0 0 0 0 0 
732 9 0 0 0 0 0 0 0 0 0 0 0 
733 9 0 0 0 0 0 0 0 0 0 0 0 
734 9 0 0 0 0 0 0 0 0 0 0 0 
735 9 0 0 0 0 0 0 0 0 0 0 0 
736 9 0 0 0 0 0 0 0 0 0 0 0 
737 9 0 0 0 0 0 0 0 0 0 0 0 
738 9 0 0 0 0 0 0 0 0 0 0 0 
739 9 0 0 0 0 0 0 0 0 0 0 0 
740 9 0 0 0 0 0 0 0 0 0 0 0 
741 9 0 0 0 0 0 0 0 0 0 0 0 
742 9 0 0 0 0 0 0 0 0 0 0 0 
743 9 0 0 0 0 0 0 0 0 0 0 0 
744 9 0 0 0 0 0 0 0 0 0 0 0 
745 9 0 0 0 0 0 0 0 0 0 0 0 
746 9 0 0 0 0 0 0 0 0 0 0 0 
747 9 0 0 0 0 0 0 0 0 0 0 0 
748 9 0 0 0 0 0 0 0 0 0 0 0 
749 9 0 0 0 0 0 0 0 0 0 0 0 
750 9 0 0 0 0 0 0 0 0 0 0 0 
751 9 0 0 0 0 0 0 0 0 0 0 0 
752 9 0 0 0 0 0 0 0 0 0 0 0 
753 9 0 0 0 0 0 0 0 0 0 0 0 
754 9 0 0 0 0 0 0 0 0 0 0 0 
755 9 0 0 0 0 0 0 0 0 0 0 0 
756 9 0 0 0 0 0 0 0 0 0 0 0 
757 9 0 0 0 0 0 0 0 0 0 0 0 
758 9 0 0 0 0 0 0 0 0 0 0 0 
759 9 0 0 0 0 0 0 0 0 0 0 0 
760 9 0 0 0 0 0 0 0 0 0 0 0 
761 9 0 0 0 0 0 0 0 0 0 0 0 
762 9 0 0 0 0 0 0 0 0 0 0 0 
763 9 0 0 0 0 0 0 0 0 0 0 0 
764 9 0 0 0 0 0 0 0 0 0 0 0 
765 9 0 0 0 0 0 0 0 0 0 0 0 
766 9 0 0 0 0 0 0 0 0 0 0 0 
767 9 0 0 0 0 0 0 0 0 0 0 0 
768 9 0 0 0 0 0 0 0 0 0 0 0 
769 9 0 0 0 0 0 0 0 0 0 0 0 
770 9 0 0 0 0 0 0 0 0 0 0 0 
771 9 0 0 0 0 0 0 0 0 0 0 0 
772 9 0 0 0 0 0 0 0 0 0 0 0 
773 9 0 0 0 0 0 0 0 0 0 0 0 
774 9 0 0 0 0 0 0 0 0 0 0 0 
775 9 0 0 0 0 0 0 0 0 0 0 0 
776 9 0 0 0 0 0 0 0 0 0 0 0 
777 9 0 0 0 0 0 0 0 0 0 0 0 
778 9 0 0 0 0 0 0 0 0 0 0 0 
779 9 0 0 0 0 0 0 0 0 0 0 0 
780 9 0 0 0 0 0 0 0 0 0 0 0 
781 9 0 0 0 0 0 0 0 0 0 0 0 
782 9 0 0 0 0 0 0 0 0 0 0 0 
783 9 0 0 0 0 0 0 0 0 0 0 0 
784 9 0 0 0 0 0 0 0 0 0 0 0 
785 9 0 0 0 0 0 0 0 0 0 0 0 
786 9 0 0 0 0 0 0 0 0 0 0 0 
787 9 0 0 0 0 0 0 0 0 0 0 0 
788 9 0 0 0 0 0 0 0 0 0 0 0 
789 9 0 0 0 0 0 0 0 0 0 0 0 
790 9 0 0 0 0 0 0 0 0 0 0 0 
791 9 0 0 0 0 0 0 0 0 0 0 0 
792 9 0 0 0 0 0 0 0 0 0 0 0 
793 9 0 0 0 0 0 0 0 0 0 0 0 
794 9 0 0 0 0 0 0 0 0 0 0 0 
795 9 0 0 0 0 0 0 0 0 0 0 0 
796 9 0 0 0 0 0 0 0 0 0 0 0 
797 9 0 0 0 0 0 0 0 0 0 0 0 
798 9 0 0 0 0 0 0 0 0 0 0 0 
799 9 0 0 0 0 0 0 0 0 0 0 0 
800 9 0 0 0 0 0 0 0 0 0 0 0 
801 9 0 0 0 0 0 0 0 0 0 0 0 
802 9 0 0 0 0 0 0 0 0 0 0 0 
803 9 0 0 0 0 0 0 0 0 0 0 0 
804 9 0 0 0 0 0 0 0 0 0 0 0 
805 9 0 0 0 0 0 0 0 0 0 0 0 
806 9 0 0 0 0 0 0 0 0 0 0 0 
807 9 0 0 0 0 0 0 0 0 0 0 0 
808 9 0 0 0 0 0 0 0 0 0 0 0 
809 9 0 0 0 0 0 0 0 0 0 0 0 
810 9 0 0 0 0 0 0 0 0 0 0 0 
811 9 -1 269 3 32 -1 -1 -1 -1 -1 1 49 
812 9 -1 43 2 11 -1 -1 -1 -1 -1 2 7231 
813 9 0 0 0 0 0 0 0 0 0 0 0 
814 9 0 0 0 0 0 0 0 0 0 0 0 
815 9 -1 288 2 18 -1 -1 -1 -1 -1 3 84 
816 9 -1 225 4 19 -1 -1 -1 -1 -1 2 9763 
817 9 -1 336 0 30 -1 -1 -1 -1 -1 2 -43 
818 9 15 0 0 0 0 0 0 0 0 0 0 
819 9 0 0 0 0 0 0 0 0 0 0 0 
820 9 0 0 0 0 0 0 0 0 0 0 0 
821 9 0 0 0 0 0 0 0 0 0 0 0 
822 9 0 0 0 0 0 0 0 0 0 0 0 
823 9 17 0 0 0 0 0 0 0 0 0 0 
824 9 -1 255 2 30 -1 -1 -1 -1 -1 3 261 
825 9 -1 78 0 15 -1 -1 -1 -1 -1 2 -70 
826 9 22 0 0 0 0 0 0 0 0 0 0 
827 9 0 0 0 0 0 0 0 0 0 0 0 
828 9 0 0 0 0 0 0 0 0 0 0 0 
829 9 0 0 0 0 0 0 0 0 0 0 0 
830 9 0 0 0 0 0 0 0 0 0 0 0 
831 9 0 0 0 0 0 0 0 0 0 0 0 
832 9 0 0 0 0 0 0 0 0 0 0 0 
833 9 0 0 0 0 0 0 0 0 0 0 0 
834 9 0 0 0 0 0 0 0 0 0 0 0 
835 9 0 0 0 0 0 0 0 0 0 0 0 
836 9 0 0 0 0 0 0 0 0 0 0 0 
837 9 0 0 0 0 0 0 0 0 0 0 0 
838 9 0 0 0 0 0 0 0 0 0 0 0 
839 9 0 0 0 0 0 0 0 0 0 0 0 
840 9 0 0 0 0 0 0 0 0 0 0 0 
841 9 0 0 0 0 0 0 0 0 0 0 0 
842 9 0 0 0 0 0 0 0 0 0 0 0 
843 9 0 0 0 0 0 0 0 0 0 0 0 
844 9 0 0 0 0 0 0 0 0 0 0 0 
845 9 0 0 0 0 0 0 0 0 0 0 0 
846 9 0 0 0 0 0 0 0 0 0 0 0 
847 9 0 0 0 0 0 0 0 0 0 0 0 
848 9 0 0 0 0 0 0 0 0 0 0 0 
849 9 0 0 0 0 0 0 0 0 0 0 0 
850 9 0 0 0 0 0 0 0 0 0 0 0 
851 9 0 0 0 0 0 0 0 0 0 0 0 
852 9 0 0 0 0 0 0 0 0 0 0 0 
853 9 0 0 0 0 0 0 0 0 0 0 0 
854 9 0 0 0 0 0 0 0 0 0 0 0 
855 9 0 0 0 0 0 0 0 0 0 0 0 
856 9 0 0 0 0 0 0 0 0 0 0 0 
857 9 0 0 0 0 0 0 0 0 0 0 0 
858 9 0 0 0 0 0 0 0 0 0 0 0 
859 9 0 0 0 0 0 0 0 0 0 0 0 
860 9 0 0 0 0 0 0 0 0 0 0 0 
861 9 0 0 0 0 0 0 0 0 0 0 0 
862 9 0 0 0 0 0 0 0 0 0 0 0 
863 9 25 0 0 0 0 0 0 0 0 0 0 
864 9 -1 276 3 28 -1 -1 -1 -1 -1 3 -10 
865 9 -1 191 4 22 -1 -1 -1 -1 -1 0 1940 
866 9 -1 280 2 22 -1 -1 -1 -1 -1 2 1564 
867 9 -1 107 2 22 -1 -1 -1 -1 -1 2 1470 
868 9 -1 4 0 30 -1 -1 -1 -1 -1 1 -118 
869 9 -1 15 2 37 -1 -1 -1 -1 -1 0 292 
870 9 -1 115 0 35 -1 -1 -1 -1 -1 2 -9 
871 9 0 0 0 0 0 0 0 0 0 0 0 
872 9 0 0 0 0 0 0 0 0 0 0 0 
873 9 0 0 0 0 0 0 0 0 0 0 0 
874 9 0 0 0 0 0 0 0 0 0 0 0 
875 9 0 0 0 0 0 0 0 0 0 0 0 
876 9 0 0 0 0 0 0 0 0 0 0 0 
877 9 -1 273 0 30 -1 -1 -1 -1 -1 1 -45 
878 9 44 0 0 0 0 0 0 0 0 0 0 
879 9 0 0 0 0 0 0 0 0 0 0 0 
880 9 0 0 0 0 0 0 0 0 0 0 0 
881 9 0 0 0 0 0 0 0 0 0 0 0 
882 9 0 0 0 0 0 0 0 0 0 0 0 
883 9 0 0 0 0 0 0 0 0 0 0 0 
884 9 0 0 0 0 0 0 0 0 0 0 0 
885 9 0 0 0 0 0 0 0 0 0 0 0 
886 9 0 0 0 0 0 0 0 0 0 0 0 
887 9 0 0 0 0 0 0 0 0 0 0 0 
888 9 0 0 0 0 0 0 0 0 0 0 0 
889 9 0 0 0 0 0 0 0 0 0 0 0 
890 9 0 0 0 0 0 0 0 0 0 0 0 
891 9 0 0 0 0 0 0 0 0 0 0 0 
892 9 0 0 0 0 0 0 0 0 0 0 0 
893 9 0 0 0 0 0 0 0 0 0 0 0 
894 9 0 0 0 0 0 0 0 0 0 0 0 
895 9 0 0 0 0 0 0 0 0 0 0 0 
896 9 0 0 0 0 0 0 0 0 0 0 0 
897 9 0 0 0 0 0 0 0 0 0 0 0 
898 9 0 0 0 0 0 0 0 0 0 0 0 
899 9 0 0 0 0 0 0 0 0 0 0 0 
900 9 0 0 0 0 0 0 0 0 0 0 0 
901 9 0 0 0 0 0 0 0 0 0 0 0 
902 9 0 0 0 0 0 0 0 0 0 0 0 
903 9 0 0 0 0 0 0 0 0 0 0 0 
904 9 0 0 0 0 0 0 0 0 0 0 0 
905 9 0 0 0 0 0 0 0 0 0 0 0 
906 9 0 0 0 0 0 0 0 0 0 0 0 
907 9 0 0 0 0 0 0 0 0 0 0 0 
908 9 0 0 0 0 0 0 0 0 0 0 0 
909 9 0 0 0 0 0 0 0 0 0 0 0 
910 9 0 0 0 0 0 0 0 0 0 0 0 
911 9 0 0 0 0 0 0 0 0 0 0 0 
912 9 0 0 0 0 0 0 0 0 0 0 0 
913 9 0 0 0 0 0 0 0 0 0 0 0 
914 9 0 0 0 0 0 0 0 0 0 0 0 
915 9 0 0 0 0 0 0 0 0 0 0 0 
916 9 0 0 0 0 0 0 0 0 0 0 0 
917 9 0 0 0 0 0 0 0 0 0 0 0 
918 9 0 0 0 0 0 0 0 0 0 0 0 
919 9 0 0 0 0 0 0 0 0 0 0 0 
920 9 0 0 0 0 0 0 0 0 0 0 0 
921 9 0 0 0 0 0 0 0 0 0 0 0 
922 9 0 0 0 0 0 0 0 0 0 0 0 
923 9 0 0 0 0 0 0 0 0 0 0 0 
924 9 0 0 0 0 0 0 0 0 0 0 0 
925 9 0 0 0 0 0 0 0 0 0 0 0 
926 9 0 0 0 0 0 0 0 0 0 0 0 
927 9 0 0 0 0 0 0 0 0 0 0 0 
928 9 0 0 0 0 0 0 0 0 0 0 0 
929 9 0 0 0 0 0 0 0 0 0 0 0 
930 9 0 0 0 0 0 0 0 0 0 0 0 
931 9 0 0 0 0 0 0 0 0 0 0 0 
932 9 0 0 0 0 0 0 0 0 0 0 0 
933 9 0 0 0 0 0 0 0 0 0 0 0 
934 9 0 0 0 0 0 0 0 0 0 0 0 
935 9 0 0 0 0 0 0 0 0 0 0 0 
936 9 0 0 0 0 0 0 0 0 0 0 0 
937 9 0 0 0 0 0 0 0 0 0 0 0 
938 9 0 0 0 0 0 0 0 0 0 0 0 
939 9 0 0 0 0 0 0 0 0 0 0 0 
940 9 0 0 0 0 0 0 0 0 0 0 0 
941 9 0 0 0 0 0 0 0 0 0 0 0 
942 9 0 0 0 0 0 0 0 0 0 0 0 
943 9 0 0 0 0 0 0 0 0 0 0 0 
944 9 0 0 0 0 0 0 0 0 0 0 0 
945 9 0 0 0 0 0 0 0 0 0 0 0 
946 9 0 0 0 0 0 0 0 0 0 0 0 
947 9 0 0 0 0 0 0 0 0 0 0 0 
948 9 0 0 0 0 0 0 0 0 0 0 0 
949 9 0 0 0 0 0 0 0 0 0 0 0 
950 9 0 0 0 0 0 0 0 0 0 0 0 
951 9 0 0 0 0 0 0 0 0 0 0 0 
952 9 0 0 0 0 0 0 0 0 0 0 0 
953 9 0 0 0 0 0 0 0 0 0 0 0 
954 9 0 0 0 0 0 0 0 0 0 0 0 
955 9 0 0 0 0 0 0 0 0 0 0 0 
956 9 0 0 0 0 0 0 0 0 0 0 0 
957 9 0 0 0 0 0 0 0 0 0 0 0 
958 9 0 0 0 0 0 0 0 0 0 0 0 
959 9 0 0 0 0 0 0 0 0 0 0 0 
960 9 0 0 0 0 0 0 0 0 0 0 0 
961 9 0 0 0 0 0 0 0 0 0 0 0 
962 9 0 0 0 0 0 0 0 0 0 0 0 
963 9 0 0 0 0 0 0 0 0 0 0 0 
964 9 0 0 0 0 0 0 0 0 0 0 0 
965 9 0 0 0 0 0 0 0 0 0 0 0 
966 9 0 0 0 0 0 0 0 0 0 0 0 
967 9 0 0 0 0 0 0 0 0 0 0 0 
968 9 0 0 0 0 0 0 0 0 0 0 0 
969 9 0 0 0 0 0 0 0 0 0 0 0 
970 9 0 0 0 0 0 0 0 0 0 0 0 
971 9 0 0 0 0 0 0 0 0 0 0 0 
972 9 0 0 0 0 0 0 0 0 0 0 0 
973 9 0 0 0 0 0 0 0 0 0 0 0 
974 9 0 0 0 0 0 0 0 0 0 0 0 
975 9 0 0 0 0 0 0 0 0 0 0 0 
976 9 0 0 0 0 0 0 0 0 0 0 0 
977 9 0 0 0 0 0 0 0 0 0 0 0 
978 9 0 0 0 0 0 0 0 0 0 0 0 
979 9 0 0 0 0 0 0 0 0 0 0 0 
980 9 0 0 0 0 0 0 0 0 0 0 0 
981 9 0 0 0 0 0 0 0 0 0 0 0 
982 9 0 0 0 0 0 0 0 0 0 0 0 
983 9 0 0 0 0 0 0 0 0 0 0 0 
984 9 0 0 0 0 0 0 0 0 0 0 0 
985 9 0 0 0 0 0 0 0 0 0 0 0 
986 9 0 0 0 0 0 0 0 0 0 0 0 
987 9 0 0 0 0 0 0 0 0 0 0 0 
988 9 0 0 0 0 0 0 0 0 0 0 0 
989 9 0 0 0 0 0 0 0 0 0 0 0 
990 9 0 0 0 0 0 0 0 0 0 0 0 
991 9 0 0 0 0 0 0 0 0 0 0 0 
992 9 0 0 0 0 0 0 0 0 0 0 0 
993 9 0 0 0 0 0 0 0 0 0 0 0 
994 9 0 0 0 0 0 0 0 0 0 0 0 
995 9 0 0 0 0 0 0 0 0 0 0 0 
996 9 0 0 0 0 0 0 0 0 0 0 0 
997 9 0 0 0 0 0 0 0 0 0 0 0 
998 9 0 0 0 0 0 0 0 0 0 0 0 
999 9 0 0 0 0 0 0 0 0 0 0 0 
1000 9 0 0 0 0 0 0 0 0 0 0 0 
1001 9 0 0 0 0 0 0 0 0 0 0 0 
1002 9 0 0 0 0 0 0 0 0 0 0 0 
1003 9 0 0 0 0 0 0 0 0 0 0 0 
1004 9 0 0 0 0 0 0 0 0 0 0 0 
1005 9 0 0 0 0 0 0 0 0 0 0 0 
1006 9 0 0 0 0 0 0 0 0 0 0 0 
1007 9 0 0 0 0 0 0 0 0 0 0 0 
1008 9 0 0 0 0 0 0 0 0 0 0 0 
1009 9 0 0 0 0 0 0 0 0 0 0 0 
1010 9 0 0 0 0 0 0 0 0 0 0 0 
1011 9 0 0 0 0 0 0 0 0 0 0 0 
1012 9 0 0 0 0 0 0 0 0 0 0 0 
1013 9 0 0 0 0 0 0 0 0 0 0 0 
1014 9 0 0 0 0 0 0 0 0 0 0 0 
1015 9 0 0 0 0 0 0 0 0 0 0 0 
1016 9 0 0 0 0 0 0 0 0 0 0 0 
1017 9 0 0 0 0 0 0 0 0 0 0 0 
1018 9 0 0 0 0 0 0 0 0 0 0 0 
1019 9 0 0 0 0 0 0 0 0 0 0 0 
1020 9 0 0 0 0 0 0 0 0 0 0 0 
1021 9 0 0 0 0 0 0 0 0 0 0 0 
1022 9 0 0 0 0 0 0 0 0 0 0 0 
1023 10 0 0 0 0 0 0 0 0 0 0 0 
1024 10 0 0 0 0 0 0 0 0 0 0 0 
1025 10 0 0 0 0 0 0 0 0 0 0 0 
1026 10 0 0 0 0 0 0 0 0 0 0 0 
1027 10 0 0 0 0 0 0 0 0 0 0 0 
1028 10 0 0 0 0 0 0 0 0 0 0 0 
1029 10 0 0 0 0 0 0 0 0 0 0 0 
1030 10 0 0 0 0 0 0 0 0 0 0 0 
1031 10 0 0 0 0 0 0 0 0 0 0 0 
1032 10 0 0 0 0 0 0 0 0 0 0 0 
1033 10 0 0 0 0 0 0 0 0 0 0 0 
1034 10 0 0 0 0 0 0 0 0 0 0 0 
1035 10 0 0 0 0 0 0 0 0 0 0 0 
1036 10 0 0 0 0 0 0 0 0 0 0 0 
1037 10 0 0 0 0 0 0 0 0 0 0 0 
1038 10 0 0 0 0 0 0 0 0 0 0 0 
1039 10 0 0 0 0 0 0 0 0 0 0 0 
1040 10 0 0 0 0 0 0 0 0 0 0 0 
1041 10 0 0 0 0 0 0 0 0 0 0 0 
1042 10 0 0 0 0 0 0 0 0 0 0 0 
1043 10 0 0 0 0 0 0 0 0 0 0 0 
1044 10 0 0 0 0 0 0 0 0 0 0 0 
1045 10 0 0 0 0 0 0 0 0 0 0 0 
1046 10 0 0 0 0 0 0 0 0 0 0 0 
1047 10 0 0 0 0 0 0 0 0 0 0 0 
1048 10 0 0 0 0 0 0 0 0 0 0 0 
1049 10 0 0 0 0 0 0 0 0 0 0 0 
1050 10 0 0 0 0 0 0 0 0 0 0 0 
1051 10 0 0 0 0 0 0 0 0 0 0 0 
1052 10 0 0 0 0 0 0 0 0 0 0 0 
1053 10 0 0 0 0 0 0 0 0 0 0 0 
1054 10 0 0 0 0 0 0 0 0 0 0 0 
1055 10 0 0 0 0 0 0 0 0 0 0 0 
1056 10 0 0 0 0 0 0 0 0 0 0 0 
1057 10 0 0 0 0 0 0 0 0 0 0 0 
1058 10 0 0 0 0 0 0 0 0 0 0 0 
1059 10 0 0 0 0 0 0 0 0 0 0 0 
1060 10 0 0 0 0 0 0 0 0 0 0 0 
1061 10 0 0 0 0 0 0 0 0 0 0 0 
1062 10 0 0 0 0 0 0 0 0 0 0 0 
1063 10 0 0 0 0 0 0 0 0 0 0 0 
1064 10 0 0 0 0 0 0 0 0 0 0 0 
1065 10 0 0 0 0 0 0 0 0 0 0 0 
1066 10 0 0 0 0 0 0 0 0 0 0 0 
1067 10 0 0 0 0 0 0 0 0 0 0 0 
1068 10 0 0 0 0 0 0 0 0 0 0 0 
1069 10 0 0 0 0 0 0 0 0 0 0 0 
1070 10 0 0 0 0 0 0 0 0 0 0 0 
1071 10 0 0 0 0 0 0 0 0 0 0 0 
1072 10 0 0 0 0 0 0 0 0 0 0 0 
1073 10 0 0 0 0 0 0 0 0 0 0 0 
1074 10 0 0 0 0 0 0 0 0 0 0 0 
1075 10 0 0 0 0 0 0 0 0 0 0 0 
1076 10 0 0 0 0 0 0 0 0 0 0 0 
1077 10 0 0 0 0 0 0 0 0 0 0 0 
1078 10 0 0 0 0 0 0 0 0 0 0 0 
1079 10 0 0 0 0 0 0 0 0 0 0 0 
1080 10 0 0 0 0 0 0 0 0 0 0 0 
1081 10 0 0 0 0 0 0 0 0 0 0 0 
1082 10 0 0 0 0 0 0 0 0 0 0 0 
1083 10 0 0 0 0 0 0 0 0 0 0 0 
1084 10 0 0 0 0 0 0 0 0 0 0 0 
1085 10 0 0 0 0 0 0 0 0 0 0 0 
1086 10 0 0 0 0 0 0 0 0 0 0 0 
1087 10 0 0 0 0 0 0 0 0 0 0 0 
1088 10 0 0 0 0 0 0 0 0 0 0 0 
1089 10 0 0 0 0 0 0 0 0 0 0 0 
1090 10 0 0 0 0 0 0 0 0 0 0 0 
1091 10 0 0 0 0 0 0 0 0 0 0 0 
1092 10 0 0 0 0 0 0 0 0 0 0 0 
1093 10 0 0 0 0 0 0 0 0 0 0 0 
1094 10 0 0 0 0 0 0 0 0 0 0 0 
1095 10 0 0 0 0 0 0 0 0 0 0 0 
1096 10 0 0 0 0 0 0 0 0 0 0 0 
1097 10 0 0 0 0 0 0 0 0 0 0 0 
1098 10 0 0 0 0 0 0 0 0 0 0 0 
1099 10 0 0 0 0 0 0 0 0 0 0 0 
1100 10 0 0 0 0 0 0 0 0 0 0 0 
1101 10 0 0 0 0 0 0 0 0 0 0 0 
1102 10 0 0 0 0 0 0 0 0 0 0 0 
1103 10 0 0 0 0 0 0 0 0 0 0 0 
1104 10 0 0 0 0 0 0 0 0 0 0 0 
1105 10 0 0 0 0 0 0 0 0 0 0 0 
1106 10 0 0 0 0 0 0 0 0 0 0 0 
1107 10 0 0 0 0 0 0 0 0 0 0 0 
1108 10 0 0 0 0 0 0 0 0 0 0 0 
1109 10 0 0 0 0 0 0 0 0 0 0 0 
1110 10 0 0 0 0 0 0 0 0 0 0 0 
1111 10 0 0 0 0 0 0 0 0 0 0 0 
1112 10 0 0 0 0 0 0 0 0 0 0 0 
1113 10 0 0 0 0 0 0 0 0 0 0 0 
1114 10 0 0 0 0 0 0 0 0 0 0 0 
1115 10 0 0 0 0 0 0 0 0 0 0 0 
1116 10 0 0 0 0 0 0 0 0 0 0 0 
1117 10 0 0 0 0 0 0 0 0 0 0 0 
1118 10 0 0 0 0 0 0 0 0 0 0 0 
1119 10 0 0 0 0 0 0 0 0 0 0 0 
1120 10 0 0 0 0 0 0 0 0 0 0 0 
1121 10 0 0 0 0 0 0 0 0 0 0 0 
1122 10 0 0 0 0 0 0 0 0 0 0 0 
1123 10 0 0 0 0 0 0 0 0 0 0 0 
1124 10 0 0 0 0 0 0 0 0 0 0 0 
1125 10 0 0 0 0 0 0 0 0 0 0 0 
1126 10 0 0 0 0 0 0 0 0 0 0 0 
1127 10 0 0 0 0 0 0 0 0 0 0 0 
1128 10 0 0 0 0 0 0 0 0 0 0 0 
1129 10 0 0 0 0 0 0 0 0 0 0 0 
1130 10 0 0 0 0 0 0 0 0 0 0 0 
1131 10 0 0 0 0 0 0 0 0 0 0 0 
1132 10 0 0 0 0 0 0 0 0 0 0 0 
1133 10 0 0 0 0 0 0 0 0 0 0 0 
1134 10 0 0 0 0 0 0 0 0 0 0 0 
1135 10 0 0 0 0 0 0 0 0 0 0 0 
1136 10 0 0 0 0 0 0 0 0 0 0 0 
1137 10 0 0 0 0 0 0 0 0 0 0 0 
1138 10 0 0 0 0 0 0 0 0 0 0 0 
1139 10 0 0 0 0 0 0 0 0 0 0 0 
1140 10 0 0 0 0 0 0 0 0 0 0 0 
1141 10 0 0 0 0 0 0 0 0 0 0 0 
1142 10 0 0 0 0 0 0 0 0 0 0 0 
1143 10 0 0 0 0 0 0 0 0 0 0 0 
1144 10 0 0 0 0 0 0 0 0 0 0 0 
1145 10 0 0 0 0 0 0 0 0 0 0 0 
1146 10 0 0 0 0 0 0 0 0 0 0 0 
1147 10 0 0 0 0 0 0 0 0 0 0 0 
1148 10 0 0 0 0 0 0 0 0 0 0 0 
1149 10 0 0 0 0 0 0 0 0 0 0 0 
1150 10 0 0 0 0 0 0 0 0 0 0 0 
1151 10 0 0 0 0 0 0 0 0 0 0 0 
1152 10 0 0 0 0 0 0 0 0 0 0 0 
1153 10 0 0 0 0 0 0 0 0 0 0 0 
1154 10 0 0 0 0 0 0 0 0 0 0 0 
1155 10 0 0 0 0 0 0 0 0 0 0 0 
1156 10 0 0 0 0 0 0 0 0 0 0 0 
1157 10 0 0 0 0 0 0 0 0 0 0 0 
1158 10 0 0 0 0 0 0 0 0 0 0 0 
1159 10 0 0 0 0 0 0 0 0 0 0 0 
1160 10 0 0 0 0 0 0 0 0 0 0 0 
1161 10 0 0 0 0 0 0 0 0 0 0 0 
1162 10 0 0 0 0 0 0 0 0 0 0 0 
1163 10 0 0 0 0 0 0 0 0 0 0 0 
1164 10 0 0 0 0 0 0 0 0 0 0 0 
1165 10 0 0 0 0 0 0 0 0 0 0 0 
1166 10 0 0 0 0 0 0 0 0 0 0 0 
1167 10 0 0 0 0 0 0 0 0 0 0 0 
1168 10 0 0 0 0 0 0 0 0 0 0 0 
1169 10 0 0 0 0 0 0 0 0 0 0 0 
1170 10 0 0 0 0 0 0 0 0 0 0 0 
1171 10 0 0 0 0 0 0 0 0 0 0 0 
1172 10 0 0 0 0 0 0 0 0 0 0 0 
1173 10 0 0 0 0 0 0 0 0 0 0 0 
1174 10 0 0 0 0 0 0 0 0 0 0 0 
1175 10 0 0 0 0 0 0 0 0 0 0 0 
1176 10 0 0 0 0 0 0 0 0 0 0 0 
1177 10 0 0 0 0 0 0 0 0 0 0 0 
1178 10 0 0 0 0 0 0 0 0 0 0 0 
1179 10 0 0 0 0 0 0 0 0 0 0 0 
1180 10 0 0 0 0 0 0 0 0 0 0 0 
1181 10 0 0 0 0 0 0 0 0 0 0 0 
1182 10 0 0 0 0 0 0 0 0 0 0 0 
1183 10 0 0 0 0 0 0 0 0 0 0 0 
1184 10 0 0 0 0 0 0 0 0 0 0 0 
1185 10 0 0 0 0 0 0 0 0 0 0 0 
1186 10 0 0 0 0 0 0 0 0 0 0 0 
1187 10 0 0 0 0 0 0 0 0 0 0 0 
1188 10 0 0 0 0 0 0 0 0 0 0 0 
1189 10 0 0 0 0 0 0 0 0 0 0 0 
1190 10 0 0 0 0 0 0 0 0 0 0 0 
1191 10 0 0 0 0 0 0 0 0 0 0 0 
1192 10 0 0 0 0 0 0 0 0 0 0 0 
1193 10 0 0 0 0 0 0 0 0 0 0 0 
1194 10 0 0 0 0 0 0 0 0 0 0 0 
1195 10 0 0 0 0 0 0 0 0 0 0 0 
1196 10 0 0 0 0 0 0 0 0 0 0 0 
1197 10 0 0 0 0 0 0 0 0 0 0 0 
1198 10 0 0 0 0 0 0 0 0 0 0 0 
1199 10 0 0 0 0 0 0 0 0 0 0 0 
1200 10 0 0 0 0 0 0 0 0 0 0 0 
1201 10 0 0 0 0 0 0 0 0 0 0 0 
1202 10 0 0 0 0 0 0 0 0 0 0 0 
1203 10 0 0 0 0 0 0 0 0 0 0 0 
1204 10 0 0 0 0 0 0 0 0 0 0 0 
1205 10 0 0 0 0 0 0 0 0 0 0 0 
1206 10 0 0 0 0 0 0 0 0 0 0 0 
1207 10 0 0 0 0 0 0 0 0 0 0 0 
1208 10 0 0 0 0 0 0 0 0 0 0 0 
1209 10 0 0 0 0 0 0 0 0 0 0 0 
1210 10 0 0 0 0 0 0 0 0 0 0 0 
1211 10 0 0 0 0 0 0 0 0 0 0 0 
1212 10 0 0 0 0 0 0 0 0 0 0 0 
1213 10 0 0 0 0 0 0 0 0 0 0 0 
1214 10 0 0 0 0 0 0 0 0 0 0 0 
1215 10 0 0 0 0 0 0 0 0 0 0 0 
1216 10 0 0 0 0 0 0 0 0 0 0 0 
1217 10 0 0 0 0 0 0 0 0 0 0 0 
1218 10 0 0 0 0 0 0 0 0 0 0 0 
1219 10 0 0 0 0 0 0 0 0 0 0 0 
1220 10 0 0 0 0 0 0 0 0 0 0 0 
1221 10 0 0 0 0 0 0 0 0 0 0 0 
1222 10 0 0 0 0 0 0 0 0 0 0 0 
1223 10 0 0 0 0 0 0 0 0 0 0 0 
1224 10 0 0 0 0 0 0 0 0 0 0 0 
1225 10 0 0 0 0 0 0 0 0 0 0 0 
1226 10 0 0 0 0 0 0 0 0 0 0 0 
1227 10 0 0 0 0 0 0 0 0 0 0 0 
1228 10 0 0 0 0 0 0 0 0 0 0 0 
1229 10 0 0 0 0 0 0 0 0 0 0 0 
1230 10 0 0 0 0 0 0 0 0 0 0 0 
1231 10 0 0 0 0 0 0 0 0 0 0 0 
1232 10 0 0 0 0 0 0 0 0 0 0 0 
1233 10 0 0 0 0 0 0 0 0 0 0 0 
1234 10 0 0 0 0 0 0 0 0 0 0 0 
1235 10 0 0 0 0 0 0 0 0 0 0 0 
1236 10 0 0 0 0 0 0 0 0 0 0 0 
1237 10 0 0 0 0 0 0 0 0 0 0 0 
1238 10 0 0 0 0 0 0 0 0 0 0 0 
1239 10 0 0 0 0 0 0 0 0 0 0 0 
1240 10 0 0 0 0 0 0 0 0 0 0 0 
1241 10 0 0 0 0 0 0 0 0 0 0 0 
1242 10 0 0 0 0 0 0 0 0 0 0 0 
1243 10 0 0 0 0 0 0 0 0 0 0 0 
1244 10 0 0 0 0 0 0 0 0 0 0 0 
1245 10 0 0 0 0 0 0 0 0 0 0 0 
1246 10 0 0 0 0 0 0 0 0 0 0 0 
1247 10 0 0 0 0 0 0 0 0 0 0 0 
1248 10 0 0 0 0 0 0 0 0 0 0 0 
1249 10 0 0 0 0 0 0 0 0 0 0 0 
1250 10 0 0 0 0 0 0 0 0 0 0 0 
1251 10 0 0 0 0 0 0 0 0 0 0 0 
1252 10 0 0 0 0 0 0 0 0 0 0 0 
1253 10 0 0 0 0 0 0 0 0 0 0 0 
1254 10 0 0 0 0 0 0 0 0 0 0 0 
1255 10 0 0 0 0 0 0 0 0 0 0 0 
1256 10 0 0 0 0 0 0 0 0 0 0 0 
1257 10 0 0 0 0 0 0 0 0 0 0 0 
1258 10 0 0 0 0 0 0 0 0 0 0 0 
1259 10 0 0 0 0 0 0 0 0 0 0 0 
1260 10 0 0 0 0 0 0 0 0 0 0 0 
1261 10 0 0 0 0 0 0 0 0 0 0 0 
1262 10 0 0 0 0 0 0 0 0 0 0 0 
1263 10 0 0 0 0 0 0 0 0 0 0 0 
1264 10 0 0 0 0 0 0 0 0 0 0 0 
1265 10 0 0 0 0 0 0 0 0 0 0 0 
1266 10 0 0 0 0 0 0 0 0 0 0 0 
1267 10 0 0 0 0 0 0 0 0 0 0 0 
1268 10 0 0 0 0 0 0 0 0 0 0 0 
1269 10 0 0 0 0 0 0 0 0 0 0 0 
1270 10 0 0 0 0 0 0 0 0 0 0 0 
1271 10 0 0 0 0 0 0 0 0 0 0 0 
1272 10 0 0 0 0 0 0 0 0 0 0 0 
1273 10 0 0 0 0 0 0 0 0 0 0 0 
1274 10 0 0 0 0 0 0 0 0 0 0 0 
1275 10 0 0 0 0 0 0 0 0 0 0 0 
1276 10 0 0 0 0 0 0 0 0 0 0 0 
1277 10 0 0 0 0 0 0 0 0 0 0 0 
1278 10 0 0 0 0 0 0 0 0 0 0 0 
1279 10 0 0 0 0 0 0 0 0 0 0 0 
1280 10 0 0 0 0 0 0 0 0 0 0 0 
1281 10 0 0 0 0 0 0 0 0 0 0 0 
1282 10 0 0 0 0 0 0 0 0 0 0 0 
1283 10 0 0 0 0 0 0 0 0 0 0 0 
1284 10 0 0 0 0 0 0 0 0 0 0 0 
1285 10 0 0 0 0 0 0 0 0 0 0 0 
1286 10 0 0 0 0 0 0 0 0 0 0 0 
1287 10 0 0 0 0 0 0 0 0 0 0 0 
1288 10 0 0 0 0 0 0 0 0 0 0 0 
1289 10 0 0 0 0 0 0 0 0 0 0 0 
1290 10 0 0 0 0 0 0 0 0 0 0 0 
1291 10 0 0 0 0 0 0 0 0 0 0 0 
1292 10 0 0 0 0 0 0 0 0 0 0 0 
1293 10 0 0 0 0 0 0 0 0 0 0 0 
1294 10 0 0 0 0 0 0 0 0 0 0 0 
1295 10 0 0 0 0 0 0 0 0 0 0 0 
1296 10 0 0 0 0 0 0 0 0 0 0 0 
1297 10 0 0 0 0 0 0 0 0 0 0 0 
1298 10 0 0 0 0 0 0 0 0 0 0 0 
1299 10 0 0 0 0 0 0 0 0 0 0 0 
1300 10 0 0 0 0 0 0 0 0 0 0 0 
1301 10 0 0 0 0 0 0 0 0 0 0 0 
1302 10 0 0 0 0 0 0 0 0 0 0 0 
1303 10 0 0 0 0 0 0 0 0 0 0 0 
1304 10 0 0 0 0 0 0 0 0 0 0 0 
1305 10 0 0 0 0 0 0 0 0 0 0 0 
1306 10 0 0 0 0 0 0 0 0 0 0 0 
1307 10 0 0 0 0 0 0 0 0 0 0 0 
1308 10 0 0 0 0 0 0 0 0 0 0 0 
1309 10 0 0 0 0 0 0 0 0 0 0 0 
1310 10 0 0 0 0 0 0 0 0 0 0 0 
1311 10 0 0 0 0 0 0 0 0 0 0 0 
1312 10 0 0 0 0 0 0 0 0 0 0 0 
1313 10 0 0 0 0 0 0 0 0 0 0 0 
1314 10 0 0 0 0 0 0 0 0 0 0 0 
1315 10 0 0 0 0 0 0 0 0 0 0 0 
1316 10 0 0 0 0 0 0 0 0 0 0 0 
1317 10 0 0 0 0 0 0 0 0 0 0 0 
1318 10 0 0 0 0 0 0 0 0 0 0 0 
1319 10 0 0 0 0 0 0 0 0 0 0 0 
1320 10 0 0 0 0 0 0 0 0 0 0 0 
1321 10 0 0 0 0 0 0 0 0 0 0 0 
1322 10 0 0 0 0 0 0 0 0 0 0 0 
1323 10 0 0 0 0 0 0 0 0 0 0 0 
1324 10 0 0 0 0 0 0 0 0 0 0 0 
1325 10 0 0 0 0 0 0 0 0 0 0 0 
1326 10 0 0 0 0 0 0 0 0 0 0 0 
1327 10 0 0 0 0 0 0 0 0 0 0 0 
1328 10 0 0 0 0 0 0 0 0 0 0 0 
1329 10 0 0 0 0 0 0 0 0 0 0 0 
1330 10 0 0 0 0 0 0 0 0 0 0 0 
1331 10 0 0 0 0 0 0 0 0 0 0 0 
1332 10 0 0 0 0 0 0 0 0 0 0 0 
1333 10 0 0 0 0 0 0 0 0 0 0 0 
1334 10 0 0 0 0 0 0 0 0 0 0 0 
1335 10 0 0 0 0 0 0 0 0 0 0 0 
1336 10 0 0 0 0 0 0 0 0 0 0 0 
1337 10 0 0 0 0 0 0 0 0 0 0 0 
1338 10 0 0 0 0 0 0 0 0 0 0 0 
1339 10 0 0 0 0 0 0 0 0 0 0 0 
1340 10 0 0 0 0 0 0 0 0 0 0 0 
1341 10 0 0 0 0 0 0 0 0 0 0 0 
1342 10 0 0 0 0 0 0 0 0 0 0 0 
1343 10 0 0 0 0 0 0 0 0 0 0 0 
1344 10 0 0 0 0 0 0 0 0 0 0 0 
1345 10 0 0 0 0 0 0 0 0 0 0 0 
1346 10 0 0 0 0 0 0 0 0 0 0 0 
1347 10 0 0 0 0 0 0 0 0 0 0 0 
1348 10 0 0 0 0 0 0 0 0 0 0 0 
1349 10 0 0 0 0 0 0 0 0 0 0 0 
1350 10 0 0 0 0 0 0 0 0 0 0 0 
1351 10 0 0 0 0 0 0 0 0 0 0 0 
1352 10 0 0 0 0 0 0 0 0 0 0 0 
1353 10 0 0 0 0 0 0 0 0 0 0 0 
1354 10 0 0 0 0 0 0 0 0 0 0 0 
1355 10 0 0 0 0 0 0 0 0 0 0 0 
1356 10 0 0 0 0 0 0 0 0 0 0 0 
1357 10 0 0 0 0 0 0 0 0 0 0 0 
1358 10 0 0 0 0 0 0 0 0 0 0 0 
1359 10 0 0 0 0 0 0 0 0 0 0 0 
1360 10 0 0 0 0 0 0 0 0 0 0 0 
1361 10 0 0 0 0 0 0 0 0 0 0 0 
1362 10 0 0 0 0 0 0 0 0 0 0 0 
1363 10 0 0 0 0 0 0 0 0 0 0 0 
1364 10 0 0 0 0 0 0 0 0 0 0 0 
1365 10 0 0 0 0 0 0 0 0 0 0 0 
1366 10 0 0 0 0 0 0 0 0 0 0 0 
1367 10 0 0 0 0 0 0 0 0 0 0 0 
1368 10 0 0 0 0 0 0 0 0 0 0 0 
1369 10 0 0 0 0 0 0 0 0 0 0 0 
1370 10 0 0 0 0 0 0 0 0 0 0 0 
1371 10 0 0 0 0 0 0 0 0 0 0 0 
1372 10 0 0 0 0 0 0 0 0 0 0 0 
1373 10 0 0 0 0 0 0 0 0 0 0 0 
1374 10 0 0 0 0 0 0 0 0 0 0 0 
1375 10 0 0 0 0 0 0 0 0 0 0 0 
1376 10 0 0 0 0 0 0 0 0 0 0 0 
1377 10 0 0 0 0 0 0 0 0 0 0 0 
1378 10 0 0 0 0 0 0 0 0 0 0 0 
1379 10 0 0 0 0 0 0 0 0 0 0 0 
1380 10 0 0 0 0 0 0 0 0 0 0 0 
1381 10 0 0 0 0 0 0 0 0 0 0 0 
1382 10 0 0 0 0 0 0 0 0 0 0 0 
1383 10 0 0 0 0 0 0 0 0 0 0 0 
1384 10 0 0 0 0 0 0 0 0 0 0 0 
1385 10 0 0 0 0 0 0 0 0 0 0 0 
1386 10 0 0 0 0 0 0 0 0 0 0 0 
1387 10 0 0 0 0 0 0 0 0 0 0 0 
1388 10 0 0 0 0 0 0 0 0 0 0 0 
1389 10 0 0 0 0 0 0 0 0 0 0 0 
1390 10 0 0 0 0 0 0 0 0 0 0 0 
1391 10 0 0 0 0 0 0 0 0 0 0 0 
1392 10 0 0 0 0 0 0 0 0 0 0 0 
1393 10 0 0 0 0 0 0 0 0 0 0 0 
1394 10 0 0 0 0 0 0 0 0 0 0 0 
1395 10 0 0 0 0 0 0 0 0 0 0 0 
1396 10 0 0 0 0 0 0 0 0 0 0 0 
1397 10 0 0 0 0 0 0 0 0 0 0 0 
1398 10 0 0 0 0 0 0 0 0 0 0 0 
1399 10 0 0 0 0 0 0 0 0 0 0 0 
1400 10 0 0 0 0 0 0 0 0 0 0 0 
1401 10 0 0 0 0 0 0 0 0 0 0 0 
1402 10 0 0 0 0 0 0 0 0 0 0 0 
1403 10 0 0 0 0 0 0 0 0 0 0 0 
1404 10 0 0 0 0 0 0 0 0 0 0 0 
1405 10 0 0 0 0 0 0 0 0 0 0 0 
1406 10 0 0 0 0 0 0 0 0 0 0 0 
1407 10 0 0 0 0 0 0 0 0 0 0 0 
1408 10 0 0 0 0 0 0 0 0 0 0 0 
1409 10 0 0 0 0 0 0 0 0 0 0 0 
1410 10 0 0 0 0 0 0 0 0 0 0 0 
1411 10 0 0 0 0 0 0 0 0 0 0 0 
1412 10 0 0 0 0 0 0 0 0 0 0 0 
1413 10 0 0 0 0 0 0 0 0 0 0 0 
1414 10 0 0 0 0 0 0 0 0 0 0 0 
1415 10 0 0 0 0 0 0 0 0 0 0 0 
1416 10 0 0 0 0 0 0 0 0 0 0 0 
1417 10 0 0 0 0 0 0 0 0 0 0 0 
1418 10 0 0 0 0 0 0 0 0 0 0 0 
1419 10 0 0 0 0 0 0 0 0 0 0 0 
1420 10 0 0 0 0 0 0 0 0 0 0 0 
1421 10 0 0 0 0 0 0 0 0 0 0 0 
1422 10 0 0 0 0 0 0 0 0 0 0 0 
1423 10 0 0 0 0 0 0 0 0 0 0 0 
1424 10 0 0 0 0 0 0 0 0 0 0 0 
1425 10 0 0 0 0 0 0 0 0 0 0 0 
1426 10 0 0 0 0 0 0 0 0 0 0 0 
1427 10 0 0 0 0 0 0 0 0 0 0 0 
1428 10 0 0 0 0 0 0 0 0 0 0 0 
1429 10 0 0 0 0 0 0 0 0 0 0 0 
1430 10 0 0 0 0 0 0 0 0 0 0 0 
1431 10 0 0 0 0 0 0 0 0 0 0 0 
1432 10 0 0 0 0 0 0 0 0 0 0 0 
1433 10 0 0 0 0 0 0 0 0 0 0 0 
1434 10 0 0 0 0 0 0 0 0 0 0 0 
1435 10 0 0 0 0 0 0 0 0 0 0 0 
1436 10 0 0 0 0 0 0 0 0 0 0 0 
1437 10 0 0 0 0 0 0 0 0 0 0 0 
1438 10 0 0 0 0 0 0 0 0 0 0 0 
1439 10 0 0 0 0 0 0 0 0 0 0 0 
1440 10 0 0 0 0 0 0 0 0 0 0 0 
1441 10 0 0 0 0 0 0 0 0 0 0 0 
1442 10 0 0 0 0 0 0 0 0 0 0 0 
1443 10 0 0 0 0 0 0 0 0 0 0 0 
1444 10 0 0 0 0 0 0 0 0 0 0 0 
1445 10 0 0 0 0 0 0 0 0 0 0 0 
1446 10 0 0 0 0 0 0 0 0 0 0 0 
1447 10 0 0 0 0 0 0 0 0 0 0 0 
1448 10 0 0 0 0 0 0 0 0 0 0 0 
1449 10 0 0 0 0 0 0 0 0 0 0 0 
1450 10 0 0 0 0 0 0 0 0 0 0 0 
1451 10 0 0 0 0 0 0 0 0 0 0 0 
1452 10 0 0 0 0 0 0 0 0 0 0 0 
1453 10 0 0 0 0 0 0 0 0 0 0 0 
1454 10 0 0 0 0 0 0 0 0 0 0 0 
1455 10 0 0 0 0 0 0 0 0 0 0 0 
1456 10 0 0 0 0 0 0 0 0 0 0 0 
1457 10 0 0 0 0 0 0 0 0 0 0 0 
1458 10 0 0 0 0 0 0 0 0 0 0 0 
1459 10 0 0 0 0 0 0 0 0 0 0 0 
1460 10 0 0 0 0 0 0 0 0 0 0 0 
1461 10 0 0 0 0 0 0 0 0 0 0 0 
1462 10 0 0 0 0 0 0 0 0 0 0 0 
1463 10 0 0 0 0 0 0 0 0 0 0 0 
1464 10 0 0 0 0 0 0 0 0 0 0 0 
1465 10 0 0 0 0 0 0 0 0 0 0 0 
1466 10 0 0 0 0 0 0 0 0 0 0 0 
1467 10 0 0 0 0 0 0 0 0 0 0 0 
1468 10 0 0 0 0 0 0 0 0 0 0 0 
1469 10 0 0 0 0 0 0 0 0 0 0 0 
1470 10 0 0 0 0 0 0 0 0 0 0 0 
1471 10 0 0 0 0 0 0 0 0 0 0 0 
1472 10 0 0 0 0 0 0 0 0 0 0 0 
1473 10 0 0 0 0 0 0 0 0 0 0 0 
1474 10 0 0 0 0 0 0 0 0 0 0 0 
1475 10 0 0 0 0 0 0 0 0 0 0 0 
1476 10 0 0 0 0 0 0 0 0 0 0 0 
1477 10 0 0 0 0 0 0 0 0 0 0 0 
1478 10 0 0 0 0 0 0 0 0 0 0 0 
1479 10 0 0 0 0 0 0 0 0 0 0 0 
1480 10 0 0 0 0 0 0 0 0 0 0 0 
1481 10 0 0 0 0 0 0 0 0 0 0 0 
1482 10 0 0 0 0 0 0 0 0 0 0 0 
1483 10 0 0 0 0 0 0 0 0 0 0 0 
1484 10 0 0 0 0 0 0 0 0 0 0 0 
1485 10 0 0 0 0 0 0 0 0 0 0 0 
1486 10 0 0 0 0 0 0 0 0 0 0 0 
1487 10 0 0 0 0 0 0 0 0 0 0 0 
1488 10 0 0 0 0 0 0 0 0 0 0 0 
1489 10 0 0 0 0 0 0 0 0 0 0 0 
1490 10 0 0 0 0 0 0 0 0 0 0 0 
1491 10 0 0 0 0 0 0 0 0 0 0 0 
1492 10 0 0 0 0 0 0 0 0 0 0 0 
1493 10 0 0 0 0 0 0 0 0 0 0 0 
1494 10 0 0 0 0 0 0 0 0 0 0 0 
1495 10 0 0 0 0 0 0 0 0 0 0 0 
1496 10 0 0 0 0 0 0 0 0 0 0 0 
1497 10 0 0 0 0 0 0 0 0 0 0 0 
1498 10 0 0 0 0 0 0 0 0 0 0 0 
1499 10 0 0 0 0 0 0 0 0 0 0 0 
1500 10 0 0 0 0 0 0 0 0 0 0 0 
1501 10 0 0 0 0 0 0 0 0 0 0 0 
1502 10 0 0 0 0 0 0 0 0 0 0 0 
1503 10 0 0 0 0 0 0 0 0 0 0 0 
1504 10 0 0 0 0 0 0 0 0 0 0 0 
1505 10 0 0 0 0 0 0 0 0 0 0 0 
1506 10 0 0 0 0 0 0 0 0 0 0 0 
1507 10 0 0 0 0 0 0 0 0 0 0 0 
1508 10 0 0 0 0 0 0 0 0 0 0 0 
1509 10 0 0 0 0 0 0 0 0 0 0 0 
1510 10 0 0 0 0 0 0 0 0 0 0 0 
1511 10 0 0 0 0 0 0 0 0 0 0 0 
1512 10 0 0 0 0 0 0 0 0 0 0 0 
1513 10 0 0 0 0 0 0 0 0 0 0 0 
1514 10 0 0 0 0 0 0 0 0 0 0 0 
1515 10 0 0 0 0 0 0 0 0 0 0 0 
1516 10 0 0 0 0 0 0 0 0 0 0 0 
1517 10 0 0 0 0 0 0 0 0 0 0 0 
1518 10 0 0 0 0 0 0 0 0 0 0 0 
1519 10 0 0 0 0 0 0 0 0 0 0 0 
1520 10 0 0 0 0 0 0 0 0 0 0 0 
1521 10 0 0 0 0 0 0 0 0 0 0 0 
1522 10 0 0 0 0 0 0 0 0 0 0 0 
1523 10 0 0 0 0 0 0 0 0 0 0 0 
1524 10 0 0 0 0 0 0 0 0 0 0 0 
1525 10 0 0 0 0 0 0 0 0 0 0 0 
1526 10 0 0 0 0 0 0 0 0 0 0 0 
1527 10 0 0 0 0 0 0 0 0 0 0 0 
1528 10 0 0 0 0 0 0 0 0 0 0 0 
1529 10 0 0 0 0 0 0 0 0 0 0 0 
1530 10 0 0 0 0 0 0 0 0 0 0 0 
1531 10 0 0 0 0 0 0 0 0 0 0 0 
1532 10 0 0 0 0 0 0 0 0 0 0 0 
1533 10 0 0 0 0 0 0 0 0 0 0 0 
1534 10 0 0 0 0 0 0 0 0 0 0 0 
1535 10 0 0 0 0 0 0 0 0 0 0 0 
1536 10 0 0 0 0 0 0 0 0 0 0 0 
1537 10 0 0 0 0 0 0 0 0 0 0 0 
1538 10 0 0 0 0 0 0 0 0 0 0 0 
1539 10 0 0 0 0 0 0 0 0 0 0 0 
1540 10 0 0 0 0 0 0 0 0 0 0 0 
1541 10 0 0 0 0 0 0 0 0 0 0 0 
1542 10 0 0 0 0 0 0 0 0 0 0 0 
1543 10 0 0 0 0 0 0 0 0 0 0 0 
1544 10 0 0 0 0 0 0 0 0 0 0 0 
1545 10 0 0 0 0 0 0 0 0 0 0 0 
1546 10 0 0 0 0 0 0 0 0 0 0 0 
1547 10 0 0 0 0 0 0 0 0 0 0 0 
1548 10 0 0 0 0 0 0 0 0 0 0 0 
1549 10 0 0 0 0 0 0 0 0 0 0 0 
1550 10 0 0 0 0 0 0 0 0 0 0 0 
1551 10 0 0 0 0 0 0 0 0 0 0 0 
1552 10 0 0 0 0 0 0 0 0 0 0 0 
1553 10 0 0 0 0 0 0 0 0 0 0 0 
1554 10 0 0 0 0 0 0 0 0 0 0 0 
1555 10 0 0 0 0 0 0 0 0 0 0 0 
1556 10 0 0 0 0 0 0 0 0 0 0 0 
1557 10 0 0 0 0 0 0 0 0 0 0 0 
1558 10 0 0 0 0 0 0 0 0 0 0 0 
1559 10 0 0 0 0 0 0 0 0 0 0 0 
1560 10 0 0 0 0 0 0 0 0 0 0 0 
1561 10 0 0 0 0 0 0 0 0 0 0 0 
1562 10 0 0 0 0 0 0 0 0 0 0 0 
1563 10 0 0 0 0 0 0 0 0 0 0 0 
1564 10 0 0 0 0 0 0 0 0 0 0 0 
1565 10 0 0 0 0 0 0 0 0 0 0 0 
1566 10 0 0 0 0 0 0 0 0 0 0 0 
1567 10 0 0 0 0 0 0 0 0 0 0 0 
1568 10 0 0 0 0 0 0 0 0 0 0 0 
1569 10 0 0 0 0 0 0 0 0 0 0 0 
1570 10 0 0 0 0 0 0 0 0 0 0 0 
1571 10 0 0 0 0 0 0 0 0 0 0 0 
1572 10 0 0 0 0 0 0 0 0 0 0 0 
1573 10 0 0 0 0 0 0 0 0 0 0 0 
1574 10 0 0 0 0 0 0 0 0 0 0 0 
1575 10 0 0 0 0 0 0 0 0 0 0 0 
1576 10 0 0 0 0 0 0 0 0 0 0 0 
1577 10 0 0 0 0 0 0 0 0 0 0 0 
1578 10 0 0 0 0 0 0 0 0 0 0 0 
1579 10 0 0 0 0 0 0 0 0 0 0 0 
1580 10 0 0 0 0 0 0 0 0 0 0 0 
1581 10 0 0 0 0 0 0 0 0 0 0 0 
1582 10 0 0 0 0 0 0 0 0 0 0 0 
1583 10 0 0 0 0 0 0 0 0 0 0 0 
1584 10 0 0 0 0 0 0 0 0 0 0 0 
1585 10 0 0 0 0 0 0 0 0 0 0 0 
1586 10 0 0 0 0 0 0 0 0 0 0 0 
1587 10 0 0 0 0 0 0 0 0 0 0 0 
1588 10 0 0 0 0 0 0 0 0 0 0 0 
1589 10 0 0 0 0 0 0 0 0 0 0 0 
1590 10 0 0 0 0 0 0 0 0 0 0 0 
1591 10 0 0 0 0 0 0 0 0 0 0 0 
1592 10 0 0 0 0 0 0 0 0 0 0 0 
1593 10 0 0 0 0 0 0 0 0 0 0 0 
1594 10 0 0 0 0 0 0 0 0 0 0 0 
1595 10 0 0 0 0 0 0 0 0 0 0 0 
1596 10 0 0 0 0 0 0 0 0 0 0 0 
1597 10 0 0 0 0 0 0 0 0 0 0 0 
1598 10 0 0 0 0 0 0 0 0 0 0 0 
1599 10 0 0 0 0 0 0 0 0 0 0 0 
1600 10 0 0 0 0 0 0 0 0 0 0 0 
1601 10 0 0 0 0 0 0 0 0 0 0 0 
1602 10 0 0 0 0 0 0 0 0 0 0 0 
1603 10 0 0 0 0 0 0 0 0 0 0 0 
1604 10 0 0 0 0 0 0 0 0 0 0 0 
1605 10 0 0 0 0 0 0 0 0 0 0 0 
1606 10 0 0 0 0 0 0 0 0 0 0 0 
1607 10 0 0 0 0 0 0 0 0 0 0 0 
1608 10 0 0 0 0 0 0 0 0 0 0 0 
1609 10 0 0 0 0 0 0 0 0 0 0 0 
1610 10 0 0 0 0 0 0 0 0 0 0 0 
1611 10 0 0 0 0 0 0 0 0 0 0 0 
1612 10 0 0 0 0 0 0 0 0 0 0 0 
1613 10 0 0 0 0 0 0 0 0 0 0 0 
1614 10 0 0 0 0 0 0 0 0 0 0 0 
1615 10 0 0 0 0 0 0 0 0 0 0 0 
1616 10 0 0 0 0 0 0 0 0 0 0 0 
1617 10 0 0 0 0 0 0 0 0 0 0 0 
1618 10 0 0 0 0 0 0 0 0 0 0 0 
1619 10 0 0 0 0 0 0 0 0 0 0 0 
1620 10 0 0 0 0 0 0 0 0 0 0 0 
1621 10 0 0 0 0 0 0 0 0 0 0 0 
1622 10 0 0 0 0 0 0 0 0 0 0 0 
1623 10 4 0 0 0 0 0 0 0 0 0 0 
1624 10 5 0 0 0 0 0 0 0 0 0 0 
1625 10 6 0 0 0 0 0 0 0 0 0 0 
1626 10 7 0 0 0 0 0 0 0 0 0 0 
1627 10 0 0 0 0 0 0 0 0 0 0 0 
1628 10 0 0 0 0 0 0 0 0 0 0 0 
1629 10 0 0 0 0 0 0 0 0 0 0 0 
1630 10 0 0 0 0 0 0 0 0 0 0 0 
1631 10 9 0 0 0 0 0 0 0 0 0 0 
1632 10 10 0 0 0 0 0 0 0 0 0 0 
1633 10 11 0 0 0 0 0 0 0 0 0 0 
1634 10 12 0 0 0 0 0 0 0 0 0 0 
1635 10 13 0 0 0 0 0 0 0 0 0 0 
1636 10 14 0 0 0 0 0 0 0 0 0 0 
1637 10 0 0 0 0 0 0 0 0 0 0 0 
1638 10 0 0 0 0 0 0 0 0 0 0 0 
1639 10 0 0 0 0 0 0 0 0 0 0 0 
1640 10 0 0 0 0 0 0 0 0 0 0 0 
1641 10 0 0 0 0 0 0 0 0 0 0 0 
1642 10 0 0 0 0 0 0 0 0 0 0 0 
1643 10 0 0 0 0 0 0 0 0 0 0 0 
1644 10 0 0 0 0 0 0 0 0 0 0 0 
1645 10 0 0 0 0 0 0 0 0 0 0 0 
1646 10 0 0 0 0 0 0 0 0 0 0 0 
1647 10 0 0 0 0 0 0 0 0 0 0 0 
1648 10 0 0 0 0 0 0 0 0 0 0 0 
1649 10 18 0 0 0 0 0 0 0 0 0 0 
1650 10 19 0 0 0 0 0 0 0 0 0 0 
1651 10 20 0 0 0 0 0 0 0 0 0 0 
1652 10 21 0 0 0 0 0 0 0 0 0 0 
1653 10 0 0 0 0 0 0 0 0 0 0 0 
1654 10 0 0 0 0 0 0 0 0 0 0 0 
1655 10 0 0 0 0 0 0 0 0 0 0 0 
1656 10 0 0 0 0 0 0 0 0 0 0 0 
1657 10 0 0 0 0 0 0 0 0 0 0 0 
1658 10 0 0 0 0 0 0 0 0 0 0 0 
1659 10 0 0 0 0 0 0 0 0 0 0 0 
1660 10 0 0 0 0 0 0 0 0 0 0 0 
1661 10 0 0 0 0 0 0 0 0 0 0 0 
1662 10 0 0 0 0 0 0 0 0 0 0 0 
1663 10 0 0 0 0 0 0 0 0 0 0 0 
1664 10 0 0 0 0 0 0 0 0 0 0 0 
1665 10 0 0 0 0 0 0 0 0 0 0 0 
1666 10 0 0 0 0 0 0 0 0 0 0 0 
1667 10 0 0 0 0 0 0 0 0 0 0 0 
1668 10 0 0 0 0 0 0 0 0 0 0 0 
1669 10 0 0 0 0 0 0 0 0 0 0 0 
1670 10 0 0 0 0 0 0 0 0 0 0 0 
1671 10 0 0 0 0 0 0 0 0 0 0 0 
1672 10 0 0 0 0 0 0 0 0 0 0 0 
1673 10 0 0 0 0 0 0 0 0 0 0 0 
1674 10 0 0 0 0 0 0 0 0 0 0 0 
1675 10 0 0 0 0 0 0 0 0 0 0 0 
1676 10 0 0 0 0 0 0 0 0 0 0 0 
1677 10 0 0 0 0 0 0 0 0 0 0 0 
1678 10 0 0 0 0 0 0 0 0 0 0 0 
1679 10 0 0 0 0 0 0 0 0 0 0 0 
1680 10 0 0 0 0 0 0 0 0 0 0 0 
1681 10 0 0 0 0 0 0 0 0 0 0 0 
1682 10 0 0 0 0 0 0 0 0 0 0 0 
1683 10 0 0 0 0 0 0 0 0 0 0 0 
1684 10 0 0 0 0 0 0 0 0 0 0 0 
1685 10 0 0 0 0 0 0 0 0 0 0 0 
1686 10 0 0 0 0 0 0 0 0 0 0 0 
1687 10 0 0 0 0 0 0 0 0 0 0 0 
1688 10 0 0 0 0 0 0 0 0 0 0 0 
1689 10 0 0 0 0 0 0 0 0 0 0 0 
1690 10 0 0 0 0 0 0 0 0 0 0 0 
1691 10 0 0 0 0 0 0 0 0 0 0 0 
1692 10 0 0 0 0 0 0 0 0 0 0 0 
1693 10 0 0 0 0 0 0 0 0 0 0 0 
1694 10 0 0 0 0 0 0 0 0 0 0 0 
1695 10 0 0 0 0 0 0 0 0 0 0 0 
1696 10 0 0 0 0 0 0 0 0 0 0 0 
1697 10 0 0 0 0 0 0 0 0 0 0 0 
1698 10 0 0 0 0 0 0 0 0 0 0 0 
1699 10 0 0 0 0 0 0 0 0 0 0 0 
1700 10 0 0 0 0 0 0 0 0 0 0 0 
1701 10 0 0 0 0 0 0 0 0 0 0 0 
1702 10 0 0 0 0 0 0 0 0 0 0 0 
1703 10 0 0 0 0 0 0 0 0 0 0 0 
1704 10 0 0 0 0 0 0 0 0 0 0 0 
1705 10 0 0 0 0 0 0 0 0 0 0 0 
1706 10 0 0 0 0 0 0 0 0 0 0 0 
1707 10 0 0 0 0 0 0 0 0 0 0 0 
1708 10 0 0 0 0 0 0 0 0 0 0 0 
1709 10 0 0 0 0 0 0 0 0 0 0 0 
1710 10 0 0 0 0 0 0 0 0 0 0 0 
1711 10 0 0 0 0 0 0 0 0 0 0 0 
1712 10 0 0 0 0 0 0 0 0 0 0 0 
1713 10 0 0 0 0 0 0 0 0 0 0 0 
1714 10 0 0 0 0 0 0 0 0 0 0 0 
1715 10 0 0 0 0 0 0 0 0 0 0 0 
1716 10 0 0 0 0 0 0 0 0 0 0 0 
1717 10 0 0 0 0 0 0 0 0 0 0 0 
1718 10 0 0 0 0 0 0 0 0 0 0 0 
1719 10 0 0 0 0 0 0 0 0 0 0 0 
1720 10 0 0 0 0 0 0 0 0 0 0 0 
1721 10 0 0 0 0 0 0 0 0 0 0 0 
1722 10 0 0 0 0 0 0 0 0 0 0 0 
1723 10 0 0 0 0 0 0 0 0 0 0 0 
1724 10 0 0 0 0 0 0 0 0 0 0 0 
1725 10 0 0 0 0 0 0 0 0 0 0 0 
1726 10 0 0 0 0 0 0 0 0 0 0 0 
1727 10 0 0 0 0 0 0 0 0 0 0 0 
1728 10 0 0 0 0 0 0 0 0 0 0 0 
1729 10 26 0 0 0 0 0 0 0 0 0 0 
1730 10 27 0 0 0 0 0 0 0 0 0 0 
1731 10 28 0 0 0 0 0 0 0 0 0 0 
1732 10 29 0 0 0 0 0 0 0 0 0 0 
1733 10 30 0 0 0 0 0 0 0 0 0 0 
1734 10 31 0 0 0 0 0 0 0 0 0 0 
1735 10 32 0 0 0 0 0 0 0 0 0 0 
1736 10 33 0 0 0 0 0 0 0 0 0 0 
1737 10 34 0 0 0 0 0 0 0 0 0 0 
1738 10 35 0 0 0 0 0 0 0 0 0 0 
1739 10 36 0 0 0 0 0 0 0 0 0 0 
1740 10 37 0 0 0 0 0 0 0 0 0 0 
1741 10 38 0 0 0 0 0 0 0 0 0 0 
1742 10 39 0 0 0 0 0 0 0 0 0 0 
1743 10 0 0 0 0 0 0 0 0 0 0 0 
1744 10 0 0 0 0 0 0 0 0 0 0 0 
1745 10 0 0 0 0 0 0 0 0 0 0 0 
1746 10 0 0 0 0 0 0 0 0 0 0 0 
1747 10 0 0 0 0 0 0 0 0 0 0 0 
1748 10 0 0 0 0 0 0 0 0 0 0 0 
1749 10 0 0 0 0 0 0 0 0 0 0 0 
1750 10 0 0 0 0 0 0 0 0 0 0 0 
1751 10 0 0 0 0 0 0 0 0 0 0 0 
1752 10 0 0 0 0 0 0 0 0 0 0 0 
1753 10 0 0 0 0 0 0 0 0 0 0 0 
1754 10 0 0 0 0 0 0 0 0 0 0 0 
1755 10 42 0 0 0 0 0 0 0 0 0 0 
1756 10 43 0 0 0 0 0 0 0 0 0 0 
1757 10 0 0 0 0 0 0 0 0 0 0 0 
1758 10 0 0 0 0 0 0 0 0 0 0 0 
1759 10 0 0 0 0 0 0 0 0 0 0 0 
1760 10 0 0 0 0 0 0 0 0 0 0 0 
1761 10 0 0 0 0 0 0 0 0 0 0 0 
1762 10 0 0 0 0 0 0 0 0 0 0 0 
1763 10 0 0 0 0 0 0 0 0 0 0 0 
1764 10 0 0 0 0 0 0 0 0 0 0 0 
1765 10 0 0 0 0 0 0 0 0 0 0 0 
1766 10 0 0 0 0 0 0 0 0 0 0 0 
1767 10 0 0 0 0 0 0 0 0 0 0 0 
1768 10 0 0 0 0 0 0 0 0 0 0 0 
1769 10 0 0 0 0 0 0 0 0 0 0 0 
1770 10 0 0 0 0 0 0 0 0 0 0 0 
1771 10 0 0 0 0 0 0 0 0 0 0 0 
1772 10 0 0 0 0 0 0 0 0 0 0 0 
1773 10 0 0 0 0 0 0 0 0 0 0 0 
1774 10 0 0 0 0 0 0 0 0 0 0 0 
1775 10 0 0 0 0 0 0 0 0 0 0 0 
1776 10 0 0 0 0 0 0 0 0 0 0 0 
1777 10 0 0 0 0 0 0 0 0 0 0 0 
1778 10 0 0 0 0 0 0 0 0 0 0 0 
1779 10 0 0 0 0 0 0 0 0 0 0 0 
1780 10 0 0 0 0 0 0 0 0 0 0 0 
1781 10 0 0 0 0 0 0 0 0 0 0 0 
1782 10 0 0 0 0 0 0 0 0 0 0 0 
1783 10 0 0 0 0 0 0 0 0 0 0 0 
1784 10 0 0 0 0 0 0 0 0 0 0 0 
1785 10 0 0 0 0 0 0 0 0 0 0 0 
1786 10 0 0 0 0 0 0 0 0 0 0 0 
1787 10 0 0 0 0 0 0 0 0 0 0 0 
1788 10 0 0 0 0 0 0 0 0 0 0 0 
1789 10 0 0 0 0 0 0 0 0 0 0 0 
1790 10 0 0 0 0 0 0 0 0 0 0 0 
1791 10 0 0 0 0 0 0 0 0 0 0 0 
1792 10 0 0 0 0 0 0 0 0 0 0 0 
1793 10 0 0 0 0 0 0 0 0 0 0 0 
1794 10 0 0 0 0 0 0 0 0 0 0 0 
1795 10 0 0 0 0 0 0 0 0 0 0 0 
1796 10 0 0 0 0 0 0 0 0 0 0 0 
1797 10 0 0 0 0 0 0 0 0 0 0 0 
1798 10 0 0 0 0 0 0 0 0 0 0 0 
1799 10 0 0 0 0 0 0 0 0 0 0 0 
1800 10 0 0 0 0 0 0 0 0 0 0 0 
1801 10 0 0 0 0 0 0 0 0 0 0 0 
1802 10 0 0 0 0 0 0 0 0 0 0 0 
1803 10 0 0 0 0 0 0 0 0 0 0 0 
1804 10 0 0 0 0 0 0 0 0 0 0 0 
1805 10 0 0 0 0 0 0 0 0 0 0 0 
1806 10 0 0 0 0 0 0 0 0 0 0 0 
1807 10 0 0 0 0 0 0 0 0 0 0 0 
1808 10 0 0 0 0 0 0 0 0 0 0 0 
1809 10 0 0 0 0 0 0 0 0 0 0 0 
1810 10 0 0 0 0 0 0 0 0 0 0 0 
1811 10 0 0 0 0 0 0 0 0 0 0 0 
1812 10 0 0 0 0 0 0 0 0 0 0 0 
1813 10 0 0 0 0 0 0 0 0 0 0 0 
1814 10 0 0 0 0 0 0 0 0 0 0 0 
1815 10 0 0 0 0 0 0 0 0 0 0 0 
1816 10 0 0 0 0 0 0 0 0 0 0 0 
1817 10 0 0 0 0 0 0 0 0 0 0 0 
1818 10 0 0 0 0 0 0 0 0 0 0 0 
1819 10 0 0 0 0 0 0 0 0 0 0 0 
1820 10 0 0 0 0 0 0 0 0 0 0 0 
1821 10 0 0 0 0 0 0 0 0 0 0 0 
1822 10 0 0 0 0 0 0 0 0 0 0 0 
1823 10 0 0 0 0 0 0 0 0 0 0 0 
1824 10 0 0 0 0 0 0 0 0 0 0 0 
1825 10 0 0 0 0 0 0 0 0 0 0 0 
1826 10 0 0 0 0 0 0 0 0 0 0 0 
1827 10 0 0 0 0 0 0 0 0 0 0 0 
1828 10 0 0 0 0 0 0 0 0 0 0 0 
1829 10 0 0 0 0 0 0 0 0 0 0 0 
1830 10 0 0 0 0 0 0 0 0 0 0 0 
1831 10 0 0 0 0 0 0 0 0 0 0 0 
1832 10 0 0 0 0 0 0 0 0 0 0 0 
1833 10 0 0 0 0 0 0 0 0 0 0 0 
1834 10 0 0 0 0 0 0 0 0 0 0 0 
1835 10 0 0 0 0 0 0 0 0 0 0 0 
1836 10 0 0 0 0 0 0 0 0 0 0 0 
1837 10 0 0 0 0 0 0 0 0 0 0 0 
1838 10 0 0 0 0 0 0 0 0 0 0 0 
1839 10 0 0 0 0 0 0 0 0 0 0 0 
1840 10 0 0 0 0 0 0 0 0 0 0 0 
1841 10 0 0 0 0 0 0 0 0 0 0 0 
1842 10 0 0 0 0 0 0 0 0 0 0 0 
1843 10 0 0 0 0 0 0 0 0 0 0 0 
1844 10 0 0 0 0 0 0 0 0 0 0 0 
1845 10 0 0 0 0 0 0 0 0 0 0 0 
1846 10 0 0 0 0 0 0 0 0 0 0 0 
1847 10 0 0 0 0 0 0 0 0 0 0 0 
1848 10 0 0 0 0 0 0 0 0 0 0 0 
1849 10 0 0 0 0 0 0 0 0 0 0 0 
1850 10 0 0 0 0 0 0 0 0 0 0 0 
1851 10 0 0 0 0 0 0 0 0 0 0 0 
1852 10 0 0 0 0 0 0 0 0 0 0 0 
1853 10 0 0 0 0 0 0 0 0 0 0 0 
1854 10 0 0 0 0 0 0 0 0 0 0 0 
1855 10 0 0 0 0 0 0 0 0 0 0 0 
1856 10 0 0 0 0 0 0 0 0 0 0 0 
1857 10 0 0 0 0 0 0 0 0 0 0 0 
1858 10 0 0 0 0 0 0 0 0 0 0 0 
1859 10 0 0 0 0 0 0 0 0 0 0 0 
1860 10 0 0 0 0 0 0 0 0 0 0 0 
1861 10 0 0 0 0 0 0 0 0 0 0 0 
1862 10 0 0 0 0 0 0 0 0 0 0 0 
1863 10 0 0 0 0 0 0 0 0 0 0 0 
1864 10 0 0 0 0 0 0 0 0 0 0 0 
1865 10 0 0 0 0 0 0 0 0 0 0 0 
1866 10 0 0 0 0 0 0 0 0 0 0 0 
1867 10 0 0 0 0 0 0 0 0 0 0 0 
1868 10 0 0 0 0 0 0 0 0 0 0 0 
1869 10 0 0 0 0 0 0 0 0 0 0 0 
1870 10 0 0 0 0 0 0 0 0 0 0 0 
1871 10 0 0 0 0 0 0 0 0 0 0 0 
1872 10 0 0 0 0 0 0 0 0 0 0 0 
1873 10 0 0 0 0 0 0 0 0 0 0 0 
1874 10 0 0 0 0 0 0 0 0 0 0 0 
1875 10 0 0 0 0 0 0 0 0 0 0 0 
1876 10 0 0 0 0 0 0 0 0 0 0 0 
1877 10 0 0 0 0 0 0 0 0 0 0 0 
1878 10 0 0 0 0 0 0 0 0 0 0 0 
1879 10 0 0 0 0 0 0 0 0 0 0 0 
1880 10 0 0 0 0 0 0 0 0 0 0 0 
1881 10 0 0 0 0 0 0 0 0 0 0 0 
1882 10 0 0 0 0 0 0 0 0 0 0 0 
1883 10 0 0 0 0 0 0 0 0 0 0 0 
1884 10 0 0 0 0 0 0 0 0 0 0 0 
1885 10 0 0 0 0 0 0 0 0 0 0 0 
1886 10 0 0 0 0 0 0 0 0 0 0 0 
1887 10 0 0 0 0 0 0 0 0 0 0 0 
1888 10 0 0 0 0 0 0 0 0 0 0 0 
1889 10 0 0 0 0 0 0 0 0 0 0 0 
1890 10 0 0 0 0 0 0 0 0 0 0 0 
1891 10 0 0 0 0 0 0 0 0 0 0 0 
1892 10 0 0 0 0 0 0 0 0 0 0 0 
1893 10 0 0 0 0 0 0 0 0 0 0 0 
1894 10 0 0 0 0 0 0 0 0 0 0 0 
1895 10 0 0 0 0 0 0 0 0 0 0 0 
1896 10 0 0 0 0 0 0 0 0 0 0 0 
1897 10 0 0 0 0 0 0 0 0 0 0 0 
1898 10 0 0 0 0 0 0 0 0 0 0 0 
1899 10 0 0 0 0 0 0 0 0 0 0 0 
1900 10 0 0 0 0 0 0 0 0 0 0 0 
1901 10 0 0 0 0 0 0 0 0 0 0 0 
1902 10 0 0 0 0 0 0 0 0 0 0 0 
1903 10 0 0 0 0 0 0 0 0 0 0 0 
1904 10 0 0 0 0 0 0 0 0 0 0 0 
1905 10 0 0 0 0 0 0 0 0 0 0 0 
1906 10 0 0 0 0 0 0 0 0 0 0 0 
1907 10 0 0 0 0 0 0 0 0 0 0 0 
1908 10 0 0 0 0 0 0 0 0 0 0 0 
1909 10 0 0 0 0 0 0 0 0 0 0 0 
1910 10 0 0 0 0 0 0 0 0 0 0 0 
1911 10 0 0 0 0 0 0 0 0 0 0 0 
1912 10 0 0 0 0 0 0 0 0 0 0 0 
1913 10 0 0 0 0 0 0 0 0 0 0 0 
1914 10 0 0 0 0 0 0 0 0 0 0 0 
1915 10 0 0 0 0 0 0 0 0 0 0 0 
1916 10 0 0 0 0 0 0 0 0 0 0 0 
1917 10 0 0 0 0 0 0 0 0 0 0 0 
1918 10 0 0 0 0 0 0 0 0 0 0 0 
1919 10 0 0 0 0 0 0 0 0 0 0 0 
1920 10 0 0 0 0 0 0 0 0 0 0 0 
1921 10 0 0 0 0 0 0 0 0 0 0 0 
1922 10 0 0 0 0 0 0 0 0 0 0 0 
1923 10 0 0 0 0 0 0 0 0 0 0 0 
1924 10 0 0 0 0 0 0 0 0 0 0 0 
1925 10 0 0 0 0 0 0 0 0 0 0 0 
1926 10 0 0 0 0 0 0 0 0 0 0 0 
1927 10 0 0 0 0 0 0 0 0 0 0 0 
1928 10 0 0 0 0 0 0 0 0 0 0 0 
1929 10 0 0 0 0 0 0 0 0 0 0 0 
1930 10 0 0 0 0 0 0 0 0 0 0 0 
1931 10 0 0 0 0 0 0 0 0 0 0 0 
1932 10 0 0 0 0 0 0 0 0 0 0 0 
1933 10 0 0 0 0 0 0 0 0 0 0 0 
1934 10 0 0 0 0 0 0 0 0 0 0 0 
1935 10 0 0 0 0 0 0 0 0 0 0 0 
1936 10 0 0 0 0 0 0 0 0 0 0 0 
1937 10 0 0 0 0 0 0 0 0 0 0 0 
1938 10 0 0 0 0 0 0 0 0 0 0 0 
1939 10 0 0 0 0 0 0 0 0 0 0 0 
1940 10 0 0 0 0 0 0 0 0 0 0 0 
1941 10 0 0 0 0 0 0 0 0 0 0 0 
1942 10 0 0 0 0 0 0 0 0 0 0 0 
1943 10 0 0 0 0 0 0 0 0 0 0 0 
1944 10 0 0 0 0 0 0 0 0 0 0 0 
1945 10 0 0 0 0 0 0 0 0 0 0 0 
1946 10 0 0 0 0 0 0 0 0 0 0 0 
1947 10 0 0 0 0 0 0 0 0 0 0 0 
1948 10 0 0 0 0 0 0 0 0 0 0 0 
1949 10 0 0 0 0 0 0 0 0 0 0 0 
1950 10 0 0 0 0 0 0 0 0 0 0 0 
1951 10 0 0 0 0 0 0 0 0 0 0 0 
1952 10 0 0 0 0 0 0 0 0 0 0 0 
1953 10 0 0 0 0 0 0 0 0 0 0 0 
1954 10 0 0 0 0 0 0 0 0 0 0 0 
1955 10 0 0 0 0 0 0 0 0 0 0 0 
1956 10 0 0 0 0 0 0 0 0 0 0 0 
1957 10 0 0 0 0 0 0 0 0 0 0 0 
1958 10 0 0 0 0 0 0 0 0 0 0 0 
1959 10 0 0 0 0 0 0 0 0 0 0 0 
1960 10 0 0 0 0 0 0 0 0 0 0 0 
1961 10 0 0 0 0 0 0 0 0 0 0 0 
1962 10 0 0 0 0 0 0 0 0 0 0 0 
1963 10 0 0 0 0 0 0 0 0 0 0 0 
1964 10 0 0 0 0 0 0 0 0 0 0 0 
1965 10 0 0 0 0 0 0 0 0 0 0 0 
1966 10 0 0 0 0 0 0 0 0 0 0 0 
1967 10 0 0 0 0 0 0 0 0 0 0 0 
1968 10 0 0 0 0 0 0 0 0 0 0 0 
1969 10 0 0 0 0 0 0 0 0 0 0 0 
1970 10 0 0 0 0 0 0 0 0 0 0 0 
1971 10 0 0 0 0 0 0 0 0 0 0 0 
1972 10 0 0 0 0 0 0 0 0 0 0 0 
1973 10 0 0 0 0 0 0 0 0 0 0 0 
1974 10 0 0 0 0 0 0 0 0 0 0 0 
1975 10 0 0 0 0 0 0 0 0 0 0 0 
1976 10 0 0 0 0 0 0 0 0 0 0 0 
1977 10 0 0 0 0 0 0 0 0 0 0 0 
1978 10 0 0 0 0 0 0 0 0 0 0 0 
1979 10 0 0 0 0 0 0 0 0 0 0 0 
1980 10 0 0 0 0 0 0 0 0 0 0 0 
1981 10 0 0 0 0 0 0 0 0 0 0 0 
1982 10 0 0 0 0 0 0 0 0 0 0 0 
1983 10 0 0 0 0 0 0 0 0 0 0 0 
1984 10 0 0 0 0 0 0 0 0 0 0 0 
1985 10 0 0 0 0 0 0 0 0 0 0 0 
1986 10 0 0 0 0 0 0 0 0 0 0 0 
1987 10 0 0 0 0 0 0 0 0 0 0 0 
1988 10 0 0 0 0 0 0 0 0 0 0 0 
1989 10 0 0 0 0 0 0 0 0 0 0 0 
1990 10 0 0 0 0 0 0 0 0 0 0 0 
1991 10 0 0 0 0 0 0 0 0 0 0 0 
1992 10 0 0 0 0 0 0 0 0 0 0 0 
1993 10 0 0 0 0 0 0 0 0 0 0 0 
1994 10 0 0 0 0 0 0 0 0 0 0 0 
1995 10 0 0 0 0 0 0 0 0 0 0 0 
1996 10 0 0 0 0 0 0 0 0 0 0 0 
1997 10 0 0 0 0 0 0 0 0 0 0 0 
1998 10 0 0 0 0 0 0 0 0 0 0 0 
1999 10 0 0 0 0 0 0 0 0 0 0 0 
2000 10 0 0 0 0 0 0 0 0 0 0 0 
2001 10 0 0 0 0 0 0 0 0 0 0 0 
2002 10 0 0 0 0 0 0 0 0 0 0 0 
2003 10 0 0 0 0 0 0 0 0 0 0 0 
2004 10 0 0 0 0 0 0 0 0 0 0 0 
2005 10 0 0 0 0 0 0 0 0 0 0 0 
2006 10 0 0 0 0 0 0 0 0 0 0 0 
2007 10 0 0 0 0 0 0 0 0 0 0 0 
2008 10 0 0 0 0 0 0 0 0 0 0 0 
2009 10 0 0 0 0 0 0 0 0 0 0 0 
2010 10 0 0 0 0 0 0 0 0 0 0 0 
2011 10 0 0 0 0 0 0 0 0 0 0 0 
2012 10 0 0 0 0 0 0 0 0 0 0 0 
2013 10 0 0 0 0 0 0 0 0 0 0 0 
2014 10 0 0 0 0 0 0 0 0 0 0 0 
2015 10 0 0 0 0 0 0 0 0 0 0 0 
2016 10 0 0 0 0 0 0 0 0 0 0 0 
2017 10 0 0 0 0 0 0 0 0 0 0 0 
2018 10 0 0 0 0 0 0 0 0 0 0 0 
2019 10 0 0 0 0 0 0 0 0 0 0 0 
2020 10 0 0 0 0 0 0 0 0 0 0 0 
2021 10 0 0 0 0 0 0 0 0 0 0 0 
2022 10 0 0 0 0 0 0 0 0 0 0 0 
2023 10 0 0 0 0 0 0 0 0 0 0 0 
2024 10 0 0 0 0 0 0 0 0 0 0 0 
2025 10 0 0 0 0 0 0 0 0 0 0 0 
2026 10 0 0 0 0 0 0 0 0 0 0 0 
2027 10 0 0 0 0 0 0 0 0 0 0 0 
2028 10 0 0 0 0 0 0 0 0 0 0 0 
2029 10 0 0 0 0 0 0 0 0 0 0 0 
2030 10 0 0 0 0 0 0 0 0 0 0 0 
2031 10 0 0 0 0 0 0 0 0 0 0 0 
2032 10 0 0 0 0 0 0 0 0 0 0 0 
2033 10 0 0 0 0 0 0 0 0 0 0 0 
2034 10 0 0 0 0 0 0 0 0 0 0 0 
2035 10 0 0 0 0 0 0 0 0 0 0 0 
2036 10 0 0 0 0 0 0 0 0 0 0 0 
2037 10 0 0 0 0 0 0 0 0 0 0 0 
2038 10 0 0 0 0 0 0 0 0 0 0 0 
2039 10 0 0 0 0 0 0 0 0 0 0 0 
2040 10 0 0 0 0 0 0 0 0 0 0 0 
2041 10 0 0 0 0 0 0 0 0 0 0 0 
2042 10 0 0 0 0 0 0 0 0 0 0 0 
2043 10 0 0 0 0 0 0 0 0 0 0 0 
2044 10 0 0 0 0 0 0 0 0 0 0 0 
2045 10 0 0 0 0 0 0 0 0 0 0 0 
2046 10 0 0 0 0 0 0 0 0 0 0 0 

0 4 1 2 bottle_2 0.00855484 14 24 -103 264 -1 -103 264 4 -103 264 -26 -103 162 19 -103 264 -1 -103 282 4 -103 66 -26 -103 168 -6 -103 156 -1 -103 294 -6 -103 294 24 -103 354 14 -103 162 29 -103 132 
1 4 1 2 bottle_2 0.0401786 15 14 -3 156 9 2 18 9 2 24 14 -3 360 -11 2 66 -1 2 348 -16 -3 90 -21 2 294 -16 -3 78 -11 2 282 -6 2 360 -11 -3 78 -11 2 18 9 -8 24 -1 -3 228 
2 4 1 2 bottle_2 0.0756303 3 34 -73 228 39 -78 156 39 -78 66 
3 4 1 2 bottle_2 0.0740741 1 34 -88 294 
4 4 1 2 bottle_2 1 10 29 -98 330 29 -98 282 39 -98 360 34 -98 354 34 -103 18 34 -98 282 39 -98 162 34 -98 264 39 -98 168 29 -103 330 
5 4 1 2 bottle_2 1 9 39 -103 360 39 -103 264 -36 -98 360 39 -103 354 -31 -103 78 34 -103 228 39 -103 156 -36 -103 42 -36 -98 168 
6 4 1 2 bottle_2 1 4 -36 -98 126 34 -93 354 -31 -98 66 39 -93 168 
7 4 1 2 bottle_2 0.967742 25 -36 -98 66 -36 -98 42 -36 -93 168 -36 -93 360 29 -88 282 39 -88 42 34 -88 360 39 -88 294 29 -83 264 -36 -93 126 39 -83 360 39 -83 216 39 -83 330 39 -83 162 39 -83 264 39 -83 168 -36 -93 90 29 -78 282 34 -78 282 39 -78 42 -36 -93 78 34 -78 216 39 -78 282 39 -78 264 -36 -93 66 
8 4 1 2 bottle_2 0.375 1 29 -88 330 
9 4 1 2 bottle_2 0.642857 3 39 -103 90 39 -103 78 -31 -103 42 
10 4 1 2 bottle_2 0.974874 97 29 -98 348 34 -98 168 14 -103 18 34 -98 156 9 -103 42 29 -98 42 19 -98 294 29 -98 168 19 -98 282 29 -98 66 24 -93 354 -11 -98 24 -11 -98 156 -1 -98 348 14 -98 216 14 -98 66 14 -98 132 29 -93 132 14 -98 162 -11 -98 78 -11 -98 90 -21 -93 90 24 -88 18 -1 -98 330 19 -88 282 -11 -98 330 9 -98 78 29 -93 78 24 -93 24 29 -88 126 19 -93 216 -11 -93 66 -16 -93 264 -1 -93 90 -21 -93 264 -16 -93 18 4 -93 90 9 -93 90 -11 -93 42 14 -93 90 14 -93 132 -1 -93 264 -1 -93 354 24 -88 42 -21 -93 216 19 -93 78 -6 -93 282 4 -93 354 -6 -93 216 -11 -93 78 -11 -93 354 19 -93 126 24 -88 66 19 -93 90 -1 -93 228 -6 -93 228 24 -88 156 4 -93 294 -6 -93 360 -1 -93 294 19 -88 360 -1 -88 162 24 -88 90 -6 -88 228 4 -88 168 -6 -88 156 4 -88 132 -11 -88 156 14 -88 156 14 -88 168 -11 -88 282 -11 -88 132 14 -88 126 -16 -88 282 -11 -88 294 -16 -88 156 4 -88 90 14 -88 216 9 -88 90 -6 -88 90 9 -88 78 4 -88 66 -1 -88 348 -11 -88 348 -1 -88 360 -1 -88 42 -11 -88 360 14 -88 78 -6 -88 42 4 -88 360 4 -88 18 -11 -88 18 9 -88 42 9 -88 354 14 -88 42 19 -88 66 19 -88 42 
11 4 1 2 bottle_2 1 1 19 -78 126 
12 4 1 2 bottle_2 1 39 24 -83 126 19 -83 360 19 -83 228 14 -83 330 9 -83 354 4 -83 264 24 -83 90 24 -83 162 24 -88 228 24 -88 348 -1 -83 228 14 -98 18 24 -83 78 34 -98 90 24 -93 282 29 -88 168 24 -93 294 29 -93 162 24 -93 330 34 -98 78 4 -83 294 39 -98 78 -1 -83 216 34 -98 66 29 -93 24 29 -98 18 29 -88 42 14 -83 66 29 -98 24 -1 -83 294 4 -83 126 -11 -83 348 -31 -93 228 9 -83 90 -36 -93 282 -36 -98 228 -31 -93 354 -36 -98 354 4 -83 90 
13 4 0 
14 4 1 2 bottle_2 0.979839 81 -31 -98 354 -31 -98 348 -31 -98 216 -21 -98 78 -31 -103 18 -26 -93 264 -31 -98 282 -16 -98 90 -16 -93 216 -26 -103 90 -16 -98 66 -21 -93 348 -1 -93 78 -26 -103 24 -6 -98 24 -16 -98 126 -26 -103 126 -6 -98 78 -6 -98 42 -16 -98 294 -31 -103 348 19 -98 66 14 -98 348 19 -98 162 -21 -103 24 9 -93 282 9 -98 126 -16 -103 24 -11 -103 132 -11 -103 126 -11 -103 66 14 -98 354 -1 -98 78 -16 -98 162 -11 -98 216 -6 -98 162 19 -103 90 -1 -98 216 -21 -98 354 -26 -103 216 19 -103 126 9 -98 162 -31 -103 294 -11 -103 156 9 -103 348 -16 -103 168 -21 -103 330 9 -98 282 9 -98 132 -1 -103 126 -21 -103 228 4 -98 168 14 -103 168 -16 -103 330 -6 -103 348 14 -98 264 4 -103 354 -1 -103 228 9 -103 360 -21 -103 360 29 -103 216 4 -98 282 -1 -103 90 14 -103 294 4 -103 348 4 -103 216 14 -98 294 9 -103 132 -1 -103 18 19 -98 18 19 -103 360 9 -103 78 4 -103 168 24 -98 90 24 -103 216 29 -103 42 19 -103 354 24 -103 66 34 -103 90 24 -98 360 24 -98 168 
15 4 1 2 bottle_2 0.947368 15 24 -98 156 -16 -88 126 -31 -93 282 -26 -98 216 -21 -98 24 -21 -98 42 -21 -93 132 4 -23 216 9 -18 216 -21 -88 18 -21 -93 42 -26 -88 348 -1 -18 354 -6 -18 354 9 -23 18 
16 4 1 2 bottle_2 0.285714 1 39 -93 126 
17 4 1 2 bottle_2 1 1 14 -28 216 
18 4 1 2 bottle_2 1 10 39 -78 78 39 -88 132 39 -83 126 29 -78 18 29 -88 360 34 -88 156 34 -83 168 34 -83 78 34 -83 126 34 -83 90 
19 4 1 2 bottle_2 1 6 -11 -78 228 -1 -83 126 -1 -78 132 -1 -78 330 9 -23 348 9 -18 348 
20 4 1 2 bottle_2 1 2 -1 -23 330 -1 -18 216 
21 4 1 2 bottle_2 0.965035 138 -6 -3 42 -6 2 42 -6 -18 228 -31 -88 24 4 -33 132 -31 -93 18 -31 -88 360 4 -63 156 4 -13 18 -21 -83 90 -21 -18 282 -21 -83 162 4 -33 24 -36 -93 330 -16 -18 18 -26 -88 162 -31 -83 264 4 -8 18 -31 -83 228 -16 -78 168 -21 -83 66 -26 -88 24 -6 -68 168 9 -48 156 -1 -73 228 -26 -83 330 -6 -68 162 -16 -18 264 14 -53 132 -21 -83 132 -6 -78 66 -6 -23 228 -16 -78 228 4 -53 168 -1 -63 282 -21 -88 90 4 -73 354 -26 -83 228 -6 -78 18 -6 -73 264 4 -53 348 4 -73 264 -16 -83 90 -16 -83 168 -21 -83 294 4 -73 348 9 -63 156 -6 -28 360 -6 -73 162 14 -48 132 -1 -78 360 19 -48 132 -1 -73 156 4 -78 24 -16 -83 18 4 -78 162 9 -53 348 -1 -73 348 -1 -78 348 9 -43 162 4 -78 348 14 -53 162 9 -73 330 34 -73 78 -1 -28 348 -1 -73 216 24 -68 90 34 -78 168 19 -73 360 -1 -78 264 24 -78 42 14 -73 360 -6 -78 162 4 -78 330 34 -78 66 4 -78 66 9 -78 18 -11 -78 264 9 -48 126 -6 -28 156 -1 -38 156 4 -78 156 14 -18 216 14 -73 216 9 -78 216 -6 -48 156 -6 -43 162 4 -73 168 29 -63 126 19 -78 66 19 -73 126 24 -78 78 24 -78 360 24 -78 348 9 -78 294 14 -48 168 34 -83 66 19 -78 294 19 -78 42 -6 -38 162 9 -73 162 9 -78 168 9 -33 18 19 -78 228 -16 -28 294 19 -73 24 34 -88 66 14 -78 216 19 -78 168 29 -78 126 14 -78 228 -1 -13 348 -6 -33 282 9 -63 264 24 -83 24 24 -78 156 14 -28 126 19 -38 126 -11 -8 282 19 -28 126 14 -53 156 14 -48 156 19 -83 348 14 -63 156 -6 -33 162 14 -58 156 9 -28 216 -21 -23 264 -16 -23 294 9 -23 330 -6 -13 66 14 -23 18 9 -23 24 -1 -13 354 -11 -23 18 -6 -8 66 9 -18 18 9 -13 216 
22 4 1 2 bottle_2 1 10 -6 -83 42 -6 -83 78 -11 -83 42 -16 -83 264 -1 -83 78 -21 -83 330 -21 -83 360 -16 -83 216 -21 -83 228 -21 -83 354 
23 4 1 2 bottle_2 1 2 -16 -18 24 -1 -13 42 
24 4 1 2 bottle_2 0.109589 8 -1 82 42 -1 82 78 -1 82 90 19 17 66 -21 17 330 19 17 78 4 87 168 14 17 78 
25 4 1 2 bottle_2 0.0609137 4 39 52 156 39 52 66 34 52 156 34 52 348 
26 4 1 2 bottle_2 0.987805 135 4 27 90 -1 27 78 -1 27 66 9 27 168 -11 27 162 14 27 168 4 27 78 -6 27 42 9 27 348 -6 27 24 9 27 78 -16 27 264 14 27 162 9 27 162 4 27 18 -16 27 18 9 27 42 -1 27 18 9 27 216 19 22 42 19 27 156 -11 27 90 -11 27 354 -1 27 156 -11 27 264 -21 27 216 24 27 168 14 27 42 9 27 264 24 27 126 19 27 78 29 22 90 4 27 216 -16 27 162 -21 27 360 -1 27 360 -16 27 216 4 32 132 -1 32 132 24 22 78 -21 22 354 -21 22 42 -16 27 42 29 22 126 -1 27 264 4 32 216 -1 27 216 4 32 168 -16 32 264 -6 32 168 9 32 168 -21 32 216 -11 32 156 4 32 90 -16 22 354 14 22 348 34 22 90 19 27 360 9 22 282 24 22 156 -26 22 360 9 22 24 -11 32 294 -11 32 282 -6 22 18 -11 22 354 -11 22 24 24 27 66 -21 27 168 -1 32 66 19 22 360 19 27 330 19 32 162 34 22 78 19 32 156 -6 32 294 -16 22 90 24 22 348 -31 27 330 4 22 354 -11 22 330 -6 32 348 -26 22 294 24 22 330 4 32 282 9 22 348 19 22 282 -21 27 90 -31 22 354 14 22 264 24 32 162 14 32 348 -31 22 24 -16 22 78 19 32 228 19 22 156 19 22 132 -11 22 78 -21 22 294 -21 22 126 24 17 78 19 17 18 -21 22 90 24 17 18 24 17 66 29 17 126 19 17 330 4 22 162 -21 32 168 9 22 162 4 22 156 29 22 354 24 22 282 -26 22 168 -26 22 216 14 17 282 29 17 18 39 22 78 -6 22 78 19 32 18 29 17 24 -26 27 162 39 17 126 29 32 90 19 17 282 29 17 156 -31 22 216 34 17 66 14 22 168 14 17 330 19 32 348 19 32 354 29 12 132 -11 22 162 4 22 126 
27 4 1 2 bottle_2 0.59854 82 9 22 216 -26 27 66 -31 17 330 39 22 162 29 17 216 14 22 132 -16 17 66 14 17 18 29 22 294 14 17 360 -26 17 24 39 27 126 -1 22 264 14 37 360 -21 17 348 -11 17 78 14 17 66 -26 17 348 -21 22 264 34 32 162 -11 17 66 29 32 216 19 12 126 4 17 162 -1 17 156 9 17 132 -16 17 354 -6 17 90 -6 17 168 14 12 216 9 17 42 -21 17 360 4 17 330 19 17 168 -6 17 156 9 17 156 -11 22 216 -16 17 216 9 17 168 -26 17 354 19 17 132 14 17 168 14 37 18 19 17 264 24 12 156 9 17 330 29 12 90 29 27 294 39 22 66 34 12 78 34 32 66 29 37 132 34 27 24 24 7 156 39 27 66 39 12 78 34 47 66 39 47 156 34 32 228 39 27 18 39 32 228 34 47 24 39 22 282 39 27 228 39 27 216 39 22 24 34 37 90 34 12 42 24 37 282 39 37 90 39 12 18 29 37 18 39 37 132 39 37 18 39 47 360 34 42 90 34 42 354 39 42 360 39 42 126 34 42 156 39 47 228 39 47 348 
28 4 1 2 bottle_2 0.0789474 1 9 87 132 
29 4 1 2 bottle_2 0.756447 44 -6 82 132 -6 82 66 -16 82 348 -21 82 264 -11 82 42 -11 82 24 -21 82 294 -11 77 156 -16 77 216 -21 77 294 -11 72 66 9 72 162 -6 67 126 -6 67 132 -16 67 348 4 67 360 -1 67 294 -16 62 354 -6 62 90 -6 62 66 -1 62 162 -16 32 66 4 32 330 19 12 360 14 12 354 14 12 18 -11 17 90 14 12 24 -36 17 282 -31 17 264 -36 17 294 9 12 348 19 12 90 -36 17 330 9 12 354 -16 12 90 19 7 18 -21 12 66 -26 12 24 14 7 330 4 12 282 -21 12 126 24 7 168 14 7 348 
30 4 1 2 bottle_2 0.557522 21 39 57 156 34 52 90 29 62 126 29 67 126 39 57 66 39 57 90 34 57 90 29 57 90 34 47 90 19 62 18 29 52 126 34 62 24 34 67 126 34 47 360 29 52 132 34 37 126 34 57 360 34 62 18 34 62 66 24 57 354 39 62 66 
31 4 1 2 bottle_2 0.94686 980 39 52 360 39 57 78 24 57 360 19 67 18 39 67 132 34 67 66 34 62 360 19 57 24 34 62 348 34 42 66 34 47 228 39 57 360 29 72 18 34 52 282 24 62 354 24 52 282 34 77 132 29 52 348 29 52 354 29 67 24 29 52 66 39 52 282 24 57 216 34 77 156 24 72 18 34 77 126 19 57 360 34 57 162 29 42 360 39 52 162 39 62 78 39 47 42 29 67 66 29 42 348 39 82 132 29 77 18 39 22 360 39 37 42 24 37 18 39 47 78 29 82 132 39 47 264 24 67 228 34 62 282 29 47 132 34 52 42 34 62 216 39 57 42 34 67 282 19 52 348 34 57 228 39 42 216 24 57 66 34 57 294 24 72 24 34 72 348 34 72 66 34 67 162 19 67 354 29 47 294 39 72 162 39 72 66 34 67 42 39 67 282 29 52 162 34 37 42 34 67 228 24 57 42 34 47 330 29 32 282 24 67 66 34 72 228 24 52 132 29 72 360 24 57 90 29 72 162 24 57 132 19 52 354 29 37 330 29 77 24 39 77 24 34 77 360 24 82 360 19 77 354 34 42 78 19 42 18 34 82 90 34 72 78 29 37 156 34 62 330 39 82 90 19 57 330 34 82 162 39 27 330 29 77 348 29 82 90 39 32 330 29 72 66 19 77 282 19 57 264 19 52 294 29 37 294 24 72 216 34 37 78 19 77 348 39 77 66 34 82 282 39 82 282 39 62 330 29 67 264 24 82 354 39 77 360 34 77 66 24 77 348 24 42 348 39 37 294 39 67 216 24 77 264 34 72 42 19 47 24 29 77 354 39 77 78 29 77 78 24 42 228 24 42 294 34 72 294 29 77 66 39 82 354 29 82 162 39 22 264 29 72 294 34 22 348 19 52 264 19 37 360 24 32 24 29 82 348 24 37 216 39 82 228 19 42 282 19 87 18 24 77 330 34 82 228 39 57 168 24 32 354 39 72 264 19 87 360 19 67 330 24 82 66 39 77 294 24 87 18 34 82 264 19 77 330 34 82 78 19 42 228 24 87 66 29 62 168 24 42 132 29 52 168 24 42 264 39 12 216 29 82 216 14 57 360 19 37 264 39 87 132 24 52 78 19 37 294 24 87 282 24 87 348 39 12 162 34 17 294 24 87 24 29 77 168 9 37 354 34 77 330 14 42 216 34 17 264 39 87 66 14 47 282 29 32 42 19 42 360 39 82 168 14 52 294 14 62 330 19 82 264 9 37 24 24 42 216 19 52 228 14 82 294 29 87 18 19 87 294 24 67 78 14 42 18 34 17 330 34 12 282 14 52 264 29 32 78 39 12 42 29 37 66 14 52 354 39 87 78 24 37 168 14 87 348 24 92 66 29 87 162 19 47 42 19 92 360 14 42 360 34 87 360 19 42 42 19 87 264 24 32 78 -16 72 156 34 87 42 19 92 66 -16 62 126 24 92 24 14 92 66 24 42 66 4 92 78 14 92 348 -16 67 132 19 42 156 34 92 66 24 87 132 -16 72 132 29 92 282 39 92 360 39 92 354 -16 57 132 39 12 168 14 47 360 24 92 294 24 77 78 34 92 18 9 92 78 24 47 78 39 92 24 19 92 216 24 67 126 39 87 330 24 72 156 34 92 24 19 92 78 34 92 282 -16 67 78 -16 72 90 14 42 156 29 12 294 4 42 264 39 92 78 19 32 90 19 37 78 19 37 90 4 42 228 39 92 216 9 37 66 -16 82 90 -16 82 162 14 52 228 -6 92 90 24 42 126 19 57 66 19 92 264 14 92 294 24 77 162 -16 67 66 -16 67 162 19 97 126 4 92 42 -16 87 132 24 97 24 -11 87 90 -16 72 66 19 47 66 19 72 42 19 97 156 -16 87 66 24 97 360 24 97 18 39 92 330 14 67 228 -36 107 18 -16 87 162 29 12 264 -36 107 66 14 82 360 -6 92 126 -21 72 156 19 97 348 -21 82 132 -21 37 126 4 42 282 19 97 354 19 52 66 24 97 90 -36 107 24 -1 37 24 -1 37 348 39 97 360 -21 82 126 -21 92 156 39 97 90 19 97 90 29 97 66 14 42 162 -16 92 126 -21 62 90 -21 67 66 -31 107 354 34 97 348 -21 67 126 14 97 24 14 67 360 -1 97 156 -31 107 66 29 97 228 -16 92 360 -36 107 78 14 97 360 14 97 90 34 97 354 34 97 360 19 87 78 29 102 18 24 97 42 -21 57 66 -31 107 126 -31 107 162 19 97 216 14 97 66 29 97 90 9 97 162 -31 102 18 24 97 264 -21 87 132 4 37 330 34 97 282 -16 52 78 9 32 354 -36 107 330 -6 97 18 -21 92 18 39 102 360 -31 102 360 9 87 18 -16 92 66 -21 47 90 -16 77 168 -21 77 66 29 102 348 -21 82 66 -16 92 348 14 42 168 29 97 294 -21 92 126 -21 72 162 -36 102 126 -31 107 78 9 97 216 -21 67 78 -21 72 78 -31 102 126 -21 57 78 -31 102 66 -16 52 66 -21 77 42 4 97 354 34 97 42 34 102 348 9 57 264 -11 92 42 9 97 360 29 97 216 -21 52 66 24 102 24 -11 87 78 4 97 24 -1 97 132 34 102 90 -21 77 78 -26 107 66 -21 62 228 -21 32 132 -31 107 216 -11 82 132 -36 102 78 4 97 348 34 107 126 -11 87 66 -1 97 228 -31 102 294 -11 97 156 29 102 282 -31 102 162 -16 97 18 -26 92 156 -21 92 348 9 92 264 -6 97 132 39 102 348 24 102 282 19 87 90 19 102 18 29 107 126 24 102 66 -26 102 66 -31 102 90 -31 102 264 4 97 264 29 97 330 -1 97 348 -26 102 294 34 102 78 -21 92 90 9 87 282 29 102 78 -1 92 354 -11 57 78 4 97 78 -26 102 78 -26 62 156 -1 97 24 9 97 294 -21 67 216 14 32 66 -16 97 354 24 107 156 9 97 264 -16 97 24 -11 97 24 19 62 90 19 62 132 14 102 18 -26 97 162 -16 92 168 -21 92 228 -26 82 354 -26 62 348 -26 97 90 -21 97 24 4 37 282 -16 97 66 34 107 66 24 107 24 4 37 78 -26 42 132 -21 57 354 -1 97 216 -26 87 354 -26 77 126 -31 97 132 -26 42 126 -21 77 216 -21 92 216 4 97 168 -21 107 126 -26 37 126 -21 97 162 -26 97 78 -21 72 168 -26 52 90 14 102 90 -21 92 330 -26 87 348 4 102 126 -26 72 354 39 107 282 34 7 66 -26 62 126 14 102 354 4 102 24 -21 102 66 -26 92 162 -36 97 66 -21 52 24 -1 102 156 -1 102 282 14 72 360 -21 102 90 -26 92 90 9 67 282 34 102 330 -16 97 78 -1 102 18 24 107 354 39 107 348 -1 97 42 -31 97 348 9 102 24 -26 87 126 -6 102 126 -21 97 330 -21 92 294 19 107 66 -1 102 132 34 7 156 39 107 228 -26 77 360 -21 102 78 -6 102 18 -16 102 156 -16 97 330 19 102 42 -26 57 18 -1 102 360 14 67 24 -26 42 156 -1 97 168 -26 57 162 -16 87 24 -36 97 18 -21 102 162 9 87 348 29 107 228 -1 97 330 -26 97 264 9 102 90 -1 102 228 4 92 282 -26 52 66 -21 102 264 19 42 132 -26 47 162 -26 97 330 29 107 282 -36 97 294 39 107 42 -26 82 228 4 102 348 19 107 360 4 102 228 9 102 354 -26 92 66 -21 107 90 19 107 282 -11 87 156 -26 62 162 -26 92 228 9 102 360 19 107 354 -16 107 156 29 107 42 -16 92 330 34 107 42 29 107 294 -26 32 126 4 107 282 9 102 162 -21 107 78 -26 92 78 -1 107 156 -26 72 42 -16 102 360 -26 77 66 -26 87 294 -11 57 66 14 37 162 -21 67 228 4 102 78 -26 57 78 -16 97 42 -36 97 216 9 57 354 14 107 66 -21 97 168 24 107 330 -21 107 264 -31 92 282 19 107 162 -26 37 66 29 107 216 -16 107 282 -26 87 264 -11 102 24 -16 107 354 -26 77 78 14 102 330 -16 102 228 14 107 90 4 102 66 -6 107 126 29 107 330 -21 107 42 -21 32 78 -21 102 42 -11 102 66 -26 87 78 -16 107 360 -31 52 24 -6 107 132 -1 107 348 -16 102 78 9 62 348 -26 82 282 -26 92 42 -11 102 354 4 102 264 4 107 360 29 12 24 9 42 354 -36 97 42 -31 92 90 -11 52 126 14 107 162 9 107 90 19 67 162 19 107 264 14 107 294 -31 67 348 -6 107 18 14 87 66 29 12 228 -6 32 354 4 107 162 -11 67 156 -26 82 42 -16 107 294 4 107 294 -26 62 330 -11 107 126 -31 82 348 9 107 78 -11 102 264 -26 92 168 -31 47 132 -31 57 24 -16 107 228 -26 77 168 9 87 360 -11 62 78 -16 102 216 -31 72 282 -31 77 354 9 82 294 4 107 78 14 32 90 9 52 330 14 107 264 -31 77 282 -1 32 348 -26 77 264 -31 57 162 -31 62 66 -26 42 42 -16 107 264 -31 42 132 4 107 216 19 87 126 -36 92 90 -31 47 156 19 107 168 -31 47 354 -26 82 294 -31 87 24 -11 107 66 -31 87 126 -31 72 18 -31 37 162 -1 102 168 -31 37 156 -11 107 78 -31 72 162 -36 92 18 -31 37 24 -1 107 42 -31 32 282 -31 67 162 14 32 78 -6 107 294 -31 32 156 -31 32 132 34 12 156 -31 72 90 -31 37 90 -11 77 90 -21 82 228 14 47 42 -36 17 90 -31 82 264 -31 67 42 -31 57 78 -36 52 24 -11 107 294 -31 62 78 -31 87 264 -36 52 282 -26 32 42 -11 107 330 24 7 348 -36 57 156 -21 72 228 14 37 126 -36 57 354 -6 107 216 -36 52 348 -31 47 78 -6 42 348 -31 82 78 -31 72 78 -31 27 78 -31 37 66 9 67 330 -36 32 282 -16 57 24 -36 47 348 -31 87 78 -1 107 168 -36 22 360 -36 52 156 -36 72 126 14 57 66 -36 57 162 19 67 126 -36 77 360 -26 52 216 -31 72 330 -36 57 132 -36 52 360 -31 82 330 -36 17 168 -11 107 168 -36 62 354 14 82 216 -36 47 360 29 12 216 -36 27 228 -36 27 162 -31 72 264 -36 77 90 9 77 282 -36 77 24 -31 52 168 -31 37 228 -31 82 168 -36 27 90 -36 17 24 -31 67 168 -36 77 162 -16 42 132 -36 22 132 -31 72 168 -36 27 126 -36 57 90 -26 32 18 -36 67 66 -16 32 282 -36 62 360 -36 32 294 -31 77 168 -36 82 24 -36 62 90 -36 47 90 9 47 216 9 47 348 -36 52 90 -36 72 228 -36 62 42 -36 77 66 -21 62 264 -36 67 18 -36 42 126 -6 62 126 -11 52 78 -36 62 264 -36 37 126 -36 77 78 -36 67 216 -36 82 78 -36 87 78 -26 52 330 -36 22 66 -36 67 228 -36 37 156 -1 32 24 9 42 18 4 42 90 -36 42 66 -36 37 90 -26 52 282 -36 47 216 -36 72 78 -36 32 168 -36 47 168 -36 87 42 -26 52 294 -36 82 330 -36 17 360 -36 42 168 -16 52 168 -36 42 216 9 62 18 -1 37 282 14 42 78 4 42 348 -36 27 42 -6 32 18 -36 42 78 -16 32 294 -1 92 294 -31 47 264 4 42 156 19 47 90 -36 17 354 -36 37 330 24 12 330 -11 82 66 -6 87 126 4 32 24 -16 47 156 9 82 354 29 12 42 14 87 90 -1 37 228 19 82 156 19 82 168 19 72 126 -6 87 66 -11 87 168 9 67 228 -21 37 42 4 32 42 -6 57 132 14 47 66 -1 37 156 9 62 24 9 37 162 24 7 354 -11 87 18 9 67 354 9 52 354 4 87 294 14 77 42 4 47 264 -21 32 360 14 42 90 29 7 66 -21 32 282 19 12 294 4 37 156 9 42 132 -21 37 348 -1 42 360 -16 62 360 4 42 360 -21 37 360 9 92 162 14 62 156 9 87 66 4 37 132 -26 42 354 4 42 78 -21 87 264 -11 32 18 -6 37 66 9 52 360 -6 32 66 -11 92 294 -16 37 24 -16 62 24 -1 92 162 4 57 294 -11 52 156 14 72 42 4 37 126 -1 37 162 19 77 90 -1 37 126 -21 47 360 24 7 360 4 92 216 14 62 90 -6 62 168 -16 82 18 -11 42 354 14 87 126 -21 72 348 -16 42 66 -26 42 348 -11 37 132 -11 42 216 14 52 66 -21 42 24 -21 37 330 4 52 282 14 67 156 -6 32 90 4 67 294 -11 67 66 -16 62 348 -6 57 66 -16 62 18 -1 42 126 -1 87 78 9 57 216 -16 42 282 14 57 90 -1 92 168 -11 92 282 -21 67 330 -11 32 24 -6 92 282 4 92 162 9 87 90 14 87 168 14 52 168 -1 37 168 -1 42 66 9 77 18 4 67 264 -6 87 18 -11 77 66 -21 47 348 14 82 78 14 57 168 -21 47 216 4 72 282 -11 87 360 -16 47 168 -11 37 156 9 72 18 4 87 78 -6 37 156 -16 62 330 -26 42 264 -11 37 162 -11 42 156 -21 52 282 -21 37 216 9 87 126 9 47 42 14 47 132 -21 37 264 -11 42 162 -11 47 156 -21 52 264 -16 42 42 4 72 264 -1 62 282 -1 57 132 4 77 294 -16 52 228 -1 87 282 -21 42 282 9 82 216 4 57 360 -21 42 330 -11 57 360 9 62 162 -11 42 66 9 52 42 -16 47 18 -1 57 78 4 77 264 -1 47 330 9 57 78 4 82 360 9 62 156 -11 42 168 -6 47 90 -6 42 66 -1 62 330 4 67 216 -1 47 90 -16 42 360 -16 42 18 -21 47 264 -1 47 78 -16 37 228 4 47 78 -1 47 126 -1 52 264 -1 62 360 -16 47 354 -6 62 282 4 47 66 -1 52 132 4 52 354 -1 57 282 4 52 360 -11 52 216 
32 4 1 2 bottle_2 0.545455 1 -26 -83 168 
33 4 1 2 bottle_2 0.953271 17 -26 -83 90 -26 -83 162 -31 -83 24 -16 2 66 -21 -23 66 -16 -13 66 -26 2 294 -21 -18 66 -36 -68 264 -16 -33 162 -16 -28 162 -26 -8 294 -21 7 78 -21 -8 66 -26 -13 24 -21 -13 168 -16 2 156 
34 4 0 
35 4 1 2 bottle_2 1 44 -36 -88 228 -11 -23 348 -21 -8 78 -16 -13 360 -1 -33 126 -16 -8 162 -11 -18 360 -16 -3 354 -11 -13 348 4 -3 126 -6 -28 42 -21 -68 360 -16 -68 348 -21 -8 282 -16 -18 162 -31 -88 132 -21 -73 360 -16 -68 228 4 -28 126 -21 2 282 -31 -88 66 -16 -8 354 -31 -88 126 -6 -3 330 -6 -33 132 -6 2 162 -1 -8 156 -21 -13 282 -11 -8 360 -31 -78 42 24 -3 90 -31 -88 90 -6 -3 162 -6 -48 132 -36 2 228 -36 -13 330 24 -8 90 -11 -73 216 -31 -83 78 24 -13 90 -6 -3 216 -26 -8 90 -16 -48 216 14 -3 216 
36 4 1 2 bottle_2 0.86747 120 -26 -73 330 14 -8 162 19 -63 294 -16 -58 348 -11 -63 360 29 -73 168 19 -8 126 -31 -73 360 -11 -58 228 -6 -58 330 -6 -58 216 -21 -73 24 -26 -63 18 -21 -63 18 -11 -28 18 -31 -73 264 -31 -68 18 14 -8 354 -16 -8 216 -1 -8 168 14 -8 132 -1 -33 354 -26 -73 42 -6 -33 360 -26 -58 24 -11 -28 24 19 -3 348 -26 -23 282 -26 -28 264 24 -58 264 14 -13 126 14 -3 348 14 -33 348 -6 -8 168 9 -28 354 19 -33 216 -21 -8 228 -26 -8 216 19 -8 354 29 -13 90 -11 -33 66 -36 -73 216 34 -63 156 9 -3 216 4 -33 228 4 -13 168 -16 -8 78 -36 -68 66 -36 -73 90 4 -3 216 -31 -78 162 -31 -73 78 -11 2 348 -31 -73 66 14 -3 294 14 -8 24 -16 -33 282 9 -33 354 -36 -63 42 -31 -68 66 14 -13 228 -31 -73 90 -36 -63 162 4 -3 228 39 -68 360 19 -8 360 -1 17 168 -36 -78 78 -1 -28 18 34 -48 78 -36 -78 360 -36 -63 156 24 -38 330 -1 -3 66 -31 -78 90 -36 -83 66 -11 -3 348 39 -63 18 -36 -83 156 -31 -73 42 -36 -83 162 -36 -58 78 19 -3 360 -21 -3 264 14 -8 294 -6 12 162 -36 -83 42 34 -63 354 -1 -8 360 -1 -8 216 -36 -83 168 -6 -13 156 39 -63 264 39 -63 354 39 -58 354 -36 -58 156 29 -58 264 19 -13 348 -36 -58 126 19 -13 216 -26 2 282 -36 -48 132 -16 -13 78 -6 12 156 34 -53 264 -11 17 330 14 -18 126 4 -8 354 34 -53 330 -6 -8 18 39 -53 360 9 -8 348 19 -3 282 -16 2 264 -1 17 330 39 -53 18 39 -53 282 34 -53 228 39 -48 66 -6 -3 78 
37 4 1 2 bottle_2 0.979839 324 39 -48 24 39 -48 90 -36 -38 132 -36 -38 216 -36 -38 66 -21 -33 42 -36 -43 360 -36 -43 216 -36 -33 162 -36 -38 24 -36 -33 66 39 -43 42 39 -43 66 19 -8 294 -6 -13 162 -11 -3 330 29 -13 78 -21 -28 90 29 2 90 9 -8 330 -36 -23 24 -31 -23 162 39 -38 90 -31 -33 90 -26 -28 42 -6 -23 24 39 -38 282 -36 -23 330 -36 -38 354 39 -38 156 -36 -33 354 -36 -8 24 39 -38 264 -6 -13 78 39 -38 228 -36 -28 216 -31 -33 66 39 -33 24 -6 -8 78 -36 -23 228 -16 17 330 -36 -23 66 -6 17 282 -36 -33 348 39 -33 156 -36 -23 18 -31 -28 294 -31 -28 78 -31 -23 294 24 -8 228 14 -8 282 29 -33 294 39 -38 78 -36 -8 354 -1 12 354 -31 -23 90 -31 -13 228 -31 -23 78 34 -3 78 34 2 90 -36 -8 18 39 -33 162 -36 -23 282 -36 -18 90 39 -28 66 34 -38 348 39 -33 90 -36 -8 360 34 -38 330 34 -28 24 34 -3 162 -36 -13 162 -36 -18 162 -31 -3 156 -36 -23 216 -36 -13 132 -31 -13 168 -36 -23 168 -36 -23 126 39 7 24 -31 -23 66 -36 -18 42 39 -23 18 34 -13 24 24 -13 156 -31 -18 132 34 -23 24 -31 -28 42 34 7 354 24 -13 282 19 -8 330 34 7 228 -36 -8 348 -36 -3 66 34 -18 18 39 -28 294 -26 -13 330 39 -23 132 34 -28 294 -26 -3 132 -36 -3 42 34 -33 330 -31 -8 90 34 7 330 39 -23 42 -36 -3 162 39 -33 330 -1 12 360 -36 2 90 -36 2 360 34 -23 66 39 -28 162 -31 -8 126 -1 17 90 39 -13 66 -6 17 264 39 -18 90 39 7 330 39 -13 42 -31 -3 90 19 -18 282 34 -13 354 34 -18 360 34 -18 282 -26 -3 264 39 -8 78 -31 -3 132 34 7 264 34 -3 360 -31 2 66 34 7 348 39 -3 228 39 7 168 34 7 42 29 -13 264 39 -18 282 39 -3 156 -11 17 282 34 7 294 39 -3 132 -31 -18 42 39 -28 330 -36 2 66 39 2 348 34 -18 90 -26 -18 90 39 -8 66 -21 -3 42 29 -18 294 34 -8 348 -36 2 162 39 2 264 29 7 294 -11 12 162 39 -3 90 39 2 132 39 -18 354 34 -8 294 -36 2 126 39 -18 348 34 -18 42 39 -13 348 34 2 42 39 -3 354 39 -13 264 34 -8 216 34 -8 156 39 -8 162 4 -13 282 4 -3 66 34 2 330 24 -3 354 24 -13 162 39 2 90 39 -8 348 9 -13 294 39 -8 360 34 -8 42 -16 -18 330 9 -3 90 -31 -18 354 24 -13 78 9 2 66 39 -8 168 -26 -13 78 24 -13 168 -36 7 156 -16 -33 42 -6 17 78 -31 -33 294 39 -13 330 39 -13 168 -21 -28 66 4 12 348 34 -3 330 -31 7 132 -31 7 126 -11 12 330 -31 12 162 -36 7 126 14 -13 282 -36 7 42 19 7 90 -31 -18 360 -31 2 264 -1 2 294 34 -18 132 -36 12 90 -21 -33 78 4 -8 90 9 -8 282 29 -13 216 9 -13 66 29 -18 66 29 -18 18 29 2 78 -31 12 90 -11 -13 216 -11 17 264 29 -18 78 9 2 282 14 -8 78 -31 12 126 29 -8 18 24 -8 354 -36 12 24 -31 -13 216 39 -3 126 -31 -13 354 -1 -3 294 9 -13 90 19 -3 90 29 -13 348 24 -13 294 9 -3 66 24 -13 360 29 2 66 29 -3 66 -16 17 282 -11 12 360 -31 -13 360 -31 -18 24 -31 -8 282 9 12 90 4 -8 66 24 -18 18 19 -8 78 -1 -3 78 4 12 354 29 -3 24 -36 12 360 19 2 66 -11 -18 168 -21 -33 66 14 12 90 -21 -8 126 -1 12 294 -1 7 126 -31 2 24 -31 -13 24 -1 17 216 -26 -18 156 -16 -3 330 4 12 90 -1 12 330 19 -3 66 9 12 66 -21 -3 126 19 -8 66 4 12 78 14 12 78 -1 -8 78 -1 12 24 -16 17 264 24 -3 78 4 -3 78 -11 12 24 -16 12 348 19 -8 24 -26 12 90 24 7 78 -26 -18 354 -26 -18 162 -31 2 360 19 -13 24 -26 -3 156 -6 2 126 -21 -3 132 24 -13 18 -11 12 354 -31 7 18 4 12 18 -11 7 132 -1 12 126 29 -3 42 29 -8 42 -26 2 162 -31 -13 264 -16 -13 348 24 2 18 -6 -3 90 -16 12 360 -36 12 294 -26 -13 168 -6 12 66 -36 12 330 -26 -3 360 -26 -8 168 -6 -3 126 -6 -13 126 -16 -18 126 -6 12 42 -6 -13 90 -31 -13 294 -21 12 354 24 2 42 24 -13 42 -16 -13 126 -11 12 126 -21 -13 360 -16 2 132 -16 12 42 -21 12 330 -21 -18 168 
38 4 1 2 bottle_2 0.983338 541 19 -38 90 -16 -28 168 19 -28 90 -11 -28 228 -1 -18 24 -16 7 282 -16 -23 168 -31 -23 264 -16 -53 162 9 -28 294 -11 -28 360 -16 -13 282 -16 -18 66 -11 -53 156 -16 -68 156 -21 -13 294 -16 -73 162 4 -53 126 -11 -18 42 -1 -68 132 9 2 294 -6 -28 348 -16 -68 168 -6 -68 330 -21 -43 24 9 -13 360 -6 -63 132 -21 12 282 -6 7 348 -16 -43 66 -1 -63 126 14 -18 282 -21 7 348 -16 -58 168 -16 -63 156 -6 -58 168 4 -58 156 -16 -38 78 -21 -18 294 -11 -73 156 -6 -18 264 -1 7 330 -11 -38 354 -11 -58 42 -1 -58 168 29 -33 42 -1 -73 126 -6 -58 78 -1 -58 66 24 -38 66 19 -58 90 -6 -63 78 9 7 126 -11 -58 294 -26 -48 282 -6 -53 168 14 -33 90 -11 -43 162 -1 -58 24 -11 -43 354 4 -58 162 9 -13 354 -1 -58 18 -21 -53 24 24 -43 66 -21 -23 360 -6 -38 24 -21 -53 330 -6 7 24 -31 -13 282 -1 -58 78 -6 -58 90 -6 -58 42 29 -43 42 -11 -38 228 -11 -18 66 19 -43 78 -21 -43 354 -1 -48 168 -11 -53 354 29 -28 24 -11 -73 348 -21 -78 360 29 -23 66 -11 7 330 -21 -43 348 14 -28 90 -11 -48 354 24 -18 42 -11 -53 90 -6 -73 24 -6 -38 348 -31 -18 66 14 -68 90 -6 -68 216 29 -28 66 4 -18 162 4 -68 228 -26 -83 42 -16 -48 330 -11 -48 330 -6 12 216 -6 -33 354 9 7 294 -11 -78 126 -11 -43 264 -21 -78 354 -26 -53 264 -6 -48 354 -6 -63 66 -6 -53 78 4 -63 360 -6 -53 126 -6 -73 66 24 -18 162 -16 -53 228 -1 -48 66 9 -68 294 4 -23 168 29 -23 18 -31 -53 294 -1 -48 216 -6 -63 294 -21 -73 294 -11 -53 216 -11 -43 66 -26 7 354 -11 -73 78 4 -68 354 -16 -43 330 -11 -73 90 -16 -78 78 -16 -68 294 9 -28 162 34 -38 42 -16 -78 132 -1 -73 66 -21 -68 354 -36 -78 294 24 -28 18 4 -58 18 34 -48 42 9 -73 90 24 -38 42 -26 -38 216 4 2 360 -6 -38 126 -26 -78 18 19 -63 90 -6 -43 90 -6 -48 282 -6 -53 24 -1 -43 66 -11 -18 330 4 7 78 -6 -38 360 -26 -63 294 -21 -48 78 -11 -33 330 -6 -43 66 34 -33 24 -16 -53 282 -1 -18 162 34 -38 162 4 -58 228 -1 -63 264 4 -58 360 24 -58 66 -6 -43 126 -26 -28 216 -21 2 42 34 -28 132 -21 -38 330 -11 -23 132 19 -38 216 34 -43 168 29 -48 24 -11 -28 132 -21 -63 330 9 -23 78 19 -38 282 -16 -68 66 4 -63 66 14 -28 348 39 -38 126 -26 -48 348 34 -38 24 -26 -78 66 -11 -53 132 -31 -43 294 -11 -33 132 14 -58 24 4 -43 264 24 -43 42 34 -28 66 -21 -33 354 4 -53 216 24 -33 18 -6 -68 42 -26 -68 294 4 -63 24 -21 -38 216 9 -28 78 -21 7 66 -16 -63 90 29 -3 90 -16 -43 348 24 -68 78 9 -63 348 -1 -43 228 -6 12 168 4 -18 156 29 -73 42 -11 -73 18 29 -23 264 -11 -48 66 -1 -48 18 -11 -43 132 -11 -58 24 4 2 162 -21 -68 282 9 -58 216 29 -38 66 -21 -48 294 -11 -53 66 14 -18 294 29 -53 24 29 -33 156 -6 -43 216 14 -63 18 -16 -58 282 -1 -68 78 -36 7 228 14 -23 78 34 -48 18 -6 -38 66 -1 7 168 29 -43 264 29 -28 354 29 -43 18 4 -63 18 4 7 168 -1 -63 360 4 -3 156 24 -63 66 -11 -43 24 -6 -58 66 4 -43 42 24 2 330 4 -53 264 4 -63 348 -31 -18 78 4 -33 330 24 2 360 4 -53 360 4 -43 330 29 -68 24 39 -28 78 -21 -38 66 -16 -68 24 34 -43 360 -11 -23 216 24 -68 264 -11 -58 78 24 -38 18 -1 -53 282 29 -68 66 34 -68 24 -6 7 90 -31 -48 282 -16 -48 348 -26 7 90 -26 -48 354 14 -38 78 29 -48 282 4 7 162 24 -33 282 29 -43 282 34 -38 126 34 -48 168 24 -48 354 24 -43 18 14 -58 18 -1 -48 330 9 -43 354 19 -43 282 14 -23 66 -6 -73 42 29 -38 360 9 7 228 4 -48 66 24 -53 42 24 -53 24 14 -53 18 -11 -43 216 -21 -43 42 29 -38 354 -36 -58 66 34 -43 156 34 -58 66 29 -48 354 24 -63 264 -31 -28 330 -1 12 162 34 -48 66 -36 2 348 34 -38 66 -21 -63 228 24 -38 216 29 -53 264 39 -48 132 29 -43 348 -36 -58 228 4 -38 216 -21 -53 42 29 -53 78 9 -38 18 34 -43 66 -16 -48 90 -11 -68 228 39 -53 162 -26 -78 228 29 -73 18 39 -58 66 9 -18 282 24 -48 24 -11 -73 228 -31 -43 282 29 -43 330 29 -73 66 -16 -68 18 -11 -38 90 -21 -68 24 4 -58 330 39 -43 90 -31 -58 228 9 -43 348 34 -53 348 39 -63 42 -11 -53 78 -16 -53 354 29 -28 78 24 -63 42 24 -58 90 14 -38 360 14 2 264 34 -43 132 29 -58 360 39 -53 90 19 -68 264 9 -63 360 19 -48 294 24 -63 354 39 -58 90 29 -43 156 29 -43 228 19 -38 66 29 -58 78 9 -23 66 34 -58 354 -21 -78 78 -6 -18 168 39 -63 348 19 -68 282 39 -68 330 14 -38 66 19 -43 66 24 -68 354 24 -53 348 -16 -68 330 39 -73 156 24 -63 24 9 -58 24 -1 -53 294 -31 -63 330 -16 12 294 -6 -63 360 9 -58 294 9 -58 330 39 -73 294 -11 -73 264 -31 -63 348 -36 -68 228 34 -73 168 -16 -73 216 -1 7 78 14 -73 282 -1 -73 24 34 -63 360 4 -53 78 34 -63 216 -26 -43 360 34 -43 126 34 -23 162 34 -73 360 -1 -38 162 24 2 354 24 -33 90 -1 -43 264 -31 -48 264 34 -68 216 -31 -43 216 39 -68 126 -16 -33 126 34 -73 330 19 -58 360 24 -53 216 -21 -48 126 19 -58 228 -16 -48 132 24 -68 216 -6 -68 228 -6 -33 90 -6 -68 360 34 -63 162 4 -63 330 24 -38 168 9 -28 66 -31 -63 282 24 -68 348 39 -73 282 34 -63 90 29 -68 360 -6 -38 78 9 -73 78 29 -73 282 34 -73 162 -16 -48 294 9 -43 228 14 -43 66 19 -53 282 29 -48 168 39 -73 66 -31 -53 90 34 -53 156 -31 -43 90 14 -33 156 -26 -43 18 29 -18 168 -1 -68 348 -21 -33 156 19 -38 228 29 -53 168 -26 -63 348 19 -58 162 9 -43 282 19 2 294 34 -3 90 9 -58 282 14 -63 42 -1 -68 90 -21 -43 90 19 -63 354 -1 -28 162 29 -33 132 14 -68 330 29 -53 162 14 -18 264 -21 -58 42 -26 -43 168 34 -53 90 19 -58 354 -21 -23 156 -31 -58 90 14 -48 66 34 -18 168 -21 -68 78 -31 2 42 14 -53 66 14 -63 216 29 2 216 -26 -43 24 -11 -53 282 14 -43 354 29 -53 156 4 -63 294 9 -48 66 9 -53 66 -36 -33 228 34 -53 126 14 7 156 -26 -53 24 -6 -23 90 14 -58 126 24 2 348 -6 2 90 14 -43 216 14 -68 216 24 -33 156 4 -33 156 19 -58 330 29 -23 216 24 2 294 14 -23 264 -16 -68 216 -31 -63 354 -31 -38 216 24 -53 126 -26 -63 168 29 -28 216 14 -38 18 -36 -53 18 14 -68 348 24 -58 162 -31 -58 126 34 -33 78 14 -13 330 19 -23 294 19 -58 18 14 -58 228 -21 -28 330 -1 -63 294 -21 -58 90 24 -33 348 -26 -53 168 -1 -68 294 19 2 132 -21 -73 126 -36 -43 18 9 -48 294 -21 7 228 29 -28 126 19 -53 330 24 -63 162 14 -53 282 4 -38 66 24 -48 162 19 -33 42 -31 -53 78 24 -73 168 14 -53 228 -36 -43 330 24 2 228 19 -3 168 -26 -68 126 -6 -33 294 19 -38 42 19 -53 216 14 -38 24 9 -53 132 24 -58 156 
39 4 1 2 bottle_2 0.968354 102 -31 -53 360 -31 -63 78 -26 -63 126 -31 -33 42 19 -68 18 -31 -53 66 19 -48 18 -36 -58 330 -26 -53 66 -31 -58 360 19 -53 42 -31 -58 42 19 -43 42 -36 -63 216 19 -43 162 14 -63 264 -36 -53 216 14 -38 42 34 -43 90 29 -3 132 -26 7 66 19 -43 156 -31 -58 66 -21 -23 132 -31 -53 18 24 -33 132 -36 -63 348 4 2 66 -6 7 294 -26 -68 132 -36 -38 264 4 -33 42 4 -33 66 14 -23 126 19 -63 42 -31 -33 348 24 -53 156 14 -28 168 -36 -28 264 -6 -33 78 19 -48 24 -26 -43 78 -16 -28 90 14 -28 132 -31 7 354 -31 -33 354 -31 -38 42 19 -38 18 -26 -53 126 24 -28 126 -26 -48 126 -31 -48 156 9 -33 42 -31 -48 24 19 2 18 14 -18 330 -31 -68 156 -31 -58 156 -26 -38 132 14 -38 162 -6 12 282 14 7 162 24 -38 126 -26 -23 132 -11 7 90 -26 -48 162 -1 -33 282 19 -28 348 -26 -48 156 -31 -43 162 19 2 348 -31 -58 162 -31 -28 360 -6 2 294 14 2 168 -26 -28 162 -26 -43 156 19 -23 348 9 -38 264 -26 -38 156 -16 -23 90 -31 -48 168 -1 -18 282 -11 -28 90 -26 2 330 -6 -18 78 -11 -18 90 19 2 228 -31 -28 24 19 2 156 19 -3 156 -11 7 294 19 -23 228 -6 -23 78 4 2 348 -11 -23 90 -1 -23 66 9 2 42 19 -28 360 9 -18 264 4 -18 42 9 2 330 
40 4 1 2 bottle_2 0.0816327 4 -6 77 66 -6 82 168 -1 82 132 -11 82 330 
41 4 1 2 bottle_2 0.117647 2 -6 62 228 -6 62 348 
42 4 1 2 bottle_2 0.923077 10 9 72 42 -1 57 330 4 77 354 9 57 156 4 77 360 9 77 90 4 52 42 9 77 126 -1 57 24 4 72 66 
43 4 1 2 bottle_2 0.986737 62 9 72 78 9 72 132 -1 67 354 -1 82 216 4 67 78 -1 62 24 -1 67 360 -1 77 348 -6 82 282 -1 72 216 9 82 126 -6 77 294 -1 52 360 -6 67 282 4 72 156 4 67 126 -1 72 282 -1 52 24 -6 82 294 9 82 168 -1 72 348 9 52 126 -1 72 330 -1 77 162 -1 47 162 4 52 66 4 62 90 -6 47 42 -11 42 24 -16 47 264 -11 82 264 -1 82 168 -11 72 264 -1 57 216 -11 67 294 -1 72 156 -1 47 42 -6 52 330 -6 57 264 -1 82 156 -11 52 354 -16 47 330 -11 52 348 -11 67 264 4 52 132 -11 52 18 -6 52 24 -11 52 294 -11 77 228 -11 77 354 -6 52 18 -11 47 282 -6 47 18 -1 67 90 -1 52 156 -1 72 126 -6 57 18 -11 67 360 4 57 126 -16 77 264 -16 72 264 -6 67 78 
44 4 1 2 bottle_2 0.285714 1 -21 -3 162 
45 4 1 2 bottle_2 0.0229885 1 -31 -88 162 
46 4 1 2 bottle_2 0.0150094 8 -6 82 228 -11 77 348 -1 77 42 -6 77 24 -11 77 330 -6 77 360 -6 72 24 -1 72 66 
