10 54 4
0 0 -1 268 2 12 -1 -1 -1 -1 -1 2 3104 
1 1 0 0 0 0 0 0 0 0 0 0 0 
2 1 -1 156 2 35 -1 -1 -1 -1 -1 1 460 
3 2 0 0 0 0 0 0 0 0 0 0 0 
4 2 0 0 0 0 0 0 0 0 0 0 0 
5 2 -1 247 2 23 -1 -1 -1 -1 -1 2 1393 
6 2 -1 290 2 24 -1 -1 -1 -1 -1 3 160 
7 3 0 0 0 0 0 0 0 0 0 0 0 
8 3 0 0 0 0 0 0 0 0 0 0 0 
9 3 0 0 0 0 0 0 0 0 0 0 0 
10 3 0 0 0 0 0 0 0 0 0 0 0 
11 3 -1 254 4 27 -1 -1 -1 -1 -1 0 4533 
12 3 -1 49 4 13 -1 -1 -1 -1 -1 3 2979 
13 3 43 0 0 0 0 0 0 0 0 0 0 
14 3 -1 10 4 17 -1 -1 -1 -1 -1 3 420 
15 4 0 0 0 0 0 0 0 0 0 0 0 
16 4 0 0 0 0 0 0 0 0 0 0 0 
17 4 0 0 0 0 0 0 0 0 0 0 0 
18 4 0 0 0 0 0 0 0 0 0 0 0 
19 4 0 0 0 0 0 0 0 0 0 0 0 
20 4 0 0 0 0 0 0 0 0 0 0 0 
21 4 0 0 0 0 0 0 0 0 0 0 0 
22 4 0 0 0 0 0 0 0 0 0 0 0 
23 4 -1 220 2 15 -1 -1 -1 -1 -1 2 4271 
24 4 -1 337 2 11 -1 -1 -1 -1 -1 3 213 
25 4 -1 316 4 26 -1 -1 -1 -1 -1 1 7815 
26 4 42 0 0 0 0 0 0 0 0 0 0 
27 4 0 0 0 0 0 0 0 0 0 0 0 
28 4 0 0 0 0 0 0 0 0 0 0 0 
29 4 -1 190 3 35 -1 -1 -1 -1 -1 1 -10 
30 4 53 0 0 0 0 0 0 0 0 0 0 
31 5 0 0 0 0 0 0 0 0 0 0 0 
32 5 0 0 0 0 0 0 0 0 0 0 0 
33 5 0 0 0 0 0 0 0 0 0 0 0 
34 5 0 0 0 0 0 0 0 0 0 0 0 
35 5 0 0 0 0 0 0 0 0 0 0 0 
36 5 0 0 0 0 0 0 0 0 0 0 0 
37 5 0 0 0 0 0 0 0 0 0 0 0 
38 5 0 0 0 0 0 0 0 0 0 0 0 
39 5 0 0 0 0 0 0 0 0 0 0 0 
40 5 0 0 0 0 0 0 0 0 0 0 0 
41 5 0 0 0 0 0 0 0 0 0 0 0 
42 5 0 0 0 0 0 0 0 0 0 0 0 
43 5 0 0 0 0 0 0 0 0 0 0 0 
44 5 0 0 0 0 0 0 0 0 0 0 0 
45 5 0 0 0 0 0 0 0 0 0 0 0 
46 5 0 0 0 0 0 0 0 0 0 0 0 
47 5 1 0 0 0 0 0 0 0 0 0 0 
48 5 -1 294 3 31 -1 -1 -1 -1 -1 3 -9 
49 5 -1 299 4 39 -1 -1 -1 -1 -1 2 6142 
50 5 -1 89 4 34 -1 -1 -1 -1 -1 3 1776 
51 5 -1 289 4 35 -1 -1 -1 -1 -1 0 3626 
52 5 41 0 0 0 0 0 0 0 0 0 0 
53 5 0 0 0 0 0 0 0 0 0 0 0 
54 5 0 0 0 0 0 0 0 0 0 0 0 
55 5 0 0 0 0 0 0 0 0 0 0 0 
56 5 0 0 0 0 0 0 0 0 0 0 0 
57 5 0 0 0 0 0 0 0 0 0 0 0 
58 5 0 0 0 0 0 0 0 0 0 0 0 
59 5 -1 75 3 34 -1 -1 -1 -1 -1 0 -53 
60 5 52 0 0 0 0 0 0 0 0 0 0 
61 5 0 0 0 0 0 0 0 0 0 0 0 
62 5 0 0 0 0 0 0 0 0 0 0 0 
63 6 0 0 0 0 0 0 0 0 0 0 0 
64 6 0 0 0 0 0 0 0 0 0 0 0 
65 6 0 0 0 0 0 0 0 0 0 0 0 
66 6 0 0 0 0 0 0 0 0 0 0 0 
67 6 0 0 0 0 0 0 0 0 0 0 0 
68 6 0 0 0 0 0 0 0 0 0 0 0 
69 6 0 0 0 0 0 0 0 0 0 0 0 
70 6 0 0 0 0 0 0 0 0 0 0 0 
71 6 0 0 0 0 0 0 0 0 0 0 0 
72 6 0 0 0 0 0 0 0 0 0 0 0 
73 6 0 0 0 0 0 0 0 0 0 0 0 
74 6 0 0 0 0 0 0 0 0 0 0 0 
75 6 0 0 0 0 0 0 0 0 0 0 0 
76 6 0 0 0 0 0 0 0 0 0 0 0 
77 6 0 0 0 0 0 0 0 0 0 0 0 
78 6 0 0 0 0 0 0 0 0 0 0 0 
79 6 0 0 0 0 0 0 0 0 0 0 0 
80 6 0 0 0 0 0 0 0 0 0 0 0 
81 6 0 0 0 0 0 0 0 0 0 0 0 
82 6 0 0 0 0 0 0 0 0 0 0 0 
83 6 0 0 0 0 0 0 0 0 0 0 0 
84 6 0 0 0 0 0 0 0 0 0 0 0 
85 6 0 0 0 0 0 0 0 0 0 0 0 
86 6 0 0 0 0 0 0 0 0 0 0 0 
87 6 0 0 0 0 0 0 0 0 0 0 0 
88 6 0 0 0 0 0 0 0 0 0 0 0 
89 6 0 0 0 0 0 0 0 0 0 0 0 
90 6 0 0 0 0 0 0 0 0 0 0 0 
91 6 0 0 0 0 0 0 0 0 0 0 0 
92 6 0 0 0 0 0 0 0 0 0 0 0 
93 6 0 0 0 0 0 0 0 0 0 0 0 
94 6 0 0 0 0 0 0 0 0 0 0 0 
95 6 0 0 0 0 0 0 0 0 0 0 0 
96 6 0 0 0 0 0 0 0 0 0 0 0 
97 6 -1 357 4 26 -1 -1 -1 -1 -1 3 606 
98 6 6 0 0 0 0 0 0 0 0 0 0 
99 6 7 0 0 0 0 0 0 0 0 0 0 
100 6 -1 202 4 38 -1 -1 -1 -1 -1 2 7427 
101 6 -1 341 4 20 -1 -1 -1 -1 -1 3 1719 
102 6 -1 322 2 13 -1 -1 -1 -1 -1 3 1660 
103 6 -1 223 4 28 -1 -1 -1 -1 -1 3 438 
104 6 -1 14 3 39 -1 -1 -1 -1 -1 3 4 
105 6 0 0 0 0 0 0 0 0 0 0 0 
106 6 0 0 0 0 0 0 0 0 0 0 0 
107 6 0 0 0 0 0 0 0 0 0 0 0 
108 6 0 0 0 0 0 0 0 0 0 0 0 
109 6 0 0 0 0 0 0 0 0 0 0 0 
110 6 0 0 0 0 0 0 0 0 0 0 0 
111 6 0 0 0 0 0 0 0 0 0 0 0 
112 6 0 0 0 0 0 0 0 0 0 0 0 
113 6 0 0 0 0 0 0 0 0 0 0 0 
114 6 0 0 0 0 0 0 0 0 0 0 0 
115 6 0 0 0 0 0 0 0 0 0 0 0 
116 6 0 0 0 0 0 0 0 0 0 0 0 
117 6 0 0 0 0 0 0 0 0 0 0 0 
118 6 0 0 0 0 0 0 0 0 0 0 0 
119 6 44 0 0 0 0 0 0 0 0 0 0 
120 6 -1 227 4 14 -1 -1 -1 -1 -1 3 158 
121 6 0 0 0 0 0 0 0 0 0 0 0 
122 6 0 0 0 0 0 0 0 0 0 0 0 
123 6 0 0 0 0 0 0 0 0 0 0 0 
124 6 0 0 0 0 0 0 0 0 0 0 0 
125 6 0 0 0 0 0 0 0 0 0 0 0 
126 6 0 0 0 0 0 0 0 0 0 0 0 
127 7 0 0 0 0 0 0 0 0 0 0 0 
128 7 0 0 0 0 0 0 0 0 0 0 0 
129 7 0 0 0 0 0 0 0 0 0 0 0 
130 7 0 0 0 0 0 0 0 0 0 0 0 
131 7 0 0 0 0 0 0 0 0 0 0 0 
132 7 0 0 0 0 0 0 0 0 0 0 0 
133 7 0 0 0 0 0 0 0 0 0 0 0 
134 7 0 0 0 0 0 0 0 0 0 0 0 
135 7 0 0 0 0 0 0 0 0 0 0 0 
136 7 0 0 0 0 0 0 0 0 0 0 0 
137 7 0 0 0 0 0 0 0 0 0 0 0 
138 7 0 0 0 0 0 0 0 0 0 0 0 
139 7 0 0 0 0 0 0 0 0 0 0 0 
140 7 0 0 0 0 0 0 0 0 0 0 0 
141 7 0 0 0 0 0 0 0 0 0 0 0 
142 7 0 0 0 0 0 0 0 0 0 0 0 
143 7 0 0 0 0 0 0 0 0 0 0 0 
144 7 0 0 0 0 0 0 0 0 0 0 0 
145 7 0 0 0 0 0 0 0 0 0 0 0 
146 7 0 0 0 0 0 0 0 0 0 0 0 
147 7 0 0 0 0 0 0 0 0 0 0 0 
148 7 0 0 0 0 0 0 0 0 0 0 0 
149 7 0 0 0 0 0 0 0 0 0 0 0 
150 7 0 0 0 0 0 0 0 0 0 0 0 
151 7 0 0 0 0 0 0 0 0 0 0 0 
152 7 0 0 0 0 0 0 0 0 0 0 0 
153 7 0 0 0 0 0 0 0 0 0 0 0 
154 7 0 0 0 0 0 0 0 0 0 0 0 
155 7 0 0 0 0 0 0 0 0 0 0 0 
156 7 0 0 0 0 0 0 0 0 0 0 0 
157 7 0 0 0 0 0 0 0 0 0 0 0 
158 7 0 0 0 0 0 0 0 0 0 0 0 
159 7 0 0 0 0 0 0 0 0 0 0 0 
160 7 0 0 0 0 0 0 0 0 0 0 0 
161 7 0 0 0 0 0 0 0 0 0 0 0 
162 7 0 0 0 0 0 0 0 0 0 0 0 
163 7 0 0 0 0 0 0 0 0 0 0 0 
164 7 0 0 0 0 0 0 0 0 0 0 0 
165 7 0 0 0 0 0 0 0 0 0 0 0 
166 7 0 0 0 0 0 0 0 0 0 0 0 
167 7 0 0 0 0 0 0 0 0 0 0 0 
168 7 0 0 0 0 0 0 0 0 0 0 0 
169 7 0 0 0 0 0 0 0 0 0 0 0 
170 7 0 0 0 0 0 0 0 0 0 0 0 
171 7 0 0 0 0 0 0 0 0 0 0 0 
172 7 0 0 0 0 0 0 0 0 0 0 0 
173 7 0 0 0 0 0 0 0 0 0 0 0 
174 7 0 0 0 0 0 0 0 0 0 0 0 
175 7 0 0 0 0 0 0 0 0 0 0 0 
176 7 0 0 0 0 0 0 0 0 0 0 0 
177 7 0 0 0 0 0 0 0 0 0 0 0 
178 7 0 0 0 0 0 0 0 0 0 0 0 
179 7 0 0 0 0 0 0 0 0 0 0 0 
180 7 0 0 0 0 0 0 0 0 0 0 0 
181 7 0 0 0 0 0 0 0 0 0 0 0 
182 7 0 0 0 0 0 0 0 0 0 0 0 
183 7 0 0 0 0 0 0 0 0 0 0 0 
184 7 0 0 0 0 0 0 0 0 0 0 0 
185 7 0 0 0 0 0 0 0 0 0 0 0 
186 7 0 0 0 0 0 0 0 0 0 0 0 
187 7 0 0 0 0 0 0 0 0 0 0 0 
188 7 0 0 0 0 0 0 0 0 0 0 0 
189 7 0 0 0 0 0 0 0 0 0 0 0 
190 7 0 0 0 0 0 0 0 0 0 0 0 
191 7 0 0 0 0 0 0 0 0 0 0 0 
192 7 0 0 0 0 0 0 0 0 0 0 0 
193 7 0 0 0 0 0 0 0 0 0 0 0 
194 7 0 0 0 0 0 0 0 0 0 0 0 
195 7 -1 238 1 20 -1 -1 -1 -1 -1 2 -39 
196 7 5 0 0 0 0 0 0 0 0 0 0 
197 7 0 0 0 0 0 0 0 0 0 0 0 
198 7 0 0 0 0 0 0 0 0 0 0 0 
199 7 0 0 0 0 0 0 0 0 0 0 0 
200 7 0 0 0 0 0 0 0 0 0 0 0 
201 7 -1 19 3 18 -1 -1 -1 -1 -1 1 -7 
202 7 14 0 0 0 0 0 0 0 0 0 0 
203 7 -1 215 3 35 -1 -1 -1 -1 -1 0 14 
204 7 -1 312 4 14 -1 -1 -1 -1 -1 1 12723 
205 7 26 0 0 0 0 0 0 0 0 0 0 
206 7 27 0 0 0 0 0 0 0 0 0 0 
207 7 -1 280 3 28 -1 -1 -1 -1 -1 2 13 
208 7 32 0 0 0 0 0 0 0 0 0 0 
209 7 -1 77 1 39 -1 -1 -1 -1 -1 1 -55 
210 7 -1 101 4 18 -1 -1 -1 -1 -1 2 9134 
211 7 0 0 0 0 0 0 0 0 0 0 0 
212 7 0 0 0 0 0 0 0 0 0 0 0 
213 7 0 0 0 0 0 0 0 0 0 0 0 
214 7 0 0 0 0 0 0 0 0 0 0 0 
215 7 0 0 0 0 0 0 0 0 0 0 0 
216 7 0 0 0 0 0 0 0 0 0 0 0 
217 7 0 0 0 0 0 0 0 0 0 0 0 
218 7 0 0 0 0 0 0 0 0 0 0 0 
219 7 0 0 0 0 0 0 0 0 0 0 0 
220 7 0 0 0 0 0 0 0 0 0 0 0 
221 7 0 0 0 0 0 0 0 0 0 0 0 
222 7 0 0 0 0 0 0 0 0 0 0 0 
223 7 0 0 0 0 0 0 0 0 0 0 0 
224 7 0 0 0 0 0 0 0 0 0 0 0 
225 7 0 0 0 0 0 0 0 0 0 0 0 
226 7 0 0 0 0 0 0 0 0 0 0 0 
227 7 0 0 0 0 0 0 0 0 0 0 0 
228 7 0 0 0 0 0 0 0 0 0 0 0 
229 7 0 0 0 0 0 0 0 0 0 0 0 
230 7 0 0 0 0 0 0 0 0 0 0 0 
231 7 0 0 0 0 0 0 0 0 0 0 0 
232 7 0 0 0 0 0 0 0 0 0 0 0 
233 7 0 0 0 0 0 0 0 0 0 0 0 
234 7 0 0 0 0 0 0 0 0 0 0 0 
235 7 0 0 0 0 0 0 0 0 0 0 0 
236 7 0 0 0 0 0 0 0 0 0 0 0 
237 7 0 0 0 0 0 0 0 0 0 0 0 
238 7 0 0 0 0 0 0 0 0 0 0 0 
239 7 0 0 0 0 0 0 0 0 0 0 0 
240 7 0 0 0 0 0 0 0 0 0 0 0 
241 7 45 0 0 0 0 0 0 0 0 0 0 
242 7 -1 267 3 33 -1 -1 -1 -1 -1 1 -15 
243 7 0 0 0 0 0 0 0 0 0 0 0 
244 7 0 0 0 0 0 0 0 0 0 0 0 
245 7 0 0 0 0 0 0 0 0 0 0 0 
246 7 0 0 0 0 0 0 0 0 0 0 0 
247 7 0 0 0 0 0 0 0 0 0 0 0 
248 7 0 0 0 0 0 0 0 0 0 0 0 
249 7 0 0 0 0 0 0 0 0 0 0 0 
250 7 0 0 0 0 0 0 0 0 0 0 0 
251 7 0 0 0 0 0 0 0 0 0 0 0 
252 7 0 0 0 0 0 0 0 0 0 0 0 
253 7 0 0 0 0 0 0 0 0 0 0 0 
254 7 0 0 0 0 0 0 0 0 0 0 0 
255 8 0 0 0 0 0 0 0 0 0 0 0 
256 8 0 0 0 0 0 0 0 0 0 0 0 
257 8 0 0 0 0 0 0 0 0 0 0 0 
258 8 0 0 0 0 0 0 0 0 0 0 0 
259 8 0 0 0 0 0 0 0 0 0 0 0 
260 8 0 0 0 0 0 0 0 0 0 0 0 
261 8 0 0 0 0 0 0 0 0 0 0 0 
262 8 0 0 0 0 0 0 0 0 0 0 0 
263 8 0 0 0 0 0 0 0 0 0 0 0 
264 8 0 0 0 0 0 0 0 0 0 0 0 
265 8 0 0 0 0 0 0 0 0 0 0 0 
266 8 0 0 0 0 0 0 0 0 0 0 0 
267 8 0 0 0 0 0 0 0 0 0 0 0 
268 8 0 0 0 0 0 0 0 0 0 0 0 
269 8 0 0 0 0 0 0 0 0 0 0 0 
270 8 0 0 0 0 0 0 0 0 0 0 0 
271 8 0 0 0 0 0 0 0 0 0 0 0 
272 8 0 0 0 0 0 0 0 0 0 0 0 
273 8 0 0 0 0 0 0 0 0 0 0 0 
274 8 0 0 0 0 0 0 0 0 0 0 0 
275 8 0 0 0 0 0 0 0 0 0 0 0 
276 8 0 0 0 0 0 0 0 0 0 0 0 
277 8 0 0 0 0 0 0 0 0 0 0 0 
278 8 0 0 0 0 0 0 0 0 0 0 0 
279 8 0 0 0 0 0 0 0 0 0 0 0 
280 8 0 0 0 0 0 0 0 0 0 0 0 
281 8 0 0 0 0 0 0 0 0 0 0 0 
282 8 0 0 0 0 0 0 0 0 0 0 0 
283 8 0 0 0 0 0 0 0 0 0 0 0 
284 8 0 0 0 0 0 0 0 0 0 0 0 
285 8 0 0 0 0 0 0 0 0 0 0 0 
286 8 0 0 0 0 0 0 0 0 0 0 0 
287 8 0 0 0 0 0 0 0 0 0 0 0 
288 8 0 0 0 0 0 0 0 0 0 0 0 
289 8 0 0 0 0 0 0 0 0 0 0 0 
290 8 0 0 0 0 0 0 0 0 0 0 0 
291 8 0 0 0 0 0 0 0 0 0 0 0 
292 8 0 0 0 0 0 0 0 0 0 0 0 
293 8 0 0 0 0 0 0 0 0 0 0 0 
294 8 0 0 0 0 0 0 0 0 0 0 0 
295 8 0 0 0 0 0 0 0 0 0 0 0 
296 8 0 0 0 0 0 0 0 0 0 0 0 
297 8 0 0 0 0 0 0 0 0 0 0 0 
298 8 0 0 0 0 0 0 0 0 0 0 0 
299 8 0 0 0 0 0 0 0 0 0 0 0 
300 8 0 0 0 0 0 0 0 0 0 0 0 
301 8 0 0 0 0 0 0 0 0 0 0 0 
302 8 0 0 0 0 0 0 0 0 0 0 0 
303 8 0 0 0 0 0 0 0 0 0 0 0 
304 8 0 0 0 0 0 0 0 0 0 0 0 
305 8 0 0 0 0 0 0 0 0 0 0 0 
306 8 0 0 0 0 0 0 0 0 0 0 0 
307 8 0 0 0 0 0 0 0 0 0 0 0 
308 8 0 0 0 0 0 0 0 0 0 0 0 
309 8 0 0 0 0 0 0 0 0 0 0 0 
310 8 0 0 0 0 0 0 0 0 0 0 0 
311 8 0 0 0 0 0 0 0 0 0 0 0 
312 8 0 0 0 0 0 0 0 0 0 0 0 
313 8 0 0 0 0 0 0 0 0 0 0 0 
314 8 0 0 0 0 0 0 0 0 0 0 0 
315 8 0 0 0 0 0 0 0 0 0 0 0 
316 8 0 0 0 0 0 0 0 0 0 0 0 
317 8 0 0 0 0 0 0 0 0 0 0 0 
318 8 0 0 0 0 0 0 0 0 0 0 0 
319 8 0 0 0 0 0 0 0 0 0 0 0 
320 8 0 0 0 0 0 0 0 0 0 0 0 
321 8 0 0 0 0 0 0 0 0 0 0 0 
322 8 0 0 0 0 0 0 0 0 0 0 0 
323 8 0 0 0 0 0 0 0 0 0 0 0 
324 8 0 0 0 0 0 0 0 0 0 0 0 
325 8 0 0 0 0 0 0 0 0 0 0 0 
326 8 0 0 0 0 0 0 0 0 0 0 0 
327 8 0 0 0 0 0 0 0 0 0 0 0 
328 8 0 0 0 0 0 0 0 0 0 0 0 
329 8 0 0 0 0 0 0 0 0 0 0 0 
330 8 0 0 0 0 0 0 0 0 0 0 0 
331 8 0 0 0 0 0 0 0 0 0 0 0 
332 8 0 0 0 0 0 0 0 0 0 0 0 
333 8 0 0 0 0 0 0 0 0 0 0 0 
334 8 0 0 0 0 0 0 0 0 0 0 0 
335 8 0 0 0 0 0 0 0 0 0 0 0 
336 8 0 0 0 0 0 0 0 0 0 0 0 
337 8 0 0 0 0 0 0 0 0 0 0 0 
338 8 0 0 0 0 0 0 0 0 0 0 0 
339 8 0 0 0 0 0 0 0 0 0 0 0 
340 8 0 0 0 0 0 0 0 0 0 0 0 
341 8 0 0 0 0 0 0 0 0 0 0 0 
342 8 0 0 0 0 0 0 0 0 0 0 0 
343 8 0 0 0 0 0 0 0 0 0 0 0 
344 8 0 0 0 0 0 0 0 0 0 0 0 
345 8 0 0 0 0 0 0 0 0 0 0 0 
346 8 0 0 0 0 0 0 0 0 0 0 0 
347 8 0 0 0 0 0 0 0 0 0 0 0 
348 8 0 0 0 0 0 0 0 0 0 0 0 
349 8 0 0 0 0 0 0 0 0 0 0 0 
350 8 0 0 0 0 0 0 0 0 0 0 0 
351 8 0 0 0 0 0 0 0 0 0 0 0 
352 8 0 0 0 0 0 0 0 0 0 0 0 
353 8 0 0 0 0 0 0 0 0 0 0 0 
354 8 0 0 0 0 0 0 0 0 0 0 0 
355 8 0 0 0 0 0 0 0 0 0 0 0 
356 8 0 0 0 0 0 0 0 0 0 0 0 
357 8 0 0 0 0 0 0 0 0 0 0 0 
358 8 0 0 0 0 0 0 0 0 0 0 0 
359 8 0 0 0 0 0 0 0 0 0 0 0 
360 8 0 0 0 0 0 0 0 0 0 0 0 
361 8 0 0 0 0 0 0 0 0 0 0 0 
362 8 0 0 0 0 0 0 0 0 0 0 0 
363 8 0 0 0 0 0 0 0 0 0 0 0 
364 8 0 0 0 0 0 0 0 0 0 0 0 
365 8 0 0 0 0 0 0 0 0 0 0 0 
366 8 0 0 0 0 0 0 0 0 0 0 0 
367 8 0 0 0 0 0 0 0 0 0 0 0 
368 8 0 0 0 0 0 0 0 0 0 0 0 
369 8 0 0 0 0 0 0 0 0 0 0 0 
370 8 0 0 0 0 0 0 0 0 0 0 0 
371 8 0 0 0 0 0 0 0 0 0 0 0 
372 8 0 0 0 0 0 0 0 0 0 0 0 
373 8 0 0 0 0 0 0 0 0 0 0 0 
374 8 0 0 0 0 0 0 0 0 0 0 0 
375 8 0 0 0 0 0 0 0 0 0 0 0 
376 8 0 0 0 0 0 0 0 0 0 0 0 
377 8 0 0 0 0 0 0 0 0 0 0 0 
378 8 0 0 0 0 0 0 0 0 0 0 0 
379 8 0 0 0 0 0 0 0 0 0 0 0 
380 8 0 0 0 0 0 0 0 0 0 0 0 
381 8 0 0 0 0 0 0 0 0 0 0 0 
382 8 0 0 0 0 0 0 0 0 0 0 0 
383 8 0 0 0 0 0 0 0 0 0 0 0 
384 8 0 0 0 0 0 0 0 0 0 0 0 
385 8 0 0 0 0 0 0 0 0 0 0 0 
386 8 0 0 0 0 0 0 0 0 0 0 0 
387 8 0 0 0 0 0 0 0 0 0 0 0 
388 8 0 0 0 0 0 0 0 0 0 0 0 
389 8 0 0 0 0 0 0 0 0 0 0 0 
390 8 0 0 0 0 0 0 0 0 0 0 0 
391 8 2 0 0 0 0 0 0 0 0 0 0 
392 8 -1 278 3 10 -1 -1 -1 -1 -1 2 -73 
393 8 0 0 0 0 0 0 0 0 0 0 0 
394 8 0 0 0 0 0 0 0 0 0 0 0 
395 8 0 0 0 0 0 0 0 0 0 0 0 
396 8 0 0 0 0 0 0 0 0 0 0 0 
397 8 0 0 0 0 0 0 0 0 0 0 0 
398 8 0 0 0 0 0 0 0 0 0 0 0 
399 8 0 0 0 0 0 0 0 0 0 0 0 
400 8 0 0 0 0 0 0 0 0 0 0 0 
401 8 0 0 0 0 0 0 0 0 0 0 0 
402 8 0 0 0 0 0 0 0 0 0 0 0 
403 8 -1 182 0 17 -1 -1 -1 -1 -1 2 -8 
404 8 -1 147 1 33 -1 -1 -1 -1 -1 3 19 
405 8 0 0 0 0 0 0 0 0 0 0 0 
406 8 0 0 0 0 0 0 0 0 0 0 0 
407 8 -1 277 0 11 -1 -1 -1 -1 -1 1 -56 
408 8 -1 229 3 34 -1 -1 -1 -1 -1 2 47 
409 8 -1 349 2 35 -1 -1 -1 -1 -1 2 334 
410 8 25 0 0 0 0 0 0 0 0 0 0 
411 8 0 0 0 0 0 0 0 0 0 0 0 
412 8 0 0 0 0 0 0 0 0 0 0 0 
413 8 0 0 0 0 0 0 0 0 0 0 0 
414 8 0 0 0 0 0 0 0 0 0 0 0 
415 8 -1 289 3 32 -1 -1 -1 -1 -1 2 -51 
416 8 31 0 0 0 0 0 0 0 0 0 0 
417 8 0 0 0 0 0 0 0 0 0 0 0 
418 8 0 0 0 0 0 0 0 0 0 0 0 
419 8 33 0 0 0 0 0 0 0 0 0 0 
420 8 -1 134 0 15 -1 -1 -1 -1 -1 1 -90 
421 8 -1 218 1 12 -1 -1 -1 -1 -1 2 72 
422 8 40 0 0 0 0 0 0 0 0 0 0 
423 8 0 0 0 0 0 0 0 0 0 0 0 
424 8 0 0 0 0 0 0 0 0 0 0 0 
425 8 0 0 0 0 0 0 0 0 0 0 0 
426 8 0 0 0 0 0 0 0 0 0 0 0 
427 8 0 0 0 0 0 0 0 0 0 0 0 
428 8 0 0 0 0 0 0 0 0 0 0 0 
429 8 0 0 0 0 0 0 0 0 0 0 0 
430 8 0 0 0 0 0 0 0 0 0 0 0 
431 8 0 0 0 0 0 0 0 0 0 0 0 
432 8 0 0 0 0 0 0 0 0 0 0 0 
433 8 0 0 0 0 0 0 0 0 0 0 0 
434 8 0 0 0 0 0 0 0 0 0 0 0 
435 8 0 0 0 0 0 0 0 0 0 0 0 
436 8 0 0 0 0 0 0 0 0 0 0 0 
437 8 0 0 0 0 0 0 0 0 0 0 0 
438 8 0 0 0 0 0 0 0 0 0 0 0 
439 8 0 0 0 0 0 0 0 0 0 0 0 
440 8 0 0 0 0 0 0 0 0 0 0 0 
441 8 0 0 0 0 0 0 0 0 0 0 0 
442 8 0 0 0 0 0 0 0 0 0 0 0 
443 8 0 0 0 0 0 0 0 0 0 0 0 
444 8 0 0 0 0 0 0 0 0 0 0 0 
445 8 0 0 0 0 0 0 0 0 0 0 0 
446 8 0 0 0 0 0 0 0 0 0 0 0 
447 8 0 0 0 0 0 0 0 0 0 0 0 
448 8 0 0 0 0 0 0 0 0 0 0 0 
449 8 0 0 0 0 0 0 0 0 0 0 0 
450 8 0 0 0 0 0 0 0 0 0 0 0 
451 8 0 0 0 0 0 0 0 0 0 0 0 
452 8 0 0 0 0 0 0 0 0 0 0 0 
453 8 0 0 0 0 0 0 0 0 0 0 0 
454 8 0 0 0 0 0 0 0 0 0 0 0 
455 8 0 0 0 0 0 0 0 0 0 0 0 
456 8 0 0 0 0 0 0 0 0 0 0 0 
457 8 0 0 0 0 0 0 0 0 0 0 0 
458 8 0 0 0 0 0 0 0 0 0 0 0 
459 8 0 0 0 0 0 0 0 0 0 0 0 
460 8 0 0 0 0 0 0 0 0 0 0 0 
461 8 0 0 0 0 0 0 0 0 0 0 0 
462 8 0 0 0 0 0 0 0 0 0 0 0 
463 8 0 0 0 0 0 0 0 0 0 0 0 
464 8 0 0 0 0 0 0 0 0 0 0 0 
465 8 0 0 0 0 0 0 0 0 0 0 0 
466 8 0 0 0 0 0 0 0 0 0 0 0 
467 8 0 0 0 0 0 0 0 0 0 0 0 
468 8 0 0 0 0 0 0 0 0 0 0 0 
469 8 0 0 0 0 0 0 0 0 0 0 0 
470 8 0 0 0 0 0 0 0 0 0 0 0 
471 8 0 0 0 0 0 0 0 0 0 0 0 
472 8 0 0 0 0 0 0 0 0 0 0 0 
473 8 0 0 0 0 0 0 0 0 0 0 0 
474 8 0 0 0 0 0 0 0 0 0 0 0 
475 8 0 0 0 0 0 0 0 0 0 0 0 
476 8 0 0 0 0 0 0 0 0 0 0 0 
477 8 0 0 0 0 0 0 0 0 0 0 0 
478 8 0 0 0 0 0 0 0 0 0 0 0 
479 8 0 0 0 0 0 0 0 0 0 0 0 
480 8 0 0 0 0 0 0 0 0 0 0 0 
481 8 0 0 0 0 0 0 0 0 0 0 0 
482 8 0 0 0 0 0 0 0 0 0 0 0 
483 8 0 0 0 0 0 0 0 0 0 0 0 
484 8 0 0 0 0 0 0 0 0 0 0 0 
485 8 -1 77 2 15 -1 -1 -1 -1 -1 3 825 
486 8 -1 153 4 30 -1 -1 -1 -1 -1 1 2086 
487 8 0 0 0 0 0 0 0 0 0 0 0 
488 8 0 0 0 0 0 0 0 0 0 0 0 
489 8 0 0 0 0 0 0 0 0 0 0 0 
490 8 0 0 0 0 0 0 0 0 0 0 0 
491 8 0 0 0 0 0 0 0 0 0 0 0 
492 8 0 0 0 0 0 0 0 0 0 0 0 
493 8 0 0 0 0 0 0 0 0 0 0 0 
494 8 0 0 0 0 0 0 0 0 0 0 0 
495 8 0 0 0 0 0 0 0 0 0 0 0 
496 8 0 0 0 0 0 0 0 0 0 0 0 
497 8 0 0 0 0 0 0 0 0 0 0 0 
498 8 0 0 0 0 0 0 0 0 0 0 0 
499 8 0 0 0 0 0 0 0 0 0 0 0 
500 8 0 0 0 0 0 0 0 0 0 0 0 
501 8 0 0 0 0 0 0 0 0 0 0 0 
502 8 0 0 0 0 0 0 0 0 0 0 0 
503 8 0 0 0 0 0 0 0 0 0 0 0 
504 8 0 0 0 0 0 0 0 0 0 0 0 
505 8 0 0 0 0 0 0 0 0 0 0 0 
506 8 0 0 0 0 0 0 0 0 0 0 0 
507 8 0 0 0 0 0 0 0 0 0 0 0 
508 8 0 0 0 0 0 0 0 0 0 0 0 
509 8 0 0 0 0 0 0 0 0 0 0 0 
510 8 0 0 0 0 0 0 0 0 0 0 0 
511 9 0 0 0 0 0 0 0 0 0 0 0 
512 9 0 0 0 0 0 0 0 0 0 0 0 
513 9 0 0 0 0 0 0 0 0 0 0 0 
514 9 0 0 0 0 0 0 0 0 0 0 0 
515 9 0 0 0 0 0 0 0 0 0 0 0 
516 9 0 0 0 0 0 0 0 0 0 0 0 
517 9 0 0 0 0 0 0 0 0 0 0 0 
518 9 0 0 0 0 0 0 0 0 0 0 0 
519 9 0 0 0 0 0 0 0 0 0 0 0 
520 9 0 0 0 0 0 0 0 0 0 0 0 
521 9 0 0 0 0 0 0 0 0 0 0 0 
522 9 0 0 0 0 0 0 0 0 0 0 0 
523 9 0 0 0 0 0 0 0 0 0 0 0 
524 9 0 0 0 0 0 0 0 0 0 0 0 
525 9 0 0 0 0 0 0 0 0 0 0 0 
526 9 0 0 0 0 0 0 0 0 0 0 0 
527 9 0 0 0 0 0 0 0 0 0 0 0 
528 9 0 0 0 0 0 0 0 0 0 0 0 
529 9 0 0 0 0 0 0 0 0 0 0 0 
530 9 0 0 0 0 0 0 0 0 0 0 0 
531 9 0 0 0 0 0 0 0 0 0 0 0 
532 9 0 0 0 0 0 0 0 0 0 0 0 
533 9 0 0 0 0 0 0 0 0 0 0 0 
534 9 0 0 0 0 0 0 0 0 0 0 0 
535 9 0 0 0 0 0 0 0 0 0 0 0 
536 9 0 0 0 0 0 0 0 0 0 0 0 
537 9 0 0 0 0 0 0 0 0 0 0 0 
538 9 0 0 0 0 0 0 0 0 0 0 0 
539 9 0 0 0 0 0 0 0 0 0 0 0 
540 9 0 0 0 0 0 0 0 0 0 0 0 
541 9 0 0 0 0 0 0 0 0 0 0 0 
542 9 0 0 0 0 0 0 0 0 0 0 0 
543 9 0 0 0 0 0 0 0 0 0 0 0 
544 9 0 0 0 0 0 0 0 0 0 0 0 
545 9 0 0 0 0 0 0 0 0 0 0 0 
546 9 0 0 0 0 0 0 0 0 0 0 0 
547 9 0 0 0 0 0 0 0 0 0 0 0 
548 9 0 0 0 0 0 0 0 0 0 0 0 
549 9 0 0 0 0 0 0 0 0 0 0 0 
550 9 0 0 0 0 0 0 0 0 0 0 0 
551 9 0 0 0 0 0 0 0 0 0 0 0 
552 9 0 0 0 0 0 0 0 0 0 0 0 
553 9 0 0 0 0 0 0 0 0 0 0 0 
554 9 0 0 0 0 0 0 0 0 0 0 0 
555 9 0 0 0 0 0 0 0 0 0 0 0 
556 9 0 0 0 0 0 0 0 0 0 0 0 
557 9 0 0 0 0 0 0 0 0 0 0 0 
558 9 0 0 0 0 0 0 0 0 0 0 0 
559 9 0 0 0 0 0 0 0 0 0 0 0 
560 9 0 0 0 0 0 0 0 0 0 0 0 
561 9 0 0 0 0 0 0 0 0 0 0 0 
562 9 0 0 0 0 0 0 0 0 0 0 0 
563 9 0 0 0 0 0 0 0 0 0 0 0 
564 9 0 0 0 0 0 0 0 0 0 0 0 
565 9 0 0 0 0 0 0 0 0 0 0 0 
566 9 0 0 0 0 0 0 0 0 0 0 0 
567 9 0 0 0 0 0 0 0 0 0 0 0 
568 9 0 0 0 0 0 0 0 0 0 0 0 
569 9 0 0 0 0 0 0 0 0 0 0 0 
570 9 0 0 0 0 0 0 0 0 0 0 0 
571 9 0 0 0 0 0 0 0 0 0 0 0 
572 9 0 0 0 0 0 0 0 0 0 0 0 
573 9 0 0 0 0 0 0 0 0 0 0 0 
574 9 0 0 0 0 0 0 0 0 0 0 0 
575 9 0 0 0 0 0 0 0 0 0 0 0 
576 9 0 0 0 0 0 0 0 0 0 0 0 
577 9 0 0 0 0 0 0 0 0 0 0 0 
578 9 0 0 0 0 0 0 0 0 0 0 0 
579 9 0 0 0 0 0 0 0 0 0 0 0 
580 9 0 0 0 0 0 0 0 0 0 0 0 
581 9 0 0 0 0 0 0 0 0 0 0 0 
582 9 0 0 0 0 0 0 0 0 0 0 0 
583 9 0 0 0 0 0 0 0 0 0 0 0 
584 9 0 0 0 0 0 0 0 0 0 0 0 
585 9 0 0 0 0 0 0 0 0 0 0 0 
586 9 0 0 0 0 0 0 0 0 0 0 0 
587 9 0 0 0 0 0 0 0 0 0 0 0 
588 9 0 0 0 0 0 0 0 0 0 0 0 
589 9 0 0 0 0 0 0 0 0 0 0 0 
590 9 0 0 0 0 0 0 0 0 0 0 0 
591 9 0 0 0 0 0 0 0 0 0 0 0 
592 9 0 0 0 0 0 0 0 0 0 0 0 
593 9 0 0 0 0 0 0 0 0 0 0 0 
594 9 0 0 0 0 0 0 0 0 0 0 0 
595 9 0 0 0 0 0 0 0 0 0 0 0 
596 9 0 0 0 0 0 0 0 0 0 0 0 
597 9 0 0 0 0 0 0 0 0 0 0 0 
598 9 0 0 0 0 0 0 0 0 0 0 0 
599 9 0 0 0 0 0 0 0 0 0 0 0 
600 9 0 0 0 0 0 0 0 0 0 0 0 
601 9 0 0 0 0 0 0 0 0 0 0 0 
602 9 0 0 0 0 0 0 0 0 0 0 0 
603 9 0 0 0 0 0 0 0 0 0 0 0 
604 9 0 0 0 0 0 0 0 0 0 0 0 
605 9 0 0 0 0 0 0 0 0 0 0 0 
606 9 0 0 0 0 0 0 0 0 0 0 0 
607 9 0 0 0 0 0 0 0 0 0 0 0 
608 9 0 0 0 0 0 0 0 0 0 0 0 
609 9 0 0 0 0 0 0 0 0 0 0 0 
610 9 0 0 0 0 0 0 0 0 0 0 0 
611 9 0 0 0 0 0 0 0 0 0 0 0 
612 9 0 0 0 0 0 0 0 0 0 0 0 
613 9 0 0 0 0 0 0 0 0 0 0 0 
614 9 0 0 0 0 0 0 0 0 0 0 0 
615 9 0 0 0 0 0 0 0 0 0 0 0 
616 9 0 0 0 0 0 0 0 0 0 0 0 
617 9 0 0 0 0 0 0 0 0 0 0 0 
618 9 0 0 0 0 0 0 0 0 0 0 0 
619 9 0 0 0 0 0 0 0 0 0 0 0 
620 9 0 0 0 0 0 0 0 0 0 0 0 
621 9 0 0 0 0 0 0 0 0 0 0 0 
622 9 0 0 0 0 0 0 0 0 0 0 0 
623 9 0 0 0 0 0 0 0 0 0 0 0 
624 9 0 0 0 0 0 0 0 0 0 0 0 
625 9 0 0 0 0 0 0 0 0 0 0 0 
626 9 0 0 0 0 0 0 0 0 0 0 0 
627 9 0 0 0 0 0 0 0 0 0 0 0 
628 9 0 0 0 0 0 0 0 0 0 0 0 
629 9 0 0 0 0 0 0 0 0 0 0 0 
630 9 0 0 0 0 0 0 0 0 0 0 0 
631 9 0 0 0 0 0 0 0 0 0 0 0 
632 9 0 0 0 0 0 0 0 0 0 0 0 
633 9 0 0 0 0 0 0 0 0 0 0 0 
634 9 0 0 0 0 0 0 0 0 0 0 0 
635 9 0 0 0 0 0 0 0 0 0 0 0 
636 9 0 0 0 0 0 0 0 0 0 0 0 
637 9 0 0 0 0 0 0 0 0 0 0 0 
638 9 0 0 0 0 0 0 0 0 0 0 0 
639 9 0 0 0 0 0 0 0 0 0 0 0 
640 9 0 0 0 0 0 0 0 0 0 0 0 
641 9 0 0 0 0 0 0 0 0 0 0 0 
642 9 0 0 0 0 0 0 0 0 0 0 0 
643 9 0 0 0 0 0 0 0 0 0 0 0 
644 9 0 0 0 0 0 0 0 0 0 0 0 
645 9 0 0 0 0 0 0 0 0 0 0 0 
646 9 0 0 0 0 0 0 0 0 0 0 0 
647 9 0 0 0 0 0 0 0 0 0 0 0 
648 9 0 0 0 0 0 0 0 0 0 0 0 
649 9 0 0 0 0 0 0 0 0 0 0 0 
650 9 0 0 0 0 0 0 0 0 0 0 0 
651 9 0 0 0 0 0 0 0 0 0 0 0 
652 9 0 0 0 0 0 0 0 0 0 0 0 
653 9 0 0 0 0 0 0 0 0 0 0 0 
654 9 0 0 0 0 0 0 0 0 0 0 0 
655 9 0 0 0 0 0 0 0 0 0 0 0 
656 9 0 0 0 0 0 0 0 0 0 0 0 
657 9 0 0 0 0 0 0 0 0 0 0 0 
658 9 0 0 0 0 0 0 0 0 0 0 0 
659 9 0 0 0 0 0 0 0 0 0 0 0 
660 9 0 0 0 0 0 0 0 0 0 0 0 
661 9 0 0 0 0 0 0 0 0 0 0 0 
662 9 0 0 0 0 0 0 0 0 0 0 0 
663 9 0 0 0 0 0 0 0 0 0 0 0 
664 9 0 0 0 0 0 0 0 0 0 0 0 
665 9 0 0 0 0 0 0 0 0 0 0 0 
666 9 0 0 0 0 0 0 0 0 0 0 0 
667 9 0 0 0 0 0 0 0 0 0 0 0 
668 9 0 0 0 0 0 0 0 0 0 0 0 
669 9 0 0 0 0 0 0 0 0 0 0 0 
670 9 0 0 0 0 0 0 0 0 0 0 0 
671 9 0 0 0 0 0 0 0 0 0 0 0 
672 9 0 0 0 0 0 0 0 0 0 0 0 
673 9 0 0 0 0 0 0 0 0 0 0 0 
674 9 0 0 0 0 0 0 0 0 0 0 0 
675 9 0 0 0 0 0 0 0 0 0 0 0 
676 9 0 0 0 0 0 0 0 0 0 0 0 
677 9 0 0 0 0 0 0 0 0 0 0 0 
678 9 0 0 0 0 0 0 0 0 0 0 0 
679 9 0 0 0 0 0 0 0 0 0 0 0 
680 9 0 0 0 0 0 0 0 0 0 0 0 
681 9 0 0 0 0 0 0 0 0 0 0 0 
682 9 0 0 0 0 0 0 0 0 0 0 0 
683 9 0 0 0 0 0 0 0 0 0 0 0 
684 9 0 0 0 0 0 0 0 0 0 0 0 
685 9 0 0 0 0 0 0 0 0 0 0 0 
686 9 0 0 0 0 0 0 0 0 0 0 0 
687 9 0 0 0 0 0 0 0 0 0 0 0 
688 9 0 0 0 0 0 0 0 0 0 0 0 
689 9 0 0 0 0 0 0 0 0 0 0 0 
690 9 0 0 0 0 0 0 0 0 0 0 0 
691 9 0 0 0 0 0 0 0 0 0 0 0 
692 9 0 0 0 0 0 0 0 0 0 0 0 
693 9 0 0 0 0 0 0 0 0 0 0 0 
694 9 0 0 0 0 0 0 0 0 0 0 0 
695 9 0 0 0 0 0 0 0 0 0 0 0 
696 9 0 0 0 0 0 0 0 0 0 0 0 
697 9 0 0 0 0 0 0 0 0 0 0 0 
698 9 0 0 0 0 0 0 0 0 0 0 0 
699 9 0 0 0 0 0 0 0 0 0 0 0 
700 9 0 0 0 0 0 0 0 0 0 0 0 
701 9 0 0 0 0 0 0 0 0 0 0 0 
702 9 0 0 0 0 0 0 0 0 0 0 0 
703 9 0 0 0 0 0 0 0 0 0 0 0 
704 9 0 0 0 0 0 0 0 0 0 0 0 
705 9 0 0 0 0 0 0 0 0 0 0 0 
706 9 0 0 0 0 0 0 0 0 0 0 0 
707 9 0 0 0 0 0 0 0 0 0 0 0 
708 9 0 0 0 0 0 0 0 0 0 0 0 
709 9 0 0 0 0 0 0 0 0 0 0 0 
710 9 0 0 0 0 0 0 0 0 0 0 0 
711 9 0 0 0 0 0 0 0 0 0 0 0 
712 9 0 0 0 0 0 0 0 0 0 0 0 
713 9 0 0 0 0 0 0 0 0 0 0 0 
714 9 0 0 0 0 0 0 0 0 0 0 0 
715 9 0 0 0 0 0 0 0 0 0 0 0 
716 9 0 0 0 0 0 0 0 0 0 0 0 
717 9 0 0 0 0 0 0 0 0 0 0 0 
718 9 0 0 0 0 0 0 0 0 0 0 0 
719 9 0 0 0 0 0 0 0 0 0 0 0 
720 9 0 0 0 0 0 0 0 0 0 0 0 
721 9 0 0 0 0 0 0 0 0 0 0 0 
722 9 0 0 0 0 0 0 0 0 0 0 0 
723 9 0 0 0 0 0 0 0 0 0 0 0 
724 9 0 0 0 0 0 0 0 0 0 0 0 
725 9 0 0 0 0 0 0 0 0 0 0 0 
726 9 0 0 0 0 0 0 0 0 0 0 0 
727 9 0 0 0 0 0 0 0 0 0 0 0 
728 9 0 0 0 0 0 0 0 0 0 0 0 
729 9 0 0 0 0 0 0 0 0 0 0 0 
730 9 0 0 0 0 0 0 0 0 0 0 0 
731 9 0 0 0 0 0 0 0 0 0 0 0 
732 9 0 0 0 0 0 0 0 0 0 0 0 
733 9 0 0 0 0 0 0 0 0 0 0 0 
734 9 0 0 0 0 0 0 0 0 0 0 0 
735 9 0 0 0 0 0 0 0 0 0 0 0 
736 9 0 0 0 0 0 0 0 0 0 0 0 
737 9 0 0 0 0 0 0 0 0 0 0 0 
738 9 0 0 0 0 0 0 0 0 0 0 0 
739 9 0 0 0 0 0 0 0 0 0 0 0 
740 9 0 0 0 0 0 0 0 0 0 0 0 
741 9 0 0 0 0 0 0 0 0 0 0 0 
742 9 0 0 0 0 0 0 0 0 0 0 0 
743 9 0 0 0 0 0 0 0 0 0 0 0 
744 9 0 0 0 0 0 0 0 0 0 0 0 
745 9 0 0 0 0 0 0 0 0 0 0 0 
746 9 0 0 0 0 0 0 0 0 0 0 0 
747 9 0 0 0 0 0 0 0 0 0 0 0 
748 9 0 0 0 0 0 0 0 0 0 0 0 
749 9 0 0 0 0 0 0 0 0 0 0 0 
750 9 0 0 0 0 0 0 0 0 0 0 0 
751 9 0 0 0 0 0 0 0 0 0 0 0 
752 9 0 0 0 0 0 0 0 0 0 0 0 
753 9 0 0 0 0 0 0 0 0 0 0 0 
754 9 0 0 0 0 0 0 0 0 0 0 0 
755 9 0 0 0 0 0 0 0 0 0 0 0 
756 9 0 0 0 0 0 0 0 0 0 0 0 
757 9 0 0 0 0 0 0 0 0 0 0 0 
758 9 0 0 0 0 0 0 0 0 0 0 0 
759 9 0 0 0 0 0 0 0 0 0 0 0 
760 9 0 0 0 0 0 0 0 0 0 0 0 
761 9 0 0 0 0 0 0 0 0 0 0 0 
762 9 0 0 0 0 0 0 0 0 0 0 0 
763 9 0 0 0 0 0 0 0 0 0 0 0 
764 9 0 0 0 0 0 0 0 0 0 0 0 
765 9 0 0 0 0 0 0 0 0 0 0 0 
766 9 0 0 0 0 0 0 0 0 0 0 0 
767 9 0 0 0 0 0 0 0 0 0 0 0 
768 9 0 0 0 0 0 0 0 0 0 0 0 
769 9 0 0 0 0 0 0 0 0 0 0 0 
770 9 0 0 0 0 0 0 0 0 0 0 0 
771 9 0 0 0 0 0 0 0 0 0 0 0 
772 9 0 0 0 0 0 0 0 0 0 0 0 
773 9 0 0 0 0 0 0 0 0 0 0 0 
774 9 0 0 0 0 0 0 0 0 0 0 0 
775 9 0 0 0 0 0 0 0 0 0 0 0 
776 9 0 0 0 0 0 0 0 0 0 0 0 
777 9 0 0 0 0 0 0 0 0 0 0 0 
778 9 0 0 0 0 0 0 0 0 0 0 0 
779 9 0 0 0 0 0 0 0 0 0 0 0 
780 9 0 0 0 0 0 0 0 0 0 0 0 
781 9 0 0 0 0 0 0 0 0 0 0 0 
782 9 0 0 0 0 0 0 0 0 0 0 0 
783 9 0 0 0 0 0 0 0 0 0 0 0 
784 9 0 0 0 0 0 0 0 0 0 0 0 
785 9 3 0 0 0 0 0 0 0 0 0 0 
786 9 4 0 0 0 0 0 0 0 0 0 0 
787 9 0 0 0 0 0 0 0 0 0 0 0 
788 9 0 0 0 0 0 0 0 0 0 0 0 
789 9 0 0 0 0 0 0 0 0 0 0 0 
790 9 0 0 0 0 0 0 0 0 0 0 0 
791 9 0 0 0 0 0 0 0 0 0 0 0 
792 9 0 0 0 0 0 0 0 0 0 0 0 
793 9 0 0 0 0 0 0 0 0 0 0 0 
794 9 0 0 0 0 0 0 0 0 0 0 0 
795 9 0 0 0 0 0 0 0 0 0 0 0 
796 9 0 0 0 0 0 0 0 0 0 0 0 
797 9 0 0 0 0 0 0 0 0 0 0 0 
798 9 0 0 0 0 0 0 0 0 0 0 0 
799 9 0 0 0 0 0 0 0 0 0 0 0 
800 9 0 0 0 0 0 0 0 0 0 0 0 
801 9 0 0 0 0 0 0 0 0 0 0 0 
802 9 0 0 0 0 0 0 0 0 0 0 0 
803 9 0 0 0 0 0 0 0 0 0 0 0 
804 9 0 0 0 0 0 0 0 0 0 0 0 
805 9 0 0 0 0 0 0 0 0 0 0 0 
806 9 0 0 0 0 0 0 0 0 0 0 0 
807 9 -1 27 4 21 -1 -1 -1 -1 -1 2 10043 
808 9 10 0 0 0 0 0 0 0 0 0 0 
809 9 -1 214 1 25 -1 -1 -1 -1 -1 1 0 
810 9 13 0 0 0 0 0 0 0 0 0 0 
811 9 0 0 0 0 0 0 0 0 0 0 0 
812 9 0 0 0 0 0 0 0 0 0 0 0 
813 9 0 0 0 0 0 0 0 0 0 0 0 
814 9 0 0 0 0 0 0 0 0 0 0 0 
815 9 15 0 0 0 0 0 0 0 0 0 0 
816 9 -1 294 3 10 -1 -1 -1 -1 -1 0 -33 
817 9 -1 25 3 30 -1 -1 -1 -1 -1 0 23 
818 9 20 0 0 0 0 0 0 0 0 0 0 
819 9 -1 353 0 28 -1 -1 -1 -1 -1 2 -4 
820 9 -1 286 4 39 -1 -1 -1 -1 -1 3 1511 
821 9 0 0 0 0 0 0 0 0 0 0 0 
822 9 0 0 0 0 0 0 0 0 0 0 0 
823 9 0 0 0 0 0 0 0 0 0 0 0 
824 9 0 0 0 0 0 0 0 0 0 0 0 
825 9 0 0 0 0 0 0 0 0 0 0 0 
826 9 0 0 0 0 0 0 0 0 0 0 0 
827 9 0 0 0 0 0 0 0 0 0 0 0 
828 9 0 0 0 0 0 0 0 0 0 0 0 
829 9 0 0 0 0 0 0 0 0 0 0 0 
830 9 0 0 0 0 0 0 0 0 0 0 0 
831 9 28 0 0 0 0 0 0 0 0 0 0 
832 9 -1 134 4 19 -1 -1 -1 -1 -1 0 2770 
833 9 0 0 0 0 0 0 0 0 0 0 0 
834 9 0 0 0 0 0 0 0 0 0 0 0 
835 9 0 0 0 0 0 0 0 0 0 0 0 
836 9 0 0 0 0 0 0 0 0 0 0 0 
837 9 0 0 0 0 0 0 0 0 0 0 0 
838 9 0 0 0 0 0 0 0 0 0 0 0 
839 9 0 0 0 0 0 0 0 0 0 0 0 
840 9 0 0 0 0 0 0 0 0 0 0 0 
841 9 34 0 0 0 0 0 0 0 0 0 0 
842 9 -1 253 2 25 -1 -1 -1 -1 -1 0 1429 
843 9 -1 44 0 27 -1 -1 -1 -1 -1 2 -28 
844 9 39 0 0 0 0 0 0 0 0 0 0 
845 9 0 0 0 0 0 0 0 0 0 0 0 
846 9 0 0 0 0 0 0 0 0 0 0 0 
847 9 0 0 0 0 0 0 0 0 0 0 0 
848 9 0 0 0 0 0 0 0 0 0 0 0 
849 9 0 0 0 0 0 0 0 0 0 0 0 
850 9 0 0 0 0 0 0 0 0 0 0 0 
851 9 0 0 0 0 0 0 0 0 0 0 0 
852 9 0 0 0 0 0 0 0 0 0 0 0 
853 9 0 0 0 0 0 0 0 0 0 0 0 
854 9 0 0 0 0 0 0 0 0 0 0 0 
855 9 0 0 0 0 0 0 0 0 0 0 0 
856 9 0 0 0 0 0 0 0 0 0 0 0 
857 9 0 0 0 0 0 0 0 0 0 0 0 
858 9 0 0 0 0 0 0 0 0 0 0 0 
859 9 0 0 0 0 0 0 0 0 0 0 0 
860 9 0 0 0 0 0 0 0 0 0 0 0 
861 9 0 0 0 0 0 0 0 0 0 0 0 
862 9 0 0 0 0 0 0 0 0 0 0 0 
863 9 0 0 0 0 0 0 0 0 0 0 0 
864 9 0 0 0 0 0 0 0 0 0 0 0 
865 9 0 0 0 0 0 0 0 0 0 0 0 
866 9 0 0 0 0 0 0 0 0 0 0 0 
867 9 0 0 0 0 0 0 0 0 0 0 0 
868 9 0 0 0 0 0 0 0 0 0 0 0 
869 9 0 0 0 0 0 0 0 0 0 0 0 
870 9 0 0 0 0 0 0 0 0 0 0 0 
871 9 0 0 0 0 0 0 0 0 0 0 0 
872 9 0 0 0 0 0 0 0 0 0 0 0 
873 9 0 0 0 0 0 0 0 0 0 0 0 
874 9 0 0 0 0 0 0 0 0 0 0 0 
875 9 0 0 0 0 0 0 0 0 0 0 0 
876 9 0 0 0 0 0 0 0 0 0 0 0 
877 9 0 0 0 0 0 0 0 0 0 0 0 
878 9 0 0 0 0 0 0 0 0 0 0 0 
879 9 0 0 0 0 0 0 0 0 0 0 0 
880 9 0 0 0 0 0 0 0 0 0 0 0 
881 9 0 0 0 0 0 0 0 0 0 0 0 
882 9 0 0 0 0 0 0 0 0 0 0 0 
883 9 0 0 0 0 0 0 0 0 0 0 0 
884 9 0 0 0 0 0 0 0 0 0 0 0 
885 9 0 0 0 0 0 0 0 0 0 0 0 
886 9 0 0 0 0 0 0 0 0 0 0 0 
887 9 0 0 0 0 0 0 0 0 0 0 0 
888 9 0 0 0 0 0 0 0 0 0 0 0 
889 9 0 0 0 0 0 0 0 0 0 0 0 
890 9 0 0 0 0 0 0 0 0 0 0 0 
891 9 0 0 0 0 0 0 0 0 0 0 0 
892 9 0 0 0 0 0 0 0 0 0 0 0 
893 9 0 0 0 0 0 0 0 0 0 0 0 
894 9 0 0 0 0 0 0 0 0 0 0 0 
895 9 0 0 0 0 0 0 0 0 0 0 0 
896 9 0 0 0 0 0 0 0 0 0 0 0 
897 9 0 0 0 0 0 0 0 0 0 0 0 
898 9 0 0 0 0 0 0 0 0 0 0 0 
899 9 0 0 0 0 0 0 0 0 0 0 0 
900 9 0 0 0 0 0 0 0 0 0 0 0 
901 9 0 0 0 0 0 0 0 0 0 0 0 
902 9 0 0 0 0 0 0 0 0 0 0 0 
903 9 0 0 0 0 0 0 0 0 0 0 0 
904 9 0 0 0 0 0 0 0 0 0 0 0 
905 9 0 0 0 0 0 0 0 0 0 0 0 
906 9 0 0 0 0 0 0 0 0 0 0 0 
907 9 0 0 0 0 0 0 0 0 0 0 0 
908 9 0 0 0 0 0 0 0 0 0 0 0 
909 9 0 0 0 0 0 0 0 0 0 0 0 
910 9 0 0 0 0 0 0 0 0 0 0 0 
911 9 0 0 0 0 0 0 0 0 0 0 0 
912 9 0 0 0 0 0 0 0 0 0 0 0 
913 9 0 0 0 0 0 0 0 0 0 0 0 
914 9 0 0 0 0 0 0 0 0 0 0 0 
915 9 0 0 0 0 0 0 0 0 0 0 0 
916 9 0 0 0 0 0 0 0 0 0 0 0 
917 9 0 0 0 0 0 0 0 0 0 0 0 
918 9 0 0 0 0 0 0 0 0 0 0 0 
919 9 0 0 0 0 0 0 0 0 0 0 0 
920 9 0 0 0 0 0 0 0 0 0 0 0 
921 9 0 0 0 0 0 0 0 0 0 0 0 
922 9 0 0 0 0 0 0 0 0 0 0 0 
923 9 0 0 0 0 0 0 0 0 0 0 0 
924 9 0 0 0 0 0 0 0 0 0 0 0 
925 9 0 0 0 0 0 0 0 0 0 0 0 
926 9 0 0 0 0 0 0 0 0 0 0 0 
927 9 0 0 0 0 0 0 0 0 0 0 0 
928 9 0 0 0 0 0 0 0 0 0 0 0 
929 9 0 0 0 0 0 0 0 0 0 0 0 
930 9 0 0 0 0 0 0 0 0 0 0 0 
931 9 0 0 0 0 0 0 0 0 0 0 0 
932 9 0 0 0 0 0 0 0 0 0 0 0 
933 9 0 0 0 0 0 0 0 0 0 0 0 
934 9 0 0 0 0 0 0 0 0 0 0 0 
935 9 0 0 0 0 0 0 0 0 0 0 0 
936 9 0 0 0 0 0 0 0 0 0 0 0 
937 9 0 0 0 0 0 0 0 0 0 0 0 
938 9 0 0 0 0 0 0 0 0 0 0 0 
939 9 0 0 0 0 0 0 0 0 0 0 0 
940 9 0 0 0 0 0 0 0 0 0 0 0 
941 9 0 0 0 0 0 0 0 0 0 0 0 
942 9 0 0 0 0 0 0 0 0 0 0 0 
943 9 0 0 0 0 0 0 0 0 0 0 0 
944 9 0 0 0 0 0 0 0 0 0 0 0 
945 9 0 0 0 0 0 0 0 0 0 0 0 
946 9 0 0 0 0 0 0 0 0 0 0 0 
947 9 0 0 0 0 0 0 0 0 0 0 0 
948 9 0 0 0 0 0 0 0 0 0 0 0 
949 9 0 0 0 0 0 0 0 0 0 0 0 
950 9 0 0 0 0 0 0 0 0 0 0 0 
951 9 0 0 0 0 0 0 0 0 0 0 0 
952 9 0 0 0 0 0 0 0 0 0 0 0 
953 9 0 0 0 0 0 0 0 0 0 0 0 
954 9 0 0 0 0 0 0 0 0 0 0 0 
955 9 0 0 0 0 0 0 0 0 0 0 0 
956 9 0 0 0 0 0 0 0 0 0 0 0 
957 9 0 0 0 0 0 0 0 0 0 0 0 
958 9 0 0 0 0 0 0 0 0 0 0 0 
959 9 0 0 0 0 0 0 0 0 0 0 0 
960 9 0 0 0 0 0 0 0 0 0 0 0 
961 9 0 0 0 0 0 0 0 0 0 0 0 
962 9 0 0 0 0 0 0 0 0 0 0 0 
963 9 0 0 0 0 0 0 0 0 0 0 0 
964 9 0 0 0 0 0 0 0 0 0 0 0 
965 9 0 0 0 0 0 0 0 0 0 0 0 
966 9 0 0 0 0 0 0 0 0 0 0 0 
967 9 0 0 0 0 0 0 0 0 0 0 0 
968 9 0 0 0 0 0 0 0 0 0 0 0 
969 9 0 0 0 0 0 0 0 0 0 0 0 
970 9 0 0 0 0 0 0 0 0 0 0 0 
971 9 46 0 0 0 0 0 0 0 0 0 0 
972 9 -1 186 4 16 -1 -1 -1 -1 -1 1 6152 
973 9 -1 98 2 13 -1 -1 -1 -1 -1 1 8750 
974 9 51 0 0 0 0 0 0 0 0 0 0 
975 9 0 0 0 0 0 0 0 0 0 0 0 
976 9 0 0 0 0 0 0 0 0 0 0 0 
977 9 0 0 0 0 0 0 0 0 0 0 0 
978 9 0 0 0 0 0 0 0 0 0 0 0 
979 9 0 0 0 0 0 0 0 0 0 0 0 
980 9 0 0 0 0 0 0 0 0 0 0 0 
981 9 0 0 0 0 0 0 0 0 0 0 0 
982 9 0 0 0 0 0 0 0 0 0 0 0 
983 9 0 0 0 0 0 0 0 0 0 0 0 
984 9 0 0 0 0 0 0 0 0 0 0 0 
985 9 0 0 0 0 0 0 0 0 0 0 0 
986 9 0 0 0 0 0 0 0 0 0 0 0 
987 9 0 0 0 0 0 0 0 0 0 0 0 
988 9 0 0 0 0 0 0 0 0 0 0 0 
989 9 0 0 0 0 0 0 0 0 0 0 0 
990 9 0 0 0 0 0 0 0 0 0 0 0 
991 9 0 0 0 0 0 0 0 0 0 0 0 
992 9 0 0 0 0 0 0 0 0 0 0 0 
993 9 0 0 0 0 0 0 0 0 0 0 0 
994 9 0 0 0 0 0 0 0 0 0 0 0 
995 9 0 0 0 0 0 0 0 0 0 0 0 
996 9 0 0 0 0 0 0 0 0 0 0 0 
997 9 0 0 0 0 0 0 0 0 0 0 0 
998 9 0 0 0 0 0 0 0 0 0 0 0 
999 9 0 0 0 0 0 0 0 0 0 0 0 
1000 9 0 0 0 0 0 0 0 0 0 0 0 
1001 9 0 0 0 0 0 0 0 0 0 0 0 
1002 9 0 0 0 0 0 0 0 0 0 0 0 
1003 9 0 0 0 0 0 0 0 0 0 0 0 
1004 9 0 0 0 0 0 0 0 0 0 0 0 
1005 9 0 0 0 0 0 0 0 0 0 0 0 
1006 9 0 0 0 0 0 0 0 0 0 0 0 
1007 9 0 0 0 0 0 0 0 0 0 0 0 
1008 9 0 0 0 0 0 0 0 0 0 0 0 
1009 9 0 0 0 0 0 0 0 0 0 0 0 
1010 9 0 0 0 0 0 0 0 0 0 0 0 
1011 9 0 0 0 0 0 0 0 0 0 0 0 
1012 9 0 0 0 0 0 0 0 0 0 0 0 
1013 9 0 0 0 0 0 0 0 0 0 0 0 
1014 9 0 0 0 0 0 0 0 0 0 0 0 
1015 9 0 0 0 0 0 0 0 0 0 0 0 
1016 9 0 0 0 0 0 0 0 0 0 0 0 
1017 9 0 0 0 0 0 0 0 0 0 0 0 
1018 9 0 0 0 0 0 0 0 0 0 0 0 
1019 9 0 0 0 0 0 0 0 0 0 0 0 
1020 9 0 0 0 0 0 0 0 0 0 0 0 
1021 9 0 0 0 0 0 0 0 0 0 0 0 
1022 9 0 0 0 0 0 0 0 0 0 0 0 
1023 10 0 0 0 0 0 0 0 0 0 0 0 
1024 10 0 0 0 0 0 0 0 0 0 0 0 
1025 10 0 0 0 0 0 0 0 0 0 0 0 
1026 10 0 0 0 0 0 0 0 0 0 0 0 
1027 10 0 0 0 0 0 0 0 0 0 0 0 
1028 10 0 0 0 0 0 0 0 0 0 0 0 
1029 10 0 0 0 0 0 0 0 0 0 0 0 
1030 10 0 0 0 0 0 0 0 0 0 0 0 
1031 10 0 0 0 0 0 0 0 0 0 0 0 
1032 10 0 0 0 0 0 0 0 0 0 0 0 
1033 10 0 0 0 0 0 0 0 0 0 0 0 
1034 10 0 0 0 0 0 0 0 0 0 0 0 
1035 10 0 0 0 0 0 0 0 0 0 0 0 
1036 10 0 0 0 0 0 0 0 0 0 0 0 
1037 10 0 0 0 0 0 0 0 0 0 0 0 
1038 10 0 0 0 0 0 0 0 0 0 0 0 
1039 10 0 0 0 0 0 0 0 0 0 0 0 
1040 10 0 0 0 0 0 0 0 0 0 0 0 
1041 10 0 0 0 0 0 0 0 0 0 0 0 
1042 10 0 0 0 0 0 0 0 0 0 0 0 
1043 10 0 0 0 0 0 0 0 0 0 0 0 
1044 10 0 0 0 0 0 0 0 0 0 0 0 
1045 10 0 0 0 0 0 0 0 0 0 0 0 
1046 10 0 0 0 0 0 0 0 0 0 0 0 
1047 10 0 0 0 0 0 0 0 0 0 0 0 
1048 10 0 0 0 0 0 0 0 0 0 0 0 
1049 10 0 0 0 0 0 0 0 0 0 0 0 
1050 10 0 0 0 0 0 0 0 0 0 0 0 
1051 10 0 0 0 0 0 0 0 0 0 0 0 
1052 10 0 0 0 0 0 0 0 0 0 0 0 
1053 10 0 0 0 0 0 0 0 0 0 0 0 
1054 10 0 0 0 0 0 0 0 0 0 0 0 
1055 10 0 0 0 0 0 0 0 0 0 0 0 
1056 10 0 0 0 0 0 0 0 0 0 0 0 
1057 10 0 0 0 0 0 0 0 0 0 0 0 
1058 10 0 0 0 0 0 0 0 0 0 0 0 
1059 10 0 0 0 0 0 0 0 0 0 0 0 
1060 10 0 0 0 0 0 0 0 0 0 0 0 
1061 10 0 0 0 0 0 0 0 0 0 0 0 
1062 10 0 0 0 0 0 0 0 0 0 0 0 
1063 10 0 0 0 0 0 0 0 0 0 0 0 
1064 10 0 0 0 0 0 0 0 0 0 0 0 
1065 10 0 0 0 0 0 0 0 0 0 0 0 
1066 10 0 0 0 0 0 0 0 0 0 0 0 
1067 10 0 0 0 0 0 0 0 0 0 0 0 
1068 10 0 0 0 0 0 0 0 0 0 0 0 
1069 10 0 0 0 0 0 0 0 0 0 0 0 
1070 10 0 0 0 0 0 0 0 0 0 0 0 
1071 10 0 0 0 0 0 0 0 0 0 0 0 
1072 10 0 0 0 0 0 0 0 0 0 0 0 
1073 10 0 0 0 0 0 0 0 0 0 0 0 
1074 10 0 0 0 0 0 0 0 0 0 0 0 
1075 10 0 0 0 0 0 0 0 0 0 0 0 
1076 10 0 0 0 0 0 0 0 0 0 0 0 
1077 10 0 0 0 0 0 0 0 0 0 0 0 
1078 10 0 0 0 0 0 0 0 0 0 0 0 
1079 10 0 0 0 0 0 0 0 0 0 0 0 
1080 10 0 0 0 0 0 0 0 0 0 0 0 
1081 10 0 0 0 0 0 0 0 0 0 0 0 
1082 10 0 0 0 0 0 0 0 0 0 0 0 
1083 10 0 0 0 0 0 0 0 0 0 0 0 
1084 10 0 0 0 0 0 0 0 0 0 0 0 
1085 10 0 0 0 0 0 0 0 0 0 0 0 
1086 10 0 0 0 0 0 0 0 0 0 0 0 
1087 10 0 0 0 0 0 0 0 0 0 0 0 
1088 10 0 0 0 0 0 0 0 0 0 0 0 
1089 10 0 0 0 0 0 0 0 0 0 0 0 
1090 10 0 0 0 0 0 0 0 0 0 0 0 
1091 10 0 0 0 0 0 0 0 0 0 0 0 
1092 10 0 0 0 0 0 0 0 0 0 0 0 
1093 10 0 0 0 0 0 0 0 0 0 0 0 
1094 10 0 0 0 0 0 0 0 0 0 0 0 
1095 10 0 0 0 0 0 0 0 0 0 0 0 
1096 10 0 0 0 0 0 0 0 0 0 0 0 
1097 10 0 0 0 0 0 0 0 0 0 0 0 
1098 10 0 0 0 0 0 0 0 0 0 0 0 
1099 10 0 0 0 0 0 0 0 0 0 0 0 
1100 10 0 0 0 0 0 0 0 0 0 0 0 
1101 10 0 0 0 0 0 0 0 0 0 0 0 
1102 10 0 0 0 0 0 0 0 0 0 0 0 
1103 10 0 0 0 0 0 0 0 0 0 0 0 
1104 10 0 0 0 0 0 0 0 0 0 0 0 
1105 10 0 0 0 0 0 0 0 0 0 0 0 
1106 10 0 0 0 0 0 0 0 0 0 0 0 
1107 10 0 0 0 0 0 0 0 0 0 0 0 
1108 10 0 0 0 0 0 0 0 0 0 0 0 
1109 10 0 0 0 0 0 0 0 0 0 0 0 
1110 10 0 0 0 0 0 0 0 0 0 0 0 
1111 10 0 0 0 0 0 0 0 0 0 0 0 
1112 10 0 0 0 0 0 0 0 0 0 0 0 
1113 10 0 0 0 0 0 0 0 0 0 0 0 
1114 10 0 0 0 0 0 0 0 0 0 0 0 
1115 10 0 0 0 0 0 0 0 0 0 0 0 
1116 10 0 0 0 0 0 0 0 0 0 0 0 
1117 10 0 0 0 0 0 0 0 0 0 0 0 
1118 10 0 0 0 0 0 0 0 0 0 0 0 
1119 10 0 0 0 0 0 0 0 0 0 0 0 
1120 10 0 0 0 0 0 0 0 0 0 0 0 
1121 10 0 0 0 0 0 0 0 0 0 0 0 
1122 10 0 0 0 0 0 0 0 0 0 0 0 
1123 10 0 0 0 0 0 0 0 0 0 0 0 
1124 10 0 0 0 0 0 0 0 0 0 0 0 
1125 10 0 0 0 0 0 0 0 0 0 0 0 
1126 10 0 0 0 0 0 0 0 0 0 0 0 
1127 10 0 0 0 0 0 0 0 0 0 0 0 
1128 10 0 0 0 0 0 0 0 0 0 0 0 
1129 10 0 0 0 0 0 0 0 0 0 0 0 
1130 10 0 0 0 0 0 0 0 0 0 0 0 
1131 10 0 0 0 0 0 0 0 0 0 0 0 
1132 10 0 0 0 0 0 0 0 0 0 0 0 
1133 10 0 0 0 0 0 0 0 0 0 0 0 
1134 10 0 0 0 0 0 0 0 0 0 0 0 
1135 10 0 0 0 0 0 0 0 0 0 0 0 
1136 10 0 0 0 0 0 0 0 0 0 0 0 
1137 10 0 0 0 0 0 0 0 0 0 0 0 
1138 10 0 0 0 0 0 0 0 0 0 0 0 
1139 10 0 0 0 0 0 0 0 0 0 0 0 
1140 10 0 0 0 0 0 0 0 0 0 0 0 
1141 10 0 0 0 0 0 0 0 0 0 0 0 
1142 10 0 0 0 0 0 0 0 0 0 0 0 
1143 10 0 0 0 0 0 0 0 0 0 0 0 
1144 10 0 0 0 0 0 0 0 0 0 0 0 
1145 10 0 0 0 0 0 0 0 0 0 0 0 
1146 10 0 0 0 0 0 0 0 0 0 0 0 
1147 10 0 0 0 0 0 0 0 0 0 0 0 
1148 10 0 0 0 0 0 0 0 0 0 0 0 
1149 10 0 0 0 0 0 0 0 0 0 0 0 
1150 10 0 0 0 0 0 0 0 0 0 0 0 
1151 10 0 0 0 0 0 0 0 0 0 0 0 
1152 10 0 0 0 0 0 0 0 0 0 0 0 
1153 10 0 0 0 0 0 0 0 0 0 0 0 
1154 10 0 0 0 0 0 0 0 0 0 0 0 
1155 10 0 0 0 0 0 0 0 0 0 0 0 
1156 10 0 0 0 0 0 0 0 0 0 0 0 
1157 10 0 0 0 0 0 0 0 0 0 0 0 
1158 10 0 0 0 0 0 0 0 0 0 0 0 
1159 10 0 0 0 0 0 0 0 0 0 0 0 
1160 10 0 0 0 0 0 0 0 0 0 0 0 
1161 10 0 0 0 0 0 0 0 0 0 0 0 
1162 10 0 0 0 0 0 0 0 0 0 0 0 
1163 10 0 0 0 0 0 0 0 0 0 0 0 
1164 10 0 0 0 0 0 0 0 0 0 0 0 
1165 10 0 0 0 0 0 0 0 0 0 0 0 
1166 10 0 0 0 0 0 0 0 0 0 0 0 
1167 10 0 0 0 0 0 0 0 0 0 0 0 
1168 10 0 0 0 0 0 0 0 0 0 0 0 
1169 10 0 0 0 0 0 0 0 0 0 0 0 
1170 10 0 0 0 0 0 0 0 0 0 0 0 
1171 10 0 0 0 0 0 0 0 0 0 0 0 
1172 10 0 0 0 0 0 0 0 0 0 0 0 
1173 10 0 0 0 0 0 0 0 0 0 0 0 
1174 10 0 0 0 0 0 0 0 0 0 0 0 
1175 10 0 0 0 0 0 0 0 0 0 0 0 
1176 10 0 0 0 0 0 0 0 0 0 0 0 
1177 10 0 0 0 0 0 0 0 0 0 0 0 
1178 10 0 0 0 0 0 0 0 0 0 0 0 
1179 10 0 0 0 0 0 0 0 0 0 0 0 
1180 10 0 0 0 0 0 0 0 0 0 0 0 
1181 10 0 0 0 0 0 0 0 0 0 0 0 
1182 10 0 0 0 0 0 0 0 0 0 0 0 
1183 10 0 0 0 0 0 0 0 0 0 0 0 
1184 10 0 0 0 0 0 0 0 0 0 0 0 
1185 10 0 0 0 0 0 0 0 0 0 0 0 
1186 10 0 0 0 0 0 0 0 0 0 0 0 
1187 10 0 0 0 0 0 0 0 0 0 0 0 
1188 10 0 0 0 0 0 0 0 0 0 0 0 
1189 10 0 0 0 0 0 0 0 0 0 0 0 
1190 10 0 0 0 0 0 0 0 0 0 0 0 
1191 10 0 0 0 0 0 0 0 0 0 0 0 
1192 10 0 0 0 0 0 0 0 0 0 0 0 
1193 10 0 0 0 0 0 0 0 0 0 0 0 
1194 10 0 0 0 0 0 0 0 0 0 0 0 
1195 10 0 0 0 0 0 0 0 0 0 0 0 
1196 10 0 0 0 0 0 0 0 0 0 0 0 
1197 10 0 0 0 0 0 0 0 0 0 0 0 
1198 10 0 0 0 0 0 0 0 0 0 0 0 
1199 10 0 0 0 0 0 0 0 0 0 0 0 
1200 10 0 0 0 0 0 0 0 0 0 0 0 
1201 10 0 0 0 0 0 0 0 0 0 0 0 
1202 10 0 0 0 0 0 0 0 0 0 0 0 
1203 10 0 0 0 0 0 0 0 0 0 0 0 
1204 10 0 0 0 0 0 0 0 0 0 0 0 
1205 10 0 0 0 0 0 0 0 0 0 0 0 
1206 10 0 0 0 0 0 0 0 0 0 0 0 
1207 10 0 0 0 0 0 0 0 0 0 0 0 
1208 10 0 0 0 0 0 0 0 0 0 0 0 
1209 10 0 0 0 0 0 0 0 0 0 0 0 
1210 10 0 0 0 0 0 0 0 0 0 0 0 
1211 10 0 0 0 0 0 0 0 0 0 0 0 
1212 10 0 0 0 0 0 0 0 0 0 0 0 
1213 10 0 0 0 0 0 0 0 0 0 0 0 
1214 10 0 0 0 0 0 0 0 0 0 0 0 
1215 10 0 0 0 0 0 0 0 0 0 0 0 
1216 10 0 0 0 0 0 0 0 0 0 0 0 
1217 10 0 0 0 0 0 0 0 0 0 0 0 
1218 10 0 0 0 0 0 0 0 0 0 0 0 
1219 10 0 0 0 0 0 0 0 0 0 0 0 
1220 10 0 0 0 0 0 0 0 0 0 0 0 
1221 10 0 0 0 0 0 0 0 0 0 0 0 
1222 10 0 0 0 0 0 0 0 0 0 0 0 
1223 10 0 0 0 0 0 0 0 0 0 0 0 
1224 10 0 0 0 0 0 0 0 0 0 0 0 
1225 10 0 0 0 0 0 0 0 0 0 0 0 
1226 10 0 0 0 0 0 0 0 0 0 0 0 
1227 10 0 0 0 0 0 0 0 0 0 0 0 
1228 10 0 0 0 0 0 0 0 0 0 0 0 
1229 10 0 0 0 0 0 0 0 0 0 0 0 
1230 10 0 0 0 0 0 0 0 0 0 0 0 
1231 10 0 0 0 0 0 0 0 0 0 0 0 
1232 10 0 0 0 0 0 0 0 0 0 0 0 
1233 10 0 0 0 0 0 0 0 0 0 0 0 
1234 10 0 0 0 0 0 0 0 0 0 0 0 
1235 10 0 0 0 0 0 0 0 0 0 0 0 
1236 10 0 0 0 0 0 0 0 0 0 0 0 
1237 10 0 0 0 0 0 0 0 0 0 0 0 
1238 10 0 0 0 0 0 0 0 0 0 0 0 
1239 10 0 0 0 0 0 0 0 0 0 0 0 
1240 10 0 0 0 0 0 0 0 0 0 0 0 
1241 10 0 0 0 0 0 0 0 0 0 0 0 
1242 10 0 0 0 0 0 0 0 0 0 0 0 
1243 10 0 0 0 0 0 0 0 0 0 0 0 
1244 10 0 0 0 0 0 0 0 0 0 0 0 
1245 10 0 0 0 0 0 0 0 0 0 0 0 
1246 10 0 0 0 0 0 0 0 0 0 0 0 
1247 10 0 0 0 0 0 0 0 0 0 0 0 
1248 10 0 0 0 0 0 0 0 0 0 0 0 
1249 10 0 0 0 0 0 0 0 0 0 0 0 
1250 10 0 0 0 0 0 0 0 0 0 0 0 
1251 10 0 0 0 0 0 0 0 0 0 0 0 
1252 10 0 0 0 0 0 0 0 0 0 0 0 
1253 10 0 0 0 0 0 0 0 0 0 0 0 
1254 10 0 0 0 0 0 0 0 0 0 0 0 
1255 10 0 0 0 0 0 0 0 0 0 0 0 
1256 10 0 0 0 0 0 0 0 0 0 0 0 
1257 10 0 0 0 0 0 0 0 0 0 0 0 
1258 10 0 0 0 0 0 0 0 0 0 0 0 
1259 10 0 0 0 0 0 0 0 0 0 0 0 
1260 10 0 0 0 0 0 0 0 0 0 0 0 
1261 10 0 0 0 0 0 0 0 0 0 0 0 
1262 10 0 0 0 0 0 0 0 0 0 0 0 
1263 10 0 0 0 0 0 0 0 0 0 0 0 
1264 10 0 0 0 0 0 0 0 0 0 0 0 
1265 10 0 0 0 0 0 0 0 0 0 0 0 
1266 10 0 0 0 0 0 0 0 0 0 0 0 
1267 10 0 0 0 0 0 0 0 0 0 0 0 
1268 10 0 0 0 0 0 0 0 0 0 0 0 
1269 10 0 0 0 0 0 0 0 0 0 0 0 
1270 10 0 0 0 0 0 0 0 0 0 0 0 
1271 10 0 0 0 0 0 0 0 0 0 0 0 
1272 10 0 0 0 0 0 0 0 0 0 0 0 
1273 10 0 0 0 0 0 0 0 0 0 0 0 
1274 10 0 0 0 0 0 0 0 0 0 0 0 
1275 10 0 0 0 0 0 0 0 0 0 0 0 
1276 10 0 0 0 0 0 0 0 0 0 0 0 
1277 10 0 0 0 0 0 0 0 0 0 0 0 
1278 10 0 0 0 0 0 0 0 0 0 0 0 
1279 10 0 0 0 0 0 0 0 0 0 0 0 
1280 10 0 0 0 0 0 0 0 0 0 0 0 
1281 10 0 0 0 0 0 0 0 0 0 0 0 
1282 10 0 0 0 0 0 0 0 0 0 0 0 
1283 10 0 0 0 0 0 0 0 0 0 0 0 
1284 10 0 0 0 0 0 0 0 0 0 0 0 
1285 10 0 0 0 0 0 0 0 0 0 0 0 
1286 10 0 0 0 0 0 0 0 0 0 0 0 
1287 10 0 0 0 0 0 0 0 0 0 0 0 
1288 10 0 0 0 0 0 0 0 0 0 0 0 
1289 10 0 0 0 0 0 0 0 0 0 0 0 
1290 10 0 0 0 0 0 0 0 0 0 0 0 
1291 10 0 0 0 0 0 0 0 0 0 0 0 
1292 10 0 0 0 0 0 0 0 0 0 0 0 
1293 10 0 0 0 0 0 0 0 0 0 0 0 
1294 10 0 0 0 0 0 0 0 0 0 0 0 
1295 10 0 0 0 0 0 0 0 0 0 0 0 
1296 10 0 0 0 0 0 0 0 0 0 0 0 
1297 10 0 0 0 0 0 0 0 0 0 0 0 
1298 10 0 0 0 0 0 0 0 0 0 0 0 
1299 10 0 0 0 0 0 0 0 0 0 0 0 
1300 10 0 0 0 0 0 0 0 0 0 0 0 
1301 10 0 0 0 0 0 0 0 0 0 0 0 
1302 10 0 0 0 0 0 0 0 0 0 0 0 
1303 10 0 0 0 0 0 0 0 0 0 0 0 
1304 10 0 0 0 0 0 0 0 0 0 0 0 
1305 10 0 0 0 0 0 0 0 0 0 0 0 
1306 10 0 0 0 0 0 0 0 0 0 0 0 
1307 10 0 0 0 0 0 0 0 0 0 0 0 
1308 10 0 0 0 0 0 0 0 0 0 0 0 
1309 10 0 0 0 0 0 0 0 0 0 0 0 
1310 10 0 0 0 0 0 0 0 0 0 0 0 
1311 10 0 0 0 0 0 0 0 0 0 0 0 
1312 10 0 0 0 0 0 0 0 0 0 0 0 
1313 10 0 0 0 0 0 0 0 0 0 0 0 
1314 10 0 0 0 0 0 0 0 0 0 0 0 
1315 10 0 0 0 0 0 0 0 0 0 0 0 
1316 10 0 0 0 0 0 0 0 0 0 0 0 
1317 10 0 0 0 0 0 0 0 0 0 0 0 
1318 10 0 0 0 0 0 0 0 0 0 0 0 
1319 10 0 0 0 0 0 0 0 0 0 0 0 
1320 10 0 0 0 0 0 0 0 0 0 0 0 
1321 10 0 0 0 0 0 0 0 0 0 0 0 
1322 10 0 0 0 0 0 0 0 0 0 0 0 
1323 10 0 0 0 0 0 0 0 0 0 0 0 
1324 10 0 0 0 0 0 0 0 0 0 0 0 
1325 10 0 0 0 0 0 0 0 0 0 0 0 
1326 10 0 0 0 0 0 0 0 0 0 0 0 
1327 10 0 0 0 0 0 0 0 0 0 0 0 
1328 10 0 0 0 0 0 0 0 0 0 0 0 
1329 10 0 0 0 0 0 0 0 0 0 0 0 
1330 10 0 0 0 0 0 0 0 0 0 0 0 
1331 10 0 0 0 0 0 0 0 0 0 0 0 
1332 10 0 0 0 0 0 0 0 0 0 0 0 
1333 10 0 0 0 0 0 0 0 0 0 0 0 
1334 10 0 0 0 0 0 0 0 0 0 0 0 
1335 10 0 0 0 0 0 0 0 0 0 0 0 
1336 10 0 0 0 0 0 0 0 0 0 0 0 
1337 10 0 0 0 0 0 0 0 0 0 0 0 
1338 10 0 0 0 0 0 0 0 0 0 0 0 
1339 10 0 0 0 0 0 0 0 0 0 0 0 
1340 10 0 0 0 0 0 0 0 0 0 0 0 
1341 10 0 0 0 0 0 0 0 0 0 0 0 
1342 10 0 0 0 0 0 0 0 0 0 0 0 
1343 10 0 0 0 0 0 0 0 0 0 0 0 
1344 10 0 0 0 0 0 0 0 0 0 0 0 
1345 10 0 0 0 0 0 0 0 0 0 0 0 
1346 10 0 0 0 0 0 0 0 0 0 0 0 
1347 10 0 0 0 0 0 0 0 0 0 0 0 
1348 10 0 0 0 0 0 0 0 0 0 0 0 
1349 10 0 0 0 0 0 0 0 0 0 0 0 
1350 10 0 0 0 0 0 0 0 0 0 0 0 
1351 10 0 0 0 0 0 0 0 0 0 0 0 
1352 10 0 0 0 0 0 0 0 0 0 0 0 
1353 10 0 0 0 0 0 0 0 0 0 0 0 
1354 10 0 0 0 0 0 0 0 0 0 0 0 
1355 10 0 0 0 0 0 0 0 0 0 0 0 
1356 10 0 0 0 0 0 0 0 0 0 0 0 
1357 10 0 0 0 0 0 0 0 0 0 0 0 
1358 10 0 0 0 0 0 0 0 0 0 0 0 
1359 10 0 0 0 0 0 0 0 0 0 0 0 
1360 10 0 0 0 0 0 0 0 0 0 0 0 
1361 10 0 0 0 0 0 0 0 0 0 0 0 
1362 10 0 0 0 0 0 0 0 0 0 0 0 
1363 10 0 0 0 0 0 0 0 0 0 0 0 
1364 10 0 0 0 0 0 0 0 0 0 0 0 
1365 10 0 0 0 0 0 0 0 0 0 0 0 
1366 10 0 0 0 0 0 0 0 0 0 0 0 
1367 10 0 0 0 0 0 0 0 0 0 0 0 
1368 10 0 0 0 0 0 0 0 0 0 0 0 
1369 10 0 0 0 0 0 0 0 0 0 0 0 
1370 10 0 0 0 0 0 0 0 0 0 0 0 
1371 10 0 0 0 0 0 0 0 0 0 0 0 
1372 10 0 0 0 0 0 0 0 0 0 0 0 
1373 10 0 0 0 0 0 0 0 0 0 0 0 
1374 10 0 0 0 0 0 0 0 0 0 0 0 
1375 10 0 0 0 0 0 0 0 0 0 0 0 
1376 10 0 0 0 0 0 0 0 0 0 0 0 
1377 10 0 0 0 0 0 0 0 0 0 0 0 
1378 10 0 0 0 0 0 0 0 0 0 0 0 
1379 10 0 0 0 0 0 0 0 0 0 0 0 
1380 10 0 0 0 0 0 0 0 0 0 0 0 
1381 10 0 0 0 0 0 0 0 0 0 0 0 
1382 10 0 0 0 0 0 0 0 0 0 0 0 
1383 10 0 0 0 0 0 0 0 0 0 0 0 
1384 10 0 0 0 0 0 0 0 0 0 0 0 
1385 10 0 0 0 0 0 0 0 0 0 0 0 
1386 10 0 0 0 0 0 0 0 0 0 0 0 
1387 10 0 0 0 0 0 0 0 0 0 0 0 
1388 10 0 0 0 0 0 0 0 0 0 0 0 
1389 10 0 0 0 0 0 0 0 0 0 0 0 
1390 10 0 0 0 0 0 0 0 0 0 0 0 
1391 10 0 0 0 0 0 0 0 0 0 0 0 
1392 10 0 0 0 0 0 0 0 0 0 0 0 
1393 10 0 0 0 0 0 0 0 0 0 0 0 
1394 10 0 0 0 0 0 0 0 0 0 0 0 
1395 10 0 0 0 0 0 0 0 0 0 0 0 
1396 10 0 0 0 0 0 0 0 0 0 0 0 
1397 10 0 0 0 0 0 0 0 0 0 0 0 
1398 10 0 0 0 0 0 0 0 0 0 0 0 
1399 10 0 0 0 0 0 0 0 0 0 0 0 
1400 10 0 0 0 0 0 0 0 0 0 0 0 
1401 10 0 0 0 0 0 0 0 0 0 0 0 
1402 10 0 0 0 0 0 0 0 0 0 0 0 
1403 10 0 0 0 0 0 0 0 0 0 0 0 
1404 10 0 0 0 0 0 0 0 0 0 0 0 
1405 10 0 0 0 0 0 0 0 0 0 0 0 
1406 10 0 0 0 0 0 0 0 0 0 0 0 
1407 10 0 0 0 0 0 0 0 0 0 0 0 
1408 10 0 0 0 0 0 0 0 0 0 0 0 
1409 10 0 0 0 0 0 0 0 0 0 0 0 
1410 10 0 0 0 0 0 0 0 0 0 0 0 
1411 10 0 0 0 0 0 0 0 0 0 0 0 
1412 10 0 0 0 0 0 0 0 0 0 0 0 
1413 10 0 0 0 0 0 0 0 0 0 0 0 
1414 10 0 0 0 0 0 0 0 0 0 0 0 
1415 10 0 0 0 0 0 0 0 0 0 0 0 
1416 10 0 0 0 0 0 0 0 0 0 0 0 
1417 10 0 0 0 0 0 0 0 0 0 0 0 
1418 10 0 0 0 0 0 0 0 0 0 0 0 
1419 10 0 0 0 0 0 0 0 0 0 0 0 
1420 10 0 0 0 0 0 0 0 0 0 0 0 
1421 10 0 0 0 0 0 0 0 0 0 0 0 
1422 10 0 0 0 0 0 0 0 0 0 0 0 
1423 10 0 0 0 0 0 0 0 0 0 0 0 
1424 10 0 0 0 0 0 0 0 0 0 0 0 
1425 10 0 0 0 0 0 0 0 0 0 0 0 
1426 10 0 0 0 0 0 0 0 0 0 0 0 
1427 10 0 0 0 0 0 0 0 0 0 0 0 
1428 10 0 0 0 0 0 0 0 0 0 0 0 
1429 10 0 0 0 0 0 0 0 0 0 0 0 
1430 10 0 0 0 0 0 0 0 0 0 0 0 
1431 10 0 0 0 0 0 0 0 0 0 0 0 
1432 10 0 0 0 0 0 0 0 0 0 0 0 
1433 10 0 0 0 0 0 0 0 0 0 0 0 
1434 10 0 0 0 0 0 0 0 0 0 0 0 
1435 10 0 0 0 0 0 0 0 0 0 0 0 
1436 10 0 0 0 0 0 0 0 0 0 0 0 
1437 10 0 0 0 0 0 0 0 0 0 0 0 
1438 10 0 0 0 0 0 0 0 0 0 0 0 
1439 10 0 0 0 0 0 0 0 0 0 0 0 
1440 10 0 0 0 0 0 0 0 0 0 0 0 
1441 10 0 0 0 0 0 0 0 0 0 0 0 
1442 10 0 0 0 0 0 0 0 0 0 0 0 
1443 10 0 0 0 0 0 0 0 0 0 0 0 
1444 10 0 0 0 0 0 0 0 0 0 0 0 
1445 10 0 0 0 0 0 0 0 0 0 0 0 
1446 10 0 0 0 0 0 0 0 0 0 0 0 
1447 10 0 0 0 0 0 0 0 0 0 0 0 
1448 10 0 0 0 0 0 0 0 0 0 0 0 
1449 10 0 0 0 0 0 0 0 0 0 0 0 
1450 10 0 0 0 0 0 0 0 0 0 0 0 
1451 10 0 0 0 0 0 0 0 0 0 0 0 
1452 10 0 0 0 0 0 0 0 0 0 0 0 
1453 10 0 0 0 0 0 0 0 0 0 0 0 
1454 10 0 0 0 0 0 0 0 0 0 0 0 
1455 10 0 0 0 0 0 0 0 0 0 0 0 
1456 10 0 0 0 0 0 0 0 0 0 0 0 
1457 10 0 0 0 0 0 0 0 0 0 0 0 
1458 10 0 0 0 0 0 0 0 0 0 0 0 
1459 10 0 0 0 0 0 0 0 0 0 0 0 
1460 10 0 0 0 0 0 0 0 0 0 0 0 
1461 10 0 0 0 0 0 0 0 0 0 0 0 
1462 10 0 0 0 0 0 0 0 0 0 0 0 
1463 10 0 0 0 0 0 0 0 0 0 0 0 
1464 10 0 0 0 0 0 0 0 0 0 0 0 
1465 10 0 0 0 0 0 0 0 0 0 0 0 
1466 10 0 0 0 0 0 0 0 0 0 0 0 
1467 10 0 0 0 0 0 0 0 0 0 0 0 
1468 10 0 0 0 0 0 0 0 0 0 0 0 
1469 10 0 0 0 0 0 0 0 0 0 0 0 
1470 10 0 0 0 0 0 0 0 0 0 0 0 
1471 10 0 0 0 0 0 0 0 0 0 0 0 
1472 10 0 0 0 0 0 0 0 0 0 0 0 
1473 10 0 0 0 0 0 0 0 0 0 0 0 
1474 10 0 0 0 0 0 0 0 0 0 0 0 
1475 10 0 0 0 0 0 0 0 0 0 0 0 
1476 10 0 0 0 0 0 0 0 0 0 0 0 
1477 10 0 0 0 0 0 0 0 0 0 0 0 
1478 10 0 0 0 0 0 0 0 0 0 0 0 
1479 10 0 0 0 0 0 0 0 0 0 0 0 
1480 10 0 0 0 0 0 0 0 0 0 0 0 
1481 10 0 0 0 0 0 0 0 0 0 0 0 
1482 10 0 0 0 0 0 0 0 0 0 0 0 
1483 10 0 0 0 0 0 0 0 0 0 0 0 
1484 10 0 0 0 0 0 0 0 0 0 0 0 
1485 10 0 0 0 0 0 0 0 0 0 0 0 
1486 10 0 0 0 0 0 0 0 0 0 0 0 
1487 10 0 0 0 0 0 0 0 0 0 0 0 
1488 10 0 0 0 0 0 0 0 0 0 0 0 
1489 10 0 0 0 0 0 0 0 0 0 0 0 
1490 10 0 0 0 0 0 0 0 0 0 0 0 
1491 10 0 0 0 0 0 0 0 0 0 0 0 
1492 10 0 0 0 0 0 0 0 0 0 0 0 
1493 10 0 0 0 0 0 0 0 0 0 0 0 
1494 10 0 0 0 0 0 0 0 0 0 0 0 
1495 10 0 0 0 0 0 0 0 0 0 0 0 
1496 10 0 0 0 0 0 0 0 0 0 0 0 
1497 10 0 0 0 0 0 0 0 0 0 0 0 
1498 10 0 0 0 0 0 0 0 0 0 0 0 
1499 10 0 0 0 0 0 0 0 0 0 0 0 
1500 10 0 0 0 0 0 0 0 0 0 0 0 
1501 10 0 0 0 0 0 0 0 0 0 0 0 
1502 10 0 0 0 0 0 0 0 0 0 0 0 
1503 10 0 0 0 0 0 0 0 0 0 0 0 
1504 10 0 0 0 0 0 0 0 0 0 0 0 
1505 10 0 0 0 0 0 0 0 0 0 0 0 
1506 10 0 0 0 0 0 0 0 0 0 0 0 
1507 10 0 0 0 0 0 0 0 0 0 0 0 
1508 10 0 0 0 0 0 0 0 0 0 0 0 
1509 10 0 0 0 0 0 0 0 0 0 0 0 
1510 10 0 0 0 0 0 0 0 0 0 0 0 
1511 10 0 0 0 0 0 0 0 0 0 0 0 
1512 10 0 0 0 0 0 0 0 0 0 0 0 
1513 10 0 0 0 0 0 0 0 0 0 0 0 
1514 10 0 0 0 0 0 0 0 0 0 0 0 
1515 10 0 0 0 0 0 0 0 0 0 0 0 
1516 10 0 0 0 0 0 0 0 0 0 0 0 
1517 10 0 0 0 0 0 0 0 0 0 0 0 
1518 10 0 0 0 0 0 0 0 0 0 0 0 
1519 10 0 0 0 0 0 0 0 0 0 0 0 
1520 10 0 0 0 0 0 0 0 0 0 0 0 
1521 10 0 0 0 0 0 0 0 0 0 0 0 
1522 10 0 0 0 0 0 0 0 0 0 0 0 
1523 10 0 0 0 0 0 0 0 0 0 0 0 
1524 10 0 0 0 0 0 0 0 0 0 0 0 
1525 10 0 0 0 0 0 0 0 0 0 0 0 
1526 10 0 0 0 0 0 0 0 0 0 0 0 
1527 10 0 0 0 0 0 0 0 0 0 0 0 
1528 10 0 0 0 0 0 0 0 0 0 0 0 
1529 10 0 0 0 0 0 0 0 0 0 0 0 
1530 10 0 0 0 0 0 0 0 0 0 0 0 
1531 10 0 0 0 0 0 0 0 0 0 0 0 
1532 10 0 0 0 0 0 0 0 0 0 0 0 
1533 10 0 0 0 0 0 0 0 0 0 0 0 
1534 10 0 0 0 0 0 0 0 0 0 0 0 
1535 10 0 0 0 0 0 0 0 0 0 0 0 
1536 10 0 0 0 0 0 0 0 0 0 0 0 
1537 10 0 0 0 0 0 0 0 0 0 0 0 
1538 10 0 0 0 0 0 0 0 0 0 0 0 
1539 10 0 0 0 0 0 0 0 0 0 0 0 
1540 10 0 0 0 0 0 0 0 0 0 0 0 
1541 10 0 0 0 0 0 0 0 0 0 0 0 
1542 10 0 0 0 0 0 0 0 0 0 0 0 
1543 10 0 0 0 0 0 0 0 0 0 0 0 
1544 10 0 0 0 0 0 0 0 0 0 0 0 
1545 10 0 0 0 0 0 0 0 0 0 0 0 
1546 10 0 0 0 0 0 0 0 0 0 0 0 
1547 10 0 0 0 0 0 0 0 0 0 0 0 
1548 10 0 0 0 0 0 0 0 0 0 0 0 
1549 10 0 0 0 0 0 0 0 0 0 0 0 
1550 10 0 0 0 0 0 0 0 0 0 0 0 
1551 10 0 0 0 0 0 0 0 0 0 0 0 
1552 10 0 0 0 0 0 0 0 0 0 0 0 
1553 10 0 0 0 0 0 0 0 0 0 0 0 
1554 10 0 0 0 0 0 0 0 0 0 0 0 
1555 10 0 0 0 0 0 0 0 0 0 0 0 
1556 10 0 0 0 0 0 0 0 0 0 0 0 
1557 10 0 0 0 0 0 0 0 0 0 0 0 
1558 10 0 0 0 0 0 0 0 0 0 0 0 
1559 10 0 0 0 0 0 0 0 0 0 0 0 
1560 10 0 0 0 0 0 0 0 0 0 0 0 
1561 10 0 0 0 0 0 0 0 0 0 0 0 
1562 10 0 0 0 0 0 0 0 0 0 0 0 
1563 10 0 0 0 0 0 0 0 0 0 0 0 
1564 10 0 0 0 0 0 0 0 0 0 0 0 
1565 10 0 0 0 0 0 0 0 0 0 0 0 
1566 10 0 0 0 0 0 0 0 0 0 0 0 
1567 10 0 0 0 0 0 0 0 0 0 0 0 
1568 10 0 0 0 0 0 0 0 0 0 0 0 
1569 10 0 0 0 0 0 0 0 0 0 0 0 
1570 10 0 0 0 0 0 0 0 0 0 0 0 
1571 10 0 0 0 0 0 0 0 0 0 0 0 
1572 10 0 0 0 0 0 0 0 0 0 0 0 
1573 10 0 0 0 0 0 0 0 0 0 0 0 
1574 10 0 0 0 0 0 0 0 0 0 0 0 
1575 10 0 0 0 0 0 0 0 0 0 0 0 
1576 10 0 0 0 0 0 0 0 0 0 0 0 
1577 10 0 0 0 0 0 0 0 0 0 0 0 
1578 10 0 0 0 0 0 0 0 0 0 0 0 
1579 10 0 0 0 0 0 0 0 0 0 0 0 
1580 10 0 0 0 0 0 0 0 0 0 0 0 
1581 10 0 0 0 0 0 0 0 0 0 0 0 
1582 10 0 0 0 0 0 0 0 0 0 0 0 
1583 10 0 0 0 0 0 0 0 0 0 0 0 
1584 10 0 0 0 0 0 0 0 0 0 0 0 
1585 10 0 0 0 0 0 0 0 0 0 0 0 
1586 10 0 0 0 0 0 0 0 0 0 0 0 
1587 10 0 0 0 0 0 0 0 0 0 0 0 
1588 10 0 0 0 0 0 0 0 0 0 0 0 
1589 10 0 0 0 0 0 0 0 0 0 0 0 
1590 10 0 0 0 0 0 0 0 0 0 0 0 
1591 10 0 0 0 0 0 0 0 0 0 0 0 
1592 10 0 0 0 0 0 0 0 0 0 0 0 
1593 10 0 0 0 0 0 0 0 0 0 0 0 
1594 10 0 0 0 0 0 0 0 0 0 0 0 
1595 10 0 0 0 0 0 0 0 0 0 0 0 
1596 10 0 0 0 0 0 0 0 0 0 0 0 
1597 10 0 0 0 0 0 0 0 0 0 0 0 
1598 10 0 0 0 0 0 0 0 0 0 0 0 
1599 10 0 0 0 0 0 0 0 0 0 0 0 
1600 10 0 0 0 0 0 0 0 0 0 0 0 
1601 10 0 0 0 0 0 0 0 0 0 0 0 
1602 10 0 0 0 0 0 0 0 0 0 0 0 
1603 10 0 0 0 0 0 0 0 0 0 0 0 
1604 10 0 0 0 0 0 0 0 0 0 0 0 
1605 10 0 0 0 0 0 0 0 0 0 0 0 
1606 10 0 0 0 0 0 0 0 0 0 0 0 
1607 10 0 0 0 0 0 0 0 0 0 0 0 
1608 10 0 0 0 0 0 0 0 0 0 0 0 
1609 10 0 0 0 0 0 0 0 0 0 0 0 
1610 10 0 0 0 0 0 0 0 0 0 0 0 
1611 10 0 0 0 0 0 0 0 0 0 0 0 
1612 10 0 0 0 0 0 0 0 0 0 0 0 
1613 10 0 0 0 0 0 0 0 0 0 0 0 
1614 10 0 0 0 0 0 0 0 0 0 0 0 
1615 10 8 0 0 0 0 0 0 0 0 0 0 
1616 10 9 0 0 0 0 0 0 0 0 0 0 
1617 10 0 0 0 0 0 0 0 0 0 0 0 
1618 10 0 0 0 0 0 0 0 0 0 0 0 
1619 10 11 0 0 0 0 0 0 0 0 0 0 
1620 10 12 0 0 0 0 0 0 0 0 0 0 
1621 10 0 0 0 0 0 0 0 0 0 0 0 
1622 10 0 0 0 0 0 0 0 0 0 0 0 
1623 10 0 0 0 0 0 0 0 0 0 0 0 
1624 10 0 0 0 0 0 0 0 0 0 0 0 
1625 10 0 0 0 0 0 0 0 0 0 0 0 
1626 10 0 0 0 0 0 0 0 0 0 0 0 
1627 10 0 0 0 0 0 0 0 0 0 0 0 
1628 10 0 0 0 0 0 0 0 0 0 0 0 
1629 10 0 0 0 0 0 0 0 0 0 0 0 
1630 10 0 0 0 0 0 0 0 0 0 0 0 
1631 10 0 0 0 0 0 0 0 0 0 0 0 
1632 10 0 0 0 0 0 0 0 0 0 0 0 
1633 10 16 0 0 0 0 0 0 0 0 0 0 
1634 10 17 0 0 0 0 0 0 0 0 0 0 
1635 10 18 0 0 0 0 0 0 0 0 0 0 
1636 10 19 0 0 0 0 0 0 0 0 0 0 
1637 10 0 0 0 0 0 0 0 0 0 0 0 
1638 10 0 0 0 0 0 0 0 0 0 0 0 
1639 10 21 0 0 0 0 0 0 0 0 0 0 
1640 10 22 0 0 0 0 0 0 0 0 0 0 
1641 10 23 0 0 0 0 0 0 0 0 0 0 
1642 10 24 0 0 0 0 0 0 0 0 0 0 
1643 10 0 0 0 0 0 0 0 0 0 0 0 
1644 10 0 0 0 0 0 0 0 0 0 0 0 
1645 10 0 0 0 0 0 0 0 0 0 0 0 
1646 10 0 0 0 0 0 0 0 0 0 0 0 
1647 10 0 0 0 0 0 0 0 0 0 0 0 
1648 10 0 0 0 0 0 0 0 0 0 0 0 
1649 10 0 0 0 0 0 0 0 0 0 0 0 
1650 10 0 0 0 0 0 0 0 0 0 0 0 
1651 10 0 0 0 0 0 0 0 0 0 0 0 
1652 10 0 0 0 0 0 0 0 0 0 0 0 
1653 10 0 0 0 0 0 0 0 0 0 0 0 
1654 10 0 0 0 0 0 0 0 0 0 0 0 
1655 10 0 0 0 0 0 0 0 0 0 0 0 
1656 10 0 0 0 0 0 0 0 0 0 0 0 
1657 10 0 0 0 0 0 0 0 0 0 0 0 
1658 10 0 0 0 0 0 0 0 0 0 0 0 
1659 10 0 0 0 0 0 0 0 0 0 0 0 
1660 10 0 0 0 0 0 0 0 0 0 0 0 
1661 10 0 0 0 0 0 0 0 0 0 0 0 
1662 10 0 0 0 0 0 0 0 0 0 0 0 
1663 10 0 0 0 0 0 0 0 0 0 0 0 
1664 10 0 0 0 0 0 0 0 0 0 0 0 
1665 10 29 0 0 0 0 0 0 0 0 0 0 
1666 10 30 0 0 0 0 0 0 0 0 0 0 
1667 10 0 0 0 0 0 0 0 0 0 0 0 
1668 10 0 0 0 0 0 0 0 0 0 0 0 
1669 10 0 0 0 0 0 0 0 0 0 0 0 
1670 10 0 0 0 0 0 0 0 0 0 0 0 
1671 10 0 0 0 0 0 0 0 0 0 0 0 
1672 10 0 0 0 0 0 0 0 0 0 0 0 
1673 10 0 0 0 0 0 0 0 0 0 0 0 
1674 10 0 0 0 0 0 0 0 0 0 0 0 
1675 10 0 0 0 0 0 0 0 0 0 0 0 
1676 10 0 0 0 0 0 0 0 0 0 0 0 
1677 10 0 0 0 0 0 0 0 0 0 0 0 
1678 10 0 0 0 0 0 0 0 0 0 0 0 
1679 10 0 0 0 0 0 0 0 0 0 0 0 
1680 10 0 0 0 0 0 0 0 0 0 0 0 
1681 10 0 0 0 0 0 0 0 0 0 0 0 
1682 10 0 0 0 0 0 0 0 0 0 0 0 
1683 10 0 0 0 0 0 0 0 0 0 0 0 
1684 10 0 0 0 0 0 0 0 0 0 0 0 
1685 10 35 0 0 0 0 0 0 0 0 0 0 
1686 10 36 0 0 0 0 0 0 0 0 0 0 
1687 10 37 0 0 0 0 0 0 0 0 0 0 
1688 10 38 0 0 0 0 0 0 0 0 0 0 
1689 10 0 0 0 0 0 0 0 0 0 0 0 
1690 10 0 0 0 0 0 0 0 0 0 0 0 
1691 10 0 0 0 0 0 0 0 0 0 0 0 
1692 10 0 0 0 0 0 0 0 0 0 0 0 
1693 10 0 0 0 0 0 0 0 0 0 0 0 
1694 10 0 0 0 0 0 0 0 0 0 0 0 
1695 10 0 0 0 0 0 0 0 0 0 0 0 
1696 10 0 0 0 0 0 0 0 0 0 0 0 
1697 10 0 0 0 0 0 0 0 0 0 0 0 
1698 10 0 0 0 0 0 0 0 0 0 0 0 
1699 10 0 0 0 0 0 0 0 0 0 0 0 
1700 10 0 0 0 0 0 0 0 0 0 0 0 
1701 10 0 0 0 0 0 0 0 0 0 0 0 
1702 10 0 0 0 0 0 0 0 0 0 0 0 
1703 10 0 0 0 0 0 0 0 0 0 0 0 
1704 10 0 0 0 0 0 0 0 0 0 0 0 
1705 10 0 0 0 0 0 0 0 0 0 0 0 
1706 10 0 0 0 0 0 0 0 0 0 0 0 
1707 10 0 0 0 0 0 0 0 0 0 0 0 
1708 10 0 0 0 0 0 0 0 0 0 0 0 
1709 10 0 0 0 0 0 0 0 0 0 0 0 
1710 10 0 0 0 0 0 0 0 0 0 0 0 
1711 10 0 0 0 0 0 0 0 0 0 0 0 
1712 10 0 0 0 0 0 0 0 0 0 0 0 
1713 10 0 0 0 0 0 0 0 0 0 0 0 
1714 10 0 0 0 0 0 0 0 0 0 0 0 
1715 10 0 0 0 0 0 0 0 0 0 0 0 
1716 10 0 0 0 0 0 0 0 0 0 0 0 
1717 10 0 0 0 0 0 0 0 0 0 0 0 
1718 10 0 0 0 0 0 0 0 0 0 0 0 
1719 10 0 0 0 0 0 0 0 0 0 0 0 
1720 10 0 0 0 0 0 0 0 0 0 0 0 
1721 10 0 0 0 0 0 0 0 0 0 0 0 
1722 10 0 0 0 0 0 0 0 0 0 0 0 
1723 10 0 0 0 0 0 0 0 0 0 0 0 
1724 10 0 0 0 0 0 0 0 0 0 0 0 
1725 10 0 0 0 0 0 0 0 0 0 0 0 
1726 10 0 0 0 0 0 0 0 0 0 0 0 
1727 10 0 0 0 0 0 0 0 0 0 0 0 
1728 10 0 0 0 0 0 0 0 0 0 0 0 
1729 10 0 0 0 0 0 0 0 0 0 0 0 
1730 10 0 0 0 0 0 0 0 0 0 0 0 
1731 10 0 0 0 0 0 0 0 0 0 0 0 
1732 10 0 0 0 0 0 0 0 0 0 0 0 
1733 10 0 0 0 0 0 0 0 0 0 0 0 
1734 10 0 0 0 0 0 0 0 0 0 0 0 
1735 10 0 0 0 0 0 0 0 0 0 0 0 
1736 10 0 0 0 0 0 0 0 0 0 0 0 
1737 10 0 0 0 0 0 0 0 0 0 0 0 
1738 10 0 0 0 0 0 0 0 0 0 0 0 
1739 10 0 0 0 0 0 0 0 0 0 0 0 
1740 10 0 0 0 0 0 0 0 0 0 0 0 
1741 10 0 0 0 0 0 0 0 0 0 0 0 
1742 10 0 0 0 0 0 0 0 0 0 0 0 
1743 10 0 0 0 0 0 0 0 0 0 0 0 
1744 10 0 0 0 0 0 0 0 0 0 0 0 
1745 10 0 0 0 0 0 0 0 0 0 0 0 
1746 10 0 0 0 0 0 0 0 0 0 0 0 
1747 10 0 0 0 0 0 0 0 0 0 0 0 
1748 10 0 0 0 0 0 0 0 0 0 0 0 
1749 10 0 0 0 0 0 0 0 0 0 0 0 
1750 10 0 0 0 0 0 0 0 0 0 0 0 
1751 10 0 0 0 0 0 0 0 0 0 0 0 
1752 10 0 0 0 0 0 0 0 0 0 0 0 
1753 10 0 0 0 0 0 0 0 0 0 0 0 
1754 10 0 0 0 0 0 0 0 0 0 0 0 
1755 10 0 0 0 0 0 0 0 0 0 0 0 
1756 10 0 0 0 0 0 0 0 0 0 0 0 
1757 10 0 0 0 0 0 0 0 0 0 0 0 
1758 10 0 0 0 0 0 0 0 0 0 0 0 
1759 10 0 0 0 0 0 0 0 0 0 0 0 
1760 10 0 0 0 0 0 0 0 0 0 0 0 
1761 10 0 0 0 0 0 0 0 0 0 0 0 
1762 10 0 0 0 0 0 0 0 0 0 0 0 
1763 10 0 0 0 0 0 0 0 0 0 0 0 
1764 10 0 0 0 0 0 0 0 0 0 0 0 
1765 10 0 0 0 0 0 0 0 0 0 0 0 
1766 10 0 0 0 0 0 0 0 0 0 0 0 
1767 10 0 0 0 0 0 0 0 0 0 0 0 
1768 10 0 0 0 0 0 0 0 0 0 0 0 
1769 10 0 0 0 0 0 0 0 0 0 0 0 
1770 10 0 0 0 0 0 0 0 0 0 0 0 
1771 10 0 0 0 0 0 0 0 0 0 0 0 
1772 10 0 0 0 0 0 0 0 0 0 0 0 
1773 10 0 0 0 0 0 0 0 0 0 0 0 
1774 10 0 0 0 0 0 0 0 0 0 0 0 
1775 10 0 0 0 0 0 0 0 0 0 0 0 
1776 10 0 0 0 0 0 0 0 0 0 0 0 
1777 10 0 0 0 0 0 0 0 0 0 0 0 
1778 10 0 0 0 0 0 0 0 0 0 0 0 
1779 10 0 0 0 0 0 0 0 0 0 0 0 
1780 10 0 0 0 0 0 0 0 0 0 0 0 
1781 10 0 0 0 0 0 0 0 0 0 0 0 
1782 10 0 0 0 0 0 0 0 0 0 0 0 
1783 10 0 0 0 0 0 0 0 0 0 0 0 
1784 10 0 0 0 0 0 0 0 0 0 0 0 
1785 10 0 0 0 0 0 0 0 0 0 0 0 
1786 10 0 0 0 0 0 0 0 0 0 0 0 
1787 10 0 0 0 0 0 0 0 0 0 0 0 
1788 10 0 0 0 0 0 0 0 0 0 0 0 
1789 10 0 0 0 0 0 0 0 0 0 0 0 
1790 10 0 0 0 0 0 0 0 0 0 0 0 
1791 10 0 0 0 0 0 0 0 0 0 0 0 
1792 10 0 0 0 0 0 0 0 0 0 0 0 
1793 10 0 0 0 0 0 0 0 0 0 0 0 
1794 10 0 0 0 0 0 0 0 0 0 0 0 
1795 10 0 0 0 0 0 0 0 0 0 0 0 
1796 10 0 0 0 0 0 0 0 0 0 0 0 
1797 10 0 0 0 0 0 0 0 0 0 0 0 
1798 10 0 0 0 0 0 0 0 0 0 0 0 
1799 10 0 0 0 0 0 0 0 0 0 0 0 
1800 10 0 0 0 0 0 0 0 0 0 0 0 
1801 10 0 0 0 0 0 0 0 0 0 0 0 
1802 10 0 0 0 0 0 0 0 0 0 0 0 
1803 10 0 0 0 0 0 0 0 0 0 0 0 
1804 10 0 0 0 0 0 0 0 0 0 0 0 
1805 10 0 0 0 0 0 0 0 0 0 0 0 
1806 10 0 0 0 0 0 0 0 0 0 0 0 
1807 10 0 0 0 0 0 0 0 0 0 0 0 
1808 10 0 0 0 0 0 0 0 0 0 0 0 
1809 10 0 0 0 0 0 0 0 0 0 0 0 
1810 10 0 0 0 0 0 0 0 0 0 0 0 
1811 10 0 0 0 0 0 0 0 0 0 0 0 
1812 10 0 0 0 0 0 0 0 0 0 0 0 
1813 10 0 0 0 0 0 0 0 0 0 0 0 
1814 10 0 0 0 0 0 0 0 0 0 0 0 
1815 10 0 0 0 0 0 0 0 0 0 0 0 
1816 10 0 0 0 0 0 0 0 0 0 0 0 
1817 10 0 0 0 0 0 0 0 0 0 0 0 
1818 10 0 0 0 0 0 0 0 0 0 0 0 
1819 10 0 0 0 0 0 0 0 0 0 0 0 
1820 10 0 0 0 0 0 0 0 0 0 0 0 
1821 10 0 0 0 0 0 0 0 0 0 0 0 
1822 10 0 0 0 0 0 0 0 0 0 0 0 
1823 10 0 0 0 0 0 0 0 0 0 0 0 
1824 10 0 0 0 0 0 0 0 0 0 0 0 
1825 10 0 0 0 0 0 0 0 0 0 0 0 
1826 10 0 0 0 0 0 0 0 0 0 0 0 
1827 10 0 0 0 0 0 0 0 0 0 0 0 
1828 10 0 0 0 0 0 0 0 0 0 0 0 
1829 10 0 0 0 0 0 0 0 0 0 0 0 
1830 10 0 0 0 0 0 0 0 0 0 0 0 
1831 10 0 0 0 0 0 0 0 0 0 0 0 
1832 10 0 0 0 0 0 0 0 0 0 0 0 
1833 10 0 0 0 0 0 0 0 0 0 0 0 
1834 10 0 0 0 0 0 0 0 0 0 0 0 
1835 10 0 0 0 0 0 0 0 0 0 0 0 
1836 10 0 0 0 0 0 0 0 0 0 0 0 
1837 10 0 0 0 0 0 0 0 0 0 0 0 
1838 10 0 0 0 0 0 0 0 0 0 0 0 
1839 10 0 0 0 0 0 0 0 0 0 0 0 
1840 10 0 0 0 0 0 0 0 0 0 0 0 
1841 10 0 0 0 0 0 0 0 0 0 0 0 
1842 10 0 0 0 0 0 0 0 0 0 0 0 
1843 10 0 0 0 0 0 0 0 0 0 0 0 
1844 10 0 0 0 0 0 0 0 0 0 0 0 
1845 10 0 0 0 0 0 0 0 0 0 0 0 
1846 10 0 0 0 0 0 0 0 0 0 0 0 
1847 10 0 0 0 0 0 0 0 0 0 0 0 
1848 10 0 0 0 0 0 0 0 0 0 0 0 
1849 10 0 0 0 0 0 0 0 0 0 0 0 
1850 10 0 0 0 0 0 0 0 0 0 0 0 
1851 10 0 0 0 0 0 0 0 0 0 0 0 
1852 10 0 0 0 0 0 0 0 0 0 0 0 
1853 10 0 0 0 0 0 0 0 0 0 0 0 
1854 10 0 0 0 0 0 0 0 0 0 0 0 
1855 10 0 0 0 0 0 0 0 0 0 0 0 
1856 10 0 0 0 0 0 0 0 0 0 0 0 
1857 10 0 0 0 0 0 0 0 0 0 0 0 
1858 10 0 0 0 0 0 0 0 0 0 0 0 
1859 10 0 0 0 0 0 0 0 0 0 0 0 
1860 10 0 0 0 0 0 0 0 0 0 0 0 
1861 10 0 0 0 0 0 0 0 0 0 0 0 
1862 10 0 0 0 0 0 0 0 0 0 0 0 
1863 10 0 0 0 0 0 0 0 0 0 0 0 
1864 10 0 0 0 0 0 0 0 0 0 0 0 
1865 10 0 0 0 0 0 0 0 0 0 0 0 
1866 10 0 0 0 0 0 0 0 0 0 0 0 
1867 10 0 0 0 0 0 0 0 0 0 0 0 
1868 10 0 0 0 0 0 0 0 0 0 0 0 
1869 10 0 0 0 0 0 0 0 0 0 0 0 
1870 10 0 0 0 0 0 0 0 0 0 0 0 
1871 10 0 0 0 0 0 0 0 0 0 0 0 
1872 10 0 0 0 0 0 0 0 0 0 0 0 
1873 10 0 0 0 0 0 0 0 0 0 0 0 
1874 10 0 0 0 0 0 0 0 0 0 0 0 
1875 10 0 0 0 0 0 0 0 0 0 0 0 
1876 10 0 0 0 0 0 0 0 0 0 0 0 
1877 10 0 0 0 0 0 0 0 0 0 0 0 
1878 10 0 0 0 0 0 0 0 0 0 0 0 
1879 10 0 0 0 0 0 0 0 0 0 0 0 
1880 10 0 0 0 0 0 0 0 0 0 0 0 
1881 10 0 0 0 0 0 0 0 0 0 0 0 
1882 10 0 0 0 0 0 0 0 0 0 0 0 
1883 10 0 0 0 0 0 0 0 0 0 0 0 
1884 10 0 0 0 0 0 0 0 0 0 0 0 
1885 10 0 0 0 0 0 0 0 0 0 0 0 
1886 10 0 0 0 0 0 0 0 0 0 0 0 
1887 10 0 0 0 0 0 0 0 0 0 0 0 
1888 10 0 0 0 0 0 0 0 0 0 0 0 
1889 10 0 0 0 0 0 0 0 0 0 0 0 
1890 10 0 0 0 0 0 0 0 0 0 0 0 
1891 10 0 0 0 0 0 0 0 0 0 0 0 
1892 10 0 0 0 0 0 0 0 0 0 0 0 
1893 10 0 0 0 0 0 0 0 0 0 0 0 
1894 10 0 0 0 0 0 0 0 0 0 0 0 
1895 10 0 0 0 0 0 0 0 0 0 0 0 
1896 10 0 0 0 0 0 0 0 0 0 0 0 
1897 10 0 0 0 0 0 0 0 0 0 0 0 
1898 10 0 0 0 0 0 0 0 0 0 0 0 
1899 10 0 0 0 0 0 0 0 0 0 0 0 
1900 10 0 0 0 0 0 0 0 0 0 0 0 
1901 10 0 0 0 0 0 0 0 0 0 0 0 
1902 10 0 0 0 0 0 0 0 0 0 0 0 
1903 10 0 0 0 0 0 0 0 0 0 0 0 
1904 10 0 0 0 0 0 0 0 0 0 0 0 
1905 10 0 0 0 0 0 0 0 0 0 0 0 
1906 10 0 0 0 0 0 0 0 0 0 0 0 
1907 10 0 0 0 0 0 0 0 0 0 0 0 
1908 10 0 0 0 0 0 0 0 0 0 0 0 
1909 10 0 0 0 0 0 0 0 0 0 0 0 
1910 10 0 0 0 0 0 0 0 0 0 0 0 
1911 10 0 0 0 0 0 0 0 0 0 0 0 
1912 10 0 0 0 0 0 0 0 0 0 0 0 
1913 10 0 0 0 0 0 0 0 0 0 0 0 
1914 10 0 0 0 0 0 0 0 0 0 0 0 
1915 10 0 0 0 0 0 0 0 0 0 0 0 
1916 10 0 0 0 0 0 0 0 0 0 0 0 
1917 10 0 0 0 0 0 0 0 0 0 0 0 
1918 10 0 0 0 0 0 0 0 0 0 0 0 
1919 10 0 0 0 0 0 0 0 0 0 0 0 
1920 10 0 0 0 0 0 0 0 0 0 0 0 
1921 10 0 0 0 0 0 0 0 0 0 0 0 
1922 10 0 0 0 0 0 0 0 0 0 0 0 
1923 10 0 0 0 0 0 0 0 0 0 0 0 
1924 10 0 0 0 0 0 0 0 0 0 0 0 
1925 10 0 0 0 0 0 0 0 0 0 0 0 
1926 10 0 0 0 0 0 0 0 0 0 0 0 
1927 10 0 0 0 0 0 0 0 0 0 0 0 
1928 10 0 0 0 0 0 0 0 0 0 0 0 
1929 10 0 0 0 0 0 0 0 0 0 0 0 
1930 10 0 0 0 0 0 0 0 0 0 0 0 
1931 10 0 0 0 0 0 0 0 0 0 0 0 
1932 10 0 0 0 0 0 0 0 0 0 0 0 
1933 10 0 0 0 0 0 0 0 0 0 0 0 
1934 10 0 0 0 0 0 0 0 0 0 0 0 
1935 10 0 0 0 0 0 0 0 0 0 0 0 
1936 10 0 0 0 0 0 0 0 0 0 0 0 
1937 10 0 0 0 0 0 0 0 0 0 0 0 
1938 10 0 0 0 0 0 0 0 0 0 0 0 
1939 10 0 0 0 0 0 0 0 0 0 0 0 
1940 10 0 0 0 0 0 0 0 0 0 0 0 
1941 10 0 0 0 0 0 0 0 0 0 0 0 
1942 10 0 0 0 0 0 0 0 0 0 0 0 
1943 10 0 0 0 0 0 0 0 0 0 0 0 
1944 10 0 0 0 0 0 0 0 0 0 0 0 
1945 10 47 0 0 0 0 0 0 0 0 0 0 
1946 10 48 0 0 0 0 0 0 0 0 0 0 
1947 10 49 0 0 0 0 0 0 0 0 0 0 
1948 10 50 0 0 0 0 0 0 0 0 0 0 
1949 10 0 0 0 0 0 0 0 0 0 0 0 
1950 10 0 0 0 0 0 0 0 0 0 0 0 
1951 10 0 0 0 0 0 0 0 0 0 0 0 
1952 10 0 0 0 0 0 0 0 0 0 0 0 
1953 10 0 0 0 0 0 0 0 0 0 0 0 
1954 10 0 0 0 0 0 0 0 0 0 0 0 
1955 10 0 0 0 0 0 0 0 0 0 0 0 
1956 10 0 0 0 0 0 0 0 0 0 0 0 
1957 10 0 0 0 0 0 0 0 0 0 0 0 
1958 10 0 0 0 0 0 0 0 0 0 0 0 
1959 10 0 0 0 0 0 0 0 0 0 0 0 
1960 10 0 0 0 0 0 0 0 0 0 0 0 
1961 10 0 0 0 0 0 0 0 0 0 0 0 
1962 10 0 0 0 0 0 0 0 0 0 0 0 
1963 10 0 0 0 0 0 0 0 0 0 0 0 
1964 10 0 0 0 0 0 0 0 0 0 0 0 
1965 10 0 0 0 0 0 0 0 0 0 0 0 
1966 10 0 0 0 0 0 0 0 0 0 0 0 
1967 10 0 0 0 0 0 0 0 0 0 0 0 
1968 10 0 0 0 0 0 0 0 0 0 0 0 
1969 10 0 0 0 0 0 0 0 0 0 0 0 
1970 10 0 0 0 0 0 0 0 0 0 0 0 
1971 10 0 0 0 0 0 0 0 0 0 0 0 
1972 10 0 0 0 0 0 0 0 0 0 0 0 
1973 10 0 0 0 0 0 0 0 0 0 0 0 
1974 10 0 0 0 0 0 0 0 0 0 0 0 
1975 10 0 0 0 0 0 0 0 0 0 0 0 
1976 10 0 0 0 0 0 0 0 0 0 0 0 
1977 10 0 0 0 0 0 0 0 0 0 0 0 
1978 10 0 0 0 0 0 0 0 0 0 0 0 
1979 10 0 0 0 0 0 0 0 0 0 0 0 
1980 10 0 0 0 0 0 0 0 0 0 0 0 
1981 10 0 0 0 0 0 0 0 0 0 0 0 
1982 10 0 0 0 0 0 0 0 0 0 0 0 
1983 10 0 0 0 0 0 0 0 0 0 0 0 
1984 10 0 0 0 0 0 0 0 0 0 0 0 
1985 10 0 0 0 0 0 0 0 0 0 0 0 
1986 10 0 0 0 0 0 0 0 0 0 0 0 
1987 10 0 0 0 0 0 0 0 0 0 0 0 
1988 10 0 0 0 0 0 0 0 0 0 0 0 
1989 10 0 0 0 0 0 0 0 0 0 0 0 
1990 10 0 0 0 0 0 0 0 0 0 0 0 
1991 10 0 0 0 0 0 0 0 0 0 0 0 
1992 10 0 0 0 0 0 0 0 0 0 0 0 
1993 10 0 0 0 0 0 0 0 0 0 0 0 
1994 10 0 0 0 0 0 0 0 0 0 0 0 
1995 10 0 0 0 0 0 0 0 0 0 0 0 
1996 10 0 0 0 0 0 0 0 0 0 0 0 
1997 10 0 0 0 0 0 0 0 0 0 0 0 
1998 10 0 0 0 0 0 0 0 0 0 0 0 
1999 10 0 0 0 0 0 0 0 0 0 0 0 
2000 10 0 0 0 0 0 0 0 0 0 0 0 
2001 10 0 0 0 0 0 0 0 0 0 0 0 
2002 10 0 0 0 0 0 0 0 0 0 0 0 
2003 10 0 0 0 0 0 0 0 0 0 0 0 
2004 10 0 0 0 0 0 0 0 0 0 0 0 
2005 10 0 0 0 0 0 0 0 0 0 0 0 
2006 10 0 0 0 0 0 0 0 0 0 0 0 
2007 10 0 0 0 0 0 0 0 0 0 0 0 
2008 10 0 0 0 0 0 0 0 0 0 0 0 
2009 10 0 0 0 0 0 0 0 0 0 0 0 
2010 10 0 0 0 0 0 0 0 0 0 0 0 
2011 10 0 0 0 0 0 0 0 0 0 0 0 
2012 10 0 0 0 0 0 0 0 0 0 0 0 
2013 10 0 0 0 0 0 0 0 0 0 0 0 
2014 10 0 0 0 0 0 0 0 0 0 0 0 
2015 10 0 0 0 0 0 0 0 0 0 0 0 
2016 10 0 0 0 0 0 0 0 0 0 0 0 
2017 10 0 0 0 0 0 0 0 0 0 0 0 
2018 10 0 0 0 0 0 0 0 0 0 0 0 
2019 10 0 0 0 0 0 0 0 0 0 0 0 
2020 10 0 0 0 0 0 0 0 0 0 0 0 
2021 10 0 0 0 0 0 0 0 0 0 0 0 
2022 10 0 0 0 0 0 0 0 0 0 0 0 
2023 10 0 0 0 0 0 0 0 0 0 0 0 
2024 10 0 0 0 0 0 0 0 0 0 0 0 
2025 10 0 0 0 0 0 0 0 0 0 0 0 
2026 10 0 0 0 0 0 0 0 0 0 0 0 
2027 10 0 0 0 0 0 0 0 0 0 0 0 
2028 10 0 0 0 0 0 0 0 0 0 0 0 
2029 10 0 0 0 0 0 0 0 0 0 0 0 
2030 10 0 0 0 0 0 0 0 0 0 0 0 
2031 10 0 0 0 0 0 0 0 0 0 0 0 
2032 10 0 0 0 0 0 0 0 0 0 0 0 
2033 10 0 0 0 0 0 0 0 0 0 0 0 
2034 10 0 0 0 0 0 0 0 0 0 0 0 
2035 10 0 0 0 0 0 0 0 0 0 0 0 
2036 10 0 0 0 0 0 0 0 0 0 0 0 
2037 10 0 0 0 0 0 0 0 0 0 0 0 
2038 10 0 0 0 0 0 0 0 0 0 0 0 
2039 10 0 0 0 0 0 0 0 0 0 0 0 
2040 10 0 0 0 0 0 0 0 0 0 0 0 
2041 10 0 0 0 0 0 0 0 0 0 0 0 
2042 10 0 0 0 0 0 0 0 0 0 0 0 
2043 10 0 0 0 0 0 0 0 0 0 0 0 
2044 10 0 0 0 0 0 0 0 0 0 0 0 
2045 10 0 0 0 0 0 0 0 0 0 0 0 
2046 10 0 0 0 0 0 0 0 0 0 0 0 

0 4 1 2 bottle_2 0.00439239 7 9 -103 246 24 -103 144 19 -103 342 29 -103 144 -1 -103 60 24 -103 276 24 -103 354 
1 4 1 2 bottle_2 0.0230375 9 19 -3 144 24 -3 126 19 7 144 14 17 126 19 12 126 24 22 126 24 27 144 4 12 144 24 27 126 
2 4 1 2 bottle_2 0.375 1 34 17 126 
3 4 1 2 bottle_2 1 8 9 17 132 29 22 72 29 17 126 29 22 90 39 22 126 9 27 276 14 27 330 19 27 126 
4 4 1 2 bottle_2 0.953271 17 19 27 342 14 27 300 14 27 288 34 27 126 29 27 96 29 27 90 29 27 78 24 27 90 24 27 72 9 7 330 -11 12 246 4 22 288 4 22 126 14 22 132 4 22 132 4 22 144 9 22 132 
5 4 1 2 bottle_2 0.230769 1 24 -3 132 
6 4 1 2 bottle_2 0.0495868 2 39 27 126 39 27 132 
7 4 1 2 bottle_2 0.084507 5 34 -63 342 34 -63 354 34 -63 288 39 -63 330 -36 -58 84 
8 4 1 2 bottle_2 0.96 20 34 -68 354 34 -68 216 -36 -63 84 39 -73 84 39 -73 72 29 -73 276 39 -73 354 34 -73 288 39 -73 330 29 -73 294 -36 -68 84 -36 -68 60 34 -78 294 -36 -73 126 -36 -73 96 -36 -78 132 -36 -83 144 -36 -83 84 -36 -83 96 -36 -88 144 
9 4 1 2 bottle_2 0.545455 1 -36 -88 78 
10 4 1 2 bottle_2 0.395604 6 39 -88 246 34 -93 30 34 -88 276 39 -88 18 39 -93 72 39 -93 60 
11 4 1 2 bottle_2 1 20 39 -88 96 29 -93 300 39 -83 96 29 -98 330 29 -98 276 39 -98 96 39 -98 132 -31 -93 78 39 -98 90 29 -98 300 39 -83 60 39 -98 78 -31 -98 78 34 -88 216 34 -93 216 -31 -98 90 -31 -98 96 39 -78 60 24 -103 294 -36 -103 342 
12 4 1 2 bottle_2 0.94186 27 29 -103 300 -31 -103 72 34 -103 276 39 -103 246 39 -103 18 39 -103 288 34 -103 294 -36 -103 30 -26 -103 132 -26 -103 72 34 -98 246 34 -98 342 34 -98 300 -36 -103 132 -36 -98 126 -36 -98 96 34 -83 288 39 -83 342 34 -83 300 39 -83 246 39 -83 216 34 -83 294 -36 -93 84 39 -78 342 39 -83 288 39 -83 294 -36 -93 144 
13 4 1 2 bottle_2 1 2 39 -93 126 39 -88 132 
14 4 1 2 bottle_2 0.0594059 1 -36 -103 18 
15 4 1 2 bottle_2 0.857143 5 -31 -88 126 -36 -93 216 -21 2 288 -31 -83 126 -31 -88 90 
16 4 1 2 bottle_2 0.965612 234 -6 -3 342 -1 -3 342 -16 -8 90 -11 -28 60 -31 -13 330 -16 -8 72 -21 -18 90 -16 -8 78 -11 -13 84 -21 -28 300 19 -28 216 -16 -3 72 -16 -13 18 -26 -18 60 -16 -13 84 -16 2 246 9 -3 126 -1 -33 30 14 -18 18 -21 -3 84 14 -13 18 -11 -13 60 -16 -3 78 -11 -13 72 -16 -13 72 -6 -3 60 -36 -73 30 39 -63 144 -6 -8 18 -6 -28 60 24 -3 216 4 -28 354 -31 -3 330 -6 -8 72 -16 -28 90 -11 -8 72 34 -38 84 9 -8 216 -16 -13 288 -6 -13 60 4 -13 30 4 -3 246 19 -23 294 -11 -3 294 -31 -73 96 34 -68 330 -1 -8 144 4 -13 216 -11 -13 246 -6 -23 18 24 -23 216 -11 -13 276 -31 -78 90 -31 -78 72 4 -13 330 -31 -68 96 29 -58 276 19 -23 300 -31 -63 84 -21 -18 300 -21 -33 300 -26 -18 294 14 -3 342 -31 -63 126 -1 -13 342 -16 -18 78 39 -58 84 -16 -3 288 -31 -73 72 -31 -58 144 14 -23 294 -31 -83 72 -6 12 246 -26 -23 300 -21 -23 90 29 -28 90 34 -48 96 39 -63 126 4 7 144 4 -18 18 -11 -28 246 39 -63 72 -11 2 246 -6 -3 288 -1 -18 276 19 -23 216 34 -48 72 -6 -13 246 39 -63 78 -6 -8 288 14 -3 354 -31 -63 144 9 -13 216 -1 -8 246 4 -33 18 9 -23 354 34 -53 78 4 -23 342 19 -33 342 -36 -93 18 -1 -8 60 39 -58 132 -16 -18 294 -6 7 342 24 -33 216 -16 -28 300 14 2 132 -6 2 18 24 -28 96 29 -63 246 14 -33 342 34 -63 30 19 -33 216 29 -48 90 -21 -18 294 34 -63 144 -21 2 96 -11 2 84 -1 -23 354 -36 -83 330 -1 -23 330 14 -23 216 -1 -23 246 29 -68 330 -26 -78 90 -1 2 18 -36 -83 246 9 2 330 29 -78 294 29 -68 246 19 -33 132 -16 2 72 -26 -83 84 29 -73 330 29 -58 354 -26 -93 60 9 -28 30 -26 -93 30 39 -88 72 -26 -78 72 -16 -23 78 19 -33 126 -16 -23 72 -1 -28 216 14 -23 126 -26 -83 144 -31 -78 216 24 -48 96 34 -58 84 -11 -28 294 39 -93 78 14 -68 300 -31 -78 246 34 -63 132 34 -68 96 39 -88 90 -11 2 60 24 -43 84 34 -73 78 34 -63 72 29 -73 216 24 -78 288 14 -33 126 24 -73 288 -6 2 72 34 -53 132 34 -68 72 34 -73 90 9 -18 330 -21 -93 60 9 2 144 -21 -18 288 -21 -78 60 -11 -33 78 34 -73 144 -36 -93 330 29 -93 30 39 -88 126 9 -38 132 34 -83 30 29 -53 96 -26 -93 126 24 -73 276 19 -48 126 14 -68 294 9 -33 18 -1 -23 216 -16 2 288 29 -53 90 34 -78 60 39 -83 126 34 -58 132 29 -83 330 -26 -93 96 -21 -78 78 34 -58 96 34 -93 60 34 -88 30 34 -58 90 29 -88 246 24 -38 126 -21 -78 72 -1 -18 342 24 -93 30 19 -38 126 14 -43 132 34 -93 78 29 -88 354 -21 -93 78 -36 -93 294 -36 -93 276 34 -78 72 -31 -83 342 34 -93 96 4 -18 354 24 -43 126 24 -68 330 -31 -78 288 34 -93 84 -31 -93 216 29 -68 60 -31 -88 354 24 -68 246 -26 -98 60 -21 -93 126 29 -93 342 24 -78 300 29 -58 144 24 -68 342 -31 -93 276 -1 -28 144 29 -63 144 29 -53 144 14 -43 144 
17 4 1 2 bottle_2 1 85 34 -88 78 -31 -88 216 34 -78 96 -31 -78 294 29 -93 72 34 -88 90 24 -63 216 -21 -83 72 34 -83 132 29 -83 30 34 -83 90 9 -38 18 34 -83 96 34 -88 132 24 -63 18 -31 -88 330 34 -83 144 24 -68 354 -21 -93 144 -21 -48 216 24 -78 18 24 -93 354 29 -78 72 24 -88 294 24 -83 246 -16 -78 84 24 -98 30 24 -73 216 29 -48 132 -26 -98 78 24 -83 354 19 -78 276 24 -88 246 24 -88 354 -21 -88 144 9 -18 216 19 -58 354 -1 -33 60 19 -38 144 9 -38 30 9 -53 294 -31 -83 276 29 -88 72 24 -78 216 34 -98 60 4 -33 60 19 -98 342 24 -68 30 14 -38 246 29 -98 60 29 -93 132 24 -88 216 29 -58 126 29 -63 126 14 -58 354 24 -98 294 -21 -88 72 9 -48 300 19 -78 330 19 -78 342 -1 -33 276 29 -98 72 -21 -88 126 19 -88 342 19 -68 342 19 -63 216 34 -98 126 29 -78 96 19 -53 144 19 -68 216 24 -98 276 24 -58 144 -31 -88 276 34 -98 144 24 -98 246 -31 -98 300 29 -88 126 19 -73 216 29 -98 132 24 -58 84 19 -68 18 19 -88 288 19 -68 30 4 -48 294 9 -53 276 
18 4 1 2 bottle_2 0.96 20 -26 -83 18 -26 -98 96 29 -58 90 24 -53 90 24 -53 84 -31 -98 354 14 -48 246 19 -53 96 19 -103 294 -1 7 276 29 -98 246 29 -103 72 29 -103 60 -1 7 354 -11 2 72 9 -53 246 -6 7 354 -11 7 294 -16 7 288 -31 -103 288 
19 4 1 2 bottle_2 1 13 -11 7 72 -21 -103 78 -1 7 60 -21 7 294 24 -103 300 -21 -53 288 -16 -48 288 24 -103 288 14 -48 216 14 -53 330 -26 -103 126 34 -103 144 -26 -103 90 
20 4 1 2 bottle_2 0.285714 1 -36 -98 330 
21 4 1 2 bottle_2 0.99 165 -1 -53 144 -26 -93 330 -6 -78 60 -21 -83 342 4 -83 126 -6 -83 60 14 -68 144 -11 -83 60 19 -63 126 -16 -83 60 -16 -83 126 -6 -68 216 4 -83 132 -26 -83 276 -26 -83 294 -21 -83 330 -6 -78 72 -16 -88 72 -16 -93 84 -11 -83 216 -21 -88 330 -11 -83 78 -21 -88 30 -21 -88 300 -16 -93 96 4 -83 96 -16 -93 72 -11 -88 72 -11 -83 84 -1 -78 60 4 -53 342 19 -78 84 14 -78 78 9 -78 84 14 -78 72 -6 -83 72 -1 -53 246 -11 -83 246 -6 -78 30 -11 -78 294 -11 -78 354 -6 -88 18 -6 -88 144 -16 -93 30 -26 -93 294 -11 -88 216 14 -83 72 -1 -88 60 -16 -83 276 -6 -83 78 -21 -83 216 -16 -98 96 9 -88 30 -11 -98 72 14 -93 72 -11 -88 18 -1 -83 300 9 -83 30 -1 -83 60 24 -73 84 14 -88 78 -11 -88 246 4 -73 342 -1 -83 78 -11 -88 354 -6 -78 354 14 -93 78 -6 -88 84 -16 -98 60 -6 -93 84 9 -78 72 9 -68 354 -11 -98 18 4 -88 276 -11 -103 72 -6 -83 288 4 -83 216 14 -93 18 19 -98 60 -11 -103 78 -16 -98 18 9 -88 144 14 -73 126 14 -88 60 4 -88 354 14 -88 90 4 -83 78 -1 -93 288 -6 -78 294 24 -78 78 -11 -48 276 14 -68 30 -1 -78 288 9 -88 72 19 -93 126 -6 -103 96 -16 -98 276 19 -93 84 -1 -63 288 -16 -103 84 4 -53 300 -1 -83 330 -6 -83 354 -16 -103 96 4 -83 342 24 -78 84 19 -88 84 14 -93 60 -6 -103 78 -1 -93 72 19 -93 144 19 -93 72 4 -88 342 -1 -83 342 19 -98 90 14 -93 354 9 -93 246 19 -93 90 9 -63 60 -21 -103 288 4 -83 72 -6 -73 354 -11 -93 330 19 -78 132 4 -88 72 19 -103 60 14 -98 354 9 -78 276 19 -103 78 19 -78 72 9 -88 60 -21 -103 300 9 -93 72 9 -83 288 14 -88 84 14 -98 18 19 -88 78 -1 -88 246 -1 -68 216 -1 -98 288 -11 -103 96 -1 -93 300 9 -93 300 9 -83 144 4 -88 294 14 -103 18 14 -53 126 19 -83 78 9 -98 126 -21 -103 342 19 -103 126 -6 -88 330 -1 -68 288 4 -98 276 -1 -98 78 14 -98 216 -6 -98 294 14 -73 354 9 -93 96 -21 -103 330 14 -93 342 -16 -103 354 4 -98 132 14 -83 132 -11 -98 354 
22 4 1 2 bottle_2 0.982935 48 4 -98 300 -6 -103 216 4 -98 126 9 -103 300 14 -98 84 -1 -78 246 14 -83 354 9 -93 60 14 -88 342 9 -73 276 14 -78 276 4 -98 246 14 -68 216 19 -83 126 19 -78 126 24 -93 126 9 -98 96 14 -83 216 14 -73 216 24 -103 90 9 -98 18 24 -83 72 4 -98 294 24 -103 84 14 -98 276 24 -83 90 19 -93 18 24 -93 90 14 -93 294 24 -93 96 24 -103 72 14 -78 300 19 -78 354 24 -83 60 24 -103 60 19 -83 216 24 -78 126 24 -83 126 24 -93 84 24 -88 84 24 -98 78 24 -98 144 24 -88 78 24 -88 72 19 -93 354 24 -98 60 24 -88 144 19 -88 354 
23 4 1 2 bottle_2 0.987342 65 -26 -78 330 4 -48 354 9 -58 288 19 -58 126 9 -48 60 9 -58 216 -6 -48 300 -11 -53 330 -6 -48 18 -6 -53 60 9 -58 354 14 -73 276 4 -53 330 4 -48 60 4 -58 294 -1 -48 30 9 -53 60 4 -58 216 9 -63 342 9 -68 300 4 -63 294 19 -63 84 -1 -63 144 -21 -73 276 -6 -58 294 -1 -58 300 -16 -68 276 9 -68 216 -21 -78 216 -1 -63 84 -16 -78 60 4 -63 342 -21 -73 300 4 -68 246 -6 -63 216 -1 -63 246 4 -58 30 -1 -63 216 4 -63 132 19 -68 84 -21 -78 18 -1 -68 84 9 -63 72 4 -63 78 -6 -73 84 -11 -78 84 -21 -78 300 -16 -78 30 -11 -68 300 -6 -63 342 4 -63 60 4 -73 294 -16 -73 288 -16 -78 246 -6 -73 216 -16 -78 354 4 -68 30 14 -73 72 4 -68 60 14 -73 84 14 -73 90 9 -73 60 9 -73 90 4 -73 60 -1 -73 30 
24 4 1 2 bottle_2 0.285714 1 -6 -78 300 
25 4 1 2 bottle_2 0.939759 13 -21 -103 354 4 -93 96 -1 -93 90 -16 -93 126 -6 -83 132 -11 -88 144 -16 -83 144 -6 -83 126 -11 -93 144 -16 -103 132 -11 -98 144 -6 -93 132 -6 -93 126 
26 4 1 2 bottle_2 0.953271 17 9 -103 90 -6 -103 18 14 -103 90 9 -103 96 -1 -103 30 -6 -103 330 -6 -103 354 -1 -103 78 9 -98 60 9 -98 72 4 -98 72 4 -98 60 -1 -98 30 -6 -98 288 -1 -98 60 -1 -98 342 -6 -98 342 
27 4 1 2 bottle_2 0.0659341 1 4 -93 90 
28 4 1 2 bottle_2 0.0697674 1 4 82 60 
29 4 1 2 bottle_2 0.87699 505 -36 107 354 -36 107 78 -31 107 132 -36 107 300 -26 107 126 -31 107 72 -31 107 246 -31 107 84 -26 107 60 -31 107 330 -36 107 294 -31 107 96 -21 107 132 -21 107 342 -26 107 216 29 107 30 -21 107 96 34 107 18 -21 107 72 19 107 276 19 107 18 -21 107 246 19 107 144 29 107 126 24 107 354 34 107 84 4 107 126 -16 107 84 -11 107 90 4 107 30 9 107 30 -11 107 30 -16 107 354 39 107 72 29 107 294 14 107 354 39 107 144 -6 107 126 39 107 300 19 107 246 24 107 300 -1 107 60 24 107 216 -11 107 18 39 107 96 29 107 72 -6 107 342 34 107 288 9 107 246 4 107 90 -11 107 276 -6 107 60 9 107 90 29 107 288 9 107 330 -1 107 90 -1 107 78 34 107 330 4 107 300 -6 107 294 -1 107 294 -1 107 330 -11 107 246 -11 107 294 -6 107 246 9 107 288 -1 107 288 -36 102 216 -31 102 60 -36 102 84 -26 102 276 -31 102 90 -26 102 132 -31 102 330 -26 102 18 -31 102 300 -21 102 90 -26 102 78 -21 102 276 34 102 30 24 102 60 -21 102 354 34 102 132 39 102 342 19 102 30 19 102 18 -16 102 30 14 102 60 -1 102 144 14 102 144 -21 102 72 24 102 144 29 102 276 34 102 342 -1 102 30 29 102 126 39 102 294 29 102 84 39 102 90 34 102 300 4 102 132 14 102 354 4 102 60 -16 102 354 24 102 216 24 102 246 9 102 18 39 102 300 -21 102 330 39 102 288 -21 102 294 9 102 72 -16 102 72 19 102 300 14 102 246 -1 102 60 24 102 72 19 102 84 -1 102 84 -11 102 342 14 102 330 -6 102 84 -11 102 72 9 102 294 14 102 96 -16 102 300 -6 102 78 -11 102 96 -1 102 216 -6 102 330 -6 102 300 4 102 300 -36 97 126 -36 97 342 -36 97 60 -31 97 18 -31 97 90 39 97 30 34 97 30 34 97 132 -21 97 132 -26 97 84 -21 97 30 -31 97 216 -26 97 72 34 97 18 -26 97 78 19 97 60 -1 97 144 4 97 126 -31 97 288 -31 97 300 -21 97 144 39 97 126 9 97 144 19 97 354 9 97 126 39 97 276 24 97 342 -16 97 132 29 97 144 14 97 354 19 97 342 9 97 354 29 97 84 9 97 60 4 97 354 34 97 90 -21 97 78 29 97 90 -26 97 294 -16 97 276 -11 97 84 -11 97 342 24 97 72 19 97 330 -1 97 72 -16 97 72 4 97 276 14 97 216 9 97 90 -6 97 72 4 97 78 -6 97 60 -11 97 78 -16 97 294 29 97 330 19 97 288 34 97 330 -21 97 216 4 97 330 9 97 246 -16 97 246 14 97 288 9 97 216 -1 97 300 4 97 288 -1 97 288 4 97 246 4 97 216 -1 97 246 -1 97 216 -36 92 132 34 92 30 34 92 132 39 92 132 -36 92 78 39 92 84 39 92 60 39 92 354 -36 92 72 -31 92 60 19 92 354 14 92 18 19 92 60 34 92 84 29 92 126 -36 92 330 -31 92 246 -31 92 330 -21 92 84 -26 92 78 39 92 72 39 92 96 -31 92 216 24 92 216 -31 92 288 -16 92 60 -21 92 96 -16 92 84 24 92 72 -11 92 84 -31 92 300 19 92 72 14 92 294 19 92 78 -26 92 216 29 92 330 29 92 216 -11 92 72 14 92 72 9 92 60 -6 92 132 -6 92 60 19 92 144 14 92 84 -16 92 342 -1 92 72 -21 92 300 -1 92 78 4 92 276 4 92 96 -6 92 354 -6 92 342 9 92 96 -16 92 300 9 92 126 4 92 246 -11 92 276 -6 92 294 -6 92 288 29 87 60 29 87 132 39 87 354 24 87 354 19 87 342 29 87 354 34 87 144 39 87 144 -26 87 126 -31 87 132 -16 87 126 -16 87 144 39 87 96 39 87 246 39 87 288 14 87 276 39 87 78 19 87 294 -16 87 90 -26 87 60 34 87 246 34 87 72 19 87 246 24 87 288 29 87 72 19 87 330 -31 87 78 -21 87 84 -16 87 60 34 87 330 19 87 60 -31 87 246 24 87 72 -31 87 288 -11 87 126 -31 87 300 -36 87 294 -16 87 30 -26 87 288 19 87 72 -11 87 78 9 87 18 14 87 60 19 87 90 -21 87 216 -21 87 276 -21 87 246 -6 87 84 -16 87 342 4 87 342 -11 87 18 14 87 144 4 87 294 14 87 126 14 87 90 4 87 30 4 87 300 4 87 288 -1 87 60 9 87 72 -1 87 72 -1 87 78 9 87 78 9 87 144 4 87 126 -6 87 342 -11 87 300 -1 87 246 -1 87 216 39 82 30 24 82 30 34 82 60 34 82 354 24 82 354 39 82 354 29 82 84 24 82 60 -21 82 126 29 82 126 29 82 96 14 82 276 24 82 288 -31 82 132 -31 82 126 -21 82 60 -21 82 84 -21 82 30 -36 82 78 -31 82 84 -31 82 60 19 82 216 -26 82 78 -16 82 96 -26 82 246 24 82 144 19 82 60 -31 82 246 -31 82 288 14 82 330 -36 82 246 -21 82 18 -11 82 132 -26 82 330 14 82 246 -16 82 30 -21 82 342 19 82 84 9 82 294 9 82 354 19 82 126 -21 82 330 14 82 72 4 82 294 -6 82 90 -16 82 342 -21 82 300 -21 82 288 -6 82 72 9 82 60 14 82 144 4 82 354 -11 82 18 -1 82 18 -1 82 276 9 82 90 -1 82 300 9 82 126 9 82 144 -1 82 288 -6 82 294 -6 82 288 34 77 60 34 77 354 29 77 354 19 77 354 34 77 84 34 77 126 29 77 144 34 77 294 39 77 96 29 77 72 29 77 126 34 77 288 -16 77 132 29 77 78 -16 77 90 29 77 330 -26 77 30 -31 77 276 -26 77 132 -26 77 60 -36 77 276 24 77 72 -36 77 18 -16 77 72 19 77 216 -31 77 84 -16 77 60 -26 77 78 -36 77 90 -31 77 78 14 77 354 -36 77 60 -36 77 72 19 77 60 -26 77 216 -31 77 216 -31 77 300 -36 77 246 -31 77 294 -21 77 18 -11 77 96 19 77 84 19 77 144 -16 77 30 19 77 96 9 77 18 14 77 60 -21 77 246 4 77 294 -6 77 96 9 77 216 4 77 288 34 72 132 34 72 30 24 72 30 34 72 60 -1 77 276 9 77 144 19 72 276 9 77 132 19 72 354 4 77 216 29 72 294 24 72 300 19 72 294 39 72 96 29 72 72 -16 72 126 24 72 288 34 72 246 24 72 330 -1 77 246 -21 72 60 -16 72 96 -6 77 294 -26 72 342 -26 72 60 -31 72 342 24 72 144 -31 72 354 -36 72 126 -36 72 132 24 72 78 -21 72 30 -36 72 18 14 72 354 -31 72 84 -31 72 60 -36 72 78 -36 72 84 -36 72 72 -26 72 276 -31 72 246 19 72 60 -31 72 300 -36 72 288 14 72 30 -36 72 246 -36 72 294 -36 72 300 -11 72 90 19 72 144 9 72 288 19 72 72 -11 72 78 9 72 246 -11 72 72 -11 72 60 14 72 60 -6 72 132 9 72 216 14 72 72 4 72 300 
30 4 1 2 bottle_2 0.955054 726 4 72 342 14 72 132 14 72 126 14 72 78 4 72 330 24 67 30 29 67 30 29 67 60 39 67 60 34 67 60 39 67 84 -16 72 246 24 67 276 29 67 276 19 67 342 34 67 342 34 67 126 29 67 144 19 67 18 34 67 90 39 67 78 29 67 72 19 67 30 19 67 288 29 67 330 19 67 246 -1 72 288 -1 72 300 9 72 126 9 72 72 -16 67 84 -21 67 132 14 67 342 14 67 294 -1 72 354 -16 67 78 -26 67 342 -26 67 30 24 67 78 -26 67 144 -26 67 90 -21 67 72 -16 67 60 -31 67 30 -21 67 30 -31 67 84 -36 67 342 19 67 60 -36 67 18 14 67 30 -11 67 126 -36 67 144 -36 67 90 -36 67 78 -36 67 60 -36 67 300 -11 67 90 19 67 78 9 67 300 19 67 126 19 67 90 9 67 330 -11 67 72 14 67 60 -21 67 246 4 67 276 14 67 72 14 67 84 14 67 78 39 62 132 34 62 30 4 67 330 24 62 30 -6 67 84 -21 67 294 -21 67 288 39 62 18 39 62 60 34 62 18 24 62 276 34 62 354 29 62 354 24 62 354 34 62 276 24 62 18 34 62 144 39 62 144 39 62 72 29 62 300 39 62 294 29 62 294 29 62 126 -6 67 78 34 62 72 39 62 78 39 62 330 24 62 216 24 62 246 14 62 276 -16 67 330 -16 62 90 24 62 132 24 62 84 24 62 126 -16 67 288 -26 62 342 -16 62 60 -21 62 72 -26 62 132 -21 62 78 -1 67 330 14 62 18 -31 62 342 -31 62 276 9 67 126 -26 62 84 -31 62 126 9 67 78 -36 62 30 -31 62 144 -31 62 90 -31 62 60 -36 62 18 -26 62 246 -36 62 60 -31 62 246 -36 62 72 -6 67 342 -31 62 294 -36 62 330 19 62 72 -11 62 96 9 62 288 -21 62 354 9 62 330 9 62 354 -21 62 342 -21 62 246 34 57 30 24 57 30 39 57 60 39 57 354 14 62 72 39 57 126 29 57 354 24 57 18 34 57 126 39 57 72 39 57 294 29 57 294 34 57 288 24 57 300 4 62 342 19 57 18 34 57 78 19 57 300 39 57 330 14 62 132 34 57 330 -6 62 78 -16 57 132 -6 62 72 -21 57 90 24 57 78 -21 57 144 -21 57 60 -16 57 72 -26 57 30 -26 57 60 -26 57 18 -11 62 216 -26 57 84 -31 57 30 -31 57 144 -16 62 294 -31 57 84 -11 57 126 -36 57 132 -36 57 18 -1 62 276 -1 62 90 -31 57 72 -26 57 246 -36 57 144 -36 57 354 -36 57 84 -31 57 96 -36 57 60 -36 57 90 -36 57 72 -31 57 246 9 62 132 9 62 126 -11 57 84 -31 57 294 -1 62 72 19 57 72 -36 57 246 -1 62 60 19 57 78 -11 62 246 19 57 144 4 62 126 4 62 72 -21 57 342 19 57 96 -11 57 60 -11 62 288 9 57 18 39 52 276 34 52 354 29 52 60 39 52 84 24 52 354 24 52 18 -1 62 216 19 52 342 34 52 72 -6 62 246 34 52 300 24 52 300 34 52 78 -16 57 18 24 52 216 19 52 288 34 52 216 4 57 276 -16 57 216 -16 57 354 4 57 288 -16 52 132 -16 52 144 24 52 72 -21 57 288 14 57 78 -16 52 84 14 52 288 -21 52 126 24 52 78 24 52 84 -21 52 144 24 52 90 4 57 330 -16 52 78 24 52 96 -16 52 72 -21 52 72 -16 52 60 14 57 96 -26 52 354 14 52 246 -31 52 30 -31 52 132 -31 52 354 -31 52 144 -36 52 18 -36 52 342 -36 52 132 -36 52 84 -1 57 144 -31 52 96 -1 57 126 -36 52 90 -31 52 288 -31 52 246 -36 52 78 -1 57 132 -31 52 216 -26 52 276 -11 57 216 -11 52 96 -31 52 294 -36 52 330 19 52 72 -11 57 354 -26 52 330 -1 57 294 39 47 30 9 52 330 19 52 90 9 52 342 39 47 132 -11 52 78 9 57 78 24 47 30 39 47 84 34 47 60 39 47 126 -1 57 72 -21 52 342 24 47 276 24 47 354 24 47 18 39 47 90 9 57 96 -1 57 60 39 47 72 34 47 84 29 47 294 -11 52 60 34 47 72 -1 57 30 39 47 96 29 47 330 29 47 246 19 47 288 24 47 246 19 47 330 -6 57 216 14 47 294 4 52 294 24 47 72 24 47 132 24 47 78 -21 47 132 -16 47 132 -16 52 354 -16 47 84 14 52 84 -16 47 96 -21 47 84 14 52 144 4 52 342 14 52 126 -31 47 30 -31 47 144 -11 52 30 9 47 276 -36 47 342 -6 52 60 9 47 288 -31 47 330 -31 47 216 -31 47 246 -16 52 330 -26 47 246 -26 47 276 -11 47 144 39 42 132 34 42 132 9 47 342 29 42 18 19 47 90 34 42 354 34 42 60 29 42 60 29 42 276 34 42 126 19 42 342 39 42 288 34 42 288 29 42 300 19 47 96 34 42 246 24 42 300 19 42 294 19 42 30 -1 52 246 14 47 60 14 42 276 -1 52 72 19 42 216 -11 52 276 24 42 72 -6 52 276 24 42 84 -21 42 144 -6 52 246 -1 52 216 -16 42 84 14 47 78 14 42 18 -6 47 90 -26 42 126 19 42 60 -26 42 132 9 42 276 -31 42 126 -31 42 342 -26 42 78 -31 42 354 -31 42 18 -26 42 354 -31 42 60 -31 42 84 -6 47 78 9 42 288 14 42 216 -36 42 132 -11 42 126 -26 42 276 -36 42 72 -31 42 330 -11 42 84 9 42 330 29 37 132 39 37 84 29 37 60 -21 42 18 29 37 276 24 37 354 4 47 30 -26 42 330 34 37 84 -1 47 288 -1 47 300 29 37 144 -1 47 84 9 47 72 29 37 294 -21 42 354 -26 42 288 24 37 216 34 37 72 19 37 18 24 37 60 14 37 276 -11 42 78 19 37 30 19 37 246 -11 47 246 -16 42 30 9 47 132 24 37 72 14 37 330 4 47 144 24 37 84 -21 37 144 -11 47 294 -21 37 90 -16 37 90 -21 37 96 -6 47 330 -16 42 216 -26 37 90 -21 42 300 -21 37 72 24 32 30 19 32 246 19 32 342 -31 37 126 -31 37 30 39 32 132 34 32 126 29 32 60 19 32 30 -31 37 90 19 32 288 -36 37 30 19 32 300 39 32 126 -36 37 132 34 32 60 19 32 330 39 32 60 -36 37 144 24 32 246 39 32 84 -36 37 84 -31 37 216 24 32 126 9 37 300 29 32 342 29 32 78 -31 37 294 29 32 300 19 37 144 -36 37 96 39 32 294 -11 37 132 14 32 216 -16 42 330 34 32 300 -1 42 294 34 32 216 -11 37 144 19 37 90 -11 42 18 14 32 18 9 37 354 19 32 144 -21 32 84 -31 32 276 -16 32 78 -21 32 96 -26 32 246 -16 32 72 -26 32 30 -11 37 60 24 27 276 -11 32 96 9 32 342 -26 32 18 -31 32 246 34 27 60 -31 32 294 -26 32 72 34 27 30 19 32 84 -26 32 78 24 27 300 -26 32 96 -31 32 300 29 27 354 -31 32 30 9 32 216 -6 37 96 4 37 330 39 27 60 -6 37 144 -36 32 342 14 37 90 39 27 96 -6 37 84 -31 32 60 -16 37 18 39 27 78 -36 32 30 39 27 354 4 32 294 29 27 330 -21 32 342 -36 32 144 34 27 216 -36 32 84 -36 32 78 4 37 216 -11 32 60 9 37 60 -11 32 72 39 27 300 -16 27 144 -16 27 126 -16 27 90 -11 37 30 -16 32 216 4 32 246 -6 32 126 -21 27 144 -6 32 96 -16 27 60 9 27 342 14 32 78 14 32 84 -21 27 96 -1 37 144 -21 27 72 24 22 30 14 22 276 9 27 246 24 22 60 -11 37 354 -11 27 126 19 22 354 -26 27 60 -1 37 132 -26 27 276 -26 27 246 -11 37 342 24 22 18 -6 37 216 -11 27 90 -26 27 216 -26 27 90 -31 27 288 9 37 96 19 22 300 19 22 294 -16 32 276 -1 32 288 -21 27 354 14 22 300 -1 37 72 34 22 72 -6 37 276 4 27 294 -16 32 300 -1 32 96 14 22 354 39 22 30 4 37 144 -1 32 90 24 22 288 -11 37 300 -1 32 84 -11 37 294 -6 37 300 -6 37 288 9 32 72 39 22 78 4 32 30 -1 32 132 4 37 132 -11 37 288 -36 27 246 -21 27 246 -36 27 30 -31 27 72 14 22 18 -16 27 30 -1 32 342 4 37 78 4 27 342 34 22 216 -36 27 126 -11 32 18 -36 27 144 39 22 246 34 22 246 34 22 294 34 22 300 39 22 300 -6 32 276 -16 27 216 14 22 30 -36 27 78 -21 27 276 4 27 354 -6 27 96 -1 32 354 -6 32 300 4 32 60 4 32 126 4 32 96 -11 32 288 4 32 90 9 22 300 -6 27 144 -6 32 342 -16 22 90 29 17 90 -21 22 60 4 32 72 9 22 330 9 22 342 -16 22 132 4 32 78 24 17 60 29 17 84 -1 27 288 34 17 144 29 17 60 -26 22 342 14 17 288 9 22 246 -16 27 330 14 17 300 19 17 294 24 17 72 -26 22 216 24 17 354 -26 22 144 14 22 60 14 17 342 -16 27 300 24 17 84 -1 27 96 39 17 84 -11 22 96 34 17 78 -1 27 84 -16 27 288 29 12 132 24 17 246 39 17 60 -11 27 342 -21 22 18 -1 27 126 39 17 96 -26 22 330 39 17 78 -36 22 294 34 17 276 -26 22 294 -1 27 354 14 22 72 -36 22 330 -1 27 72 -31 22 78 34 17 294 39 17 300 14 17 30 -1 27 216 -36 22 144 -36 22 84 34 17 330 14 12 276 4 22 354 -36 22 96 -1 27 30 29 12 84 19 12 300 24 12 60 14 12 288 14 12 330 -16 17 144 24 12 90 34 12 90 24 12 216 24 12 30 34 12 96 -16 17 96 29 12 72 24 12 84 24 12 78 -21 22 300 -26 17 30 -21 22 294 -21 17 78 39 12 84 34 12 78 -26 17 342 29 7 132 -31 17 246 -11 22 216 -11 17 90 39 12 72 19 12 60 -26 17 72 -11 17 84 -31 17 294 9 12 300 34 12 354 -26 17 300 29 12 246 -11 17 78 
31 4 1 2 bottle_2 0.335664 8 -1 42 144 -1 42 84 -6 42 288 4 42 342 4 42 18 4 42 30 4 42 96 -1 42 18 
32 4 1 2 bottle_2 0.0213523 1 9 12 276 
33 4 0 
34 4 1 2 bottle_2 0.782609 6 -21 -18 18 -11 -23 144 -1 -33 126 -21 -3 72 -6 -33 132 -1 -28 126 
35 4 1 2 bottle_2 0.978789 846 19 -63 60 19 -58 60 -11 -63 60 -6 -68 60 -6 -68 78 -1 -63 96 -16 -73 84 -11 -63 288 -6 -63 84 -11 -68 276 -16 -68 60 19 -63 78 -6 -68 96 9 -58 72 14 -68 78 19 -58 72 -11 -73 78 -26 -73 300 -11 -68 96 -16 -73 90 -16 -58 300 -16 -63 330 -11 -58 60 -1 -58 90 -6 -58 18 -16 -73 126 -6 -58 96 -21 -73 330 -6 -58 78 -21 -68 330 -1 -58 30 -26 -58 300 14 -63 96 -16 -58 330 -11 -58 294 -26 -63 294 4 -53 78 -16 -68 126 19 -53 18 -16 -68 330 4 -53 72 -16 -63 90 -1 -53 84 -11 -68 126 9 -53 72 14 -53 78 9 -53 78 -16 -53 300 -11 -58 72 -16 -58 72 -1 -48 78 -11 -53 30 19 -53 72 -11 -53 18 24 -58 60 19 -48 30 9 -53 96 19 -63 330 -11 -63 144 -11 -63 132 -21 -58 60 -11 -68 246 24 -58 72 -6 -43 84 -16 -58 30 -1 -48 72 -11 -58 330 14 -48 60 -6 -63 132 4 -43 60 -1 -43 78 -21 -48 330 9 -53 84 -26 -68 354 14 -53 96 -21 -73 78 19 -58 90 -21 -68 84 -16 -53 342 -21 -63 144 4 -68 300 19 -43 18 -11 -43 300 -31 -73 294 19 -48 60 -1 -43 72 -21 -68 126 19 -48 354 24 -53 60 -16 -53 96 -1 -48 96 -6 -48 72 4 -43 78 14 -48 78 -21 -53 60 -16 -53 132 9 -43 30 -1 -58 132 -31 -63 288 -11 -48 354 9 -48 96 -1 -43 60 -31 -68 294 -11 -53 354 -11 -43 84 -11 -48 30 -31 -63 294 14 -53 90 -26 -48 342 -1 -58 144 -11 -48 60 4 -58 132 -11 -48 342 9 -38 276 -31 -68 330 -11 -43 216 -26 -73 246 -6 -43 354 14 -48 294 4 -38 72 -11 -43 246 -26 -58 246 -11 -48 126 -6 -43 72 -21 -58 132 19 -53 300 -16 -38 330 -16 -43 300 -11 -48 132 4 -38 78 -21 -73 30 4 -38 216 -21 -38 330 -16 -58 354 -16 -48 132 -26 -43 330 -1 -48 126 -21 -53 90 -11 -43 342 -11 -38 84 9 -38 288 -31 -53 246 -26 -63 60 4 -38 294 -26 -73 72 -31 -78 354 -1 -33 78 -6 22 330 -26 -43 342 9 -33 60 14 -43 96 -11 -38 330 19 -43 84 24 -58 342 -21 -38 342 -26 -78 18 14 -43 294 4 22 96 -21 -43 18 -26 -63 72 -1 -43 246 14 -43 354 4 22 90 4 -43 18 -26 -73 132 14 -38 60 24 -43 30 -31 -48 294 -36 -73 300 -1 -33 72 -21 -48 72 -16 22 294 -1 22 216 -26 -38 330 9 -43 90 -26 -68 132 -11 -43 126 24 -43 60 -26 -58 72 -1 -33 84 14 -38 276 9 22 96 -21 -38 246 4 22 84 24 -43 78 9 -33 300 -1 22 96 24 -8 144 -1 22 342 -1 22 126 14 -43 90 -6 -38 60 -11 -43 30 -11 -43 72 -1 22 246 -1 -33 330 -16 -43 90 -1 22 60 -21 -48 132 -6 -43 132 -26 -63 132 29 -43 144 4 22 78 19 -38 60 4 -28 60 9 -38 84 -6 -33 342 -36 -73 288 -31 -58 18 9 22 84 4 -33 294 -26 -63 30 -21 -43 294 24 -48 342 -26 -38 342 -26 -43 18 -36 -63 330 9 -33 294 -1 22 30 -16 -43 144 -36 -58 288 -1 -38 126 9 22 72 -26 -68 30 -6 22 60 -16 -43 60 -16 -43 78 9 -38 90 -16 2 216 -36 -68 342 19 -38 288 9 -33 72 -36 -63 342 -21 -43 132 -31 -43 342 -31 -53 30 29 -43 60 24 -48 330 -36 -78 342 14 -33 72 -1 -28 300 -6 -38 246 -36 -73 216 9 -13 144 -26 -3 216 29 -48 354 24 -33 78 -26 -53 96 24 -38 246 -36 -73 354 -11 22 18 29 -33 126 -11 -28 90 -31 -43 330 -6 -33 144 19 -33 60 -36 -48 300 -11 22 30 19 -33 78 19 -28 30 -21 -43 90 -26 -38 216 24 -13 144 -16 -28 330 -31 -73 30 9 -33 342 -36 -43 294 29 -38 72 -36 -48 330 -21 -33 354 -6 -23 294 -6 -23 78 34 -38 126 24 -38 342 -36 -43 276 4 -23 60 29 -13 96 29 -48 18 -21 -33 18 29 -38 60 -21 -43 78 -11 -3 216 -16 -28 216 -1 -38 246 -21 -38 294 4 17 30 -31 -48 216 9 -28 96 -31 -53 60 19 -8 342 -31 -38 288 9 17 84 14 -18 126 -31 -33 276 19 -18 126 9 -28 72 34 -8 96 29 -28 126 -1 17 294 -31 -58 84 -6 -23 300 24 -33 246 -1 -28 96 -16 -33 276 9 2 342 -31 -48 72 19 -18 216 -1 17 276 -36 -58 216 24 -33 30 -1 -23 294 29 -58 294 -21 -28 216 39 -58 78 -21 -33 96 -16 -28 342 29 -13 90 14 -28 84 39 -48 132 -31 -53 78 -31 -53 84 29 -43 18 -26 -3 246 -16 -33 78 -31 -38 18 -11 -38 60 -26 -38 60 29 -28 84 4 17 96 29 -53 246 4 -3 60 39 -58 354 -1 17 60 29 -53 276 -6 -33 126 -1 -28 90 -1 -8 18 39 -53 72 9 -28 84 -21 -38 144 29 -53 294 -26 -28 288 19 -28 276 34 -58 330 19 -28 72 39 -53 60 34 -33 90 29 -53 300 -31 -48 84 9 -3 342 4 7 354 14 7 216 -1 -33 18 39 -48 90 -11 -33 60 34 -33 84 -21 -28 342 -36 -48 60 39 -58 294 4 2 60 -31 -43 72 -36 -38 246 19 -28 60 24 -13 96 -36 -48 132 34 -53 354 -36 -53 96 -6 -3 246 39 -58 330 -1 17 78 -1 -18 288 -6 -18 72 9 -8 330 34 -33 96 -21 -28 276 39 -48 30 -36 -48 90 -6 -23 84 -11 -33 132 39 -48 72 39 -48 60 -6 -13 294 -36 -43 30 39 -38 132 29 -48 294 -6 -33 18 34 -53 246 19 -23 288 -36 -43 90 39 -53 246 -31 -28 288 39 -43 96 -26 -28 60 34 -53 288 -26 -33 60 -36 -28 294 -11 -3 354 14 -8 330 19 -18 132 -1 17 132 29 -43 246 -26 -33 30 -36 -43 84 -36 -48 96 4 -8 276 9 -3 330 -36 -38 18 -36 -43 78 34 -8 132 -21 -28 84 -31 -43 126 -1 -18 144 34 -8 84 -26 -28 72 -31 -33 288 34 -48 330 39 -48 354 -1 7 18 -21 -23 60 4 -13 60 -1 -18 300 -31 -43 96 34 -28 126 14 -8 294 -36 -43 96 14 -8 300 29 -13 144 -6 17 72 -31 -18 330 -6 17 60 -36 -38 342 -26 -23 78 -36 -38 126 -36 -28 276 24 -23 90 -36 -38 78 29 2 96 29 -3 216 -16 -18 60 14 -23 96 39 -38 84 -21 2 246 -26 7 276 -31 -38 294 19 -23 84 24 -3 276 -11 -18 84 -11 -8 354 34 -28 96 -36 -38 216 39 -38 30 14 -18 294 9 -23 78 -11 -13 354 -21 12 216 -21 2 276 4 12 132 -1 12 246 -36 -33 60 14 -23 84 34 7 90 39 -43 246 -26 -28 216 -16 -38 60 -36 -33 144 29 -33 342 24 -23 294 -6 17 78 19 -23 90 4 -18 288 -16 12 246 19 -8 96 -1 -8 288 -16 -28 60 39 -38 78 -31 -23 72 39 -33 30 39 -43 288 24 2 216 9 -13 300 -31 -33 72 19 -13 96 -6 17 84 39 -38 354 34 -38 288 -31 -28 60 -11 -3 330 29 -28 60 39 -33 96 -36 -28 132 -21 -38 78 24 -3 354 -31 -28 84 39 -38 288 19 -23 78 39 -33 90 -31 -28 78 34 -33 18 -36 -28 96 -31 -23 60 -31 -28 144 -36 -28 126 39 -38 72 -11 7 300 29 -28 354 -21 -33 78 -11 7 342 39 -28 126 19 -8 294 -31 -28 126 -21 17 300 -26 -8 96 39 -33 78 -31 -8 216 -36 -18 90 39 -28 18 -6 17 144 34 -18 96 29 -23 84 29 -33 294 34 2 132 -31 -23 144 9 -18 60 -6 -18 330 -21 2 30 34 -28 30 39 -28 60 -36 -23 132 39 -38 330 -31 -23 132 -36 -18 342 -31 -18 144 -6 7 216 -1 -13 72 29 -28 276 4 12 354 39 -23 30 -36 17 246 -31 -23 126 -6 -18 216 24 2 276 39 12 276 -36 -23 18 34 -23 96 39 -3 90 29 -33 300 39 -33 342 -36 -13 144 39 -23 144 29 -18 144 -11 -13 216 9 -18 96 -36 -13 90 4 -8 300 4 -18 96 39 -33 300 -36 -13 60 -6 -28 126 -36 -13 126 39 -23 18 19 -18 288 34 -18 84 -36 -8 78 19 2 288 -1 -23 90 24 -18 90 34 -23 30 -16 -18 96 39 7 78 4 -13 132 -36 -8 72 19 -3 96 34 -28 288 24 -18 84 -1 -18 72 -31 -23 342 34 -23 84 -31 -28 294 -31 -3 60 -6 7 294 -26 -3 126 39 2 72 39 7 216 9 -23 90 -36 -8 84 24 -8 276 14 -18 84 24 -13 330 -31 -8 132 39 -23 96 39 -8 72 29 7 276 -6 17 126 -21 17 288 39 2 60 39 -3 72 -36 -18 294 -36 -3 30 39 7 126 -36 -13 18 34 -28 342 39 -18 60 39 -3 60 -11 -8 342 -36 -3 144 -11 -13 330 -26 -28 30 24 -23 18 34 -23 60 29 7 84 9 2 90 39 2 78 4 -3 96 34 -18 30 39 7 294 39 -18 96 -36 -3 72 -26 -23 126 34 12 300 24 -23 246 9 -18 72 4 -8 126 19 -13 246 24 2 354 24 -18 276 34 -28 330 34 -28 300 -6 12 216 39 -18 276 -36 -18 216 39 -13 18 34 7 330 -36 17 330 34 -8 18 34 -3 18 34 -23 354 -11 -13 90 39 -23 288 34 -8 30 14 -18 78 -31 -3 72 -11 -3 30 29 -23 294 14 2 96 -31 -28 30 39 -13 144 34 -13 276 -21 -18 330 29 -23 288 9 2 60 -36 2 78 34 -23 330 39 -3 276 19 -3 246 19 -18 276 -31 -33 294 -31 2 78 29 -23 60 39 -18 288 39 7 132 -6 7 78 39 -3 132 9 7 90 9 7 96 39 -13 216 -36 2 132 -26 -8 132 -31 2 84 -6 -3 300 -26 -8 90 29 -13 72 -36 2 276 39 -8 132 39 2 132 -1 -3 300 -31 2 132 34 -13 342 39 2 288 34 -8 354 34 -3 246 34 -18 60 19 -18 18 29 -18 78 24 -13 78 39 -8 126 -26 -28 18 34 -8 342 34 -8 246 34 -13 288 29 -13 294 34 2 300 39 -3 300 34 -8 300 34 -18 330 4 -3 288 34 -13 300 14 7 90 34 -3 300 -26 -3 72 -16 -3 342 14 -13 60 4 -18 72 19 -13 18 14 -8 84 19 -13 84 34 2 60 4 12 294 34 -3 330 9 -18 90 -11 12 330 9 -3 84 14 7 30 29 -8 330 -36 -18 276 29 -13 330 34 -8 60 39 -13 330 29 -18 354 -36 -8 276 -36 7 84 24 7 84 -26 -23 246 -36 -3 300 -26 -18 216 -1 12 60 29 -18 18 -31 7 288 -26 -3 276 19 7 276 19 -18 60 -16 12 288 -31 12 90 29 7 354 34 -13 144 9 7 60 29 2 72 -26 -18 144 -36 -13 276 -16 7 342 24 -13 72 -31 17 78 9 12 90 19 12 84 -1 -18 84 4 12 60 29 7 78 34 2 144 -31 12 216 -31 -18 216 -31 12 72 -31 12 96 14 12 84 9 7 288 -26 -23 30 -26 -8 276 9 2 276 -31 17 84 9 -3 276 4 12 288 -36 12 216 14 -8 90 14 -3 72 14 2 60 29 -3 354 19 12 72 -36 17 126 4 -8 90 19 2 78 24 -8 72 9 7 72 14 12 60 14 -8 60 14 12 72 -26 2 342 -21 7 96 19 -3 78 14 -8 276 -31 12 276 19 -3 72 19 -8 72 -6 2 144 -16 -8 354 -11 -8 96 -26 -3 144 -1 -3 96 4 -3 72 -26 7 60 -36 7 276 19 -8 78 -16 -13 330 4 12 84 -16 -23 126 4 -3 78 -16 12 342 -26 7 84 29 2 30 -1 2 84 24 7 78 24 2 72 29 -3 30 -21 -18 126 -21 -3 126 -26 7 132 -26 -18 354 -16 7 330 24 -3 18 -21 -8 60 -6 -13 90 -26 -8 30 -31 -3 18 -21 12 18 24 7 72 -21 -8 132 -21 -13 132 19 7 60 -26 12 18 -26 2 354 -6 2 126 -1 12 90 19 2 30 -1 -8 84 -21 -3 354 -31 7 342 24 -3 60 -21 2 132 24 -3 30 -6 12 84 -21 12 60 -6 -18 132 -11 12 72 -6 12 132 -6 7 96 -31 12 330 -11 12 84 -6 -13 126 -16 2 126 -26 -8 18 -26 -18 18 -11 2 132 -11 -13 126 -31 12 300 -21 12 132 -11 12 144 -16 2 132 -26 -13 18 -11 -3 126 
36 4 1 2 bottle_2 0.375 1 -16 12 144 
37 4 1 2 bottle_2 1 1 -26 7 294 
38 4 1 2 bottle_2 0.976077 34 39 -18 132 34 -43 30 34 -18 72 34 -33 60 34 -18 132 34 -3 144 29 7 294 34 -18 126 34 -28 216 39 -18 72 24 -48 288 34 7 300 29 -48 288 29 2 288 39 -43 78 39 -48 84 29 -18 132 39 -8 90 24 -3 300 39 -48 96 19 -48 288 -36 -33 342 24 2 342 24 -13 216 -31 -13 60 -31 7 294 29 -13 132 29 -28 216 -36 -38 30 -36 7 30 -31 7 330 -26 -8 72 -26 -18 72 -31 -13 30 
39 4 1 2 bottle_2 1 2 24 2 330 34 7 30 
40 4 1 2 bottle_2 0.545455 3 29 -48 300 29 -53 288 19 -58 276 
41 4 1 2 bottle_2 0.0764331 2 -11 -73 144 -16 -73 144 
42 4 1 2 bottle_2 0.0340909 1 -11 -73 18 
43 4 1 2 bottle_2 0.0296459 18 -1 52 30 -16 47 330 -1 52 276 9 52 132 9 52 126 9 52 78 9 52 144 -1 52 18 -6 47 30 9 52 90 9 52 60 -6 52 288 4 57 216 -11 52 288 -16 52 288 -16 47 294 -6 52 354 -6 57 342 
44 4 1 2 bottle_2 1 4 4 82 90 -6 82 354 4 82 126 -1 82 72 
45 4 1 2 bottle_2 1 1 -11 87 246 
46 4 1 2 bottle_2 1 1 -6 87 216 
47 4 1 2 bottle_2 1 12 -11 82 216 -11 82 294 -11 82 300 -6 82 216 4 82 144 -6 82 246 9 77 78 -1 77 30 -1 77 60 -6 77 18 4 77 78 -11 72 330 
48 4 1 2 bottle_2 1 4 -16 12 84 -16 12 132 -16 12 126 -16 12 72 
49 4 1 2 bottle_2 1 12 -16 72 288 -16 77 342 -1 72 144 -6 77 246 -1 72 18 -11 72 342 4 72 126 -11 72 18 -1 77 144 9 77 90 4 77 144 -11 77 354 
50 4 1 2 bottle_2 0.915254 9 -1 77 126 4 72 96 4 72 84 -11 77 276 4 72 90 -11 77 288 -11 77 300 -6 72 18 -11 77 330 
51 4 1 2 bottle_2 1 3 -1 67 18 4 67 60 -1 67 30 
52 4 1 2 bottle_2 0.310345 3 4 67 90 -6 67 354 -1 67 96 
53 4 1 2 bottle_2 0.0659341 1 -16 -3 144 
