10 48 4
0 0 -1 282 2 27 -1 -1 -1 -1 -1 2 397 
1 1 0 0 0 0 0 0 0 0 0 0 0 
2 1 -1 329 2 23 -1 -1 -1 -1 -1 0 1669 
3 2 0 0 0 0 0 0 0 0 0 0 0 
4 2 0 0 0 0 0 0 0 0 0 0 0 
5 2 -1 231 2 19 -1 -1 -1 -1 -1 2 2008 
6 2 -1 92 2 21 -1 -1 -1 -1 -1 3 413 
7 3 0 0 0 0 0 0 0 0 0 0 0 
8 3 0 0 0 0 0 0 0 0 0 0 0 
9 3 0 0 0 0 0 0 0 0 0 0 0 
10 3 0 0 0 0 0 0 0 0 0 0 0 
11 3 -1 63 4 14 -1 -1 -1 -1 -1 2 10399 
12 3 -1 353 3 31 -1 -1 -1 -1 -1 1 -91 
13 3 40 0 0 0 0 0 0 0 0 0 0 
14 3 -1 276 0 20 -1 -1 -1 -1 -1 3 -20 
15 4 0 0 0 0 0 0 0 0 0 0 0 
16 4 0 0 0 0 0 0 0 0 0 0 0 
17 4 0 0 0 0 0 0 0 0 0 0 0 
18 4 0 0 0 0 0 0 0 0 0 0 0 
19 4 0 0 0 0 0 0 0 0 0 0 0 
20 4 0 0 0 0 0 0 0 0 0 0 0 
21 4 0 0 0 0 0 0 0 0 0 0 0 
22 4 0 0 0 0 0 0 0 0 0 0 0 
23 4 -1 63 1 12 -1 -1 -1 -1 -1 2 42 
24 4 -1 188 3 10 -1 -1 -1 -1 -1 0 -37 
25 4 24 0 0 0 0 0 0 0 0 0 0 
26 4 -1 324 3 36 -1 -1 -1 -1 -1 2 31 
27 4 0 0 0 0 0 0 0 0 0 0 0 
28 4 0 0 0 0 0 0 0 0 0 0 0 
29 4 41 0 0 0 0 0 0 0 0 0 0 
30 4 -1 330 1 19 -1 -1 -1 -1 -1 0 -38 
31 5 0 0 0 0 0 0 0 0 0 0 0 
32 5 0 0 0 0 0 0 0 0 0 0 0 
33 5 0 0 0 0 0 0 0 0 0 0 0 
34 5 0 0 0 0 0 0 0 0 0 0 0 
35 5 0 0 0 0 0 0 0 0 0 0 0 
36 5 0 0 0 0 0 0 0 0 0 0 0 
37 5 0 0 0 0 0 0 0 0 0 0 0 
38 5 0 0 0 0 0 0 0 0 0 0 0 
39 5 0 0 0 0 0 0 0 0 0 0 0 
40 5 0 0 0 0 0 0 0 0 0 0 0 
41 5 0 0 0 0 0 0 0 0 0 0 0 
42 5 0 0 0 0 0 0 0 0 0 0 0 
43 5 0 0 0 0 0 0 0 0 0 0 0 
44 5 0 0 0 0 0 0 0 0 0 0 0 
45 5 0 0 0 0 0 0 0 0 0 0 0 
46 5 0 0 0 0 0 0 0 0 0 0 0 
47 5 1 0 0 0 0 0 0 0 0 0 0 
48 5 -1 301 1 22 -1 -1 -1 -1 -1 3 12 
49 5 6 0 0 0 0 0 0 0 0 0 0 
50 5 -1 154 4 17 -1 -1 -1 -1 -1 3 2638 
51 5 0 0 0 0 0 0 0 0 0 0 0 
52 5 0 0 0 0 0 0 0 0 0 0 0 
53 5 -1 256 2 30 -1 -1 -1 -1 -1 0 839 
54 5 -1 271 3 12 -1 -1 -1 -1 -1 0 39 
55 5 0 0 0 0 0 0 0 0 0 0 0 
56 5 0 0 0 0 0 0 0 0 0 0 0 
57 5 0 0 0 0 0 0 0 0 0 0 0 
58 5 0 0 0 0 0 0 0 0 0 0 0 
59 5 0 0 0 0 0 0 0 0 0 0 0 
60 5 0 0 0 0 0 0 0 0 0 0 0 
61 5 -1 164 3 12 -1 -1 -1 -1 -1 3 -25 
62 5 -1 151 1 14 -1 -1 -1 -1 -1 2 28 
63 6 0 0 0 0 0 0 0 0 0 0 0 
64 6 0 0 0 0 0 0 0 0 0 0 0 
65 6 0 0 0 0 0 0 0 0 0 0 0 
66 6 0 0 0 0 0 0 0 0 0 0 0 
67 6 0 0 0 0 0 0 0 0 0 0 0 
68 6 0 0 0 0 0 0 0 0 0 0 0 
69 6 0 0 0 0 0 0 0 0 0 0 0 
70 6 0 0 0 0 0 0 0 0 0 0 0 
71 6 0 0 0 0 0 0 0 0 0 0 0 
72 6 0 0 0 0 0 0 0 0 0 0 0 
73 6 0 0 0 0 0 0 0 0 0 0 0 
74 6 0 0 0 0 0 0 0 0 0 0 0 
75 6 0 0 0 0 0 0 0 0 0 0 0 
76 6 0 0 0 0 0 0 0 0 0 0 0 
77 6 0 0 0 0 0 0 0 0 0 0 0 
78 6 0 0 0 0 0 0 0 0 0 0 0 
79 6 0 0 0 0 0 0 0 0 0 0 0 
80 6 0 0 0 0 0 0 0 0 0 0 0 
81 6 0 0 0 0 0 0 0 0 0 0 0 
82 6 0 0 0 0 0 0 0 0 0 0 0 
83 6 0 0 0 0 0 0 0 0 0 0 0 
84 6 0 0 0 0 0 0 0 0 0 0 0 
85 6 0 0 0 0 0 0 0 0 0 0 0 
86 6 0 0 0 0 0 0 0 0 0 0 0 
87 6 0 0 0 0 0 0 0 0 0 0 0 
88 6 0 0 0 0 0 0 0 0 0 0 0 
89 6 0 0 0 0 0 0 0 0 0 0 0 
90 6 0 0 0 0 0 0 0 0 0 0 0 
91 6 0 0 0 0 0 0 0 0 0 0 0 
92 6 0 0 0 0 0 0 0 0 0 0 0 
93 6 0 0 0 0 0 0 0 0 0 0 0 
94 6 0 0 0 0 0 0 0 0 0 0 0 
95 6 0 0 0 0 0 0 0 0 0 0 0 
96 6 0 0 0 0 0 0 0 0 0 0 0 
97 6 2 0 0 0 0 0 0 0 0 0 0 
98 6 -1 297 4 29 -1 -1 -1 -1 -1 1 2730 
99 6 0 0 0 0 0 0 0 0 0 0 0 
100 6 0 0 0 0 0 0 0 0 0 0 0 
101 6 -1 154 2 28 -1 -1 -1 -1 -1 1 440 
102 6 -1 176 0 24 -1 -1 -1 -1 -1 2 -15 
103 6 0 0 0 0 0 0 0 0 0 0 0 
104 6 0 0 0 0 0 0 0 0 0 0 0 
105 6 0 0 0 0 0 0 0 0 0 0 0 
106 6 0 0 0 0 0 0 0 0 0 0 0 
107 6 -1 25 2 28 -1 -1 -1 -1 -1 3 372 
108 6 -1 25 2 12 -1 -1 -1 -1 -1 3 73 
109 6 -1 283 2 26 -1 -1 -1 -1 -1 3 211 
110 6 39 0 0 0 0 0 0 0 0 0 0 
111 6 0 0 0 0 0 0 0 0 0 0 0 
112 6 0 0 0 0 0 0 0 0 0 0 0 
113 6 0 0 0 0 0 0 0 0 0 0 0 
114 6 0 0 0 0 0 0 0 0 0 0 0 
115 6 0 0 0 0 0 0 0 0 0 0 0 
116 6 0 0 0 0 0 0 0 0 0 0 0 
117 6 0 0 0 0 0 0 0 0 0 0 0 
118 6 0 0 0 0 0 0 0 0 0 0 0 
119 6 0 0 0 0 0 0 0 0 0 0 0 
120 6 0 0 0 0 0 0 0 0 0 0 0 
121 6 0 0 0 0 0 0 0 0 0 0 0 
122 6 0 0 0 0 0 0 0 0 0 0 0 
123 6 42 0 0 0 0 0 0 0 0 0 0 
124 6 -1 228 3 12 -1 -1 -1 -1 -1 3 -2 
125 6 46 0 0 0 0 0 0 0 0 0 0 
126 6 47 0 0 0 0 0 0 0 0 0 0 
127 7 0 0 0 0 0 0 0 0 0 0 0 
128 7 0 0 0 0 0 0 0 0 0 0 0 
129 7 0 0 0 0 0 0 0 0 0 0 0 
130 7 0 0 0 0 0 0 0 0 0 0 0 
131 7 0 0 0 0 0 0 0 0 0 0 0 
132 7 0 0 0 0 0 0 0 0 0 0 0 
133 7 0 0 0 0 0 0 0 0 0 0 0 
134 7 0 0 0 0 0 0 0 0 0 0 0 
135 7 0 0 0 0 0 0 0 0 0 0 0 
136 7 0 0 0 0 0 0 0 0 0 0 0 
137 7 0 0 0 0 0 0 0 0 0 0 0 
138 7 0 0 0 0 0 0 0 0 0 0 0 
139 7 0 0 0 0 0 0 0 0 0 0 0 
140 7 0 0 0 0 0 0 0 0 0 0 0 
141 7 0 0 0 0 0 0 0 0 0 0 0 
142 7 0 0 0 0 0 0 0 0 0 0 0 
143 7 0 0 0 0 0 0 0 0 0 0 0 
144 7 0 0 0 0 0 0 0 0 0 0 0 
145 7 0 0 0 0 0 0 0 0 0 0 0 
146 7 0 0 0 0 0 0 0 0 0 0 0 
147 7 0 0 0 0 0 0 0 0 0 0 0 
148 7 0 0 0 0 0 0 0 0 0 0 0 
149 7 0 0 0 0 0 0 0 0 0 0 0 
150 7 0 0 0 0 0 0 0 0 0 0 0 
151 7 0 0 0 0 0 0 0 0 0 0 0 
152 7 0 0 0 0 0 0 0 0 0 0 0 
153 7 0 0 0 0 0 0 0 0 0 0 0 
154 7 0 0 0 0 0 0 0 0 0 0 0 
155 7 0 0 0 0 0 0 0 0 0 0 0 
156 7 0 0 0 0 0 0 0 0 0 0 0 
157 7 0 0 0 0 0 0 0 0 0 0 0 
158 7 0 0 0 0 0 0 0 0 0 0 0 
159 7 0 0 0 0 0 0 0 0 0 0 0 
160 7 0 0 0 0 0 0 0 0 0 0 0 
161 7 0 0 0 0 0 0 0 0 0 0 0 
162 7 0 0 0 0 0 0 0 0 0 0 0 
163 7 0 0 0 0 0 0 0 0 0 0 0 
164 7 0 0 0 0 0 0 0 0 0 0 0 
165 7 0 0 0 0 0 0 0 0 0 0 0 
166 7 0 0 0 0 0 0 0 0 0 0 0 
167 7 0 0 0 0 0 0 0 0 0 0 0 
168 7 0 0 0 0 0 0 0 0 0 0 0 
169 7 0 0 0 0 0 0 0 0 0 0 0 
170 7 0 0 0 0 0 0 0 0 0 0 0 
171 7 0 0 0 0 0 0 0 0 0 0 0 
172 7 0 0 0 0 0 0 0 0 0 0 0 
173 7 0 0 0 0 0 0 0 0 0 0 0 
174 7 0 0 0 0 0 0 0 0 0 0 0 
175 7 0 0 0 0 0 0 0 0 0 0 0 
176 7 0 0 0 0 0 0 0 0 0 0 0 
177 7 0 0 0 0 0 0 0 0 0 0 0 
178 7 0 0 0 0 0 0 0 0 0 0 0 
179 7 0 0 0 0 0 0 0 0 0 0 0 
180 7 0 0 0 0 0 0 0 0 0 0 0 
181 7 0 0 0 0 0 0 0 0 0 0 0 
182 7 0 0 0 0 0 0 0 0 0 0 0 
183 7 0 0 0 0 0 0 0 0 0 0 0 
184 7 0 0 0 0 0 0 0 0 0 0 0 
185 7 0 0 0 0 0 0 0 0 0 0 0 
186 7 0 0 0 0 0 0 0 0 0 0 0 
187 7 0 0 0 0 0 0 0 0 0 0 0 
188 7 0 0 0 0 0 0 0 0 0 0 0 
189 7 0 0 0 0 0 0 0 0 0 0 0 
190 7 0 0 0 0 0 0 0 0 0 0 0 
191 7 0 0 0 0 0 0 0 0 0 0 0 
192 7 0 0 0 0 0 0 0 0 0 0 0 
193 7 0 0 0 0 0 0 0 0 0 0 0 
194 7 0 0 0 0 0 0 0 0 0 0 0 
195 7 0 0 0 0 0 0 0 0 0 0 0 
196 7 0 0 0 0 0 0 0 0 0 0 0 
197 7 3 0 0 0 0 0 0 0 0 0 0 
198 7 -1 17 2 14 -1 -1 -1 -1 -1 2 3308 
199 7 0 0 0 0 0 0 0 0 0 0 0 
200 7 0 0 0 0 0 0 0 0 0 0 0 
201 7 0 0 0 0 0 0 0 0 0 0 0 
202 7 0 0 0 0 0 0 0 0 0 0 0 
203 7 7 0 0 0 0 0 0 0 0 0 0 
204 7 -1 80 0 11 -1 -1 -1 -1 -1 0 -26 
205 7 -1 180 4 39 -1 -1 -1 -1 -1 1 6798 
206 7 -1 245 1 33 -1 -1 -1 -1 -1 1 29 
207 7 0 0 0 0 0 0 0 0 0 0 0 
208 7 0 0 0 0 0 0 0 0 0 0 0 
209 7 0 0 0 0 0 0 0 0 0 0 0 
210 7 0 0 0 0 0 0 0 0 0 0 0 
211 7 0 0 0 0 0 0 0 0 0 0 0 
212 7 0 0 0 0 0 0 0 0 0 0 0 
213 7 0 0 0 0 0 0 0 0 0 0 0 
214 7 0 0 0 0 0 0 0 0 0 0 0 
215 7 -1 255 1 28 -1 -1 -1 -1 -1 2 -53 
216 7 30 0 0 0 0 0 0 0 0 0 0 
217 7 31 0 0 0 0 0 0 0 0 0 0 
218 7 -1 200 3 13 -1 -1 -1 -1 -1 2 -32 
219 7 37 0 0 0 0 0 0 0 0 0 0 
220 7 38 0 0 0 0 0 0 0 0 0 0 
221 7 0 0 0 0 0 0 0 0 0 0 0 
222 7 0 0 0 0 0 0 0 0 0 0 0 
223 7 0 0 0 0 0 0 0 0 0 0 0 
224 7 0 0 0 0 0 0 0 0 0 0 0 
225 7 0 0 0 0 0 0 0 0 0 0 0 
226 7 0 0 0 0 0 0 0 0 0 0 0 
227 7 0 0 0 0 0 0 0 0 0 0 0 
228 7 0 0 0 0 0 0 0 0 0 0 0 
229 7 0 0 0 0 0 0 0 0 0 0 0 
230 7 0 0 0 0 0 0 0 0 0 0 0 
231 7 0 0 0 0 0 0 0 0 0 0 0 
232 7 0 0 0 0 0 0 0 0 0 0 0 
233 7 0 0 0 0 0 0 0 0 0 0 0 
234 7 0 0 0 0 0 0 0 0 0 0 0 
235 7 0 0 0 0 0 0 0 0 0 0 0 
236 7 0 0 0 0 0 0 0 0 0 0 0 
237 7 0 0 0 0 0 0 0 0 0 0 0 
238 7 0 0 0 0 0 0 0 0 0 0 0 
239 7 0 0 0 0 0 0 0 0 0 0 0 
240 7 0 0 0 0 0 0 0 0 0 0 0 
241 7 0 0 0 0 0 0 0 0 0 0 0 
242 7 0 0 0 0 0 0 0 0 0 0 0 
243 7 0 0 0 0 0 0 0 0 0 0 0 
244 7 0 0 0 0 0 0 0 0 0 0 0 
245 7 0 0 0 0 0 0 0 0 0 0 0 
246 7 0 0 0 0 0 0 0 0 0 0 0 
247 7 0 0 0 0 0 0 0 0 0 0 0 
248 7 0 0 0 0 0 0 0 0 0 0 0 
249 7 -1 289 2 31 -1 -1 -1 -1 -1 1 892 
250 7 45 0 0 0 0 0 0 0 0 0 0 
251 7 0 0 0 0 0 0 0 0 0 0 0 
252 7 0 0 0 0 0 0 0 0 0 0 0 
253 7 0 0 0 0 0 0 0 0 0 0 0 
254 7 0 0 0 0 0 0 0 0 0 0 0 
255 8 0 0 0 0 0 0 0 0 0 0 0 
256 8 0 0 0 0 0 0 0 0 0 0 0 
257 8 0 0 0 0 0 0 0 0 0 0 0 
258 8 0 0 0 0 0 0 0 0 0 0 0 
259 8 0 0 0 0 0 0 0 0 0 0 0 
260 8 0 0 0 0 0 0 0 0 0 0 0 
261 8 0 0 0 0 0 0 0 0 0 0 0 
262 8 0 0 0 0 0 0 0 0 0 0 0 
263 8 0 0 0 0 0 0 0 0 0 0 0 
264 8 0 0 0 0 0 0 0 0 0 0 0 
265 8 0 0 0 0 0 0 0 0 0 0 0 
266 8 0 0 0 0 0 0 0 0 0 0 0 
267 8 0 0 0 0 0 0 0 0 0 0 0 
268 8 0 0 0 0 0 0 0 0 0 0 0 
269 8 0 0 0 0 0 0 0 0 0 0 0 
270 8 0 0 0 0 0 0 0 0 0 0 0 
271 8 0 0 0 0 0 0 0 0 0 0 0 
272 8 0 0 0 0 0 0 0 0 0 0 0 
273 8 0 0 0 0 0 0 0 0 0 0 0 
274 8 0 0 0 0 0 0 0 0 0 0 0 
275 8 0 0 0 0 0 0 0 0 0 0 0 
276 8 0 0 0 0 0 0 0 0 0 0 0 
277 8 0 0 0 0 0 0 0 0 0 0 0 
278 8 0 0 0 0 0 0 0 0 0 0 0 
279 8 0 0 0 0 0 0 0 0 0 0 0 
280 8 0 0 0 0 0 0 0 0 0 0 0 
281 8 0 0 0 0 0 0 0 0 0 0 0 
282 8 0 0 0 0 0 0 0 0 0 0 0 
283 8 0 0 0 0 0 0 0 0 0 0 0 
284 8 0 0 0 0 0 0 0 0 0 0 0 
285 8 0 0 0 0 0 0 0 0 0 0 0 
286 8 0 0 0 0 0 0 0 0 0 0 0 
287 8 0 0 0 0 0 0 0 0 0 0 0 
288 8 0 0 0 0 0 0 0 0 0 0 0 
289 8 0 0 0 0 0 0 0 0 0 0 0 
290 8 0 0 0 0 0 0 0 0 0 0 0 
291 8 0 0 0 0 0 0 0 0 0 0 0 
292 8 0 0 0 0 0 0 0 0 0 0 0 
293 8 0 0 0 0 0 0 0 0 0 0 0 
294 8 0 0 0 0 0 0 0 0 0 0 0 
295 8 0 0 0 0 0 0 0 0 0 0 0 
296 8 0 0 0 0 0 0 0 0 0 0 0 
297 8 0 0 0 0 0 0 0 0 0 0 0 
298 8 0 0 0 0 0 0 0 0 0 0 0 
299 8 0 0 0 0 0 0 0 0 0 0 0 
300 8 0 0 0 0 0 0 0 0 0 0 0 
301 8 0 0 0 0 0 0 0 0 0 0 0 
302 8 0 0 0 0 0 0 0 0 0 0 0 
303 8 0 0 0 0 0 0 0 0 0 0 0 
304 8 0 0 0 0 0 0 0 0 0 0 0 
305 8 0 0 0 0 0 0 0 0 0 0 0 
306 8 0 0 0 0 0 0 0 0 0 0 0 
307 8 0 0 0 0 0 0 0 0 0 0 0 
308 8 0 0 0 0 0 0 0 0 0 0 0 
309 8 0 0 0 0 0 0 0 0 0 0 0 
310 8 0 0 0 0 0 0 0 0 0 0 0 
311 8 0 0 0 0 0 0 0 0 0 0 0 
312 8 0 0 0 0 0 0 0 0 0 0 0 
313 8 0 0 0 0 0 0 0 0 0 0 0 
314 8 0 0 0 0 0 0 0 0 0 0 0 
315 8 0 0 0 0 0 0 0 0 0 0 0 
316 8 0 0 0 0 0 0 0 0 0 0 0 
317 8 0 0 0 0 0 0 0 0 0 0 0 
318 8 0 0 0 0 0 0 0 0 0 0 0 
319 8 0 0 0 0 0 0 0 0 0 0 0 
320 8 0 0 0 0 0 0 0 0 0 0 0 
321 8 0 0 0 0 0 0 0 0 0 0 0 
322 8 0 0 0 0 0 0 0 0 0 0 0 
323 8 0 0 0 0 0 0 0 0 0 0 0 
324 8 0 0 0 0 0 0 0 0 0 0 0 
325 8 0 0 0 0 0 0 0 0 0 0 0 
326 8 0 0 0 0 0 0 0 0 0 0 0 
327 8 0 0 0 0 0 0 0 0 0 0 0 
328 8 0 0 0 0 0 0 0 0 0 0 0 
329 8 0 0 0 0 0 0 0 0 0 0 0 
330 8 0 0 0 0 0 0 0 0 0 0 0 
331 8 0 0 0 0 0 0 0 0 0 0 0 
332 8 0 0 0 0 0 0 0 0 0 0 0 
333 8 0 0 0 0 0 0 0 0 0 0 0 
334 8 0 0 0 0 0 0 0 0 0 0 0 
335 8 0 0 0 0 0 0 0 0 0 0 0 
336 8 0 0 0 0 0 0 0 0 0 0 0 
337 8 0 0 0 0 0 0 0 0 0 0 0 
338 8 0 0 0 0 0 0 0 0 0 0 0 
339 8 0 0 0 0 0 0 0 0 0 0 0 
340 8 0 0 0 0 0 0 0 0 0 0 0 
341 8 0 0 0 0 0 0 0 0 0 0 0 
342 8 0 0 0 0 0 0 0 0 0 0 0 
343 8 0 0 0 0 0 0 0 0 0 0 0 
344 8 0 0 0 0 0 0 0 0 0 0 0 
345 8 0 0 0 0 0 0 0 0 0 0 0 
346 8 0 0 0 0 0 0 0 0 0 0 0 
347 8 0 0 0 0 0 0 0 0 0 0 0 
348 8 0 0 0 0 0 0 0 0 0 0 0 
349 8 0 0 0 0 0 0 0 0 0 0 0 
350 8 0 0 0 0 0 0 0 0 0 0 0 
351 8 0 0 0 0 0 0 0 0 0 0 0 
352 8 0 0 0 0 0 0 0 0 0 0 0 
353 8 0 0 0 0 0 0 0 0 0 0 0 
354 8 0 0 0 0 0 0 0 0 0 0 0 
355 8 0 0 0 0 0 0 0 0 0 0 0 
356 8 0 0 0 0 0 0 0 0 0 0 0 
357 8 0 0 0 0 0 0 0 0 0 0 0 
358 8 0 0 0 0 0 0 0 0 0 0 0 
359 8 0 0 0 0 0 0 0 0 0 0 0 
360 8 0 0 0 0 0 0 0 0 0 0 0 
361 8 0 0 0 0 0 0 0 0 0 0 0 
362 8 0 0 0 0 0 0 0 0 0 0 0 
363 8 0 0 0 0 0 0 0 0 0 0 0 
364 8 0 0 0 0 0 0 0 0 0 0 0 
365 8 0 0 0 0 0 0 0 0 0 0 0 
366 8 0 0 0 0 0 0 0 0 0 0 0 
367 8 0 0 0 0 0 0 0 0 0 0 0 
368 8 0 0 0 0 0 0 0 0 0 0 0 
369 8 0 0 0 0 0 0 0 0 0 0 0 
370 8 0 0 0 0 0 0 0 0 0 0 0 
371 8 0 0 0 0 0 0 0 0 0 0 0 
372 8 0 0 0 0 0 0 0 0 0 0 0 
373 8 0 0 0 0 0 0 0 0 0 0 0 
374 8 0 0 0 0 0 0 0 0 0 0 0 
375 8 0 0 0 0 0 0 0 0 0 0 0 
376 8 0 0 0 0 0 0 0 0 0 0 0 
377 8 0 0 0 0 0 0 0 0 0 0 0 
378 8 0 0 0 0 0 0 0 0 0 0 0 
379 8 0 0 0 0 0 0 0 0 0 0 0 
380 8 0 0 0 0 0 0 0 0 0 0 0 
381 8 0 0 0 0 0 0 0 0 0 0 0 
382 8 0 0 0 0 0 0 0 0 0 0 0 
383 8 0 0 0 0 0 0 0 0 0 0 0 
384 8 0 0 0 0 0 0 0 0 0 0 0 
385 8 0 0 0 0 0 0 0 0 0 0 0 
386 8 0 0 0 0 0 0 0 0 0 0 0 
387 8 0 0 0 0 0 0 0 0 0 0 0 
388 8 0 0 0 0 0 0 0 0 0 0 0 
389 8 0 0 0 0 0 0 0 0 0 0 0 
390 8 0 0 0 0 0 0 0 0 0 0 0 
391 8 0 0 0 0 0 0 0 0 0 0 0 
392 8 0 0 0 0 0 0 0 0 0 0 0 
393 8 0 0 0 0 0 0 0 0 0 0 0 
394 8 0 0 0 0 0 0 0 0 0 0 0 
395 8 0 0 0 0 0 0 0 0 0 0 0 
396 8 0 0 0 0 0 0 0 0 0 0 0 
397 8 4 0 0 0 0 0 0 0 0 0 0 
398 8 5 0 0 0 0 0 0 0 0 0 0 
399 8 0 0 0 0 0 0 0 0 0 0 0 
400 8 0 0 0 0 0 0 0 0 0 0 0 
401 8 0 0 0 0 0 0 0 0 0 0 0 
402 8 0 0 0 0 0 0 0 0 0 0 0 
403 8 0 0 0 0 0 0 0 0 0 0 0 
404 8 0 0 0 0 0 0 0 0 0 0 0 
405 8 0 0 0 0 0 0 0 0 0 0 0 
406 8 0 0 0 0 0 0 0 0 0 0 0 
407 8 0 0 0 0 0 0 0 0 0 0 0 
408 8 0 0 0 0 0 0 0 0 0 0 0 
409 8 8 0 0 0 0 0 0 0 0 0 0 
410 8 -1 279 4 17 -1 -1 -1 -1 -1 3 167 
411 8 -1 77 3 36 -1 -1 -1 -1 -1 3 -4 
412 8 16 0 0 0 0 0 0 0 0 0 0 
413 8 -1 209 0 20 -1 -1 -1 -1 -1 0 -1 
414 8 -1 166 1 25 -1 -1 -1 -1 -1 0 15 
415 8 0 0 0 0 0 0 0 0 0 0 0 
416 8 0 0 0 0 0 0 0 0 0 0 0 
417 8 0 0 0 0 0 0 0 0 0 0 0 
418 8 0 0 0 0 0 0 0 0 0 0 0 
419 8 0 0 0 0 0 0 0 0 0 0 0 
420 8 0 0 0 0 0 0 0 0 0 0 0 
421 8 0 0 0 0 0 0 0 0 0 0 0 
422 8 0 0 0 0 0 0 0 0 0 0 0 
423 8 0 0 0 0 0 0 0 0 0 0 0 
424 8 0 0 0 0 0 0 0 0 0 0 0 
425 8 0 0 0 0 0 0 0 0 0 0 0 
426 8 0 0 0 0 0 0 0 0 0 0 0 
427 8 0 0 0 0 0 0 0 0 0 0 0 
428 8 0 0 0 0 0 0 0 0 0 0 0 
429 8 0 0 0 0 0 0 0 0 0 0 0 
430 8 0 0 0 0 0 0 0 0 0 0 0 
431 8 25 0 0 0 0 0 0 0 0 0 0 
432 8 -1 224 2 24 -1 -1 -1 -1 -1 1 858 
433 8 0 0 0 0 0 0 0 0 0 0 0 
434 8 0 0 0 0 0 0 0 0 0 0 0 
435 8 0 0 0 0 0 0 0 0 0 0 0 
436 8 0 0 0 0 0 0 0 0 0 0 0 
437 8 -1 341 2 14 -1 -1 -1 -1 -1 2 6889 
438 8 36 0 0 0 0 0 0 0 0 0 0 
439 8 0 0 0 0 0 0 0 0 0 0 0 
440 8 0 0 0 0 0 0 0 0 0 0 0 
441 8 0 0 0 0 0 0 0 0 0 0 0 
442 8 0 0 0 0 0 0 0 0 0 0 0 
443 8 0 0 0 0 0 0 0 0 0 0 0 
444 8 0 0 0 0 0 0 0 0 0 0 0 
445 8 0 0 0 0 0 0 0 0 0 0 0 
446 8 0 0 0 0 0 0 0 0 0 0 0 
447 8 0 0 0 0 0 0 0 0 0 0 0 
448 8 0 0 0 0 0 0 0 0 0 0 0 
449 8 0 0 0 0 0 0 0 0 0 0 0 
450 8 0 0 0 0 0 0 0 0 0 0 0 
451 8 0 0 0 0 0 0 0 0 0 0 0 
452 8 0 0 0 0 0 0 0 0 0 0 0 
453 8 0 0 0 0 0 0 0 0 0 0 0 
454 8 0 0 0 0 0 0 0 0 0 0 0 
455 8 0 0 0 0 0 0 0 0 0 0 0 
456 8 0 0 0 0 0 0 0 0 0 0 0 
457 8 0 0 0 0 0 0 0 0 0 0 0 
458 8 0 0 0 0 0 0 0 0 0 0 0 
459 8 0 0 0 0 0 0 0 0 0 0 0 
460 8 0 0 0 0 0 0 0 0 0 0 0 
461 8 0 0 0 0 0 0 0 0 0 0 0 
462 8 0 0 0 0 0 0 0 0 0 0 0 
463 8 0 0 0 0 0 0 0 0 0 0 0 
464 8 0 0 0 0 0 0 0 0 0 0 0 
465 8 0 0 0 0 0 0 0 0 0 0 0 
466 8 0 0 0 0 0 0 0 0 0 0 0 
467 8 0 0 0 0 0 0 0 0 0 0 0 
468 8 0 0 0 0 0 0 0 0 0 0 0 
469 8 0 0 0 0 0 0 0 0 0 0 0 
470 8 0 0 0 0 0 0 0 0 0 0 0 
471 8 0 0 0 0 0 0 0 0 0 0 0 
472 8 0 0 0 0 0 0 0 0 0 0 0 
473 8 0 0 0 0 0 0 0 0 0 0 0 
474 8 0 0 0 0 0 0 0 0 0 0 0 
475 8 0 0 0 0 0 0 0 0 0 0 0 
476 8 0 0 0 0 0 0 0 0 0 0 0 
477 8 0 0 0 0 0 0 0 0 0 0 0 
478 8 0 0 0 0 0 0 0 0 0 0 0 
479 8 0 0 0 0 0 0 0 0 0 0 0 
480 8 0 0 0 0 0 0 0 0 0 0 0 
481 8 0 0 0 0 0 0 0 0 0 0 0 
482 8 0 0 0 0 0 0 0 0 0 0 0 
483 8 0 0 0 0 0 0 0 0 0 0 0 
484 8 0 0 0 0 0 0 0 0 0 0 0 
485 8 0 0 0 0 0 0 0 0 0 0 0 
486 8 0 0 0 0 0 0 0 0 0 0 0 
487 8 0 0 0 0 0 0 0 0 0 0 0 
488 8 0 0 0 0 0 0 0 0 0 0 0 
489 8 0 0 0 0 0 0 0 0 0 0 0 
490 8 0 0 0 0 0 0 0 0 0 0 0 
491 8 0 0 0 0 0 0 0 0 0 0 0 
492 8 0 0 0 0 0 0 0 0 0 0 0 
493 8 0 0 0 0 0 0 0 0 0 0 0 
494 8 0 0 0 0 0 0 0 0 0 0 0 
495 8 0 0 0 0 0 0 0 0 0 0 0 
496 8 0 0 0 0 0 0 0 0 0 0 0 
497 8 0 0 0 0 0 0 0 0 0 0 0 
498 8 0 0 0 0 0 0 0 0 0 0 0 
499 8 43 0 0 0 0 0 0 0 0 0 0 
500 8 44 0 0 0 0 0 0 0 0 0 0 
501 8 0 0 0 0 0 0 0 0 0 0 0 
502 8 0 0 0 0 0 0 0 0 0 0 0 
503 8 0 0 0 0 0 0 0 0 0 0 0 
504 8 0 0 0 0 0 0 0 0 0 0 0 
505 8 0 0 0 0 0 0 0 0 0 0 0 
506 8 0 0 0 0 0 0 0 0 0 0 0 
507 8 0 0 0 0 0 0 0 0 0 0 0 
508 8 0 0 0 0 0 0 0 0 0 0 0 
509 8 0 0 0 0 0 0 0 0 0 0 0 
510 8 0 0 0 0 0 0 0 0 0 0 0 
511 9 0 0 0 0 0 0 0 0 0 0 0 
512 9 0 0 0 0 0 0 0 0 0 0 0 
513 9 0 0 0 0 0 0 0 0 0 0 0 
514 9 0 0 0 0 0 0 0 0 0 0 0 
515 9 0 0 0 0 0 0 0 0 0 0 0 
516 9 0 0 0 0 0 0 0 0 0 0 0 
517 9 0 0 0 0 0 0 0 0 0 0 0 
518 9 0 0 0 0 0 0 0 0 0 0 0 
519 9 0 0 0 0 0 0 0 0 0 0 0 
520 9 0 0 0 0 0 0 0 0 0 0 0 
521 9 0 0 0 0 0 0 0 0 0 0 0 
522 9 0 0 0 0 0 0 0 0 0 0 0 
523 9 0 0 0 0 0 0 0 0 0 0 0 
524 9 0 0 0 0 0 0 0 0 0 0 0 
525 9 0 0 0 0 0 0 0 0 0 0 0 
526 9 0 0 0 0 0 0 0 0 0 0 0 
527 9 0 0 0 0 0 0 0 0 0 0 0 
528 9 0 0 0 0 0 0 0 0 0 0 0 
529 9 0 0 0 0 0 0 0 0 0 0 0 
530 9 0 0 0 0 0 0 0 0 0 0 0 
531 9 0 0 0 0 0 0 0 0 0 0 0 
532 9 0 0 0 0 0 0 0 0 0 0 0 
533 9 0 0 0 0 0 0 0 0 0 0 0 
534 9 0 0 0 0 0 0 0 0 0 0 0 
535 9 0 0 0 0 0 0 0 0 0 0 0 
536 9 0 0 0 0 0 0 0 0 0 0 0 
537 9 0 0 0 0 0 0 0 0 0 0 0 
538 9 0 0 0 0 0 0 0 0 0 0 0 
539 9 0 0 0 0 0 0 0 0 0 0 0 
540 9 0 0 0 0 0 0 0 0 0 0 0 
541 9 0 0 0 0 0 0 0 0 0 0 0 
542 9 0 0 0 0 0 0 0 0 0 0 0 
543 9 0 0 0 0 0 0 0 0 0 0 0 
544 9 0 0 0 0 0 0 0 0 0 0 0 
545 9 0 0 0 0 0 0 0 0 0 0 0 
546 9 0 0 0 0 0 0 0 0 0 0 0 
547 9 0 0 0 0 0 0 0 0 0 0 0 
548 9 0 0 0 0 0 0 0 0 0 0 0 
549 9 0 0 0 0 0 0 0 0 0 0 0 
550 9 0 0 0 0 0 0 0 0 0 0 0 
551 9 0 0 0 0 0 0 0 0 0 0 0 
552 9 0 0 0 0 0 0 0 0 0 0 0 
553 9 0 0 0 0 0 0 0 0 0 0 0 
554 9 0 0 0 0 0 0 0 0 0 0 0 
555 9 0 0 0 0 0 0 0 0 0 0 0 
556 9 0 0 0 0 0 0 0 0 0 0 0 
557 9 0 0 0 0 0 0 0 0 0 0 0 
558 9 0 0 0 0 0 0 0 0 0 0 0 
559 9 0 0 0 0 0 0 0 0 0 0 0 
560 9 0 0 0 0 0 0 0 0 0 0 0 
561 9 0 0 0 0 0 0 0 0 0 0 0 
562 9 0 0 0 0 0 0 0 0 0 0 0 
563 9 0 0 0 0 0 0 0 0 0 0 0 
564 9 0 0 0 0 0 0 0 0 0 0 0 
565 9 0 0 0 0 0 0 0 0 0 0 0 
566 9 0 0 0 0 0 0 0 0 0 0 0 
567 9 0 0 0 0 0 0 0 0 0 0 0 
568 9 0 0 0 0 0 0 0 0 0 0 0 
569 9 0 0 0 0 0 0 0 0 0 0 0 
570 9 0 0 0 0 0 0 0 0 0 0 0 
571 9 0 0 0 0 0 0 0 0 0 0 0 
572 9 0 0 0 0 0 0 0 0 0 0 0 
573 9 0 0 0 0 0 0 0 0 0 0 0 
574 9 0 0 0 0 0 0 0 0 0 0 0 
575 9 0 0 0 0 0 0 0 0 0 0 0 
576 9 0 0 0 0 0 0 0 0 0 0 0 
577 9 0 0 0 0 0 0 0 0 0 0 0 
578 9 0 0 0 0 0 0 0 0 0 0 0 
579 9 0 0 0 0 0 0 0 0 0 0 0 
580 9 0 0 0 0 0 0 0 0 0 0 0 
581 9 0 0 0 0 0 0 0 0 0 0 0 
582 9 0 0 0 0 0 0 0 0 0 0 0 
583 9 0 0 0 0 0 0 0 0 0 0 0 
584 9 0 0 0 0 0 0 0 0 0 0 0 
585 9 0 0 0 0 0 0 0 0 0 0 0 
586 9 0 0 0 0 0 0 0 0 0 0 0 
587 9 0 0 0 0 0 0 0 0 0 0 0 
588 9 0 0 0 0 0 0 0 0 0 0 0 
589 9 0 0 0 0 0 0 0 0 0 0 0 
590 9 0 0 0 0 0 0 0 0 0 0 0 
591 9 0 0 0 0 0 0 0 0 0 0 0 
592 9 0 0 0 0 0 0 0 0 0 0 0 
593 9 0 0 0 0 0 0 0 0 0 0 0 
594 9 0 0 0 0 0 0 0 0 0 0 0 
595 9 0 0 0 0 0 0 0 0 0 0 0 
596 9 0 0 0 0 0 0 0 0 0 0 0 
597 9 0 0 0 0 0 0 0 0 0 0 0 
598 9 0 0 0 0 0 0 0 0 0 0 0 
599 9 0 0 0 0 0 0 0 0 0 0 0 
600 9 0 0 0 0 0 0 0 0 0 0 0 
601 9 0 0 0 0 0 0 0 0 0 0 0 
602 9 0 0 0 0 0 0 0 0 0 0 0 
603 9 0 0 0 0 0 0 0 0 0 0 0 
604 9 0 0 0 0 0 0 0 0 0 0 0 
605 9 0 0 0 0 0 0 0 0 0 0 0 
606 9 0 0 0 0 0 0 0 0 0 0 0 
607 9 0 0 0 0 0 0 0 0 0 0 0 
608 9 0 0 0 0 0 0 0 0 0 0 0 
609 9 0 0 0 0 0 0 0 0 0 0 0 
610 9 0 0 0 0 0 0 0 0 0 0 0 
611 9 0 0 0 0 0 0 0 0 0 0 0 
612 9 0 0 0 0 0 0 0 0 0 0 0 
613 9 0 0 0 0 0 0 0 0 0 0 0 
614 9 0 0 0 0 0 0 0 0 0 0 0 
615 9 0 0 0 0 0 0 0 0 0 0 0 
616 9 0 0 0 0 0 0 0 0 0 0 0 
617 9 0 0 0 0 0 0 0 0 0 0 0 
618 9 0 0 0 0 0 0 0 0 0 0 0 
619 9 0 0 0 0 0 0 0 0 0 0 0 
620 9 0 0 0 0 0 0 0 0 0 0 0 
621 9 0 0 0 0 0 0 0 0 0 0 0 
622 9 0 0 0 0 0 0 0 0 0 0 0 
623 9 0 0 0 0 0 0 0 0 0 0 0 
624 9 0 0 0 0 0 0 0 0 0 0 0 
625 9 0 0 0 0 0 0 0 0 0 0 0 
626 9 0 0 0 0 0 0 0 0 0 0 0 
627 9 0 0 0 0 0 0 0 0 0 0 0 
628 9 0 0 0 0 0 0 0 0 0 0 0 
629 9 0 0 0 0 0 0 0 0 0 0 0 
630 9 0 0 0 0 0 0 0 0 0 0 0 
631 9 0 0 0 0 0 0 0 0 0 0 0 
632 9 0 0 0 0 0 0 0 0 0 0 0 
633 9 0 0 0 0 0 0 0 0 0 0 0 
634 9 0 0 0 0 0 0 0 0 0 0 0 
635 9 0 0 0 0 0 0 0 0 0 0 0 
636 9 0 0 0 0 0 0 0 0 0 0 0 
637 9 0 0 0 0 0 0 0 0 0 0 0 
638 9 0 0 0 0 0 0 0 0 0 0 0 
639 9 0 0 0 0 0 0 0 0 0 0 0 
640 9 0 0 0 0 0 0 0 0 0 0 0 
641 9 0 0 0 0 0 0 0 0 0 0 0 
642 9 0 0 0 0 0 0 0 0 0 0 0 
643 9 0 0 0 0 0 0 0 0 0 0 0 
644 9 0 0 0 0 0 0 0 0 0 0 0 
645 9 0 0 0 0 0 0 0 0 0 0 0 
646 9 0 0 0 0 0 0 0 0 0 0 0 
647 9 0 0 0 0 0 0 0 0 0 0 0 
648 9 0 0 0 0 0 0 0 0 0 0 0 
649 9 0 0 0 0 0 0 0 0 0 0 0 
650 9 0 0 0 0 0 0 0 0 0 0 0 
651 9 0 0 0 0 0 0 0 0 0 0 0 
652 9 0 0 0 0 0 0 0 0 0 0 0 
653 9 0 0 0 0 0 0 0 0 0 0 0 
654 9 0 0 0 0 0 0 0 0 0 0 0 
655 9 0 0 0 0 0 0 0 0 0 0 0 
656 9 0 0 0 0 0 0 0 0 0 0 0 
657 9 0 0 0 0 0 0 0 0 0 0 0 
658 9 0 0 0 0 0 0 0 0 0 0 0 
659 9 0 0 0 0 0 0 0 0 0 0 0 
660 9 0 0 0 0 0 0 0 0 0 0 0 
661 9 0 0 0 0 0 0 0 0 0 0 0 
662 9 0 0 0 0 0 0 0 0 0 0 0 
663 9 0 0 0 0 0 0 0 0 0 0 0 
664 9 0 0 0 0 0 0 0 0 0 0 0 
665 9 0 0 0 0 0 0 0 0 0 0 0 
666 9 0 0 0 0 0 0 0 0 0 0 0 
667 9 0 0 0 0 0 0 0 0 0 0 0 
668 9 0 0 0 0 0 0 0 0 0 0 0 
669 9 0 0 0 0 0 0 0 0 0 0 0 
670 9 0 0 0 0 0 0 0 0 0 0 0 
671 9 0 0 0 0 0 0 0 0 0 0 0 
672 9 0 0 0 0 0 0 0 0 0 0 0 
673 9 0 0 0 0 0 0 0 0 0 0 0 
674 9 0 0 0 0 0 0 0 0 0 0 0 
675 9 0 0 0 0 0 0 0 0 0 0 0 
676 9 0 0 0 0 0 0 0 0 0 0 0 
677 9 0 0 0 0 0 0 0 0 0 0 0 
678 9 0 0 0 0 0 0 0 0 0 0 0 
679 9 0 0 0 0 0 0 0 0 0 0 0 
680 9 0 0 0 0 0 0 0 0 0 0 0 
681 9 0 0 0 0 0 0 0 0 0 0 0 
682 9 0 0 0 0 0 0 0 0 0 0 0 
683 9 0 0 0 0 0 0 0 0 0 0 0 
684 9 0 0 0 0 0 0 0 0 0 0 0 
685 9 0 0 0 0 0 0 0 0 0 0 0 
686 9 0 0 0 0 0 0 0 0 0 0 0 
687 9 0 0 0 0 0 0 0 0 0 0 0 
688 9 0 0 0 0 0 0 0 0 0 0 0 
689 9 0 0 0 0 0 0 0 0 0 0 0 
690 9 0 0 0 0 0 0 0 0 0 0 0 
691 9 0 0 0 0 0 0 0 0 0 0 0 
692 9 0 0 0 0 0 0 0 0 0 0 0 
693 9 0 0 0 0 0 0 0 0 0 0 0 
694 9 0 0 0 0 0 0 0 0 0 0 0 
695 9 0 0 0 0 0 0 0 0 0 0 0 
696 9 0 0 0 0 0 0 0 0 0 0 0 
697 9 0 0 0 0 0 0 0 0 0 0 0 
698 9 0 0 0 0 0 0 0 0 0 0 0 
699 9 0 0 0 0 0 0 0 0 0 0 0 
700 9 0 0 0 0 0 0 0 0 0 0 0 
701 9 0 0 0 0 0 0 0 0 0 0 0 
702 9 0 0 0 0 0 0 0 0 0 0 0 
703 9 0 0 0 0 0 0 0 0 0 0 0 
704 9 0 0 0 0 0 0 0 0 0 0 0 
705 9 0 0 0 0 0 0 0 0 0 0 0 
706 9 0 0 0 0 0 0 0 0 0 0 0 
707 9 0 0 0 0 0 0 0 0 0 0 0 
708 9 0 0 0 0 0 0 0 0 0 0 0 
709 9 0 0 0 0 0 0 0 0 0 0 0 
710 9 0 0 0 0 0 0 0 0 0 0 0 
711 9 0 0 0 0 0 0 0 0 0 0 0 
712 9 0 0 0 0 0 0 0 0 0 0 0 
713 9 0 0 0 0 0 0 0 0 0 0 0 
714 9 0 0 0 0 0 0 0 0 0 0 0 
715 9 0 0 0 0 0 0 0 0 0 0 0 
716 9 0 0 0 0 0 0 0 0 0 0 0 
717 9 0 0 0 0 0 0 0 0 0 0 0 
718 9 0 0 0 0 0 0 0 0 0 0 0 
719 9 0 0 0 0 0 0 0 0 0 0 0 
720 9 0 0 0 0 0 0 0 0 0 0 0 
721 9 0 0 0 0 0 0 0 0 0 0 0 
722 9 0 0 0 0 0 0 0 0 0 0 0 
723 9 0 0 0 0 0 0 0 0 0 0 0 
724 9 0 0 0 0 0 0 0 0 0 0 0 
725 9 0 0 0 0 0 0 0 0 0 0 0 
726 9 0 0 0 0 0 0 0 0 0 0 0 
727 9 0 0 0 0 0 0 0 0 0 0 0 
728 9 0 0 0 0 0 0 0 0 0 0 0 
729 9 0 0 0 0 0 0 0 0 0 0 0 
730 9 0 0 0 0 0 0 0 0 0 0 0 
731 9 0 0 0 0 0 0 0 0 0 0 0 
732 9 0 0 0 0 0 0 0 0 0 0 0 
733 9 0 0 0 0 0 0 0 0 0 0 0 
734 9 0 0 0 0 0 0 0 0 0 0 0 
735 9 0 0 0 0 0 0 0 0 0 0 0 
736 9 0 0 0 0 0 0 0 0 0 0 0 
737 9 0 0 0 0 0 0 0 0 0 0 0 
738 9 0 0 0 0 0 0 0 0 0 0 0 
739 9 0 0 0 0 0 0 0 0 0 0 0 
740 9 0 0 0 0 0 0 0 0 0 0 0 
741 9 0 0 0 0 0 0 0 0 0 0 0 
742 9 0 0 0 0 0 0 0 0 0 0 0 
743 9 0 0 0 0 0 0 0 0 0 0 0 
744 9 0 0 0 0 0 0 0 0 0 0 0 
745 9 0 0 0 0 0 0 0 0 0 0 0 
746 9 0 0 0 0 0 0 0 0 0 0 0 
747 9 0 0 0 0 0 0 0 0 0 0 0 
748 9 0 0 0 0 0 0 0 0 0 0 0 
749 9 0 0 0 0 0 0 0 0 0 0 0 
750 9 0 0 0 0 0 0 0 0 0 0 0 
751 9 0 0 0 0 0 0 0 0 0 0 0 
752 9 0 0 0 0 0 0 0 0 0 0 0 
753 9 0 0 0 0 0 0 0 0 0 0 0 
754 9 0 0 0 0 0 0 0 0 0 0 0 
755 9 0 0 0 0 0 0 0 0 0 0 0 
756 9 0 0 0 0 0 0 0 0 0 0 0 
757 9 0 0 0 0 0 0 0 0 0 0 0 
758 9 0 0 0 0 0 0 0 0 0 0 0 
759 9 0 0 0 0 0 0 0 0 0 0 0 
760 9 0 0 0 0 0 0 0 0 0 0 0 
761 9 0 0 0 0 0 0 0 0 0 0 0 
762 9 0 0 0 0 0 0 0 0 0 0 0 
763 9 0 0 0 0 0 0 0 0 0 0 0 
764 9 0 0 0 0 0 0 0 0 0 0 0 
765 9 0 0 0 0 0 0 0 0 0 0 0 
766 9 0 0 0 0 0 0 0 0 0 0 0 
767 9 0 0 0 0 0 0 0 0 0 0 0 
768 9 0 0 0 0 0 0 0 0 0 0 0 
769 9 0 0 0 0 0 0 0 0 0 0 0 
770 9 0 0 0 0 0 0 0 0 0 0 0 
771 9 0 0 0 0 0 0 0 0 0 0 0 
772 9 0 0 0 0 0 0 0 0 0 0 0 
773 9 0 0 0 0 0 0 0 0 0 0 0 
774 9 0 0 0 0 0 0 0 0 0 0 0 
775 9 0 0 0 0 0 0 0 0 0 0 0 
776 9 0 0 0 0 0 0 0 0 0 0 0 
777 9 0 0 0 0 0 0 0 0 0 0 0 
778 9 0 0 0 0 0 0 0 0 0 0 0 
779 9 0 0 0 0 0 0 0 0 0 0 0 
780 9 0 0 0 0 0 0 0 0 0 0 0 
781 9 0 0 0 0 0 0 0 0 0 0 0 
782 9 0 0 0 0 0 0 0 0 0 0 0 
783 9 0 0 0 0 0 0 0 0 0 0 0 
784 9 0 0 0 0 0 0 0 0 0 0 0 
785 9 0 0 0 0 0 0 0 0 0 0 0 
786 9 0 0 0 0 0 0 0 0 0 0 0 
787 9 0 0 0 0 0 0 0 0 0 0 0 
788 9 0 0 0 0 0 0 0 0 0 0 0 
789 9 0 0 0 0 0 0 0 0 0 0 0 
790 9 0 0 0 0 0 0 0 0 0 0 0 
791 9 0 0 0 0 0 0 0 0 0 0 0 
792 9 0 0 0 0 0 0 0 0 0 0 0 
793 9 0 0 0 0 0 0 0 0 0 0 0 
794 9 0 0 0 0 0 0 0 0 0 0 0 
795 9 0 0 0 0 0 0 0 0 0 0 0 
796 9 0 0 0 0 0 0 0 0 0 0 0 
797 9 0 0 0 0 0 0 0 0 0 0 0 
798 9 0 0 0 0 0 0 0 0 0 0 0 
799 9 0 0 0 0 0 0 0 0 0 0 0 
800 9 0 0 0 0 0 0 0 0 0 0 0 
801 9 0 0 0 0 0 0 0 0 0 0 0 
802 9 0 0 0 0 0 0 0 0 0 0 0 
803 9 0 0 0 0 0 0 0 0 0 0 0 
804 9 0 0 0 0 0 0 0 0 0 0 0 
805 9 0 0 0 0 0 0 0 0 0 0 0 
806 9 0 0 0 0 0 0 0 0 0 0 0 
807 9 0 0 0 0 0 0 0 0 0 0 0 
808 9 0 0 0 0 0 0 0 0 0 0 0 
809 9 0 0 0 0 0 0 0 0 0 0 0 
810 9 0 0 0 0 0 0 0 0 0 0 0 
811 9 0 0 0 0 0 0 0 0 0 0 0 
812 9 0 0 0 0 0 0 0 0 0 0 0 
813 9 0 0 0 0 0 0 0 0 0 0 0 
814 9 0 0 0 0 0 0 0 0 0 0 0 
815 9 0 0 0 0 0 0 0 0 0 0 0 
816 9 0 0 0 0 0 0 0 0 0 0 0 
817 9 0 0 0 0 0 0 0 0 0 0 0 
818 9 0 0 0 0 0 0 0 0 0 0 0 
819 9 0 0 0 0 0 0 0 0 0 0 0 
820 9 0 0 0 0 0 0 0 0 0 0 0 
821 9 9 0 0 0 0 0 0 0 0 0 0 
822 9 -1 73 2 16 -1 -1 -1 -1 -1 3 113 
823 9 -1 12 4 24 -1 -1 -1 -1 -1 1 7954 
824 9 -1 303 2 34 -1 -1 -1 -1 -1 0 153 
825 9 0 0 0 0 0 0 0 0 0 0 0 
826 9 0 0 0 0 0 0 0 0 0 0 0 
827 9 -1 171 1 15 -1 -1 -1 -1 -1 0 10 
828 9 -1 109 1 21 -1 -1 -1 -1 -1 2 -22 
829 9 21 0 0 0 0 0 0 0 0 0 0 
830 9 -1 91 0 19 -1 -1 -1 -1 -1 1 22 
831 9 0 0 0 0 0 0 0 0 0 0 0 
832 9 0 0 0 0 0 0 0 0 0 0 0 
833 9 0 0 0 0 0 0 0 0 0 0 0 
834 9 0 0 0 0 0 0 0 0 0 0 0 
835 9 0 0 0 0 0 0 0 0 0 0 0 
836 9 0 0 0 0 0 0 0 0 0 0 0 
837 9 0 0 0 0 0 0 0 0 0 0 0 
838 9 0 0 0 0 0 0 0 0 0 0 0 
839 9 0 0 0 0 0 0 0 0 0 0 0 
840 9 0 0 0 0 0 0 0 0 0 0 0 
841 9 0 0 0 0 0 0 0 0 0 0 0 
842 9 0 0 0 0 0 0 0 0 0 0 0 
843 9 0 0 0 0 0 0 0 0 0 0 0 
844 9 0 0 0 0 0 0 0 0 0 0 0 
845 9 0 0 0 0 0 0 0 0 0 0 0 
846 9 0 0 0 0 0 0 0 0 0 0 0 
847 9 0 0 0 0 0 0 0 0 0 0 0 
848 9 0 0 0 0 0 0 0 0 0 0 0 
849 9 0 0 0 0 0 0 0 0 0 0 0 
850 9 0 0 0 0 0 0 0 0 0 0 0 
851 9 0 0 0 0 0 0 0 0 0 0 0 
852 9 0 0 0 0 0 0 0 0 0 0 0 
853 9 0 0 0 0 0 0 0 0 0 0 0 
854 9 0 0 0 0 0 0 0 0 0 0 0 
855 9 0 0 0 0 0 0 0 0 0 0 0 
856 9 0 0 0 0 0 0 0 0 0 0 0 
857 9 0 0 0 0 0 0 0 0 0 0 0 
858 9 0 0 0 0 0 0 0 0 0 0 0 
859 9 0 0 0 0 0 0 0 0 0 0 0 
860 9 0 0 0 0 0 0 0 0 0 0 0 
861 9 0 0 0 0 0 0 0 0 0 0 0 
862 9 0 0 0 0 0 0 0 0 0 0 0 
863 9 0 0 0 0 0 0 0 0 0 0 0 
864 9 0 0 0 0 0 0 0 0 0 0 0 
865 9 -1 41 4 12 -1 -1 -1 -1 -1 3 3827 
866 9 -1 319 3 38 -1 -1 -1 -1 -1 2 -58 
867 9 0 0 0 0 0 0 0 0 0 0 0 
868 9 0 0 0 0 0 0 0 0 0 0 0 
869 9 0 0 0 0 0 0 0 0 0 0 0 
870 9 0 0 0 0 0 0 0 0 0 0 0 
871 9 0 0 0 0 0 0 0 0 0 0 0 
872 9 0 0 0 0 0 0 0 0 0 0 0 
873 9 0 0 0 0 0 0 0 0 0 0 0 
874 9 0 0 0 0 0 0 0 0 0 0 0 
875 9 -1 119 2 22 -1 -1 -1 -1 -1 3 558 
876 9 -1 86 4 18 -1 -1 -1 -1 -1 0 6342 
877 9 0 0 0 0 0 0 0 0 0 0 0 
878 9 0 0 0 0 0 0 0 0 0 0 0 
879 9 0 0 0 0 0 0 0 0 0 0 0 
880 9 0 0 0 0 0 0 0 0 0 0 0 
881 9 0 0 0 0 0 0 0 0 0 0 0 
882 9 0 0 0 0 0 0 0 0 0 0 0 
883 9 0 0 0 0 0 0 0 0 0 0 0 
884 9 0 0 0 0 0 0 0 0 0 0 0 
885 9 0 0 0 0 0 0 0 0 0 0 0 
886 9 0 0 0 0 0 0 0 0 0 0 0 
887 9 0 0 0 0 0 0 0 0 0 0 0 
888 9 0 0 0 0 0 0 0 0 0 0 0 
889 9 0 0 0 0 0 0 0 0 0 0 0 
890 9 0 0 0 0 0 0 0 0 0 0 0 
891 9 0 0 0 0 0 0 0 0 0 0 0 
892 9 0 0 0 0 0 0 0 0 0 0 0 
893 9 0 0 0 0 0 0 0 0 0 0 0 
894 9 0 0 0 0 0 0 0 0 0 0 0 
895 9 0 0 0 0 0 0 0 0 0 0 0 
896 9 0 0 0 0 0 0 0 0 0 0 0 
897 9 0 0 0 0 0 0 0 0 0 0 0 
898 9 0 0 0 0 0 0 0 0 0 0 0 
899 9 0 0 0 0 0 0 0 0 0 0 0 
900 9 0 0 0 0 0 0 0 0 0 0 0 
901 9 0 0 0 0 0 0 0 0 0 0 0 
902 9 0 0 0 0 0 0 0 0 0 0 0 
903 9 0 0 0 0 0 0 0 0 0 0 0 
904 9 0 0 0 0 0 0 0 0 0 0 0 
905 9 0 0 0 0 0 0 0 0 0 0 0 
906 9 0 0 0 0 0 0 0 0 0 0 0 
907 9 0 0 0 0 0 0 0 0 0 0 0 
908 9 0 0 0 0 0 0 0 0 0 0 0 
909 9 0 0 0 0 0 0 0 0 0 0 0 
910 9 0 0 0 0 0 0 0 0 0 0 0 
911 9 0 0 0 0 0 0 0 0 0 0 0 
912 9 0 0 0 0 0 0 0 0 0 0 0 
913 9 0 0 0 0 0 0 0 0 0 0 0 
914 9 0 0 0 0 0 0 0 0 0 0 0 
915 9 0 0 0 0 0 0 0 0 0 0 0 
916 9 0 0 0 0 0 0 0 0 0 0 0 
917 9 0 0 0 0 0 0 0 0 0 0 0 
918 9 0 0 0 0 0 0 0 0 0 0 0 
919 9 0 0 0 0 0 0 0 0 0 0 0 
920 9 0 0 0 0 0 0 0 0 0 0 0 
921 9 0 0 0 0 0 0 0 0 0 0 0 
922 9 0 0 0 0 0 0 0 0 0 0 0 
923 9 0 0 0 0 0 0 0 0 0 0 0 
924 9 0 0 0 0 0 0 0 0 0 0 0 
925 9 0 0 0 0 0 0 0 0 0 0 0 
926 9 0 0 0 0 0 0 0 0 0 0 0 
927 9 0 0 0 0 0 0 0 0 0 0 0 
928 9 0 0 0 0 0 0 0 0 0 0 0 
929 9 0 0 0 0 0 0 0 0 0 0 0 
930 9 0 0 0 0 0 0 0 0 0 0 0 
931 9 0 0 0 0 0 0 0 0 0 0 0 
932 9 0 0 0 0 0 0 0 0 0 0 0 
933 9 0 0 0 0 0 0 0 0 0 0 0 
934 9 0 0 0 0 0 0 0 0 0 0 0 
935 9 0 0 0 0 0 0 0 0 0 0 0 
936 9 0 0 0 0 0 0 0 0 0 0 0 
937 9 0 0 0 0 0 0 0 0 0 0 0 
938 9 0 0 0 0 0 0 0 0 0 0 0 
939 9 0 0 0 0 0 0 0 0 0 0 0 
940 9 0 0 0 0 0 0 0 0 0 0 0 
941 9 0 0 0 0 0 0 0 0 0 0 0 
942 9 0 0 0 0 0 0 0 0 0 0 0 
943 9 0 0 0 0 0 0 0 0 0 0 0 
944 9 0 0 0 0 0 0 0 0 0 0 0 
945 9 0 0 0 0 0 0 0 0 0 0 0 
946 9 0 0 0 0 0 0 0 0 0 0 0 
947 9 0 0 0 0 0 0 0 0 0 0 0 
948 9 0 0 0 0 0 0 0 0 0 0 0 
949 9 0 0 0 0 0 0 0 0 0 0 0 
950 9 0 0 0 0 0 0 0 0 0 0 0 
951 9 0 0 0 0 0 0 0 0 0 0 0 
952 9 0 0 0 0 0 0 0 0 0 0 0 
953 9 0 0 0 0 0 0 0 0 0 0 0 
954 9 0 0 0 0 0 0 0 0 0 0 0 
955 9 0 0 0 0 0 0 0 0 0 0 0 
956 9 0 0 0 0 0 0 0 0 0 0 0 
957 9 0 0 0 0 0 0 0 0 0 0 0 
958 9 0 0 0 0 0 0 0 0 0 0 0 
959 9 0 0 0 0 0 0 0 0 0 0 0 
960 9 0 0 0 0 0 0 0 0 0 0 0 
961 9 0 0 0 0 0 0 0 0 0 0 0 
962 9 0 0 0 0 0 0 0 0 0 0 0 
963 9 0 0 0 0 0 0 0 0 0 0 0 
964 9 0 0 0 0 0 0 0 0 0 0 0 
965 9 0 0 0 0 0 0 0 0 0 0 0 
966 9 0 0 0 0 0 0 0 0 0 0 0 
967 9 0 0 0 0 0 0 0 0 0 0 0 
968 9 0 0 0 0 0 0 0 0 0 0 0 
969 9 0 0 0 0 0 0 0 0 0 0 0 
970 9 0 0 0 0 0 0 0 0 0 0 0 
971 9 0 0 0 0 0 0 0 0 0 0 0 
972 9 0 0 0 0 0 0 0 0 0 0 0 
973 9 0 0 0 0 0 0 0 0 0 0 0 
974 9 0 0 0 0 0 0 0 0 0 0 0 
975 9 0 0 0 0 0 0 0 0 0 0 0 
976 9 0 0 0 0 0 0 0 0 0 0 0 
977 9 0 0 0 0 0 0 0 0 0 0 0 
978 9 0 0 0 0 0 0 0 0 0 0 0 
979 9 0 0 0 0 0 0 0 0 0 0 0 
980 9 0 0 0 0 0 0 0 0 0 0 0 
981 9 0 0 0 0 0 0 0 0 0 0 0 
982 9 0 0 0 0 0 0 0 0 0 0 0 
983 9 0 0 0 0 0 0 0 0 0 0 0 
984 9 0 0 0 0 0 0 0 0 0 0 0 
985 9 0 0 0 0 0 0 0 0 0 0 0 
986 9 0 0 0 0 0 0 0 0 0 0 0 
987 9 0 0 0 0 0 0 0 0 0 0 0 
988 9 0 0 0 0 0 0 0 0 0 0 0 
989 9 0 0 0 0 0 0 0 0 0 0 0 
990 9 0 0 0 0 0 0 0 0 0 0 0 
991 9 0 0 0 0 0 0 0 0 0 0 0 
992 9 0 0 0 0 0 0 0 0 0 0 0 
993 9 0 0 0 0 0 0 0 0 0 0 0 
994 9 0 0 0 0 0 0 0 0 0 0 0 
995 9 0 0 0 0 0 0 0 0 0 0 0 
996 9 0 0 0 0 0 0 0 0 0 0 0 
997 9 0 0 0 0 0 0 0 0 0 0 0 
998 9 0 0 0 0 0 0 0 0 0 0 0 
999 9 0 0 0 0 0 0 0 0 0 0 0 
1000 9 0 0 0 0 0 0 0 0 0 0 0 
1001 9 0 0 0 0 0 0 0 0 0 0 0 
1002 9 0 0 0 0 0 0 0 0 0 0 0 
1003 9 0 0 0 0 0 0 0 0 0 0 0 
1004 9 0 0 0 0 0 0 0 0 0 0 0 
1005 9 0 0 0 0 0 0 0 0 0 0 0 
1006 9 0 0 0 0 0 0 0 0 0 0 0 
1007 9 0 0 0 0 0 0 0 0 0 0 0 
1008 9 0 0 0 0 0 0 0 0 0 0 0 
1009 9 0 0 0 0 0 0 0 0 0 0 0 
1010 9 0 0 0 0 0 0 0 0 0 0 0 
1011 9 0 0 0 0 0 0 0 0 0 0 0 
1012 9 0 0 0 0 0 0 0 0 0 0 0 
1013 9 0 0 0 0 0 0 0 0 0 0 0 
1014 9 0 0 0 0 0 0 0 0 0 0 0 
1015 9 0 0 0 0 0 0 0 0 0 0 0 
1016 9 0 0 0 0 0 0 0 0 0 0 0 
1017 9 0 0 0 0 0 0 0 0 0 0 0 
1018 9 0 0 0 0 0 0 0 0 0 0 0 
1019 9 0 0 0 0 0 0 0 0 0 0 0 
1020 9 0 0 0 0 0 0 0 0 0 0 0 
1021 9 0 0 0 0 0 0 0 0 0 0 0 
1022 9 0 0 0 0 0 0 0 0 0 0 0 
1023 10 0 0 0 0 0 0 0 0 0 0 0 
1024 10 0 0 0 0 0 0 0 0 0 0 0 
1025 10 0 0 0 0 0 0 0 0 0 0 0 
1026 10 0 0 0 0 0 0 0 0 0 0 0 
1027 10 0 0 0 0 0 0 0 0 0 0 0 
1028 10 0 0 0 0 0 0 0 0 0 0 0 
1029 10 0 0 0 0 0 0 0 0 0 0 0 
1030 10 0 0 0 0 0 0 0 0 0 0 0 
1031 10 0 0 0 0 0 0 0 0 0 0 0 
1032 10 0 0 0 0 0 0 0 0 0 0 0 
1033 10 0 0 0 0 0 0 0 0 0 0 0 
1034 10 0 0 0 0 0 0 0 0 0 0 0 
1035 10 0 0 0 0 0 0 0 0 0 0 0 
1036 10 0 0 0 0 0 0 0 0 0 0 0 
1037 10 0 0 0 0 0 0 0 0 0 0 0 
1038 10 0 0 0 0 0 0 0 0 0 0 0 
1039 10 0 0 0 0 0 0 0 0 0 0 0 
1040 10 0 0 0 0 0 0 0 0 0 0 0 
1041 10 0 0 0 0 0 0 0 0 0 0 0 
1042 10 0 0 0 0 0 0 0 0 0 0 0 
1043 10 0 0 0 0 0 0 0 0 0 0 0 
1044 10 0 0 0 0 0 0 0 0 0 0 0 
1045 10 0 0 0 0 0 0 0 0 0 0 0 
1046 10 0 0 0 0 0 0 0 0 0 0 0 
1047 10 0 0 0 0 0 0 0 0 0 0 0 
1048 10 0 0 0 0 0 0 0 0 0 0 0 
1049 10 0 0 0 0 0 0 0 0 0 0 0 
1050 10 0 0 0 0 0 0 0 0 0 0 0 
1051 10 0 0 0 0 0 0 0 0 0 0 0 
1052 10 0 0 0 0 0 0 0 0 0 0 0 
1053 10 0 0 0 0 0 0 0 0 0 0 0 
1054 10 0 0 0 0 0 0 0 0 0 0 0 
1055 10 0 0 0 0 0 0 0 0 0 0 0 
1056 10 0 0 0 0 0 0 0 0 0 0 0 
1057 10 0 0 0 0 0 0 0 0 0 0 0 
1058 10 0 0 0 0 0 0 0 0 0 0 0 
1059 10 0 0 0 0 0 0 0 0 0 0 0 
1060 10 0 0 0 0 0 0 0 0 0 0 0 
1061 10 0 0 0 0 0 0 0 0 0 0 0 
1062 10 0 0 0 0 0 0 0 0 0 0 0 
1063 10 0 0 0 0 0 0 0 0 0 0 0 
1064 10 0 0 0 0 0 0 0 0 0 0 0 
1065 10 0 0 0 0 0 0 0 0 0 0 0 
1066 10 0 0 0 0 0 0 0 0 0 0 0 
1067 10 0 0 0 0 0 0 0 0 0 0 0 
1068 10 0 0 0 0 0 0 0 0 0 0 0 
1069 10 0 0 0 0 0 0 0 0 0 0 0 
1070 10 0 0 0 0 0 0 0 0 0 0 0 
1071 10 0 0 0 0 0 0 0 0 0 0 0 
1072 10 0 0 0 0 0 0 0 0 0 0 0 
1073 10 0 0 0 0 0 0 0 0 0 0 0 
1074 10 0 0 0 0 0 0 0 0 0 0 0 
1075 10 0 0 0 0 0 0 0 0 0 0 0 
1076 10 0 0 0 0 0 0 0 0 0 0 0 
1077 10 0 0 0 0 0 0 0 0 0 0 0 
1078 10 0 0 0 0 0 0 0 0 0 0 0 
1079 10 0 0 0 0 0 0 0 0 0 0 0 
1080 10 0 0 0 0 0 0 0 0 0 0 0 
1081 10 0 0 0 0 0 0 0 0 0 0 0 
1082 10 0 0 0 0 0 0 0 0 0 0 0 
1083 10 0 0 0 0 0 0 0 0 0 0 0 
1084 10 0 0 0 0 0 0 0 0 0 0 0 
1085 10 0 0 0 0 0 0 0 0 0 0 0 
1086 10 0 0 0 0 0 0 0 0 0 0 0 
1087 10 0 0 0 0 0 0 0 0 0 0 0 
1088 10 0 0 0 0 0 0 0 0 0 0 0 
1089 10 0 0 0 0 0 0 0 0 0 0 0 
1090 10 0 0 0 0 0 0 0 0 0 0 0 
1091 10 0 0 0 0 0 0 0 0 0 0 0 
1092 10 0 0 0 0 0 0 0 0 0 0 0 
1093 10 0 0 0 0 0 0 0 0 0 0 0 
1094 10 0 0 0 0 0 0 0 0 0 0 0 
1095 10 0 0 0 0 0 0 0 0 0 0 0 
1096 10 0 0 0 0 0 0 0 0 0 0 0 
1097 10 0 0 0 0 0 0 0 0 0 0 0 
1098 10 0 0 0 0 0 0 0 0 0 0 0 
1099 10 0 0 0 0 0 0 0 0 0 0 0 
1100 10 0 0 0 0 0 0 0 0 0 0 0 
1101 10 0 0 0 0 0 0 0 0 0 0 0 
1102 10 0 0 0 0 0 0 0 0 0 0 0 
1103 10 0 0 0 0 0 0 0 0 0 0 0 
1104 10 0 0 0 0 0 0 0 0 0 0 0 
1105 10 0 0 0 0 0 0 0 0 0 0 0 
1106 10 0 0 0 0 0 0 0 0 0 0 0 
1107 10 0 0 0 0 0 0 0 0 0 0 0 
1108 10 0 0 0 0 0 0 0 0 0 0 0 
1109 10 0 0 0 0 0 0 0 0 0 0 0 
1110 10 0 0 0 0 0 0 0 0 0 0 0 
1111 10 0 0 0 0 0 0 0 0 0 0 0 
1112 10 0 0 0 0 0 0 0 0 0 0 0 
1113 10 0 0 0 0 0 0 0 0 0 0 0 
1114 10 0 0 0 0 0 0 0 0 0 0 0 
1115 10 0 0 0 0 0 0 0 0 0 0 0 
1116 10 0 0 0 0 0 0 0 0 0 0 0 
1117 10 0 0 0 0 0 0 0 0 0 0 0 
1118 10 0 0 0 0 0 0 0 0 0 0 0 
1119 10 0 0 0 0 0 0 0 0 0 0 0 
1120 10 0 0 0 0 0 0 0 0 0 0 0 
1121 10 0 0 0 0 0 0 0 0 0 0 0 
1122 10 0 0 0 0 0 0 0 0 0 0 0 
1123 10 0 0 0 0 0 0 0 0 0 0 0 
1124 10 0 0 0 0 0 0 0 0 0 0 0 
1125 10 0 0 0 0 0 0 0 0 0 0 0 
1126 10 0 0 0 0 0 0 0 0 0 0 0 
1127 10 0 0 0 0 0 0 0 0 0 0 0 
1128 10 0 0 0 0 0 0 0 0 0 0 0 
1129 10 0 0 0 0 0 0 0 0 0 0 0 
1130 10 0 0 0 0 0 0 0 0 0 0 0 
1131 10 0 0 0 0 0 0 0 0 0 0 0 
1132 10 0 0 0 0 0 0 0 0 0 0 0 
1133 10 0 0 0 0 0 0 0 0 0 0 0 
1134 10 0 0 0 0 0 0 0 0 0 0 0 
1135 10 0 0 0 0 0 0 0 0 0 0 0 
1136 10 0 0 0 0 0 0 0 0 0 0 0 
1137 10 0 0 0 0 0 0 0 0 0 0 0 
1138 10 0 0 0 0 0 0 0 0 0 0 0 
1139 10 0 0 0 0 0 0 0 0 0 0 0 
1140 10 0 0 0 0 0 0 0 0 0 0 0 
1141 10 0 0 0 0 0 0 0 0 0 0 0 
1142 10 0 0 0 0 0 0 0 0 0 0 0 
1143 10 0 0 0 0 0 0 0 0 0 0 0 
1144 10 0 0 0 0 0 0 0 0 0 0 0 
1145 10 0 0 0 0 0 0 0 0 0 0 0 
1146 10 0 0 0 0 0 0 0 0 0 0 0 
1147 10 0 0 0 0 0 0 0 0 0 0 0 
1148 10 0 0 0 0 0 0 0 0 0 0 0 
1149 10 0 0 0 0 0 0 0 0 0 0 0 
1150 10 0 0 0 0 0 0 0 0 0 0 0 
1151 10 0 0 0 0 0 0 0 0 0 0 0 
1152 10 0 0 0 0 0 0 0 0 0 0 0 
1153 10 0 0 0 0 0 0 0 0 0 0 0 
1154 10 0 0 0 0 0 0 0 0 0 0 0 
1155 10 0 0 0 0 0 0 0 0 0 0 0 
1156 10 0 0 0 0 0 0 0 0 0 0 0 
1157 10 0 0 0 0 0 0 0 0 0 0 0 
1158 10 0 0 0 0 0 0 0 0 0 0 0 
1159 10 0 0 0 0 0 0 0 0 0 0 0 
1160 10 0 0 0 0 0 0 0 0 0 0 0 
1161 10 0 0 0 0 0 0 0 0 0 0 0 
1162 10 0 0 0 0 0 0 0 0 0 0 0 
1163 10 0 0 0 0 0 0 0 0 0 0 0 
1164 10 0 0 0 0 0 0 0 0 0 0 0 
1165 10 0 0 0 0 0 0 0 0 0 0 0 
1166 10 0 0 0 0 0 0 0 0 0 0 0 
1167 10 0 0 0 0 0 0 0 0 0 0 0 
1168 10 0 0 0 0 0 0 0 0 0 0 0 
1169 10 0 0 0 0 0 0 0 0 0 0 0 
1170 10 0 0 0 0 0 0 0 0 0 0 0 
1171 10 0 0 0 0 0 0 0 0 0 0 0 
1172 10 0 0 0 0 0 0 0 0 0 0 0 
1173 10 0 0 0 0 0 0 0 0 0 0 0 
1174 10 0 0 0 0 0 0 0 0 0 0 0 
1175 10 0 0 0 0 0 0 0 0 0 0 0 
1176 10 0 0 0 0 0 0 0 0 0 0 0 
1177 10 0 0 0 0 0 0 0 0 0 0 0 
1178 10 0 0 0 0 0 0 0 0 0 0 0 
1179 10 0 0 0 0 0 0 0 0 0 0 0 
1180 10 0 0 0 0 0 0 0 0 0 0 0 
1181 10 0 0 0 0 0 0 0 0 0 0 0 
1182 10 0 0 0 0 0 0 0 0 0 0 0 
1183 10 0 0 0 0 0 0 0 0 0 0 0 
1184 10 0 0 0 0 0 0 0 0 0 0 0 
1185 10 0 0 0 0 0 0 0 0 0 0 0 
1186 10 0 0 0 0 0 0 0 0 0 0 0 
1187 10 0 0 0 0 0 0 0 0 0 0 0 
1188 10 0 0 0 0 0 0 0 0 0 0 0 
1189 10 0 0 0 0 0 0 0 0 0 0 0 
1190 10 0 0 0 0 0 0 0 0 0 0 0 
1191 10 0 0 0 0 0 0 0 0 0 0 0 
1192 10 0 0 0 0 0 0 0 0 0 0 0 
1193 10 0 0 0 0 0 0 0 0 0 0 0 
1194 10 0 0 0 0 0 0 0 0 0 0 0 
1195 10 0 0 0 0 0 0 0 0 0 0 0 
1196 10 0 0 0 0 0 0 0 0 0 0 0 
1197 10 0 0 0 0 0 0 0 0 0 0 0 
1198 10 0 0 0 0 0 0 0 0 0 0 0 
1199 10 0 0 0 0 0 0 0 0 0 0 0 
1200 10 0 0 0 0 0 0 0 0 0 0 0 
1201 10 0 0 0 0 0 0 0 0 0 0 0 
1202 10 0 0 0 0 0 0 0 0 0 0 0 
1203 10 0 0 0 0 0 0 0 0 0 0 0 
1204 10 0 0 0 0 0 0 0 0 0 0 0 
1205 10 0 0 0 0 0 0 0 0 0 0 0 
1206 10 0 0 0 0 0 0 0 0 0 0 0 
1207 10 0 0 0 0 0 0 0 0 0 0 0 
1208 10 0 0 0 0 0 0 0 0 0 0 0 
1209 10 0 0 0 0 0 0 0 0 0 0 0 
1210 10 0 0 0 0 0 0 0 0 0 0 0 
1211 10 0 0 0 0 0 0 0 0 0 0 0 
1212 10 0 0 0 0 0 0 0 0 0 0 0 
1213 10 0 0 0 0 0 0 0 0 0 0 0 
1214 10 0 0 0 0 0 0 0 0 0 0 0 
1215 10 0 0 0 0 0 0 0 0 0 0 0 
1216 10 0 0 0 0 0 0 0 0 0 0 0 
1217 10 0 0 0 0 0 0 0 0 0 0 0 
1218 10 0 0 0 0 0 0 0 0 0 0 0 
1219 10 0 0 0 0 0 0 0 0 0 0 0 
1220 10 0 0 0 0 0 0 0 0 0 0 0 
1221 10 0 0 0 0 0 0 0 0 0 0 0 
1222 10 0 0 0 0 0 0 0 0 0 0 0 
1223 10 0 0 0 0 0 0 0 0 0 0 0 
1224 10 0 0 0 0 0 0 0 0 0 0 0 
1225 10 0 0 0 0 0 0 0 0 0 0 0 
1226 10 0 0 0 0 0 0 0 0 0 0 0 
1227 10 0 0 0 0 0 0 0 0 0 0 0 
1228 10 0 0 0 0 0 0 0 0 0 0 0 
1229 10 0 0 0 0 0 0 0 0 0 0 0 
1230 10 0 0 0 0 0 0 0 0 0 0 0 
1231 10 0 0 0 0 0 0 0 0 0 0 0 
1232 10 0 0 0 0 0 0 0 0 0 0 0 
1233 10 0 0 0 0 0 0 0 0 0 0 0 
1234 10 0 0 0 0 0 0 0 0 0 0 0 
1235 10 0 0 0 0 0 0 0 0 0 0 0 
1236 10 0 0 0 0 0 0 0 0 0 0 0 
1237 10 0 0 0 0 0 0 0 0 0 0 0 
1238 10 0 0 0 0 0 0 0 0 0 0 0 
1239 10 0 0 0 0 0 0 0 0 0 0 0 
1240 10 0 0 0 0 0 0 0 0 0 0 0 
1241 10 0 0 0 0 0 0 0 0 0 0 0 
1242 10 0 0 0 0 0 0 0 0 0 0 0 
1243 10 0 0 0 0 0 0 0 0 0 0 0 
1244 10 0 0 0 0 0 0 0 0 0 0 0 
1245 10 0 0 0 0 0 0 0 0 0 0 0 
1246 10 0 0 0 0 0 0 0 0 0 0 0 
1247 10 0 0 0 0 0 0 0 0 0 0 0 
1248 10 0 0 0 0 0 0 0 0 0 0 0 
1249 10 0 0 0 0 0 0 0 0 0 0 0 
1250 10 0 0 0 0 0 0 0 0 0 0 0 
1251 10 0 0 0 0 0 0 0 0 0 0 0 
1252 10 0 0 0 0 0 0 0 0 0 0 0 
1253 10 0 0 0 0 0 0 0 0 0 0 0 
1254 10 0 0 0 0 0 0 0 0 0 0 0 
1255 10 0 0 0 0 0 0 0 0 0 0 0 
1256 10 0 0 0 0 0 0 0 0 0 0 0 
1257 10 0 0 0 0 0 0 0 0 0 0 0 
1258 10 0 0 0 0 0 0 0 0 0 0 0 
1259 10 0 0 0 0 0 0 0 0 0 0 0 
1260 10 0 0 0 0 0 0 0 0 0 0 0 
1261 10 0 0 0 0 0 0 0 0 0 0 0 
1262 10 0 0 0 0 0 0 0 0 0 0 0 
1263 10 0 0 0 0 0 0 0 0 0 0 0 
1264 10 0 0 0 0 0 0 0 0 0 0 0 
1265 10 0 0 0 0 0 0 0 0 0 0 0 
1266 10 0 0 0 0 0 0 0 0 0 0 0 
1267 10 0 0 0 0 0 0 0 0 0 0 0 
1268 10 0 0 0 0 0 0 0 0 0 0 0 
1269 10 0 0 0 0 0 0 0 0 0 0 0 
1270 10 0 0 0 0 0 0 0 0 0 0 0 
1271 10 0 0 0 0 0 0 0 0 0 0 0 
1272 10 0 0 0 0 0 0 0 0 0 0 0 
1273 10 0 0 0 0 0 0 0 0 0 0 0 
1274 10 0 0 0 0 0 0 0 0 0 0 0 
1275 10 0 0 0 0 0 0 0 0 0 0 0 
1276 10 0 0 0 0 0 0 0 0 0 0 0 
1277 10 0 0 0 0 0 0 0 0 0 0 0 
1278 10 0 0 0 0 0 0 0 0 0 0 0 
1279 10 0 0 0 0 0 0 0 0 0 0 0 
1280 10 0 0 0 0 0 0 0 0 0 0 0 
1281 10 0 0 0 0 0 0 0 0 0 0 0 
1282 10 0 0 0 0 0 0 0 0 0 0 0 
1283 10 0 0 0 0 0 0 0 0 0 0 0 
1284 10 0 0 0 0 0 0 0 0 0 0 0 
1285 10 0 0 0 0 0 0 0 0 0 0 0 
1286 10 0 0 0 0 0 0 0 0 0 0 0 
1287 10 0 0 0 0 0 0 0 0 0 0 0 
1288 10 0 0 0 0 0 0 0 0 0 0 0 
1289 10 0 0 0 0 0 0 0 0 0 0 0 
1290 10 0 0 0 0 0 0 0 0 0 0 0 
1291 10 0 0 0 0 0 0 0 0 0 0 0 
1292 10 0 0 0 0 0 0 0 0 0 0 0 
1293 10 0 0 0 0 0 0 0 0 0 0 0 
1294 10 0 0 0 0 0 0 0 0 0 0 0 
1295 10 0 0 0 0 0 0 0 0 0 0 0 
1296 10 0 0 0 0 0 0 0 0 0 0 0 
1297 10 0 0 0 0 0 0 0 0 0 0 0 
1298 10 0 0 0 0 0 0 0 0 0 0 0 
1299 10 0 0 0 0 0 0 0 0 0 0 0 
1300 10 0 0 0 0 0 0 0 0 0 0 0 
1301 10 0 0 0 0 0 0 0 0 0 0 0 
1302 10 0 0 0 0 0 0 0 0 0 0 0 
1303 10 0 0 0 0 0 0 0 0 0 0 0 
1304 10 0 0 0 0 0 0 0 0 0 0 0 
1305 10 0 0 0 0 0 0 0 0 0 0 0 
1306 10 0 0 0 0 0 0 0 0 0 0 0 
1307 10 0 0 0 0 0 0 0 0 0 0 0 
1308 10 0 0 0 0 0 0 0 0 0 0 0 
1309 10 0 0 0 0 0 0 0 0 0 0 0 
1310 10 0 0 0 0 0 0 0 0 0 0 0 
1311 10 0 0 0 0 0 0 0 0 0 0 0 
1312 10 0 0 0 0 0 0 0 0 0 0 0 
1313 10 0 0 0 0 0 0 0 0 0 0 0 
1314 10 0 0 0 0 0 0 0 0 0 0 0 
1315 10 0 0 0 0 0 0 0 0 0 0 0 
1316 10 0 0 0 0 0 0 0 0 0 0 0 
1317 10 0 0 0 0 0 0 0 0 0 0 0 
1318 10 0 0 0 0 0 0 0 0 0 0 0 
1319 10 0 0 0 0 0 0 0 0 0 0 0 
1320 10 0 0 0 0 0 0 0 0 0 0 0 
1321 10 0 0 0 0 0 0 0 0 0 0 0 
1322 10 0 0 0 0 0 0 0 0 0 0 0 
1323 10 0 0 0 0 0 0 0 0 0 0 0 
1324 10 0 0 0 0 0 0 0 0 0 0 0 
1325 10 0 0 0 0 0 0 0 0 0 0 0 
1326 10 0 0 0 0 0 0 0 0 0 0 0 
1327 10 0 0 0 0 0 0 0 0 0 0 0 
1328 10 0 0 0 0 0 0 0 0 0 0 0 
1329 10 0 0 0 0 0 0 0 0 0 0 0 
1330 10 0 0 0 0 0 0 0 0 0 0 0 
1331 10 0 0 0 0 0 0 0 0 0 0 0 
1332 10 0 0 0 0 0 0 0 0 0 0 0 
1333 10 0 0 0 0 0 0 0 0 0 0 0 
1334 10 0 0 0 0 0 0 0 0 0 0 0 
1335 10 0 0 0 0 0 0 0 0 0 0 0 
1336 10 0 0 0 0 0 0 0 0 0 0 0 
1337 10 0 0 0 0 0 0 0 0 0 0 0 
1338 10 0 0 0 0 0 0 0 0 0 0 0 
1339 10 0 0 0 0 0 0 0 0 0 0 0 
1340 10 0 0 0 0 0 0 0 0 0 0 0 
1341 10 0 0 0 0 0 0 0 0 0 0 0 
1342 10 0 0 0 0 0 0 0 0 0 0 0 
1343 10 0 0 0 0 0 0 0 0 0 0 0 
1344 10 0 0 0 0 0 0 0 0 0 0 0 
1345 10 0 0 0 0 0 0 0 0 0 0 0 
1346 10 0 0 0 0 0 0 0 0 0 0 0 
1347 10 0 0 0 0 0 0 0 0 0 0 0 
1348 10 0 0 0 0 0 0 0 0 0 0 0 
1349 10 0 0 0 0 0 0 0 0 0 0 0 
1350 10 0 0 0 0 0 0 0 0 0 0 0 
1351 10 0 0 0 0 0 0 0 0 0 0 0 
1352 10 0 0 0 0 0 0 0 0 0 0 0 
1353 10 0 0 0 0 0 0 0 0 0 0 0 
1354 10 0 0 0 0 0 0 0 0 0 0 0 
1355 10 0 0 0 0 0 0 0 0 0 0 0 
1356 10 0 0 0 0 0 0 0 0 0 0 0 
1357 10 0 0 0 0 0 0 0 0 0 0 0 
1358 10 0 0 0 0 0 0 0 0 0 0 0 
1359 10 0 0 0 0 0 0 0 0 0 0 0 
1360 10 0 0 0 0 0 0 0 0 0 0 0 
1361 10 0 0 0 0 0 0 0 0 0 0 0 
1362 10 0 0 0 0 0 0 0 0 0 0 0 
1363 10 0 0 0 0 0 0 0 0 0 0 0 
1364 10 0 0 0 0 0 0 0 0 0 0 0 
1365 10 0 0 0 0 0 0 0 0 0 0 0 
1366 10 0 0 0 0 0 0 0 0 0 0 0 
1367 10 0 0 0 0 0 0 0 0 0 0 0 
1368 10 0 0 0 0 0 0 0 0 0 0 0 
1369 10 0 0 0 0 0 0 0 0 0 0 0 
1370 10 0 0 0 0 0 0 0 0 0 0 0 
1371 10 0 0 0 0 0 0 0 0 0 0 0 
1372 10 0 0 0 0 0 0 0 0 0 0 0 
1373 10 0 0 0 0 0 0 0 0 0 0 0 
1374 10 0 0 0 0 0 0 0 0 0 0 0 
1375 10 0 0 0 0 0 0 0 0 0 0 0 
1376 10 0 0 0 0 0 0 0 0 0 0 0 
1377 10 0 0 0 0 0 0 0 0 0 0 0 
1378 10 0 0 0 0 0 0 0 0 0 0 0 
1379 10 0 0 0 0 0 0 0 0 0 0 0 
1380 10 0 0 0 0 0 0 0 0 0 0 0 
1381 10 0 0 0 0 0 0 0 0 0 0 0 
1382 10 0 0 0 0 0 0 0 0 0 0 0 
1383 10 0 0 0 0 0 0 0 0 0 0 0 
1384 10 0 0 0 0 0 0 0 0 0 0 0 
1385 10 0 0 0 0 0 0 0 0 0 0 0 
1386 10 0 0 0 0 0 0 0 0 0 0 0 
1387 10 0 0 0 0 0 0 0 0 0 0 0 
1388 10 0 0 0 0 0 0 0 0 0 0 0 
1389 10 0 0 0 0 0 0 0 0 0 0 0 
1390 10 0 0 0 0 0 0 0 0 0 0 0 
1391 10 0 0 0 0 0 0 0 0 0 0 0 
1392 10 0 0 0 0 0 0 0 0 0 0 0 
1393 10 0 0 0 0 0 0 0 0 0 0 0 
1394 10 0 0 0 0 0 0 0 0 0 0 0 
1395 10 0 0 0 0 0 0 0 0 0 0 0 
1396 10 0 0 0 0 0 0 0 0 0 0 0 
1397 10 0 0 0 0 0 0 0 0 0 0 0 
1398 10 0 0 0 0 0 0 0 0 0 0 0 
1399 10 0 0 0 0 0 0 0 0 0 0 0 
1400 10 0 0 0 0 0 0 0 0 0 0 0 
1401 10 0 0 0 0 0 0 0 0 0 0 0 
1402 10 0 0 0 0 0 0 0 0 0 0 0 
1403 10 0 0 0 0 0 0 0 0 0 0 0 
1404 10 0 0 0 0 0 0 0 0 0 0 0 
1405 10 0 0 0 0 0 0 0 0 0 0 0 
1406 10 0 0 0 0 0 0 0 0 0 0 0 
1407 10 0 0 0 0 0 0 0 0 0 0 0 
1408 10 0 0 0 0 0 0 0 0 0 0 0 
1409 10 0 0 0 0 0 0 0 0 0 0 0 
1410 10 0 0 0 0 0 0 0 0 0 0 0 
1411 10 0 0 0 0 0 0 0 0 0 0 0 
1412 10 0 0 0 0 0 0 0 0 0 0 0 
1413 10 0 0 0 0 0 0 0 0 0 0 0 
1414 10 0 0 0 0 0 0 0 0 0 0 0 
1415 10 0 0 0 0 0 0 0 0 0 0 0 
1416 10 0 0 0 0 0 0 0 0 0 0 0 
1417 10 0 0 0 0 0 0 0 0 0 0 0 
1418 10 0 0 0 0 0 0 0 0 0 0 0 
1419 10 0 0 0 0 0 0 0 0 0 0 0 
1420 10 0 0 0 0 0 0 0 0 0 0 0 
1421 10 0 0 0 0 0 0 0 0 0 0 0 
1422 10 0 0 0 0 0 0 0 0 0 0 0 
1423 10 0 0 0 0 0 0 0 0 0 0 0 
1424 10 0 0 0 0 0 0 0 0 0 0 0 
1425 10 0 0 0 0 0 0 0 0 0 0 0 
1426 10 0 0 0 0 0 0 0 0 0 0 0 
1427 10 0 0 0 0 0 0 0 0 0 0 0 
1428 10 0 0 0 0 0 0 0 0 0 0 0 
1429 10 0 0 0 0 0 0 0 0 0 0 0 
1430 10 0 0 0 0 0 0 0 0 0 0 0 
1431 10 0 0 0 0 0 0 0 0 0 0 0 
1432 10 0 0 0 0 0 0 0 0 0 0 0 
1433 10 0 0 0 0 0 0 0 0 0 0 0 
1434 10 0 0 0 0 0 0 0 0 0 0 0 
1435 10 0 0 0 0 0 0 0 0 0 0 0 
1436 10 0 0 0 0 0 0 0 0 0 0 0 
1437 10 0 0 0 0 0 0 0 0 0 0 0 
1438 10 0 0 0 0 0 0 0 0 0 0 0 
1439 10 0 0 0 0 0 0 0 0 0 0 0 
1440 10 0 0 0 0 0 0 0 0 0 0 0 
1441 10 0 0 0 0 0 0 0 0 0 0 0 
1442 10 0 0 0 0 0 0 0 0 0 0 0 
1443 10 0 0 0 0 0 0 0 0 0 0 0 
1444 10 0 0 0 0 0 0 0 0 0 0 0 
1445 10 0 0 0 0 0 0 0 0 0 0 0 
1446 10 0 0 0 0 0 0 0 0 0 0 0 
1447 10 0 0 0 0 0 0 0 0 0 0 0 
1448 10 0 0 0 0 0 0 0 0 0 0 0 
1449 10 0 0 0 0 0 0 0 0 0 0 0 
1450 10 0 0 0 0 0 0 0 0 0 0 0 
1451 10 0 0 0 0 0 0 0 0 0 0 0 
1452 10 0 0 0 0 0 0 0 0 0 0 0 
1453 10 0 0 0 0 0 0 0 0 0 0 0 
1454 10 0 0 0 0 0 0 0 0 0 0 0 
1455 10 0 0 0 0 0 0 0 0 0 0 0 
1456 10 0 0 0 0 0 0 0 0 0 0 0 
1457 10 0 0 0 0 0 0 0 0 0 0 0 
1458 10 0 0 0 0 0 0 0 0 0 0 0 
1459 10 0 0 0 0 0 0 0 0 0 0 0 
1460 10 0 0 0 0 0 0 0 0 0 0 0 
1461 10 0 0 0 0 0 0 0 0 0 0 0 
1462 10 0 0 0 0 0 0 0 0 0 0 0 
1463 10 0 0 0 0 0 0 0 0 0 0 0 
1464 10 0 0 0 0 0 0 0 0 0 0 0 
1465 10 0 0 0 0 0 0 0 0 0 0 0 
1466 10 0 0 0 0 0 0 0 0 0 0 0 
1467 10 0 0 0 0 0 0 0 0 0 0 0 
1468 10 0 0 0 0 0 0 0 0 0 0 0 
1469 10 0 0 0 0 0 0 0 0 0 0 0 
1470 10 0 0 0 0 0 0 0 0 0 0 0 
1471 10 0 0 0 0 0 0 0 0 0 0 0 
1472 10 0 0 0 0 0 0 0 0 0 0 0 
1473 10 0 0 0 0 0 0 0 0 0 0 0 
1474 10 0 0 0 0 0 0 0 0 0 0 0 
1475 10 0 0 0 0 0 0 0 0 0 0 0 
1476 10 0 0 0 0 0 0 0 0 0 0 0 
1477 10 0 0 0 0 0 0 0 0 0 0 0 
1478 10 0 0 0 0 0 0 0 0 0 0 0 
1479 10 0 0 0 0 0 0 0 0 0 0 0 
1480 10 0 0 0 0 0 0 0 0 0 0 0 
1481 10 0 0 0 0 0 0 0 0 0 0 0 
1482 10 0 0 0 0 0 0 0 0 0 0 0 
1483 10 0 0 0 0 0 0 0 0 0 0 0 
1484 10 0 0 0 0 0 0 0 0 0 0 0 
1485 10 0 0 0 0 0 0 0 0 0 0 0 
1486 10 0 0 0 0 0 0 0 0 0 0 0 
1487 10 0 0 0 0 0 0 0 0 0 0 0 
1488 10 0 0 0 0 0 0 0 0 0 0 0 
1489 10 0 0 0 0 0 0 0 0 0 0 0 
1490 10 0 0 0 0 0 0 0 0 0 0 0 
1491 10 0 0 0 0 0 0 0 0 0 0 0 
1492 10 0 0 0 0 0 0 0 0 0 0 0 
1493 10 0 0 0 0 0 0 0 0 0 0 0 
1494 10 0 0 0 0 0 0 0 0 0 0 0 
1495 10 0 0 0 0 0 0 0 0 0 0 0 
1496 10 0 0 0 0 0 0 0 0 0 0 0 
1497 10 0 0 0 0 0 0 0 0 0 0 0 
1498 10 0 0 0 0 0 0 0 0 0 0 0 
1499 10 0 0 0 0 0 0 0 0 0 0 0 
1500 10 0 0 0 0 0 0 0 0 0 0 0 
1501 10 0 0 0 0 0 0 0 0 0 0 0 
1502 10 0 0 0 0 0 0 0 0 0 0 0 
1503 10 0 0 0 0 0 0 0 0 0 0 0 
1504 10 0 0 0 0 0 0 0 0 0 0 0 
1505 10 0 0 0 0 0 0 0 0 0 0 0 
1506 10 0 0 0 0 0 0 0 0 0 0 0 
1507 10 0 0 0 0 0 0 0 0 0 0 0 
1508 10 0 0 0 0 0 0 0 0 0 0 0 
1509 10 0 0 0 0 0 0 0 0 0 0 0 
1510 10 0 0 0 0 0 0 0 0 0 0 0 
1511 10 0 0 0 0 0 0 0 0 0 0 0 
1512 10 0 0 0 0 0 0 0 0 0 0 0 
1513 10 0 0 0 0 0 0 0 0 0 0 0 
1514 10 0 0 0 0 0 0 0 0 0 0 0 
1515 10 0 0 0 0 0 0 0 0 0 0 0 
1516 10 0 0 0 0 0 0 0 0 0 0 0 
1517 10 0 0 0 0 0 0 0 0 0 0 0 
1518 10 0 0 0 0 0 0 0 0 0 0 0 
1519 10 0 0 0 0 0 0 0 0 0 0 0 
1520 10 0 0 0 0 0 0 0 0 0 0 0 
1521 10 0 0 0 0 0 0 0 0 0 0 0 
1522 10 0 0 0 0 0 0 0 0 0 0 0 
1523 10 0 0 0 0 0 0 0 0 0 0 0 
1524 10 0 0 0 0 0 0 0 0 0 0 0 
1525 10 0 0 0 0 0 0 0 0 0 0 0 
1526 10 0 0 0 0 0 0 0 0 0 0 0 
1527 10 0 0 0 0 0 0 0 0 0 0 0 
1528 10 0 0 0 0 0 0 0 0 0 0 0 
1529 10 0 0 0 0 0 0 0 0 0 0 0 
1530 10 0 0 0 0 0 0 0 0 0 0 0 
1531 10 0 0 0 0 0 0 0 0 0 0 0 
1532 10 0 0 0 0 0 0 0 0 0 0 0 
1533 10 0 0 0 0 0 0 0 0 0 0 0 
1534 10 0 0 0 0 0 0 0 0 0 0 0 
1535 10 0 0 0 0 0 0 0 0 0 0 0 
1536 10 0 0 0 0 0 0 0 0 0 0 0 
1537 10 0 0 0 0 0 0 0 0 0 0 0 
1538 10 0 0 0 0 0 0 0 0 0 0 0 
1539 10 0 0 0 0 0 0 0 0 0 0 0 
1540 10 0 0 0 0 0 0 0 0 0 0 0 
1541 10 0 0 0 0 0 0 0 0 0 0 0 
1542 10 0 0 0 0 0 0 0 0 0 0 0 
1543 10 0 0 0 0 0 0 0 0 0 0 0 
1544 10 0 0 0 0 0 0 0 0 0 0 0 
1545 10 0 0 0 0 0 0 0 0 0 0 0 
1546 10 0 0 0 0 0 0 0 0 0 0 0 
1547 10 0 0 0 0 0 0 0 0 0 0 0 
1548 10 0 0 0 0 0 0 0 0 0 0 0 
1549 10 0 0 0 0 0 0 0 0 0 0 0 
1550 10 0 0 0 0 0 0 0 0 0 0 0 
1551 10 0 0 0 0 0 0 0 0 0 0 0 
1552 10 0 0 0 0 0 0 0 0 0 0 0 
1553 10 0 0 0 0 0 0 0 0 0 0 0 
1554 10 0 0 0 0 0 0 0 0 0 0 0 
1555 10 0 0 0 0 0 0 0 0 0 0 0 
1556 10 0 0 0 0 0 0 0 0 0 0 0 
1557 10 0 0 0 0 0 0 0 0 0 0 0 
1558 10 0 0 0 0 0 0 0 0 0 0 0 
1559 10 0 0 0 0 0 0 0 0 0 0 0 
1560 10 0 0 0 0 0 0 0 0 0 0 0 
1561 10 0 0 0 0 0 0 0 0 0 0 0 
1562 10 0 0 0 0 0 0 0 0 0 0 0 
1563 10 0 0 0 0 0 0 0 0 0 0 0 
1564 10 0 0 0 0 0 0 0 0 0 0 0 
1565 10 0 0 0 0 0 0 0 0 0 0 0 
1566 10 0 0 0 0 0 0 0 0 0 0 0 
1567 10 0 0 0 0 0 0 0 0 0 0 0 
1568 10 0 0 0 0 0 0 0 0 0 0 0 
1569 10 0 0 0 0 0 0 0 0 0 0 0 
1570 10 0 0 0 0 0 0 0 0 0 0 0 
1571 10 0 0 0 0 0 0 0 0 0 0 0 
1572 10 0 0 0 0 0 0 0 0 0 0 0 
1573 10 0 0 0 0 0 0 0 0 0 0 0 
1574 10 0 0 0 0 0 0 0 0 0 0 0 
1575 10 0 0 0 0 0 0 0 0 0 0 0 
1576 10 0 0 0 0 0 0 0 0 0 0 0 
1577 10 0 0 0 0 0 0 0 0 0 0 0 
1578 10 0 0 0 0 0 0 0 0 0 0 0 
1579 10 0 0 0 0 0 0 0 0 0 0 0 
1580 10 0 0 0 0 0 0 0 0 0 0 0 
1581 10 0 0 0 0 0 0 0 0 0 0 0 
1582 10 0 0 0 0 0 0 0 0 0 0 0 
1583 10 0 0 0 0 0 0 0 0 0 0 0 
1584 10 0 0 0 0 0 0 0 0 0 0 0 
1585 10 0 0 0 0 0 0 0 0 0 0 0 
1586 10 0 0 0 0 0 0 0 0 0 0 0 
1587 10 0 0 0 0 0 0 0 0 0 0 0 
1588 10 0 0 0 0 0 0 0 0 0 0 0 
1589 10 0 0 0 0 0 0 0 0 0 0 0 
1590 10 0 0 0 0 0 0 0 0 0 0 0 
1591 10 0 0 0 0 0 0 0 0 0 0 0 
1592 10 0 0 0 0 0 0 0 0 0 0 0 
1593 10 0 0 0 0 0 0 0 0 0 0 0 
1594 10 0 0 0 0 0 0 0 0 0 0 0 
1595 10 0 0 0 0 0 0 0 0 0 0 0 
1596 10 0 0 0 0 0 0 0 0 0 0 0 
1597 10 0 0 0 0 0 0 0 0 0 0 0 
1598 10 0 0 0 0 0 0 0 0 0 0 0 
1599 10 0 0 0 0 0 0 0 0 0 0 0 
1600 10 0 0 0 0 0 0 0 0 0 0 0 
1601 10 0 0 0 0 0 0 0 0 0 0 0 
1602 10 0 0 0 0 0 0 0 0 0 0 0 
1603 10 0 0 0 0 0 0 0 0 0 0 0 
1604 10 0 0 0 0 0 0 0 0 0 0 0 
1605 10 0 0 0 0 0 0 0 0 0 0 0 
1606 10 0 0 0 0 0 0 0 0 0 0 0 
1607 10 0 0 0 0 0 0 0 0 0 0 0 
1608 10 0 0 0 0 0 0 0 0 0 0 0 
1609 10 0 0 0 0 0 0 0 0 0 0 0 
1610 10 0 0 0 0 0 0 0 0 0 0 0 
1611 10 0 0 0 0 0 0 0 0 0 0 0 
1612 10 0 0 0 0 0 0 0 0 0 0 0 
1613 10 0 0 0 0 0 0 0 0 0 0 0 
1614 10 0 0 0 0 0 0 0 0 0 0 0 
1615 10 0 0 0 0 0 0 0 0 0 0 0 
1616 10 0 0 0 0 0 0 0 0 0 0 0 
1617 10 0 0 0 0 0 0 0 0 0 0 0 
1618 10 0 0 0 0 0 0 0 0 0 0 0 
1619 10 0 0 0 0 0 0 0 0 0 0 0 
1620 10 0 0 0 0 0 0 0 0 0 0 0 
1621 10 0 0 0 0 0 0 0 0 0 0 0 
1622 10 0 0 0 0 0 0 0 0 0 0 0 
1623 10 0 0 0 0 0 0 0 0 0 0 0 
1624 10 0 0 0 0 0 0 0 0 0 0 0 
1625 10 0 0 0 0 0 0 0 0 0 0 0 
1626 10 0 0 0 0 0 0 0 0 0 0 0 
1627 10 0 0 0 0 0 0 0 0 0 0 0 
1628 10 0 0 0 0 0 0 0 0 0 0 0 
1629 10 0 0 0 0 0 0 0 0 0 0 0 
1630 10 0 0 0 0 0 0 0 0 0 0 0 
1631 10 0 0 0 0 0 0 0 0 0 0 0 
1632 10 0 0 0 0 0 0 0 0 0 0 0 
1633 10 0 0 0 0 0 0 0 0 0 0 0 
1634 10 0 0 0 0 0 0 0 0 0 0 0 
1635 10 0 0 0 0 0 0 0 0 0 0 0 
1636 10 0 0 0 0 0 0 0 0 0 0 0 
1637 10 0 0 0 0 0 0 0 0 0 0 0 
1638 10 0 0 0 0 0 0 0 0 0 0 0 
1639 10 0 0 0 0 0 0 0 0 0 0 0 
1640 10 0 0 0 0 0 0 0 0 0 0 0 
1641 10 0 0 0 0 0 0 0 0 0 0 0 
1642 10 0 0 0 0 0 0 0 0 0 0 0 
1643 10 0 0 0 0 0 0 0 0 0 0 0 
1644 10 0 0 0 0 0 0 0 0 0 0 0 
1645 10 10 0 0 0 0 0 0 0 0 0 0 
1646 10 11 0 0 0 0 0 0 0 0 0 0 
1647 10 12 0 0 0 0 0 0 0 0 0 0 
1648 10 13 0 0 0 0 0 0 0 0 0 0 
1649 10 14 0 0 0 0 0 0 0 0 0 0 
1650 10 15 0 0 0 0 0 0 0 0 0 0 
1651 10 0 0 0 0 0 0 0 0 0 0 0 
1652 10 0 0 0 0 0 0 0 0 0 0 0 
1653 10 0 0 0 0 0 0 0 0 0 0 0 
1654 10 0 0 0 0 0 0 0 0 0 0 0 
1655 10 17 0 0 0 0 0 0 0 0 0 0 
1656 10 18 0 0 0 0 0 0 0 0 0 0 
1657 10 19 0 0 0 0 0 0 0 0 0 0 
1658 10 20 0 0 0 0 0 0 0 0 0 0 
1659 10 0 0 0 0 0 0 0 0 0 0 0 
1660 10 0 0 0 0 0 0 0 0 0 0 0 
1661 10 22 0 0 0 0 0 0 0 0 0 0 
1662 10 23 0 0 0 0 0 0 0 0 0 0 
1663 10 0 0 0 0 0 0 0 0 0 0 0 
1664 10 0 0 0 0 0 0 0 0 0 0 0 
1665 10 0 0 0 0 0 0 0 0 0 0 0 
1666 10 0 0 0 0 0 0 0 0 0 0 0 
1667 10 0 0 0 0 0 0 0 0 0 0 0 
1668 10 0 0 0 0 0 0 0 0 0 0 0 
1669 10 0 0 0 0 0 0 0 0 0 0 0 
1670 10 0 0 0 0 0 0 0 0 0 0 0 
1671 10 0 0 0 0 0 0 0 0 0 0 0 
1672 10 0 0 0 0 0 0 0 0 0 0 0 
1673 10 0 0 0 0 0 0 0 0 0 0 0 
1674 10 0 0 0 0 0 0 0 0 0 0 0 
1675 10 0 0 0 0 0 0 0 0 0 0 0 
1676 10 0 0 0 0 0 0 0 0 0 0 0 
1677 10 0 0 0 0 0 0 0 0 0 0 0 
1678 10 0 0 0 0 0 0 0 0 0 0 0 
1679 10 0 0 0 0 0 0 0 0 0 0 0 
1680 10 0 0 0 0 0 0 0 0 0 0 0 
1681 10 0 0 0 0 0 0 0 0 0 0 0 
1682 10 0 0 0 0 0 0 0 0 0 0 0 
1683 10 0 0 0 0 0 0 0 0 0 0 0 
1684 10 0 0 0 0 0 0 0 0 0 0 0 
1685 10 0 0 0 0 0 0 0 0 0 0 0 
1686 10 0 0 0 0 0 0 0 0 0 0 0 
1687 10 0 0 0 0 0 0 0 0 0 0 0 
1688 10 0 0 0 0 0 0 0 0 0 0 0 
1689 10 0 0 0 0 0 0 0 0 0 0 0 
1690 10 0 0 0 0 0 0 0 0 0 0 0 
1691 10 0 0 0 0 0 0 0 0 0 0 0 
1692 10 0 0 0 0 0 0 0 0 0 0 0 
1693 10 0 0 0 0 0 0 0 0 0 0 0 
1694 10 0 0 0 0 0 0 0 0 0 0 0 
1695 10 0 0 0 0 0 0 0 0 0 0 0 
1696 10 0 0 0 0 0 0 0 0 0 0 0 
1697 10 0 0 0 0 0 0 0 0 0 0 0 
1698 10 0 0 0 0 0 0 0 0 0 0 0 
1699 10 0 0 0 0 0 0 0 0 0 0 0 
1700 10 0 0 0 0 0 0 0 0 0 0 0 
1701 10 0 0 0 0 0 0 0 0 0 0 0 
1702 10 0 0 0 0 0 0 0 0 0 0 0 
1703 10 0 0 0 0 0 0 0 0 0 0 0 
1704 10 0 0 0 0 0 0 0 0 0 0 0 
1705 10 0 0 0 0 0 0 0 0 0 0 0 
1706 10 0 0 0 0 0 0 0 0 0 0 0 
1707 10 0 0 0 0 0 0 0 0 0 0 0 
1708 10 0 0 0 0 0 0 0 0 0 0 0 
1709 10 0 0 0 0 0 0 0 0 0 0 0 
1710 10 0 0 0 0 0 0 0 0 0 0 0 
1711 10 0 0 0 0 0 0 0 0 0 0 0 
1712 10 0 0 0 0 0 0 0 0 0 0 0 
1713 10 0 0 0 0 0 0 0 0 0 0 0 
1714 10 0 0 0 0 0 0 0 0 0 0 0 
1715 10 0 0 0 0 0 0 0 0 0 0 0 
1716 10 0 0 0 0 0 0 0 0 0 0 0 
1717 10 0 0 0 0 0 0 0 0 0 0 0 
1718 10 0 0 0 0 0 0 0 0 0 0 0 
1719 10 0 0 0 0 0 0 0 0 0 0 0 
1720 10 0 0 0 0 0 0 0 0 0 0 0 
1721 10 0 0 0 0 0 0 0 0 0 0 0 
1722 10 0 0 0 0 0 0 0 0 0 0 0 
1723 10 0 0 0 0 0 0 0 0 0 0 0 
1724 10 0 0 0 0 0 0 0 0 0 0 0 
1725 10 0 0 0 0 0 0 0 0 0 0 0 
1726 10 0 0 0 0 0 0 0 0 0 0 0 
1727 10 0 0 0 0 0 0 0 0 0 0 0 
1728 10 0 0 0 0 0 0 0 0 0 0 0 
1729 10 0 0 0 0 0 0 0 0 0 0 0 
1730 10 0 0 0 0 0 0 0 0 0 0 0 
1731 10 26 0 0 0 0 0 0 0 0 0 0 
1732 10 27 0 0 0 0 0 0 0 0 0 0 
1733 10 28 0 0 0 0 0 0 0 0 0 0 
1734 10 29 0 0 0 0 0 0 0 0 0 0 
1735 10 0 0 0 0 0 0 0 0 0 0 0 
1736 10 0 0 0 0 0 0 0 0 0 0 0 
1737 10 0 0 0 0 0 0 0 0 0 0 0 
1738 10 0 0 0 0 0 0 0 0 0 0 0 
1739 10 0 0 0 0 0 0 0 0 0 0 0 
1740 10 0 0 0 0 0 0 0 0 0 0 0 
1741 10 0 0 0 0 0 0 0 0 0 0 0 
1742 10 0 0 0 0 0 0 0 0 0 0 0 
1743 10 0 0 0 0 0 0 0 0 0 0 0 
1744 10 0 0 0 0 0 0 0 0 0 0 0 
1745 10 0 0 0 0 0 0 0 0 0 0 0 
1746 10 0 0 0 0 0 0 0 0 0 0 0 
1747 10 0 0 0 0 0 0 0 0 0 0 0 
1748 10 0 0 0 0 0 0 0 0 0 0 0 
1749 10 0 0 0 0 0 0 0 0 0 0 0 
1750 10 0 0 0 0 0 0 0 0 0 0 0 
1751 10 32 0 0 0 0 0 0 0 0 0 0 
1752 10 33 0 0 0 0 0 0 0 0 0 0 
1753 10 34 0 0 0 0 0 0 0 0 0 0 
1754 10 35 0 0 0 0 0 0 0 0 0 0 
1755 10 0 0 0 0 0 0 0 0 0 0 0 
1756 10 0 0 0 0 0 0 0 0 0 0 0 
1757 10 0 0 0 0 0 0 0 0 0 0 0 
1758 10 0 0 0 0 0 0 0 0 0 0 0 
1759 10 0 0 0 0 0 0 0 0 0 0 0 
1760 10 0 0 0 0 0 0 0 0 0 0 0 
1761 10 0 0 0 0 0 0 0 0 0 0 0 
1762 10 0 0 0 0 0 0 0 0 0 0 0 
1763 10 0 0 0 0 0 0 0 0 0 0 0 
1764 10 0 0 0 0 0 0 0 0 0 0 0 
1765 10 0 0 0 0 0 0 0 0 0 0 0 
1766 10 0 0 0 0 0 0 0 0 0 0 0 
1767 10 0 0 0 0 0 0 0 0 0 0 0 
1768 10 0 0 0 0 0 0 0 0 0 0 0 
1769 10 0 0 0 0 0 0 0 0 0 0 0 
1770 10 0 0 0 0 0 0 0 0 0 0 0 
1771 10 0 0 0 0 0 0 0 0 0 0 0 
1772 10 0 0 0 0 0 0 0 0 0 0 0 
1773 10 0 0 0 0 0 0 0 0 0 0 0 
1774 10 0 0 0 0 0 0 0 0 0 0 0 
1775 10 0 0 0 0 0 0 0 0 0 0 0 
1776 10 0 0 0 0 0 0 0 0 0 0 0 
1777 10 0 0 0 0 0 0 0 0 0 0 0 
1778 10 0 0 0 0 0 0 0 0 0 0 0 
1779 10 0 0 0 0 0 0 0 0 0 0 0 
1780 10 0 0 0 0 0 0 0 0 0 0 0 
1781 10 0 0 0 0 0 0 0 0 0 0 0 
1782 10 0 0 0 0 0 0 0 0 0 0 0 
1783 10 0 0 0 0 0 0 0 0 0 0 0 
1784 10 0 0 0 0 0 0 0 0 0 0 0 
1785 10 0 0 0 0 0 0 0 0 0 0 0 
1786 10 0 0 0 0 0 0 0 0 0 0 0 
1787 10 0 0 0 0 0 0 0 0 0 0 0 
1788 10 0 0 0 0 0 0 0 0 0 0 0 
1789 10 0 0 0 0 0 0 0 0 0 0 0 
1790 10 0 0 0 0 0 0 0 0 0 0 0 
1791 10 0 0 0 0 0 0 0 0 0 0 0 
1792 10 0 0 0 0 0 0 0 0 0 0 0 
1793 10 0 0 0 0 0 0 0 0 0 0 0 
1794 10 0 0 0 0 0 0 0 0 0 0 0 
1795 10 0 0 0 0 0 0 0 0 0 0 0 
1796 10 0 0 0 0 0 0 0 0 0 0 0 
1797 10 0 0 0 0 0 0 0 0 0 0 0 
1798 10 0 0 0 0 0 0 0 0 0 0 0 
1799 10 0 0 0 0 0 0 0 0 0 0 0 
1800 10 0 0 0 0 0 0 0 0 0 0 0 
1801 10 0 0 0 0 0 0 0 0 0 0 0 
1802 10 0 0 0 0 0 0 0 0 0 0 0 
1803 10 0 0 0 0 0 0 0 0 0 0 0 
1804 10 0 0 0 0 0 0 0 0 0 0 0 
1805 10 0 0 0 0 0 0 0 0 0 0 0 
1806 10 0 0 0 0 0 0 0 0 0 0 0 
1807 10 0 0 0 0 0 0 0 0 0 0 0 
1808 10 0 0 0 0 0 0 0 0 0 0 0 
1809 10 0 0 0 0 0 0 0 0 0 0 0 
1810 10 0 0 0 0 0 0 0 0 0 0 0 
1811 10 0 0 0 0 0 0 0 0 0 0 0 
1812 10 0 0 0 0 0 0 0 0 0 0 0 
1813 10 0 0 0 0 0 0 0 0 0 0 0 
1814 10 0 0 0 0 0 0 0 0 0 0 0 
1815 10 0 0 0 0 0 0 0 0 0 0 0 
1816 10 0 0 0 0 0 0 0 0 0 0 0 
1817 10 0 0 0 0 0 0 0 0 0 0 0 
1818 10 0 0 0 0 0 0 0 0 0 0 0 
1819 10 0 0 0 0 0 0 0 0 0 0 0 
1820 10 0 0 0 0 0 0 0 0 0 0 0 
1821 10 0 0 0 0 0 0 0 0 0 0 0 
1822 10 0 0 0 0 0 0 0 0 0 0 0 
1823 10 0 0 0 0 0 0 0 0 0 0 0 
1824 10 0 0 0 0 0 0 0 0 0 0 0 
1825 10 0 0 0 0 0 0 0 0 0 0 0 
1826 10 0 0 0 0 0 0 0 0 0 0 0 
1827 10 0 0 0 0 0 0 0 0 0 0 0 
1828 10 0 0 0 0 0 0 0 0 0 0 0 
1829 10 0 0 0 0 0 0 0 0 0 0 0 
1830 10 0 0 0 0 0 0 0 0 0 0 0 
1831 10 0 0 0 0 0 0 0 0 0 0 0 
1832 10 0 0 0 0 0 0 0 0 0 0 0 
1833 10 0 0 0 0 0 0 0 0 0 0 0 
1834 10 0 0 0 0 0 0 0 0 0 0 0 
1835 10 0 0 0 0 0 0 0 0 0 0 0 
1836 10 0 0 0 0 0 0 0 0 0 0 0 
1837 10 0 0 0 0 0 0 0 0 0 0 0 
1838 10 0 0 0 0 0 0 0 0 0 0 0 
1839 10 0 0 0 0 0 0 0 0 0 0 0 
1840 10 0 0 0 0 0 0 0 0 0 0 0 
1841 10 0 0 0 0 0 0 0 0 0 0 0 
1842 10 0 0 0 0 0 0 0 0 0 0 0 
1843 10 0 0 0 0 0 0 0 0 0 0 0 
1844 10 0 0 0 0 0 0 0 0 0 0 0 
1845 10 0 0 0 0 0 0 0 0 0 0 0 
1846 10 0 0 0 0 0 0 0 0 0 0 0 
1847 10 0 0 0 0 0 0 0 0 0 0 0 
1848 10 0 0 0 0 0 0 0 0 0 0 0 
1849 10 0 0 0 0 0 0 0 0 0 0 0 
1850 10 0 0 0 0 0 0 0 0 0 0 0 
1851 10 0 0 0 0 0 0 0 0 0 0 0 
1852 10 0 0 0 0 0 0 0 0 0 0 0 
1853 10 0 0 0 0 0 0 0 0 0 0 0 
1854 10 0 0 0 0 0 0 0 0 0 0 0 
1855 10 0 0 0 0 0 0 0 0 0 0 0 
1856 10 0 0 0 0 0 0 0 0 0 0 0 
1857 10 0 0 0 0 0 0 0 0 0 0 0 
1858 10 0 0 0 0 0 0 0 0 0 0 0 
1859 10 0 0 0 0 0 0 0 0 0 0 0 
1860 10 0 0 0 0 0 0 0 0 0 0 0 
1861 10 0 0 0 0 0 0 0 0 0 0 0 
1862 10 0 0 0 0 0 0 0 0 0 0 0 
1863 10 0 0 0 0 0 0 0 0 0 0 0 
1864 10 0 0 0 0 0 0 0 0 0 0 0 
1865 10 0 0 0 0 0 0 0 0 0 0 0 
1866 10 0 0 0 0 0 0 0 0 0 0 0 
1867 10 0 0 0 0 0 0 0 0 0 0 0 
1868 10 0 0 0 0 0 0 0 0 0 0 0 
1869 10 0 0 0 0 0 0 0 0 0 0 0 
1870 10 0 0 0 0 0 0 0 0 0 0 0 
1871 10 0 0 0 0 0 0 0 0 0 0 0 
1872 10 0 0 0 0 0 0 0 0 0 0 0 
1873 10 0 0 0 0 0 0 0 0 0 0 0 
1874 10 0 0 0 0 0 0 0 0 0 0 0 
1875 10 0 0 0 0 0 0 0 0 0 0 0 
1876 10 0 0 0 0 0 0 0 0 0 0 0 
1877 10 0 0 0 0 0 0 0 0 0 0 0 
1878 10 0 0 0 0 0 0 0 0 0 0 0 
1879 10 0 0 0 0 0 0 0 0 0 0 0 
1880 10 0 0 0 0 0 0 0 0 0 0 0 
1881 10 0 0 0 0 0 0 0 0 0 0 0 
1882 10 0 0 0 0 0 0 0 0 0 0 0 
1883 10 0 0 0 0 0 0 0 0 0 0 0 
1884 10 0 0 0 0 0 0 0 0 0 0 0 
1885 10 0 0 0 0 0 0 0 0 0 0 0 
1886 10 0 0 0 0 0 0 0 0 0 0 0 
1887 10 0 0 0 0 0 0 0 0 0 0 0 
1888 10 0 0 0 0 0 0 0 0 0 0 0 
1889 10 0 0 0 0 0 0 0 0 0 0 0 
1890 10 0 0 0 0 0 0 0 0 0 0 0 
1891 10 0 0 0 0 0 0 0 0 0 0 0 
1892 10 0 0 0 0 0 0 0 0 0 0 0 
1893 10 0 0 0 0 0 0 0 0 0 0 0 
1894 10 0 0 0 0 0 0 0 0 0 0 0 
1895 10 0 0 0 0 0 0 0 0 0 0 0 
1896 10 0 0 0 0 0 0 0 0 0 0 0 
1897 10 0 0 0 0 0 0 0 0 0 0 0 
1898 10 0 0 0 0 0 0 0 0 0 0 0 
1899 10 0 0 0 0 0 0 0 0 0 0 0 
1900 10 0 0 0 0 0 0 0 0 0 0 0 
1901 10 0 0 0 0 0 0 0 0 0 0 0 
1902 10 0 0 0 0 0 0 0 0 0 0 0 
1903 10 0 0 0 0 0 0 0 0 0 0 0 
1904 10 0 0 0 0 0 0 0 0 0 0 0 
1905 10 0 0 0 0 0 0 0 0 0 0 0 
1906 10 0 0 0 0 0 0 0 0 0 0 0 
1907 10 0 0 0 0 0 0 0 0 0 0 0 
1908 10 0 0 0 0 0 0 0 0 0 0 0 
1909 10 0 0 0 0 0 0 0 0 0 0 0 
1910 10 0 0 0 0 0 0 0 0 0 0 0 
1911 10 0 0 0 0 0 0 0 0 0 0 0 
1912 10 0 0 0 0 0 0 0 0 0 0 0 
1913 10 0 0 0 0 0 0 0 0 0 0 0 
1914 10 0 0 0 0 0 0 0 0 0 0 0 
1915 10 0 0 0 0 0 0 0 0 0 0 0 
1916 10 0 0 0 0 0 0 0 0 0 0 0 
1917 10 0 0 0 0 0 0 0 0 0 0 0 
1918 10 0 0 0 0 0 0 0 0 0 0 0 
1919 10 0 0 0 0 0 0 0 0 0 0 0 
1920 10 0 0 0 0 0 0 0 0 0 0 0 
1921 10 0 0 0 0 0 0 0 0 0 0 0 
1922 10 0 0 0 0 0 0 0 0 0 0 0 
1923 10 0 0 0 0 0 0 0 0 0 0 0 
1924 10 0 0 0 0 0 0 0 0 0 0 0 
1925 10 0 0 0 0 0 0 0 0 0 0 0 
1926 10 0 0 0 0 0 0 0 0 0 0 0 
1927 10 0 0 0 0 0 0 0 0 0 0 0 
1928 10 0 0 0 0 0 0 0 0 0 0 0 
1929 10 0 0 0 0 0 0 0 0 0 0 0 
1930 10 0 0 0 0 0 0 0 0 0 0 0 
1931 10 0 0 0 0 0 0 0 0 0 0 0 
1932 10 0 0 0 0 0 0 0 0 0 0 0 
1933 10 0 0 0 0 0 0 0 0 0 0 0 
1934 10 0 0 0 0 0 0 0 0 0 0 0 
1935 10 0 0 0 0 0 0 0 0 0 0 0 
1936 10 0 0 0 0 0 0 0 0 0 0 0 
1937 10 0 0 0 0 0 0 0 0 0 0 0 
1938 10 0 0 0 0 0 0 0 0 0 0 0 
1939 10 0 0 0 0 0 0 0 0 0 0 0 
1940 10 0 0 0 0 0 0 0 0 0 0 0 
1941 10 0 0 0 0 0 0 0 0 0 0 0 
1942 10 0 0 0 0 0 0 0 0 0 0 0 
1943 10 0 0 0 0 0 0 0 0 0 0 0 
1944 10 0 0 0 0 0 0 0 0 0 0 0 
1945 10 0 0 0 0 0 0 0 0 0 0 0 
1946 10 0 0 0 0 0 0 0 0 0 0 0 
1947 10 0 0 0 0 0 0 0 0 0 0 0 
1948 10 0 0 0 0 0 0 0 0 0 0 0 
1949 10 0 0 0 0 0 0 0 0 0 0 0 
1950 10 0 0 0 0 0 0 0 0 0 0 0 
1951 10 0 0 0 0 0 0 0 0 0 0 0 
1952 10 0 0 0 0 0 0 0 0 0 0 0 
1953 10 0 0 0 0 0 0 0 0 0 0 0 
1954 10 0 0 0 0 0 0 0 0 0 0 0 
1955 10 0 0 0 0 0 0 0 0 0 0 0 
1956 10 0 0 0 0 0 0 0 0 0 0 0 
1957 10 0 0 0 0 0 0 0 0 0 0 0 
1958 10 0 0 0 0 0 0 0 0 0 0 0 
1959 10 0 0 0 0 0 0 0 0 0 0 0 
1960 10 0 0 0 0 0 0 0 0 0 0 0 
1961 10 0 0 0 0 0 0 0 0 0 0 0 
1962 10 0 0 0 0 0 0 0 0 0 0 0 
1963 10 0 0 0 0 0 0 0 0 0 0 0 
1964 10 0 0 0 0 0 0 0 0 0 0 0 
1965 10 0 0 0 0 0 0 0 0 0 0 0 
1966 10 0 0 0 0 0 0 0 0 0 0 0 
1967 10 0 0 0 0 0 0 0 0 0 0 0 
1968 10 0 0 0 0 0 0 0 0 0 0 0 
1969 10 0 0 0 0 0 0 0 0 0 0 0 
1970 10 0 0 0 0 0 0 0 0 0 0 0 
1971 10 0 0 0 0 0 0 0 0 0 0 0 
1972 10 0 0 0 0 0 0 0 0 0 0 0 
1973 10 0 0 0 0 0 0 0 0 0 0 0 
1974 10 0 0 0 0 0 0 0 0 0 0 0 
1975 10 0 0 0 0 0 0 0 0 0 0 0 
1976 10 0 0 0 0 0 0 0 0 0 0 0 
1977 10 0 0 0 0 0 0 0 0 0 0 0 
1978 10 0 0 0 0 0 0 0 0 0 0 0 
1979 10 0 0 0 0 0 0 0 0 0 0 0 
1980 10 0 0 0 0 0 0 0 0 0 0 0 
1981 10 0 0 0 0 0 0 0 0 0 0 0 
1982 10 0 0 0 0 0 0 0 0 0 0 0 
1983 10 0 0 0 0 0 0 0 0 0 0 0 
1984 10 0 0 0 0 0 0 0 0 0 0 0 
1985 10 0 0 0 0 0 0 0 0 0 0 0 
1986 10 0 0 0 0 0 0 0 0 0 0 0 
1987 10 0 0 0 0 0 0 0 0 0 0 0 
1988 10 0 0 0 0 0 0 0 0 0 0 0 
1989 10 0 0 0 0 0 0 0 0 0 0 0 
1990 10 0 0 0 0 0 0 0 0 0 0 0 
1991 10 0 0 0 0 0 0 0 0 0 0 0 
1992 10 0 0 0 0 0 0 0 0 0 0 0 
1993 10 0 0 0 0 0 0 0 0 0 0 0 
1994 10 0 0 0 0 0 0 0 0 0 0 0 
1995 10 0 0 0 0 0 0 0 0 0 0 0 
1996 10 0 0 0 0 0 0 0 0 0 0 0 
1997 10 0 0 0 0 0 0 0 0 0 0 0 
1998 10 0 0 0 0 0 0 0 0 0 0 0 
1999 10 0 0 0 0 0 0 0 0 0 0 0 
2000 10 0 0 0 0 0 0 0 0 0 0 0 
2001 10 0 0 0 0 0 0 0 0 0 0 0 
2002 10 0 0 0 0 0 0 0 0 0 0 0 
2003 10 0 0 0 0 0 0 0 0 0 0 0 
2004 10 0 0 0 0 0 0 0 0 0 0 0 
2005 10 0 0 0 0 0 0 0 0 0 0 0 
2006 10 0 0 0 0 0 0 0 0 0 0 0 
2007 10 0 0 0 0 0 0 0 0 0 0 0 
2008 10 0 0 0 0 0 0 0 0 0 0 0 
2009 10 0 0 0 0 0 0 0 0 0 0 0 
2010 10 0 0 0 0 0 0 0 0 0 0 0 
2011 10 0 0 0 0 0 0 0 0 0 0 0 
2012 10 0 0 0 0 0 0 0 0 0 0 0 
2013 10 0 0 0 0 0 0 0 0 0 0 0 
2014 10 0 0 0 0 0 0 0 0 0 0 0 
2015 10 0 0 0 0 0 0 0 0 0 0 0 
2016 10 0 0 0 0 0 0 0 0 0 0 0 
2017 10 0 0 0 0 0 0 0 0 0 0 0 
2018 10 0 0 0 0 0 0 0 0 0 0 0 
2019 10 0 0 0 0 0 0 0 0 0 0 0 
2020 10 0 0 0 0 0 0 0 0 0 0 0 
2021 10 0 0 0 0 0 0 0 0 0 0 0 
2022 10 0 0 0 0 0 0 0 0 0 0 0 
2023 10 0 0 0 0 0 0 0 0 0 0 0 
2024 10 0 0 0 0 0 0 0 0 0 0 0 
2025 10 0 0 0 0 0 0 0 0 0 0 0 
2026 10 0 0 0 0 0 0 0 0 0 0 0 
2027 10 0 0 0 0 0 0 0 0 0 0 0 
2028 10 0 0 0 0 0 0 0 0 0 0 0 
2029 10 0 0 0 0 0 0 0 0 0 0 0 
2030 10 0 0 0 0 0 0 0 0 0 0 0 
2031 10 0 0 0 0 0 0 0 0 0 0 0 
2032 10 0 0 0 0 0 0 0 0 0 0 0 
2033 10 0 0 0 0 0 0 0 0 0 0 0 
2034 10 0 0 0 0 0 0 0 0 0 0 0 
2035 10 0 0 0 0 0 0 0 0 0 0 0 
2036 10 0 0 0 0 0 0 0 0 0 0 0 
2037 10 0 0 0 0 0 0 0 0 0 0 0 
2038 10 0 0 0 0 0 0 0 0 0 0 0 
2039 10 0 0 0 0 0 0 0 0 0 0 0 
2040 10 0 0 0 0 0 0 0 0 0 0 0 
2041 10 0 0 0 0 0 0 0 0 0 0 0 
2042 10 0 0 0 0 0 0 0 0 0 0 0 
2043 10 0 0 0 0 0 0 0 0 0 0 0 
2044 10 0 0 0 0 0 0 0 0 0 0 0 
2045 10 0 0 0 0 0 0 0 0 0 0 0 
2046 10 0 0 0 0 0 0 0 0 0 0 0 

0 4 1 3 pack_2 0.00479616 8 -8 -106 60 -13 -111 66 -3 -106 54 7 -111 324 -13 -106 66 -3 -111 66 17 -111 144 2 -111 72 
1 4 1 3 pack_2 0.012605 2 7 39 90 22 39 66 
2 4 1 3 pack_2 0.0865385 3 2 39 84 -3 -21 348 2 4 60 
3 4 1 3 pack_2 0.193548 1 27 54 330 
4 4 1 3 pack_2 0.375 1 22 39 60 
5 4 1 3 pack_2 0.947368 15 -3 44 96 2 39 96 17 44 72 17 39 324 2 -21 144 17 44 66 2 -51 66 17 44 324 2 -6 144 17 34 324 17 -21 312 2 -46 66 17 -31 330 7 -46 60 17 -16 324 
6 4 1 3 pack_2 0.0983607 1 7 -86 228 
7 4 1 3 pack_2 0.0983607 1 7 -101 96 
8 4 1 3 pack_2 0.615385 4 -48 -106 228 -48 -106 192 -33 -96 84 -38 -111 84 
9 4 1 3 pack_2 0.893617 7 37 -111 90 42 -111 192 52 -111 120 47 -111 120 47 -111 30 52 -111 312 -43 -111 348 
10 4 1 3 pack_2 1 8 47 -111 330 -48 -111 330 42 -111 300 -53 -111 324 37 -111 216 37 -111 30 42 -106 312 32 -111 216 
11 4 1 3 pack_2 1 14 -43 -111 330 37 -111 66 37 -111 348 32 -111 30 32 -111 228 -38 -111 72 37 -106 312 32 -106 126 32 -106 66 22 -106 90 27 -101 120 32 -101 60 22 -101 84 27 -96 126 
12 4 1 3 pack_2 0.974619 32 27 -71 312 -18 -71 348 -8 -66 72 7 -66 54 17 -96 348 22 -96 330 17 -91 120 2 -86 96 -18 -91 348 -18 -61 96 17 -96 120 22 -96 324 17 -86 60 -8 -81 60 17 -96 66 17 -91 60 7 -96 84 -18 -91 72 -18 -101 348 22 -101 306 -28 -96 84 2 -96 60 -23 -91 72 2 -96 72 2 -101 66 -13 -101 60 -8 -96 54 22 -96 30 12 -96 300 12 -91 228 -23 -101 120 -28 -96 126 
13 4 1 3 pack_2 0.545455 1 -28 -101 126 
14 4 1 3 pack_2 1 21 17 -106 324 -33 -106 126 -23 -106 120 -8 -101 84 -23 -106 126 12 -106 348 -48 -106 120 -28 -111 216 -13 -106 144 -48 -106 126 -13 -71 84 -23 -111 120 -18 -71 90 -18 -111 66 7 -106 30 -23 -111 72 2 -106 312 -3 -111 216 -23 -106 66 -3 -106 126 2 -106 216 
15 4 1 3 pack_2 1 5 -48 -111 120 -38 -111 30 -48 -111 216 2 -106 306 -13 -106 228 
16 4 1 3 pack_2 1 2 -8 -111 228 2 -111 300 
17 4 1 3 pack_2 0.945652 29 -8 -106 120 -13 -111 216 32 -111 348 -8 -96 96 12 -71 54 17 -96 60 2 -91 54 -8 -106 96 12 -96 60 -3 -106 84 7 -111 54 7 -96 330 7 -106 330 -18 -96 84 12 -66 54 -13 -101 96 -13 -106 96 2 -106 60 -3 -101 66 2 -91 330 17 -106 228 -28 -111 312 17 -111 216 7 -111 228 12 -106 54 12 -96 324 -38 -96 120 -33 -111 300 -33 -111 330 
18 4 1 3 pack_2 1 12 -13 -86 72 12 -111 120 -33 -111 96 -33 -106 192 17 -106 306 -8 -111 54 12 -106 312 -38 -106 228 -43 -106 126 -43 -101 126 -13 -76 348 12 -96 120 
19 4 1 3 pack_2 1 11 22 -101 300 27 -101 348 32 -96 54 12 -96 330 12 -101 126 32 -111 60 27 -106 348 27 -96 66 27 -106 216 27 -101 126 27 -111 66 
20 4 1 3 pack_2 1 22 22 -101 126 -3 -101 96 -3 -91 84 27 -111 60 27 -111 216 -23 -111 216 17 -101 66 22 -106 348 27 -111 30 -18 -66 96 -8 -106 30 7 -106 90 22 -111 216 22 -106 126 22 -111 228 27 -106 330 17 -101 54 22 -106 144 -8 -111 30 12 -101 66 -8 -111 192 22 -106 60 
21 4 1 3 pack_2 1 4 27 -101 324 22 -96 348 -3 -96 192 7 -61 60 
22 4 1 3 pack_2 1 8 -8 -101 144 -43 -106 228 12 -101 306 7 -71 312 -13 -96 66 -8 -81 144 2 -71 324 17 -91 72 
23 4 1 3 pack_2 1 5 27 -96 30 27 -66 324 22 -91 60 27 -71 324 27 -91 324 
24 4 1 3 pack_2 0.140625 9 -13 -31 216 -13 79 192 -18 69 312 -28 19 312 -28 69 126 -18 69 96 -13 69 96 -33 69 120 -8 69 84 
25 4 1 3 pack_2 0.155844 4 -8 44 312 -28 -31 60 -8 44 30 -3 -91 120 
26 4 1 3 pack_2 0.96 540 27 54 120 22 54 120 27 54 144 -38 4 72 17 54 126 -3 79 60 37 44 312 32 49 306 12 49 120 37 39 306 27 34 120 2 79 60 7 79 60 12 49 126 32 54 348 37 39 330 -38 -66 66 37 29 312 22 39 126 17 49 312 -38 -76 66 -23 59 228 17 44 312 -48 9 54 27 34 312 -53 9 216 -8 64 192 32 39 348 37 29 324 2 39 120 2 59 192 -48 4 54 22 44 324 12 39 192 17 49 324 -23 39 54 22 39 72 37 14 312 17 29 300 -18 54 348 22 44 330 -3 54 324 37 -6 300 -33 44 330 12 34 300 7 49 144 -8 54 348 17 49 330 12 54 348 -48 19 192 32 29 324 37 19 324 22 39 216 -48 19 216 17 9 96 2 54 228 22 49 348 -23 44 228 -3 49 30 -13 49 306 -43 4 60 2 29 120 -48 -6 30 -13 49 144 -33 39 330 7 44 192 7 34 90 27 29 324 22 34 324 -23 44 300 -28 44 312 -3 49 192 2 34 126 27 14 300 7 39 312 22 19 126 -43 -1 60 37 -16 300 17 19 300 2 34 90 -8 44 330 -53 -16 216 12 14 120 22 34 330 17 -1 96 7 44 348 -28 19 348 -38 24 30 -8 44 144 -38 -11 84 -48 -16 30 -38 14 60 17 39 330 -43 19 228 -23 39 300 22 9 120 -48 -21 54 17 39 216 32 14 312 -8 39 330 -28 14 348 -23 34 348 7 14 120 37 -26 300 -3 39 324 -43 -11 60 17 9 120 -23 44 126 -8 39 144 32 4 60 7 44 228 37 4 324 7 44 216 12 39 348 -3 39 228 -43 -31 90 12 24 312 17 29 324 12 39 60 -8 34 330 -8 14 66 2 34 324 -3 34 30 -33 9 60 -43 4 30 -48 -11 228 -28 9 60 -48 -6 192 17 9 90 -8 34 144 17 29 228 7 34 330 -53 -21 120 12 34 348 -3 34 192 -38 9 54 -28 -11 66 27 14 324 -23 19 30 17 24 324 -18 29 348 -48 -11 192 7 4 120 -38 -31 84 -8 29 324 37 -6 324 32 -1 348 -53 -21 126 7 19 306 2 24 312 -28 14 30 12 9 300 37 -46 54 22 19 330 12 19 144 32 -11 300 12 29 348 7 34 216 -28 29 324 -38 -6 90 -18 4 66 -13 4 66 27 4 306 27 -16 144 27 -16 126 37 -16 330 -8 4 66 -18 24 348 -33 24 192 37 -51 54 17 19 324 7 19 192 32 -1 312 -13 4 60 2 24 330 12 9 90 -43 -16 96 -18 14 30 -28 9 84 -18 9 54 22 14 330 -38 -6 60 -23 -1 60 32 -31 66 32 -16 300 32 -16 60 -33 9 228 22 -51 90 12 -1 126 22 -16 84 27 -21 126 -3 24 192 -23 9 84 37 -61 54 -8 -1 66 -13 14 30 -28 -6 60 7 -6 120 -43 -21 96 -13 19 348 32 -6 312 -3 14 60 32 -1 324 -33 4 90 32 -1 330 17 19 216 -18 9 30 -38 -16 90 -8 14 126 32 -16 54 22 9 60 -13 -6 72 27 -16 72 12 4 312 -33 -11 84 -13 9 30 -13 14 216 2 14 324 -43 -16 30 17 4 72 -33 14 192 2 -6 120 -3 14 324 17 9 66 -43 -21 54 -13 4 54 -3 9 54 2 14 54 -8 -1 60 7 14 348 -8 14 348 -18 -1 54 22 9 54 2 14 30 2 14 348 -3 -1 66 -3 14 348 -23 -16 66 -38 -1 216 -23 -11 60 -8 4 84 22 -11 126 -18 -11 66 2 14 144 22 -21 120 -3 14 144 22 4 60 -13 -11 66 27 -21 72 -43 -31 96 -33 -1 228 12 -1 312 2 9 324 -33 9 192 -3 9 330 22 -31 84 -38 -11 54 -33 -6 90 37 -31 324 -23 -21 66 32 -16 312 -8 -11 72 -38 -6 216 12 -1 144 -8 -6 120 -33 -6 228 -53 -51 126 2 9 60 -3 4 30 17 4 330 17 4 60 27 -16 66 32 -36 60 17 -26 120 -8 4 216 -13 4 144 7 4 324 7 -11 96 -43 -6 192 7 9 54 17 -11 84 -38 -11 228 32 -16 330 -8 4 348 -8 -6 54 -18 -21 60 -28 -51 66 -28 -6 228 12 -31 120 -3 -16 120 -23 -6 348 -18 -1 228 -3 -1 30 22 -31 300 27 -21 312 2 -21 120 17 -31 90 -3 -1 324 7 -1 66 -3 -6 60 27 -6 348 22 -11 324 -8 -6 126 -43 -21 228 -18 -16 54 -13 -6 90 22 -1 348 -18 -11 30 -28 -1 192 32 -46 60 17 -26 126 12 -21 300 7 -16 192 -3 -1 144 17 4 30 2 -1 144 -3 -21 120 -23 -1 192 27 -16 330 17 -16 144 -48 -31 144 2 -11 72 12 -16 306 17 -1 54 -13 -26 60 -38 -41 90 7 -6 324 -3 -11 54 27 -41 72 -3 -11 60 -8 -6 144 -13 -11 90 -18 -16 30 17 -31 126 2 -21 96 7 -6 348 -8 -26 72 12 -31 126 32 -26 330 -8 -16 84 -43 -16 120 22 -31 126 2 -16 306 -23 -11 216 -3 -26 120 -23 -21 84 -28 -16 96 -8 -11 330 17 -6 348 -23 -6 192 -18 -11 348 2 -16 72 -48 -36 144 27 -46 72 -8 -11 216 12 -16 72 17 -11 330 -23 -41 66 -8 -16 126 27 -31 312 -8 -26 60 -13 -21 84 2 -16 312 22 -21 66 -13 -16 90 2 -11 30 22 -26 72 -18 -36 66 7 -6 60 17 -6 30 12 -46 120 -8 -16 330 -28 -21 96 -8 -36 66 22 -16 54 -18 -16 228 27 -61 126 27 -26 60 -13 -16 144 27 -66 144 27 -36 66 7 -31 96 17 -11 54 -18 -21 90 -8 -16 144 17 -26 72 12 -26 84 -18 -16 120 7 -16 348 -8 -36 72 -3 -26 90 7 -21 72 -8 -26 84 27 -26 54 -8 -26 96 -38 -21 192 32 -56 54 7 -16 330 -43 -26 120 7 -26 312 -18 -16 192 -28 -21 192 2 -21 324 -18 -21 216 2 -26 84 -3 -26 60 2 -26 312 27 -86 120 -18 -21 120 2 -21 30 -28 -36 84 12 -16 60 -43 -26 126 22 -31 66 17 -61 90 27 -71 126 17 -46 126 7 -16 60 -3 -36 96 -3 -36 72 -8 -31 90 22 -56 120 -18 -36 84 22 -26 54 -48 -41 126 -3 -26 330 27 -36 60 -8 -26 144 2 -26 54 -18 -26 120 17 -26 60 -8 -36 54 -28 -41 84 2 -26 330 -28 -21 126 -23 -51 60 -18 -51 66 17 -56 120 22 -36 66 17 -31 66 12 -26 66 7 -31 72 -13 -31 126 27 -46 306 22 -26 348 -18 -51 72 -3 -46 120 7 -21 60 22 -36 324 32 -76 300 12 -21 54 2 -41 90 -13 -51 60 32 -51 312 2 -31 54 12 -41 84 17 -26 54 -18 -56 66 17 -31 60 22 -41 66 -38 -36 120 7 -76 96 -23 -41 90 7 -61 96 -28 -51 84 22 -66 120 27 -56 66 -8 -41 126 -3 -46 90 27 -46 60 2 -41 66 -18 -51 54 -3 -41 60 -13 -46 84 7 -56 126 12 -41 72 22 -41 60 17 -36 330 12 -41 144 -38 -51 96 7 -51 90 -13 -41 126 7 -36 348 2 -36 348 17 -41 324 -18 -41 96 -38 -41 120 -28 -46 96 2 -36 144 -3 -46 84 27 -51 324 -8 -61 72 -13 -46 96 7 -61 126 17 -51 72 -3 -56 66 -13 -46 126 -8 -51 90 22 -51 66 17 -56 312 -18 -46 96 -33 -56 30 2 -66 120 -28 -51 228 -28 -66 54 -18 -51 90 -8 -41 192 2 -46 54 -18 -46 126 7 -46 144 32 -66 312 22 -51 330 -13 -51 126 -18 -51 96 22 -46 348 7 -46 30 27 -61 60 -13 -56 30 -3 -76 96 22 -56 324 -3 -51 330 17 -46 348 12 -71 90 -18 -56 90 -38 -86 60 12 -61 312 -8 -56 30 -13 -76 66 7 -46 54 22 -56 60 17 -61 72 12 -56 144 22 -66 72 27 -76 66 12 -51 66 -38 -66 30 -18 -56 348 7 -61 312 -38 -71 54 -8 -71 60 
27 4 1 3 pack_2 0.986072 118 2 -61 84 -28 -61 228 7 -61 72 -18 -61 90 -23 -51 126 -18 -81 66 27 -61 54 12 -56 324 7 -56 324 -13 -81 66 17 -71 306 2 -56 330 27 -81 66 -23 -61 96 -18 -81 72 22 -61 60 -8 -61 330 12 -56 66 -33 -51 144 -18 -61 348 -28 -71 30 17 -86 120 22 -86 300 12 -56 60 12 -56 348 2 -66 84 -23 -71 90 7 -61 66 22 -66 60 12 -61 66 -3 -61 144 -28 -56 144 7 -61 330 -28 -71 96 -13 -71 96 -38 -66 192 2 -66 192 -13 -86 84 2 -76 72 22 -81 72 22 -66 54 -3 -66 348 12 -86 300 2 -71 54 12 -71 144 -3 -66 144 7 -66 330 27 -76 330 17 -71 60 -48 -91 120 12 -81 306 -23 -71 216 -28 -91 54 7 -81 306 -8 -66 192 -18 -81 30 2 -71 330 22 -86 144 -43 -81 216 -33 -91 54 22 -76 60 27 -86 60 22 -81 66 -28 -86 30 2 -76 192 -28 -76 216 2 -71 144 -23 -86 30 27 -86 30 -8 -81 30 -33 -106 60 12 -76 60 7 -86 306 2 -86 72 7 -76 324 17 -71 30 32 -91 324 -3 -76 348 2 -81 54 27 -91 306 12 -76 66 -18 -76 192 -43 -91 228 -13 -86 96 -28 -91 30 17 -81 60 27 -86 330 -38 -86 216 -48 -96 126 -38 -96 54 17 -76 348 -38 -81 192 -8 -96 120 -13 -96 54 27 -86 54 17 -76 30 -33 -91 228 12 -86 144 22 -81 348 -28 -96 30 -18 -86 126 7 -86 60 -3 -96 126 -18 -96 30 -8 -91 330 2 -86 348 -3 -86 144 -28 -101 30 -38 -91 192 -8 -86 192 -28 -96 228 -28 -91 300 -8 -96 324 2 -91 348 -33 -101 228 -33 -91 120 -13 -101 126 -18 -96 216 
28 4 1 3 pack_2 0.107143 1 -18 74 306 
29 4 1 3 pack_2 0.88195 1930 -23 74 126 17 29 60 -18 74 126 -13 74 120 22 29 54 22 79 324 -8 74 72 2 84 324 27 29 60 -33 69 300 -3 74 72 -8 74 66 -33 69 306 -18 74 84 7 34 96 7 34 72 2 74 60 2 74 84 -3 34 84 12 29 60 -33 79 228 7 29 72 -8 74 120 17 94 348 2 79 126 -18 84 144 -28 -96 300 -43 79 192 7 34 66 12 69 54 7 74 66 -3 29 90 -38 79 228 2 34 72 12 29 54 7 74 90 12 84 306 17 34 84 -3 74 54 12 69 66 7 84 306 -18 59 54 -13 79 96 -33 24 324 -28 74 312 22 74 300 -13 79 90 -38 29 300 2 59 30 -8 29 300 -13 99 60 17 34 54 -3 89 192 -23 54 60 -13 79 84 2 -41 348 12 9 228 -53 79 192 -23 94 144 -28 19 306 -33 29 216 -18 19 300 -3 74 120 32 24 30 12 74 66 -38 -96 324 -38 -31 54 -18 79 96 -28 -76 30 -28 24 306 27 24 60 -53 64 228 -3 109 66 -18 -96 306 -3 99 330 12 99 348 -33 -31 54 -18 29 312 -23 79 120 -43 69 312 2 69 216 12 24 66 -33 74 306 -3 99 324 27 34 60 -53 -61 120 -23 94 192 -28 -96 330 7 74 96 -43 84 216 -38 59 72 -33 89 228 7 39 96 -43 64 330 -53 -26 192 37 24 30 -28 104 348 2 34 60 2 94 300 -43 -56 126 -43 -31 60 -3 104 30 32 79 348 -3 -26 312 -33 -76 66 -28 -31 216 -28 -76 60 22 9 216 17 74 72 37 79 348 -43 -31 228 -18 -56 126 -33 29 54 -38 74 144 -13 54 228 -28 29 330 2 29 72 22 79 300 7 -26 300 -18 29 90 -33 59 72 2 69 66 2 79 96 -53 84 192 -53 74 126 12 104 228 17 109 30 -3 34 60 -28 -6 144 12 19 216 12 94 216 -28 99 126 -13 104 348 17 99 216 -8 104 300 -53 -26 228 -53 74 192 -43 74 60 -38 89 30 -43 74 300 32 74 306 -8 29 72 -23 -91 306 -38 -61 96 -3 29 228 -13 34 312 -48 -81 216 -18 29 96 -13 -96 300 -53 69 30 -48 59 330 32 -36 324 -13 29 90 -38 -71 126 -23 109 126 -33 -36 228 17 74 54 -43 74 306 -38 -6 144 -18 99 60 -53 -21 192 -23 109 330 -13 -76 216 -48 59 66 12 69 126 -18 29 330 2 -21 300 -8 29 84 22 14 228 -23 29 30 17 74 90 -33 -56 216 17 29 90 2 -31 312 -48 19 30 27 69 72 -18 109 306 -23 109 312 17 104 216 2 -61 30 -28 109 120 42 44 324 22 69 30 -3 79 324 -8 109 66 -48 74 54 -28 4 120 -28 104 192 -48 -31 192 22 9 228 -8 79 66 -38 -26 66 17 4 228 -53 79 96 -43 -6 144 -28 104 120 7 24 90 -53 74 144 32 19 30 7 -36 324 -48 79 90 -23 24 144 -48 -31 66 -38 79 330 -3 114 72 -3 104 348 -13 64 54 7 24 72 -33 94 228 -8 59 54 -3 34 120 27 14 216 22 64 228 22 74 66 -13 49 216 -23 34 216 -3 -26 306 17 79 84 -53 84 324 7 104 192 -53 84 330 -8 -26 312 -48 -61 126 37 49 228 -8 59 60 2 19 228 -13 104 60 -3 109 90 -33 -26 66 -38 99 126 -43 79 306 -13 109 90 -48 -36 66 -48 -81 30 -53 79 312 -48 84 306 -43 79 330 22 99 330 -38 -51 144 -28 59 84 -43 79 312 -3 29 216 -48 69 324 -48 79 144 32 -31 120 37 79 324 27 -36 330 -48 59 60 -18 54 60 -13 -41 192 -38 84 306 -38 84 300 -3 29 120 -38 89 324 -28 -41 330 -53 84 30 -48 89 324 -53 84 228 -53 84 90 -13 109 324 -38 -36 60 -53 84 84 12 109 228 -48 -36 72 -43 89 324 -48 74 144 12 84 144 -48 84 348 -53 -31 30 -43 89 144 -8 -46 300 -53 59 60 -33 74 60 -48 24 192 -43 89 330 -38 19 348 -23 29 54 -53 74 300 -23 89 66 -38 24 348 -28 114 120 -48 89 120 -33 114 144 32 24 228 22 39 84 -33 -26 54 7 99 300 -38 89 84 -28 44 84 27 -1 84 37 -66 66 -43 89 312 -53 19 216 37 -6 60 -33 -41 330 -53 84 72 -53 89 90 -13 -61 126 -48 89 30 -43 -41 228 12 -36 120 2 24 96 -43 84 66 -33 -31 72 -18 -41 306 -8 114 90 -28 54 90 -53 84 66 32 69 60 37 59 348 -53 -66 96 -23 64 54 -3 99 126 17 94 306 -8 99 120 37 -6 72 -48 -76 66 -23 -76 60 -8 104 120 -8 114 84 7 104 324 -13 44 66 42 -6 72 -3 24 96 -38 34 54 -43 39 306 -23 109 348 17 14 192 -43 29 60 22 104 216 32 -11 96 -48 -76 60 27 -26 96 -38 4 120 37 69 54 -53 -91 90 -38 74 348 -43 84 60 -53 89 216 -28 29 30 -28 24 126 -18 -41 324 -38 104 120 -43 79 60 -43 84 54 -3 -46 306 -38 24 54 -18 24 120 -3 114 60 -8 109 54 -43 84 72 -38 114 126 -43 79 72 -33 4 126 -53 94 96 -3 -31 216 -53 89 60 -23 99 54 -38 79 72 42 -11 66 -33 99 300 32 -61 72 -38 109 348 -23 44 72 42 -11 192 42 -6 348 -38 -96 348 7 24 60 -53 -86 330 -38 34 66 -23 44 84 42 -11 348 -48 -26 66 -38 89 72 32 -11 84 -28 -11 144 22 74 54 -33 -41 228 27 -61 84 -48 29 192 -8 109 126 12 109 348 -8 99 126 42 114 348 -18 114 324 -3 24 312 -28 104 216 -33 24 348 2 104 144 -38 -56 54 37 -11 72 -13 114 324 7 99 126 -48 99 312 -38 -81 126 2 109 330 47 114 348 37 -66 60 -38 114 324 -28 89 72 -3 59 60 37 -11 228 22 104 192 -53 19 66 27 79 90 22 74 90 -3 59 312 -13 29 330 2 59 306 -18 99 72 -38 54 90 37 69 60 -53 -96 330 -28 114 306 -38 89 126 17 114 192 -53 14 228 -8 -21 228 2 -76 120 -28 79 72 27 69 30 17 9 192 32 94 330 -23 104 228 12 9 192 -3 -56 60 -3 19 216 32 54 72 -53 94 192 -48 94 324 42 104 30 -13 114 66 -43 104 126 2 -6 228 -53 -86 66 37 -71 66 -33 99 306 -13 114 348 -28 104 228 -18 109 60 42 -71 54 12 99 144 27 -6 192 -23 104 84 17 109 120 -43 74 72 -48 -56 324 -8 29 60 -48 34 90 -48 -91 330 47 74 330 37 -26 144 47 109 228 -43 99 312 42 114 330 37 104 54 -28 -96 54 -43 29 72 -38 104 324 -48 -81 66 47 109 192 -53 19 30 -28 -66 300 -38 99 324 37 114 216 2 24 60 32 104 228 -48 99 330 57 89 72 47 -11 312 12 109 300 -38 114 348 -43 99 348 -13 -76 228 -33 34 84 42 -1 144 42 109 228 52 114 54 37 99 216 52 104 192 37 64 216 -33 84 60 -43 114 348 -53 -96 300 52 114 84 -38 99 228 57 84 54 22 84 300 -33 34 72 57 89 216 27 19 66 -38 89 144 -53 44 60 -3 -1 306 -53 -21 60 12 109 306 -53 -96 84 -18 109 228 52 104 228 -28 94 84 47 -11 126 -23 109 60 -13 109 60 27 9 192 -43 104 330 27 -11 192 -28 89 300 57 84 96 7 114 30 12 114 228 -43 114 324 27 9 216 37 109 216 -53 109 312 -3 114 30 -3 114 192 27 109 192 27 -26 90 -3 19 312 27 -1 90 32 39 126 2 19 306 -28 64 66 -38 -81 228 7 29 300 -38 -51 60 2 -71 228 -48 24 54 12 104 324 -28 34 228 -48 -96 324 -8 104 84 -53 59 324 -38 -26 348 -53 64 216 -53 54 324 -43 -71 120 32 -81 348 -38 -61 324 -8 -61 300 -3 -41 306 -48 -41 300 -53 64 324 -48 4 66 -23 24 120 -23 -36 306 -53 29 300 17 -66 90 -53 9 300 37 104 60 47 -1 96 7 114 126 52 109 54 -28 114 216 27 9 228 17 104 300 42 -16 60 -53 9 306 27 9 96 37 -1 126 37 -21 72 -23 -16 300 42 -61 330 27 109 72 32 -76 126 -48 -21 330 42 9 90 37 74 306 57 89 60 -53 104 192 -33 14 348 -53 44 84 47 -1 60 37 104 192 42 4 72 42 -1 126 -43 114 90 32 99 144 52 64 30 27 94 216 42 104 90 -53 44 54 -28 -46 348 47 99 312 -43 -71 306 57 89 300 32 24 126 32 74 60 -3 -56 96 -53 109 72 -48 -86 192 -53 64 90 -53 -11 126 -53 109 60 27 -66 72 -28 -36 324 -48 99 90 42 -16 192 32 94 216 -53 114 216 57 114 348 42 4 120 52 54 192 12 24 192 -3 -6 312 57 99 60 32 114 90 42 114 144 42 64 72 -53 -31 306 7 39 30 37 24 66 -23 94 84 22 109 126 -53 114 90 -53 114 66 -33 99 84 17 -21 192 42 109 72 -53 109 84 12 104 66 27 114 300 37 99 144 42 -26 66 2 59 96 22 -51 228 -8 59 126 -8 -71 96 57 109 60 -8 -1 228 -38 -81 54 57 84 324 22 104 324 57 59 216 -18 -21 312 37 99 228 27 104 306 -23 -71 60 32 19 66 -53 -41 306 -28 109 60 27 19 54 47 104 90 57 59 60 -3 -11 228 47 -1 300 52 19 126 52 64 216 -28 59 228 -53 54 90 57 104 96 17 99 300 -18 -61 312 42 104 216 -53 114 30 57 64 54 -48 -16 300 47 49 96 52 104 96 -3 -56 30 57 69 126 22 99 312 7 109 126 32 104 60 52 94 30 -3 -6 306 27 104 66 22 -26 228 -53 -26 300 22 99 72 -33 94 66 7 104 126 -38 94 84 -53 9 84 -8 39 216 12 114 84 -53 -26 312 22 94 306 -23 29 60 -53 104 330 -28 -71 300 42 64 54 57 69 90 37 109 324 42 -16 300 -48 -16 324 32 114 30 32 109 66 32 114 84 22 -41 126 52 94 192 12 104 84 52 69 216 52 114 30 -43 -41 306 52 114 66 -38 109 90 42 114 306 32 114 54 57 -86 54 52 99 60 52 114 300 -43 -61 306 52 59 216 22 109 312 2 34 30 22 114 96 -23 114 84 -23 54 84 37 114 312 -8 114 54 -38 109 66 -53 114 60 17 104 306 37 69 144 -18 -6 300 42 -6 30 17 109 66 -13 114 54 -38 99 66 -53 54 72 2 114 126 57 59 192 -33 -61 312 -38 -36 300 17 114 126 47 -1 126 57 59 30 52 59 54 52 19 144 -48 39 84 -8 54 60 -18 109 72 -43 104 228 -48 44 90 -28 104 84 -8 44 66 -53 44 72 -18 -36 312 -43 109 228 -53 29 84 -53 49 96 57 74 120 -18 104 60 -13 114 30 -33 -11 144 17 114 96 -53 104 30 -53 34 90 -3 -36 228 -43 -36 312 32 9 96 42 49 66 32 4 126 57 9 144 52 54 120 57 29 306 42 94 300 52 4 72 -53 -36 306 57 14 90 57 14 348 57 24 312 47 44 72 -48 14 84 -53 -66 330 -53 -81 84 42 -21 120 -48 69 90 -53 -56 324 32 -6 126 -3 -81 312 -38 -71 324 42 54 120 52 -16 120 2 -11 300 -53 -51 90 -53 24 84 57 104 312 42 -21 72 52 24 120 47 104 312 17 -11 216 -53 49 30 47 24 312 47 14 126 42 -26 300 52 4 126 47 54 120 57 9 72 22 109 300 -53 -31 300 52 29 312 52 9 126 52 24 300 47 104 120 52 -1 144 52 4 144 32 54 84 52 9 90 -38 -61 306 57 114 90 7 -36 306 -53 -41 348 -48 54 348 47 54 90 52 74 60 -53 -61 306 27 109 144 42 -31 96 32 74 192 52 59 312 32 99 96 42 39 120 -43 39 348 -28 99 72 -53 -41 54 -53 -76 84 -28 -31 348 12 -46 228 -53 -61 348 52 59 126 52 44 324 22 -6 228 -43 -36 306 -33 -41 348 -53 -21 330 52 39 96 42 109 120 47 9 126 22 54 84 47 -16 306 47 64 96 52 94 60 17 84 96 -53 -86 96 47 99 324 22 59 90 47 -16 72 42 -66 330 27 24 90 42 -66 60 22 99 84 57 14 126 57 109 216 57 34 144 32 99 300 22 -11 90 42 -61 324 52 44 66 52 84 216 57 49 144 57 34 120 52 54 72 -38 104 66 57 44 348 -33 94 54 52 69 324 47 49 54 -48 -51 90 57 44 126 2 14 300 47 59 72 32 4 84 52 54 330 52 49 84 -33 -31 330 47 74 66 52 64 324 47 4 60 52 59 348 42 64 66 47 64 72 2 -71 30 52 79 66 52 59 330 47 -36 306 47 -36 324 52 69 126 52 49 216 42 9 312 52 94 330 -13 -61 120 -48 19 84 -48 -91 312 7 99 90 -38 -36 348 47 59 348 37 94 144 -33 -31 348 32 -16 144 27 14 96 57 44 66 57 44 72 22 64 54 -43 -21 66 -33 24 60 47 84 30 -53 4 306 47 94 96 32 64 216 57 64 312 57 54 120 22 19 96 57 54 144 -48 -26 312 -38 99 54 27 109 96 -53 -76 60 -33 -71 312 52 59 66 42 94 96 57 89 126 47 54 54 -18 -56 300 52 84 192 57 -81 72 -53 4 300 47 74 72 52 114 120 -13 94 120 -23 -31 312 52 -6 330 37 -46 228 -28 99 54 57 24 300 -13 -31 312 37 19 60 17 -31 216 37 -21 66 37 -31 96 52 94 96 37 -36 348 -53 4 312 12 -41 216 42 94 66 52 59 144 57 19 60 42 69 144 42 9 84 -48 104 60 42 74 312 57 -91 312 52 -6 324 57 19 90 17 99 90 17 -51 228 57 -81 330 32 14 96 37 14 84 -18 -31 312 37 29 144 57 -86 216 52 -21 66 57 24 126 52 -11 66 42 -21 60 32 -26 96 42 -41 60 47 94 60 52 59 324 57 104 348 -53 -41 72 57 44 306 32 109 96 32 39 228 37 9 144 52 -16 300 42 99 312 17 -26 228 37 14 96 -53 24 348 -8 84 120 47 104 300 47 109 126 42 109 312 47 64 84 -53 104 54 47 -31 306 57 104 66 52 79 312 57 64 120 52 34 228 37 69 96 42 39 66 17 79 72 52 44 54 42 44 216 47 34 72 -23 -81 120 -18 44 324 42 89 60 -38 -36 192 52 64 306 27 -31 228 37 64 144 57 4 228 37 89 144 -53 -16 72 -53 -36 30 52 79 120 -53 -71 96 32 94 120 42 -36 120 47 44 30 -3 -11 312 57 29 60 22 19 72 37 54 66 42 59 66 42 -36 126 -53 -46 84 47 69 120 57 24 60 42 59 60 -48 -11 60 -43 79 126 -43 39 330 47 44 60 12 -66 216 37 44 228 37 -26 60 42 89 324 32 -31 84 52 29 96 -23 89 324 -48 -31 300 12 4 60 47 64 126 37 74 144 57 14 192 52 39 192 57 14 66 37 -36 90 57 44 96 52 74 306 52 -26 312 52 -56 84 57 -61 66 27 94 300 57 -61 30 47 -56 66 52 -46 72 37 79 216 -48 -41 66 47 79 348 57 -21 66 27 79 192 -23 -56 312 57 -46 84 22 84 96 37 -31 216 57 -21 330 52 -31 306 -28 -66 330 22 39 192 47 -81 228 -38 -1 144 57 -61 126 27 -26 192 57 -41 54 57 -36 90 47 -46 66 -48 -61 348 -53 4 90 47 -21 228 57 -16 300 42 19 330 -23 -51 312 22 94 54 57 -41 96 52 -21 330 -23 44 66 -53 -76 348 52 -51 90 42 -81 300 42 -56 60 42 -56 66 57 -56 306 57 -16 66 47 -51 192 42 4 192 52 -36 66 -8 24 90 32 -51 192 47 -56 228 52 -51 228 57 -61 192 57 -36 300 37 -71 348 52 -41 54 47 79 192 52 -81 96 52 -56 348 42 -76 312 52 -41 30 57 -56 72 57 -96 30 57 -61 228 57 -36 312 57 -61 348 -53 -11 54 27 19 84 57 -41 30 7 -56 216 52 -46 324 47 89 144 52 -31 312 47 -41 228 57 -26 216 47 -51 324 32 -41 192 -18 -31 324 57 -56 300 52 -81 90 42 4 66 47 -26 30 47 89 300 -28 -51 312 -53 64 30 47 -41 54 42 89 348 27 -46 192 -18 29 54 52 -36 30 12 94 144 57 -71 228 57 -56 84 37 4 216 52 -41 144 57 -1 300 -48 -31 348 57 -21 144 47 24 330 47 84 216 -43 -51 348 47 34 96 47 -26 90 -43 -61 54 47 24 72 57 -11 90 52 19 324 -13 99 84 47 19 90 42 49 126 57 -76 72 52 -26 90 37 29 84 -48 -61 144 -3 -76 216 52 9 66 47 14 330 42 49 30 42 -41 96 47 64 300 -53 -41 30 52 79 330 57 -11 126 52 19 348 37 -36 84 32 89 60 -28 -76 348 -38 -56 330 57 -11 192 -13 -91 312 -13 54 60 52 19 66 42 44 90 52 14 348 57 44 54 42 -21 330 -53 -76 72 42 -41 84 37 89 228 -3 44 60 12 44 30 27 14 90 22 -16 228 57 -71 306 37 39 126 12 -46 216 57 -76 312 37 69 324 47 -21 312 42 -1 54 52 -56 144 47 84 90 57 -76 30 37 -21 192 47 -56 84 17 -46 192 57 -41 144 42 14 300 52 -1 30 -18 54 96 47 -41 66 42 -26 60 32 29 90 57 -56 216 57 -11 84 32 94 84 52 9 72 42 24 84 32 34 90 52 84 312 22 -31 228 52 -56 30 47 14 84 47 -51 84 47 19 300 52 4 312 57 -51 300 47 19 306 17 -16 228 57 -76 306 27 84 306 37 19 348 47 79 324 -28 -61 300 -3 99 72 -13 -71 228 47 84 96 2 89 126 57 29 192 -43 39 66 57 34 30 37 79 66 47 79 60 -23 24 54 -13 44 84 42 54 324 17 -61 66 27 79 216 -53 -56 192 37 84 54 -53 39 30 -28 89 306 42 -1 330 32 89 300 42 -51 54 37 89 330 52 -61 96 57 -66 330 -23 44 330 37 -66 30 57 -16 60 47 -21 54 37 4 228 52 -21 54 22 -36 228 57 -21 60 42 -56 192 57 -96 324 47 -71 72 47 -61 192 47 -76 324 22 19 84 42 -51 348 52 -66 312 57 -6 30 47 -81 192 57 -6 60 52 -51 96 -18 14 228 52 -76 312 -3 9 216 57 -61 300 57 -51 126 -28 19 54 52 -56 96 32 -71 90 2 -46 228 47 -76 144 47 -66 90 57 -96 54 57 -51 60 -48 -66 348 57 -66 216 2 44 300 -3 24 66 52 -76 72 32 -71 216 27 -61 192 57 -46 216 42 -76 306 22 89 216 52 -46 300 32 -56 192 7 -81 192 57 -41 312 57 -101 90 57 -101 84 52 -86 84 -28 -56 330 57 -71 72 52 -56 306 57 -36 228 52 -26 54 12 -71 228 27 -41 84 37 24 72 42 -31 30 -48 -71 72 37 -56 306 52 -86 192 42 -71 60 42 -61 84 42 9 60 47 -46 30 52 -41 306 52 -61 300 57 -36 324 47 -56 54 -48 -21 72 47 -66 30 32 -46 84 57 -101 348 47 29 30 42 -21 312 -48 -51 60 32 -71 126 -3 44 66 -48 -16 348 47 34 60 52 -86 72 52 24 30 32 89 66 47 29 348 47 29 60 32 69 120 -13 -51 306 42 -41 90 27 -36 90 37 44 60 32 79 54 52 34 192 -53 54 30 -28 -16 144 -8 -91 306 52 -66 330 57 34 348 -18 -66 306 -53 -11 66 32 49 90 52 69 306 37 74 84 12 -1 228 47 29 216 52 34 60 7 -61 216 47 -76 348 47 -76 216 47 -56 96 37 -61 126 47 19 66 37 -56 84 42 14 192 -8 -36 330 -3 104 90 37 -51 66 2 -86 306 52 -51 126 -33 -21 306 -43 -11 84 32 -36 228 47 -61 126 -38 -51 324 -48 -51 324 42 29 306 42 -61 90 47 14 72 57 4 54 32 -51 90 37 -56 66 17 -16 192 -53 39 192 52 9 30 32 -1 144 27 -61 120 32 -56 90 -53 -11 60 42 -56 96 -48 -61 216 52 -46 144 47 19 54 42 -56 90 27 -36 228 57 -6 66 32 89 306 32 84 144 37 -46 144 32 -31 72 2 -71 120 17 74 228 -23 24 60 22 89 228 27 89 306 12 94 192 -33 -26 300 -33 -61 30 -53 -1 90 -48 -1 72 -33 79 300 57 -101 30 32 -66 126 42 24 30 37 -46 120 42 24 192 -43 34 54 32 -76 90 12 -51 216 37 -76 126 37 74 120 42 -76 120 22 -71 216 -23 94 300 -3 -21 228 32 -56 216 37 -41 54 37 -41 30 17 -1 228 -8 -56 72 17 54 96 27 -81 96 22 -51 96 42 19 30 2 -86 300 17 54 90 47 9 216 -48 19 60 52 -91 330 42 14 216 37 9 72 -18 29 30 42 -71 96 52 -91 300 47 9 30 52 -61 90 -53 -1 192 42 19 216 37 19 192 -13 9 228 42 19 60 42 14 66 17 -81 96 42 19 192 -48 -51 72 -38 79 126 32 84 96 -18 -91 324 -53 -46 60 47 -66 228 27 74 96 -8 29 54 27 -66 192 47 84 120 -53 -96 54 27 79 30 37 84 90 27 -51 84 47 84 300 -43 -41 66 47 84 144 37 -76 192 37 84 144 -13 -61 216 7 -61 90 42 -81 60 37 -36 66 -53 -61 60 12 74 216 37 -71 192 -43 14 90 42 14 60 2 -61 96 37 79 144 32 -76 216 57 -101 144 7 54 60 52 -86 126 -48 54 72 -3 -61 54 42 -46 330 -18 -36 144 37 -81 126 57 -101 228 2 54 60 -28 39 84 -23 69 144 7 89 120 -33 -96 66 -43 -86 348 57 -101 312 32 14 72 7 -56 306 -38 -76 348 -8 39 66 52 -91 120 12 19 96 32 -56 228 -18 44 330 37 -36 30 -28 -61 216 -13 -56 324 7 94 84 -28 44 60 27 -31 84 22 -1 228 -3 39 126 -18 -56 330 52 -96 324 -28 -71 72 32 -71 66 42 84 120 -23 94 120 -43 19 60 52 -91 30 -33 -61 60 12 -51 192 17 4 54 17 54 30 32 -56 144 32 -76 30 -28 -81 144 -13 -86 330 -3 -81 216 37 -101 60 -53 39 228 -28 49 60 -33 89 126 52 -96 120 -18 94 120 27 -66 96 -48 -71 126 -43 34 30 -13 -71 300 -28 74 60 -28 -66 144 -3 49 312 37 -41 324 27 34 30 37 -81 348 -23 39 84 -48 -81 126 -3 -71 126 -13 49 66 12 84 90 -18 49 60 -13 59 84 52 -96 84 -38 -51 30 -33 -66 126 -48 -66 72 -33 14 84 -13 49 30 37 59 120 42 -86 300 12 84 84 52 -96 216 -18 24 216 32 -81 96 -48 -76 96 -13 -76 126 17 99 60 52 -96 126 17 69 90 -53 -101 90 -13 -36 228 17 89 144 27 64 90 -33 -21 228 32 -81 30 -53 24 120 7 14 30 -43 -81 300 -18 -71 300 -3 84 306 42 34 312 47 -91 60 -8 59 228 42 -101 60 42 -101 66 22 64 96 22 -71 84 -13 19 60 2 -41 312 -43 -101 348 7 -71 300 22 -76 84 -38 -71 84 32 -71 60 -28 44 228 2 49 306 47 -91 330 32 64 228 47 -96 66 22 -101 90 47 -91 324 -18 24 30 32 -86 192 -48 39 228 7 19 96 17 19 60 22 54 54 37 9 30 32 14 66 -38 -66 96 17 54 54 42 -86 144 -38 -41 60 -8 -66 216 -53 -96 192 -3 94 96 37 -86 120 17 -76 90 42 -101 72 7 54 66 17 79 54 -8 19 54 -53 -81 126 47 54 312 47 -91 144 37 -86 330 27 -76 72 -23 -81 54 32 4 72 -18 24 60 -18 -71 60 27 69 144 47 -91 306 -28 -56 120 32 44 228 -23 -96 228 22 64 60 -13 -81 54 37 -86 84 -23 -61 126 27 -71 66 -38 49 192 -28 -71 348 47 -91 90 -3 -61 312 2 89 90 -33 -86 348 42 -91 300 -13 -71 126 -8 44 84 47 -96 54 27 -51 126 37 4 60 32 -101 96 42 -91 60 -53 -1 120 -3 54 120 12 89 66 -43 -41 216 -53 -1 126 -8 -56 324 32 -51 126 47 -96 30 -23 24 66 17 59 30 32 -46 300 12 89 144 -53 -66 228 -33 84 96 -13 24 60 22 44 30 -8 24 54 42 -101 54 -18 79 144 -3 -86 216 12 19 30 37 -86 306 -33 49 96 -28 84 306 7 -91 300 42 -91 144 12 -91 192 12 54 72 27 -81 192 -13 24 66 -18 24 72 37 -96 90 -3 49 60 37 -51 330 37 4 54 -48 -66 228 -8 14 60 -38 -96 84 -8 54 96 -23 -76 330 -38 -76 90 7 54 306 42 -91 30 -48 54 66 -38 -41 30 42 -96 228 -28 64 348 17 19 72 32 -96 120 32 -96 144 32 -91 348 -28 -71 84 -48 -66 216 42 -101 300 -18 -71 66 -8 -71 126 -48 49 66 12 84 60 -18 84 72 -48 -91 216 37 -91 348 37 -96 300 2 64 228 -18 -41 54 -48 -106 30 -38 -41 192 -8 -41 330 -43 49 330 17 49 192 17 19 54 12 49 192 -8 -71 324 42 64 348 -28 84 90 42 -106 96 32 9 54 37 -101 300 47 -106 30 -8 -41 144 37 -101 306 -48 49 60 -28 -86 60 -43 44 216 7 -46 312 27 -46 126 27 59 72 -43 -86 330 7 -86 192 -28 19 90 27 49 60 -28 49 348 42 -106 90 7 54 96 -8 79 60 -28 -46 216 -3 -91 126 -43 -91 90 -43 -81 330 -13 -41 144 -8 64 126 12 84 54 47 -106 84 7 54 90 12 49 60 32 -91 120 -13 -86 54 -13 -46 144 -43 -81 324 52 -106 60 -3 84 84 47 -106 66 -33 74 348 -28 -46 60 -33 49 330 17 -86 192 -3 -101 120 37 -106 84 12 14 30 -33 -46 228 -38 19 144 -18 44 192 -3 -41 30 47 -106 72 27 -106 84 -23 -21 30 17 64 60 -18 64 300 -43 -96 30 -8 -101 126 -38 -66 228 -18 89 120 -18 -46 348 32 -106 84 22 -96 84 -28 -16 120 2 19 96 22 59 228 -53 -106 60 -33 -46 54 -23 -41 54 -3 89 84 -43 54 66 -53 -106 30 -18 -66 72 27 14 54 2 -96 306 -38 -61 126 2 9 72 -48 54 216 -8 -101 300 -13 -66 66 22 -91 84 17 59 216 -23 69 72 7 9 66 -43 54 306 -3 84 72 -8 54 306 7 64 300 22 39 30 -38 -46 66 7 84 216 -8 79 312 -48 49 228 -38 -46 228 -13 54 312 17 54 120 -8 84 72 -8 54 300 2 44 72 -8 -66 60 22 9 66 -8 -86 300 17 49 60 -38 49 60 27 -86 216 12 9 60 17 14 66 -13 -81 312 -43 19 126 12 54 306 22 49 66 -13 14 120 32 69 324 12 64 54 -18 -101 144 -38 54 330 -8 69 126 37 64 312 -48 -101 306 12 49 66 17 14 72 12 54 312 32 64 144 -48 -106 66 -3 19 84 7 64 306 12 -101 192 12 64 96 27 44 66 -38 -86 306 52 -106 330 47 -106 312 12 64 60 7 44 66 -3 -101 216 27 59 60 52 -106 144 -13 -81 306 -8 64 330 -28 64 84 -13 79 330 -18 14 126 -13 -86 300 -48 -106 72 -43 -101 54 -13 49 96 -8 64 66 7 94 60 -38 54 30 -8 59 348 7 59 144 -53 -106 228 -3 69 126 -28 54 330 -33 -86 330 -28 -91 144 7 54 324 -38 -86 126 -8 89 72 -3 84 66 22 59 54 17 59 54 17 59 228 -38 49 216 17 54 216 7 84 54 12 49 90 -33 -86 312 2 59 144 12 64 66 12 84 228 -13 79 324 -43 54 228 -38 -106 72 -33 54 192 -28 64 90 12 69 306 12 54 330 12 59 126 57 -111 60 17 59 120 -13 64 348 -33 54 312 -53 -106 324 -33 -106 66 22 59 120 57 -111 216 -33 54 30 -8 14 84 -53 -106 312 52 -111 72 22 69 324 -28 14 120 57 -111 126 7 64 324 -13 49 120 -8 69 330 7 89 54 -8 64 90 12 64 312 27 64 312 22 59 306 -43 -106 330 32 59 306 -43 -106 324 -28 59 306 -3 84 54 
30 4 1 3 pack_2 0.0625 2 32 4 306 32 -81 306 
31 4 1 3 pack_2 0.0361446 2 -8 99 66 -23 89 60 
32 4 1 3 pack_2 0.816176 37 -18 94 60 -18 109 300 7 109 72 2 109 72 -3 109 72 -23 89 54 7 109 66 2 109 60 7 109 54 32 94 348 22 99 348 -3 104 54 22 104 30 -33 99 348 -28 99 312 -23 104 312 -23 104 330 -8 99 228 -48 29 330 -23 99 312 2 99 216 -48 -6 306 -18 99 348 -8 99 306 -8 99 300 7 94 348 -53 44 120 -8 94 300 -3 29 306 -3 14 306 -8 34 312 -33 34 144 -33 34 120 -33 34 126 -38 39 120 -38 34 144 -43 39 120 
33 4 1 3 pack_2 0.230769 1 -48 39 120 
34 4 1 3 pack_2 0.949495 47 2 104 54 12 99 54 -8 99 60 2 99 30 -28 94 330 -23 94 216 -8 94 216 -33 89 192 -33 89 348 -23 89 192 -18 89 330 -18 89 60 -8 89 330 2 84 306 -33 84 216 -28 84 192 27 84 348 17 79 324 -48 69 216 -28 64 312 -38 69 54 -23 64 324 -33 64 324 -43 64 144 -48 64 54 -53 64 126 -48 59 228 -43 59 324 -53 49 144 -53 44 126 -23 4 300 -38 24 306 -43 29 312 -38 19 324 -48 29 312 -48 29 120 -33 24 126 -3 19 300 -48 24 324 -43 19 330 -28 -6 300 -18 -1 312 -48 19 312 -3 9 300 -23 -11 312 -18 4 324 -48 14 312 
35 4 1 3 pack_2 1 12 -33 -6 306 -48 9 312 -28 -16 324 -38 -6 300 -48 -1 312 -43 -6 324 -18 -21 324 -23 -21 330 -43 -21 330 -43 -21 300 -43 -21 312 -43 -26 312 
36 4 1 3 pack_2 0.4 10 -8 59 120 -33 59 228 -13 59 120 12 69 324 2 69 144 -8 54 312 -23 59 120 -28 49 144 12 69 312 -33 64 192 
37 4 1 3 pack_2 0.230769 2 -53 -111 84 -53 -111 90 
38 4 1 3 pack_2 0.929577 11 27 59 312 -3 74 30 37 59 324 -18 -106 324 -3 69 192 -8 69 192 -13 69 216 -33 -106 300 -13 69 348 -3 64 90 2 79 228 
39 4 1 3 pack_2 0.0248963 1 12 64 348 
40 4 1 3 pack_2 0.00172364 1 -18 89 54 
41 4 1 3 pack_2 0.230769 2 22 84 348 22 89 348 
42 4 1 3 pack_2 1 7 12 94 30 -8 89 30 -38 59 60 -28 84 216 -8 64 312 -23 84 228 -3 89 228 
43 4 1 3 pack_2 1 5 -43 39 144 -43 34 126 -48 39 126 -43 29 126 -53 44 144 
44 4 1 3 pack_2 0.957983 19 -33 29 126 -48 34 144 -43 19 300 -43 4 324 -48 24 144 -48 59 144 -43 59 144 -43 19 306 -38 19 300 -38 64 126 -38 -16 306 -13 14 312 -18 79 54 -13 19 312 -13 84 216 -18 84 54 -13 74 348 -28 74 216 -38 64 216 
45 4 1 3 pack_2 1 9 12 74 330 2 84 30 -43 14 324 -23 79 192 -8 84 348 -13 74 216 -8 79 348 -18 74 30 -18 79 348 
46 4 1 3 pack_2 0.375 3 -33 64 54 -3 84 216 -28 64 216 
47 4 1 3 pack_2 0.857143 10 -3 94 30 -33 59 120 7 84 30 -23 4 306 17 84 348 -33 -6 324 -33 29 144 -13 89 216 -38 29 144 -13 74 30 
