10 78 4
0 0 -1 113 2 13 -1 -1 -1 -1 -1 1 3479 
1 1 0 0 0 0 0 0 0 0 0 0 0 
2 1 -1 297 2 33 -1 -1 -1 -1 -1 2 441 
3 2 0 0 0 0 0 0 0 0 0 0 0 
4 2 0 0 0 0 0 0 0 0 0 0 0 
5 2 -1 253 2 27 -1 -1 -1 -1 -1 0 429 
6 2 -1 124 3 37 -1 -1 -1 -1 -1 3 -3 
7 3 0 0 0 0 0 0 0 0 0 0 0 
8 3 0 0 0 0 0 0 0 0 0 0 0 
9 3 0 0 0 0 0 0 0 0 0 0 0 
10 3 0 0 0 0 0 0 0 0 0 0 0 
11 3 -1 74 3 23 -1 -1 -1 -1 -1 3 -139 
12 3 -1 209 2 26 -1 -1 -1 -1 -1 1 831 
13 3 -1 117 4 33 -1 -1 -1 -1 -1 2 1870 
14 3 77 0 0 0 0 0 0 0 0 0 0 
15 4 0 0 0 0 0 0 0 0 0 0 0 
16 4 0 0 0 0 0 0 0 0 0 0 0 
17 4 0 0 0 0 0 0 0 0 0 0 0 
18 4 0 0 0 0 0 0 0 0 0 0 0 
19 4 0 0 0 0 0 0 0 0 0 0 0 
20 4 0 0 0 0 0 0 0 0 0 0 0 
21 4 0 0 0 0 0 0 0 0 0 0 0 
22 4 0 0 0 0 0 0 0 0 0 0 0 
23 4 1 0 0 0 0 0 0 0 0 0 0 
24 4 -1 160 3 26 -1 -1 -1 -1 -1 0 -20 
25 4 -1 49 4 10 -1 -1 -1 -1 -1 3 1132 
26 4 -1 271 2 29 -1 -1 -1 -1 -1 0 662 
27 4 -1 218 2 33 -1 -1 -1 -1 -1 1 580 
28 4 76 0 0 0 0 0 0 0 0 0 0 
29 4 0 0 0 0 0 0 0 0 0 0 0 
30 4 0 0 0 0 0 0 0 0 0 0 0 
31 5 0 0 0 0 0 0 0 0 0 0 0 
32 5 0 0 0 0 0 0 0 0 0 0 0 
33 5 0 0 0 0 0 0 0 0 0 0 0 
34 5 0 0 0 0 0 0 0 0 0 0 0 
35 5 0 0 0 0 0 0 0 0 0 0 0 
36 5 0 0 0 0 0 0 0 0 0 0 0 
37 5 0 0 0 0 0 0 0 0 0 0 0 
38 5 0 0 0 0 0 0 0 0 0 0 0 
39 5 0 0 0 0 0 0 0 0 0 0 0 
40 5 0 0 0 0 0 0 0 0 0 0 0 
41 5 0 0 0 0 0 0 0 0 0 0 0 
42 5 0 0 0 0 0 0 0 0 0 0 0 
43 5 0 0 0 0 0 0 0 0 0 0 0 
44 5 0 0 0 0 0 0 0 0 0 0 0 
45 5 0 0 0 0 0 0 0 0 0 0 0 
46 5 0 0 0 0 0 0 0 0 0 0 0 
47 5 0 0 0 0 0 0 0 0 0 0 0 
48 5 0 0 0 0 0 0 0 0 0 0 0 
49 5 -1 120 2 22 -1 -1 -1 -1 -1 3 587 
50 5 -1 338 2 35 -1 -1 -1 -1 -1 2 129 
51 5 28 0 0 0 0 0 0 0 0 0 0 
52 5 -1 128 4 11 -1 -1 -1 -1 -1 1 9475 
53 5 -1 353 4 36 -1 -1 -1 -1 -1 2 5485 
54 5 -1 357 2 22 -1 -1 -1 -1 -1 1 1455 
55 5 -1 239 2 16 -1 -1 -1 -1 -1 1 3981 
56 5 75 0 0 0 0 0 0 0 0 0 0 
57 5 0 0 0 0 0 0 0 0 0 0 0 
58 5 0 0 0 0 0 0 0 0 0 0 0 
59 5 0 0 0 0 0 0 0 0 0 0 0 
60 5 0 0 0 0 0 0 0 0 0 0 0 
61 5 0 0 0 0 0 0 0 0 0 0 0 
62 5 0 0 0 0 0 0 0 0 0 0 0 
63 6 0 0 0 0 0 0 0 0 0 0 0 
64 6 0 0 0 0 0 0 0 0 0 0 0 
65 6 0 0 0 0 0 0 0 0 0 0 0 
66 6 0 0 0 0 0 0 0 0 0 0 0 
67 6 0 0 0 0 0 0 0 0 0 0 0 
68 6 0 0 0 0 0 0 0 0 0 0 0 
69 6 0 0 0 0 0 0 0 0 0 0 0 
70 6 0 0 0 0 0 0 0 0 0 0 0 
71 6 0 0 0 0 0 0 0 0 0 0 0 
72 6 0 0 0 0 0 0 0 0 0 0 0 
73 6 0 0 0 0 0 0 0 0 0 0 0 
74 6 0 0 0 0 0 0 0 0 0 0 0 
75 6 0 0 0 0 0 0 0 0 0 0 0 
76 6 0 0 0 0 0 0 0 0 0 0 0 
77 6 0 0 0 0 0 0 0 0 0 0 0 
78 6 0 0 0 0 0 0 0 0 0 0 0 
79 6 0 0 0 0 0 0 0 0 0 0 0 
80 6 0 0 0 0 0 0 0 0 0 0 0 
81 6 0 0 0 0 0 0 0 0 0 0 0 
82 6 0 0 0 0 0 0 0 0 0 0 0 
83 6 0 0 0 0 0 0 0 0 0 0 0 
84 6 0 0 0 0 0 0 0 0 0 0 0 
85 6 0 0 0 0 0 0 0 0 0 0 0 
86 6 0 0 0 0 0 0 0 0 0 0 0 
87 6 0 0 0 0 0 0 0 0 0 0 0 
88 6 0 0 0 0 0 0 0 0 0 0 0 
89 6 0 0 0 0 0 0 0 0 0 0 0 
90 6 0 0 0 0 0 0 0 0 0 0 0 
91 6 0 0 0 0 0 0 0 0 0 0 0 
92 6 0 0 0 0 0 0 0 0 0 0 0 
93 6 0 0 0 0 0 0 0 0 0 0 0 
94 6 0 0 0 0 0 0 0 0 0 0 0 
95 6 0 0 0 0 0 0 0 0 0 0 0 
96 6 0 0 0 0 0 0 0 0 0 0 0 
97 6 0 0 0 0 0 0 0 0 0 0 0 
98 6 0 0 0 0 0 0 0 0 0 0 0 
99 6 -1 46 0 22 -1 -1 -1 -1 -1 2 40 
100 6 9 0 0 0 0 0 0 0 0 0 0 
101 6 -1 159 1 23 -1 -1 -1 -1 -1 2 35 
102 6 -1 32 4 12 -1 -1 -1 -1 -1 2 4559 
103 6 0 0 0 0 0 0 0 0 0 0 0 
104 6 0 0 0 0 0 0 0 0 0 0 0 
105 6 29 0 0 0 0 0 0 0 0 0 0 
106 6 -1 343 4 26 -1 -1 -1 -1 -1 2 6067 
107 6 -1 91 4 23 -1 -1 -1 -1 -1 2 6424 
108 6 49 0 0 0 0 0 0 0 0 0 0 
109 6 -1 315 4 31 -1 -1 -1 -1 -1 3 53 
110 6 -1 121 4 10 -1 -1 -1 -1 -1 0 4739 
111 6 65 0 0 0 0 0 0 0 0 0 0 
112 6 -1 259 3 39 -1 -1 -1 -1 -1 2 -28 
113 6 0 0 0 0 0 0 0 0 0 0 0 
114 6 0 0 0 0 0 0 0 0 0 0 0 
115 6 0 0 0 0 0 0 0 0 0 0 0 
116 6 0 0 0 0 0 0 0 0 0 0 0 
117 6 0 0 0 0 0 0 0 0 0 0 0 
118 6 0 0 0 0 0 0 0 0 0 0 0 
119 6 0 0 0 0 0 0 0 0 0 0 0 
120 6 0 0 0 0 0 0 0 0 0 0 0 
121 6 0 0 0 0 0 0 0 0 0 0 0 
122 6 0 0 0 0 0 0 0 0 0 0 0 
123 6 0 0 0 0 0 0 0 0 0 0 0 
124 6 0 0 0 0 0 0 0 0 0 0 0 
125 6 0 0 0 0 0 0 0 0 0 0 0 
126 6 0 0 0 0 0 0 0 0 0 0 0 
127 7 0 0 0 0 0 0 0 0 0 0 0 
128 7 0 0 0 0 0 0 0 0 0 0 0 
129 7 0 0 0 0 0 0 0 0 0 0 0 
130 7 0 0 0 0 0 0 0 0 0 0 0 
131 7 0 0 0 0 0 0 0 0 0 0 0 
132 7 0 0 0 0 0 0 0 0 0 0 0 
133 7 0 0 0 0 0 0 0 0 0 0 0 
134 7 0 0 0 0 0 0 0 0 0 0 0 
135 7 0 0 0 0 0 0 0 0 0 0 0 
136 7 0 0 0 0 0 0 0 0 0 0 0 
137 7 0 0 0 0 0 0 0 0 0 0 0 
138 7 0 0 0 0 0 0 0 0 0 0 0 
139 7 0 0 0 0 0 0 0 0 0 0 0 
140 7 0 0 0 0 0 0 0 0 0 0 0 
141 7 0 0 0 0 0 0 0 0 0 0 0 
142 7 0 0 0 0 0 0 0 0 0 0 0 
143 7 0 0 0 0 0 0 0 0 0 0 0 
144 7 0 0 0 0 0 0 0 0 0 0 0 
145 7 0 0 0 0 0 0 0 0 0 0 0 
146 7 0 0 0 0 0 0 0 0 0 0 0 
147 7 0 0 0 0 0 0 0 0 0 0 0 
148 7 0 0 0 0 0 0 0 0 0 0 0 
149 7 0 0 0 0 0 0 0 0 0 0 0 
150 7 0 0 0 0 0 0 0 0 0 0 0 
151 7 0 0 0 0 0 0 0 0 0 0 0 
152 7 0 0 0 0 0 0 0 0 0 0 0 
153 7 0 0 0 0 0 0 0 0 0 0 0 
154 7 0 0 0 0 0 0 0 0 0 0 0 
155 7 0 0 0 0 0 0 0 0 0 0 0 
156 7 0 0 0 0 0 0 0 0 0 0 0 
157 7 0 0 0 0 0 0 0 0 0 0 0 
158 7 0 0 0 0 0 0 0 0 0 0 0 
159 7 0 0 0 0 0 0 0 0 0 0 0 
160 7 0 0 0 0 0 0 0 0 0 0 0 
161 7 0 0 0 0 0 0 0 0 0 0 0 
162 7 0 0 0 0 0 0 0 0 0 0 0 
163 7 0 0 0 0 0 0 0 0 0 0 0 
164 7 0 0 0 0 0 0 0 0 0 0 0 
165 7 0 0 0 0 0 0 0 0 0 0 0 
166 7 0 0 0 0 0 0 0 0 0 0 0 
167 7 0 0 0 0 0 0 0 0 0 0 0 
168 7 0 0 0 0 0 0 0 0 0 0 0 
169 7 0 0 0 0 0 0 0 0 0 0 0 
170 7 0 0 0 0 0 0 0 0 0 0 0 
171 7 0 0 0 0 0 0 0 0 0 0 0 
172 7 0 0 0 0 0 0 0 0 0 0 0 
173 7 0 0 0 0 0 0 0 0 0 0 0 
174 7 0 0 0 0 0 0 0 0 0 0 0 
175 7 0 0 0 0 0 0 0 0 0 0 0 
176 7 0 0 0 0 0 0 0 0 0 0 0 
177 7 0 0 0 0 0 0 0 0 0 0 0 
178 7 0 0 0 0 0 0 0 0 0 0 0 
179 7 0 0 0 0 0 0 0 0 0 0 0 
180 7 0 0 0 0 0 0 0 0 0 0 0 
181 7 0 0 0 0 0 0 0 0 0 0 0 
182 7 0 0 0 0 0 0 0 0 0 0 0 
183 7 0 0 0 0 0 0 0 0 0 0 0 
184 7 0 0 0 0 0 0 0 0 0 0 0 
185 7 0 0 0 0 0 0 0 0 0 0 0 
186 7 0 0 0 0 0 0 0 0 0 0 0 
187 7 0 0 0 0 0 0 0 0 0 0 0 
188 7 0 0 0 0 0 0 0 0 0 0 0 
189 7 0 0 0 0 0 0 0 0 0 0 0 
190 7 0 0 0 0 0 0 0 0 0 0 0 
191 7 0 0 0 0 0 0 0 0 0 0 0 
192 7 0 0 0 0 0 0 0 0 0 0 0 
193 7 0 0 0 0 0 0 0 0 0 0 0 
194 7 0 0 0 0 0 0 0 0 0 0 0 
195 7 0 0 0 0 0 0 0 0 0 0 0 
196 7 0 0 0 0 0 0 0 0 0 0 0 
197 7 0 0 0 0 0 0 0 0 0 0 0 
198 7 0 0 0 0 0 0 0 0 0 0 0 
199 7 -1 51 1 30 -1 -1 -1 -1 -1 3 -15 
200 7 8 0 0 0 0 0 0 0 0 0 0 
201 7 0 0 0 0 0 0 0 0 0 0 0 
202 7 0 0 0 0 0 0 0 0 0 0 0 
203 7 -1 161 4 16 -1 -1 -1 -1 -1 1 8163 
204 7 14 0 0 0 0 0 0 0 0 0 0 
205 7 -1 48 2 38 -1 -1 -1 -1 -1 1 174 
206 7 -1 293 0 31 -1 -1 -1 -1 -1 2 -10 
207 7 0 0 0 0 0 0 0 0 0 0 0 
208 7 0 0 0 0 0 0 0 0 0 0 0 
209 7 0 0 0 0 0 0 0 0 0 0 0 
210 7 0 0 0 0 0 0 0 0 0 0 0 
211 7 0 0 0 0 0 0 0 0 0 0 0 
212 7 0 0 0 0 0 0 0 0 0 0 0 
213 7 -1 179 2 23 -1 -1 -1 -1 -1 1 1010 
214 7 36 0 0 0 0 0 0 0 0 0 0 
215 7 -1 198 2 17 -1 -1 -1 -1 -1 1 3477 
216 7 -1 97 2 39 -1 -1 -1 -1 -1 3 92 
217 7 0 0 0 0 0 0 0 0 0 0 0 
218 7 0 0 0 0 0 0 0 0 0 0 0 
219 7 50 0 0 0 0 0 0 0 0 0 0 
220 7 -1 178 2 26 -1 -1 -1 -1 -1 3 196 
221 7 -1 271 3 13 -1 -1 -1 -1 -1 0 -27 
222 7 -1 258 1 23 -1 -1 -1 -1 -1 2 23 
223 7 0 0 0 0 0 0 0 0 0 0 0 
224 7 0 0 0 0 0 0 0 0 0 0 0 
225 7 -1 203 3 12 -1 -1 -1 -1 -1 3 -10 
226 7 -1 53 4 13 -1 -1 -1 -1 -1 2 2139 
227 7 0 0 0 0 0 0 0 0 0 0 0 
228 7 0 0 0 0 0 0 0 0 0 0 0 
229 7 0 0 0 0 0 0 0 0 0 0 0 
230 7 0 0 0 0 0 0 0 0 0 0 0 
231 7 0 0 0 0 0 0 0 0 0 0 0 
232 7 0 0 0 0 0 0 0 0 0 0 0 
233 7 0 0 0 0 0 0 0 0 0 0 0 
234 7 0 0 0 0 0 0 0 0 0 0 0 
235 7 0 0 0 0 0 0 0 0 0 0 0 
236 7 0 0 0 0 0 0 0 0 0 0 0 
237 7 0 0 0 0 0 0 0 0 0 0 0 
238 7 0 0 0 0 0 0 0 0 0 0 0 
239 7 0 0 0 0 0 0 0 0 0 0 0 
240 7 0 0 0 0 0 0 0 0 0 0 0 
241 7 0 0 0 0 0 0 0 0 0 0 0 
242 7 0 0 0 0 0 0 0 0 0 0 0 
243 7 0 0 0 0 0 0 0 0 0 0 0 
244 7 0 0 0 0 0 0 0 0 0 0 0 
245 7 0 0 0 0 0 0 0 0 0 0 0 
246 7 0 0 0 0 0 0 0 0 0 0 0 
247 7 0 0 0 0 0 0 0 0 0 0 0 
248 7 0 0 0 0 0 0 0 0 0 0 0 
249 7 0 0 0 0 0 0 0 0 0 0 0 
250 7 0 0 0 0 0 0 0 0 0 0 0 
251 7 0 0 0 0 0 0 0 0 0 0 0 
252 7 0 0 0 0 0 0 0 0 0 0 0 
253 7 0 0 0 0 0 0 0 0 0 0 0 
254 7 0 0 0 0 0 0 0 0 0 0 0 
255 8 0 0 0 0 0 0 0 0 0 0 0 
256 8 0 0 0 0 0 0 0 0 0 0 0 
257 8 0 0 0 0 0 0 0 0 0 0 0 
258 8 0 0 0 0 0 0 0 0 0 0 0 
259 8 0 0 0 0 0 0 0 0 0 0 0 
260 8 0 0 0 0 0 0 0 0 0 0 0 
261 8 0 0 0 0 0 0 0 0 0 0 0 
262 8 0 0 0 0 0 0 0 0 0 0 0 
263 8 0 0 0 0 0 0 0 0 0 0 0 
264 8 0 0 0 0 0 0 0 0 0 0 0 
265 8 0 0 0 0 0 0 0 0 0 0 0 
266 8 0 0 0 0 0 0 0 0 0 0 0 
267 8 0 0 0 0 0 0 0 0 0 0 0 
268 8 0 0 0 0 0 0 0 0 0 0 0 
269 8 0 0 0 0 0 0 0 0 0 0 0 
270 8 0 0 0 0 0 0 0 0 0 0 0 
271 8 0 0 0 0 0 0 0 0 0 0 0 
272 8 0 0 0 0 0 0 0 0 0 0 0 
273 8 0 0 0 0 0 0 0 0 0 0 0 
274 8 0 0 0 0 0 0 0 0 0 0 0 
275 8 0 0 0 0 0 0 0 0 0 0 0 
276 8 0 0 0 0 0 0 0 0 0 0 0 
277 8 0 0 0 0 0 0 0 0 0 0 0 
278 8 0 0 0 0 0 0 0 0 0 0 0 
279 8 0 0 0 0 0 0 0 0 0 0 0 
280 8 0 0 0 0 0 0 0 0 0 0 0 
281 8 0 0 0 0 0 0 0 0 0 0 0 
282 8 0 0 0 0 0 0 0 0 0 0 0 
283 8 0 0 0 0 0 0 0 0 0 0 0 
284 8 0 0 0 0 0 0 0 0 0 0 0 
285 8 0 0 0 0 0 0 0 0 0 0 0 
286 8 0 0 0 0 0 0 0 0 0 0 0 
287 8 0 0 0 0 0 0 0 0 0 0 0 
288 8 0 0 0 0 0 0 0 0 0 0 0 
289 8 0 0 0 0 0 0 0 0 0 0 0 
290 8 0 0 0 0 0 0 0 0 0 0 0 
291 8 0 0 0 0 0 0 0 0 0 0 0 
292 8 0 0 0 0 0 0 0 0 0 0 0 
293 8 0 0 0 0 0 0 0 0 0 0 0 
294 8 0 0 0 0 0 0 0 0 0 0 0 
295 8 0 0 0 0 0 0 0 0 0 0 0 
296 8 0 0 0 0 0 0 0 0 0 0 0 
297 8 0 0 0 0 0 0 0 0 0 0 0 
298 8 0 0 0 0 0 0 0 0 0 0 0 
299 8 0 0 0 0 0 0 0 0 0 0 0 
300 8 0 0 0 0 0 0 0 0 0 0 0 
301 8 0 0 0 0 0 0 0 0 0 0 0 
302 8 0 0 0 0 0 0 0 0 0 0 0 
303 8 0 0 0 0 0 0 0 0 0 0 0 
304 8 0 0 0 0 0 0 0 0 0 0 0 
305 8 0 0 0 0 0 0 0 0 0 0 0 
306 8 0 0 0 0 0 0 0 0 0 0 0 
307 8 0 0 0 0 0 0 0 0 0 0 0 
308 8 0 0 0 0 0 0 0 0 0 0 0 
309 8 0 0 0 0 0 0 0 0 0 0 0 
310 8 0 0 0 0 0 0 0 0 0 0 0 
311 8 0 0 0 0 0 0 0 0 0 0 0 
312 8 0 0 0 0 0 0 0 0 0 0 0 
313 8 0 0 0 0 0 0 0 0 0 0 0 
314 8 0 0 0 0 0 0 0 0 0 0 0 
315 8 0 0 0 0 0 0 0 0 0 0 0 
316 8 0 0 0 0 0 0 0 0 0 0 0 
317 8 0 0 0 0 0 0 0 0 0 0 0 
318 8 0 0 0 0 0 0 0 0 0 0 0 
319 8 0 0 0 0 0 0 0 0 0 0 0 
320 8 0 0 0 0 0 0 0 0 0 0 0 
321 8 0 0 0 0 0 0 0 0 0 0 0 
322 8 0 0 0 0 0 0 0 0 0 0 0 
323 8 0 0 0 0 0 0 0 0 0 0 0 
324 8 0 0 0 0 0 0 0 0 0 0 0 
325 8 0 0 0 0 0 0 0 0 0 0 0 
326 8 0 0 0 0 0 0 0 0 0 0 0 
327 8 0 0 0 0 0 0 0 0 0 0 0 
328 8 0 0 0 0 0 0 0 0 0 0 0 
329 8 0 0 0 0 0 0 0 0 0 0 0 
330 8 0 0 0 0 0 0 0 0 0 0 0 
331 8 0 0 0 0 0 0 0 0 0 0 0 
332 8 0 0 0 0 0 0 0 0 0 0 0 
333 8 0 0 0 0 0 0 0 0 0 0 0 
334 8 0 0 0 0 0 0 0 0 0 0 0 
335 8 0 0 0 0 0 0 0 0 0 0 0 
336 8 0 0 0 0 0 0 0 0 0 0 0 
337 8 0 0 0 0 0 0 0 0 0 0 0 
338 8 0 0 0 0 0 0 0 0 0 0 0 
339 8 0 0 0 0 0 0 0 0 0 0 0 
340 8 0 0 0 0 0 0 0 0 0 0 0 
341 8 0 0 0 0 0 0 0 0 0 0 0 
342 8 0 0 0 0 0 0 0 0 0 0 0 
343 8 0 0 0 0 0 0 0 0 0 0 0 
344 8 0 0 0 0 0 0 0 0 0 0 0 
345 8 0 0 0 0 0 0 0 0 0 0 0 
346 8 0 0 0 0 0 0 0 0 0 0 0 
347 8 0 0 0 0 0 0 0 0 0 0 0 
348 8 0 0 0 0 0 0 0 0 0 0 0 
349 8 0 0 0 0 0 0 0 0 0 0 0 
350 8 0 0 0 0 0 0 0 0 0 0 0 
351 8 0 0 0 0 0 0 0 0 0 0 0 
352 8 0 0 0 0 0 0 0 0 0 0 0 
353 8 0 0 0 0 0 0 0 0 0 0 0 
354 8 0 0 0 0 0 0 0 0 0 0 0 
355 8 0 0 0 0 0 0 0 0 0 0 0 
356 8 0 0 0 0 0 0 0 0 0 0 0 
357 8 0 0 0 0 0 0 0 0 0 0 0 
358 8 0 0 0 0 0 0 0 0 0 0 0 
359 8 0 0 0 0 0 0 0 0 0 0 0 
360 8 0 0 0 0 0 0 0 0 0 0 0 
361 8 0 0 0 0 0 0 0 0 0 0 0 
362 8 0 0 0 0 0 0 0 0 0 0 0 
363 8 0 0 0 0 0 0 0 0 0 0 0 
364 8 0 0 0 0 0 0 0 0 0 0 0 
365 8 0 0 0 0 0 0 0 0 0 0 0 
366 8 0 0 0 0 0 0 0 0 0 0 0 
367 8 0 0 0 0 0 0 0 0 0 0 0 
368 8 0 0 0 0 0 0 0 0 0 0 0 
369 8 0 0 0 0 0 0 0 0 0 0 0 
370 8 0 0 0 0 0 0 0 0 0 0 0 
371 8 0 0 0 0 0 0 0 0 0 0 0 
372 8 0 0 0 0 0 0 0 0 0 0 0 
373 8 0 0 0 0 0 0 0 0 0 0 0 
374 8 0 0 0 0 0 0 0 0 0 0 0 
375 8 0 0 0 0 0 0 0 0 0 0 0 
376 8 0 0 0 0 0 0 0 0 0 0 0 
377 8 0 0 0 0 0 0 0 0 0 0 0 
378 8 0 0 0 0 0 0 0 0 0 0 0 
379 8 0 0 0 0 0 0 0 0 0 0 0 
380 8 0 0 0 0 0 0 0 0 0 0 0 
381 8 0 0 0 0 0 0 0 0 0 0 0 
382 8 0 0 0 0 0 0 0 0 0 0 0 
383 8 0 0 0 0 0 0 0 0 0 0 0 
384 8 0 0 0 0 0 0 0 0 0 0 0 
385 8 0 0 0 0 0 0 0 0 0 0 0 
386 8 0 0 0 0 0 0 0 0 0 0 0 
387 8 0 0 0 0 0 0 0 0 0 0 0 
388 8 0 0 0 0 0 0 0 0 0 0 0 
389 8 0 0 0 0 0 0 0 0 0 0 0 
390 8 0 0 0 0 0 0 0 0 0 0 0 
391 8 0 0 0 0 0 0 0 0 0 0 0 
392 8 0 0 0 0 0 0 0 0 0 0 0 
393 8 0 0 0 0 0 0 0 0 0 0 0 
394 8 0 0 0 0 0 0 0 0 0 0 0 
395 8 0 0 0 0 0 0 0 0 0 0 0 
396 8 0 0 0 0 0 0 0 0 0 0 0 
397 8 0 0 0 0 0 0 0 0 0 0 0 
398 8 0 0 0 0 0 0 0 0 0 0 0 
399 8 -1 87 0 30 -1 -1 -1 -1 -1 0 24 
400 8 -1 221 2 13 -1 -1 -1 -1 -1 3 2208 
401 8 0 0 0 0 0 0 0 0 0 0 0 
402 8 0 0 0 0 0 0 0 0 0 0 0 
403 8 0 0 0 0 0 0 0 0 0 0 0 
404 8 0 0 0 0 0 0 0 0 0 0 0 
405 8 0 0 0 0 0 0 0 0 0 0 0 
406 8 0 0 0 0 0 0 0 0 0 0 0 
407 8 10 0 0 0 0 0 0 0 0 0 0 
408 8 -1 93 2 35 -1 -1 -1 -1 -1 3 139 
409 8 0 0 0 0 0 0 0 0 0 0 0 
410 8 0 0 0 0 0 0 0 0 0 0 0 
411 8 15 0 0 0 0 0 0 0 0 0 0 
412 8 -1 240 1 21 -1 -1 -1 -1 -1 1 -31 
413 8 -1 57 2 11 -1 -1 -1 -1 -1 1 5878 
414 8 -1 66 4 10 -1 -1 -1 -1 -1 1 9430 
415 8 0 0 0 0 0 0 0 0 0 0 0 
416 8 0 0 0 0 0 0 0 0 0 0 0 
417 8 0 0 0 0 0 0 0 0 0 0 0 
418 8 0 0 0 0 0 0 0 0 0 0 0 
419 8 0 0 0 0 0 0 0 0 0 0 0 
420 8 0 0 0 0 0 0 0 0 0 0 0 
421 8 0 0 0 0 0 0 0 0 0 0 0 
422 8 0 0 0 0 0 0 0 0 0 0 0 
423 8 0 0 0 0 0 0 0 0 0 0 0 
424 8 0 0 0 0 0 0 0 0 0 0 0 
425 8 0 0 0 0 0 0 0 0 0 0 0 
426 8 0 0 0 0 0 0 0 0 0 0 0 
427 8 -1 173 3 12 -1 -1 -1 -1 -1 1 7 
428 8 -1 210 0 15 -1 -1 -1 -1 -1 0 -10 
429 8 0 0 0 0 0 0 0 0 0 0 0 
430 8 0 0 0 0 0 0 0 0 0 0 0 
431 8 -1 99 2 19 -1 -1 -1 -1 -1 2 2393 
432 8 -1 210 3 33 -1 -1 -1 -1 -1 1 -23 
433 8 -1 40 2 31 -1 -1 -1 -1 -1 0 521 
434 8 48 0 0 0 0 0 0 0 0 0 0 
435 8 0 0 0 0 0 0 0 0 0 0 0 
436 8 0 0 0 0 0 0 0 0 0 0 0 
437 8 0 0 0 0 0 0 0 0 0 0 0 
438 8 0 0 0 0 0 0 0 0 0 0 0 
439 8 0 0 0 0 0 0 0 0 0 0 0 
440 8 0 0 0 0 0 0 0 0 0 0 0 
441 8 -1 174 4 16 -1 -1 -1 -1 -1 2 7225 
442 8 54 0 0 0 0 0 0 0 0 0 0 
443 8 -1 359 4 34 -1 -1 -1 -1 -1 1 1510 
444 8 -1 209 1 34 -1 -1 -1 -1 -1 3 -3 
445 8 -1 232 3 13 -1 -1 -1 -1 -1 0 -36 
446 8 64 0 0 0 0 0 0 0 0 0 0 
447 8 0 0 0 0 0 0 0 0 0 0 0 
448 8 0 0 0 0 0 0 0 0 0 0 0 
449 8 0 0 0 0 0 0 0 0 0 0 0 
450 8 0 0 0 0 0 0 0 0 0 0 0 
451 8 66 0 0 0 0 0 0 0 0 0 0 
452 8 -1 110 0 33 -1 -1 -1 -1 -1 2 -22 
453 8 -1 123 4 31 -1 -1 -1 -1 -1 3 11 
454 8 -1 8 3 20 -1 -1 -1 -1 -1 2 -29 
455 8 0 0 0 0 0 0 0 0 0 0 0 
456 8 0 0 0 0 0 0 0 0 0 0 0 
457 8 0 0 0 0 0 0 0 0 0 0 0 
458 8 0 0 0 0 0 0 0 0 0 0 0 
459 8 0 0 0 0 0 0 0 0 0 0 0 
460 8 0 0 0 0 0 0 0 0 0 0 0 
461 8 0 0 0 0 0 0 0 0 0 0 0 
462 8 0 0 0 0 0 0 0 0 0 0 0 
463 8 0 0 0 0 0 0 0 0 0 0 0 
464 8 0 0 0 0 0 0 0 0 0 0 0 
465 8 0 0 0 0 0 0 0 0 0 0 0 
466 8 0 0 0 0 0 0 0 0 0 0 0 
467 8 0 0 0 0 0 0 0 0 0 0 0 
468 8 0 0 0 0 0 0 0 0 0 0 0 
469 8 0 0 0 0 0 0 0 0 0 0 0 
470 8 0 0 0 0 0 0 0 0 0 0 0 
471 8 0 0 0 0 0 0 0 0 0 0 0 
472 8 0 0 0 0 0 0 0 0 0 0 0 
473 8 0 0 0 0 0 0 0 0 0 0 0 
474 8 0 0 0 0 0 0 0 0 0 0 0 
475 8 0 0 0 0 0 0 0 0 0 0 0 
476 8 0 0 0 0 0 0 0 0 0 0 0 
477 8 0 0 0 0 0 0 0 0 0 0 0 
478 8 0 0 0 0 0 0 0 0 0 0 0 
479 8 0 0 0 0 0 0 0 0 0 0 0 
480 8 0 0 0 0 0 0 0 0 0 0 0 
481 8 0 0 0 0 0 0 0 0 0 0 0 
482 8 0 0 0 0 0 0 0 0 0 0 0 
483 8 0 0 0 0 0 0 0 0 0 0 0 
484 8 0 0 0 0 0 0 0 0 0 0 0 
485 8 0 0 0 0 0 0 0 0 0 0 0 
486 8 0 0 0 0 0 0 0 0 0 0 0 
487 8 0 0 0 0 0 0 0 0 0 0 0 
488 8 0 0 0 0 0 0 0 0 0 0 0 
489 8 0 0 0 0 0 0 0 0 0 0 0 
490 8 0 0 0 0 0 0 0 0 0 0 0 
491 8 0 0 0 0 0 0 0 0 0 0 0 
492 8 0 0 0 0 0 0 0 0 0 0 0 
493 8 0 0 0 0 0 0 0 0 0 0 0 
494 8 0 0 0 0 0 0 0 0 0 0 0 
495 8 0 0 0 0 0 0 0 0 0 0 0 
496 8 0 0 0 0 0 0 0 0 0 0 0 
497 8 0 0 0 0 0 0 0 0 0 0 0 
498 8 0 0 0 0 0 0 0 0 0 0 0 
499 8 0 0 0 0 0 0 0 0 0 0 0 
500 8 0 0 0 0 0 0 0 0 0 0 0 
501 8 0 0 0 0 0 0 0 0 0 0 0 
502 8 0 0 0 0 0 0 0 0 0 0 0 
503 8 0 0 0 0 0 0 0 0 0 0 0 
504 8 0 0 0 0 0 0 0 0 0 0 0 
505 8 0 0 0 0 0 0 0 0 0 0 0 
506 8 0 0 0 0 0 0 0 0 0 0 0 
507 8 0 0 0 0 0 0 0 0 0 0 0 
508 8 0 0 0 0 0 0 0 0 0 0 0 
509 8 0 0 0 0 0 0 0 0 0 0 0 
510 8 0 0 0 0 0 0 0 0 0 0 0 
511 9 0 0 0 0 0 0 0 0 0 0 0 
512 9 0 0 0 0 0 0 0 0 0 0 0 
513 9 0 0 0 0 0 0 0 0 0 0 0 
514 9 0 0 0 0 0 0 0 0 0 0 0 
515 9 0 0 0 0 0 0 0 0 0 0 0 
516 9 0 0 0 0 0 0 0 0 0 0 0 
517 9 0 0 0 0 0 0 0 0 0 0 0 
518 9 0 0 0 0 0 0 0 0 0 0 0 
519 9 0 0 0 0 0 0 0 0 0 0 0 
520 9 0 0 0 0 0 0 0 0 0 0 0 
521 9 0 0 0 0 0 0 0 0 0 0 0 
522 9 0 0 0 0 0 0 0 0 0 0 0 
523 9 0 0 0 0 0 0 0 0 0 0 0 
524 9 0 0 0 0 0 0 0 0 0 0 0 
525 9 0 0 0 0 0 0 0 0 0 0 0 
526 9 0 0 0 0 0 0 0 0 0 0 0 
527 9 0 0 0 0 0 0 0 0 0 0 0 
528 9 0 0 0 0 0 0 0 0 0 0 0 
529 9 0 0 0 0 0 0 0 0 0 0 0 
530 9 0 0 0 0 0 0 0 0 0 0 0 
531 9 0 0 0 0 0 0 0 0 0 0 0 
532 9 0 0 0 0 0 0 0 0 0 0 0 
533 9 0 0 0 0 0 0 0 0 0 0 0 
534 9 0 0 0 0 0 0 0 0 0 0 0 
535 9 0 0 0 0 0 0 0 0 0 0 0 
536 9 0 0 0 0 0 0 0 0 0 0 0 
537 9 0 0 0 0 0 0 0 0 0 0 0 
538 9 0 0 0 0 0 0 0 0 0 0 0 
539 9 0 0 0 0 0 0 0 0 0 0 0 
540 9 0 0 0 0 0 0 0 0 0 0 0 
541 9 0 0 0 0 0 0 0 0 0 0 0 
542 9 0 0 0 0 0 0 0 0 0 0 0 
543 9 0 0 0 0 0 0 0 0 0 0 0 
544 9 0 0 0 0 0 0 0 0 0 0 0 
545 9 0 0 0 0 0 0 0 0 0 0 0 
546 9 0 0 0 0 0 0 0 0 0 0 0 
547 9 0 0 0 0 0 0 0 0 0 0 0 
548 9 0 0 0 0 0 0 0 0 0 0 0 
549 9 0 0 0 0 0 0 0 0 0 0 0 
550 9 0 0 0 0 0 0 0 0 0 0 0 
551 9 0 0 0 0 0 0 0 0 0 0 0 
552 9 0 0 0 0 0 0 0 0 0 0 0 
553 9 0 0 0 0 0 0 0 0 0 0 0 
554 9 0 0 0 0 0 0 0 0 0 0 0 
555 9 0 0 0 0 0 0 0 0 0 0 0 
556 9 0 0 0 0 0 0 0 0 0 0 0 
557 9 0 0 0 0 0 0 0 0 0 0 0 
558 9 0 0 0 0 0 0 0 0 0 0 0 
559 9 0 0 0 0 0 0 0 0 0 0 0 
560 9 0 0 0 0 0 0 0 0 0 0 0 
561 9 0 0 0 0 0 0 0 0 0 0 0 
562 9 0 0 0 0 0 0 0 0 0 0 0 
563 9 0 0 0 0 0 0 0 0 0 0 0 
564 9 0 0 0 0 0 0 0 0 0 0 0 
565 9 0 0 0 0 0 0 0 0 0 0 0 
566 9 0 0 0 0 0 0 0 0 0 0 0 
567 9 0 0 0 0 0 0 0 0 0 0 0 
568 9 0 0 0 0 0 0 0 0 0 0 0 
569 9 0 0 0 0 0 0 0 0 0 0 0 
570 9 0 0 0 0 0 0 0 0 0 0 0 
571 9 0 0 0 0 0 0 0 0 0 0 0 
572 9 0 0 0 0 0 0 0 0 0 0 0 
573 9 0 0 0 0 0 0 0 0 0 0 0 
574 9 0 0 0 0 0 0 0 0 0 0 0 
575 9 0 0 0 0 0 0 0 0 0 0 0 
576 9 0 0 0 0 0 0 0 0 0 0 0 
577 9 0 0 0 0 0 0 0 0 0 0 0 
578 9 0 0 0 0 0 0 0 0 0 0 0 
579 9 0 0 0 0 0 0 0 0 0 0 0 
580 9 0 0 0 0 0 0 0 0 0 0 0 
581 9 0 0 0 0 0 0 0 0 0 0 0 
582 9 0 0 0 0 0 0 0 0 0 0 0 
583 9 0 0 0 0 0 0 0 0 0 0 0 
584 9 0 0 0 0 0 0 0 0 0 0 0 
585 9 0 0 0 0 0 0 0 0 0 0 0 
586 9 0 0 0 0 0 0 0 0 0 0 0 
587 9 0 0 0 0 0 0 0 0 0 0 0 
588 9 0 0 0 0 0 0 0 0 0 0 0 
589 9 0 0 0 0 0 0 0 0 0 0 0 
590 9 0 0 0 0 0 0 0 0 0 0 0 
591 9 0 0 0 0 0 0 0 0 0 0 0 
592 9 0 0 0 0 0 0 0 0 0 0 0 
593 9 0 0 0 0 0 0 0 0 0 0 0 
594 9 0 0 0 0 0 0 0 0 0 0 0 
595 9 0 0 0 0 0 0 0 0 0 0 0 
596 9 0 0 0 0 0 0 0 0 0 0 0 
597 9 0 0 0 0 0 0 0 0 0 0 0 
598 9 0 0 0 0 0 0 0 0 0 0 0 
599 9 0 0 0 0 0 0 0 0 0 0 0 
600 9 0 0 0 0 0 0 0 0 0 0 0 
601 9 0 0 0 0 0 0 0 0 0 0 0 
602 9 0 0 0 0 0 0 0 0 0 0 0 
603 9 0 0 0 0 0 0 0 0 0 0 0 
604 9 0 0 0 0 0 0 0 0 0 0 0 
605 9 0 0 0 0 0 0 0 0 0 0 0 
606 9 0 0 0 0 0 0 0 0 0 0 0 
607 9 0 0 0 0 0 0 0 0 0 0 0 
608 9 0 0 0 0 0 0 0 0 0 0 0 
609 9 0 0 0 0 0 0 0 0 0 0 0 
610 9 0 0 0 0 0 0 0 0 0 0 0 
611 9 0 0 0 0 0 0 0 0 0 0 0 
612 9 0 0 0 0 0 0 0 0 0 0 0 
613 9 0 0 0 0 0 0 0 0 0 0 0 
614 9 0 0 0 0 0 0 0 0 0 0 0 
615 9 0 0 0 0 0 0 0 0 0 0 0 
616 9 0 0 0 0 0 0 0 0 0 0 0 
617 9 0 0 0 0 0 0 0 0 0 0 0 
618 9 0 0 0 0 0 0 0 0 0 0 0 
619 9 0 0 0 0 0 0 0 0 0 0 0 
620 9 0 0 0 0 0 0 0 0 0 0 0 
621 9 0 0 0 0 0 0 0 0 0 0 0 
622 9 0 0 0 0 0 0 0 0 0 0 0 
623 9 0 0 0 0 0 0 0 0 0 0 0 
624 9 0 0 0 0 0 0 0 0 0 0 0 
625 9 0 0 0 0 0 0 0 0 0 0 0 
626 9 0 0 0 0 0 0 0 0 0 0 0 
627 9 0 0 0 0 0 0 0 0 0 0 0 
628 9 0 0 0 0 0 0 0 0 0 0 0 
629 9 0 0 0 0 0 0 0 0 0 0 0 
630 9 0 0 0 0 0 0 0 0 0 0 0 
631 9 0 0 0 0 0 0 0 0 0 0 0 
632 9 0 0 0 0 0 0 0 0 0 0 0 
633 9 0 0 0 0 0 0 0 0 0 0 0 
634 9 0 0 0 0 0 0 0 0 0 0 0 
635 9 0 0 0 0 0 0 0 0 0 0 0 
636 9 0 0 0 0 0 0 0 0 0 0 0 
637 9 0 0 0 0 0 0 0 0 0 0 0 
638 9 0 0 0 0 0 0 0 0 0 0 0 
639 9 0 0 0 0 0 0 0 0 0 0 0 
640 9 0 0 0 0 0 0 0 0 0 0 0 
641 9 0 0 0 0 0 0 0 0 0 0 0 
642 9 0 0 0 0 0 0 0 0 0 0 0 
643 9 0 0 0 0 0 0 0 0 0 0 0 
644 9 0 0 0 0 0 0 0 0 0 0 0 
645 9 0 0 0 0 0 0 0 0 0 0 0 
646 9 0 0 0 0 0 0 0 0 0 0 0 
647 9 0 0 0 0 0 0 0 0 0 0 0 
648 9 0 0 0 0 0 0 0 0 0 0 0 
649 9 0 0 0 0 0 0 0 0 0 0 0 
650 9 0 0 0 0 0 0 0 0 0 0 0 
651 9 0 0 0 0 0 0 0 0 0 0 0 
652 9 0 0 0 0 0 0 0 0 0 0 0 
653 9 0 0 0 0 0 0 0 0 0 0 0 
654 9 0 0 0 0 0 0 0 0 0 0 0 
655 9 0 0 0 0 0 0 0 0 0 0 0 
656 9 0 0 0 0 0 0 0 0 0 0 0 
657 9 0 0 0 0 0 0 0 0 0 0 0 
658 9 0 0 0 0 0 0 0 0 0 0 0 
659 9 0 0 0 0 0 0 0 0 0 0 0 
660 9 0 0 0 0 0 0 0 0 0 0 0 
661 9 0 0 0 0 0 0 0 0 0 0 0 
662 9 0 0 0 0 0 0 0 0 0 0 0 
663 9 0 0 0 0 0 0 0 0 0 0 0 
664 9 0 0 0 0 0 0 0 0 0 0 0 
665 9 0 0 0 0 0 0 0 0 0 0 0 
666 9 0 0 0 0 0 0 0 0 0 0 0 
667 9 0 0 0 0 0 0 0 0 0 0 0 
668 9 0 0 0 0 0 0 0 0 0 0 0 
669 9 0 0 0 0 0 0 0 0 0 0 0 
670 9 0 0 0 0 0 0 0 0 0 0 0 
671 9 0 0 0 0 0 0 0 0 0 0 0 
672 9 0 0 0 0 0 0 0 0 0 0 0 
673 9 0 0 0 0 0 0 0 0 0 0 0 
674 9 0 0 0 0 0 0 0 0 0 0 0 
675 9 0 0 0 0 0 0 0 0 0 0 0 
676 9 0 0 0 0 0 0 0 0 0 0 0 
677 9 0 0 0 0 0 0 0 0 0 0 0 
678 9 0 0 0 0 0 0 0 0 0 0 0 
679 9 0 0 0 0 0 0 0 0 0 0 0 
680 9 0 0 0 0 0 0 0 0 0 0 0 
681 9 0 0 0 0 0 0 0 0 0 0 0 
682 9 0 0 0 0 0 0 0 0 0 0 0 
683 9 0 0 0 0 0 0 0 0 0 0 0 
684 9 0 0 0 0 0 0 0 0 0 0 0 
685 9 0 0 0 0 0 0 0 0 0 0 0 
686 9 0 0 0 0 0 0 0 0 0 0 0 
687 9 0 0 0 0 0 0 0 0 0 0 0 
688 9 0 0 0 0 0 0 0 0 0 0 0 
689 9 0 0 0 0 0 0 0 0 0 0 0 
690 9 0 0 0 0 0 0 0 0 0 0 0 
691 9 0 0 0 0 0 0 0 0 0 0 0 
692 9 0 0 0 0 0 0 0 0 0 0 0 
693 9 0 0 0 0 0 0 0 0 0 0 0 
694 9 0 0 0 0 0 0 0 0 0 0 0 
695 9 0 0 0 0 0 0 0 0 0 0 0 
696 9 0 0 0 0 0 0 0 0 0 0 0 
697 9 0 0 0 0 0 0 0 0 0 0 0 
698 9 0 0 0 0 0 0 0 0 0 0 0 
699 9 0 0 0 0 0 0 0 0 0 0 0 
700 9 0 0 0 0 0 0 0 0 0 0 0 
701 9 0 0 0 0 0 0 0 0 0 0 0 
702 9 0 0 0 0 0 0 0 0 0 0 0 
703 9 0 0 0 0 0 0 0 0 0 0 0 
704 9 0 0 0 0 0 0 0 0 0 0 0 
705 9 0 0 0 0 0 0 0 0 0 0 0 
706 9 0 0 0 0 0 0 0 0 0 0 0 
707 9 0 0 0 0 0 0 0 0 0 0 0 
708 9 0 0 0 0 0 0 0 0 0 0 0 
709 9 0 0 0 0 0 0 0 0 0 0 0 
710 9 0 0 0 0 0 0 0 0 0 0 0 
711 9 0 0 0 0 0 0 0 0 0 0 0 
712 9 0 0 0 0 0 0 0 0 0 0 0 
713 9 0 0 0 0 0 0 0 0 0 0 0 
714 9 0 0 0 0 0 0 0 0 0 0 0 
715 9 0 0 0 0 0 0 0 0 0 0 0 
716 9 0 0 0 0 0 0 0 0 0 0 0 
717 9 0 0 0 0 0 0 0 0 0 0 0 
718 9 0 0 0 0 0 0 0 0 0 0 0 
719 9 0 0 0 0 0 0 0 0 0 0 0 
720 9 0 0 0 0 0 0 0 0 0 0 0 
721 9 0 0 0 0 0 0 0 0 0 0 0 
722 9 0 0 0 0 0 0 0 0 0 0 0 
723 9 0 0 0 0 0 0 0 0 0 0 0 
724 9 0 0 0 0 0 0 0 0 0 0 0 
725 9 0 0 0 0 0 0 0 0 0 0 0 
726 9 0 0 0 0 0 0 0 0 0 0 0 
727 9 0 0 0 0 0 0 0 0 0 0 0 
728 9 0 0 0 0 0 0 0 0 0 0 0 
729 9 0 0 0 0 0 0 0 0 0 0 0 
730 9 0 0 0 0 0 0 0 0 0 0 0 
731 9 0 0 0 0 0 0 0 0 0 0 0 
732 9 0 0 0 0 0 0 0 0 0 0 0 
733 9 0 0 0 0 0 0 0 0 0 0 0 
734 9 0 0 0 0 0 0 0 0 0 0 0 
735 9 0 0 0 0 0 0 0 0 0 0 0 
736 9 0 0 0 0 0 0 0 0 0 0 0 
737 9 0 0 0 0 0 0 0 0 0 0 0 
738 9 0 0 0 0 0 0 0 0 0 0 0 
739 9 0 0 0 0 0 0 0 0 0 0 0 
740 9 0 0 0 0 0 0 0 0 0 0 0 
741 9 0 0 0 0 0 0 0 0 0 0 0 
742 9 0 0 0 0 0 0 0 0 0 0 0 
743 9 0 0 0 0 0 0 0 0 0 0 0 
744 9 0 0 0 0 0 0 0 0 0 0 0 
745 9 0 0 0 0 0 0 0 0 0 0 0 
746 9 0 0 0 0 0 0 0 0 0 0 0 
747 9 0 0 0 0 0 0 0 0 0 0 0 
748 9 0 0 0 0 0 0 0 0 0 0 0 
749 9 0 0 0 0 0 0 0 0 0 0 0 
750 9 0 0 0 0 0 0 0 0 0 0 0 
751 9 0 0 0 0 0 0 0 0 0 0 0 
752 9 0 0 0 0 0 0 0 0 0 0 0 
753 9 0 0 0 0 0 0 0 0 0 0 0 
754 9 0 0 0 0 0 0 0 0 0 0 0 
755 9 0 0 0 0 0 0 0 0 0 0 0 
756 9 0 0 0 0 0 0 0 0 0 0 0 
757 9 0 0 0 0 0 0 0 0 0 0 0 
758 9 0 0 0 0 0 0 0 0 0 0 0 
759 9 0 0 0 0 0 0 0 0 0 0 0 
760 9 0 0 0 0 0 0 0 0 0 0 0 
761 9 0 0 0 0 0 0 0 0 0 0 0 
762 9 0 0 0 0 0 0 0 0 0 0 0 
763 9 0 0 0 0 0 0 0 0 0 0 0 
764 9 0 0 0 0 0 0 0 0 0 0 0 
765 9 0 0 0 0 0 0 0 0 0 0 0 
766 9 0 0 0 0 0 0 0 0 0 0 0 
767 9 0 0 0 0 0 0 0 0 0 0 0 
768 9 0 0 0 0 0 0 0 0 0 0 0 
769 9 0 0 0 0 0 0 0 0 0 0 0 
770 9 0 0 0 0 0 0 0 0 0 0 0 
771 9 0 0 0 0 0 0 0 0 0 0 0 
772 9 0 0 0 0 0 0 0 0 0 0 0 
773 9 0 0 0 0 0 0 0 0 0 0 0 
774 9 0 0 0 0 0 0 0 0 0 0 0 
775 9 0 0 0 0 0 0 0 0 0 0 0 
776 9 0 0 0 0 0 0 0 0 0 0 0 
777 9 0 0 0 0 0 0 0 0 0 0 0 
778 9 0 0 0 0 0 0 0 0 0 0 0 
779 9 0 0 0 0 0 0 0 0 0 0 0 
780 9 0 0 0 0 0 0 0 0 0 0 0 
781 9 0 0 0 0 0 0 0 0 0 0 0 
782 9 0 0 0 0 0 0 0 0 0 0 0 
783 9 0 0 0 0 0 0 0 0 0 0 0 
784 9 0 0 0 0 0 0 0 0 0 0 0 
785 9 0 0 0 0 0 0 0 0 0 0 0 
786 9 0 0 0 0 0 0 0 0 0 0 0 
787 9 0 0 0 0 0 0 0 0 0 0 0 
788 9 0 0 0 0 0 0 0 0 0 0 0 
789 9 0 0 0 0 0 0 0 0 0 0 0 
790 9 0 0 0 0 0 0 0 0 0 0 0 
791 9 0 0 0 0 0 0 0 0 0 0 0 
792 9 0 0 0 0 0 0 0 0 0 0 0 
793 9 0 0 0 0 0 0 0 0 0 0 0 
794 9 0 0 0 0 0 0 0 0 0 0 0 
795 9 0 0 0 0 0 0 0 0 0 0 0 
796 9 0 0 0 0 0 0 0 0 0 0 0 
797 9 0 0 0 0 0 0 0 0 0 0 0 
798 9 0 0 0 0 0 0 0 0 0 0 0 
799 9 -1 312 1 28 -1 -1 -1 -1 -1 3 -21 
800 9 4 0 0 0 0 0 0 0 0 0 0 
801 9 5 0 0 0 0 0 0 0 0 0 0 
802 9 -1 43 3 11 -1 -1 -1 -1 -1 2 12 
803 9 0 0 0 0 0 0 0 0 0 0 0 
804 9 0 0 0 0 0 0 0 0 0 0 0 
805 9 0 0 0 0 0 0 0 0 0 0 0 
806 9 0 0 0 0 0 0 0 0 0 0 0 
807 9 0 0 0 0 0 0 0 0 0 0 0 
808 9 0 0 0 0 0 0 0 0 0 0 0 
809 9 0 0 0 0 0 0 0 0 0 0 0 
810 9 0 0 0 0 0 0 0 0 0 0 0 
811 9 0 0 0 0 0 0 0 0 0 0 0 
812 9 0 0 0 0 0 0 0 0 0 0 0 
813 9 0 0 0 0 0 0 0 0 0 0 0 
814 9 0 0 0 0 0 0 0 0 0 0 0 
815 9 0 0 0 0 0 0 0 0 0 0 0 
816 9 0 0 0 0 0 0 0 0 0 0 0 
817 9 -1 21 3 25 -1 -1 -1 -1 -1 0 16 
818 9 13 0 0 0 0 0 0 0 0 0 0 
819 9 0 0 0 0 0 0 0 0 0 0 0 
820 9 0 0 0 0 0 0 0 0 0 0 0 
821 9 0 0 0 0 0 0 0 0 0 0 0 
822 9 0 0 0 0 0 0 0 0 0 0 0 
823 9 0 0 0 0 0 0 0 0 0 0 0 
824 9 0 0 0 0 0 0 0 0 0 0 0 
825 9 -1 241 3 23 -1 -1 -1 -1 -1 2 35 
826 9 -1 57 3 21 -1 -1 -1 -1 -1 3 -14 
827 9 -1 119 2 26 -1 -1 -1 -1 -1 2 643 
828 9 -1 228 0 38 -1 -1 -1 -1 -1 1 17 
829 9 -1 315 0 13 -1 -1 -1 -1 -1 3 -26 
830 9 -1 180 2 26 -1 -1 -1 -1 -1 0 366 
831 9 0 0 0 0 0 0 0 0 0 0 0 
832 9 0 0 0 0 0 0 0 0 0 0 0 
833 9 0 0 0 0 0 0 0 0 0 0 0 
834 9 0 0 0 0 0 0 0 0 0 0 0 
835 9 0 0 0 0 0 0 0 0 0 0 0 
836 9 0 0 0 0 0 0 0 0 0 0 0 
837 9 0 0 0 0 0 0 0 0 0 0 0 
838 9 0 0 0 0 0 0 0 0 0 0 0 
839 9 0 0 0 0 0 0 0 0 0 0 0 
840 9 0 0 0 0 0 0 0 0 0 0 0 
841 9 0 0 0 0 0 0 0 0 0 0 0 
842 9 0 0 0 0 0 0 0 0 0 0 0 
843 9 0 0 0 0 0 0 0 0 0 0 0 
844 9 0 0 0 0 0 0 0 0 0 0 0 
845 9 0 0 0 0 0 0 0 0 0 0 0 
846 9 0 0 0 0 0 0 0 0 0 0 0 
847 9 0 0 0 0 0 0 0 0 0 0 0 
848 9 0 0 0 0 0 0 0 0 0 0 0 
849 9 0 0 0 0 0 0 0 0 0 0 0 
850 9 0 0 0 0 0 0 0 0 0 0 0 
851 9 0 0 0 0 0 0 0 0 0 0 0 
852 9 0 0 0 0 0 0 0 0 0 0 0 
853 9 0 0 0 0 0 0 0 0 0 0 0 
854 9 0 0 0 0 0 0 0 0 0 0 0 
855 9 -1 106 3 34 -1 -1 -1 -1 -1 1 4 
856 9 32 0 0 0 0 0 0 0 0 0 0 
857 9 -1 247 0 39 -1 -1 -1 -1 -1 3 7 
858 9 35 0 0 0 0 0 0 0 0 0 0 
859 9 0 0 0 0 0 0 0 0 0 0 0 
860 9 0 0 0 0 0 0 0 0 0 0 0 
861 9 0 0 0 0 0 0 0 0 0 0 0 
862 9 0 0 0 0 0 0 0 0 0 0 0 
863 9 -1 221 3 12 -1 -1 -1 -1 -1 3 -7 
864 9 -1 14 2 33 -1 -1 -1 -1 -1 1 382 
865 9 -1 264 1 21 -1 -1 -1 -1 -1 1 -56 
866 9 -1 306 0 15 -1 -1 -1 -1 -1 3 -31 
867 9 -1 184 0 37 -1 -1 -1 -1 -1 0 85 
868 9 47 0 0 0 0 0 0 0 0 0 0 
869 9 0 0 0 0 0 0 0 0 0 0 0 
870 9 0 0 0 0 0 0 0 0 0 0 0 
871 9 0 0 0 0 0 0 0 0 0 0 0 
872 9 0 0 0 0 0 0 0 0 0 0 0 
873 9 0 0 0 0 0 0 0 0 0 0 0 
874 9 0 0 0 0 0 0 0 0 0 0 0 
875 9 0 0 0 0 0 0 0 0 0 0 0 
876 9 0 0 0 0 0 0 0 0 0 0 0 
877 9 0 0 0 0 0 0 0 0 0 0 0 
878 9 0 0 0 0 0 0 0 0 0 0 0 
879 9 0 0 0 0 0 0 0 0 0 0 0 
880 9 0 0 0 0 0 0 0 0 0 0 0 
881 9 0 0 0 0 0 0 0 0 0 0 0 
882 9 0 0 0 0 0 0 0 0 0 0 0 
883 9 -1 49 0 30 -1 -1 -1 -1 -1 1 -15 
884 9 53 0 0 0 0 0 0 0 0 0 0 
885 9 0 0 0 0 0 0 0 0 0 0 0 
886 9 0 0 0 0 0 0 0 0 0 0 0 
887 9 -1 42 2 19 -1 -1 -1 -1 -1 1 2781 
888 9 57 0 0 0 0 0 0 0 0 0 0 
889 9 58 0 0 0 0 0 0 0 0 0 0 
890 9 -1 283 0 10 -1 -1 -1 -1 -1 2 -71 
891 9 61 0 0 0 0 0 0 0 0 0 0 
892 9 -1 58 0 26 -1 -1 -1 -1 -1 0 5 
893 9 0 0 0 0 0 0 0 0 0 0 0 
894 9 0 0 0 0 0 0 0 0 0 0 0 
895 9 0 0 0 0 0 0 0 0 0 0 0 
896 9 0 0 0 0 0 0 0 0 0 0 0 
897 9 0 0 0 0 0 0 0 0 0 0 0 
898 9 0 0 0 0 0 0 0 0 0 0 0 
899 9 0 0 0 0 0 0 0 0 0 0 0 
900 9 0 0 0 0 0 0 0 0 0 0 0 
901 9 0 0 0 0 0 0 0 0 0 0 0 
902 9 0 0 0 0 0 0 0 0 0 0 0 
903 9 0 0 0 0 0 0 0 0 0 0 0 
904 9 0 0 0 0 0 0 0 0 0 0 0 
905 9 67 0 0 0 0 0 0 0 0 0 0 
906 9 68 0 0 0 0 0 0 0 0 0 0 
907 9 69 0 0 0 0 0 0 0 0 0 0 
908 9 -1 158 0 23 -1 -1 -1 -1 -1 3 -19 
909 9 -1 219 2 12 -1 -1 -1 -1 -1 3 2614 
910 9 74 0 0 0 0 0 0 0 0 0 0 
911 9 0 0 0 0 0 0 0 0 0 0 0 
912 9 0 0 0 0 0 0 0 0 0 0 0 
913 9 0 0 0 0 0 0 0 0 0 0 0 
914 9 0 0 0 0 0 0 0 0 0 0 0 
915 9 0 0 0 0 0 0 0 0 0 0 0 
916 9 0 0 0 0 0 0 0 0 0 0 0 
917 9 0 0 0 0 0 0 0 0 0 0 0 
918 9 0 0 0 0 0 0 0 0 0 0 0 
919 9 0 0 0 0 0 0 0 0 0 0 0 
920 9 0 0 0 0 0 0 0 0 0 0 0 
921 9 0 0 0 0 0 0 0 0 0 0 0 
922 9 0 0 0 0 0 0 0 0 0 0 0 
923 9 0 0 0 0 0 0 0 0 0 0 0 
924 9 0 0 0 0 0 0 0 0 0 0 0 
925 9 0 0 0 0 0 0 0 0 0 0 0 
926 9 0 0 0 0 0 0 0 0 0 0 0 
927 9 0 0 0 0 0 0 0 0 0 0 0 
928 9 0 0 0 0 0 0 0 0 0 0 0 
929 9 0 0 0 0 0 0 0 0 0 0 0 
930 9 0 0 0 0 0 0 0 0 0 0 0 
931 9 0 0 0 0 0 0 0 0 0 0 0 
932 9 0 0 0 0 0 0 0 0 0 0 0 
933 9 0 0 0 0 0 0 0 0 0 0 0 
934 9 0 0 0 0 0 0 0 0 0 0 0 
935 9 0 0 0 0 0 0 0 0 0 0 0 
936 9 0 0 0 0 0 0 0 0 0 0 0 
937 9 0 0 0 0 0 0 0 0 0 0 0 
938 9 0 0 0 0 0 0 0 0 0 0 0 
939 9 0 0 0 0 0 0 0 0 0 0 0 
940 9 0 0 0 0 0 0 0 0 0 0 0 
941 9 0 0 0 0 0 0 0 0 0 0 0 
942 9 0 0 0 0 0 0 0 0 0 0 0 
943 9 0 0 0 0 0 0 0 0 0 0 0 
944 9 0 0 0 0 0 0 0 0 0 0 0 
945 9 0 0 0 0 0 0 0 0 0 0 0 
946 9 0 0 0 0 0 0 0 0 0 0 0 
947 9 0 0 0 0 0 0 0 0 0 0 0 
948 9 0 0 0 0 0 0 0 0 0 0 0 
949 9 0 0 0 0 0 0 0 0 0 0 0 
950 9 0 0 0 0 0 0 0 0 0 0 0 
951 9 0 0 0 0 0 0 0 0 0 0 0 
952 9 0 0 0 0 0 0 0 0 0 0 0 
953 9 0 0 0 0 0 0 0 0 0 0 0 
954 9 0 0 0 0 0 0 0 0 0 0 0 
955 9 0 0 0 0 0 0 0 0 0 0 0 
956 9 0 0 0 0 0 0 0 0 0 0 0 
957 9 0 0 0 0 0 0 0 0 0 0 0 
958 9 0 0 0 0 0 0 0 0 0 0 0 
959 9 0 0 0 0 0 0 0 0 0 0 0 
960 9 0 0 0 0 0 0 0 0 0 0 0 
961 9 0 0 0 0 0 0 0 0 0 0 0 
962 9 0 0 0 0 0 0 0 0 0 0 0 
963 9 0 0 0 0 0 0 0 0 0 0 0 
964 9 0 0 0 0 0 0 0 0 0 0 0 
965 9 0 0 0 0 0 0 0 0 0 0 0 
966 9 0 0 0 0 0 0 0 0 0 0 0 
967 9 0 0 0 0 0 0 0 0 0 0 0 
968 9 0 0 0 0 0 0 0 0 0 0 0 
969 9 0 0 0 0 0 0 0 0 0 0 0 
970 9 0 0 0 0 0 0 0 0 0 0 0 
971 9 0 0 0 0 0 0 0 0 0 0 0 
972 9 0 0 0 0 0 0 0 0 0 0 0 
973 9 0 0 0 0 0 0 0 0 0 0 0 
974 9 0 0 0 0 0 0 0 0 0 0 0 
975 9 0 0 0 0 0 0 0 0 0 0 0 
976 9 0 0 0 0 0 0 0 0 0 0 0 
977 9 0 0 0 0 0 0 0 0 0 0 0 
978 9 0 0 0 0 0 0 0 0 0 0 0 
979 9 0 0 0 0 0 0 0 0 0 0 0 
980 9 0 0 0 0 0 0 0 0 0 0 0 
981 9 0 0 0 0 0 0 0 0 0 0 0 
982 9 0 0 0 0 0 0 0 0 0 0 0 
983 9 0 0 0 0 0 0 0 0 0 0 0 
984 9 0 0 0 0 0 0 0 0 0 0 0 
985 9 0 0 0 0 0 0 0 0 0 0 0 
986 9 0 0 0 0 0 0 0 0 0 0 0 
987 9 0 0 0 0 0 0 0 0 0 0 0 
988 9 0 0 0 0 0 0 0 0 0 0 0 
989 9 0 0 0 0 0 0 0 0 0 0 0 
990 9 0 0 0 0 0 0 0 0 0 0 0 
991 9 0 0 0 0 0 0 0 0 0 0 0 
992 9 0 0 0 0 0 0 0 0 0 0 0 
993 9 0 0 0 0 0 0 0 0 0 0 0 
994 9 0 0 0 0 0 0 0 0 0 0 0 
995 9 0 0 0 0 0 0 0 0 0 0 0 
996 9 0 0 0 0 0 0 0 0 0 0 0 
997 9 0 0 0 0 0 0 0 0 0 0 0 
998 9 0 0 0 0 0 0 0 0 0 0 0 
999 9 0 0 0 0 0 0 0 0 0 0 0 
1000 9 0 0 0 0 0 0 0 0 0 0 0 
1001 9 0 0 0 0 0 0 0 0 0 0 0 
1002 9 0 0 0 0 0 0 0 0 0 0 0 
1003 9 0 0 0 0 0 0 0 0 0 0 0 
1004 9 0 0 0 0 0 0 0 0 0 0 0 
1005 9 0 0 0 0 0 0 0 0 0 0 0 
1006 9 0 0 0 0 0 0 0 0 0 0 0 
1007 9 0 0 0 0 0 0 0 0 0 0 0 
1008 9 0 0 0 0 0 0 0 0 0 0 0 
1009 9 0 0 0 0 0 0 0 0 0 0 0 
1010 9 0 0 0 0 0 0 0 0 0 0 0 
1011 9 0 0 0 0 0 0 0 0 0 0 0 
1012 9 0 0 0 0 0 0 0 0 0 0 0 
1013 9 0 0 0 0 0 0 0 0 0 0 0 
1014 9 0 0 0 0 0 0 0 0 0 0 0 
1015 9 0 0 0 0 0 0 0 0 0 0 0 
1016 9 0 0 0 0 0 0 0 0 0 0 0 
1017 9 0 0 0 0 0 0 0 0 0 0 0 
1018 9 0 0 0 0 0 0 0 0 0 0 0 
1019 9 0 0 0 0 0 0 0 0 0 0 0 
1020 9 0 0 0 0 0 0 0 0 0 0 0 
1021 9 0 0 0 0 0 0 0 0 0 0 0 
1022 9 0 0 0 0 0 0 0 0 0 0 0 
1023 10 0 0 0 0 0 0 0 0 0 0 0 
1024 10 0 0 0 0 0 0 0 0 0 0 0 
1025 10 0 0 0 0 0 0 0 0 0 0 0 
1026 10 0 0 0 0 0 0 0 0 0 0 0 
1027 10 0 0 0 0 0 0 0 0 0 0 0 
1028 10 0 0 0 0 0 0 0 0 0 0 0 
1029 10 0 0 0 0 0 0 0 0 0 0 0 
1030 10 0 0 0 0 0 0 0 0 0 0 0 
1031 10 0 0 0 0 0 0 0 0 0 0 0 
1032 10 0 0 0 0 0 0 0 0 0 0 0 
1033 10 0 0 0 0 0 0 0 0 0 0 0 
1034 10 0 0 0 0 0 0 0 0 0 0 0 
1035 10 0 0 0 0 0 0 0 0 0 0 0 
1036 10 0 0 0 0 0 0 0 0 0 0 0 
1037 10 0 0 0 0 0 0 0 0 0 0 0 
1038 10 0 0 0 0 0 0 0 0 0 0 0 
1039 10 0 0 0 0 0 0 0 0 0 0 0 
1040 10 0 0 0 0 0 0 0 0 0 0 0 
1041 10 0 0 0 0 0 0 0 0 0 0 0 
1042 10 0 0 0 0 0 0 0 0 0 0 0 
1043 10 0 0 0 0 0 0 0 0 0 0 0 
1044 10 0 0 0 0 0 0 0 0 0 0 0 
1045 10 0 0 0 0 0 0 0 0 0 0 0 
1046 10 0 0 0 0 0 0 0 0 0 0 0 
1047 10 0 0 0 0 0 0 0 0 0 0 0 
1048 10 0 0 0 0 0 0 0 0 0 0 0 
1049 10 0 0 0 0 0 0 0 0 0 0 0 
1050 10 0 0 0 0 0 0 0 0 0 0 0 
1051 10 0 0 0 0 0 0 0 0 0 0 0 
1052 10 0 0 0 0 0 0 0 0 0 0 0 
1053 10 0 0 0 0 0 0 0 0 0 0 0 
1054 10 0 0 0 0 0 0 0 0 0 0 0 
1055 10 0 0 0 0 0 0 0 0 0 0 0 
1056 10 0 0 0 0 0 0 0 0 0 0 0 
1057 10 0 0 0 0 0 0 0 0 0 0 0 
1058 10 0 0 0 0 0 0 0 0 0 0 0 
1059 10 0 0 0 0 0 0 0 0 0 0 0 
1060 10 0 0 0 0 0 0 0 0 0 0 0 
1061 10 0 0 0 0 0 0 0 0 0 0 0 
1062 10 0 0 0 0 0 0 0 0 0 0 0 
1063 10 0 0 0 0 0 0 0 0 0 0 0 
1064 10 0 0 0 0 0 0 0 0 0 0 0 
1065 10 0 0 0 0 0 0 0 0 0 0 0 
1066 10 0 0 0 0 0 0 0 0 0 0 0 
1067 10 0 0 0 0 0 0 0 0 0 0 0 
1068 10 0 0 0 0 0 0 0 0 0 0 0 
1069 10 0 0 0 0 0 0 0 0 0 0 0 
1070 10 0 0 0 0 0 0 0 0 0 0 0 
1071 10 0 0 0 0 0 0 0 0 0 0 0 
1072 10 0 0 0 0 0 0 0 0 0 0 0 
1073 10 0 0 0 0 0 0 0 0 0 0 0 
1074 10 0 0 0 0 0 0 0 0 0 0 0 
1075 10 0 0 0 0 0 0 0 0 0 0 0 
1076 10 0 0 0 0 0 0 0 0 0 0 0 
1077 10 0 0 0 0 0 0 0 0 0 0 0 
1078 10 0 0 0 0 0 0 0 0 0 0 0 
1079 10 0 0 0 0 0 0 0 0 0 0 0 
1080 10 0 0 0 0 0 0 0 0 0 0 0 
1081 10 0 0 0 0 0 0 0 0 0 0 0 
1082 10 0 0 0 0 0 0 0 0 0 0 0 
1083 10 0 0 0 0 0 0 0 0 0 0 0 
1084 10 0 0 0 0 0 0 0 0 0 0 0 
1085 10 0 0 0 0 0 0 0 0 0 0 0 
1086 10 0 0 0 0 0 0 0 0 0 0 0 
1087 10 0 0 0 0 0 0 0 0 0 0 0 
1088 10 0 0 0 0 0 0 0 0 0 0 0 
1089 10 0 0 0 0 0 0 0 0 0 0 0 
1090 10 0 0 0 0 0 0 0 0 0 0 0 
1091 10 0 0 0 0 0 0 0 0 0 0 0 
1092 10 0 0 0 0 0 0 0 0 0 0 0 
1093 10 0 0 0 0 0 0 0 0 0 0 0 
1094 10 0 0 0 0 0 0 0 0 0 0 0 
1095 10 0 0 0 0 0 0 0 0 0 0 0 
1096 10 0 0 0 0 0 0 0 0 0 0 0 
1097 10 0 0 0 0 0 0 0 0 0 0 0 
1098 10 0 0 0 0 0 0 0 0 0 0 0 
1099 10 0 0 0 0 0 0 0 0 0 0 0 
1100 10 0 0 0 0 0 0 0 0 0 0 0 
1101 10 0 0 0 0 0 0 0 0 0 0 0 
1102 10 0 0 0 0 0 0 0 0 0 0 0 
1103 10 0 0 0 0 0 0 0 0 0 0 0 
1104 10 0 0 0 0 0 0 0 0 0 0 0 
1105 10 0 0 0 0 0 0 0 0 0 0 0 
1106 10 0 0 0 0 0 0 0 0 0 0 0 
1107 10 0 0 0 0 0 0 0 0 0 0 0 
1108 10 0 0 0 0 0 0 0 0 0 0 0 
1109 10 0 0 0 0 0 0 0 0 0 0 0 
1110 10 0 0 0 0 0 0 0 0 0 0 0 
1111 10 0 0 0 0 0 0 0 0 0 0 0 
1112 10 0 0 0 0 0 0 0 0 0 0 0 
1113 10 0 0 0 0 0 0 0 0 0 0 0 
1114 10 0 0 0 0 0 0 0 0 0 0 0 
1115 10 0 0 0 0 0 0 0 0 0 0 0 
1116 10 0 0 0 0 0 0 0 0 0 0 0 
1117 10 0 0 0 0 0 0 0 0 0 0 0 
1118 10 0 0 0 0 0 0 0 0 0 0 0 
1119 10 0 0 0 0 0 0 0 0 0 0 0 
1120 10 0 0 0 0 0 0 0 0 0 0 0 
1121 10 0 0 0 0 0 0 0 0 0 0 0 
1122 10 0 0 0 0 0 0 0 0 0 0 0 
1123 10 0 0 0 0 0 0 0 0 0 0 0 
1124 10 0 0 0 0 0 0 0 0 0 0 0 
1125 10 0 0 0 0 0 0 0 0 0 0 0 
1126 10 0 0 0 0 0 0 0 0 0 0 0 
1127 10 0 0 0 0 0 0 0 0 0 0 0 
1128 10 0 0 0 0 0 0 0 0 0 0 0 
1129 10 0 0 0 0 0 0 0 0 0 0 0 
1130 10 0 0 0 0 0 0 0 0 0 0 0 
1131 10 0 0 0 0 0 0 0 0 0 0 0 
1132 10 0 0 0 0 0 0 0 0 0 0 0 
1133 10 0 0 0 0 0 0 0 0 0 0 0 
1134 10 0 0 0 0 0 0 0 0 0 0 0 
1135 10 0 0 0 0 0 0 0 0 0 0 0 
1136 10 0 0 0 0 0 0 0 0 0 0 0 
1137 10 0 0 0 0 0 0 0 0 0 0 0 
1138 10 0 0 0 0 0 0 0 0 0 0 0 
1139 10 0 0 0 0 0 0 0 0 0 0 0 
1140 10 0 0 0 0 0 0 0 0 0 0 0 
1141 10 0 0 0 0 0 0 0 0 0 0 0 
1142 10 0 0 0 0 0 0 0 0 0 0 0 
1143 10 0 0 0 0 0 0 0 0 0 0 0 
1144 10 0 0 0 0 0 0 0 0 0 0 0 
1145 10 0 0 0 0 0 0 0 0 0 0 0 
1146 10 0 0 0 0 0 0 0 0 0 0 0 
1147 10 0 0 0 0 0 0 0 0 0 0 0 
1148 10 0 0 0 0 0 0 0 0 0 0 0 
1149 10 0 0 0 0 0 0 0 0 0 0 0 
1150 10 0 0 0 0 0 0 0 0 0 0 0 
1151 10 0 0 0 0 0 0 0 0 0 0 0 
1152 10 0 0 0 0 0 0 0 0 0 0 0 
1153 10 0 0 0 0 0 0 0 0 0 0 0 
1154 10 0 0 0 0 0 0 0 0 0 0 0 
1155 10 0 0 0 0 0 0 0 0 0 0 0 
1156 10 0 0 0 0 0 0 0 0 0 0 0 
1157 10 0 0 0 0 0 0 0 0 0 0 0 
1158 10 0 0 0 0 0 0 0 0 0 0 0 
1159 10 0 0 0 0 0 0 0 0 0 0 0 
1160 10 0 0 0 0 0 0 0 0 0 0 0 
1161 10 0 0 0 0 0 0 0 0 0 0 0 
1162 10 0 0 0 0 0 0 0 0 0 0 0 
1163 10 0 0 0 0 0 0 0 0 0 0 0 
1164 10 0 0 0 0 0 0 0 0 0 0 0 
1165 10 0 0 0 0 0 0 0 0 0 0 0 
1166 10 0 0 0 0 0 0 0 0 0 0 0 
1167 10 0 0 0 0 0 0 0 0 0 0 0 
1168 10 0 0 0 0 0 0 0 0 0 0 0 
1169 10 0 0 0 0 0 0 0 0 0 0 0 
1170 10 0 0 0 0 0 0 0 0 0 0 0 
1171 10 0 0 0 0 0 0 0 0 0 0 0 
1172 10 0 0 0 0 0 0 0 0 0 0 0 
1173 10 0 0 0 0 0 0 0 0 0 0 0 
1174 10 0 0 0 0 0 0 0 0 0 0 0 
1175 10 0 0 0 0 0 0 0 0 0 0 0 
1176 10 0 0 0 0 0 0 0 0 0 0 0 
1177 10 0 0 0 0 0 0 0 0 0 0 0 
1178 10 0 0 0 0 0 0 0 0 0 0 0 
1179 10 0 0 0 0 0 0 0 0 0 0 0 
1180 10 0 0 0 0 0 0 0 0 0 0 0 
1181 10 0 0 0 0 0 0 0 0 0 0 0 
1182 10 0 0 0 0 0 0 0 0 0 0 0 
1183 10 0 0 0 0 0 0 0 0 0 0 0 
1184 10 0 0 0 0 0 0 0 0 0 0 0 
1185 10 0 0 0 0 0 0 0 0 0 0 0 
1186 10 0 0 0 0 0 0 0 0 0 0 0 
1187 10 0 0 0 0 0 0 0 0 0 0 0 
1188 10 0 0 0 0 0 0 0 0 0 0 0 
1189 10 0 0 0 0 0 0 0 0 0 0 0 
1190 10 0 0 0 0 0 0 0 0 0 0 0 
1191 10 0 0 0 0 0 0 0 0 0 0 0 
1192 10 0 0 0 0 0 0 0 0 0 0 0 
1193 10 0 0 0 0 0 0 0 0 0 0 0 
1194 10 0 0 0 0 0 0 0 0 0 0 0 
1195 10 0 0 0 0 0 0 0 0 0 0 0 
1196 10 0 0 0 0 0 0 0 0 0 0 0 
1197 10 0 0 0 0 0 0 0 0 0 0 0 
1198 10 0 0 0 0 0 0 0 0 0 0 0 
1199 10 0 0 0 0 0 0 0 0 0 0 0 
1200 10 0 0 0 0 0 0 0 0 0 0 0 
1201 10 0 0 0 0 0 0 0 0 0 0 0 
1202 10 0 0 0 0 0 0 0 0 0 0 0 
1203 10 0 0 0 0 0 0 0 0 0 0 0 
1204 10 0 0 0 0 0 0 0 0 0 0 0 
1205 10 0 0 0 0 0 0 0 0 0 0 0 
1206 10 0 0 0 0 0 0 0 0 0 0 0 
1207 10 0 0 0 0 0 0 0 0 0 0 0 
1208 10 0 0 0 0 0 0 0 0 0 0 0 
1209 10 0 0 0 0 0 0 0 0 0 0 0 
1210 10 0 0 0 0 0 0 0 0 0 0 0 
1211 10 0 0 0 0 0 0 0 0 0 0 0 
1212 10 0 0 0 0 0 0 0 0 0 0 0 
1213 10 0 0 0 0 0 0 0 0 0 0 0 
1214 10 0 0 0 0 0 0 0 0 0 0 0 
1215 10 0 0 0 0 0 0 0 0 0 0 0 
1216 10 0 0 0 0 0 0 0 0 0 0 0 
1217 10 0 0 0 0 0 0 0 0 0 0 0 
1218 10 0 0 0 0 0 0 0 0 0 0 0 
1219 10 0 0 0 0 0 0 0 0 0 0 0 
1220 10 0 0 0 0 0 0 0 0 0 0 0 
1221 10 0 0 0 0 0 0 0 0 0 0 0 
1222 10 0 0 0 0 0 0 0 0 0 0 0 
1223 10 0 0 0 0 0 0 0 0 0 0 0 
1224 10 0 0 0 0 0 0 0 0 0 0 0 
1225 10 0 0 0 0 0 0 0 0 0 0 0 
1226 10 0 0 0 0 0 0 0 0 0 0 0 
1227 10 0 0 0 0 0 0 0 0 0 0 0 
1228 10 0 0 0 0 0 0 0 0 0 0 0 
1229 10 0 0 0 0 0 0 0 0 0 0 0 
1230 10 0 0 0 0 0 0 0 0 0 0 0 
1231 10 0 0 0 0 0 0 0 0 0 0 0 
1232 10 0 0 0 0 0 0 0 0 0 0 0 
1233 10 0 0 0 0 0 0 0 0 0 0 0 
1234 10 0 0 0 0 0 0 0 0 0 0 0 
1235 10 0 0 0 0 0 0 0 0 0 0 0 
1236 10 0 0 0 0 0 0 0 0 0 0 0 
1237 10 0 0 0 0 0 0 0 0 0 0 0 
1238 10 0 0 0 0 0 0 0 0 0 0 0 
1239 10 0 0 0 0 0 0 0 0 0 0 0 
1240 10 0 0 0 0 0 0 0 0 0 0 0 
1241 10 0 0 0 0 0 0 0 0 0 0 0 
1242 10 0 0 0 0 0 0 0 0 0 0 0 
1243 10 0 0 0 0 0 0 0 0 0 0 0 
1244 10 0 0 0 0 0 0 0 0 0 0 0 
1245 10 0 0 0 0 0 0 0 0 0 0 0 
1246 10 0 0 0 0 0 0 0 0 0 0 0 
1247 10 0 0 0 0 0 0 0 0 0 0 0 
1248 10 0 0 0 0 0 0 0 0 0 0 0 
1249 10 0 0 0 0 0 0 0 0 0 0 0 
1250 10 0 0 0 0 0 0 0 0 0 0 0 
1251 10 0 0 0 0 0 0 0 0 0 0 0 
1252 10 0 0 0 0 0 0 0 0 0 0 0 
1253 10 0 0 0 0 0 0 0 0 0 0 0 
1254 10 0 0 0 0 0 0 0 0 0 0 0 
1255 10 0 0 0 0 0 0 0 0 0 0 0 
1256 10 0 0 0 0 0 0 0 0 0 0 0 
1257 10 0 0 0 0 0 0 0 0 0 0 0 
1258 10 0 0 0 0 0 0 0 0 0 0 0 
1259 10 0 0 0 0 0 0 0 0 0 0 0 
1260 10 0 0 0 0 0 0 0 0 0 0 0 
1261 10 0 0 0 0 0 0 0 0 0 0 0 
1262 10 0 0 0 0 0 0 0 0 0 0 0 
1263 10 0 0 0 0 0 0 0 0 0 0 0 
1264 10 0 0 0 0 0 0 0 0 0 0 0 
1265 10 0 0 0 0 0 0 0 0 0 0 0 
1266 10 0 0 0 0 0 0 0 0 0 0 0 
1267 10 0 0 0 0 0 0 0 0 0 0 0 
1268 10 0 0 0 0 0 0 0 0 0 0 0 
1269 10 0 0 0 0 0 0 0 0 0 0 0 
1270 10 0 0 0 0 0 0 0 0 0 0 0 
1271 10 0 0 0 0 0 0 0 0 0 0 0 
1272 10 0 0 0 0 0 0 0 0 0 0 0 
1273 10 0 0 0 0 0 0 0 0 0 0 0 
1274 10 0 0 0 0 0 0 0 0 0 0 0 
1275 10 0 0 0 0 0 0 0 0 0 0 0 
1276 10 0 0 0 0 0 0 0 0 0 0 0 
1277 10 0 0 0 0 0 0 0 0 0 0 0 
1278 10 0 0 0 0 0 0 0 0 0 0 0 
1279 10 0 0 0 0 0 0 0 0 0 0 0 
1280 10 0 0 0 0 0 0 0 0 0 0 0 
1281 10 0 0 0 0 0 0 0 0 0 0 0 
1282 10 0 0 0 0 0 0 0 0 0 0 0 
1283 10 0 0 0 0 0 0 0 0 0 0 0 
1284 10 0 0 0 0 0 0 0 0 0 0 0 
1285 10 0 0 0 0 0 0 0 0 0 0 0 
1286 10 0 0 0 0 0 0 0 0 0 0 0 
1287 10 0 0 0 0 0 0 0 0 0 0 0 
1288 10 0 0 0 0 0 0 0 0 0 0 0 
1289 10 0 0 0 0 0 0 0 0 0 0 0 
1290 10 0 0 0 0 0 0 0 0 0 0 0 
1291 10 0 0 0 0 0 0 0 0 0 0 0 
1292 10 0 0 0 0 0 0 0 0 0 0 0 
1293 10 0 0 0 0 0 0 0 0 0 0 0 
1294 10 0 0 0 0 0 0 0 0 0 0 0 
1295 10 0 0 0 0 0 0 0 0 0 0 0 
1296 10 0 0 0 0 0 0 0 0 0 0 0 
1297 10 0 0 0 0 0 0 0 0 0 0 0 
1298 10 0 0 0 0 0 0 0 0 0 0 0 
1299 10 0 0 0 0 0 0 0 0 0 0 0 
1300 10 0 0 0 0 0 0 0 0 0 0 0 
1301 10 0 0 0 0 0 0 0 0 0 0 0 
1302 10 0 0 0 0 0 0 0 0 0 0 0 
1303 10 0 0 0 0 0 0 0 0 0 0 0 
1304 10 0 0 0 0 0 0 0 0 0 0 0 
1305 10 0 0 0 0 0 0 0 0 0 0 0 
1306 10 0 0 0 0 0 0 0 0 0 0 0 
1307 10 0 0 0 0 0 0 0 0 0 0 0 
1308 10 0 0 0 0 0 0 0 0 0 0 0 
1309 10 0 0 0 0 0 0 0 0 0 0 0 
1310 10 0 0 0 0 0 0 0 0 0 0 0 
1311 10 0 0 0 0 0 0 0 0 0 0 0 
1312 10 0 0 0 0 0 0 0 0 0 0 0 
1313 10 0 0 0 0 0 0 0 0 0 0 0 
1314 10 0 0 0 0 0 0 0 0 0 0 0 
1315 10 0 0 0 0 0 0 0 0 0 0 0 
1316 10 0 0 0 0 0 0 0 0 0 0 0 
1317 10 0 0 0 0 0 0 0 0 0 0 0 
1318 10 0 0 0 0 0 0 0 0 0 0 0 
1319 10 0 0 0 0 0 0 0 0 0 0 0 
1320 10 0 0 0 0 0 0 0 0 0 0 0 
1321 10 0 0 0 0 0 0 0 0 0 0 0 
1322 10 0 0 0 0 0 0 0 0 0 0 0 
1323 10 0 0 0 0 0 0 0 0 0 0 0 
1324 10 0 0 0 0 0 0 0 0 0 0 0 
1325 10 0 0 0 0 0 0 0 0 0 0 0 
1326 10 0 0 0 0 0 0 0 0 0 0 0 
1327 10 0 0 0 0 0 0 0 0 0 0 0 
1328 10 0 0 0 0 0 0 0 0 0 0 0 
1329 10 0 0 0 0 0 0 0 0 0 0 0 
1330 10 0 0 0 0 0 0 0 0 0 0 0 
1331 10 0 0 0 0 0 0 0 0 0 0 0 
1332 10 0 0 0 0 0 0 0 0 0 0 0 
1333 10 0 0 0 0 0 0 0 0 0 0 0 
1334 10 0 0 0 0 0 0 0 0 0 0 0 
1335 10 0 0 0 0 0 0 0 0 0 0 0 
1336 10 0 0 0 0 0 0 0 0 0 0 0 
1337 10 0 0 0 0 0 0 0 0 0 0 0 
1338 10 0 0 0 0 0 0 0 0 0 0 0 
1339 10 0 0 0 0 0 0 0 0 0 0 0 
1340 10 0 0 0 0 0 0 0 0 0 0 0 
1341 10 0 0 0 0 0 0 0 0 0 0 0 
1342 10 0 0 0 0 0 0 0 0 0 0 0 
1343 10 0 0 0 0 0 0 0 0 0 0 0 
1344 10 0 0 0 0 0 0 0 0 0 0 0 
1345 10 0 0 0 0 0 0 0 0 0 0 0 
1346 10 0 0 0 0 0 0 0 0 0 0 0 
1347 10 0 0 0 0 0 0 0 0 0 0 0 
1348 10 0 0 0 0 0 0 0 0 0 0 0 
1349 10 0 0 0 0 0 0 0 0 0 0 0 
1350 10 0 0 0 0 0 0 0 0 0 0 0 
1351 10 0 0 0 0 0 0 0 0 0 0 0 
1352 10 0 0 0 0 0 0 0 0 0 0 0 
1353 10 0 0 0 0 0 0 0 0 0 0 0 
1354 10 0 0 0 0 0 0 0 0 0 0 0 
1355 10 0 0 0 0 0 0 0 0 0 0 0 
1356 10 0 0 0 0 0 0 0 0 0 0 0 
1357 10 0 0 0 0 0 0 0 0 0 0 0 
1358 10 0 0 0 0 0 0 0 0 0 0 0 
1359 10 0 0 0 0 0 0 0 0 0 0 0 
1360 10 0 0 0 0 0 0 0 0 0 0 0 
1361 10 0 0 0 0 0 0 0 0 0 0 0 
1362 10 0 0 0 0 0 0 0 0 0 0 0 
1363 10 0 0 0 0 0 0 0 0 0 0 0 
1364 10 0 0 0 0 0 0 0 0 0 0 0 
1365 10 0 0 0 0 0 0 0 0 0 0 0 
1366 10 0 0 0 0 0 0 0 0 0 0 0 
1367 10 0 0 0 0 0 0 0 0 0 0 0 
1368 10 0 0 0 0 0 0 0 0 0 0 0 
1369 10 0 0 0 0 0 0 0 0 0 0 0 
1370 10 0 0 0 0 0 0 0 0 0 0 0 
1371 10 0 0 0 0 0 0 0 0 0 0 0 
1372 10 0 0 0 0 0 0 0 0 0 0 0 
1373 10 0 0 0 0 0 0 0 0 0 0 0 
1374 10 0 0 0 0 0 0 0 0 0 0 0 
1375 10 0 0 0 0 0 0 0 0 0 0 0 
1376 10 0 0 0 0 0 0 0 0 0 0 0 
1377 10 0 0 0 0 0 0 0 0 0 0 0 
1378 10 0 0 0 0 0 0 0 0 0 0 0 
1379 10 0 0 0 0 0 0 0 0 0 0 0 
1380 10 0 0 0 0 0 0 0 0 0 0 0 
1381 10 0 0 0 0 0 0 0 0 0 0 0 
1382 10 0 0 0 0 0 0 0 0 0 0 0 
1383 10 0 0 0 0 0 0 0 0 0 0 0 
1384 10 0 0 0 0 0 0 0 0 0 0 0 
1385 10 0 0 0 0 0 0 0 0 0 0 0 
1386 10 0 0 0 0 0 0 0 0 0 0 0 
1387 10 0 0 0 0 0 0 0 0 0 0 0 
1388 10 0 0 0 0 0 0 0 0 0 0 0 
1389 10 0 0 0 0 0 0 0 0 0 0 0 
1390 10 0 0 0 0 0 0 0 0 0 0 0 
1391 10 0 0 0 0 0 0 0 0 0 0 0 
1392 10 0 0 0 0 0 0 0 0 0 0 0 
1393 10 0 0 0 0 0 0 0 0 0 0 0 
1394 10 0 0 0 0 0 0 0 0 0 0 0 
1395 10 0 0 0 0 0 0 0 0 0 0 0 
1396 10 0 0 0 0 0 0 0 0 0 0 0 
1397 10 0 0 0 0 0 0 0 0 0 0 0 
1398 10 0 0 0 0 0 0 0 0 0 0 0 
1399 10 0 0 0 0 0 0 0 0 0 0 0 
1400 10 0 0 0 0 0 0 0 0 0 0 0 
1401 10 0 0 0 0 0 0 0 0 0 0 0 
1402 10 0 0 0 0 0 0 0 0 0 0 0 
1403 10 0 0 0 0 0 0 0 0 0 0 0 
1404 10 0 0 0 0 0 0 0 0 0 0 0 
1405 10 0 0 0 0 0 0 0 0 0 0 0 
1406 10 0 0 0 0 0 0 0 0 0 0 0 
1407 10 0 0 0 0 0 0 0 0 0 0 0 
1408 10 0 0 0 0 0 0 0 0 0 0 0 
1409 10 0 0 0 0 0 0 0 0 0 0 0 
1410 10 0 0 0 0 0 0 0 0 0 0 0 
1411 10 0 0 0 0 0 0 0 0 0 0 0 
1412 10 0 0 0 0 0 0 0 0 0 0 0 
1413 10 0 0 0 0 0 0 0 0 0 0 0 
1414 10 0 0 0 0 0 0 0 0 0 0 0 
1415 10 0 0 0 0 0 0 0 0 0 0 0 
1416 10 0 0 0 0 0 0 0 0 0 0 0 
1417 10 0 0 0 0 0 0 0 0 0 0 0 
1418 10 0 0 0 0 0 0 0 0 0 0 0 
1419 10 0 0 0 0 0 0 0 0 0 0 0 
1420 10 0 0 0 0 0 0 0 0 0 0 0 
1421 10 0 0 0 0 0 0 0 0 0 0 0 
1422 10 0 0 0 0 0 0 0 0 0 0 0 
1423 10 0 0 0 0 0 0 0 0 0 0 0 
1424 10 0 0 0 0 0 0 0 0 0 0 0 
1425 10 0 0 0 0 0 0 0 0 0 0 0 
1426 10 0 0 0 0 0 0 0 0 0 0 0 
1427 10 0 0 0 0 0 0 0 0 0 0 0 
1428 10 0 0 0 0 0 0 0 0 0 0 0 
1429 10 0 0 0 0 0 0 0 0 0 0 0 
1430 10 0 0 0 0 0 0 0 0 0 0 0 
1431 10 0 0 0 0 0 0 0 0 0 0 0 
1432 10 0 0 0 0 0 0 0 0 0 0 0 
1433 10 0 0 0 0 0 0 0 0 0 0 0 
1434 10 0 0 0 0 0 0 0 0 0 0 0 
1435 10 0 0 0 0 0 0 0 0 0 0 0 
1436 10 0 0 0 0 0 0 0 0 0 0 0 
1437 10 0 0 0 0 0 0 0 0 0 0 0 
1438 10 0 0 0 0 0 0 0 0 0 0 0 
1439 10 0 0 0 0 0 0 0 0 0 0 0 
1440 10 0 0 0 0 0 0 0 0 0 0 0 
1441 10 0 0 0 0 0 0 0 0 0 0 0 
1442 10 0 0 0 0 0 0 0 0 0 0 0 
1443 10 0 0 0 0 0 0 0 0 0 0 0 
1444 10 0 0 0 0 0 0 0 0 0 0 0 
1445 10 0 0 0 0 0 0 0 0 0 0 0 
1446 10 0 0 0 0 0 0 0 0 0 0 0 
1447 10 0 0 0 0 0 0 0 0 0 0 0 
1448 10 0 0 0 0 0 0 0 0 0 0 0 
1449 10 0 0 0 0 0 0 0 0 0 0 0 
1450 10 0 0 0 0 0 0 0 0 0 0 0 
1451 10 0 0 0 0 0 0 0 0 0 0 0 
1452 10 0 0 0 0 0 0 0 0 0 0 0 
1453 10 0 0 0 0 0 0 0 0 0 0 0 
1454 10 0 0 0 0 0 0 0 0 0 0 0 
1455 10 0 0 0 0 0 0 0 0 0 0 0 
1456 10 0 0 0 0 0 0 0 0 0 0 0 
1457 10 0 0 0 0 0 0 0 0 0 0 0 
1458 10 0 0 0 0 0 0 0 0 0 0 0 
1459 10 0 0 0 0 0 0 0 0 0 0 0 
1460 10 0 0 0 0 0 0 0 0 0 0 0 
1461 10 0 0 0 0 0 0 0 0 0 0 0 
1462 10 0 0 0 0 0 0 0 0 0 0 0 
1463 10 0 0 0 0 0 0 0 0 0 0 0 
1464 10 0 0 0 0 0 0 0 0 0 0 0 
1465 10 0 0 0 0 0 0 0 0 0 0 0 
1466 10 0 0 0 0 0 0 0 0 0 0 0 
1467 10 0 0 0 0 0 0 0 0 0 0 0 
1468 10 0 0 0 0 0 0 0 0 0 0 0 
1469 10 0 0 0 0 0 0 0 0 0 0 0 
1470 10 0 0 0 0 0 0 0 0 0 0 0 
1471 10 0 0 0 0 0 0 0 0 0 0 0 
1472 10 0 0 0 0 0 0 0 0 0 0 0 
1473 10 0 0 0 0 0 0 0 0 0 0 0 
1474 10 0 0 0 0 0 0 0 0 0 0 0 
1475 10 0 0 0 0 0 0 0 0 0 0 0 
1476 10 0 0 0 0 0 0 0 0 0 0 0 
1477 10 0 0 0 0 0 0 0 0 0 0 0 
1478 10 0 0 0 0 0 0 0 0 0 0 0 
1479 10 0 0 0 0 0 0 0 0 0 0 0 
1480 10 0 0 0 0 0 0 0 0 0 0 0 
1481 10 0 0 0 0 0 0 0 0 0 0 0 
1482 10 0 0 0 0 0 0 0 0 0 0 0 
1483 10 0 0 0 0 0 0 0 0 0 0 0 
1484 10 0 0 0 0 0 0 0 0 0 0 0 
1485 10 0 0 0 0 0 0 0 0 0 0 0 
1486 10 0 0 0 0 0 0 0 0 0 0 0 
1487 10 0 0 0 0 0 0 0 0 0 0 0 
1488 10 0 0 0 0 0 0 0 0 0 0 0 
1489 10 0 0 0 0 0 0 0 0 0 0 0 
1490 10 0 0 0 0 0 0 0 0 0 0 0 
1491 10 0 0 0 0 0 0 0 0 0 0 0 
1492 10 0 0 0 0 0 0 0 0 0 0 0 
1493 10 0 0 0 0 0 0 0 0 0 0 0 
1494 10 0 0 0 0 0 0 0 0 0 0 0 
1495 10 0 0 0 0 0 0 0 0 0 0 0 
1496 10 0 0 0 0 0 0 0 0 0 0 0 
1497 10 0 0 0 0 0 0 0 0 0 0 0 
1498 10 0 0 0 0 0 0 0 0 0 0 0 
1499 10 0 0 0 0 0 0 0 0 0 0 0 
1500 10 0 0 0 0 0 0 0 0 0 0 0 
1501 10 0 0 0 0 0 0 0 0 0 0 0 
1502 10 0 0 0 0 0 0 0 0 0 0 0 
1503 10 0 0 0 0 0 0 0 0 0 0 0 
1504 10 0 0 0 0 0 0 0 0 0 0 0 
1505 10 0 0 0 0 0 0 0 0 0 0 0 
1506 10 0 0 0 0 0 0 0 0 0 0 0 
1507 10 0 0 0 0 0 0 0 0 0 0 0 
1508 10 0 0 0 0 0 0 0 0 0 0 0 
1509 10 0 0 0 0 0 0 0 0 0 0 0 
1510 10 0 0 0 0 0 0 0 0 0 0 0 
1511 10 0 0 0 0 0 0 0 0 0 0 0 
1512 10 0 0 0 0 0 0 0 0 0 0 0 
1513 10 0 0 0 0 0 0 0 0 0 0 0 
1514 10 0 0 0 0 0 0 0 0 0 0 0 
1515 10 0 0 0 0 0 0 0 0 0 0 0 
1516 10 0 0 0 0 0 0 0 0 0 0 0 
1517 10 0 0 0 0 0 0 0 0 0 0 0 
1518 10 0 0 0 0 0 0 0 0 0 0 0 
1519 10 0 0 0 0 0 0 0 0 0 0 0 
1520 10 0 0 0 0 0 0 0 0 0 0 0 
1521 10 0 0 0 0 0 0 0 0 0 0 0 
1522 10 0 0 0 0 0 0 0 0 0 0 0 
1523 10 0 0 0 0 0 0 0 0 0 0 0 
1524 10 0 0 0 0 0 0 0 0 0 0 0 
1525 10 0 0 0 0 0 0 0 0 0 0 0 
1526 10 0 0 0 0 0 0 0 0 0 0 0 
1527 10 0 0 0 0 0 0 0 0 0 0 0 
1528 10 0 0 0 0 0 0 0 0 0 0 0 
1529 10 0 0 0 0 0 0 0 0 0 0 0 
1530 10 0 0 0 0 0 0 0 0 0 0 0 
1531 10 0 0 0 0 0 0 0 0 0 0 0 
1532 10 0 0 0 0 0 0 0 0 0 0 0 
1533 10 0 0 0 0 0 0 0 0 0 0 0 
1534 10 0 0 0 0 0 0 0 0 0 0 0 
1535 10 0 0 0 0 0 0 0 0 0 0 0 
1536 10 0 0 0 0 0 0 0 0 0 0 0 
1537 10 0 0 0 0 0 0 0 0 0 0 0 
1538 10 0 0 0 0 0 0 0 0 0 0 0 
1539 10 0 0 0 0 0 0 0 0 0 0 0 
1540 10 0 0 0 0 0 0 0 0 0 0 0 
1541 10 0 0 0 0 0 0 0 0 0 0 0 
1542 10 0 0 0 0 0 0 0 0 0 0 0 
1543 10 0 0 0 0 0 0 0 0 0 0 0 
1544 10 0 0 0 0 0 0 0 0 0 0 0 
1545 10 0 0 0 0 0 0 0 0 0 0 0 
1546 10 0 0 0 0 0 0 0 0 0 0 0 
1547 10 0 0 0 0 0 0 0 0 0 0 0 
1548 10 0 0 0 0 0 0 0 0 0 0 0 
1549 10 0 0 0 0 0 0 0 0 0 0 0 
1550 10 0 0 0 0 0 0 0 0 0 0 0 
1551 10 0 0 0 0 0 0 0 0 0 0 0 
1552 10 0 0 0 0 0 0 0 0 0 0 0 
1553 10 0 0 0 0 0 0 0 0 0 0 0 
1554 10 0 0 0 0 0 0 0 0 0 0 0 
1555 10 0 0 0 0 0 0 0 0 0 0 0 
1556 10 0 0 0 0 0 0 0 0 0 0 0 
1557 10 0 0 0 0 0 0 0 0 0 0 0 
1558 10 0 0 0 0 0 0 0 0 0 0 0 
1559 10 0 0 0 0 0 0 0 0 0 0 0 
1560 10 0 0 0 0 0 0 0 0 0 0 0 
1561 10 0 0 0 0 0 0 0 0 0 0 0 
1562 10 0 0 0 0 0 0 0 0 0 0 0 
1563 10 0 0 0 0 0 0 0 0 0 0 0 
1564 10 0 0 0 0 0 0 0 0 0 0 0 
1565 10 0 0 0 0 0 0 0 0 0 0 0 
1566 10 0 0 0 0 0 0 0 0 0 0 0 
1567 10 0 0 0 0 0 0 0 0 0 0 0 
1568 10 0 0 0 0 0 0 0 0 0 0 0 
1569 10 0 0 0 0 0 0 0 0 0 0 0 
1570 10 0 0 0 0 0 0 0 0 0 0 0 
1571 10 0 0 0 0 0 0 0 0 0 0 0 
1572 10 0 0 0 0 0 0 0 0 0 0 0 
1573 10 0 0 0 0 0 0 0 0 0 0 0 
1574 10 0 0 0 0 0 0 0 0 0 0 0 
1575 10 0 0 0 0 0 0 0 0 0 0 0 
1576 10 0 0 0 0 0 0 0 0 0 0 0 
1577 10 0 0 0 0 0 0 0 0 0 0 0 
1578 10 0 0 0 0 0 0 0 0 0 0 0 
1579 10 0 0 0 0 0 0 0 0 0 0 0 
1580 10 0 0 0 0 0 0 0 0 0 0 0 
1581 10 0 0 0 0 0 0 0 0 0 0 0 
1582 10 0 0 0 0 0 0 0 0 0 0 0 
1583 10 0 0 0 0 0 0 0 0 0 0 0 
1584 10 0 0 0 0 0 0 0 0 0 0 0 
1585 10 0 0 0 0 0 0 0 0 0 0 0 
1586 10 0 0 0 0 0 0 0 0 0 0 0 
1587 10 0 0 0 0 0 0 0 0 0 0 0 
1588 10 0 0 0 0 0 0 0 0 0 0 0 
1589 10 0 0 0 0 0 0 0 0 0 0 0 
1590 10 0 0 0 0 0 0 0 0 0 0 0 
1591 10 0 0 0 0 0 0 0 0 0 0 0 
1592 10 0 0 0 0 0 0 0 0 0 0 0 
1593 10 0 0 0 0 0 0 0 0 0 0 0 
1594 10 0 0 0 0 0 0 0 0 0 0 0 
1595 10 0 0 0 0 0 0 0 0 0 0 0 
1596 10 0 0 0 0 0 0 0 0 0 0 0 
1597 10 0 0 0 0 0 0 0 0 0 0 0 
1598 10 0 0 0 0 0 0 0 0 0 0 0 
1599 10 2 0 0 0 0 0 0 0 0 0 0 
1600 10 3 0 0 0 0 0 0 0 0 0 0 
1601 10 0 0 0 0 0 0 0 0 0 0 0 
1602 10 0 0 0 0 0 0 0 0 0 0 0 
1603 10 0 0 0 0 0 0 0 0 0 0 0 
1604 10 0 0 0 0 0 0 0 0 0 0 0 
1605 10 6 0 0 0 0 0 0 0 0 0 0 
1606 10 7 0 0 0 0 0 0 0 0 0 0 
1607 10 0 0 0 0 0 0 0 0 0 0 0 
1608 10 0 0 0 0 0 0 0 0 0 0 0 
1609 10 0 0 0 0 0 0 0 0 0 0 0 
1610 10 0 0 0 0 0 0 0 0 0 0 0 
1611 10 0 0 0 0 0 0 0 0 0 0 0 
1612 10 0 0 0 0 0 0 0 0 0 0 0 
1613 10 0 0 0 0 0 0 0 0 0 0 0 
1614 10 0 0 0 0 0 0 0 0 0 0 0 
1615 10 0 0 0 0 0 0 0 0 0 0 0 
1616 10 0 0 0 0 0 0 0 0 0 0 0 
1617 10 0 0 0 0 0 0 0 0 0 0 0 
1618 10 0 0 0 0 0 0 0 0 0 0 0 
1619 10 0 0 0 0 0 0 0 0 0 0 0 
1620 10 0 0 0 0 0 0 0 0 0 0 0 
1621 10 0 0 0 0 0 0 0 0 0 0 0 
1622 10 0 0 0 0 0 0 0 0 0 0 0 
1623 10 0 0 0 0 0 0 0 0 0 0 0 
1624 10 0 0 0 0 0 0 0 0 0 0 0 
1625 10 0 0 0 0 0 0 0 0 0 0 0 
1626 10 0 0 0 0 0 0 0 0 0 0 0 
1627 10 0 0 0 0 0 0 0 0 0 0 0 
1628 10 0 0 0 0 0 0 0 0 0 0 0 
1629 10 0 0 0 0 0 0 0 0 0 0 0 
1630 10 0 0 0 0 0 0 0 0 0 0 0 
1631 10 0 0 0 0 0 0 0 0 0 0 0 
1632 10 0 0 0 0 0 0 0 0 0 0 0 
1633 10 0 0 0 0 0 0 0 0 0 0 0 
1634 10 0 0 0 0 0 0 0 0 0 0 0 
1635 10 11 0 0 0 0 0 0 0 0 0 0 
1636 10 12 0 0 0 0 0 0 0 0 0 0 
1637 10 0 0 0 0 0 0 0 0 0 0 0 
1638 10 0 0 0 0 0 0 0 0 0 0 0 
1639 10 0 0 0 0 0 0 0 0 0 0 0 
1640 10 0 0 0 0 0 0 0 0 0 0 0 
1641 10 0 0 0 0 0 0 0 0 0 0 0 
1642 10 0 0 0 0 0 0 0 0 0 0 0 
1643 10 0 0 0 0 0 0 0 0 0 0 0 
1644 10 0 0 0 0 0 0 0 0 0 0 0 
1645 10 0 0 0 0 0 0 0 0 0 0 0 
1646 10 0 0 0 0 0 0 0 0 0 0 0 
1647 10 0 0 0 0 0 0 0 0 0 0 0 
1648 10 0 0 0 0 0 0 0 0 0 0 0 
1649 10 0 0 0 0 0 0 0 0 0 0 0 
1650 10 0 0 0 0 0 0 0 0 0 0 0 
1651 10 16 0 0 0 0 0 0 0 0 0 0 
1652 10 17 0 0 0 0 0 0 0 0 0 0 
1653 10 18 0 0 0 0 0 0 0 0 0 0 
1654 10 19 0 0 0 0 0 0 0 0 0 0 
1655 10 20 0 0 0 0 0 0 0 0 0 0 
1656 10 21 0 0 0 0 0 0 0 0 0 0 
1657 10 22 0 0 0 0 0 0 0 0 0 0 
1658 10 23 0 0 0 0 0 0 0 0 0 0 
1659 10 24 0 0 0 0 0 0 0 0 0 0 
1660 10 25 0 0 0 0 0 0 0 0 0 0 
1661 10 26 0 0 0 0 0 0 0 0 0 0 
1662 10 27 0 0 0 0 0 0 0 0 0 0 
1663 10 0 0 0 0 0 0 0 0 0 0 0 
1664 10 0 0 0 0 0 0 0 0 0 0 0 
1665 10 0 0 0 0 0 0 0 0 0 0 0 
1666 10 0 0 0 0 0 0 0 0 0 0 0 
1667 10 0 0 0 0 0 0 0 0 0 0 0 
1668 10 0 0 0 0 0 0 0 0 0 0 0 
1669 10 0 0 0 0 0 0 0 0 0 0 0 
1670 10 0 0 0 0 0 0 0 0 0 0 0 
1671 10 0 0 0 0 0 0 0 0 0 0 0 
1672 10 0 0 0 0 0 0 0 0 0 0 0 
1673 10 0 0 0 0 0 0 0 0 0 0 0 
1674 10 0 0 0 0 0 0 0 0 0 0 0 
1675 10 0 0 0 0 0 0 0 0 0 0 0 
1676 10 0 0 0 0 0 0 0 0 0 0 0 
1677 10 0 0 0 0 0 0 0 0 0 0 0 
1678 10 0 0 0 0 0 0 0 0 0 0 0 
1679 10 0 0 0 0 0 0 0 0 0 0 0 
1680 10 0 0 0 0 0 0 0 0 0 0 0 
1681 10 0 0 0 0 0 0 0 0 0 0 0 
1682 10 0 0 0 0 0 0 0 0 0 0 0 
1683 10 0 0 0 0 0 0 0 0 0 0 0 
1684 10 0 0 0 0 0 0 0 0 0 0 0 
1685 10 0 0 0 0 0 0 0 0 0 0 0 
1686 10 0 0 0 0 0 0 0 0 0 0 0 
1687 10 0 0 0 0 0 0 0 0 0 0 0 
1688 10 0 0 0 0 0 0 0 0 0 0 0 
1689 10 0 0 0 0 0 0 0 0 0 0 0 
1690 10 0 0 0 0 0 0 0 0 0 0 0 
1691 10 0 0 0 0 0 0 0 0 0 0 0 
1692 10 0 0 0 0 0 0 0 0 0 0 0 
1693 10 0 0 0 0 0 0 0 0 0 0 0 
1694 10 0 0 0 0 0 0 0 0 0 0 0 
1695 10 0 0 0 0 0 0 0 0 0 0 0 
1696 10 0 0 0 0 0 0 0 0 0 0 0 
1697 10 0 0 0 0 0 0 0 0 0 0 0 
1698 10 0 0 0 0 0 0 0 0 0 0 0 
1699 10 0 0 0 0 0 0 0 0 0 0 0 
1700 10 0 0 0 0 0 0 0 0 0 0 0 
1701 10 0 0 0 0 0 0 0 0 0 0 0 
1702 10 0 0 0 0 0 0 0 0 0 0 0 
1703 10 0 0 0 0 0 0 0 0 0 0 0 
1704 10 0 0 0 0 0 0 0 0 0 0 0 
1705 10 0 0 0 0 0 0 0 0 0 0 0 
1706 10 0 0 0 0 0 0 0 0 0 0 0 
1707 10 0 0 0 0 0 0 0 0 0 0 0 
1708 10 0 0 0 0 0 0 0 0 0 0 0 
1709 10 0 0 0 0 0 0 0 0 0 0 0 
1710 10 0 0 0 0 0 0 0 0 0 0 0 
1711 10 30 0 0 0 0 0 0 0 0 0 0 
1712 10 31 0 0 0 0 0 0 0 0 0 0 
1713 10 0 0 0 0 0 0 0 0 0 0 0 
1714 10 0 0 0 0 0 0 0 0 0 0 0 
1715 10 33 0 0 0 0 0 0 0 0 0 0 
1716 10 34 0 0 0 0 0 0 0 0 0 0 
1717 10 0 0 0 0 0 0 0 0 0 0 0 
1718 10 0 0 0 0 0 0 0 0 0 0 0 
1719 10 0 0 0 0 0 0 0 0 0 0 0 
1720 10 0 0 0 0 0 0 0 0 0 0 0 
1721 10 0 0 0 0 0 0 0 0 0 0 0 
1722 10 0 0 0 0 0 0 0 0 0 0 0 
1723 10 0 0 0 0 0 0 0 0 0 0 0 
1724 10 0 0 0 0 0 0 0 0 0 0 0 
1725 10 0 0 0 0 0 0 0 0 0 0 0 
1726 10 0 0 0 0 0 0 0 0 0 0 0 
1727 10 37 0 0 0 0 0 0 0 0 0 0 
1728 10 38 0 0 0 0 0 0 0 0 0 0 
1729 10 39 0 0 0 0 0 0 0 0 0 0 
1730 10 40 0 0 0 0 0 0 0 0 0 0 
1731 10 41 0 0 0 0 0 0 0 0 0 0 
1732 10 42 0 0 0 0 0 0 0 0 0 0 
1733 10 43 0 0 0 0 0 0 0 0 0 0 
1734 10 44 0 0 0 0 0 0 0 0 0 0 
1735 10 45 0 0 0 0 0 0 0 0 0 0 
1736 10 46 0 0 0 0 0 0 0 0 0 0 
1737 10 0 0 0 0 0 0 0 0 0 0 0 
1738 10 0 0 0 0 0 0 0 0 0 0 0 
1739 10 0 0 0 0 0 0 0 0 0 0 0 
1740 10 0 0 0 0 0 0 0 0 0 0 0 
1741 10 0 0 0 0 0 0 0 0 0 0 0 
1742 10 0 0 0 0 0 0 0 0 0 0 0 
1743 10 0 0 0 0 0 0 0 0 0 0 0 
1744 10 0 0 0 0 0 0 0 0 0 0 0 
1745 10 0 0 0 0 0 0 0 0 0 0 0 
1746 10 0 0 0 0 0 0 0 0 0 0 0 
1747 10 0 0 0 0 0 0 0 0 0 0 0 
1748 10 0 0 0 0 0 0 0 0 0 0 0 
1749 10 0 0 0 0 0 0 0 0 0 0 0 
1750 10 0 0 0 0 0 0 0 0 0 0 0 
1751 10 0 0 0 0 0 0 0 0 0 0 0 
1752 10 0 0 0 0 0 0 0 0 0 0 0 
1753 10 0 0 0 0 0 0 0 0 0 0 0 
1754 10 0 0 0 0 0 0 0 0 0 0 0 
1755 10 0 0 0 0 0 0 0 0 0 0 0 
1756 10 0 0 0 0 0 0 0 0 0 0 0 
1757 10 0 0 0 0 0 0 0 0 0 0 0 
1758 10 0 0 0 0 0 0 0 0 0 0 0 
1759 10 0 0 0 0 0 0 0 0 0 0 0 
1760 10 0 0 0 0 0 0 0 0 0 0 0 
1761 10 0 0 0 0 0 0 0 0 0 0 0 
1762 10 0 0 0 0 0 0 0 0 0 0 0 
1763 10 0 0 0 0 0 0 0 0 0 0 0 
1764 10 0 0 0 0 0 0 0 0 0 0 0 
1765 10 0 0 0 0 0 0 0 0 0 0 0 
1766 10 0 0 0 0 0 0 0 0 0 0 0 
1767 10 51 0 0 0 0 0 0 0 0 0 0 
1768 10 52 0 0 0 0 0 0 0 0 0 0 
1769 10 0 0 0 0 0 0 0 0 0 0 0 
1770 10 0 0 0 0 0 0 0 0 0 0 0 
1771 10 0 0 0 0 0 0 0 0 0 0 0 
1772 10 0 0 0 0 0 0 0 0 0 0 0 
1773 10 0 0 0 0 0 0 0 0 0 0 0 
1774 10 0 0 0 0 0 0 0 0 0 0 0 
1775 10 55 0 0 0 0 0 0 0 0 0 0 
1776 10 56 0 0 0 0 0 0 0 0 0 0 
1777 10 0 0 0 0 0 0 0 0 0 0 0 
1778 10 0 0 0 0 0 0 0 0 0 0 0 
1779 10 0 0 0 0 0 0 0 0 0 0 0 
1780 10 0 0 0 0 0 0 0 0 0 0 0 
1781 10 59 0 0 0 0 0 0 0 0 0 0 
1782 10 60 0 0 0 0 0 0 0 0 0 0 
1783 10 0 0 0 0 0 0 0 0 0 0 0 
1784 10 0 0 0 0 0 0 0 0 0 0 0 
1785 10 62 0 0 0 0 0 0 0 0 0 0 
1786 10 63 0 0 0 0 0 0 0 0 0 0 
1787 10 0 0 0 0 0 0 0 0 0 0 0 
1788 10 0 0 0 0 0 0 0 0 0 0 0 
1789 10 0 0 0 0 0 0 0 0 0 0 0 
1790 10 0 0 0 0 0 0 0 0 0 0 0 
1791 10 0 0 0 0 0 0 0 0 0 0 0 
1792 10 0 0 0 0 0 0 0 0 0 0 0 
1793 10 0 0 0 0 0 0 0 0 0 0 0 
1794 10 0 0 0 0 0 0 0 0 0 0 0 
1795 10 0 0 0 0 0 0 0 0 0 0 0 
1796 10 0 0 0 0 0 0 0 0 0 0 0 
1797 10 0 0 0 0 0 0 0 0 0 0 0 
1798 10 0 0 0 0 0 0 0 0 0 0 0 
1799 10 0 0 0 0 0 0 0 0 0 0 0 
1800 10 0 0 0 0 0 0 0 0 0 0 0 
1801 10 0 0 0 0 0 0 0 0 0 0 0 
1802 10 0 0 0 0 0 0 0 0 0 0 0 
1803 10 0 0 0 0 0 0 0 0 0 0 0 
1804 10 0 0 0 0 0 0 0 0 0 0 0 
1805 10 0 0 0 0 0 0 0 0 0 0 0 
1806 10 0 0 0 0 0 0 0 0 0 0 0 
1807 10 0 0 0 0 0 0 0 0 0 0 0 
1808 10 0 0 0 0 0 0 0 0 0 0 0 
1809 10 0 0 0 0 0 0 0 0 0 0 0 
1810 10 0 0 0 0 0 0 0 0 0 0 0 
1811 10 0 0 0 0 0 0 0 0 0 0 0 
1812 10 0 0 0 0 0 0 0 0 0 0 0 
1813 10 0 0 0 0 0 0 0 0 0 0 0 
1814 10 0 0 0 0 0 0 0 0 0 0 0 
1815 10 0 0 0 0 0 0 0 0 0 0 0 
1816 10 0 0 0 0 0 0 0 0 0 0 0 
1817 10 70 0 0 0 0 0 0 0 0 0 0 
1818 10 71 0 0 0 0 0 0 0 0 0 0 
1819 10 72 0 0 0 0 0 0 0 0 0 0 
1820 10 73 0 0 0 0 0 0 0 0 0 0 
1821 10 0 0 0 0 0 0 0 0 0 0 0 
1822 10 0 0 0 0 0 0 0 0 0 0 0 
1823 10 0 0 0 0 0 0 0 0 0 0 0 
1824 10 0 0 0 0 0 0 0 0 0 0 0 
1825 10 0 0 0 0 0 0 0 0 0 0 0 
1826 10 0 0 0 0 0 0 0 0 0 0 0 
1827 10 0 0 0 0 0 0 0 0 0 0 0 
1828 10 0 0 0 0 0 0 0 0 0 0 0 
1829 10 0 0 0 0 0 0 0 0 0 0 0 
1830 10 0 0 0 0 0 0 0 0 0 0 0 
1831 10 0 0 0 0 0 0 0 0 0 0 0 
1832 10 0 0 0 0 0 0 0 0 0 0 0 
1833 10 0 0 0 0 0 0 0 0 0 0 0 
1834 10 0 0 0 0 0 0 0 0 0 0 0 
1835 10 0 0 0 0 0 0 0 0 0 0 0 
1836 10 0 0 0 0 0 0 0 0 0 0 0 
1837 10 0 0 0 0 0 0 0 0 0 0 0 
1838 10 0 0 0 0 0 0 0 0 0 0 0 
1839 10 0 0 0 0 0 0 0 0 0 0 0 
1840 10 0 0 0 0 0 0 0 0 0 0 0 
1841 10 0 0 0 0 0 0 0 0 0 0 0 
1842 10 0 0 0 0 0 0 0 0 0 0 0 
1843 10 0 0 0 0 0 0 0 0 0 0 0 
1844 10 0 0 0 0 0 0 0 0 0 0 0 
1845 10 0 0 0 0 0 0 0 0 0 0 0 
1846 10 0 0 0 0 0 0 0 0 0 0 0 
1847 10 0 0 0 0 0 0 0 0 0 0 0 
1848 10 0 0 0 0 0 0 0 0 0 0 0 
1849 10 0 0 0 0 0 0 0 0 0 0 0 
1850 10 0 0 0 0 0 0 0 0 0 0 0 
1851 10 0 0 0 0 0 0 0 0 0 0 0 
1852 10 0 0 0 0 0 0 0 0 0 0 0 
1853 10 0 0 0 0 0 0 0 0 0 0 0 
1854 10 0 0 0 0 0 0 0 0 0 0 0 
1855 10 0 0 0 0 0 0 0 0 0 0 0 
1856 10 0 0 0 0 0 0 0 0 0 0 0 
1857 10 0 0 0 0 0 0 0 0 0 0 0 
1858 10 0 0 0 0 0 0 0 0 0 0 0 
1859 10 0 0 0 0 0 0 0 0 0 0 0 
1860 10 0 0 0 0 0 0 0 0 0 0 0 
1861 10 0 0 0 0 0 0 0 0 0 0 0 
1862 10 0 0 0 0 0 0 0 0 0 0 0 
1863 10 0 0 0 0 0 0 0 0 0 0 0 
1864 10 0 0 0 0 0 0 0 0 0 0 0 
1865 10 0 0 0 0 0 0 0 0 0 0 0 
1866 10 0 0 0 0 0 0 0 0 0 0 0 
1867 10 0 0 0 0 0 0 0 0 0 0 0 
1868 10 0 0 0 0 0 0 0 0 0 0 0 
1869 10 0 0 0 0 0 0 0 0 0 0 0 
1870 10 0 0 0 0 0 0 0 0 0 0 0 
1871 10 0 0 0 0 0 0 0 0 0 0 0 
1872 10 0 0 0 0 0 0 0 0 0 0 0 
1873 10 0 0 0 0 0 0 0 0 0 0 0 
1874 10 0 0 0 0 0 0 0 0 0 0 0 
1875 10 0 0 0 0 0 0 0 0 0 0 0 
1876 10 0 0 0 0 0 0 0 0 0 0 0 
1877 10 0 0 0 0 0 0 0 0 0 0 0 
1878 10 0 0 0 0 0 0 0 0 0 0 0 
1879 10 0 0 0 0 0 0 0 0 0 0 0 
1880 10 0 0 0 0 0 0 0 0 0 0 0 
1881 10 0 0 0 0 0 0 0 0 0 0 0 
1882 10 0 0 0 0 0 0 0 0 0 0 0 
1883 10 0 0 0 0 0 0 0 0 0 0 0 
1884 10 0 0 0 0 0 0 0 0 0 0 0 
1885 10 0 0 0 0 0 0 0 0 0 0 0 
1886 10 0 0 0 0 0 0 0 0 0 0 0 
1887 10 0 0 0 0 0 0 0 0 0 0 0 
1888 10 0 0 0 0 0 0 0 0 0 0 0 
1889 10 0 0 0 0 0 0 0 0 0 0 0 
1890 10 0 0 0 0 0 0 0 0 0 0 0 
1891 10 0 0 0 0 0 0 0 0 0 0 0 
1892 10 0 0 0 0 0 0 0 0 0 0 0 
1893 10 0 0 0 0 0 0 0 0 0 0 0 
1894 10 0 0 0 0 0 0 0 0 0 0 0 
1895 10 0 0 0 0 0 0 0 0 0 0 0 
1896 10 0 0 0 0 0 0 0 0 0 0 0 
1897 10 0 0 0 0 0 0 0 0 0 0 0 
1898 10 0 0 0 0 0 0 0 0 0 0 0 
1899 10 0 0 0 0 0 0 0 0 0 0 0 
1900 10 0 0 0 0 0 0 0 0 0 0 0 
1901 10 0 0 0 0 0 0 0 0 0 0 0 
1902 10 0 0 0 0 0 0 0 0 0 0 0 
1903 10 0 0 0 0 0 0 0 0 0 0 0 
1904 10 0 0 0 0 0 0 0 0 0 0 0 
1905 10 0 0 0 0 0 0 0 0 0 0 0 
1906 10 0 0 0 0 0 0 0 0 0 0 0 
1907 10 0 0 0 0 0 0 0 0 0 0 0 
1908 10 0 0 0 0 0 0 0 0 0 0 0 
1909 10 0 0 0 0 0 0 0 0 0 0 0 
1910 10 0 0 0 0 0 0 0 0 0 0 0 
1911 10 0 0 0 0 0 0 0 0 0 0 0 
1912 10 0 0 0 0 0 0 0 0 0 0 0 
1913 10 0 0 0 0 0 0 0 0 0 0 0 
1914 10 0 0 0 0 0 0 0 0 0 0 0 
1915 10 0 0 0 0 0 0 0 0 0 0 0 
1916 10 0 0 0 0 0 0 0 0 0 0 0 
1917 10 0 0 0 0 0 0 0 0 0 0 0 
1918 10 0 0 0 0 0 0 0 0 0 0 0 
1919 10 0 0 0 0 0 0 0 0 0 0 0 
1920 10 0 0 0 0 0 0 0 0 0 0 0 
1921 10 0 0 0 0 0 0 0 0 0 0 0 
1922 10 0 0 0 0 0 0 0 0 0 0 0 
1923 10 0 0 0 0 0 0 0 0 0 0 0 
1924 10 0 0 0 0 0 0 0 0 0 0 0 
1925 10 0 0 0 0 0 0 0 0 0 0 0 
1926 10 0 0 0 0 0 0 0 0 0 0 0 
1927 10 0 0 0 0 0 0 0 0 0 0 0 
1928 10 0 0 0 0 0 0 0 0 0 0 0 
1929 10 0 0 0 0 0 0 0 0 0 0 0 
1930 10 0 0 0 0 0 0 0 0 0 0 0 
1931 10 0 0 0 0 0 0 0 0 0 0 0 
1932 10 0 0 0 0 0 0 0 0 0 0 0 
1933 10 0 0 0 0 0 0 0 0 0 0 0 
1934 10 0 0 0 0 0 0 0 0 0 0 0 
1935 10 0 0 0 0 0 0 0 0 0 0 0 
1936 10 0 0 0 0 0 0 0 0 0 0 0 
1937 10 0 0 0 0 0 0 0 0 0 0 0 
1938 10 0 0 0 0 0 0 0 0 0 0 0 
1939 10 0 0 0 0 0 0 0 0 0 0 0 
1940 10 0 0 0 0 0 0 0 0 0 0 0 
1941 10 0 0 0 0 0 0 0 0 0 0 0 
1942 10 0 0 0 0 0 0 0 0 0 0 0 
1943 10 0 0 0 0 0 0 0 0 0 0 0 
1944 10 0 0 0 0 0 0 0 0 0 0 0 
1945 10 0 0 0 0 0 0 0 0 0 0 0 
1946 10 0 0 0 0 0 0 0 0 0 0 0 
1947 10 0 0 0 0 0 0 0 0 0 0 0 
1948 10 0 0 0 0 0 0 0 0 0 0 0 
1949 10 0 0 0 0 0 0 0 0 0 0 0 
1950 10 0 0 0 0 0 0 0 0 0 0 0 
1951 10 0 0 0 0 0 0 0 0 0 0 0 
1952 10 0 0 0 0 0 0 0 0 0 0 0 
1953 10 0 0 0 0 0 0 0 0 0 0 0 
1954 10 0 0 0 0 0 0 0 0 0 0 0 
1955 10 0 0 0 0 0 0 0 0 0 0 0 
1956 10 0 0 0 0 0 0 0 0 0 0 0 
1957 10 0 0 0 0 0 0 0 0 0 0 0 
1958 10 0 0 0 0 0 0 0 0 0 0 0 
1959 10 0 0 0 0 0 0 0 0 0 0 0 
1960 10 0 0 0 0 0 0 0 0 0 0 0 
1961 10 0 0 0 0 0 0 0 0 0 0 0 
1962 10 0 0 0 0 0 0 0 0 0 0 0 
1963 10 0 0 0 0 0 0 0 0 0 0 0 
1964 10 0 0 0 0 0 0 0 0 0 0 0 
1965 10 0 0 0 0 0 0 0 0 0 0 0 
1966 10 0 0 0 0 0 0 0 0 0 0 0 
1967 10 0 0 0 0 0 0 0 0 0 0 0 
1968 10 0 0 0 0 0 0 0 0 0 0 0 
1969 10 0 0 0 0 0 0 0 0 0 0 0 
1970 10 0 0 0 0 0 0 0 0 0 0 0 
1971 10 0 0 0 0 0 0 0 0 0 0 0 
1972 10 0 0 0 0 0 0 0 0 0 0 0 
1973 10 0 0 0 0 0 0 0 0 0 0 0 
1974 10 0 0 0 0 0 0 0 0 0 0 0 
1975 10 0 0 0 0 0 0 0 0 0 0 0 
1976 10 0 0 0 0 0 0 0 0 0 0 0 
1977 10 0 0 0 0 0 0 0 0 0 0 0 
1978 10 0 0 0 0 0 0 0 0 0 0 0 
1979 10 0 0 0 0 0 0 0 0 0 0 0 
1980 10 0 0 0 0 0 0 0 0 0 0 0 
1981 10 0 0 0 0 0 0 0 0 0 0 0 
1982 10 0 0 0 0 0 0 0 0 0 0 0 
1983 10 0 0 0 0 0 0 0 0 0 0 0 
1984 10 0 0 0 0 0 0 0 0 0 0 0 
1985 10 0 0 0 0 0 0 0 0 0 0 0 
1986 10 0 0 0 0 0 0 0 0 0 0 0 
1987 10 0 0 0 0 0 0 0 0 0 0 0 
1988 10 0 0 0 0 0 0 0 0 0 0 0 
1989 10 0 0 0 0 0 0 0 0 0 0 0 
1990 10 0 0 0 0 0 0 0 0 0 0 0 
1991 10 0 0 0 0 0 0 0 0 0 0 0 
1992 10 0 0 0 0 0 0 0 0 0 0 0 
1993 10 0 0 0 0 0 0 0 0 0 0 0 
1994 10 0 0 0 0 0 0 0 0 0 0 0 
1995 10 0 0 0 0 0 0 0 0 0 0 0 
1996 10 0 0 0 0 0 0 0 0 0 0 0 
1997 10 0 0 0 0 0 0 0 0 0 0 0 
1998 10 0 0 0 0 0 0 0 0 0 0 0 
1999 10 0 0 0 0 0 0 0 0 0 0 0 
2000 10 0 0 0 0 0 0 0 0 0 0 0 
2001 10 0 0 0 0 0 0 0 0 0 0 0 
2002 10 0 0 0 0 0 0 0 0 0 0 0 
2003 10 0 0 0 0 0 0 0 0 0 0 0 
2004 10 0 0 0 0 0 0 0 0 0 0 0 
2005 10 0 0 0 0 0 0 0 0 0 0 0 
2006 10 0 0 0 0 0 0 0 0 0 0 0 
2007 10 0 0 0 0 0 0 0 0 0 0 0 
2008 10 0 0 0 0 0 0 0 0 0 0 0 
2009 10 0 0 0 0 0 0 0 0 0 0 0 
2010 10 0 0 0 0 0 0 0 0 0 0 0 
2011 10 0 0 0 0 0 0 0 0 0 0 0 
2012 10 0 0 0 0 0 0 0 0 0 0 0 
2013 10 0 0 0 0 0 0 0 0 0 0 0 
2014 10 0 0 0 0 0 0 0 0 0 0 0 
2015 10 0 0 0 0 0 0 0 0 0 0 0 
2016 10 0 0 0 0 0 0 0 0 0 0 0 
2017 10 0 0 0 0 0 0 0 0 0 0 0 
2018 10 0 0 0 0 0 0 0 0 0 0 0 
2019 10 0 0 0 0 0 0 0 0 0 0 0 
2020 10 0 0 0 0 0 0 0 0 0 0 0 
2021 10 0 0 0 0 0 0 0 0 0 0 0 
2022 10 0 0 0 0 0 0 0 0 0 0 0 
2023 10 0 0 0 0 0 0 0 0 0 0 0 
2024 10 0 0 0 0 0 0 0 0 0 0 0 
2025 10 0 0 0 0 0 0 0 0 0 0 0 
2026 10 0 0 0 0 0 0 0 0 0 0 0 
2027 10 0 0 0 0 0 0 0 0 0 0 0 
2028 10 0 0 0 0 0 0 0 0 0 0 0 
2029 10 0 0 0 0 0 0 0 0 0 0 0 
2030 10 0 0 0 0 0 0 0 0 0 0 0 
2031 10 0 0 0 0 0 0 0 0 0 0 0 
2032 10 0 0 0 0 0 0 0 0 0 0 0 
2033 10 0 0 0 0 0 0 0 0 0 0 0 
2034 10 0 0 0 0 0 0 0 0 0 0 0 
2035 10 0 0 0 0 0 0 0 0 0 0 0 
2036 10 0 0 0 0 0 0 0 0 0 0 0 
2037 10 0 0 0 0 0 0 0 0 0 0 0 
2038 10 0 0 0 0 0 0 0 0 0 0 0 
2039 10 0 0 0 0 0 0 0 0 0 0 0 
2040 10 0 0 0 0 0 0 0 0 0 0 0 
2041 10 0 0 0 0 0 0 0 0 0 0 0 
2042 10 0 0 0 0 0 0 0 0 0 0 0 
2043 10 0 0 0 0 0 0 0 0 0 0 0 
2044 10 0 0 0 0 0 0 0 0 0 0 0 
2045 10 0 0 0 0 0 0 0 0 0 0 0 
2046 10 0 0 0 0 0 0 0 0 0 0 0 

0 4 1 0 bottle_1 0.005363 9 7 -59 90 2 -54 96 12 -54 84 7 -39 84 7 -44 90 7 -44 84 -3 -39 108 17 -54 66 7 -59 96 
1 4 0 
2 4 1 0 bottle_1 1 17 -18 -9 54 -18 -4 126 -23 31 48 -23 11 324 -18 1 108 -18 -9 48 -23 -24 186 -18 16 66 -23 -9 246 -23 16 156 -18 21 78 -23 26 294 -18 21 84 -18 6 150 -18 26 78 -23 21 228 -18 -44 132 
3 4 1 0 bottle_1 1 7 -18 21 54 -28 21 228 -28 -84 264 -23 26 108 -23 26 90 -18 -29 156 17 21 186 
4 4 1 0 bottle_1 1 3 17 -34 78 22 26 78 27 26 84 
5 4 1 0 bottle_1 1 8 27 -84 66 27 -84 84 27 21 108 27 26 66 22 -29 84 22 21 324 22 -9 324 -18 -84 246 
6 4 1 0 bottle_1 0.980545 42 2 46 246 -13 46 270 17 21 324 7 -34 150 -18 -29 186 7 -29 126 7 -29 132 -13 -34 204 2 -29 156 7 21 186 -13 -39 132 -8 26 228 2 -39 108 -3 46 150 -13 21 48 12 -39 96 -13 26 48 7 -44 96 12 -39 84 -13 -84 156 17 -34 96 22 26 84 -3 -24 156 7 26 204 -18 26 270 -18 -9 246 -3 -34 186 -8 -24 150 2 21 186 12 -29 108 12 -24 126 2 -84 126 -18 -64 204 -13 -24 156 -13 -29 156 2 -29 126 2 -24 126 7 -34 108 -13 -29 150 12 -29 96 -3 -29 126 -8 -34 132 
7 4 1 0 bottle_1 1 2 12 -34 84 -13 -34 132 
8 4 1 0 bottle_1 1 5 22 16 204 27 26 108 17 -39 66 27 31 78 22 26 270 
9 4 1 0 bottle_1 0.230769 1 -18 11 78 
10 4 1 0 bottle_1 1 10 7 -34 78 7 -34 84 2 -39 90 2 -44 90 2 -54 90 12 -64 84 2 -59 90 12 -79 204 12 -79 78 7 -84 228 
11 4 1 0 bottle_1 1 17 17 -84 246 17 -79 84 17 -79 90 17 -84 54 17 -79 186 2 -79 126 17 -79 246 17 -79 270 12 -79 90 17 -79 48 -3 -79 228 7 -79 90 2 -79 228 2 -79 156 -13 -79 246 7 -79 294 -3 -79 108 
12 4 1 0 bottle_1 1 18 -8 -79 246 2 -79 294 -8 -79 264 2 -79 270 -3 -79 90 7 -79 48 -8 -79 324 -3 -79 246 2 -79 84 2 -79 66 -3 -79 66 -3 -79 84 2 -79 246 -13 -79 108 -13 -79 324 -13 -79 204 -8 -79 54 -8 -79 66 
13 4 1 0 bottle_1 1 10 7 -84 264 7 -84 246 7 -84 66 12 -84 48 7 -84 54 7 -84 294 12 -84 66 17 -79 324 12 -84 264 22 -79 132 
14 4 1 0 bottle_1 1 3 17 -34 54 2 -64 96 12 -64 78 
15 4 0 
16 4 1 0 bottle_1 0.989011 75 2 46 54 -3 46 66 7 46 54 -3 46 78 7 46 90 2 46 90 2 46 84 -3 46 228 12 46 186 12 46 108 -18 46 246 12 46 126 12 46 84 -3 46 186 12 36 66 -23 46 270 12 46 78 17 31 294 17 36 96 12 46 66 17 31 264 12 46 264 12 36 54 17 36 66 12 46 324 17 46 228 12 36 48 12 46 294 27 41 90 27 41 108 27 41 84 22 36 228 22 46 204 17 46 186 22 41 246 22 36 66 17 36 264 22 41 270 17 36 294 17 41 48 17 46 84 17 46 90 17 46 78 17 46 270 17 41 66 22 46 132 17 46 66 22 46 126 17 41 186 17 46 54 22 46 96 12 41 324 17 41 90 12 41 294 22 46 84 22 46 78 22 46 66 7 41 48 12 41 246 12 41 204 12 41 78 12 41 90 12 41 186 12 41 108 -18 41 90 7 41 156 -18 41 96 7 41 66 7 41 84 2 41 156 2 41 324 7 41 186 -18 41 108 7 41 132 7 41 246 
17 4 1 0 bottle_1 1 11 -23 41 264 2 41 246 -13 41 186 -18 41 270 -18 41 204 -18 41 264 17 51 150 -3 51 246 12 51 156 2 51 204 2 51 156 
18 4 1 0 bottle_1 0.957983 19 22 36 132 -23 36 228 22 41 126 22 41 108 17 36 90 17 41 270 17 41 294 12 31 156 12 36 96 12 36 270 12 36 294 17 36 84 17 31 132 12 31 204 22 36 126 7 36 228 12 46 228 12 46 156 17 41 84 
19 4 1 0 bottle_1 1 1 22 36 156 
20 4 1 0 bottle_1 0.977974 37 7 -89 78 2 -84 78 7 -89 66 2 -84 66 7 -84 156 7 -89 324 2 -84 54 2 -84 84 -3 -84 270 7 -84 150 2 -89 264 2 -89 54 2 -89 90 2 -84 48 2 -89 48 2 -89 294 2 -89 324 -3 -84 324 12 -84 204 2 -89 84 -3 -89 324 -3 -89 90 7 -39 78 7 -84 186 -3 -89 48 -8 -89 270 12 -89 90 -8 -89 324 2 -89 186 7 -89 186 2 -49 90 7 -44 78 7 -54 78 2 -89 150 7 -54 228 -8 -9 204 2 -9 186 
21 4 1 0 bottle_1 0.0909091 1 -3 -9 324 
22 4 1 0 bottle_1 0.97937 989 -3 -59 90 -8 -59 96 -13 -54 108 12 -59 54 2 -59 84 7 -54 66 -3 -39 90 7 -49 66 12 -54 54 -8 -49 96 2 -44 78 -3 -64 90 -3 -54 84 -3 -54 96 -18 -4 204 7 -39 66 2 -49 84 -18 -34 126 -13 -34 108 2 -44 84 -13 -54 48 -18 -54 264 -18 -49 264 -8 -64 108 -18 -59 66 12 -64 66 -18 11 270 -18 -34 132 -3 -64 84 -13 -49 246 -13 -9 324 7 -64 78 -8 -34 96 -23 -69 132 -13 -64 48 -18 6 78 17 -64 48 -8 -54 246 2 -69 78 -18 1 78 -3 -34 96 -13 -4 324 7 -34 66 2 -34 84 -18 16 264 -8 11 246 -8 16 246 -18 -59 270 -18 11 264 -13 -14 156 -23 -14 228 7 -49 204 12 -69 66 -18 -49 66 7 -69 66 -13 11 54 -18 6 84 -23 -24 264 -23 -44 264 -8 -29 108 -18 11 84 -23 1 270 -13 11 66 -18 -14 78 -18 -64 66 -8 -54 90 -18 -19 84 -13 -4 186 -18 1 66 12 -39 48 -13 1 66 7 -59 204 -23 6 294 -8 -54 48 -8 6 246 -23 1 294 -18 -9 78 -23 1 204 -13 11 48 -18 -9 84 -23 31 84 -18 -19 90 -13 -64 126 -18 -34 84 -23 -4 294 -8 -64 48 -18 -14 90 -18 -24 132 -23 -19 228 -13 -14 66 -8 1 246 2 26 228 -18 -4 66 -28 -74 156 -18 -34 90 -23 36 84 -23 -19 270 -13 -39 204 -18 -54 48 -23 -14 204 -13 -9 66 -18 -39 84 -8 -44 90 -13 1 54 12 -59 204 7 -44 204 -18 -4 54 -8 6 324 -23 1 264 -23 -19 186 -18 -64 264 -8 -44 246 -23 -19 204 -13 -34 126 -18 -39 90 -18 -49 48 -18 -29 48 -3 -74 90 -28 36 264 -13 6 324 -18 -59 48 -13 -24 246 -23 36 90 -18 -34 108 -13 -24 66 -18 6 54 -18 -14 156 -18 6 90 -18 -29 96 -18 -19 294 -13 -19 246 -3 -64 78 -23 21 186 -28 -79 294 -8 -69 90 -8 -19 150 -18 -24 48 -18 36 78 -13 6 186 -28 -84 150 -23 -74 126 -18 -74 186 -28 36 228 -8 -64 246 -28 36 246 -13 16 246 -23 -59 264 -13 -29 126 -3 -9 228 -8 -34 228 -13 -54 264 -18 -24 96 -8 -19 66 -8 -44 228 2 -9 156 -8 6 54 -18 -34 96 -13 -24 78 -8 -34 90 -13 -69 126 -13 -69 48 -18 11 90 -8 -4 108 -23 -84 108 -8 -39 228 -23 6 324 -23 21 126 17 -69 54 -13 -74 186 -8 -4 54 -13 -29 204 -13 -34 78 -23 -44 324 -23 -79 204 -8 -9 66 -23 -84 90 -28 -79 150 -3 -24 90 -8 -14 66 -3 -24 48 -8 -14 54 -23 21 150 -13 1 264 -23 -84 126 -13 -9 78 -3 16 246 -3 -74 84 -23 -84 270 -23 -54 324 -13 6 204 -23 36 66 -28 31 246 -18 -4 186 -13 -64 228 -8 -14 108 2 -64 228 -13 -79 186 -18 -4 294 -23 -79 96 -23 31 96 -3 -39 78 -3 21 246 -18 -49 78 -3 26 246 -18 -44 66 -23 -79 186 -18 6 246 -3 -44 78 -23 11 228 -18 36 54 -23 -84 78 -18 1 186 -23 -84 48 -23 -84 264 -3 -44 186 -23 -84 66 2 -59 66 -18 -44 324 -18 1 126 -18 1 132 -18 36 48 -23 31 126 -18 31 186 -23 -79 132 -13 31 66 2 -54 270 -28 -74 324 -23 -79 126 2 -44 66 -13 -44 66 -8 -64 294 2 -54 66 7 1 150 7 -29 78 -23 31 66 2 -14 156 -18 -4 156 -18 -14 132 -13 -54 228 -13 -69 186 -28 -84 246 -18 -14 66 -18 -34 264 -18 1 48 -18 -84 270 -23 -84 294 -13 -29 84 -3 -29 324 -18 16 246 -18 31 54 -8 -9 246 -18 11 132 -23 -79 84 -8 11 186 -23 36 96 -18 -19 186 -13 21 324 -13 16 270 -8 21 156 12 -54 186 -18 1 96 -3 -59 204 -18 -84 84 -18 -89 186 2 -59 270 -8 11 324 -23 36 294 -18 16 90 -8 -59 186 -13 -24 324 -23 36 54 7 -74 66 -3 -34 324 -23 -89 84 -18 -84 264 -3 -9 54 7 -39 54 -8 -9 48 -8 -9 228 -13 6 270 -23 21 132 -8 6 108 7 11 204 -23 -89 90 -3 6 150 -8 16 324 -18 -24 108 -3 -54 294 -18 -84 126 -13 21 270 -18 26 84 -8 41 132 -23 -89 48 -23 -79 48 -18 6 156 -18 36 186 -8 16 186 -23 36 48 -13 -59 186 -28 -79 156 -18 -9 264 -8 -24 270 -13 -69 264 -18 -39 228 -3 -34 78 -13 -19 84 -18 -64 324 -18 -29 228 -8 -34 270 -18 6 96 -18 -84 78 -8 41 84 -18 -69 66 2 -44 228 -13 6 78 -13 11 150 -8 -29 54 -23 -59 324 -23 -79 66 2 -59 156 -23 -89 186 -18 -14 48 -13 36 132 -13 -79 66 -13 -19 108 -23 31 228 -13 -34 96 7 -49 54 -13 -79 84 -13 11 126 -23 -79 324 -13 -49 228 -23 -79 156 2 -4 132 -3 -74 156 -18 -39 324 -8 16 228 -13 -84 66 2 -69 150 -18 -89 270 7 -64 54 2 -14 132 -23 36 126 -8 1 66 -28 -89 324 -18 -79 84 -23 -79 246 -8 -74 84 -8 -79 132 -8 41 96 -13 -9 108 12 -69 132 -13 -44 324 -18 -14 264 -18 -9 270 -3 -4 96 -23 -29 246 -13 31 246 -13 26 270 -18 -84 66 -8 -74 54 -3 -4 48 -3 1 48 7 -44 54 -18 -24 324 -3 -14 96 2 -9 132 -13 -9 264 -13 -9 84 -18 -59 78 -13 -74 54 -18 -14 324 2 -54 156 2 -34 48 -13 11 78 7 -49 156 -18 -19 324 -8 -89 54 -3 -24 186 -18 16 132 7 -64 264 -3 -89 156 2 -19 126 -13 31 132 2 -39 48 7 31 156 -13 -14 126 -13 -84 324 2 26 156 -18 -14 150 2 -19 156 -18 -54 204 -18 -79 54 2 21 156 2 6 294 -3 -4 54 -18 -9 324 -8 -74 48 -13 -34 324 -13 6 126 -18 -89 54 -18 -4 324 -18 -79 150 -18 -9 150 -18 -89 90 -28 -89 132 -8 -84 66 -18 -69 204 -8 -84 132 7 -34 204 -8 -84 54 -3 11 156 -18 -84 294 12 -59 324 -13 -74 48 -3 16 48 -8 -89 132 7 6 126 -8 31 156 -18 -74 294 -3 -69 204 -18 -79 228 -23 -74 246 -3 1 96 7 -54 186 -18 31 84 -13 1 126 -3 41 156 -23 -74 324 -18 -69 246 -18 36 156 2 -69 66 12 -9 126 -3 31 228 -18 16 156 7 -34 54 -18 -84 228 7 -54 150 -3 -4 108 2 1 126 12 26 132 -18 21 150 -13 -4 126 7 -24 132 -3 -14 126 -18 6 294 -13 26 126 2 31 156 -18 36 84 2 -9 90 -18 -79 156 2 -4 126 -8 -39 294 -8 41 324 7 16 204 2 11 156 -3 -4 156 -8 36 126 -13 31 126 12 -24 132 7 -44 264 -18 26 150 2 -14 90 -8 -79 150 -3 -89 126 -18 -59 108 -3 -4 186 -23 -74 264 -8 -84 324 -8 -69 228 -18 21 108 -13 -39 90 -8 -74 228 -18 31 324 -3 -84 84 -13 31 270 -13 36 150 12 -74 126 -8 -29 78 -18 16 108 -8 -54 54 -18 -34 270 7 -59 270 2 -24 132 -3 -19 264 -3 36 150 -8 -69 270 2 -39 54 -18 -19 108 -13 -14 48 12 -64 324 7 11 126 -18 -49 84 -3 -29 78 -3 -34 66 7 -9 132 12 -74 48 -8 -39 264 -13 -44 78 -23 -24 246 -28 -69 264 -28 -69 270 2 16 150 -13 -9 132 -23 36 132 2 11 126 -13 26 150 -8 16 96 7 -74 150 -3 -74 54 -3 -74 150 -23 -74 48 -18 -69 264 -13 -4 84 7 -29 204 -13 -14 264 -13 -34 270 -13 16 132 7 -64 324 -18 21 96 -3 -24 108 -8 -74 150 2 -69 186 2 -34 54 -18 -74 48 12 -49 324 2 -14 150 -18 -89 156 12 -44 186 -13 16 78 12 -69 126 -3 16 84 -3 36 108 -8 -74 264 -8 21 132 -8 -14 294 2 -39 204 12 -54 246 2 -19 90 -13 -19 132 -8 -24 294 -3 -39 294 -13 -14 132 -8 -69 84 -8 -69 324 2 -4 150 2 -4 84 2 11 150 -23 -74 90 -3 1 90 -3 -84 96 -13 -29 48 -23 -74 66 -3 -84 66 -3 31 84 -8 -89 96 -3 -29 66 -23 -59 228 -8 -74 324 -13 -19 270 2 -74 96 -13 -89 204 -8 -19 246 -23 -69 324 -3 -74 204 7 16 132 2 -29 324 7 -24 78 2 -74 66 7 -24 150 -8 -34 48 7 -34 48 12 11 132 -3 1 54 12 -84 132 12 -19 132 2 -19 84 -13 -59 66 -3 -69 294 -8 6 264 -13 36 96 -18 -74 54 -18 -89 132 -18 -74 66 -3 41 90 -23 -49 246 -8 -84 126 -3 -89 132 -8 -84 294 -13 -24 96 -13 31 204 -3 -49 324 -23 -74 150 -8 -34 246 -18 31 132 -8 36 228 7 36 96 -8 36 186 2 -14 96 -18 36 126 -8 36 90 -3 -14 264 12 -44 150 -8 -29 48 2 -69 270 2 -69 246 -8 -9 96 2 -19 264 -8 -24 90 -13 -54 66 -8 1 294 2 -39 264 -3 -54 186 2 -14 270 2 -29 66 -28 -89 246 12 -19 126 -13 1 84 -3 -69 324 12 6 126 -8 16 132 -8 -39 48 -8 -29 84 -18 36 90 -8 36 96 -3 36 132 7 -9 78 -13 26 204 2 -69 294 7 -69 204 7 -74 54 2 6 90 -3 41 204 2 -74 48 -18 11 294 -8 -69 78 2 41 108 -13 6 84 -13 -29 228 -8 31 228 -8 -84 186 12 -49 150 -8 -84 204 -3 -24 66 -8 31 294 7 -19 270 2 -29 270 -3 -9 264 -13 -79 132 7 36 90 -3 -74 108 7 -9 84 7 -14 84 -8 16 108 12 -29 156 2 -49 264 -3 26 48 12 -19 204 -18 26 90 7 -9 264 -13 -59 270 -3 -69 264 -13 36 270 7 -74 156 2 1 96 -3 41 228 17 -74 126 2 -24 96 -3 -74 324 -3 31 48 7 -24 264 7 -29 294 7 1 270 -13 11 84 -3 -4 84 -23 -69 96 2 -74 204 17 -74 132 -23 11 246 2 -74 228 7 -74 186 -13 -84 132 7 -74 204 2 -74 246 -3 36 126 -3 1 84 2 31 132 -3 -44 66 2 -69 324 7 -19 90 -8 6 96 2 21 126 7 31 90 7 26 96 2 -19 108 2 6 84 2 -34 246 -13 -64 96 -8 31 84 12 -69 324 7 -19 108 12 -69 204 17 -24 108 -3 -14 324 2 -34 186 7 -24 84 7 -44 48 -3 -4 270 -23 -69 108 -8 36 108 2 -14 108 -3 41 66 2 41 66 2 41 126 -18 -49 228 -18 -49 90 -8 -64 270 -3 -64 270 -8 1 132 -8 -44 84 12 -19 84 2 -29 228 7 1 84 -13 36 78 -8 21 264 -3 6 84 12 31 96 12 -19 96 7 -64 228 7 -74 246 12 26 84 7 31 186 7 -14 96 7 -19 96 -3 36 78 2 -4 270 12 -14 78 7 -74 264 2 -34 228 7 26 90 2 -24 186 -13 16 84 7 31 54 7 -44 270 2 6 204 -3 -39 246 2 31 66 2 36 270 2 21 108 7 6 270 7 6 84 7 11 270 7 -14 108 7 -74 324 -28 -89 156 2 36 66 7 21 270 -13 -74 156 12 -44 246 -8 -39 324 12 -39 204 7 -29 48 2 -4 78 -18 31 90 -3 31 126 -3 -19 84 -3 36 54 2 -79 108 2 21 96 -18 36 294 2 -69 54 2 -19 78 2 21 66 -13 21 84 -3 -29 204 7 21 96 12 -74 156 2 -59 294 7 -34 228 7 31 270 12 -54 132 7 6 90 2 -89 132 2 16 108 12 31 48 2 -24 324 2 -24 66 7 26 54 7 -39 270 2 -24 204 -13 26 96 12 -9 78 -18 -49 96 2 36 324 7 -24 246 2 31 126 -3 -44 246 -3 31 324 7 -74 270 7 36 84 7 -39 228 12 -9 96 -13 -49 294 -13 11 294 -13 31 294 -8 -19 90 17 -69 108 7 -14 228 -18 -69 96 12 31 324 -8 -19 204 -23 -89 150 -8 31 264 2 21 270 -3 31 186 17 -64 150 2 16 66 2 1 270 -13 -59 294 2 36 264 -13 31 90 12 1 108 2 36 90 12 -24 246 17 -74 108 -3 -29 246 -3 41 264 12 -74 324 12 -19 150 -13 1 90 12 16 78 -8 -4 90 17 -54 126 -8 31 108 12 -9 90 -3 -44 204 -3 6 78 -8 6 90 7 26 186 -3 -59 270 12 -34 246 7 -84 126 -3 1 66 -13 -69 78 12 -4 96 7 -4 228 2 6 270 12 16 108 -13 16 96 2 -79 132 12 11 108 7 26 108 7 -4 108 7 -64 246 -8 26 108 -13 6 90 12 -9 108 -13 26 294 -13 21 294 12 -79 96 12 1 78 12 6 78 2 41 48 7 16 90 -13 -49 270 12 21 90 -8 6 78 -8 -59 84 -3 1 78 -8 -44 264 -8 26 66 2 16 324 12 -4 66 12 6 84 7 21 108 -8 36 78 17 31 108 2 1 48 12 -24 108 12 11 84 12 1 84 12 -14 66 17 -79 108 7 11 108 12 -4 90 17 -19 96 -13 6 96 12 -9 186 2 -69 48 7 36 54 2 31 324 -8 1 90 -13 1 96 2 11 66 7 -64 48 -3 -19 78 -8 -64 78 12 6 96 17 -44 132 17 -49 132 12 16 96 -8 11 78 -3 -14 78 7 -24 324 7 -59 294 2 1 54 12 -9 246 -3 -44 264 2 36 54 7 31 48 7 -59 228 12 -24 324 -3 11 66 7 26 48 2 16 264 -8 -74 126 2 6 54 -3 21 66 -3 -64 66 2 11 264 12 1 66 7 -9 54 7 -19 54 2 -4 204 12 6 66 17 31 84 2 -14 66 2 -4 66 12 11 66 -3 36 66 -8 21 78 7 1 54 -3 -49 48 17 -9 84 2 1 66 2 26 264 12 -64 228 -23 -14 246 2 11 54 2 31 90 -13 -49 84 -3 -49 66 7 -59 48 2 36 48 2 11 48 7 -44 228 12 6 324 -18 -64 96 -18 -49 294 -18 -59 84 7 16 48 -3 -59 264 7 -19 324 17 -49 126 -18 -54 96 -13 -64 84 17 11 96 12 16 66 12 21 66 -23 -4 246 -3 11 264 2 1 246 -3 16 270 -18 -54 294 -8 -49 66 7 26 246 7 1 246 -3 21 264 7 -54 246 12 -49 132 -3 16 264 2 -59 54 12 26 246 -3 -54 66 7 6 246 -18 -59 90 12 11 246 2 -54 54 7 11 246 -13 -14 228 -18 -4 228 -13 -59 84 12 31 228 7 -9 324 -13 -54 78 -13 -59 78 2 -59 48 12 26 228 -8 -59 66 
23 4 1 0 bottle_1 0.545455 3 -3 -4 204 2 -4 324 12 21 228 
24 4 1 0 bottle_1 1 79 17 -4 84 17 -9 204 17 -9 246 22 16 48 22 11 78 22 -9 48 22 -4 132 17 -4 126 22 1 48 17 -24 324 22 -14 54 17 1 84 22 -4 66 17 -9 126 17 6 204 22 11 48 22 6 48 22 1 132 22 16 66 22 -9 132 22 16 96 17 -24 246 27 36 84 17 -14 126 22 31 324 22 -14 132 22 -19 54 22 -24 150 17 1 324 17 -4 264 22 -14 324 17 1 294 27 31 90 22 1 186 22 1 156 22 11 126 17 6 228 17 16 204 17 6 84 22 1 78 27 31 108 27 31 150 17 -19 228 22 1 228 27 36 156 22 31 246 17 -9 264 22 6 228 22 31 156 22 -9 228 22 11 84 22 31 228 17 6 324 22 31 270 22 16 90 22 -4 90 22 -19 84 22 6 84 22 6 54 27 31 66 17 -14 270 17 6 264 17 16 228 22 -19 204 22 31 96 17 1 78 22 16 84 22 6 204 27 36 66 17 6 294 17 26 270 17 -24 186 17 -14 324 17 11 264 22 26 132 17 -19 186 22 21 90 17 11 324 22 26 108 
25 4 1 0 bottle_1 0.992679 113 17 26 246 17 21 246 22 31 66 17 11 294 12 -4 264 22 31 90 17 -4 186 22 31 126 17 -24 66 17 -9 156 12 -24 294 17 -9 132 17 11 156 17 -24 150 12 1 264 17 -4 156 17 -24 54 12 6 264 17 -9 48 17 -19 150 17 -19 54 17 16 96 17 16 294 17 11 78 12 -9 294 -13 36 54 22 31 84 -13 26 66 -13 36 66 -8 36 54 -8 -9 186 -3 6 324 -3 31 90 -3 36 90 -8 -4 78 2 -14 54 17 -9 150 -8 -9 84 -13 21 204 -3 11 90 -18 36 270 2 11 78 -3 16 96 -8 31 48 2 11 84 -13 11 228 -8 26 204 -3 11 324 -3 26 84 -8 -19 186 17 16 132 -8 11 204 -8 -14 84 -3 26 96 12 6 54 12 -9 48 17 -9 66 17 -14 150 7 16 294 12 16 48 7 -14 66 2 21 324 17 16 66 12 -19 48 2 -19 294 12 -19 54 7 21 66 7 -19 66 17 -29 156 7 21 294 12 21 48 7 1 156 -3 16 324 2 1 294 2 11 186 7 31 66 12 1 48 2 -4 246 -3 16 186 -3 6 186 12 11 48 12 26 66 2 -4 294 12 6 48 -3 11 186 7 26 66 2 6 186 2 31 78 -3 21 324 2 21 84 2 -9 246 7 16 324 7 26 78 12 6 150 17 21 90 17 26 84 17 26 90 17 26 78 17 21 78 17 26 54 12 21 270 12 -9 228 7 -19 150 7 -4 156 17 26 156 17 11 54 17 -14 54 7 -9 246 7 -9 156 12 16 228 17 21 48 17 31 48 7 -9 150 
26 4 1 0 bottle_1 0.99343 126 7 -89 270 7 -89 294 12 -84 156 7 -89 264 12 -89 324 12 -89 246 12 -84 150 17 -89 54 12 -89 150 12 -74 246 17 -89 48 12 -54 270 17 -74 186 17 -74 156 12 -89 78 12 -84 78 17 -69 186 17 -84 132 17 -89 246 17 -84 270 2 -39 294 17 -89 294 17 -84 66 17 -89 156 17 -74 246 12 -44 264 17 -74 78 17 -64 186 17 -74 228 12 -64 294 12 -89 84 12 -84 90 12 -74 90 17 -69 246 17 -89 78 17 -84 186 17 -79 96 2 -59 324 22 -79 54 17 -59 228 17 -54 204 17 -69 66 17 -24 90 7 -24 90 12 -89 186 17 -69 324 22 -89 48 2 -24 108 22 -84 132 12 -24 78 22 -79 90 22 -84 48 12 -44 294 17 -54 228 17 -49 204 17 -54 150 12 -34 294 22 -79 84 17 -64 264 17 -59 246 12 -84 96 17 -84 90 2 -44 324 12 -69 90 12 -29 84 17 -34 204 2 -29 108 17 -59 264 12 -84 108 17 -29 66 17 -59 270 17 -44 150 12 -29 90 22 -89 78 17 -34 156 17 -39 156 22 -89 90 22 -74 84 -3 -24 204 17 -74 96 22 -84 66 22 -69 156 17 -29 78 22 -84 156 17 -54 270 22 -74 108 17 -34 150 17 -44 48 22 -59 126 7 -39 324 17 -49 246 22 -69 66 17 -54 48 17 -44 186 17 -34 246 17 -44 246 22 -74 204 12 -44 66 22 -54 126 17 -34 186 22 -74 96 17 -39 246 17 -49 48 17 -34 270 17 -69 90 22 -84 186 17 -64 78 22 -84 204 17 -39 270 22 -89 204 22 -84 324 22 -89 324 -8 -69 132 17 -39 324 17 -49 324 22 -24 78 22 -49 132 22 -74 228 17 -64 84 22 -29 48 22 -89 228 22 -64 54 22 -79 294 22 -89 246 22 -89 264 17 -69 96 
27 4 1 0 bottle_1 0.94898 31 22 -59 48 17 -64 90 22 -64 228 22 -44 132 22 -34 186 22 -29 186 22 -34 54 7 -59 108 27 -79 96 27 -79 84 27 -84 132 27 -69 132 27 -69 126 17 -59 84 12 -59 96 27 -84 48 22 -34 150 17 -54 78 22 -44 156 22 -64 324 22 -64 270 22 -54 48 27 -89 66 27 -64 126 22 -59 264 27 -89 90 -13 -54 132 7 -49 96 22 -44 126 22 -39 228 22 -34 228 
28 4 1 0 bottle_1 0.0242261 3 32 -79 126 32 -79 78 32 -89 78 
29 4 1 0 bottle_1 0.0659341 2 17 -39 126 2 -34 150 
30 4 1 0 bottle_1 0.97537 33 7 -59 132 12 -54 108 2 -49 132 -3 -54 132 17 -54 96 -13 -49 156 7 -54 132 17 -54 90 12 -49 108 27 -64 48 2 -49 126 27 -64 54 22 -49 96 22 -49 90 -18 -44 150 17 -49 96 -8 -44 132 27 -59 48 22 -49 54 17 -39 84 12 -44 132 -3 -44 156 -23 -49 150 -13 -49 126 17 -44 90 17 -49 90 -8 -44 150 22 -49 78 17 -44 96 -8 -49 132 2 -49 108 -8 -49 126 7 -44 132 
31 4 1 0 bottle_1 1 3 2 -44 132 12 -39 108 7 -39 132 
32 4 1 0 bottle_1 0.545455 1 -8 -39 156 
33 4 1 0 bottle_1 1 16 27 -54 66 27 -49 66 22 -39 108 27 -54 78 22 -59 108 22 -59 96 17 -44 126 17 -39 108 -13 -54 156 -3 -59 150 -8 -54 156 2 -59 150 -3 -54 150 12 -54 126 12 -39 126 17 -54 108 
34 4 1 0 bottle_1 1 2 -23 -49 156 -28 -54 156 
35 4 1 0 bottle_1 0.955752 18 27 -59 66 17 -39 90 27 -39 48 27 -74 270 32 -79 132 27 -79 264 22 -39 78 27 -79 294 27 -79 246 27 -54 186 27 -74 228 27 -59 186 27 -89 324 27 -84 324 27 -79 204 22 -54 324 27 -74 186 22 -39 204 
36 4 1 0 bottle_1 0.395604 6 32 -79 150 32 -79 66 27 -89 264 32 -84 96 27 -89 294 32 -89 90 
37 4 1 0 bottle_1 0.987342 65 22 51 150 17 51 204 17 51 246 27 41 66 27 46 96 22 -29 228 27 46 150 22 46 270 27 -69 96 27 -29 228 32 31 90 22 1 270 -28 -24 264 22 -44 270 27 46 108 27 41 150 27 -54 132 22 -64 84 27 -49 90 -28 41 246 22 -34 96 32 -34 54 -28 -64 270 27 41 156 -28 -54 246 -23 -64 84 27 -49 108 -23 -54 186 27 -39 54 32 -64 132 32 31 84 22 46 294 32 -64 66 32 -49 108 27 1 66 27 1 90 -28 -64 246 -28 -64 324 27 -29 90 -28 36 48 -28 -59 228 -23 -4 156 -18 -54 186 -23 -9 156 -28 41 228 27 -4 324 27 -54 126 -23 41 84 -28 -4 228 27 41 324 -23 -64 90 27 -49 132 -28 -24 270 -23 -54 204 32 36 78 -28 -59 246 -28 -49 246 22 16 270 22 -54 294 27 31 294 17 -64 108 -28 36 156 27 -39 126 22 -34 270 -28 -64 294 
38 4 1 0 bottle_1 0.989594 317 -28 36 150 32 31 132 -28 -29 264 27 -64 78 32 1 90 12 -34 126 27 -34 264 27 36 186 -28 -59 132 -23 -54 66 27 -14 150 -23 -34 84 -28 -49 294 27 36 270 -23 -34 108 -23 -49 48 -28 36 66 32 -54 126 27 21 54 -28 -49 228 -18 -39 204 -23 -64 126 17 -34 108 -8 -39 186 27 -49 126 -13 -34 186 27 -24 84 27 -19 78 -23 41 90 -28 -24 294 -23 -34 96 -28 -19 186 -13 41 66 -28 -29 294 22 -64 96 27 1 132 -23 -39 84 32 -49 270 -23 -14 150 -28 21 246 -8 -64 156 22 -34 294 32 -24 78 -18 16 48 -23 -19 150 27 -39 108 -23 -9 108 -3 -64 132 -23 1 84 -28 36 54 -8 41 66 -8 -59 150 7 -64 132 -3 46 54 27 -9 150 -23 -29 204 -23 -34 204 -8 -69 150 27 41 228 -13 41 54 2 -64 126 27 -59 84 -23 -9 150 -23 -39 108 27 16 54 22 -39 84 27 -24 54 -23 -14 78 32 -54 54 27 -4 108 -23 -44 96 -23 1 150 -28 1 246 -28 -29 186 -28 26 90 32 36 108 27 6 132 27 26 150 -28 41 78 32 -64 108 -28 -64 132 -23 -49 132 -23 -59 54 -23 -24 132 32 -19 78 -18 11 54 27 31 270 32 -49 132 32 -19 126 27 6 66 -23 16 90 -23 -49 54 27 -4 204 32 -69 48 -28 41 324 -23 -54 96 32 -49 150 -23 -24 90 -28 -49 150 27 -29 54 -28 36 126 -23 -34 66 -28 1 228 27 -9 228 -23 11 78 -28 -19 324 22 -24 246 27 -59 78 32 -39 270 -28 -9 186 32 31 96 -23 -54 108 27 -19 156 -28 26 204 27 -34 186 32 -69 108 32 -59 96 27 -44 96 -23 -4 126 27 -54 264 -28 -34 294 22 -39 96 22 -54 108 -23 6 84 -23 11 84 22 -14 246 32 -39 186 27 -29 78 32 -4 96 27 -54 96 32 -29 48 -28 -49 156 32 -49 48 32 -39 90 -23 -14 132 -28 21 270 27 -39 84 32 -64 96 32 -54 66 -28 -39 126 -28 -4 270 -28 31 324 -28 -44 126 32 -29 204 27 41 264 27 -39 78 -23 26 48 27 21 186 -28 -49 132 27 -4 150 -28 1 264 27 -14 66 -28 -19 270 27 11 54 27 -9 126 27 -14 132 27 -9 264 27 21 228 27 -54 84 32 -34 186 -28 16 156 -28 -34 324 -28 1 270 -23 -19 48 27 -44 150 27 -19 204 27 -69 90 27 -29 156 -23 -14 48 -23 -59 84 -28 -9 204 -28 21 126 22 11 324 32 -29 54 22 -24 324 27 -44 90 -23 6 108 27 -49 270 32 -44 96 -23 -29 150 -28 21 324 -23 -4 108 27 -34 324 27 -24 48 22 11 264 27 -4 84 -28 26 48 32 -64 54 -23 21 48 32 -14 90 -23 -4 96 -28 -39 246 27 -9 48 27 -9 84 -28 31 132 32 -9 54 27 16 156 -28 21 204 -28 26 132 -28 -19 294 32 -59 264 22 -39 270 -23 -39 90 27 -14 186 -28 36 84 32 -29 84 32 -59 324 -28 -14 264 -28 16 294 27 16 66 -28 6 270 32 -59 48 27 -44 66 -28 6 228 22 -24 294 22 -34 90 32 -39 228 -28 26 78 -23 11 90 32 -39 246 27 -9 78 32 -54 84 27 11 108 27 -39 270 -28 -9 228 27 -24 324 32 -4 126 -23 -29 126 -23 -19 96 27 1 84 32 6 96 -28 -54 126 27 -49 324 27 11 324 27 -59 108 22 6 324 27 -9 66 27 -34 84 -28 31 66 -23 -4 48 32 -39 96 32 -54 264 22 -39 294 -23 6 96 27 -34 126 32 -44 150 -28 -14 294 32 -39 132 27 1 150 27 -34 78 -23 -19 84 32 -59 246 -23 6 90 32 -44 186 22 -44 294 32 -34 156 27 21 90 27 1 264 22 -64 294 -28 26 66 27 -4 78 27 21 204 -28 16 126 32 -34 132 32 -59 90 -28 31 108 22 -14 264 22 -19 264 -23 -4 132 27 -44 264 32 -24 66 27 -4 54 27 -39 156 32 1 84 22 -4 264 22 -24 270 27 6 156 27 -34 90 27 -59 228 32 -44 204 27 -34 204 27 6 324 32 -49 246 -23 -9 84 27 -24 294 27 -44 294 27 -44 126 32 -4 78 27 -64 204 32 -49 264 -23 6 48 32 -24 96 27 -19 264 27 -49 246 27 21 96 22 -19 270 32 -39 156 32 -49 84 32 -34 204 32 -4 54 27 6 186 22 6 294 22 -49 264 27 -44 84 27 21 66 -28 31 96 27 21 84 27 -19 132 27 -44 132 32 1 78 27 26 186 32 -44 84 27 -49 228 22 6 264 22 -14 270 32 -49 54 32 -44 48 
39 4 1 0 bottle_1 0.0625 1 -23 -44 204 
40 4 1 0 bottle_1 0.973822 31 -28 26 96 -28 16 108 -28 21 96 -28 11 126 -28 41 96 -28 -49 48 27 26 294 32 26 108 32 36 66 -28 41 90 32 31 66 -28 21 48 32 11 96 32 11 84 -28 -54 78 -28 21 78 32 36 48 32 26 156 -28 1 132 32 26 78 32 26 90 -28 -4 126 32 26 84 32 21 108 -28 46 84 32 41 84 32 16 90 32 16 108 32 26 48 27 46 246 32 21 84 
41 4 1 0 bottle_1 1 6 -13 56 150 -13 56 90 -13 56 108 -18 56 294 -13 56 54 -18 56 264 
42 4 1 0 bottle_1 1 6 -8 56 90 -8 56 108 -23 56 228 -18 56 96 -18 56 66 -23 56 264 
43 4 1 0 bottle_1 1 3 22 51 90 17 51 264 17 56 228 
44 4 1 0 bottle_1 1 112 17 56 270 27 51 126 22 51 264 17 56 246 17 51 78 17 56 324 22 56 84 17 56 294 22 51 246 22 56 132 22 51 294 22 56 126 17 51 132 17 51 96 17 56 78 27 51 108 17 56 48 27 51 156 22 56 108 17 51 108 17 56 84 27 51 78 -8 56 270 12 51 54 12 51 78 12 56 270 7 51 96 2 51 294 12 56 54 12 56 48 -13 46 126 -8 46 96 -8 46 78 -13 46 66 -18 -64 186 12 56 66 -18 46 132 -8 51 186 -18 46 204 7 51 48 -13 46 96 2 51 66 12 51 126 2 51 90 -3 51 132 -18 46 150 27 51 54 -13 51 270 7 51 270 -8 51 324 -8 56 150 7 51 264 -3 56 96 2 51 150 2 51 132 7 51 150 12 51 90 -13 51 294 -8 51 90 2 51 48 7 51 84 7 51 132 2 51 54 -3 51 48 -3 56 108 -23 -64 204 12 56 108 2 56 246 7 56 294 -13 51 108 -13 51 126 7 51 126 -13 51 84 12 51 132 -18 46 66 -8 51 78 -18 46 84 -13 51 324 -8 56 156 7 56 108 -3 56 132 -13 51 54 12 56 84 -18 51 204 -18 56 228 -3 51 54 -13 56 228 7 56 270 7 56 150 -13 56 270 12 56 90 -18 46 96 -18 51 294 -13 56 186 7 56 132 -23 46 204 -18 51 324 -18 51 90 -23 51 264 -18 51 66 -23 46 66 -23 51 324 -23 46 78 -18 51 96 -23 51 54 -23 51 66 -23 51 78 -23 51 126 -23 51 84 -28 -19 156 -28 46 126 -28 46 54 
45 4 1 0 bottle_1 1 30 -28 -74 96 -28 -84 78 -28 -79 84 -28 -74 66 -28 -69 54 -28 -79 48 -28 -64 108 -28 -74 132 -28 -64 96 -28 -69 132 -28 -64 48 -28 -64 84 -28 -64 90 -28 -89 186 32 -64 246 32 -74 294 32 -64 324 32 -69 324 32 -74 228 32 -74 324 32 -74 204 32 -74 84 32 -89 156 32 -69 156 32 -74 78 32 -74 90 32 -89 150 32 -74 150 32 -89 132 32 -84 132 
46 4 0 
47 4 1 0 bottle_1 1 9 32 -69 270 32 -84 186 32 -74 264 32 -74 270 32 -79 294 32 -79 246 32 -79 270 32 -84 270 32 -84 264 
48 4 1 0 bottle_1 0.230769 1 -28 -74 186 
49 4 1 0 bottle_1 0.315789 5 -28 -89 48 32 -89 294 32 -89 264 32 -89 246 -28 -89 96 
50 4 1 0 bottle_1 0.028436 2 -13 71 96 12 66 264 
51 4 1 0 bottle_1 0.938272 38 -28 -34 150 12 66 90 -28 -14 48 12 66 204 12 66 54 12 66 324 12 66 246 12 66 228 7 76 324 7 71 186 7 71 228 7 71 246 17 66 90 12 71 78 12 71 96 12 71 54 12 71 126 17 66 66 32 -19 246 32 -14 246 32 -29 228 32 1 264 32 -9 294 32 -24 324 32 1 156 32 1 270 32 -24 204 32 -9 324 32 -19 228 32 -19 204 32 6 156 32 -14 150 32 -19 150 32 -24 156 -18 71 204 32 1 324 27 6 294 32 -4 186 
52 4 1 0 bottle_1 0.339623 3 27 11 270 32 6 108 32 1 108 
53 4 1 0 bottle_1 0.193548 3 -28 -44 186 -28 -49 84 -28 -49 90 
54 4 1 0 bottle_1 0.0306122 1 -23 -39 204 
55 4 1 0 bottle_1 0.752852 33 -18 66 78 -18 66 90 -23 71 90 17 66 294 17 66 270 17 66 204 -28 81 78 -28 81 270 -23 81 84 -28 81 66 -28 81 126 -28 81 186 -23 81 294 -23 81 66 -28 86 126 -28 81 324 -23 86 90 -13 66 78 -28 81 246 -23 86 84 -23 81 228 22 66 108 -13 66 96 -23 86 204 -23 86 264 12 66 186 22 66 204 22 66 156 22 66 228 22 76 228 -18 66 324 22 81 186 22 81 264 
56 4 1 0 bottle_1 0.957265 112 22 86 270 27 66 204 22 81 54 22 91 132 27 91 108 -18 86 96 27 66 150 22 81 126 27 66 294 27 81 228 22 91 126 32 76 54 22 86 132 32 71 54 27 71 294 27 71 78 27 81 54 27 71 66 22 86 126 27 71 84 17 91 228 32 61 78 27 91 126 32 71 204 27 91 150 32 71 228 22 91 90 22 91 66 22 81 48 22 81 66 32 91 186 32 66 84 32 66 228 32 66 66 32 66 294 32 76 246 22 86 48 32 66 126 32 61 48 27 91 294 32 71 132 27 76 324 32 91 294 32 76 108 27 81 78 27 81 90 32 71 294 32 61 126 32 61 294 27 91 270 32 76 156 27 81 84 -18 86 108 32 81 204 32 81 126 32 76 90 32 76 324 32 61 324 32 91 156 27 91 324 32 71 108 32 66 108 32 81 108 32 91 78 32 76 84 32 86 228 32 66 324 27 86 78 32 81 264 -18 81 66 32 81 156 27 86 324 27 81 48 32 86 204 32 81 246 32 81 294 32 81 66 32 86 96 17 86 270 32 81 84 32 91 66 32 86 324 27 86 66 32 81 270 32 86 78 32 86 246 -18 91 66 32 86 54 7 66 48 17 86 204 -18 86 66 17 86 186 -8 66 78 17 91 54 17 91 48 -18 66 246 17 91 108 -18 86 54 17 91 96 -8 66 96 -13 66 150 -13 66 156 -18 91 156 7 66 96 17 86 90 -13 66 264 2 66 48 7 66 156 7 66 132 -13 66 246 -8 66 150 -8 66 156 
57 4 1 0 bottle_1 0.130435 1 -8 66 324 
58 4 1 0 bottle_1 1 7 -13 71 228 2 76 48 -3 71 90 -13 71 264 2 71 48 -18 71 264 12 76 108 
59 4 1 0 bottle_1 0.973822 124 7 76 90 7 76 96 2 71 132 2 71 108 2 71 126 7 76 78 2 71 96 -3 71 270 2 71 150 2 71 90 2 71 186 2 71 84 2 76 270 2 76 246 7 56 90 7 56 54 2 71 66 -13 56 324 -3 56 270 7 71 96 7 71 108 17 86 156 7 71 90 7 71 78 -3 71 126 2 56 150 7 71 66 12 76 66 -28 51 108 -3 56 186 -28 51 96 12 76 90 -23 86 48 -23 76 48 -8 76 78 7 76 294 -23 81 54 -28 56 84 -3 71 78 -23 76 150 -8 71 264 32 76 270 32 71 264 -8 71 270 -28 56 90 -28 86 78 -28 91 66 -28 91 228 12 76 186 -28 91 186 -8 71 228 -28 91 126 -28 91 246 -28 91 204 -28 51 78 -28 91 96 -28 91 84 -28 91 54 -28 91 294 -28 56 78 22 81 156 12 81 324 -28 56 66 22 81 108 -28 76 186 -28 61 90 17 81 228 -28 66 78 -28 86 324 22 66 324 -28 86 150 27 76 270 -23 86 78 27 66 66 27 66 78 -28 76 90 27 61 96 27 66 84 -28 86 132 -28 86 66 -28 71 66 -28 56 48 -23 71 132 22 76 246 27 66 324 17 81 246 32 61 228 -28 76 228 -28 71 48 32 61 96 32 61 54 12 76 228 -28 71 186 -28 86 90 -28 86 108 -28 76 156 27 61 84 22 66 48 27 61 270 -18 66 54 32 56 264 17 76 84 17 76 246 22 66 84 -18 71 96 17 76 66 17 81 264 -28 61 132 -28 61 156 -23 86 96 -28 66 84 -28 71 90 22 71 228 -23 81 108 -23 76 90 17 76 132 27 61 90 22 76 186 22 76 324 22 76 90 22 71 270 22 76 126 32 56 294 22 76 66 
60 4 1 0 bottle_1 1 94 32 56 48 -28 61 324 22 71 78 12 71 48 22 61 54 22 71 108 22 61 66 22 71 132 17 76 228 22 66 66 -13 76 66 -18 71 156 22 71 48 -18 66 48 -28 66 132 -8 71 84 32 51 264 -13 76 48 -13 76 132 -23 71 228 17 71 54 -13 71 54 -28 61 186 -28 61 246 -28 61 270 -18 71 294 22 61 324 -8 71 90 17 71 78 -23 71 324 32 56 66 17 71 66 -8 71 66 32 56 78 -13 71 132 -23 61 54 17 71 108 -23 61 132 22 61 228 17 71 228 32 51 204 17 71 204 -13 66 66 -18 71 270 -28 66 186 -28 66 264 17 71 324 -18 76 150 -28 66 270 32 56 150 -23 66 132 -8 71 186 -18 76 294 -23 61 66 -23 66 78 32 51 48 -18 76 156 -18 76 66 -23 61 84 -23 91 324 22 61 186 -18 76 90 -23 66 126 -18 76 204 -18 76 78 -18 76 108 32 51 54 -18 76 132 27 56 228 27 56 324 32 51 78 27 56 204 32 51 90 27 56 66 27 56 108 32 51 84 -23 76 228 -18 81 48 -23 86 324 27 56 132 -28 56 294 -23 56 66 -18 81 78 -28 56 204 27 51 204 27 51 324 27 51 228 22 56 90 22 56 186 32 46 78 32 46 96 -23 91 186 32 46 132 -23 91 246 
61 4 1 0 bottle_1 0.230769 1 -28 21 66 
62 4 1 0 bottle_1 0.972527 59 -28 1 108 -28 -4 108 -28 -29 108 -28 6 108 -28 1 96 -28 -9 96 -28 11 96 -28 6 96 -28 -24 78 -28 -9 90 -28 -24 84 -28 -24 150 -28 -29 84 -28 -14 90 -28 -29 78 -28 -14 84 -28 -44 84 -28 11 66 -28 -19 90 -28 16 66 -28 -34 78 -28 -9 66 -28 -24 90 -28 -44 96 -28 -4 66 -28 -34 90 -28 16 78 -28 -14 66 -28 -39 90 -28 -9 54 -28 -4 54 -28 1 54 -28 -39 66 -28 6 54 -28 -44 66 -28 -44 54 32 11 294 32 16 294 32 11 264 32 16 264 32 46 264 32 46 294 32 11 228 32 16 228 32 16 204 32 6 186 32 26 270 32 41 246 32 31 264 32 36 270 32 31 294 32 36 246 27 16 294 32 36 294 32 36 228 32 41 186 32 46 54 32 16 132 32 11 54 
63 4 1 0 bottle_1 1 4 32 31 186 32 36 186 32 46 84 32 21 132 
64 4 1 0 bottle_1 0.0239044 1 -28 -4 48 
65 4 1 0 bottle_1 0.179104 2 12 81 228 -23 61 156 
66 4 1 0 bottle_1 0.146341 1 -3 66 204 
67 4 1 0 bottle_1 0.545455 1 2 66 228 
68 4 1 0 bottle_1 0.923077 10 2 66 150 2 66 96 2 66 78 -3 91 54 -3 66 294 -13 66 228 -8 66 204 -8 91 54 -8 66 228 -3 66 126 
69 4 1 0 bottle_1 1 4 12 91 228 7 91 48 7 91 54 12 91 204 
70 4 1 0 bottle_1 1 4 7 81 204 12 81 78 7 81 324 7 86 294 
71 4 1 0 bottle_1 1 98 7 81 246 12 81 66 7 86 246 7 81 66 7 81 228 7 86 186 7 81 54 7 81 264 7 86 228 12 86 78 12 86 66 12 86 132 12 86 156 2 81 48 7 81 84 12 81 204 12 86 270 17 81 78 17 81 90 7 86 66 12 81 84 2 86 186 2 86 324 2 81 66 12 86 264 2 81 132 7 81 78 12 86 84 7 86 108 7 91 204 2 91 204 2 91 186 2 86 66 7 91 186 2 81 108 7 91 108 2 91 156 2 86 90 2 91 150 17 81 96 7 91 90 7 91 270 -3 81 324 7 91 84 2 86 78 2 91 54 2 91 48 2 91 90 -8 81 228 -3 86 264 -3 91 270 -3 81 204 -3 91 78 -3 86 48 -3 86 126 -3 91 324 -3 86 246 7 81 108 -3 81 108 -3 81 54 -3 91 84 -8 81 204 -3 86 66 -8 81 270 -3 91 66 -8 91 270 -3 86 108 -8 81 294 -3 81 90 -8 81 324 -8 86 270 -3 81 78 -8 91 132 -8 86 324 -13 91 228 -13 81 204 -8 86 150 -13 91 150 -8 86 48 -13 81 264 -8 86 96 -8 81 150 -13 81 294 -13 81 186 -13 86 270 -13 86 228 -8 81 54 -8 86 126 -8 81 156 -8 81 48 -13 86 294 -13 86 324 -13 86 66 -8 81 96 -13 86 150 -8 81 66 -18 81 204 -13 81 90 
72 4 1 0 bottle_1 1 59 22 61 96 -18 61 78 -23 61 324 17 61 204 17 61 48 -13 61 78 -18 61 84 17 61 294 -13 61 66 17 61 96 17 61 246 -8 61 48 17 61 150 17 61 66 22 61 132 -18 61 150 12 61 48 -13 61 84 -13 61 96 17 61 228 -8 61 132 -23 61 264 -8 61 66 7 61 264 12 61 270 2 61 108 12 61 264 -18 61 186 -3 61 108 -8 61 84 -3 61 126 2 61 150 7 61 84 2 61 84 2 61 90 7 61 78 -18 61 228 12 61 66 12 61 84 2 61 96 -8 61 96 -13 61 246 7 61 66 2 61 66 2 61 246 -13 61 186 -8 61 246 -13 61 228 2 61 294 -3 61 294 2 56 48 -8 61 270 2 56 78 -8 61 264 -13 61 264 2 56 90 2 56 54 -3 56 156 -3 56 294 
73 4 0 
74 4 1 0 bottle_1 0.166667 1 7 56 78 
75 4 1 0 bottle_1 0.0983607 1 2 61 324 
76 4 1 0 bottle_1 0.0825688 3 -3 56 54 -3 56 90 -3 56 48 
77 4 1 0 bottle_1 0.0303443 26 12 91 78 12 91 84 12 91 90 12 91 66 12 91 96 -18 91 264 -13 91 84 -13 91 90 -18 91 324 -8 76 54 -13 76 204 -13 76 324 -13 76 270 -8 76 126 -3 76 90 -3 76 84 -8 76 270 2 76 84 -8 76 228 -3 76 294 -8 76 186 -8 76 246 2 76 132 -3 76 228 -3 76 270 -3 76 246 
