10 45 4
0 0 -1 318 2 25 -1 -1 -1 -1 -1 2 485 
1 1 0 0 0 0 0 0 0 0 0 0 0 
2 1 -1 90 2 32 -1 -1 -1 -1 -1 0 543 
3 2 0 0 0 0 0 0 0 0 0 0 0 
4 2 0 0 0 0 0 0 0 0 0 0 0 
5 2 -1 33 2 10 -1 -1 -1 -1 -1 2 9350 
6 2 -1 148 2 21 -1 -1 -1 -1 -1 3 177 
7 3 0 0 0 0 0 0 0 0 0 0 0 
8 3 0 0 0 0 0 0 0 0 0 0 0 
9 3 0 0 0 0 0 0 0 0 0 0 0 
10 3 0 0 0 0 0 0 0 0 0 0 0 
11 3 -1 100 4 22 -1 -1 -1 -1 -1 2 6617 
12 3 -1 119 3 11 -1 -1 -1 -1 -1 2 -49 
13 3 35 0 0 0 0 0 0 0 0 0 0 
14 3 -1 1 2 36 -1 -1 -1 -1 -1 0 486 
15 4 0 0 0 0 0 0 0 0 0 0 0 
16 4 0 0 0 0 0 0 0 0 0 0 0 
17 4 0 0 0 0 0 0 0 0 0 0 0 
18 4 0 0 0 0 0 0 0 0 0 0 0 
19 4 0 0 0 0 0 0 0 0 0 0 0 
20 4 0 0 0 0 0 0 0 0 0 0 0 
21 4 0 0 0 0 0 0 0 0 0 0 0 
22 4 0 0 0 0 0 0 0 0 0 0 0 
23 4 -1 45 2 12 -1 -1 -1 -1 -1 2 5331 
24 4 -1 48 3 13 -1 -1 -1 -1 -1 0 -11 
25 4 18 0 0 0 0 0 0 0 0 0 0 
26 4 -1 304 3 35 -1 -1 -1 -1 -1 2 35 
27 4 0 0 0 0 0 0 0 0 0 0 0 
28 4 0 0 0 0 0 0 0 0 0 0 0 
29 4 -1 227 4 11 -1 -1 -1 -1 -1 3 2630 
30 4 44 0 0 0 0 0 0 0 0 0 0 
31 5 0 0 0 0 0 0 0 0 0 0 0 
32 5 0 0 0 0 0 0 0 0 0 0 0 
33 5 0 0 0 0 0 0 0 0 0 0 0 
34 5 0 0 0 0 0 0 0 0 0 0 0 
35 5 0 0 0 0 0 0 0 0 0 0 0 
36 5 0 0 0 0 0 0 0 0 0 0 0 
37 5 0 0 0 0 0 0 0 0 0 0 0 
38 5 0 0 0 0 0 0 0 0 0 0 0 
39 5 0 0 0 0 0 0 0 0 0 0 0 
40 5 0 0 0 0 0 0 0 0 0 0 0 
41 5 0 0 0 0 0 0 0 0 0 0 0 
42 5 0 0 0 0 0 0 0 0 0 0 0 
43 5 0 0 0 0 0 0 0 0 0 0 0 
44 5 0 0 0 0 0 0 0 0 0 0 0 
45 5 0 0 0 0 0 0 0 0 0 0 0 
46 5 0 0 0 0 0 0 0 0 0 0 0 
47 5 1 0 0 0 0 0 0 0 0 0 0 
48 5 -1 263 2 20 -1 -1 -1 -1 -1 3 751 
49 5 -1 344 4 14 -1 -1 -1 -1 -1 0 10097 
50 5 -1 156 4 34 -1 -1 -1 -1 -1 3 1659 
51 5 0 0 0 0 0 0 0 0 0 0 0 
52 5 0 0 0 0 0 0 0 0 0 0 0 
53 5 -1 16 2 16 -1 -1 -1 -1 -1 0 4167 
54 5 34 0 0 0 0 0 0 0 0 0 0 
55 5 0 0 0 0 0 0 0 0 0 0 0 
56 5 0 0 0 0 0 0 0 0 0 0 0 
57 5 0 0 0 0 0 0 0 0 0 0 0 
58 5 0 0 0 0 0 0 0 0 0 0 0 
59 5 -1 112 2 38 -1 -1 -1 -1 -1 1 366 
60 5 43 0 0 0 0 0 0 0 0 0 0 
61 5 0 0 0 0 0 0 0 0 0 0 0 
62 5 0 0 0 0 0 0 0 0 0 0 0 
63 6 0 0 0 0 0 0 0 0 0 0 0 
64 6 0 0 0 0 0 0 0 0 0 0 0 
65 6 0 0 0 0 0 0 0 0 0 0 0 
66 6 0 0 0 0 0 0 0 0 0 0 0 
67 6 0 0 0 0 0 0 0 0 0 0 0 
68 6 0 0 0 0 0 0 0 0 0 0 0 
69 6 0 0 0 0 0 0 0 0 0 0 0 
70 6 0 0 0 0 0 0 0 0 0 0 0 
71 6 0 0 0 0 0 0 0 0 0 0 0 
72 6 0 0 0 0 0 0 0 0 0 0 0 
73 6 0 0 0 0 0 0 0 0 0 0 0 
74 6 0 0 0 0 0 0 0 0 0 0 0 
75 6 0 0 0 0 0 0 0 0 0 0 0 
76 6 0 0 0 0 0 0 0 0 0 0 0 
77 6 0 0 0 0 0 0 0 0 0 0 0 
78 6 0 0 0 0 0 0 0 0 0 0 0 
79 6 0 0 0 0 0 0 0 0 0 0 0 
80 6 0 0 0 0 0 0 0 0 0 0 0 
81 6 0 0 0 0 0 0 0 0 0 0 0 
82 6 0 0 0 0 0 0 0 0 0 0 0 
83 6 0 0 0 0 0 0 0 0 0 0 0 
84 6 0 0 0 0 0 0 0 0 0 0 0 
85 6 0 0 0 0 0 0 0 0 0 0 0 
86 6 0 0 0 0 0 0 0 0 0 0 0 
87 6 0 0 0 0 0 0 0 0 0 0 0 
88 6 0 0 0 0 0 0 0 0 0 0 0 
89 6 0 0 0 0 0 0 0 0 0 0 0 
90 6 0 0 0 0 0 0 0 0 0 0 0 
91 6 0 0 0 0 0 0 0 0 0 0 0 
92 6 0 0 0 0 0 0 0 0 0 0 0 
93 6 0 0 0 0 0 0 0 0 0 0 0 
94 6 0 0 0 0 0 0 0 0 0 0 0 
95 6 0 0 0 0 0 0 0 0 0 0 0 
96 6 0 0 0 0 0 0 0 0 0 0 0 
97 6 2 0 0 0 0 0 0 0 0 0 0 
98 6 -1 171 4 21 -1 -1 -1 -1 -1 0 3227 
99 6 -1 295 4 27 -1 -1 -1 -1 -1 2 6672 
100 6 7 0 0 0 0 0 0 0 0 0 0 
101 6 -1 292 2 21 -1 -1 -1 -1 -1 3 369 
102 6 -1 16 0 19 -1 -1 -1 -1 -1 0 32 
103 6 0 0 0 0 0 0 0 0 0 0 0 
104 6 0 0 0 0 0 0 0 0 0 0 0 
105 6 0 0 0 0 0 0 0 0 0 0 0 
106 6 0 0 0 0 0 0 0 0 0 0 0 
107 6 -1 269 1 28 -1 -1 -1 -1 -1 2 -48 
108 6 -1 117 4 17 -1 -1 -1 -1 -1 1 3768 
109 6 0 0 0 0 0 0 0 0 0 0 0 
110 6 0 0 0 0 0 0 0 0 0 0 0 
111 6 0 0 0 0 0 0 0 0 0 0 0 
112 6 0 0 0 0 0 0 0 0 0 0 0 
113 6 0 0 0 0 0 0 0 0 0 0 0 
114 6 0 0 0 0 0 0 0 0 0 0 0 
115 6 0 0 0 0 0 0 0 0 0 0 0 
116 6 0 0 0 0 0 0 0 0 0 0 0 
117 6 0 0 0 0 0 0 0 0 0 0 0 
118 6 0 0 0 0 0 0 0 0 0 0 0 
119 6 -1 238 4 35 -1 -1 -1 -1 -1 2 2264 
120 6 -1 247 0 36 -1 -1 -1 -1 -1 3 24 
121 6 0 0 0 0 0 0 0 0 0 0 0 
122 6 0 0 0 0 0 0 0 0 0 0 0 
123 6 0 0 0 0 0 0 0 0 0 0 0 
124 6 0 0 0 0 0 0 0 0 0 0 0 
125 6 0 0 0 0 0 0 0 0 0 0 0 
126 6 0 0 0 0 0 0 0 0 0 0 0 
127 7 0 0 0 0 0 0 0 0 0 0 0 
128 7 0 0 0 0 0 0 0 0 0 0 0 
129 7 0 0 0 0 0 0 0 0 0 0 0 
130 7 0 0 0 0 0 0 0 0 0 0 0 
131 7 0 0 0 0 0 0 0 0 0 0 0 
132 7 0 0 0 0 0 0 0 0 0 0 0 
133 7 0 0 0 0 0 0 0 0 0 0 0 
134 7 0 0 0 0 0 0 0 0 0 0 0 
135 7 0 0 0 0 0 0 0 0 0 0 0 
136 7 0 0 0 0 0 0 0 0 0 0 0 
137 7 0 0 0 0 0 0 0 0 0 0 0 
138 7 0 0 0 0 0 0 0 0 0 0 0 
139 7 0 0 0 0 0 0 0 0 0 0 0 
140 7 0 0 0 0 0 0 0 0 0 0 0 
141 7 0 0 0 0 0 0 0 0 0 0 0 
142 7 0 0 0 0 0 0 0 0 0 0 0 
143 7 0 0 0 0 0 0 0 0 0 0 0 
144 7 0 0 0 0 0 0 0 0 0 0 0 
145 7 0 0 0 0 0 0 0 0 0 0 0 
146 7 0 0 0 0 0 0 0 0 0 0 0 
147 7 0 0 0 0 0 0 0 0 0 0 0 
148 7 0 0 0 0 0 0 0 0 0 0 0 
149 7 0 0 0 0 0 0 0 0 0 0 0 
150 7 0 0 0 0 0 0 0 0 0 0 0 
151 7 0 0 0 0 0 0 0 0 0 0 0 
152 7 0 0 0 0 0 0 0 0 0 0 0 
153 7 0 0 0 0 0 0 0 0 0 0 0 
154 7 0 0 0 0 0 0 0 0 0 0 0 
155 7 0 0 0 0 0 0 0 0 0 0 0 
156 7 0 0 0 0 0 0 0 0 0 0 0 
157 7 0 0 0 0 0 0 0 0 0 0 0 
158 7 0 0 0 0 0 0 0 0 0 0 0 
159 7 0 0 0 0 0 0 0 0 0 0 0 
160 7 0 0 0 0 0 0 0 0 0 0 0 
161 7 0 0 0 0 0 0 0 0 0 0 0 
162 7 0 0 0 0 0 0 0 0 0 0 0 
163 7 0 0 0 0 0 0 0 0 0 0 0 
164 7 0 0 0 0 0 0 0 0 0 0 0 
165 7 0 0 0 0 0 0 0 0 0 0 0 
166 7 0 0 0 0 0 0 0 0 0 0 0 
167 7 0 0 0 0 0 0 0 0 0 0 0 
168 7 0 0 0 0 0 0 0 0 0 0 0 
169 7 0 0 0 0 0 0 0 0 0 0 0 
170 7 0 0 0 0 0 0 0 0 0 0 0 
171 7 0 0 0 0 0 0 0 0 0 0 0 
172 7 0 0 0 0 0 0 0 0 0 0 0 
173 7 0 0 0 0 0 0 0 0 0 0 0 
174 7 0 0 0 0 0 0 0 0 0 0 0 
175 7 0 0 0 0 0 0 0 0 0 0 0 
176 7 0 0 0 0 0 0 0 0 0 0 0 
177 7 0 0 0 0 0 0 0 0 0 0 0 
178 7 0 0 0 0 0 0 0 0 0 0 0 
179 7 0 0 0 0 0 0 0 0 0 0 0 
180 7 0 0 0 0 0 0 0 0 0 0 0 
181 7 0 0 0 0 0 0 0 0 0 0 0 
182 7 0 0 0 0 0 0 0 0 0 0 0 
183 7 0 0 0 0 0 0 0 0 0 0 0 
184 7 0 0 0 0 0 0 0 0 0 0 0 
185 7 0 0 0 0 0 0 0 0 0 0 0 
186 7 0 0 0 0 0 0 0 0 0 0 0 
187 7 0 0 0 0 0 0 0 0 0 0 0 
188 7 0 0 0 0 0 0 0 0 0 0 0 
189 7 0 0 0 0 0 0 0 0 0 0 0 
190 7 0 0 0 0 0 0 0 0 0 0 0 
191 7 0 0 0 0 0 0 0 0 0 0 0 
192 7 0 0 0 0 0 0 0 0 0 0 0 
193 7 0 0 0 0 0 0 0 0 0 0 0 
194 7 0 0 0 0 0 0 0 0 0 0 0 
195 7 0 0 0 0 0 0 0 0 0 0 0 
196 7 0 0 0 0 0 0 0 0 0 0 0 
197 7 3 0 0 0 0 0 0 0 0 0 0 
198 7 4 0 0 0 0 0 0 0 0 0 0 
199 7 5 0 0 0 0 0 0 0 0 0 0 
200 7 6 0 0 0 0 0 0 0 0 0 0 
201 7 0 0 0 0 0 0 0 0 0 0 0 
202 7 0 0 0 0 0 0 0 0 0 0 0 
203 7 -1 72 0 29 -1 -1 -1 -1 -1 0 -11 
204 7 12 0 0 0 0 0 0 0 0 0 0 
205 7 -1 177 1 29 -1 -1 -1 -1 -1 0 -38 
206 7 17 0 0 0 0 0 0 0 0 0 0 
207 7 0 0 0 0 0 0 0 0 0 0 0 
208 7 0 0 0 0 0 0 0 0 0 0 0 
209 7 0 0 0 0 0 0 0 0 0 0 0 
210 7 0 0 0 0 0 0 0 0 0 0 0 
211 7 0 0 0 0 0 0 0 0 0 0 0 
212 7 0 0 0 0 0 0 0 0 0 0 0 
213 7 0 0 0 0 0 0 0 0 0 0 0 
214 7 0 0 0 0 0 0 0 0 0 0 0 
215 7 19 0 0 0 0 0 0 0 0 0 0 
216 7 -1 260 2 34 -1 -1 -1 -1 -1 3 165 
217 7 -1 305 2 31 -1 -1 -1 -1 -1 0 785 
218 7 -1 102 1 10 -1 -1 -1 -1 -1 3 -20 
219 7 0 0 0 0 0 0 0 0 0 0 0 
220 7 0 0 0 0 0 0 0 0 0 0 0 
221 7 0 0 0 0 0 0 0 0 0 0 0 
222 7 0 0 0 0 0 0 0 0 0 0 0 
223 7 0 0 0 0 0 0 0 0 0 0 0 
224 7 0 0 0 0 0 0 0 0 0 0 0 
225 7 0 0 0 0 0 0 0 0 0 0 0 
226 7 0 0 0 0 0 0 0 0 0 0 0 
227 7 0 0 0 0 0 0 0 0 0 0 0 
228 7 0 0 0 0 0 0 0 0 0 0 0 
229 7 0 0 0 0 0 0 0 0 0 0 0 
230 7 0 0 0 0 0 0 0 0 0 0 0 
231 7 0 0 0 0 0 0 0 0 0 0 0 
232 7 0 0 0 0 0 0 0 0 0 0 0 
233 7 0 0 0 0 0 0 0 0 0 0 0 
234 7 0 0 0 0 0 0 0 0 0 0 0 
235 7 0 0 0 0 0 0 0 0 0 0 0 
236 7 0 0 0 0 0 0 0 0 0 0 0 
237 7 0 0 0 0 0 0 0 0 0 0 0 
238 7 0 0 0 0 0 0 0 0 0 0 0 
239 7 36 0 0 0 0 0 0 0 0 0 0 
240 7 37 0 0 0 0 0 0 0 0 0 0 
241 7 -1 152 4 28 -1 -1 -1 -1 -1 2 3815 
242 7 42 0 0 0 0 0 0 0 0 0 0 
243 7 0 0 0 0 0 0 0 0 0 0 0 
244 7 0 0 0 0 0 0 0 0 0 0 0 
245 7 0 0 0 0 0 0 0 0 0 0 0 
246 7 0 0 0 0 0 0 0 0 0 0 0 
247 7 0 0 0 0 0 0 0 0 0 0 0 
248 7 0 0 0 0 0 0 0 0 0 0 0 
249 7 0 0 0 0 0 0 0 0 0 0 0 
250 7 0 0 0 0 0 0 0 0 0 0 0 
251 7 0 0 0 0 0 0 0 0 0 0 0 
252 7 0 0 0 0 0 0 0 0 0 0 0 
253 7 0 0 0 0 0 0 0 0 0 0 0 
254 7 0 0 0 0 0 0 0 0 0 0 0 
255 8 0 0 0 0 0 0 0 0 0 0 0 
256 8 0 0 0 0 0 0 0 0 0 0 0 
257 8 0 0 0 0 0 0 0 0 0 0 0 
258 8 0 0 0 0 0 0 0 0 0 0 0 
259 8 0 0 0 0 0 0 0 0 0 0 0 
260 8 0 0 0 0 0 0 0 0 0 0 0 
261 8 0 0 0 0 0 0 0 0 0 0 0 
262 8 0 0 0 0 0 0 0 0 0 0 0 
263 8 0 0 0 0 0 0 0 0 0 0 0 
264 8 0 0 0 0 0 0 0 0 0 0 0 
265 8 0 0 0 0 0 0 0 0 0 0 0 
266 8 0 0 0 0 0 0 0 0 0 0 0 
267 8 0 0 0 0 0 0 0 0 0 0 0 
268 8 0 0 0 0 0 0 0 0 0 0 0 
269 8 0 0 0 0 0 0 0 0 0 0 0 
270 8 0 0 0 0 0 0 0 0 0 0 0 
271 8 0 0 0 0 0 0 0 0 0 0 0 
272 8 0 0 0 0 0 0 0 0 0 0 0 
273 8 0 0 0 0 0 0 0 0 0 0 0 
274 8 0 0 0 0 0 0 0 0 0 0 0 
275 8 0 0 0 0 0 0 0 0 0 0 0 
276 8 0 0 0 0 0 0 0 0 0 0 0 
277 8 0 0 0 0 0 0 0 0 0 0 0 
278 8 0 0 0 0 0 0 0 0 0 0 0 
279 8 0 0 0 0 0 0 0 0 0 0 0 
280 8 0 0 0 0 0 0 0 0 0 0 0 
281 8 0 0 0 0 0 0 0 0 0 0 0 
282 8 0 0 0 0 0 0 0 0 0 0 0 
283 8 0 0 0 0 0 0 0 0 0 0 0 
284 8 0 0 0 0 0 0 0 0 0 0 0 
285 8 0 0 0 0 0 0 0 0 0 0 0 
286 8 0 0 0 0 0 0 0 0 0 0 0 
287 8 0 0 0 0 0 0 0 0 0 0 0 
288 8 0 0 0 0 0 0 0 0 0 0 0 
289 8 0 0 0 0 0 0 0 0 0 0 0 
290 8 0 0 0 0 0 0 0 0 0 0 0 
291 8 0 0 0 0 0 0 0 0 0 0 0 
292 8 0 0 0 0 0 0 0 0 0 0 0 
293 8 0 0 0 0 0 0 0 0 0 0 0 
294 8 0 0 0 0 0 0 0 0 0 0 0 
295 8 0 0 0 0 0 0 0 0 0 0 0 
296 8 0 0 0 0 0 0 0 0 0 0 0 
297 8 0 0 0 0 0 0 0 0 0 0 0 
298 8 0 0 0 0 0 0 0 0 0 0 0 
299 8 0 0 0 0 0 0 0 0 0 0 0 
300 8 0 0 0 0 0 0 0 0 0 0 0 
301 8 0 0 0 0 0 0 0 0 0 0 0 
302 8 0 0 0 0 0 0 0 0 0 0 0 
303 8 0 0 0 0 0 0 0 0 0 0 0 
304 8 0 0 0 0 0 0 0 0 0 0 0 
305 8 0 0 0 0 0 0 0 0 0 0 0 
306 8 0 0 0 0 0 0 0 0 0 0 0 
307 8 0 0 0 0 0 0 0 0 0 0 0 
308 8 0 0 0 0 0 0 0 0 0 0 0 
309 8 0 0 0 0 0 0 0 0 0 0 0 
310 8 0 0 0 0 0 0 0 0 0 0 0 
311 8 0 0 0 0 0 0 0 0 0 0 0 
312 8 0 0 0 0 0 0 0 0 0 0 0 
313 8 0 0 0 0 0 0 0 0 0 0 0 
314 8 0 0 0 0 0 0 0 0 0 0 0 
315 8 0 0 0 0 0 0 0 0 0 0 0 
316 8 0 0 0 0 0 0 0 0 0 0 0 
317 8 0 0 0 0 0 0 0 0 0 0 0 
318 8 0 0 0 0 0 0 0 0 0 0 0 
319 8 0 0 0 0 0 0 0 0 0 0 0 
320 8 0 0 0 0 0 0 0 0 0 0 0 
321 8 0 0 0 0 0 0 0 0 0 0 0 
322 8 0 0 0 0 0 0 0 0 0 0 0 
323 8 0 0 0 0 0 0 0 0 0 0 0 
324 8 0 0 0 0 0 0 0 0 0 0 0 
325 8 0 0 0 0 0 0 0 0 0 0 0 
326 8 0 0 0 0 0 0 0 0 0 0 0 
327 8 0 0 0 0 0 0 0 0 0 0 0 
328 8 0 0 0 0 0 0 0 0 0 0 0 
329 8 0 0 0 0 0 0 0 0 0 0 0 
330 8 0 0 0 0 0 0 0 0 0 0 0 
331 8 0 0 0 0 0 0 0 0 0 0 0 
332 8 0 0 0 0 0 0 0 0 0 0 0 
333 8 0 0 0 0 0 0 0 0 0 0 0 
334 8 0 0 0 0 0 0 0 0 0 0 0 
335 8 0 0 0 0 0 0 0 0 0 0 0 
336 8 0 0 0 0 0 0 0 0 0 0 0 
337 8 0 0 0 0 0 0 0 0 0 0 0 
338 8 0 0 0 0 0 0 0 0 0 0 0 
339 8 0 0 0 0 0 0 0 0 0 0 0 
340 8 0 0 0 0 0 0 0 0 0 0 0 
341 8 0 0 0 0 0 0 0 0 0 0 0 
342 8 0 0 0 0 0 0 0 0 0 0 0 
343 8 0 0 0 0 0 0 0 0 0 0 0 
344 8 0 0 0 0 0 0 0 0 0 0 0 
345 8 0 0 0 0 0 0 0 0 0 0 0 
346 8 0 0 0 0 0 0 0 0 0 0 0 
347 8 0 0 0 0 0 0 0 0 0 0 0 
348 8 0 0 0 0 0 0 0 0 0 0 0 
349 8 0 0 0 0 0 0 0 0 0 0 0 
350 8 0 0 0 0 0 0 0 0 0 0 0 
351 8 0 0 0 0 0 0 0 0 0 0 0 
352 8 0 0 0 0 0 0 0 0 0 0 0 
353 8 0 0 0 0 0 0 0 0 0 0 0 
354 8 0 0 0 0 0 0 0 0 0 0 0 
355 8 0 0 0 0 0 0 0 0 0 0 0 
356 8 0 0 0 0 0 0 0 0 0 0 0 
357 8 0 0 0 0 0 0 0 0 0 0 0 
358 8 0 0 0 0 0 0 0 0 0 0 0 
359 8 0 0 0 0 0 0 0 0 0 0 0 
360 8 0 0 0 0 0 0 0 0 0 0 0 
361 8 0 0 0 0 0 0 0 0 0 0 0 
362 8 0 0 0 0 0 0 0 0 0 0 0 
363 8 0 0 0 0 0 0 0 0 0 0 0 
364 8 0 0 0 0 0 0 0 0 0 0 0 
365 8 0 0 0 0 0 0 0 0 0 0 0 
366 8 0 0 0 0 0 0 0 0 0 0 0 
367 8 0 0 0 0 0 0 0 0 0 0 0 
368 8 0 0 0 0 0 0 0 0 0 0 0 
369 8 0 0 0 0 0 0 0 0 0 0 0 
370 8 0 0 0 0 0 0 0 0 0 0 0 
371 8 0 0 0 0 0 0 0 0 0 0 0 
372 8 0 0 0 0 0 0 0 0 0 0 0 
373 8 0 0 0 0 0 0 0 0 0 0 0 
374 8 0 0 0 0 0 0 0 0 0 0 0 
375 8 0 0 0 0 0 0 0 0 0 0 0 
376 8 0 0 0 0 0 0 0 0 0 0 0 
377 8 0 0 0 0 0 0 0 0 0 0 0 
378 8 0 0 0 0 0 0 0 0 0 0 0 
379 8 0 0 0 0 0 0 0 0 0 0 0 
380 8 0 0 0 0 0 0 0 0 0 0 0 
381 8 0 0 0 0 0 0 0 0 0 0 0 
382 8 0 0 0 0 0 0 0 0 0 0 0 
383 8 0 0 0 0 0 0 0 0 0 0 0 
384 8 0 0 0 0 0 0 0 0 0 0 0 
385 8 0 0 0 0 0 0 0 0 0 0 0 
386 8 0 0 0 0 0 0 0 0 0 0 0 
387 8 0 0 0 0 0 0 0 0 0 0 0 
388 8 0 0 0 0 0 0 0 0 0 0 0 
389 8 0 0 0 0 0 0 0 0 0 0 0 
390 8 0 0 0 0 0 0 0 0 0 0 0 
391 8 0 0 0 0 0 0 0 0 0 0 0 
392 8 0 0 0 0 0 0 0 0 0 0 0 
393 8 0 0 0 0 0 0 0 0 0 0 0 
394 8 0 0 0 0 0 0 0 0 0 0 0 
395 8 0 0 0 0 0 0 0 0 0 0 0 
396 8 0 0 0 0 0 0 0 0 0 0 0 
397 8 0 0 0 0 0 0 0 0 0 0 0 
398 8 0 0 0 0 0 0 0 0 0 0 0 
399 8 0 0 0 0 0 0 0 0 0 0 0 
400 8 0 0 0 0 0 0 0 0 0 0 0 
401 8 0 0 0 0 0 0 0 0 0 0 0 
402 8 0 0 0 0 0 0 0 0 0 0 0 
403 8 0 0 0 0 0 0 0 0 0 0 0 
404 8 0 0 0 0 0 0 0 0 0 0 0 
405 8 0 0 0 0 0 0 0 0 0 0 0 
406 8 0 0 0 0 0 0 0 0 0 0 0 
407 8 8 0 0 0 0 0 0 0 0 0 0 
408 8 -1 271 1 18 -1 -1 -1 -1 -1 2 -19 
409 8 0 0 0 0 0 0 0 0 0 0 0 
410 8 0 0 0 0 0 0 0 0 0 0 0 
411 8 13 0 0 0 0 0 0 0 0 0 0 
412 8 -1 22 0 12 -1 -1 -1 -1 -1 3 -20 
413 8 0 0 0 0 0 0 0 0 0 0 0 
414 8 0 0 0 0 0 0 0 0 0 0 0 
415 8 0 0 0 0 0 0 0 0 0 0 0 
416 8 0 0 0 0 0 0 0 0 0 0 0 
417 8 0 0 0 0 0 0 0 0 0 0 0 
418 8 0 0 0 0 0 0 0 0 0 0 0 
419 8 0 0 0 0 0 0 0 0 0 0 0 
420 8 0 0 0 0 0 0 0 0 0 0 0 
421 8 0 0 0 0 0 0 0 0 0 0 0 
422 8 0 0 0 0 0 0 0 0 0 0 0 
423 8 0 0 0 0 0 0 0 0 0 0 0 
424 8 0 0 0 0 0 0 0 0 0 0 0 
425 8 0 0 0 0 0 0 0 0 0 0 0 
426 8 0 0 0 0 0 0 0 0 0 0 0 
427 8 0 0 0 0 0 0 0 0 0 0 0 
428 8 0 0 0 0 0 0 0 0 0 0 0 
429 8 0 0 0 0 0 0 0 0 0 0 0 
430 8 0 0 0 0 0 0 0 0 0 0 0 
431 8 0 0 0 0 0 0 0 0 0 0 0 
432 8 0 0 0 0 0 0 0 0 0 0 0 
433 8 -1 336 4 36 -1 -1 -1 -1 -1 2 4707 
434 8 24 0 0 0 0 0 0 0 0 0 0 
435 8 -1 249 2 35 -1 -1 -1 -1 -1 0 371 
436 8 -1 327 3 35 -1 -1 -1 -1 -1 3 0 
437 8 -1 49 2 22 -1 -1 -1 -1 -1 1 1763 
438 8 33 0 0 0 0 0 0 0 0 0 0 
439 8 0 0 0 0 0 0 0 0 0 0 0 
440 8 0 0 0 0 0 0 0 0 0 0 0 
441 8 0 0 0 0 0 0 0 0 0 0 0 
442 8 0 0 0 0 0 0 0 0 0 0 0 
443 8 0 0 0 0 0 0 0 0 0 0 0 
444 8 0 0 0 0 0 0 0 0 0 0 0 
445 8 0 0 0 0 0 0 0 0 0 0 0 
446 8 0 0 0 0 0 0 0 0 0 0 0 
447 8 0 0 0 0 0 0 0 0 0 0 0 
448 8 0 0 0 0 0 0 0 0 0 0 0 
449 8 0 0 0 0 0 0 0 0 0 0 0 
450 8 0 0 0 0 0 0 0 0 0 0 0 
451 8 0 0 0 0 0 0 0 0 0 0 0 
452 8 0 0 0 0 0 0 0 0 0 0 0 
453 8 0 0 0 0 0 0 0 0 0 0 0 
454 8 0 0 0 0 0 0 0 0 0 0 0 
455 8 0 0 0 0 0 0 0 0 0 0 0 
456 8 0 0 0 0 0 0 0 0 0 0 0 
457 8 0 0 0 0 0 0 0 0 0 0 0 
458 8 0 0 0 0 0 0 0 0 0 0 0 
459 8 0 0 0 0 0 0 0 0 0 0 0 
460 8 0 0 0 0 0 0 0 0 0 0 0 
461 8 0 0 0 0 0 0 0 0 0 0 0 
462 8 0 0 0 0 0 0 0 0 0 0 0 
463 8 0 0 0 0 0 0 0 0 0 0 0 
464 8 0 0 0 0 0 0 0 0 0 0 0 
465 8 0 0 0 0 0 0 0 0 0 0 0 
466 8 0 0 0 0 0 0 0 0 0 0 0 
467 8 0 0 0 0 0 0 0 0 0 0 0 
468 8 0 0 0 0 0 0 0 0 0 0 0 
469 8 0 0 0 0 0 0 0 0 0 0 0 
470 8 0 0 0 0 0 0 0 0 0 0 0 
471 8 0 0 0 0 0 0 0 0 0 0 0 
472 8 0 0 0 0 0 0 0 0 0 0 0 
473 8 0 0 0 0 0 0 0 0 0 0 0 
474 8 0 0 0 0 0 0 0 0 0 0 0 
475 8 0 0 0 0 0 0 0 0 0 0 0 
476 8 0 0 0 0 0 0 0 0 0 0 0 
477 8 0 0 0 0 0 0 0 0 0 0 0 
478 8 0 0 0 0 0 0 0 0 0 0 0 
479 8 0 0 0 0 0 0 0 0 0 0 0 
480 8 0 0 0 0 0 0 0 0 0 0 0 
481 8 0 0 0 0 0 0 0 0 0 0 0 
482 8 0 0 0 0 0 0 0 0 0 0 0 
483 8 -1 8 4 38 -1 -1 -1 -1 -1 0 865 
484 8 41 0 0 0 0 0 0 0 0 0 0 
485 8 0 0 0 0 0 0 0 0 0 0 0 
486 8 0 0 0 0 0 0 0 0 0 0 0 
487 8 0 0 0 0 0 0 0 0 0 0 0 
488 8 0 0 0 0 0 0 0 0 0 0 0 
489 8 0 0 0 0 0 0 0 0 0 0 0 
490 8 0 0 0 0 0 0 0 0 0 0 0 
491 8 0 0 0 0 0 0 0 0 0 0 0 
492 8 0 0 0 0 0 0 0 0 0 0 0 
493 8 0 0 0 0 0 0 0 0 0 0 0 
494 8 0 0 0 0 0 0 0 0 0 0 0 
495 8 0 0 0 0 0 0 0 0 0 0 0 
496 8 0 0 0 0 0 0 0 0 0 0 0 
497 8 0 0 0 0 0 0 0 0 0 0 0 
498 8 0 0 0 0 0 0 0 0 0 0 0 
499 8 0 0 0 0 0 0 0 0 0 0 0 
500 8 0 0 0 0 0 0 0 0 0 0 0 
501 8 0 0 0 0 0 0 0 0 0 0 0 
502 8 0 0 0 0 0 0 0 0 0 0 0 
503 8 0 0 0 0 0 0 0 0 0 0 0 
504 8 0 0 0 0 0 0 0 0 0 0 0 
505 8 0 0 0 0 0 0 0 0 0 0 0 
506 8 0 0 0 0 0 0 0 0 0 0 0 
507 8 0 0 0 0 0 0 0 0 0 0 0 
508 8 0 0 0 0 0 0 0 0 0 0 0 
509 8 0 0 0 0 0 0 0 0 0 0 0 
510 8 0 0 0 0 0 0 0 0 0 0 0 
511 9 0 0 0 0 0 0 0 0 0 0 0 
512 9 0 0 0 0 0 0 0 0 0 0 0 
513 9 0 0 0 0 0 0 0 0 0 0 0 
514 9 0 0 0 0 0 0 0 0 0 0 0 
515 9 0 0 0 0 0 0 0 0 0 0 0 
516 9 0 0 0 0 0 0 0 0 0 0 0 
517 9 0 0 0 0 0 0 0 0 0 0 0 
518 9 0 0 0 0 0 0 0 0 0 0 0 
519 9 0 0 0 0 0 0 0 0 0 0 0 
520 9 0 0 0 0 0 0 0 0 0 0 0 
521 9 0 0 0 0 0 0 0 0 0 0 0 
522 9 0 0 0 0 0 0 0 0 0 0 0 
523 9 0 0 0 0 0 0 0 0 0 0 0 
524 9 0 0 0 0 0 0 0 0 0 0 0 
525 9 0 0 0 0 0 0 0 0 0 0 0 
526 9 0 0 0 0 0 0 0 0 0 0 0 
527 9 0 0 0 0 0 0 0 0 0 0 0 
528 9 0 0 0 0 0 0 0 0 0 0 0 
529 9 0 0 0 0 0 0 0 0 0 0 0 
530 9 0 0 0 0 0 0 0 0 0 0 0 
531 9 0 0 0 0 0 0 0 0 0 0 0 
532 9 0 0 0 0 0 0 0 0 0 0 0 
533 9 0 0 0 0 0 0 0 0 0 0 0 
534 9 0 0 0 0 0 0 0 0 0 0 0 
535 9 0 0 0 0 0 0 0 0 0 0 0 
536 9 0 0 0 0 0 0 0 0 0 0 0 
537 9 0 0 0 0 0 0 0 0 0 0 0 
538 9 0 0 0 0 0 0 0 0 0 0 0 
539 9 0 0 0 0 0 0 0 0 0 0 0 
540 9 0 0 0 0 0 0 0 0 0 0 0 
541 9 0 0 0 0 0 0 0 0 0 0 0 
542 9 0 0 0 0 0 0 0 0 0 0 0 
543 9 0 0 0 0 0 0 0 0 0 0 0 
544 9 0 0 0 0 0 0 0 0 0 0 0 
545 9 0 0 0 0 0 0 0 0 0 0 0 
546 9 0 0 0 0 0 0 0 0 0 0 0 
547 9 0 0 0 0 0 0 0 0 0 0 0 
548 9 0 0 0 0 0 0 0 0 0 0 0 
549 9 0 0 0 0 0 0 0 0 0 0 0 
550 9 0 0 0 0 0 0 0 0 0 0 0 
551 9 0 0 0 0 0 0 0 0 0 0 0 
552 9 0 0 0 0 0 0 0 0 0 0 0 
553 9 0 0 0 0 0 0 0 0 0 0 0 
554 9 0 0 0 0 0 0 0 0 0 0 0 
555 9 0 0 0 0 0 0 0 0 0 0 0 
556 9 0 0 0 0 0 0 0 0 0 0 0 
557 9 0 0 0 0 0 0 0 0 0 0 0 
558 9 0 0 0 0 0 0 0 0 0 0 0 
559 9 0 0 0 0 0 0 0 0 0 0 0 
560 9 0 0 0 0 0 0 0 0 0 0 0 
561 9 0 0 0 0 0 0 0 0 0 0 0 
562 9 0 0 0 0 0 0 0 0 0 0 0 
563 9 0 0 0 0 0 0 0 0 0 0 0 
564 9 0 0 0 0 0 0 0 0 0 0 0 
565 9 0 0 0 0 0 0 0 0 0 0 0 
566 9 0 0 0 0 0 0 0 0 0 0 0 
567 9 0 0 0 0 0 0 0 0 0 0 0 
568 9 0 0 0 0 0 0 0 0 0 0 0 
569 9 0 0 0 0 0 0 0 0 0 0 0 
570 9 0 0 0 0 0 0 0 0 0 0 0 
571 9 0 0 0 0 0 0 0 0 0 0 0 
572 9 0 0 0 0 0 0 0 0 0 0 0 
573 9 0 0 0 0 0 0 0 0 0 0 0 
574 9 0 0 0 0 0 0 0 0 0 0 0 
575 9 0 0 0 0 0 0 0 0 0 0 0 
576 9 0 0 0 0 0 0 0 0 0 0 0 
577 9 0 0 0 0 0 0 0 0 0 0 0 
578 9 0 0 0 0 0 0 0 0 0 0 0 
579 9 0 0 0 0 0 0 0 0 0 0 0 
580 9 0 0 0 0 0 0 0 0 0 0 0 
581 9 0 0 0 0 0 0 0 0 0 0 0 
582 9 0 0 0 0 0 0 0 0 0 0 0 
583 9 0 0 0 0 0 0 0 0 0 0 0 
584 9 0 0 0 0 0 0 0 0 0 0 0 
585 9 0 0 0 0 0 0 0 0 0 0 0 
586 9 0 0 0 0 0 0 0 0 0 0 0 
587 9 0 0 0 0 0 0 0 0 0 0 0 
588 9 0 0 0 0 0 0 0 0 0 0 0 
589 9 0 0 0 0 0 0 0 0 0 0 0 
590 9 0 0 0 0 0 0 0 0 0 0 0 
591 9 0 0 0 0 0 0 0 0 0 0 0 
592 9 0 0 0 0 0 0 0 0 0 0 0 
593 9 0 0 0 0 0 0 0 0 0 0 0 
594 9 0 0 0 0 0 0 0 0 0 0 0 
595 9 0 0 0 0 0 0 0 0 0 0 0 
596 9 0 0 0 0 0 0 0 0 0 0 0 
597 9 0 0 0 0 0 0 0 0 0 0 0 
598 9 0 0 0 0 0 0 0 0 0 0 0 
599 9 0 0 0 0 0 0 0 0 0 0 0 
600 9 0 0 0 0 0 0 0 0 0 0 0 
601 9 0 0 0 0 0 0 0 0 0 0 0 
602 9 0 0 0 0 0 0 0 0 0 0 0 
603 9 0 0 0 0 0 0 0 0 0 0 0 
604 9 0 0 0 0 0 0 0 0 0 0 0 
605 9 0 0 0 0 0 0 0 0 0 0 0 
606 9 0 0 0 0 0 0 0 0 0 0 0 
607 9 0 0 0 0 0 0 0 0 0 0 0 
608 9 0 0 0 0 0 0 0 0 0 0 0 
609 9 0 0 0 0 0 0 0 0 0 0 0 
610 9 0 0 0 0 0 0 0 0 0 0 0 
611 9 0 0 0 0 0 0 0 0 0 0 0 
612 9 0 0 0 0 0 0 0 0 0 0 0 
613 9 0 0 0 0 0 0 0 0 0 0 0 
614 9 0 0 0 0 0 0 0 0 0 0 0 
615 9 0 0 0 0 0 0 0 0 0 0 0 
616 9 0 0 0 0 0 0 0 0 0 0 0 
617 9 0 0 0 0 0 0 0 0 0 0 0 
618 9 0 0 0 0 0 0 0 0 0 0 0 
619 9 0 0 0 0 0 0 0 0 0 0 0 
620 9 0 0 0 0 0 0 0 0 0 0 0 
621 9 0 0 0 0 0 0 0 0 0 0 0 
622 9 0 0 0 0 0 0 0 0 0 0 0 
623 9 0 0 0 0 0 0 0 0 0 0 0 
624 9 0 0 0 0 0 0 0 0 0 0 0 
625 9 0 0 0 0 0 0 0 0 0 0 0 
626 9 0 0 0 0 0 0 0 0 0 0 0 
627 9 0 0 0 0 0 0 0 0 0 0 0 
628 9 0 0 0 0 0 0 0 0 0 0 0 
629 9 0 0 0 0 0 0 0 0 0 0 0 
630 9 0 0 0 0 0 0 0 0 0 0 0 
631 9 0 0 0 0 0 0 0 0 0 0 0 
632 9 0 0 0 0 0 0 0 0 0 0 0 
633 9 0 0 0 0 0 0 0 0 0 0 0 
634 9 0 0 0 0 0 0 0 0 0 0 0 
635 9 0 0 0 0 0 0 0 0 0 0 0 
636 9 0 0 0 0 0 0 0 0 0 0 0 
637 9 0 0 0 0 0 0 0 0 0 0 0 
638 9 0 0 0 0 0 0 0 0 0 0 0 
639 9 0 0 0 0 0 0 0 0 0 0 0 
640 9 0 0 0 0 0 0 0 0 0 0 0 
641 9 0 0 0 0 0 0 0 0 0 0 0 
642 9 0 0 0 0 0 0 0 0 0 0 0 
643 9 0 0 0 0 0 0 0 0 0 0 0 
644 9 0 0 0 0 0 0 0 0 0 0 0 
645 9 0 0 0 0 0 0 0 0 0 0 0 
646 9 0 0 0 0 0 0 0 0 0 0 0 
647 9 0 0 0 0 0 0 0 0 0 0 0 
648 9 0 0 0 0 0 0 0 0 0 0 0 
649 9 0 0 0 0 0 0 0 0 0 0 0 
650 9 0 0 0 0 0 0 0 0 0 0 0 
651 9 0 0 0 0 0 0 0 0 0 0 0 
652 9 0 0 0 0 0 0 0 0 0 0 0 
653 9 0 0 0 0 0 0 0 0 0 0 0 
654 9 0 0 0 0 0 0 0 0 0 0 0 
655 9 0 0 0 0 0 0 0 0 0 0 0 
656 9 0 0 0 0 0 0 0 0 0 0 0 
657 9 0 0 0 0 0 0 0 0 0 0 0 
658 9 0 0 0 0 0 0 0 0 0 0 0 
659 9 0 0 0 0 0 0 0 0 0 0 0 
660 9 0 0 0 0 0 0 0 0 0 0 0 
661 9 0 0 0 0 0 0 0 0 0 0 0 
662 9 0 0 0 0 0 0 0 0 0 0 0 
663 9 0 0 0 0 0 0 0 0 0 0 0 
664 9 0 0 0 0 0 0 0 0 0 0 0 
665 9 0 0 0 0 0 0 0 0 0 0 0 
666 9 0 0 0 0 0 0 0 0 0 0 0 
667 9 0 0 0 0 0 0 0 0 0 0 0 
668 9 0 0 0 0 0 0 0 0 0 0 0 
669 9 0 0 0 0 0 0 0 0 0 0 0 
670 9 0 0 0 0 0 0 0 0 0 0 0 
671 9 0 0 0 0 0 0 0 0 0 0 0 
672 9 0 0 0 0 0 0 0 0 0 0 0 
673 9 0 0 0 0 0 0 0 0 0 0 0 
674 9 0 0 0 0 0 0 0 0 0 0 0 
675 9 0 0 0 0 0 0 0 0 0 0 0 
676 9 0 0 0 0 0 0 0 0 0 0 0 
677 9 0 0 0 0 0 0 0 0 0 0 0 
678 9 0 0 0 0 0 0 0 0 0 0 0 
679 9 0 0 0 0 0 0 0 0 0 0 0 
680 9 0 0 0 0 0 0 0 0 0 0 0 
681 9 0 0 0 0 0 0 0 0 0 0 0 
682 9 0 0 0 0 0 0 0 0 0 0 0 
683 9 0 0 0 0 0 0 0 0 0 0 0 
684 9 0 0 0 0 0 0 0 0 0 0 0 
685 9 0 0 0 0 0 0 0 0 0 0 0 
686 9 0 0 0 0 0 0 0 0 0 0 0 
687 9 0 0 0 0 0 0 0 0 0 0 0 
688 9 0 0 0 0 0 0 0 0 0 0 0 
689 9 0 0 0 0 0 0 0 0 0 0 0 
690 9 0 0 0 0 0 0 0 0 0 0 0 
691 9 0 0 0 0 0 0 0 0 0 0 0 
692 9 0 0 0 0 0 0 0 0 0 0 0 
693 9 0 0 0 0 0 0 0 0 0 0 0 
694 9 0 0 0 0 0 0 0 0 0 0 0 
695 9 0 0 0 0 0 0 0 0 0 0 0 
696 9 0 0 0 0 0 0 0 0 0 0 0 
697 9 0 0 0 0 0 0 0 0 0 0 0 
698 9 0 0 0 0 0 0 0 0 0 0 0 
699 9 0 0 0 0 0 0 0 0 0 0 0 
700 9 0 0 0 0 0 0 0 0 0 0 0 
701 9 0 0 0 0 0 0 0 0 0 0 0 
702 9 0 0 0 0 0 0 0 0 0 0 0 
703 9 0 0 0 0 0 0 0 0 0 0 0 
704 9 0 0 0 0 0 0 0 0 0 0 0 
705 9 0 0 0 0 0 0 0 0 0 0 0 
706 9 0 0 0 0 0 0 0 0 0 0 0 
707 9 0 0 0 0 0 0 0 0 0 0 0 
708 9 0 0 0 0 0 0 0 0 0 0 0 
709 9 0 0 0 0 0 0 0 0 0 0 0 
710 9 0 0 0 0 0 0 0 0 0 0 0 
711 9 0 0 0 0 0 0 0 0 0 0 0 
712 9 0 0 0 0 0 0 0 0 0 0 0 
713 9 0 0 0 0 0 0 0 0 0 0 0 
714 9 0 0 0 0 0 0 0 0 0 0 0 
715 9 0 0 0 0 0 0 0 0 0 0 0 
716 9 0 0 0 0 0 0 0 0 0 0 0 
717 9 0 0 0 0 0 0 0 0 0 0 0 
718 9 0 0 0 0 0 0 0 0 0 0 0 
719 9 0 0 0 0 0 0 0 0 0 0 0 
720 9 0 0 0 0 0 0 0 0 0 0 0 
721 9 0 0 0 0 0 0 0 0 0 0 0 
722 9 0 0 0 0 0 0 0 0 0 0 0 
723 9 0 0 0 0 0 0 0 0 0 0 0 
724 9 0 0 0 0 0 0 0 0 0 0 0 
725 9 0 0 0 0 0 0 0 0 0 0 0 
726 9 0 0 0 0 0 0 0 0 0 0 0 
727 9 0 0 0 0 0 0 0 0 0 0 0 
728 9 0 0 0 0 0 0 0 0 0 0 0 
729 9 0 0 0 0 0 0 0 0 0 0 0 
730 9 0 0 0 0 0 0 0 0 0 0 0 
731 9 0 0 0 0 0 0 0 0 0 0 0 
732 9 0 0 0 0 0 0 0 0 0 0 0 
733 9 0 0 0 0 0 0 0 0 0 0 0 
734 9 0 0 0 0 0 0 0 0 0 0 0 
735 9 0 0 0 0 0 0 0 0 0 0 0 
736 9 0 0 0 0 0 0 0 0 0 0 0 
737 9 0 0 0 0 0 0 0 0 0 0 0 
738 9 0 0 0 0 0 0 0 0 0 0 0 
739 9 0 0 0 0 0 0 0 0 0 0 0 
740 9 0 0 0 0 0 0 0 0 0 0 0 
741 9 0 0 0 0 0 0 0 0 0 0 0 
742 9 0 0 0 0 0 0 0 0 0 0 0 
743 9 0 0 0 0 0 0 0 0 0 0 0 
744 9 0 0 0 0 0 0 0 0 0 0 0 
745 9 0 0 0 0 0 0 0 0 0 0 0 
746 9 0 0 0 0 0 0 0 0 0 0 0 
747 9 0 0 0 0 0 0 0 0 0 0 0 
748 9 0 0 0 0 0 0 0 0 0 0 0 
749 9 0 0 0 0 0 0 0 0 0 0 0 
750 9 0 0 0 0 0 0 0 0 0 0 0 
751 9 0 0 0 0 0 0 0 0 0 0 0 
752 9 0 0 0 0 0 0 0 0 0 0 0 
753 9 0 0 0 0 0 0 0 0 0 0 0 
754 9 0 0 0 0 0 0 0 0 0 0 0 
755 9 0 0 0 0 0 0 0 0 0 0 0 
756 9 0 0 0 0 0 0 0 0 0 0 0 
757 9 0 0 0 0 0 0 0 0 0 0 0 
758 9 0 0 0 0 0 0 0 0 0 0 0 
759 9 0 0 0 0 0 0 0 0 0 0 0 
760 9 0 0 0 0 0 0 0 0 0 0 0 
761 9 0 0 0 0 0 0 0 0 0 0 0 
762 9 0 0 0 0 0 0 0 0 0 0 0 
763 9 0 0 0 0 0 0 0 0 0 0 0 
764 9 0 0 0 0 0 0 0 0 0 0 0 
765 9 0 0 0 0 0 0 0 0 0 0 0 
766 9 0 0 0 0 0 0 0 0 0 0 0 
767 9 0 0 0 0 0 0 0 0 0 0 0 
768 9 0 0 0 0 0 0 0 0 0 0 0 
769 9 0 0 0 0 0 0 0 0 0 0 0 
770 9 0 0 0 0 0 0 0 0 0 0 0 
771 9 0 0 0 0 0 0 0 0 0 0 0 
772 9 0 0 0 0 0 0 0 0 0 0 0 
773 9 0 0 0 0 0 0 0 0 0 0 0 
774 9 0 0 0 0 0 0 0 0 0 0 0 
775 9 0 0 0 0 0 0 0 0 0 0 0 
776 9 0 0 0 0 0 0 0 0 0 0 0 
777 9 0 0 0 0 0 0 0 0 0 0 0 
778 9 0 0 0 0 0 0 0 0 0 0 0 
779 9 0 0 0 0 0 0 0 0 0 0 0 
780 9 0 0 0 0 0 0 0 0 0 0 0 
781 9 0 0 0 0 0 0 0 0 0 0 0 
782 9 0 0 0 0 0 0 0 0 0 0 0 
783 9 0 0 0 0 0 0 0 0 0 0 0 
784 9 0 0 0 0 0 0 0 0 0 0 0 
785 9 0 0 0 0 0 0 0 0 0 0 0 
786 9 0 0 0 0 0 0 0 0 0 0 0 
787 9 0 0 0 0 0 0 0 0 0 0 0 
788 9 0 0 0 0 0 0 0 0 0 0 0 
789 9 0 0 0 0 0 0 0 0 0 0 0 
790 9 0 0 0 0 0 0 0 0 0 0 0 
791 9 0 0 0 0 0 0 0 0 0 0 0 
792 9 0 0 0 0 0 0 0 0 0 0 0 
793 9 0 0 0 0 0 0 0 0 0 0 0 
794 9 0 0 0 0 0 0 0 0 0 0 0 
795 9 0 0 0 0 0 0 0 0 0 0 0 
796 9 0 0 0 0 0 0 0 0 0 0 0 
797 9 0 0 0 0 0 0 0 0 0 0 0 
798 9 0 0 0 0 0 0 0 0 0 0 0 
799 9 0 0 0 0 0 0 0 0 0 0 0 
800 9 0 0 0 0 0 0 0 0 0 0 0 
801 9 0 0 0 0 0 0 0 0 0 0 0 
802 9 0 0 0 0 0 0 0 0 0 0 0 
803 9 0 0 0 0 0 0 0 0 0 0 0 
804 9 0 0 0 0 0 0 0 0 0 0 0 
805 9 0 0 0 0 0 0 0 0 0 0 0 
806 9 0 0 0 0 0 0 0 0 0 0 0 
807 9 0 0 0 0 0 0 0 0 0 0 0 
808 9 0 0 0 0 0 0 0 0 0 0 0 
809 9 0 0 0 0 0 0 0 0 0 0 0 
810 9 0 0 0 0 0 0 0 0 0 0 0 
811 9 0 0 0 0 0 0 0 0 0 0 0 
812 9 0 0 0 0 0 0 0 0 0 0 0 
813 9 0 0 0 0 0 0 0 0 0 0 0 
814 9 0 0 0 0 0 0 0 0 0 0 0 
815 9 0 0 0 0 0 0 0 0 0 0 0 
816 9 0 0 0 0 0 0 0 0 0 0 0 
817 9 9 0 0 0 0 0 0 0 0 0 0 
818 9 -1 197 4 27 -1 -1 -1 -1 -1 2 9203 
819 9 0 0 0 0 0 0 0 0 0 0 0 
820 9 0 0 0 0 0 0 0 0 0 0 0 
821 9 0 0 0 0 0 0 0 0 0 0 0 
822 9 0 0 0 0 0 0 0 0 0 0 0 
823 9 0 0 0 0 0 0 0 0 0 0 0 
824 9 0 0 0 0 0 0 0 0 0 0 0 
825 9 14 0 0 0 0 0 0 0 0 0 0 
826 9 -1 152 2 21 -1 -1 -1 -1 -1 2 1026 
827 9 0 0 0 0 0 0 0 0 0 0 0 
828 9 0 0 0 0 0 0 0 0 0 0 0 
829 9 0 0 0 0 0 0 0 0 0 0 0 
830 9 0 0 0 0 0 0 0 0 0 0 0 
831 9 0 0 0 0 0 0 0 0 0 0 0 
832 9 0 0 0 0 0 0 0 0 0 0 0 
833 9 0 0 0 0 0 0 0 0 0 0 0 
834 9 0 0 0 0 0 0 0 0 0 0 0 
835 9 0 0 0 0 0 0 0 0 0 0 0 
836 9 0 0 0 0 0 0 0 0 0 0 0 
837 9 0 0 0 0 0 0 0 0 0 0 0 
838 9 0 0 0 0 0 0 0 0 0 0 0 
839 9 0 0 0 0 0 0 0 0 0 0 0 
840 9 0 0 0 0 0 0 0 0 0 0 0 
841 9 0 0 0 0 0 0 0 0 0 0 0 
842 9 0 0 0 0 0 0 0 0 0 0 0 
843 9 0 0 0 0 0 0 0 0 0 0 0 
844 9 0 0 0 0 0 0 0 0 0 0 0 
845 9 0 0 0 0 0 0 0 0 0 0 0 
846 9 0 0 0 0 0 0 0 0 0 0 0 
847 9 0 0 0 0 0 0 0 0 0 0 0 
848 9 0 0 0 0 0 0 0 0 0 0 0 
849 9 0 0 0 0 0 0 0 0 0 0 0 
850 9 0 0 0 0 0 0 0 0 0 0 0 
851 9 0 0 0 0 0 0 0 0 0 0 0 
852 9 0 0 0 0 0 0 0 0 0 0 0 
853 9 0 0 0 0 0 0 0 0 0 0 0 
854 9 0 0 0 0 0 0 0 0 0 0 0 
855 9 0 0 0 0 0 0 0 0 0 0 0 
856 9 0 0 0 0 0 0 0 0 0 0 0 
857 9 0 0 0 0 0 0 0 0 0 0 0 
858 9 0 0 0 0 0 0 0 0 0 0 0 
859 9 0 0 0 0 0 0 0 0 0 0 0 
860 9 0 0 0 0 0 0 0 0 0 0 0 
861 9 0 0 0 0 0 0 0 0 0 0 0 
862 9 0 0 0 0 0 0 0 0 0 0 0 
863 9 0 0 0 0 0 0 0 0 0 0 0 
864 9 0 0 0 0 0 0 0 0 0 0 0 
865 9 0 0 0 0 0 0 0 0 0 0 0 
866 9 0 0 0 0 0 0 0 0 0 0 0 
867 9 -1 216 4 22 -1 -1 -1 -1 -1 3 2064 
868 9 -1 324 4 14 -1 -1 -1 -1 -1 0 9581 
869 9 0 0 0 0 0 0 0 0 0 0 0 
870 9 0 0 0 0 0 0 0 0 0 0 0 
871 9 25 0 0 0 0 0 0 0 0 0 0 
872 9 -1 166 0 18 -1 -1 -1 -1 -1 0 -13 
873 9 -1 100 3 36 -1 -1 -1 -1 -1 0 -65 
874 9 30 0 0 0 0 0 0 0 0 0 0 
875 9 31 0 0 0 0 0 0 0 0 0 0 
876 9 32 0 0 0 0 0 0 0 0 0 0 
877 9 0 0 0 0 0 0 0 0 0 0 0 
878 9 0 0 0 0 0 0 0 0 0 0 0 
879 9 0 0 0 0 0 0 0 0 0 0 0 
880 9 0 0 0 0 0 0 0 0 0 0 0 
881 9 0 0 0 0 0 0 0 0 0 0 0 
882 9 0 0 0 0 0 0 0 0 0 0 0 
883 9 0 0 0 0 0 0 0 0 0 0 0 
884 9 0 0 0 0 0 0 0 0 0 0 0 
885 9 0 0 0 0 0 0 0 0 0 0 0 
886 9 0 0 0 0 0 0 0 0 0 0 0 
887 9 0 0 0 0 0 0 0 0 0 0 0 
888 9 0 0 0 0 0 0 0 0 0 0 0 
889 9 0 0 0 0 0 0 0 0 0 0 0 
890 9 0 0 0 0 0 0 0 0 0 0 0 
891 9 0 0 0 0 0 0 0 0 0 0 0 
892 9 0 0 0 0 0 0 0 0 0 0 0 
893 9 0 0 0 0 0 0 0 0 0 0 0 
894 9 0 0 0 0 0 0 0 0 0 0 0 
895 9 0 0 0 0 0 0 0 0 0 0 0 
896 9 0 0 0 0 0 0 0 0 0 0 0 
897 9 0 0 0 0 0 0 0 0 0 0 0 
898 9 0 0 0 0 0 0 0 0 0 0 0 
899 9 0 0 0 0 0 0 0 0 0 0 0 
900 9 0 0 0 0 0 0 0 0 0 0 0 
901 9 0 0 0 0 0 0 0 0 0 0 0 
902 9 0 0 0 0 0 0 0 0 0 0 0 
903 9 0 0 0 0 0 0 0 0 0 0 0 
904 9 0 0 0 0 0 0 0 0 0 0 0 
905 9 0 0 0 0 0 0 0 0 0 0 0 
906 9 0 0 0 0 0 0 0 0 0 0 0 
907 9 0 0 0 0 0 0 0 0 0 0 0 
908 9 0 0 0 0 0 0 0 0 0 0 0 
909 9 0 0 0 0 0 0 0 0 0 0 0 
910 9 0 0 0 0 0 0 0 0 0 0 0 
911 9 0 0 0 0 0 0 0 0 0 0 0 
912 9 0 0 0 0 0 0 0 0 0 0 0 
913 9 0 0 0 0 0 0 0 0 0 0 0 
914 9 0 0 0 0 0 0 0 0 0 0 0 
915 9 0 0 0 0 0 0 0 0 0 0 0 
916 9 0 0 0 0 0 0 0 0 0 0 0 
917 9 0 0 0 0 0 0 0 0 0 0 0 
918 9 0 0 0 0 0 0 0 0 0 0 0 
919 9 0 0 0 0 0 0 0 0 0 0 0 
920 9 0 0 0 0 0 0 0 0 0 0 0 
921 9 0 0 0 0 0 0 0 0 0 0 0 
922 9 0 0 0 0 0 0 0 0 0 0 0 
923 9 0 0 0 0 0 0 0 0 0 0 0 
924 9 0 0 0 0 0 0 0 0 0 0 0 
925 9 0 0 0 0 0 0 0 0 0 0 0 
926 9 0 0 0 0 0 0 0 0 0 0 0 
927 9 0 0 0 0 0 0 0 0 0 0 0 
928 9 0 0 0 0 0 0 0 0 0 0 0 
929 9 0 0 0 0 0 0 0 0 0 0 0 
930 9 0 0 0 0 0 0 0 0 0 0 0 
931 9 0 0 0 0 0 0 0 0 0 0 0 
932 9 0 0 0 0 0 0 0 0 0 0 0 
933 9 0 0 0 0 0 0 0 0 0 0 0 
934 9 0 0 0 0 0 0 0 0 0 0 0 
935 9 0 0 0 0 0 0 0 0 0 0 0 
936 9 0 0 0 0 0 0 0 0 0 0 0 
937 9 0 0 0 0 0 0 0 0 0 0 0 
938 9 0 0 0 0 0 0 0 0 0 0 0 
939 9 0 0 0 0 0 0 0 0 0 0 0 
940 9 0 0 0 0 0 0 0 0 0 0 0 
941 9 0 0 0 0 0 0 0 0 0 0 0 
942 9 0 0 0 0 0 0 0 0 0 0 0 
943 9 0 0 0 0 0 0 0 0 0 0 0 
944 9 0 0 0 0 0 0 0 0 0 0 0 
945 9 0 0 0 0 0 0 0 0 0 0 0 
946 9 0 0 0 0 0 0 0 0 0 0 0 
947 9 0 0 0 0 0 0 0 0 0 0 0 
948 9 0 0 0 0 0 0 0 0 0 0 0 
949 9 0 0 0 0 0 0 0 0 0 0 0 
950 9 0 0 0 0 0 0 0 0 0 0 0 
951 9 0 0 0 0 0 0 0 0 0 0 0 
952 9 0 0 0 0 0 0 0 0 0 0 0 
953 9 0 0 0 0 0 0 0 0 0 0 0 
954 9 0 0 0 0 0 0 0 0 0 0 0 
955 9 0 0 0 0 0 0 0 0 0 0 0 
956 9 0 0 0 0 0 0 0 0 0 0 0 
957 9 0 0 0 0 0 0 0 0 0 0 0 
958 9 0 0 0 0 0 0 0 0 0 0 0 
959 9 0 0 0 0 0 0 0 0 0 0 0 
960 9 0 0 0 0 0 0 0 0 0 0 0 
961 9 0 0 0 0 0 0 0 0 0 0 0 
962 9 0 0 0 0 0 0 0 0 0 0 0 
963 9 0 0 0 0 0 0 0 0 0 0 0 
964 9 0 0 0 0 0 0 0 0 0 0 0 
965 9 0 0 0 0 0 0 0 0 0 0 0 
966 9 0 0 0 0 0 0 0 0 0 0 0 
967 9 38 0 0 0 0 0 0 0 0 0 0 
968 9 -1 13 4 29 -1 -1 -1 -1 -1 0 2241 
969 9 0 0 0 0 0 0 0 0 0 0 0 
970 9 0 0 0 0 0 0 0 0 0 0 0 
971 9 0 0 0 0 0 0 0 0 0 0 0 
972 9 0 0 0 0 0 0 0 0 0 0 0 
973 9 0 0 0 0 0 0 0 0 0 0 0 
974 9 0 0 0 0 0 0 0 0 0 0 0 
975 9 0 0 0 0 0 0 0 0 0 0 0 
976 9 0 0 0 0 0 0 0 0 0 0 0 
977 9 0 0 0 0 0 0 0 0 0 0 0 
978 9 0 0 0 0 0 0 0 0 0 0 0 
979 9 0 0 0 0 0 0 0 0 0 0 0 
980 9 0 0 0 0 0 0 0 0 0 0 0 
981 9 0 0 0 0 0 0 0 0 0 0 0 
982 9 0 0 0 0 0 0 0 0 0 0 0 
983 9 0 0 0 0 0 0 0 0 0 0 0 
984 9 0 0 0 0 0 0 0 0 0 0 0 
985 9 0 0 0 0 0 0 0 0 0 0 0 
986 9 0 0 0 0 0 0 0 0 0 0 0 
987 9 0 0 0 0 0 0 0 0 0 0 0 
988 9 0 0 0 0 0 0 0 0 0 0 0 
989 9 0 0 0 0 0 0 0 0 0 0 0 
990 9 0 0 0 0 0 0 0 0 0 0 0 
991 9 0 0 0 0 0 0 0 0 0 0 0 
992 9 0 0 0 0 0 0 0 0 0 0 0 
993 9 0 0 0 0 0 0 0 0 0 0 0 
994 9 0 0 0 0 0 0 0 0 0 0 0 
995 9 0 0 0 0 0 0 0 0 0 0 0 
996 9 0 0 0 0 0 0 0 0 0 0 0 
997 9 0 0 0 0 0 0 0 0 0 0 0 
998 9 0 0 0 0 0 0 0 0 0 0 0 
999 9 0 0 0 0 0 0 0 0 0 0 0 
1000 9 0 0 0 0 0 0 0 0 0 0 0 
1001 9 0 0 0 0 0 0 0 0 0 0 0 
1002 9 0 0 0 0 0 0 0 0 0 0 0 
1003 9 0 0 0 0 0 0 0 0 0 0 0 
1004 9 0 0 0 0 0 0 0 0 0 0 0 
1005 9 0 0 0 0 0 0 0 0 0 0 0 
1006 9 0 0 0 0 0 0 0 0 0 0 0 
1007 9 0 0 0 0 0 0 0 0 0 0 0 
1008 9 0 0 0 0 0 0 0 0 0 0 0 
1009 9 0 0 0 0 0 0 0 0 0 0 0 
1010 9 0 0 0 0 0 0 0 0 0 0 0 
1011 9 0 0 0 0 0 0 0 0 0 0 0 
1012 9 0 0 0 0 0 0 0 0 0 0 0 
1013 9 0 0 0 0 0 0 0 0 0 0 0 
1014 9 0 0 0 0 0 0 0 0 0 0 0 
1015 9 0 0 0 0 0 0 0 0 0 0 0 
1016 9 0 0 0 0 0 0 0 0 0 0 0 
1017 9 0 0 0 0 0 0 0 0 0 0 0 
1018 9 0 0 0 0 0 0 0 0 0 0 0 
1019 9 0 0 0 0 0 0 0 0 0 0 0 
1020 9 0 0 0 0 0 0 0 0 0 0 0 
1021 9 0 0 0 0 0 0 0 0 0 0 0 
1022 9 0 0 0 0 0 0 0 0 0 0 0 
1023 10 0 0 0 0 0 0 0 0 0 0 0 
1024 10 0 0 0 0 0 0 0 0 0 0 0 
1025 10 0 0 0 0 0 0 0 0 0 0 0 
1026 10 0 0 0 0 0 0 0 0 0 0 0 
1027 10 0 0 0 0 0 0 0 0 0 0 0 
1028 10 0 0 0 0 0 0 0 0 0 0 0 
1029 10 0 0 0 0 0 0 0 0 0 0 0 
1030 10 0 0 0 0 0 0 0 0 0 0 0 
1031 10 0 0 0 0 0 0 0 0 0 0 0 
1032 10 0 0 0 0 0 0 0 0 0 0 0 
1033 10 0 0 0 0 0 0 0 0 0 0 0 
1034 10 0 0 0 0 0 0 0 0 0 0 0 
1035 10 0 0 0 0 0 0 0 0 0 0 0 
1036 10 0 0 0 0 0 0 0 0 0 0 0 
1037 10 0 0 0 0 0 0 0 0 0 0 0 
1038 10 0 0 0 0 0 0 0 0 0 0 0 
1039 10 0 0 0 0 0 0 0 0 0 0 0 
1040 10 0 0 0 0 0 0 0 0 0 0 0 
1041 10 0 0 0 0 0 0 0 0 0 0 0 
1042 10 0 0 0 0 0 0 0 0 0 0 0 
1043 10 0 0 0 0 0 0 0 0 0 0 0 
1044 10 0 0 0 0 0 0 0 0 0 0 0 
1045 10 0 0 0 0 0 0 0 0 0 0 0 
1046 10 0 0 0 0 0 0 0 0 0 0 0 
1047 10 0 0 0 0 0 0 0 0 0 0 0 
1048 10 0 0 0 0 0 0 0 0 0 0 0 
1049 10 0 0 0 0 0 0 0 0 0 0 0 
1050 10 0 0 0 0 0 0 0 0 0 0 0 
1051 10 0 0 0 0 0 0 0 0 0 0 0 
1052 10 0 0 0 0 0 0 0 0 0 0 0 
1053 10 0 0 0 0 0 0 0 0 0 0 0 
1054 10 0 0 0 0 0 0 0 0 0 0 0 
1055 10 0 0 0 0 0 0 0 0 0 0 0 
1056 10 0 0 0 0 0 0 0 0 0 0 0 
1057 10 0 0 0 0 0 0 0 0 0 0 0 
1058 10 0 0 0 0 0 0 0 0 0 0 0 
1059 10 0 0 0 0 0 0 0 0 0 0 0 
1060 10 0 0 0 0 0 0 0 0 0 0 0 
1061 10 0 0 0 0 0 0 0 0 0 0 0 
1062 10 0 0 0 0 0 0 0 0 0 0 0 
1063 10 0 0 0 0 0 0 0 0 0 0 0 
1064 10 0 0 0 0 0 0 0 0 0 0 0 
1065 10 0 0 0 0 0 0 0 0 0 0 0 
1066 10 0 0 0 0 0 0 0 0 0 0 0 
1067 10 0 0 0 0 0 0 0 0 0 0 0 
1068 10 0 0 0 0 0 0 0 0 0 0 0 
1069 10 0 0 0 0 0 0 0 0 0 0 0 
1070 10 0 0 0 0 0 0 0 0 0 0 0 
1071 10 0 0 0 0 0 0 0 0 0 0 0 
1072 10 0 0 0 0 0 0 0 0 0 0 0 
1073 10 0 0 0 0 0 0 0 0 0 0 0 
1074 10 0 0 0 0 0 0 0 0 0 0 0 
1075 10 0 0 0 0 0 0 0 0 0 0 0 
1076 10 0 0 0 0 0 0 0 0 0 0 0 
1077 10 0 0 0 0 0 0 0 0 0 0 0 
1078 10 0 0 0 0 0 0 0 0 0 0 0 
1079 10 0 0 0 0 0 0 0 0 0 0 0 
1080 10 0 0 0 0 0 0 0 0 0 0 0 
1081 10 0 0 0 0 0 0 0 0 0 0 0 
1082 10 0 0 0 0 0 0 0 0 0 0 0 
1083 10 0 0 0 0 0 0 0 0 0 0 0 
1084 10 0 0 0 0 0 0 0 0 0 0 0 
1085 10 0 0 0 0 0 0 0 0 0 0 0 
1086 10 0 0 0 0 0 0 0 0 0 0 0 
1087 10 0 0 0 0 0 0 0 0 0 0 0 
1088 10 0 0 0 0 0 0 0 0 0 0 0 
1089 10 0 0 0 0 0 0 0 0 0 0 0 
1090 10 0 0 0 0 0 0 0 0 0 0 0 
1091 10 0 0 0 0 0 0 0 0 0 0 0 
1092 10 0 0 0 0 0 0 0 0 0 0 0 
1093 10 0 0 0 0 0 0 0 0 0 0 0 
1094 10 0 0 0 0 0 0 0 0 0 0 0 
1095 10 0 0 0 0 0 0 0 0 0 0 0 
1096 10 0 0 0 0 0 0 0 0 0 0 0 
1097 10 0 0 0 0 0 0 0 0 0 0 0 
1098 10 0 0 0 0 0 0 0 0 0 0 0 
1099 10 0 0 0 0 0 0 0 0 0 0 0 
1100 10 0 0 0 0 0 0 0 0 0 0 0 
1101 10 0 0 0 0 0 0 0 0 0 0 0 
1102 10 0 0 0 0 0 0 0 0 0 0 0 
1103 10 0 0 0 0 0 0 0 0 0 0 0 
1104 10 0 0 0 0 0 0 0 0 0 0 0 
1105 10 0 0 0 0 0 0 0 0 0 0 0 
1106 10 0 0 0 0 0 0 0 0 0 0 0 
1107 10 0 0 0 0 0 0 0 0 0 0 0 
1108 10 0 0 0 0 0 0 0 0 0 0 0 
1109 10 0 0 0 0 0 0 0 0 0 0 0 
1110 10 0 0 0 0 0 0 0 0 0 0 0 
1111 10 0 0 0 0 0 0 0 0 0 0 0 
1112 10 0 0 0 0 0 0 0 0 0 0 0 
1113 10 0 0 0 0 0 0 0 0 0 0 0 
1114 10 0 0 0 0 0 0 0 0 0 0 0 
1115 10 0 0 0 0 0 0 0 0 0 0 0 
1116 10 0 0 0 0 0 0 0 0 0 0 0 
1117 10 0 0 0 0 0 0 0 0 0 0 0 
1118 10 0 0 0 0 0 0 0 0 0 0 0 
1119 10 0 0 0 0 0 0 0 0 0 0 0 
1120 10 0 0 0 0 0 0 0 0 0 0 0 
1121 10 0 0 0 0 0 0 0 0 0 0 0 
1122 10 0 0 0 0 0 0 0 0 0 0 0 
1123 10 0 0 0 0 0 0 0 0 0 0 0 
1124 10 0 0 0 0 0 0 0 0 0 0 0 
1125 10 0 0 0 0 0 0 0 0 0 0 0 
1126 10 0 0 0 0 0 0 0 0 0 0 0 
1127 10 0 0 0 0 0 0 0 0 0 0 0 
1128 10 0 0 0 0 0 0 0 0 0 0 0 
1129 10 0 0 0 0 0 0 0 0 0 0 0 
1130 10 0 0 0 0 0 0 0 0 0 0 0 
1131 10 0 0 0 0 0 0 0 0 0 0 0 
1132 10 0 0 0 0 0 0 0 0 0 0 0 
1133 10 0 0 0 0 0 0 0 0 0 0 0 
1134 10 0 0 0 0 0 0 0 0 0 0 0 
1135 10 0 0 0 0 0 0 0 0 0 0 0 
1136 10 0 0 0 0 0 0 0 0 0 0 0 
1137 10 0 0 0 0 0 0 0 0 0 0 0 
1138 10 0 0 0 0 0 0 0 0 0 0 0 
1139 10 0 0 0 0 0 0 0 0 0 0 0 
1140 10 0 0 0 0 0 0 0 0 0 0 0 
1141 10 0 0 0 0 0 0 0 0 0 0 0 
1142 10 0 0 0 0 0 0 0 0 0 0 0 
1143 10 0 0 0 0 0 0 0 0 0 0 0 
1144 10 0 0 0 0 0 0 0 0 0 0 0 
1145 10 0 0 0 0 0 0 0 0 0 0 0 
1146 10 0 0 0 0 0 0 0 0 0 0 0 
1147 10 0 0 0 0 0 0 0 0 0 0 0 
1148 10 0 0 0 0 0 0 0 0 0 0 0 
1149 10 0 0 0 0 0 0 0 0 0 0 0 
1150 10 0 0 0 0 0 0 0 0 0 0 0 
1151 10 0 0 0 0 0 0 0 0 0 0 0 
1152 10 0 0 0 0 0 0 0 0 0 0 0 
1153 10 0 0 0 0 0 0 0 0 0 0 0 
1154 10 0 0 0 0 0 0 0 0 0 0 0 
1155 10 0 0 0 0 0 0 0 0 0 0 0 
1156 10 0 0 0 0 0 0 0 0 0 0 0 
1157 10 0 0 0 0 0 0 0 0 0 0 0 
1158 10 0 0 0 0 0 0 0 0 0 0 0 
1159 10 0 0 0 0 0 0 0 0 0 0 0 
1160 10 0 0 0 0 0 0 0 0 0 0 0 
1161 10 0 0 0 0 0 0 0 0 0 0 0 
1162 10 0 0 0 0 0 0 0 0 0 0 0 
1163 10 0 0 0 0 0 0 0 0 0 0 0 
1164 10 0 0 0 0 0 0 0 0 0 0 0 
1165 10 0 0 0 0 0 0 0 0 0 0 0 
1166 10 0 0 0 0 0 0 0 0 0 0 0 
1167 10 0 0 0 0 0 0 0 0 0 0 0 
1168 10 0 0 0 0 0 0 0 0 0 0 0 
1169 10 0 0 0 0 0 0 0 0 0 0 0 
1170 10 0 0 0 0 0 0 0 0 0 0 0 
1171 10 0 0 0 0 0 0 0 0 0 0 0 
1172 10 0 0 0 0 0 0 0 0 0 0 0 
1173 10 0 0 0 0 0 0 0 0 0 0 0 
1174 10 0 0 0 0 0 0 0 0 0 0 0 
1175 10 0 0 0 0 0 0 0 0 0 0 0 
1176 10 0 0 0 0 0 0 0 0 0 0 0 
1177 10 0 0 0 0 0 0 0 0 0 0 0 
1178 10 0 0 0 0 0 0 0 0 0 0 0 
1179 10 0 0 0 0 0 0 0 0 0 0 0 
1180 10 0 0 0 0 0 0 0 0 0 0 0 
1181 10 0 0 0 0 0 0 0 0 0 0 0 
1182 10 0 0 0 0 0 0 0 0 0 0 0 
1183 10 0 0 0 0 0 0 0 0 0 0 0 
1184 10 0 0 0 0 0 0 0 0 0 0 0 
1185 10 0 0 0 0 0 0 0 0 0 0 0 
1186 10 0 0 0 0 0 0 0 0 0 0 0 
1187 10 0 0 0 0 0 0 0 0 0 0 0 
1188 10 0 0 0 0 0 0 0 0 0 0 0 
1189 10 0 0 0 0 0 0 0 0 0 0 0 
1190 10 0 0 0 0 0 0 0 0 0 0 0 
1191 10 0 0 0 0 0 0 0 0 0 0 0 
1192 10 0 0 0 0 0 0 0 0 0 0 0 
1193 10 0 0 0 0 0 0 0 0 0 0 0 
1194 10 0 0 0 0 0 0 0 0 0 0 0 
1195 10 0 0 0 0 0 0 0 0 0 0 0 
1196 10 0 0 0 0 0 0 0 0 0 0 0 
1197 10 0 0 0 0 0 0 0 0 0 0 0 
1198 10 0 0 0 0 0 0 0 0 0 0 0 
1199 10 0 0 0 0 0 0 0 0 0 0 0 
1200 10 0 0 0 0 0 0 0 0 0 0 0 
1201 10 0 0 0 0 0 0 0 0 0 0 0 
1202 10 0 0 0 0 0 0 0 0 0 0 0 
1203 10 0 0 0 0 0 0 0 0 0 0 0 
1204 10 0 0 0 0 0 0 0 0 0 0 0 
1205 10 0 0 0 0 0 0 0 0 0 0 0 
1206 10 0 0 0 0 0 0 0 0 0 0 0 
1207 10 0 0 0 0 0 0 0 0 0 0 0 
1208 10 0 0 0 0 0 0 0 0 0 0 0 
1209 10 0 0 0 0 0 0 0 0 0 0 0 
1210 10 0 0 0 0 0 0 0 0 0 0 0 
1211 10 0 0 0 0 0 0 0 0 0 0 0 
1212 10 0 0 0 0 0 0 0 0 0 0 0 
1213 10 0 0 0 0 0 0 0 0 0 0 0 
1214 10 0 0 0 0 0 0 0 0 0 0 0 
1215 10 0 0 0 0 0 0 0 0 0 0 0 
1216 10 0 0 0 0 0 0 0 0 0 0 0 
1217 10 0 0 0 0 0 0 0 0 0 0 0 
1218 10 0 0 0 0 0 0 0 0 0 0 0 
1219 10 0 0 0 0 0 0 0 0 0 0 0 
1220 10 0 0 0 0 0 0 0 0 0 0 0 
1221 10 0 0 0 0 0 0 0 0 0 0 0 
1222 10 0 0 0 0 0 0 0 0 0 0 0 
1223 10 0 0 0 0 0 0 0 0 0 0 0 
1224 10 0 0 0 0 0 0 0 0 0 0 0 
1225 10 0 0 0 0 0 0 0 0 0 0 0 
1226 10 0 0 0 0 0 0 0 0 0 0 0 
1227 10 0 0 0 0 0 0 0 0 0 0 0 
1228 10 0 0 0 0 0 0 0 0 0 0 0 
1229 10 0 0 0 0 0 0 0 0 0 0 0 
1230 10 0 0 0 0 0 0 0 0 0 0 0 
1231 10 0 0 0 0 0 0 0 0 0 0 0 
1232 10 0 0 0 0 0 0 0 0 0 0 0 
1233 10 0 0 0 0 0 0 0 0 0 0 0 
1234 10 0 0 0 0 0 0 0 0 0 0 0 
1235 10 0 0 0 0 0 0 0 0 0 0 0 
1236 10 0 0 0 0 0 0 0 0 0 0 0 
1237 10 0 0 0 0 0 0 0 0 0 0 0 
1238 10 0 0 0 0 0 0 0 0 0 0 0 
1239 10 0 0 0 0 0 0 0 0 0 0 0 
1240 10 0 0 0 0 0 0 0 0 0 0 0 
1241 10 0 0 0 0 0 0 0 0 0 0 0 
1242 10 0 0 0 0 0 0 0 0 0 0 0 
1243 10 0 0 0 0 0 0 0 0 0 0 0 
1244 10 0 0 0 0 0 0 0 0 0 0 0 
1245 10 0 0 0 0 0 0 0 0 0 0 0 
1246 10 0 0 0 0 0 0 0 0 0 0 0 
1247 10 0 0 0 0 0 0 0 0 0 0 0 
1248 10 0 0 0 0 0 0 0 0 0 0 0 
1249 10 0 0 0 0 0 0 0 0 0 0 0 
1250 10 0 0 0 0 0 0 0 0 0 0 0 
1251 10 0 0 0 0 0 0 0 0 0 0 0 
1252 10 0 0 0 0 0 0 0 0 0 0 0 
1253 10 0 0 0 0 0 0 0 0 0 0 0 
1254 10 0 0 0 0 0 0 0 0 0 0 0 
1255 10 0 0 0 0 0 0 0 0 0 0 0 
1256 10 0 0 0 0 0 0 0 0 0 0 0 
1257 10 0 0 0 0 0 0 0 0 0 0 0 
1258 10 0 0 0 0 0 0 0 0 0 0 0 
1259 10 0 0 0 0 0 0 0 0 0 0 0 
1260 10 0 0 0 0 0 0 0 0 0 0 0 
1261 10 0 0 0 0 0 0 0 0 0 0 0 
1262 10 0 0 0 0 0 0 0 0 0 0 0 
1263 10 0 0 0 0 0 0 0 0 0 0 0 
1264 10 0 0 0 0 0 0 0 0 0 0 0 
1265 10 0 0 0 0 0 0 0 0 0 0 0 
1266 10 0 0 0 0 0 0 0 0 0 0 0 
1267 10 0 0 0 0 0 0 0 0 0 0 0 
1268 10 0 0 0 0 0 0 0 0 0 0 0 
1269 10 0 0 0 0 0 0 0 0 0 0 0 
1270 10 0 0 0 0 0 0 0 0 0 0 0 
1271 10 0 0 0 0 0 0 0 0 0 0 0 
1272 10 0 0 0 0 0 0 0 0 0 0 0 
1273 10 0 0 0 0 0 0 0 0 0 0 0 
1274 10 0 0 0 0 0 0 0 0 0 0 0 
1275 10 0 0 0 0 0 0 0 0 0 0 0 
1276 10 0 0 0 0 0 0 0 0 0 0 0 
1277 10 0 0 0 0 0 0 0 0 0 0 0 
1278 10 0 0 0 0 0 0 0 0 0 0 0 
1279 10 0 0 0 0 0 0 0 0 0 0 0 
1280 10 0 0 0 0 0 0 0 0 0 0 0 
1281 10 0 0 0 0 0 0 0 0 0 0 0 
1282 10 0 0 0 0 0 0 0 0 0 0 0 
1283 10 0 0 0 0 0 0 0 0 0 0 0 
1284 10 0 0 0 0 0 0 0 0 0 0 0 
1285 10 0 0 0 0 0 0 0 0 0 0 0 
1286 10 0 0 0 0 0 0 0 0 0 0 0 
1287 10 0 0 0 0 0 0 0 0 0 0 0 
1288 10 0 0 0 0 0 0 0 0 0 0 0 
1289 10 0 0 0 0 0 0 0 0 0 0 0 
1290 10 0 0 0 0 0 0 0 0 0 0 0 
1291 10 0 0 0 0 0 0 0 0 0 0 0 
1292 10 0 0 0 0 0 0 0 0 0 0 0 
1293 10 0 0 0 0 0 0 0 0 0 0 0 
1294 10 0 0 0 0 0 0 0 0 0 0 0 
1295 10 0 0 0 0 0 0 0 0 0 0 0 
1296 10 0 0 0 0 0 0 0 0 0 0 0 
1297 10 0 0 0 0 0 0 0 0 0 0 0 
1298 10 0 0 0 0 0 0 0 0 0 0 0 
1299 10 0 0 0 0 0 0 0 0 0 0 0 
1300 10 0 0 0 0 0 0 0 0 0 0 0 
1301 10 0 0 0 0 0 0 0 0 0 0 0 
1302 10 0 0 0 0 0 0 0 0 0 0 0 
1303 10 0 0 0 0 0 0 0 0 0 0 0 
1304 10 0 0 0 0 0 0 0 0 0 0 0 
1305 10 0 0 0 0 0 0 0 0 0 0 0 
1306 10 0 0 0 0 0 0 0 0 0 0 0 
1307 10 0 0 0 0 0 0 0 0 0 0 0 
1308 10 0 0 0 0 0 0 0 0 0 0 0 
1309 10 0 0 0 0 0 0 0 0 0 0 0 
1310 10 0 0 0 0 0 0 0 0 0 0 0 
1311 10 0 0 0 0 0 0 0 0 0 0 0 
1312 10 0 0 0 0 0 0 0 0 0 0 0 
1313 10 0 0 0 0 0 0 0 0 0 0 0 
1314 10 0 0 0 0 0 0 0 0 0 0 0 
1315 10 0 0 0 0 0 0 0 0 0 0 0 
1316 10 0 0 0 0 0 0 0 0 0 0 0 
1317 10 0 0 0 0 0 0 0 0 0 0 0 
1318 10 0 0 0 0 0 0 0 0 0 0 0 
1319 10 0 0 0 0 0 0 0 0 0 0 0 
1320 10 0 0 0 0 0 0 0 0 0 0 0 
1321 10 0 0 0 0 0 0 0 0 0 0 0 
1322 10 0 0 0 0 0 0 0 0 0 0 0 
1323 10 0 0 0 0 0 0 0 0 0 0 0 
1324 10 0 0 0 0 0 0 0 0 0 0 0 
1325 10 0 0 0 0 0 0 0 0 0 0 0 
1326 10 0 0 0 0 0 0 0 0 0 0 0 
1327 10 0 0 0 0 0 0 0 0 0 0 0 
1328 10 0 0 0 0 0 0 0 0 0 0 0 
1329 10 0 0 0 0 0 0 0 0 0 0 0 
1330 10 0 0 0 0 0 0 0 0 0 0 0 
1331 10 0 0 0 0 0 0 0 0 0 0 0 
1332 10 0 0 0 0 0 0 0 0 0 0 0 
1333 10 0 0 0 0 0 0 0 0 0 0 0 
1334 10 0 0 0 0 0 0 0 0 0 0 0 
1335 10 0 0 0 0 0 0 0 0 0 0 0 
1336 10 0 0 0 0 0 0 0 0 0 0 0 
1337 10 0 0 0 0 0 0 0 0 0 0 0 
1338 10 0 0 0 0 0 0 0 0 0 0 0 
1339 10 0 0 0 0 0 0 0 0 0 0 0 
1340 10 0 0 0 0 0 0 0 0 0 0 0 
1341 10 0 0 0 0 0 0 0 0 0 0 0 
1342 10 0 0 0 0 0 0 0 0 0 0 0 
1343 10 0 0 0 0 0 0 0 0 0 0 0 
1344 10 0 0 0 0 0 0 0 0 0 0 0 
1345 10 0 0 0 0 0 0 0 0 0 0 0 
1346 10 0 0 0 0 0 0 0 0 0 0 0 
1347 10 0 0 0 0 0 0 0 0 0 0 0 
1348 10 0 0 0 0 0 0 0 0 0 0 0 
1349 10 0 0 0 0 0 0 0 0 0 0 0 
1350 10 0 0 0 0 0 0 0 0 0 0 0 
1351 10 0 0 0 0 0 0 0 0 0 0 0 
1352 10 0 0 0 0 0 0 0 0 0 0 0 
1353 10 0 0 0 0 0 0 0 0 0 0 0 
1354 10 0 0 0 0 0 0 0 0 0 0 0 
1355 10 0 0 0 0 0 0 0 0 0 0 0 
1356 10 0 0 0 0 0 0 0 0 0 0 0 
1357 10 0 0 0 0 0 0 0 0 0 0 0 
1358 10 0 0 0 0 0 0 0 0 0 0 0 
1359 10 0 0 0 0 0 0 0 0 0 0 0 
1360 10 0 0 0 0 0 0 0 0 0 0 0 
1361 10 0 0 0 0 0 0 0 0 0 0 0 
1362 10 0 0 0 0 0 0 0 0 0 0 0 
1363 10 0 0 0 0 0 0 0 0 0 0 0 
1364 10 0 0 0 0 0 0 0 0 0 0 0 
1365 10 0 0 0 0 0 0 0 0 0 0 0 
1366 10 0 0 0 0 0 0 0 0 0 0 0 
1367 10 0 0 0 0 0 0 0 0 0 0 0 
1368 10 0 0 0 0 0 0 0 0 0 0 0 
1369 10 0 0 0 0 0 0 0 0 0 0 0 
1370 10 0 0 0 0 0 0 0 0 0 0 0 
1371 10 0 0 0 0 0 0 0 0 0 0 0 
1372 10 0 0 0 0 0 0 0 0 0 0 0 
1373 10 0 0 0 0 0 0 0 0 0 0 0 
1374 10 0 0 0 0 0 0 0 0 0 0 0 
1375 10 0 0 0 0 0 0 0 0 0 0 0 
1376 10 0 0 0 0 0 0 0 0 0 0 0 
1377 10 0 0 0 0 0 0 0 0 0 0 0 
1378 10 0 0 0 0 0 0 0 0 0 0 0 
1379 10 0 0 0 0 0 0 0 0 0 0 0 
1380 10 0 0 0 0 0 0 0 0 0 0 0 
1381 10 0 0 0 0 0 0 0 0 0 0 0 
1382 10 0 0 0 0 0 0 0 0 0 0 0 
1383 10 0 0 0 0 0 0 0 0 0 0 0 
1384 10 0 0 0 0 0 0 0 0 0 0 0 
1385 10 0 0 0 0 0 0 0 0 0 0 0 
1386 10 0 0 0 0 0 0 0 0 0 0 0 
1387 10 0 0 0 0 0 0 0 0 0 0 0 
1388 10 0 0 0 0 0 0 0 0 0 0 0 
1389 10 0 0 0 0 0 0 0 0 0 0 0 
1390 10 0 0 0 0 0 0 0 0 0 0 0 
1391 10 0 0 0 0 0 0 0 0 0 0 0 
1392 10 0 0 0 0 0 0 0 0 0 0 0 
1393 10 0 0 0 0 0 0 0 0 0 0 0 
1394 10 0 0 0 0 0 0 0 0 0 0 0 
1395 10 0 0 0 0 0 0 0 0 0 0 0 
1396 10 0 0 0 0 0 0 0 0 0 0 0 
1397 10 0 0 0 0 0 0 0 0 0 0 0 
1398 10 0 0 0 0 0 0 0 0 0 0 0 
1399 10 0 0 0 0 0 0 0 0 0 0 0 
1400 10 0 0 0 0 0 0 0 0 0 0 0 
1401 10 0 0 0 0 0 0 0 0 0 0 0 
1402 10 0 0 0 0 0 0 0 0 0 0 0 
1403 10 0 0 0 0 0 0 0 0 0 0 0 
1404 10 0 0 0 0 0 0 0 0 0 0 0 
1405 10 0 0 0 0 0 0 0 0 0 0 0 
1406 10 0 0 0 0 0 0 0 0 0 0 0 
1407 10 0 0 0 0 0 0 0 0 0 0 0 
1408 10 0 0 0 0 0 0 0 0 0 0 0 
1409 10 0 0 0 0 0 0 0 0 0 0 0 
1410 10 0 0 0 0 0 0 0 0 0 0 0 
1411 10 0 0 0 0 0 0 0 0 0 0 0 
1412 10 0 0 0 0 0 0 0 0 0 0 0 
1413 10 0 0 0 0 0 0 0 0 0 0 0 
1414 10 0 0 0 0 0 0 0 0 0 0 0 
1415 10 0 0 0 0 0 0 0 0 0 0 0 
1416 10 0 0 0 0 0 0 0 0 0 0 0 
1417 10 0 0 0 0 0 0 0 0 0 0 0 
1418 10 0 0 0 0 0 0 0 0 0 0 0 
1419 10 0 0 0 0 0 0 0 0 0 0 0 
1420 10 0 0 0 0 0 0 0 0 0 0 0 
1421 10 0 0 0 0 0 0 0 0 0 0 0 
1422 10 0 0 0 0 0 0 0 0 0 0 0 
1423 10 0 0 0 0 0 0 0 0 0 0 0 
1424 10 0 0 0 0 0 0 0 0 0 0 0 
1425 10 0 0 0 0 0 0 0 0 0 0 0 
1426 10 0 0 0 0 0 0 0 0 0 0 0 
1427 10 0 0 0 0 0 0 0 0 0 0 0 
1428 10 0 0 0 0 0 0 0 0 0 0 0 
1429 10 0 0 0 0 0 0 0 0 0 0 0 
1430 10 0 0 0 0 0 0 0 0 0 0 0 
1431 10 0 0 0 0 0 0 0 0 0 0 0 
1432 10 0 0 0 0 0 0 0 0 0 0 0 
1433 10 0 0 0 0 0 0 0 0 0 0 0 
1434 10 0 0 0 0 0 0 0 0 0 0 0 
1435 10 0 0 0 0 0 0 0 0 0 0 0 
1436 10 0 0 0 0 0 0 0 0 0 0 0 
1437 10 0 0 0 0 0 0 0 0 0 0 0 
1438 10 0 0 0 0 0 0 0 0 0 0 0 
1439 10 0 0 0 0 0 0 0 0 0 0 0 
1440 10 0 0 0 0 0 0 0 0 0 0 0 
1441 10 0 0 0 0 0 0 0 0 0 0 0 
1442 10 0 0 0 0 0 0 0 0 0 0 0 
1443 10 0 0 0 0 0 0 0 0 0 0 0 
1444 10 0 0 0 0 0 0 0 0 0 0 0 
1445 10 0 0 0 0 0 0 0 0 0 0 0 
1446 10 0 0 0 0 0 0 0 0 0 0 0 
1447 10 0 0 0 0 0 0 0 0 0 0 0 
1448 10 0 0 0 0 0 0 0 0 0 0 0 
1449 10 0 0 0 0 0 0 0 0 0 0 0 
1450 10 0 0 0 0 0 0 0 0 0 0 0 
1451 10 0 0 0 0 0 0 0 0 0 0 0 
1452 10 0 0 0 0 0 0 0 0 0 0 0 
1453 10 0 0 0 0 0 0 0 0 0 0 0 
1454 10 0 0 0 0 0 0 0 0 0 0 0 
1455 10 0 0 0 0 0 0 0 0 0 0 0 
1456 10 0 0 0 0 0 0 0 0 0 0 0 
1457 10 0 0 0 0 0 0 0 0 0 0 0 
1458 10 0 0 0 0 0 0 0 0 0 0 0 
1459 10 0 0 0 0 0 0 0 0 0 0 0 
1460 10 0 0 0 0 0 0 0 0 0 0 0 
1461 10 0 0 0 0 0 0 0 0 0 0 0 
1462 10 0 0 0 0 0 0 0 0 0 0 0 
1463 10 0 0 0 0 0 0 0 0 0 0 0 
1464 10 0 0 0 0 0 0 0 0 0 0 0 
1465 10 0 0 0 0 0 0 0 0 0 0 0 
1466 10 0 0 0 0 0 0 0 0 0 0 0 
1467 10 0 0 0 0 0 0 0 0 0 0 0 
1468 10 0 0 0 0 0 0 0 0 0 0 0 
1469 10 0 0 0 0 0 0 0 0 0 0 0 
1470 10 0 0 0 0 0 0 0 0 0 0 0 
1471 10 0 0 0 0 0 0 0 0 0 0 0 
1472 10 0 0 0 0 0 0 0 0 0 0 0 
1473 10 0 0 0 0 0 0 0 0 0 0 0 
1474 10 0 0 0 0 0 0 0 0 0 0 0 
1475 10 0 0 0 0 0 0 0 0 0 0 0 
1476 10 0 0 0 0 0 0 0 0 0 0 0 
1477 10 0 0 0 0 0 0 0 0 0 0 0 
1478 10 0 0 0 0 0 0 0 0 0 0 0 
1479 10 0 0 0 0 0 0 0 0 0 0 0 
1480 10 0 0 0 0 0 0 0 0 0 0 0 
1481 10 0 0 0 0 0 0 0 0 0 0 0 
1482 10 0 0 0 0 0 0 0 0 0 0 0 
1483 10 0 0 0 0 0 0 0 0 0 0 0 
1484 10 0 0 0 0 0 0 0 0 0 0 0 
1485 10 0 0 0 0 0 0 0 0 0 0 0 
1486 10 0 0 0 0 0 0 0 0 0 0 0 
1487 10 0 0 0 0 0 0 0 0 0 0 0 
1488 10 0 0 0 0 0 0 0 0 0 0 0 
1489 10 0 0 0 0 0 0 0 0 0 0 0 
1490 10 0 0 0 0 0 0 0 0 0 0 0 
1491 10 0 0 0 0 0 0 0 0 0 0 0 
1492 10 0 0 0 0 0 0 0 0 0 0 0 
1493 10 0 0 0 0 0 0 0 0 0 0 0 
1494 10 0 0 0 0 0 0 0 0 0 0 0 
1495 10 0 0 0 0 0 0 0 0 0 0 0 
1496 10 0 0 0 0 0 0 0 0 0 0 0 
1497 10 0 0 0 0 0 0 0 0 0 0 0 
1498 10 0 0 0 0 0 0 0 0 0 0 0 
1499 10 0 0 0 0 0 0 0 0 0 0 0 
1500 10 0 0 0 0 0 0 0 0 0 0 0 
1501 10 0 0 0 0 0 0 0 0 0 0 0 
1502 10 0 0 0 0 0 0 0 0 0 0 0 
1503 10 0 0 0 0 0 0 0 0 0 0 0 
1504 10 0 0 0 0 0 0 0 0 0 0 0 
1505 10 0 0 0 0 0 0 0 0 0 0 0 
1506 10 0 0 0 0 0 0 0 0 0 0 0 
1507 10 0 0 0 0 0 0 0 0 0 0 0 
1508 10 0 0 0 0 0 0 0 0 0 0 0 
1509 10 0 0 0 0 0 0 0 0 0 0 0 
1510 10 0 0 0 0 0 0 0 0 0 0 0 
1511 10 0 0 0 0 0 0 0 0 0 0 0 
1512 10 0 0 0 0 0 0 0 0 0 0 0 
1513 10 0 0 0 0 0 0 0 0 0 0 0 
1514 10 0 0 0 0 0 0 0 0 0 0 0 
1515 10 0 0 0 0 0 0 0 0 0 0 0 
1516 10 0 0 0 0 0 0 0 0 0 0 0 
1517 10 0 0 0 0 0 0 0 0 0 0 0 
1518 10 0 0 0 0 0 0 0 0 0 0 0 
1519 10 0 0 0 0 0 0 0 0 0 0 0 
1520 10 0 0 0 0 0 0 0 0 0 0 0 
1521 10 0 0 0 0 0 0 0 0 0 0 0 
1522 10 0 0 0 0 0 0 0 0 0 0 0 
1523 10 0 0 0 0 0 0 0 0 0 0 0 
1524 10 0 0 0 0 0 0 0 0 0 0 0 
1525 10 0 0 0 0 0 0 0 0 0 0 0 
1526 10 0 0 0 0 0 0 0 0 0 0 0 
1527 10 0 0 0 0 0 0 0 0 0 0 0 
1528 10 0 0 0 0 0 0 0 0 0 0 0 
1529 10 0 0 0 0 0 0 0 0 0 0 0 
1530 10 0 0 0 0 0 0 0 0 0 0 0 
1531 10 0 0 0 0 0 0 0 0 0 0 0 
1532 10 0 0 0 0 0 0 0 0 0 0 0 
1533 10 0 0 0 0 0 0 0 0 0 0 0 
1534 10 0 0 0 0 0 0 0 0 0 0 0 
1535 10 0 0 0 0 0 0 0 0 0 0 0 
1536 10 0 0 0 0 0 0 0 0 0 0 0 
1537 10 0 0 0 0 0 0 0 0 0 0 0 
1538 10 0 0 0 0 0 0 0 0 0 0 0 
1539 10 0 0 0 0 0 0 0 0 0 0 0 
1540 10 0 0 0 0 0 0 0 0 0 0 0 
1541 10 0 0 0 0 0 0 0 0 0 0 0 
1542 10 0 0 0 0 0 0 0 0 0 0 0 
1543 10 0 0 0 0 0 0 0 0 0 0 0 
1544 10 0 0 0 0 0 0 0 0 0 0 0 
1545 10 0 0 0 0 0 0 0 0 0 0 0 
1546 10 0 0 0 0 0 0 0 0 0 0 0 
1547 10 0 0 0 0 0 0 0 0 0 0 0 
1548 10 0 0 0 0 0 0 0 0 0 0 0 
1549 10 0 0 0 0 0 0 0 0 0 0 0 
1550 10 0 0 0 0 0 0 0 0 0 0 0 
1551 10 0 0 0 0 0 0 0 0 0 0 0 
1552 10 0 0 0 0 0 0 0 0 0 0 0 
1553 10 0 0 0 0 0 0 0 0 0 0 0 
1554 10 0 0 0 0 0 0 0 0 0 0 0 
1555 10 0 0 0 0 0 0 0 0 0 0 0 
1556 10 0 0 0 0 0 0 0 0 0 0 0 
1557 10 0 0 0 0 0 0 0 0 0 0 0 
1558 10 0 0 0 0 0 0 0 0 0 0 0 
1559 10 0 0 0 0 0 0 0 0 0 0 0 
1560 10 0 0 0 0 0 0 0 0 0 0 0 
1561 10 0 0 0 0 0 0 0 0 0 0 0 
1562 10 0 0 0 0 0 0 0 0 0 0 0 
1563 10 0 0 0 0 0 0 0 0 0 0 0 
1564 10 0 0 0 0 0 0 0 0 0 0 0 
1565 10 0 0 0 0 0 0 0 0 0 0 0 
1566 10 0 0 0 0 0 0 0 0 0 0 0 
1567 10 0 0 0 0 0 0 0 0 0 0 0 
1568 10 0 0 0 0 0 0 0 0 0 0 0 
1569 10 0 0 0 0 0 0 0 0 0 0 0 
1570 10 0 0 0 0 0 0 0 0 0 0 0 
1571 10 0 0 0 0 0 0 0 0 0 0 0 
1572 10 0 0 0 0 0 0 0 0 0 0 0 
1573 10 0 0 0 0 0 0 0 0 0 0 0 
1574 10 0 0 0 0 0 0 0 0 0 0 0 
1575 10 0 0 0 0 0 0 0 0 0 0 0 
1576 10 0 0 0 0 0 0 0 0 0 0 0 
1577 10 0 0 0 0 0 0 0 0 0 0 0 
1578 10 0 0 0 0 0 0 0 0 0 0 0 
1579 10 0 0 0 0 0 0 0 0 0 0 0 
1580 10 0 0 0 0 0 0 0 0 0 0 0 
1581 10 0 0 0 0 0 0 0 0 0 0 0 
1582 10 0 0 0 0 0 0 0 0 0 0 0 
1583 10 0 0 0 0 0 0 0 0 0 0 0 
1584 10 0 0 0 0 0 0 0 0 0 0 0 
1585 10 0 0 0 0 0 0 0 0 0 0 0 
1586 10 0 0 0 0 0 0 0 0 0 0 0 
1587 10 0 0 0 0 0 0 0 0 0 0 0 
1588 10 0 0 0 0 0 0 0 0 0 0 0 
1589 10 0 0 0 0 0 0 0 0 0 0 0 
1590 10 0 0 0 0 0 0 0 0 0 0 0 
1591 10 0 0 0 0 0 0 0 0 0 0 0 
1592 10 0 0 0 0 0 0 0 0 0 0 0 
1593 10 0 0 0 0 0 0 0 0 0 0 0 
1594 10 0 0 0 0 0 0 0 0 0 0 0 
1595 10 0 0 0 0 0 0 0 0 0 0 0 
1596 10 0 0 0 0 0 0 0 0 0 0 0 
1597 10 0 0 0 0 0 0 0 0 0 0 0 
1598 10 0 0 0 0 0 0 0 0 0 0 0 
1599 10 0 0 0 0 0 0 0 0 0 0 0 
1600 10 0 0 0 0 0 0 0 0 0 0 0 
1601 10 0 0 0 0 0 0 0 0 0 0 0 
1602 10 0 0 0 0 0 0 0 0 0 0 0 
1603 10 0 0 0 0 0 0 0 0 0 0 0 
1604 10 0 0 0 0 0 0 0 0 0 0 0 
1605 10 0 0 0 0 0 0 0 0 0 0 0 
1606 10 0 0 0 0 0 0 0 0 0 0 0 
1607 10 0 0 0 0 0 0 0 0 0 0 0 
1608 10 0 0 0 0 0 0 0 0 0 0 0 
1609 10 0 0 0 0 0 0 0 0 0 0 0 
1610 10 0 0 0 0 0 0 0 0 0 0 0 
1611 10 0 0 0 0 0 0 0 0 0 0 0 
1612 10 0 0 0 0 0 0 0 0 0 0 0 
1613 10 0 0 0 0 0 0 0 0 0 0 0 
1614 10 0 0 0 0 0 0 0 0 0 0 0 
1615 10 0 0 0 0 0 0 0 0 0 0 0 
1616 10 0 0 0 0 0 0 0 0 0 0 0 
1617 10 0 0 0 0 0 0 0 0 0 0 0 
1618 10 0 0 0 0 0 0 0 0 0 0 0 
1619 10 0 0 0 0 0 0 0 0 0 0 0 
1620 10 0 0 0 0 0 0 0 0 0 0 0 
1621 10 0 0 0 0 0 0 0 0 0 0 0 
1622 10 0 0 0 0 0 0 0 0 0 0 0 
1623 10 0 0 0 0 0 0 0 0 0 0 0 
1624 10 0 0 0 0 0 0 0 0 0 0 0 
1625 10 0 0 0 0 0 0 0 0 0 0 0 
1626 10 0 0 0 0 0 0 0 0 0 0 0 
1627 10 0 0 0 0 0 0 0 0 0 0 0 
1628 10 0 0 0 0 0 0 0 0 0 0 0 
1629 10 0 0 0 0 0 0 0 0 0 0 0 
1630 10 0 0 0 0 0 0 0 0 0 0 0 
1631 10 0 0 0 0 0 0 0 0 0 0 0 
1632 10 0 0 0 0 0 0 0 0 0 0 0 
1633 10 0 0 0 0 0 0 0 0 0 0 0 
1634 10 0 0 0 0 0 0 0 0 0 0 0 
1635 10 0 0 0 0 0 0 0 0 0 0 0 
1636 10 0 0 0 0 0 0 0 0 0 0 0 
1637 10 10 0 0 0 0 0 0 0 0 0 0 
1638 10 11 0 0 0 0 0 0 0 0 0 0 
1639 10 0 0 0 0 0 0 0 0 0 0 0 
1640 10 0 0 0 0 0 0 0 0 0 0 0 
1641 10 0 0 0 0 0 0 0 0 0 0 0 
1642 10 0 0 0 0 0 0 0 0 0 0 0 
1643 10 0 0 0 0 0 0 0 0 0 0 0 
1644 10 0 0 0 0 0 0 0 0 0 0 0 
1645 10 0 0 0 0 0 0 0 0 0 0 0 
1646 10 0 0 0 0 0 0 0 0 0 0 0 
1647 10 0 0 0 0 0 0 0 0 0 0 0 
1648 10 0 0 0 0 0 0 0 0 0 0 0 
1649 10 0 0 0 0 0 0 0 0 0 0 0 
1650 10 0 0 0 0 0 0 0 0 0 0 0 
1651 10 0 0 0 0 0 0 0 0 0 0 0 
1652 10 0 0 0 0 0 0 0 0 0 0 0 
1653 10 15 0 0 0 0 0 0 0 0 0 0 
1654 10 16 0 0 0 0 0 0 0 0 0 0 
1655 10 0 0 0 0 0 0 0 0 0 0 0 
1656 10 0 0 0 0 0 0 0 0 0 0 0 
1657 10 0 0 0 0 0 0 0 0 0 0 0 
1658 10 0 0 0 0 0 0 0 0 0 0 0 
1659 10 0 0 0 0 0 0 0 0 0 0 0 
1660 10 0 0 0 0 0 0 0 0 0 0 0 
1661 10 0 0 0 0 0 0 0 0 0 0 0 
1662 10 0 0 0 0 0 0 0 0 0 0 0 
1663 10 0 0 0 0 0 0 0 0 0 0 0 
1664 10 0 0 0 0 0 0 0 0 0 0 0 
1665 10 0 0 0 0 0 0 0 0 0 0 0 
1666 10 0 0 0 0 0 0 0 0 0 0 0 
1667 10 0 0 0 0 0 0 0 0 0 0 0 
1668 10 0 0 0 0 0 0 0 0 0 0 0 
1669 10 0 0 0 0 0 0 0 0 0 0 0 
1670 10 0 0 0 0 0 0 0 0 0 0 0 
1671 10 0 0 0 0 0 0 0 0 0 0 0 
1672 10 0 0 0 0 0 0 0 0 0 0 0 
1673 10 0 0 0 0 0 0 0 0 0 0 0 
1674 10 0 0 0 0 0 0 0 0 0 0 0 
1675 10 0 0 0 0 0 0 0 0 0 0 0 
1676 10 0 0 0 0 0 0 0 0 0 0 0 
1677 10 0 0 0 0 0 0 0 0 0 0 0 
1678 10 0 0 0 0 0 0 0 0 0 0 0 
1679 10 0 0 0 0 0 0 0 0 0 0 0 
1680 10 0 0 0 0 0 0 0 0 0 0 0 
1681 10 0 0 0 0 0 0 0 0 0 0 0 
1682 10 0 0 0 0 0 0 0 0 0 0 0 
1683 10 0 0 0 0 0 0 0 0 0 0 0 
1684 10 0 0 0 0 0 0 0 0 0 0 0 
1685 10 0 0 0 0 0 0 0 0 0 0 0 
1686 10 0 0 0 0 0 0 0 0 0 0 0 
1687 10 0 0 0 0 0 0 0 0 0 0 0 
1688 10 0 0 0 0 0 0 0 0 0 0 0 
1689 10 0 0 0 0 0 0 0 0 0 0 0 
1690 10 0 0 0 0 0 0 0 0 0 0 0 
1691 10 0 0 0 0 0 0 0 0 0 0 0 
1692 10 0 0 0 0 0 0 0 0 0 0 0 
1693 10 0 0 0 0 0 0 0 0 0 0 0 
1694 10 0 0 0 0 0 0 0 0 0 0 0 
1695 10 0 0 0 0 0 0 0 0 0 0 0 
1696 10 0 0 0 0 0 0 0 0 0 0 0 
1697 10 0 0 0 0 0 0 0 0 0 0 0 
1698 10 0 0 0 0 0 0 0 0 0 0 0 
1699 10 0 0 0 0 0 0 0 0 0 0 0 
1700 10 0 0 0 0 0 0 0 0 0 0 0 
1701 10 0 0 0 0 0 0 0 0 0 0 0 
1702 10 0 0 0 0 0 0 0 0 0 0 0 
1703 10 0 0 0 0 0 0 0 0 0 0 0 
1704 10 0 0 0 0 0 0 0 0 0 0 0 
1705 10 0 0 0 0 0 0 0 0 0 0 0 
1706 10 0 0 0 0 0 0 0 0 0 0 0 
1707 10 0 0 0 0 0 0 0 0 0 0 0 
1708 10 0 0 0 0 0 0 0 0 0 0 0 
1709 10 0 0 0 0 0 0 0 0 0 0 0 
1710 10 0 0 0 0 0 0 0 0 0 0 0 
1711 10 0 0 0 0 0 0 0 0 0 0 0 
1712 10 0 0 0 0 0 0 0 0 0 0 0 
1713 10 0 0 0 0 0 0 0 0 0 0 0 
1714 10 0 0 0 0 0 0 0 0 0 0 0 
1715 10 0 0 0 0 0 0 0 0 0 0 0 
1716 10 0 0 0 0 0 0 0 0 0 0 0 
1717 10 0 0 0 0 0 0 0 0 0 0 0 
1718 10 0 0 0 0 0 0 0 0 0 0 0 
1719 10 0 0 0 0 0 0 0 0 0 0 0 
1720 10 0 0 0 0 0 0 0 0 0 0 0 
1721 10 0 0 0 0 0 0 0 0 0 0 0 
1722 10 0 0 0 0 0 0 0 0 0 0 0 
1723 10 0 0 0 0 0 0 0 0 0 0 0 
1724 10 0 0 0 0 0 0 0 0 0 0 0 
1725 10 0 0 0 0 0 0 0 0 0 0 0 
1726 10 0 0 0 0 0 0 0 0 0 0 0 
1727 10 0 0 0 0 0 0 0 0 0 0 0 
1728 10 0 0 0 0 0 0 0 0 0 0 0 
1729 10 0 0 0 0 0 0 0 0 0 0 0 
1730 10 0 0 0 0 0 0 0 0 0 0 0 
1731 10 0 0 0 0 0 0 0 0 0 0 0 
1732 10 0 0 0 0 0 0 0 0 0 0 0 
1733 10 0 0 0 0 0 0 0 0 0 0 0 
1734 10 0 0 0 0 0 0 0 0 0 0 0 
1735 10 20 0 0 0 0 0 0 0 0 0 0 
1736 10 21 0 0 0 0 0 0 0 0 0 0 
1737 10 22 0 0 0 0 0 0 0 0 0 0 
1738 10 23 0 0 0 0 0 0 0 0 0 0 
1739 10 0 0 0 0 0 0 0 0 0 0 0 
1740 10 0 0 0 0 0 0 0 0 0 0 0 
1741 10 0 0 0 0 0 0 0 0 0 0 0 
1742 10 0 0 0 0 0 0 0 0 0 0 0 
1743 10 0 0 0 0 0 0 0 0 0 0 0 
1744 10 0 0 0 0 0 0 0 0 0 0 0 
1745 10 26 0 0 0 0 0 0 0 0 0 0 
1746 10 27 0 0 0 0 0 0 0 0 0 0 
1747 10 28 0 0 0 0 0 0 0 0 0 0 
1748 10 29 0 0 0 0 0 0 0 0 0 0 
1749 10 0 0 0 0 0 0 0 0 0 0 0 
1750 10 0 0 0 0 0 0 0 0 0 0 0 
1751 10 0 0 0 0 0 0 0 0 0 0 0 
1752 10 0 0 0 0 0 0 0 0 0 0 0 
1753 10 0 0 0 0 0 0 0 0 0 0 0 
1754 10 0 0 0 0 0 0 0 0 0 0 0 
1755 10 0 0 0 0 0 0 0 0 0 0 0 
1756 10 0 0 0 0 0 0 0 0 0 0 0 
1757 10 0 0 0 0 0 0 0 0 0 0 0 
1758 10 0 0 0 0 0 0 0 0 0 0 0 
1759 10 0 0 0 0 0 0 0 0 0 0 0 
1760 10 0 0 0 0 0 0 0 0 0 0 0 
1761 10 0 0 0 0 0 0 0 0 0 0 0 
1762 10 0 0 0 0 0 0 0 0 0 0 0 
1763 10 0 0 0 0 0 0 0 0 0 0 0 
1764 10 0 0 0 0 0 0 0 0 0 0 0 
1765 10 0 0 0 0 0 0 0 0 0 0 0 
1766 10 0 0 0 0 0 0 0 0 0 0 0 
1767 10 0 0 0 0 0 0 0 0 0 0 0 
1768 10 0 0 0 0 0 0 0 0 0 0 0 
1769 10 0 0 0 0 0 0 0 0 0 0 0 
1770 10 0 0 0 0 0 0 0 0 0 0 0 
1771 10 0 0 0 0 0 0 0 0 0 0 0 
1772 10 0 0 0 0 0 0 0 0 0 0 0 
1773 10 0 0 0 0 0 0 0 0 0 0 0 
1774 10 0 0 0 0 0 0 0 0 0 0 0 
1775 10 0 0 0 0 0 0 0 0 0 0 0 
1776 10 0 0 0 0 0 0 0 0 0 0 0 
1777 10 0 0 0 0 0 0 0 0 0 0 0 
1778 10 0 0 0 0 0 0 0 0 0 0 0 
1779 10 0 0 0 0 0 0 0 0 0 0 0 
1780 10 0 0 0 0 0 0 0 0 0 0 0 
1781 10 0 0 0 0 0 0 0 0 0 0 0 
1782 10 0 0 0 0 0 0 0 0 0 0 0 
1783 10 0 0 0 0 0 0 0 0 0 0 0 
1784 10 0 0 0 0 0 0 0 0 0 0 0 
1785 10 0 0 0 0 0 0 0 0 0 0 0 
1786 10 0 0 0 0 0 0 0 0 0 0 0 
1787 10 0 0 0 0 0 0 0 0 0 0 0 
1788 10 0 0 0 0 0 0 0 0 0 0 0 
1789 10 0 0 0 0 0 0 0 0 0 0 0 
1790 10 0 0 0 0 0 0 0 0 0 0 0 
1791 10 0 0 0 0 0 0 0 0 0 0 0 
1792 10 0 0 0 0 0 0 0 0 0 0 0 
1793 10 0 0 0 0 0 0 0 0 0 0 0 
1794 10 0 0 0 0 0 0 0 0 0 0 0 
1795 10 0 0 0 0 0 0 0 0 0 0 0 
1796 10 0 0 0 0 0 0 0 0 0 0 0 
1797 10 0 0 0 0 0 0 0 0 0 0 0 
1798 10 0 0 0 0 0 0 0 0 0 0 0 
1799 10 0 0 0 0 0 0 0 0 0 0 0 
1800 10 0 0 0 0 0 0 0 0 0 0 0 
1801 10 0 0 0 0 0 0 0 0 0 0 0 
1802 10 0 0 0 0 0 0 0 0 0 0 0 
1803 10 0 0 0 0 0 0 0 0 0 0 0 
1804 10 0 0 0 0 0 0 0 0 0 0 0 
1805 10 0 0 0 0 0 0 0 0 0 0 0 
1806 10 0 0 0 0 0 0 0 0 0 0 0 
1807 10 0 0 0 0 0 0 0 0 0 0 0 
1808 10 0 0 0 0 0 0 0 0 0 0 0 
1809 10 0 0 0 0 0 0 0 0 0 0 0 
1810 10 0 0 0 0 0 0 0 0 0 0 0 
1811 10 0 0 0 0 0 0 0 0 0 0 0 
1812 10 0 0 0 0 0 0 0 0 0 0 0 
1813 10 0 0 0 0 0 0 0 0 0 0 0 
1814 10 0 0 0 0 0 0 0 0 0 0 0 
1815 10 0 0 0 0 0 0 0 0 0 0 0 
1816 10 0 0 0 0 0 0 0 0 0 0 0 
1817 10 0 0 0 0 0 0 0 0 0 0 0 
1818 10 0 0 0 0 0 0 0 0 0 0 0 
1819 10 0 0 0 0 0 0 0 0 0 0 0 
1820 10 0 0 0 0 0 0 0 0 0 0 0 
1821 10 0 0 0 0 0 0 0 0 0 0 0 
1822 10 0 0 0 0 0 0 0 0 0 0 0 
1823 10 0 0 0 0 0 0 0 0 0 0 0 
1824 10 0 0 0 0 0 0 0 0 0 0 0 
1825 10 0 0 0 0 0 0 0 0 0 0 0 
1826 10 0 0 0 0 0 0 0 0 0 0 0 
1827 10 0 0 0 0 0 0 0 0 0 0 0 
1828 10 0 0 0 0 0 0 0 0 0 0 0 
1829 10 0 0 0 0 0 0 0 0 0 0 0 
1830 10 0 0 0 0 0 0 0 0 0 0 0 
1831 10 0 0 0 0 0 0 0 0 0 0 0 
1832 10 0 0 0 0 0 0 0 0 0 0 0 
1833 10 0 0 0 0 0 0 0 0 0 0 0 
1834 10 0 0 0 0 0 0 0 0 0 0 0 
1835 10 0 0 0 0 0 0 0 0 0 0 0 
1836 10 0 0 0 0 0 0 0 0 0 0 0 
1837 10 0 0 0 0 0 0 0 0 0 0 0 
1838 10 0 0 0 0 0 0 0 0 0 0 0 
1839 10 0 0 0 0 0 0 0 0 0 0 0 
1840 10 0 0 0 0 0 0 0 0 0 0 0 
1841 10 0 0 0 0 0 0 0 0 0 0 0 
1842 10 0 0 0 0 0 0 0 0 0 0 0 
1843 10 0 0 0 0 0 0 0 0 0 0 0 
1844 10 0 0 0 0 0 0 0 0 0 0 0 
1845 10 0 0 0 0 0 0 0 0 0 0 0 
1846 10 0 0 0 0 0 0 0 0 0 0 0 
1847 10 0 0 0 0 0 0 0 0 0 0 0 
1848 10 0 0 0 0 0 0 0 0 0 0 0 
1849 10 0 0 0 0 0 0 0 0 0 0 0 
1850 10 0 0 0 0 0 0 0 0 0 0 0 
1851 10 0 0 0 0 0 0 0 0 0 0 0 
1852 10 0 0 0 0 0 0 0 0 0 0 0 
1853 10 0 0 0 0 0 0 0 0 0 0 0 
1854 10 0 0 0 0 0 0 0 0 0 0 0 
1855 10 0 0 0 0 0 0 0 0 0 0 0 
1856 10 0 0 0 0 0 0 0 0 0 0 0 
1857 10 0 0 0 0 0 0 0 0 0 0 0 
1858 10 0 0 0 0 0 0 0 0 0 0 0 
1859 10 0 0 0 0 0 0 0 0 0 0 0 
1860 10 0 0 0 0 0 0 0 0 0 0 0 
1861 10 0 0 0 0 0 0 0 0 0 0 0 
1862 10 0 0 0 0 0 0 0 0 0 0 0 
1863 10 0 0 0 0 0 0 0 0 0 0 0 
1864 10 0 0 0 0 0 0 0 0 0 0 0 
1865 10 0 0 0 0 0 0 0 0 0 0 0 
1866 10 0 0 0 0 0 0 0 0 0 0 0 
1867 10 0 0 0 0 0 0 0 0 0 0 0 
1868 10 0 0 0 0 0 0 0 0 0 0 0 
1869 10 0 0 0 0 0 0 0 0 0 0 0 
1870 10 0 0 0 0 0 0 0 0 0 0 0 
1871 10 0 0 0 0 0 0 0 0 0 0 0 
1872 10 0 0 0 0 0 0 0 0 0 0 0 
1873 10 0 0 0 0 0 0 0 0 0 0 0 
1874 10 0 0 0 0 0 0 0 0 0 0 0 
1875 10 0 0 0 0 0 0 0 0 0 0 0 
1876 10 0 0 0 0 0 0 0 0 0 0 0 
1877 10 0 0 0 0 0 0 0 0 0 0 0 
1878 10 0 0 0 0 0 0 0 0 0 0 0 
1879 10 0 0 0 0 0 0 0 0 0 0 0 
1880 10 0 0 0 0 0 0 0 0 0 0 0 
1881 10 0 0 0 0 0 0 0 0 0 0 0 
1882 10 0 0 0 0 0 0 0 0 0 0 0 
1883 10 0 0 0 0 0 0 0 0 0 0 0 
1884 10 0 0 0 0 0 0 0 0 0 0 0 
1885 10 0 0 0 0 0 0 0 0 0 0 0 
1886 10 0 0 0 0 0 0 0 0 0 0 0 
1887 10 0 0 0 0 0 0 0 0 0 0 0 
1888 10 0 0 0 0 0 0 0 0 0 0 0 
1889 10 0 0 0 0 0 0 0 0 0 0 0 
1890 10 0 0 0 0 0 0 0 0 0 0 0 
1891 10 0 0 0 0 0 0 0 0 0 0 0 
1892 10 0 0 0 0 0 0 0 0 0 0 0 
1893 10 0 0 0 0 0 0 0 0 0 0 0 
1894 10 0 0 0 0 0 0 0 0 0 0 0 
1895 10 0 0 0 0 0 0 0 0 0 0 0 
1896 10 0 0 0 0 0 0 0 0 0 0 0 
1897 10 0 0 0 0 0 0 0 0 0 0 0 
1898 10 0 0 0 0 0 0 0 0 0 0 0 
1899 10 0 0 0 0 0 0 0 0 0 0 0 
1900 10 0 0 0 0 0 0 0 0 0 0 0 
1901 10 0 0 0 0 0 0 0 0 0 0 0 
1902 10 0 0 0 0 0 0 0 0 0 0 0 
1903 10 0 0 0 0 0 0 0 0 0 0 0 
1904 10 0 0 0 0 0 0 0 0 0 0 0 
1905 10 0 0 0 0 0 0 0 0 0 0 0 
1906 10 0 0 0 0 0 0 0 0 0 0 0 
1907 10 0 0 0 0 0 0 0 0 0 0 0 
1908 10 0 0 0 0 0 0 0 0 0 0 0 
1909 10 0 0 0 0 0 0 0 0 0 0 0 
1910 10 0 0 0 0 0 0 0 0 0 0 0 
1911 10 0 0 0 0 0 0 0 0 0 0 0 
1912 10 0 0 0 0 0 0 0 0 0 0 0 
1913 10 0 0 0 0 0 0 0 0 0 0 0 
1914 10 0 0 0 0 0 0 0 0 0 0 0 
1915 10 0 0 0 0 0 0 0 0 0 0 0 
1916 10 0 0 0 0 0 0 0 0 0 0 0 
1917 10 0 0 0 0 0 0 0 0 0 0 0 
1918 10 0 0 0 0 0 0 0 0 0 0 0 
1919 10 0 0 0 0 0 0 0 0 0 0 0 
1920 10 0 0 0 0 0 0 0 0 0 0 0 
1921 10 0 0 0 0 0 0 0 0 0 0 0 
1922 10 0 0 0 0 0 0 0 0 0 0 0 
1923 10 0 0 0 0 0 0 0 0 0 0 0 
1924 10 0 0 0 0 0 0 0 0 0 0 0 
1925 10 0 0 0 0 0 0 0 0 0 0 0 
1926 10 0 0 0 0 0 0 0 0 0 0 0 
1927 10 0 0 0 0 0 0 0 0 0 0 0 
1928 10 0 0 0 0 0 0 0 0 0 0 0 
1929 10 0 0 0 0 0 0 0 0 0 0 0 
1930 10 0 0 0 0 0 0 0 0 0 0 0 
1931 10 0 0 0 0 0 0 0 0 0 0 0 
1932 10 0 0 0 0 0 0 0 0 0 0 0 
1933 10 0 0 0 0 0 0 0 0 0 0 0 
1934 10 0 0 0 0 0 0 0 0 0 0 0 
1935 10 0 0 0 0 0 0 0 0 0 0 0 
1936 10 0 0 0 0 0 0 0 0 0 0 0 
1937 10 39 0 0 0 0 0 0 0 0 0 0 
1938 10 40 0 0 0 0 0 0 0 0 0 0 
1939 10 0 0 0 0 0 0 0 0 0 0 0 
1940 10 0 0 0 0 0 0 0 0 0 0 0 
1941 10 0 0 0 0 0 0 0 0 0 0 0 
1942 10 0 0 0 0 0 0 0 0 0 0 0 
1943 10 0 0 0 0 0 0 0 0 0 0 0 
1944 10 0 0 0 0 0 0 0 0 0 0 0 
1945 10 0 0 0 0 0 0 0 0 0 0 0 
1946 10 0 0 0 0 0 0 0 0 0 0 0 
1947 10 0 0 0 0 0 0 0 0 0 0 0 
1948 10 0 0 0 0 0 0 0 0 0 0 0 
1949 10 0 0 0 0 0 0 0 0 0 0 0 
1950 10 0 0 0 0 0 0 0 0 0 0 0 
1951 10 0 0 0 0 0 0 0 0 0 0 0 
1952 10 0 0 0 0 0 0 0 0 0 0 0 
1953 10 0 0 0 0 0 0 0 0 0 0 0 
1954 10 0 0 0 0 0 0 0 0 0 0 0 
1955 10 0 0 0 0 0 0 0 0 0 0 0 
1956 10 0 0 0 0 0 0 0 0 0 0 0 
1957 10 0 0 0 0 0 0 0 0 0 0 0 
1958 10 0 0 0 0 0 0 0 0 0 0 0 
1959 10 0 0 0 0 0 0 0 0 0 0 0 
1960 10 0 0 0 0 0 0 0 0 0 0 0 
1961 10 0 0 0 0 0 0 0 0 0 0 0 
1962 10 0 0 0 0 0 0 0 0 0 0 0 
1963 10 0 0 0 0 0 0 0 0 0 0 0 
1964 10 0 0 0 0 0 0 0 0 0 0 0 
1965 10 0 0 0 0 0 0 0 0 0 0 0 
1966 10 0 0 0 0 0 0 0 0 0 0 0 
1967 10 0 0 0 0 0 0 0 0 0 0 0 
1968 10 0 0 0 0 0 0 0 0 0 0 0 
1969 10 0 0 0 0 0 0 0 0 0 0 0 
1970 10 0 0 0 0 0 0 0 0 0 0 0 
1971 10 0 0 0 0 0 0 0 0 0 0 0 
1972 10 0 0 0 0 0 0 0 0 0 0 0 
1973 10 0 0 0 0 0 0 0 0 0 0 0 
1974 10 0 0 0 0 0 0 0 0 0 0 0 
1975 10 0 0 0 0 0 0 0 0 0 0 0 
1976 10 0 0 0 0 0 0 0 0 0 0 0 
1977 10 0 0 0 0 0 0 0 0 0 0 0 
1978 10 0 0 0 0 0 0 0 0 0 0 0 
1979 10 0 0 0 0 0 0 0 0 0 0 0 
1980 10 0 0 0 0 0 0 0 0 0 0 0 
1981 10 0 0 0 0 0 0 0 0 0 0 0 
1982 10 0 0 0 0 0 0 0 0 0 0 0 
1983 10 0 0 0 0 0 0 0 0 0 0 0 
1984 10 0 0 0 0 0 0 0 0 0 0 0 
1985 10 0 0 0 0 0 0 0 0 0 0 0 
1986 10 0 0 0 0 0 0 0 0 0 0 0 
1987 10 0 0 0 0 0 0 0 0 0 0 0 
1988 10 0 0 0 0 0 0 0 0 0 0 0 
1989 10 0 0 0 0 0 0 0 0 0 0 0 
1990 10 0 0 0 0 0 0 0 0 0 0 0 
1991 10 0 0 0 0 0 0 0 0 0 0 0 
1992 10 0 0 0 0 0 0 0 0 0 0 0 
1993 10 0 0 0 0 0 0 0 0 0 0 0 
1994 10 0 0 0 0 0 0 0 0 0 0 0 
1995 10 0 0 0 0 0 0 0 0 0 0 0 
1996 10 0 0 0 0 0 0 0 0 0 0 0 
1997 10 0 0 0 0 0 0 0 0 0 0 0 
1998 10 0 0 0 0 0 0 0 0 0 0 0 
1999 10 0 0 0 0 0 0 0 0 0 0 0 
2000 10 0 0 0 0 0 0 0 0 0 0 0 
2001 10 0 0 0 0 0 0 0 0 0 0 0 
2002 10 0 0 0 0 0 0 0 0 0 0 0 
2003 10 0 0 0 0 0 0 0 0 0 0 0 
2004 10 0 0 0 0 0 0 0 0 0 0 0 
2005 10 0 0 0 0 0 0 0 0 0 0 0 
2006 10 0 0 0 0 0 0 0 0 0 0 0 
2007 10 0 0 0 0 0 0 0 0 0 0 0 
2008 10 0 0 0 0 0 0 0 0 0 0 0 
2009 10 0 0 0 0 0 0 0 0 0 0 0 
2010 10 0 0 0 0 0 0 0 0 0 0 0 
2011 10 0 0 0 0 0 0 0 0 0 0 0 
2012 10 0 0 0 0 0 0 0 0 0 0 0 
2013 10 0 0 0 0 0 0 0 0 0 0 0 
2014 10 0 0 0 0 0 0 0 0 0 0 0 
2015 10 0 0 0 0 0 0 0 0 0 0 0 
2016 10 0 0 0 0 0 0 0 0 0 0 0 
2017 10 0 0 0 0 0 0 0 0 0 0 0 
2018 10 0 0 0 0 0 0 0 0 0 0 0 
2019 10 0 0 0 0 0 0 0 0 0 0 0 
2020 10 0 0 0 0 0 0 0 0 0 0 0 
2021 10 0 0 0 0 0 0 0 0 0 0 0 
2022 10 0 0 0 0 0 0 0 0 0 0 0 
2023 10 0 0 0 0 0 0 0 0 0 0 0 
2024 10 0 0 0 0 0 0 0 0 0 0 0 
2025 10 0 0 0 0 0 0 0 0 0 0 0 
2026 10 0 0 0 0 0 0 0 0 0 0 0 
2027 10 0 0 0 0 0 0 0 0 0 0 0 
2028 10 0 0 0 0 0 0 0 0 0 0 0 
2029 10 0 0 0 0 0 0 0 0 0 0 0 
2030 10 0 0 0 0 0 0 0 0 0 0 0 
2031 10 0 0 0 0 0 0 0 0 0 0 0 
2032 10 0 0 0 0 0 0 0 0 0 0 0 
2033 10 0 0 0 0 0 0 0 0 0 0 0 
2034 10 0 0 0 0 0 0 0 0 0 0 0 
2035 10 0 0 0 0 0 0 0 0 0 0 0 
2036 10 0 0 0 0 0 0 0 0 0 0 0 
2037 10 0 0 0 0 0 0 0 0 0 0 0 
2038 10 0 0 0 0 0 0 0 0 0 0 0 
2039 10 0 0 0 0 0 0 0 0 0 0 0 
2040 10 0 0 0 0 0 0 0 0 0 0 0 
2041 10 0 0 0 0 0 0 0 0 0 0 0 
2042 10 0 0 0 0 0 0 0 0 0 0 0 
2043 10 0 0 0 0 0 0 0 0 0 0 0 
2044 10 0 0 0 0 0 0 0 0 0 0 0 
2045 10 0 0 0 0 0 0 0 0 0 0 0 
2046 10 0 0 0 0 0 0 0 0 0 0 0 

0 4 1 3 pack_2 0.00917899 15 -18 -111 168 -8 -111 78 12 -111 150 -3 -111 60 -13 -106 66 2 -111 246 7 -111 246 -13 -111 78 17 -106 66 12 -111 246 -13 -111 60 -23 -111 78 -18 -106 66 -18 -111 66 22 -111 240 
1 4 1 3 pack_2 0.0239044 4 17 59 150 17 39 66 22 34 48 -3 64 186 
2 4 1 3 pack_2 0.0271493 1 27 54 132 
3 4 1 3 pack_2 0.210526 2 -3 49 240 -3 44 150 
4 4 1 3 pack_2 0.953271 17 22 49 132 12 29 312 17 44 78 22 44 60 12 34 330 -3 -21 150 22 -21 312 -3 -21 168 -18 -21 186 -8 -1 78 -8 -31 168 -3 4 66 7 4 60 -8 4 66 -3 4 60 -18 4 102 17 -1 48 
5 4 1 3 pack_2 0.489796 4 12 -36 330 7 -51 60 12 -51 48 2 -56 66 
6 4 1 3 pack_2 0.955752 18 22 -96 150 7 -106 132 22 -106 150 27 -106 54 27 -91 18 -23 -101 168 -28 -96 102 2 -96 246 2 -96 258 -3 -96 258 32 -101 66 2 -96 234 -3 -101 18 -33 -96 168 7 -101 18 -18 -106 36 -43 -106 234 -28 -111 36 
7 4 1 3 pack_2 0.0594059 1 -48 -106 150 
8 4 1 3 pack_2 0.590164 6 -53 -111 234 -43 -111 60 -53 -111 48 -53 -111 66 -48 -111 276 17 -111 288 
9 4 1 3 pack_2 0.545455 1 37 -106 312 
10 4 1 3 pack_2 0.976077 34 27 -111 288 22 -101 288 37 -111 312 22 -96 18 32 -106 288 27 -106 18 22 -106 18 17 -111 102 12 -111 102 22 -111 168 42 -111 330 42 -106 276 47 -111 312 17 -106 186 37 -106 78 47 -106 258 42 -106 150 52 -111 288 37 -111 102 47 -111 54 42 -111 60 22 -106 186 47 -111 78 52 -111 54 52 -111 60 32 -111 258 32 -111 240 52 -111 66 57 -111 258 57 -111 150 42 -111 168 57 -111 234 57 -111 240 12 -111 276 
11 4 1 3 pack_2 1 1 -53 -111 276 
12 4 1 3 pack_2 0.285714 2 2 -46 66 -23 -26 186 
13 4 0 
14 4 1 3 pack_2 1 6 32 -96 54 22 -101 78 32 -106 48 22 -111 258 12 -111 288 17 -101 18 
15 4 1 3 pack_2 0.947368 15 -13 -111 186 7 -111 54 -3 -111 48 17 -111 48 -3 -111 276 -13 -111 276 22 -111 54 -18 -111 102 7 -111 312 2 -111 102 -3 -106 132 7 -111 276 -3 -111 18 2 -106 78 -13 -101 66 
16 4 1 3 pack_2 0.992051 104 -18 -111 246 7 -111 186 -3 -111 234 7 -106 54 -8 -101 66 -8 -111 288 -3 -111 288 17 -106 78 2 -111 312 12 -96 60 27 -106 48 -18 -106 186 -3 -101 48 7 -106 186 7 -96 78 -8 -96 66 2 -96 54 -33 -111 132 2 -96 78 12 -96 54 12 -106 246 7 -101 36 -38 -111 276 17 -106 246 7 -106 240 -8 -96 54 7 -106 258 2 -106 258 -38 -101 102 -8 -106 258 -28 -111 150 -3 -91 54 2 -91 48 -18 -111 234 -18 -96 66 22 -91 54 17 -91 60 -28 -111 48 -18 -106 276 -18 -111 48 -23 -96 168 22 -91 60 -8 -106 132 7 -91 66 12 -91 54 -18 -101 150 7 -101 132 -23 -111 330 -28 -111 330 -8 -106 18 -18 -96 168 -33 -96 186 7 -66 60 -3 -91 78 -13 -91 258 2 -101 168 -38 -111 330 -18 -106 240 7 -96 132 -8 -91 102 -33 -101 18 -18 -91 66 12 -91 312 -13 -71 150 -8 -91 150 12 -101 330 -3 -76 330 -23 -91 276 7 -61 60 2 -101 246 -18 -96 276 17 -86 60 7 -71 54 17 -91 132 -23 -71 168 17 -101 246 -13 -66 150 -8 -101 246 12 -86 66 -33 -96 18 7 -91 312 -23 -101 66 -38 -106 288 -28 -81 168 12 -86 60 17 -91 312 -8 -101 240 2 -71 54 17 -81 66 17 -86 132 7 -86 60 -3 -86 48 7 -41 60 17 -71 48 -13 -81 66 22 -76 48 -33 -71 186 12 -76 48 7 -76 48 2 -81 330 12 -81 150 -13 -101 240 12 -81 66 22 -81 36 
17 4 1 3 pack_2 1 5 2 -91 102 27 -96 60 27 -96 54 27 -86 36 22 -91 132 
18 4 1 3 pack_2 0.0779221 5 7 79 186 2 54 18 7 74 150 -23 69 312 2 79 150 
19 4 1 3 pack_2 0.0816327 2 -13 44 132 -23 -41 54 
20 4 1 3 pack_2 0.886261 1474 52 74 186 47 9 150 52 9 288 -53 34 276 57 29 66 57 29 60 42 9 288 52 29 246 52 14 60 52 14 66 42 14 78 27 74 132 57 29 36 -53 74 54 52 29 36 32 24 102 47 29 258 47 74 60 57 74 234 52 74 48 42 74 312 47 14 276 52 74 276 37 74 102 57 74 18 42 29 186 52 14 102 37 24 102 37 79 330 -53 79 168 37 79 234 42 79 240 47 29 102 52 64 168 37 29 288 52 34 48 -53 39 168 -53 14 258 47 34 186 52 9 246 37 34 186 52 9 18 47 29 288 47 69 240 42 69 246 52 69 240 47 69 168 52 69 186 47 79 240 42 69 258 57 9 276 57 29 102 47 9 258 52 69 60 57 69 186 57 69 54 -53 34 246 47 9 78 37 69 276 47 69 276 57 9 312 57 29 78 57 69 150 57 84 102 42 84 60 47 84 60 32 84 78 -48 84 78 -53 84 234 -53 84 240 -43 84 246 57 24 168 47 84 18 37 84 102 57 84 60 57 84 54 57 84 66 57 84 330 57 84 312 52 24 168 32 89 186 -48 89 312 32 89 234 27 89 150 22 89 132 42 89 240 37 89 330 37 89 60 -28 89 246 32 89 258 42 89 258 22 89 288 47 89 36 27 89 276 32 89 78 52 79 288 47 79 48 52 79 240 -53 79 66 -48 79 78 42 79 66 -53 79 240 -48 79 240 52 79 246 37 79 78 -48 79 60 42 79 276 47 79 18 47 79 150 27 79 102 57 79 186 47 64 60 57 79 18 57 79 288 37 14 288 57 79 312 52 24 78 52 19 78 57 19 288 -53 84 330 37 84 234 42 84 234 37 84 240 37 84 330 32 84 312 32 84 258 42 -11 168 52 -11 150 42 49 78 42 49 150 42 -6 78 -53 54 168 37 -11 288 57 49 150 57 -11 276 57 -11 18 -53 4 276 42 49 102 47 -6 276 -48 44 258 32 49 102 42 39 102 52 -6 150 57 -11 168 47 -6 288 57 39 150 42 -16 288 57 -11 240 57 -11 234 52 39 150 47 -16 288 -48 -6 258 42 -6 288 42 -16 276 57 -1 54 57 -1 60 47 39 78 52 54 54 57 44 66 52 -6 36 57 44 312 57 -6 48 52 44 132 57 44 102 47 44 150 52 -6 186 42 -6 186 47 44 78 57 -6 240 32 49 186 -53 49 168 32 -11 102 52 44 66 32 44 288 52 -1 168 52 -11 288 52 44 60 47 44 246 52 44 246 52 -6 60 57 49 240 57 114 288 52 -11 132 57 -6 132 52 49 66 42 49 258 52 -11 276 57 44 234 52 -6 276 47 4 288 47 59 168 -48 39 258 47 59 18 57 34 312 42 4 78 52 59 66 57 59 66 57 34 288 47 59 150 57 4 312 42 34 78 57 34 276 47 4 150 47 34 258 47 4 132 57 59 234 42 4 102 57 34 18 32 64 186 -53 64 66 57 9 36 42 64 186 52 64 234 52 9 234 47 34 246 57 64 234 32 29 288 57 9 48 42 64 18 52 64 48 42 34 168 37 54 276 47 -1 168 52 -1 78 42 39 258 57 54 60 47 54 258 57 39 66 57 54 258 57 54 66 47 -1 78 47 -1 150 47 54 78 52 39 246 47 54 276 57 4 234 52 -16 132 47 19 168 57 39 240 47 4 186 52 4 234 -48 9 258 52 -16 276 42 39 186 57 -16 102 57 4 288 57 4 330 -53 59 66 -53 59 78 52 4 276 47 34 132 42 59 168 -18 104 258 -28 104 18 -43 104 330 32 104 78 47 104 168 7 104 102 -28 104 234 -23 104 78 22 104 246 -23 104 240 47 104 54 -18 104 48 2 104 276 -18 104 36 57 99 312 57 99 150 -48 99 18 -53 99 48 -53 99 60 52 104 150 57 104 66 57 104 186 57 104 54 -48 104 54 -53 104 54 52 104 18 -43 104 54 -43 104 66 -38 104 66 -43 99 234 57 104 234 -38 104 36 -48 104 102 52 104 66 52 104 48 -53 104 102 -38 104 102 -43 104 288 57 94 66 27 99 60 -28 99 48 47 99 240 32 99 36 -28 99 288 -28 99 36 -23 99 48 17 99 312 57 94 78 37 99 60 57 94 60 -43 94 18 52 94 276 -48 94 240 -48 94 234 -43 94 234 52 94 150 -53 94 234 52 99 36 -43 99 54 -48 99 258 -48 99 246 52 99 150 -43 99 240 -43 99 246 -53 99 246 -38 99 54 52 99 330 -18 109 36 52 99 60 17 89 102 42 99 18 37 99 102 -33 99 48 47 99 330 32 99 276 -43 99 330 22 114 78 47 114 78 -33 114 54 -33 114 246 47 114 258 -53 114 312 17 114 18 -33 114 276 -28 114 60 -13 114 18 -48 114 288 -18 114 18 -28 114 66 -28 114 258 42 114 186 -8 114 60 12 114 246 -23 114 258 -23 114 186 57 114 246 57 114 168 -48 114 234 -48 114 258 -48 114 240 -48 114 36 -43 114 246 -43 114 48 -43 114 60 -43 114 66 2 114 246 -38 114 60 -43 114 102 -53 114 246 52 114 258 -33 114 18 -53 114 102 52 114 60 -33 114 36 42 109 246 47 109 78 -33 109 234 -33 109 78 -33 109 66 42 109 78 47 109 48 -53 109 312 17 109 102 -28 109 48 -33 109 18 47 109 240 -28 109 234 -23 109 60 22 109 288 -33 109 288 -28 109 186 32 109 48 17 109 246 52 109 312 -13 114 258 -3 114 36 57 109 18 57 109 186 -48 109 60 -53 109 234 57 109 60 -43 109 234 57 109 240 -33 99 66 -48 109 78 52 109 288 52 109 150 52 109 78 -38 109 36 -38 109 54 -53 109 102 -38 109 48 -53 94 288 32 94 246 32 94 150 -48 94 312 37 94 150 32 94 258 37 94 258 -28 94 246 42 94 60 27 94 78 22 94 276 27 94 276 -28 94 54 37 94 18 -33 94 234 17 94 102 47 94 66 47 94 132 52 94 246 -38 94 36 47 94 312 42 94 102 -38 94 66 57 89 60 42 89 132 -33 89 66 52 89 60 -38 89 234 52 89 258 -38 89 54 -53 89 246 -43 89 78 -43 89 234 -43 89 66 -48 89 18 32 94 60 57 89 186 57 89 276 57 89 132 57 89 102 32 19 102 -38 94 312 32 94 168 17 94 132 27 94 312 27 94 246 52 94 78 -38 94 60 52 64 312 37 34 168 32 94 330 47 29 66 22 94 234 27 104 186 7 114 60 22 94 240 42 39 150 32 19 186 42 34 150 42 59 132 47 19 246 -48 54 246 -33 84 66 12 84 102 42 74 66 27 99 48 -23 99 78 27 84 312 -48 29 246 -33 104 312 37 79 36 47 -1 66 37 24 168 27 -1 102 47 4 66 42 74 60 27 4 102 -53 14 168 47 -6 234 42 19 150 47 64 54 -28 89 54 47 44 240 47 19 240 47 -6 240 -18 89 258 32 74 312 7 99 276 -33 89 234 -53 49 330 -38 99 330 47 59 60 7 94 102 22 89 78 -38 79 240 37 -11 168 -43 84 312 -53 74 36 32 79 234 52 49 312 42 74 330 42 69 48 32 104 18 52 64 330 22 94 66 27 84 78 -28 89 240 37 79 54 -53 89 132 -38 94 18 47 44 48 -8 109 60 42 44 132 -53 69 234 -3 109 246 17 89 258 -38 84 276 42 34 132 -53 84 186 17 99 240 32 84 60 27 84 246 52 -6 312 37 74 330 32 9 288 27 84 240 -23 109 330 47 4 246 47 9 246 47 34 48 -33 79 60 32 99 18 32 -21 288 17 79 132 2 99 102 -43 79 276 -33 79 240 -53 39 330 -38 109 132 -53 34 330 27 74 312 22 94 60 17 104 60 32 84 36 -53 64 60 37 59 150 -28 89 288 -43 79 288 -48 94 186 -33 84 288 32 74 78 22 99 54 -28 84 258 42 19 132 -53 29 330 -53 69 36 -43 99 132 17 89 78 12 89 132 -43 79 312 -38 109 150 -28 79 66 42 64 60 42 59 240 32 74 246 22 79 276 32 74 240 27 84 186 -8 104 102 42 69 330 -53 54 288 37 59 78 22 64 102 32 79 48 42 64 54 27 79 186 -33 89 312 -43 59 78 32 79 54 42 49 66 17 84 258 -43 24 66 7 79 102 37 59 18 7 89 276 22 69 288 -28 84 276 -43 54 78 22 69 132 37 24 18 -23 79 66 -53 59 234 -13 104 102 -53 54 60 -43 74 288 27 84 54 52 -11 330 -38 49 66 32 59 168 37 64 240 27 69 150 27 69 312 27 74 78 22 79 78 -33 99 186 27 84 48 17 84 78 22 94 48 2 99 150 12 94 240 -53 69 186 -18 79 66 7 99 168 -18 104 150 32 69 240 12 99 66 -3 94 66 2 89 276 22 89 186 17 94 60 -48 74 102 37 49 258 22 79 234 42 54 60 42 44 240 -43 44 78 -38 69 78 -8 99 132 -38 44 66 -3 84 102 -8 99 78 7 84 258 27 -6 186 -3 99 186 42 49 48 -43 29 246 -53 34 312 -43 79 102 17 89 66 -53 44 60 12 69 102 -8 74 258 -13 99 102 2 89 132 32 14 276 -53 24 18 -3 84 276 -23 104 132 -28 79 78 42 44 60 27 64 168 37 54 234 47 39 312 42 24 240 22 79 168 37 29 78 -18 89 288 17 89 60 -38 49 246 -28 89 312 -8 84 276 37 34 258 22 69 312 -48 29 276 -53 54 102 -43 84 186 27 69 246 37 24 78 -28 69 60 32 -1 276 -33 79 312 32 34 168 -28 94 186 -48 24 276 -33 99 150 -23 69 66 -43 74 102 22 89 36 -23 94 186 27 64 78 -38 94 150 -48 19 276 -28 89 330 -48 54 54 22 19 102 -43 24 78 27 9 288 -23 69 60 37 14 78 2 74 258 22 64 276 7 74 276 42 4 246 -23 79 78 37 19 258 37 54 312 32 -16 276 42 34 54 27 69 66 -53 4 312 -48 74 150 17 54 102 -13 94 168 22 69 258 42 29 60 -53 39 48 32 64 48 42 -6 240 37 54 60 -48 49 18 -53 29 240 -23 79 288 -53 -1 312 12 84 150 -48 9 276 32 49 258 -43 14 78 -53 -1 18 -43 79 186 -3 74 288 7 74 132 -3 89 246 37 4 78 32 34 18 -13 79 78 12 94 48 -33 94 132 -33 69 288 27 74 36 7 94 54 32 54 18 27 -16 288 12 69 276 17 79 66 2 89 240 12 89 60 12 84 234 27 79 18 42 -16 66 -8 64 258 -13 69 60 32 44 132 37 49 60 42 24 36 -43 49 330 17 54 288 32 9 168 -38 59 276 -43 -1 78 22 -6 102 -53 24 54 -38 29 246 -23 74 78 37 -1 150 37 39 234 -13 74 276 22 49 186 7 84 78 -53 -1 60 32 54 66 17 44 102 -43 -6 78 37 -16 78 -8 84 132 2 89 54 -43 74 186 37 14 132 -13 64 66 -33 84 186 17 69 78 -53 29 102 37 44 36 12 54 102 -23 94 132 27 54 78 22 79 36 32 -6 168 2 84 246 -48 44 234 -8 84 312 17 69 150 37 34 234 27 64 60 -28 59 60 -13 79 102 42 9 54 -48 14 168 7 84 186 -23 69 276 17 69 246 37 9 132 47 -16 312 -53 24 36 12 69 312 37 39 60 -3 79 60 -48 49 102 -3 84 150 -28 79 330 -23 69 78 37 29 66 47 4 330 37 44 312 27 39 168 32 54 60 -13 84 312 -48 29 60 -23 79 102 -38 34 78 -43 44 60 -38 54 54 32 29 78 7 79 150 27 64 18 2 79 78 12 49 102 42 29 312 7 79 66 32 44 246 -13 84 186 2 74 66 -38 54 330 22 64 66 37 24 234 -23 64 48 2 69 132 -33 29 66 2 59 102 -18 59 246 -33 84 132 -53 14 36 27 54 234 47 -11 330 -48 49 186 -3 64 66 -48 34 54 42 -6 36 22 19 288 12 84 48 -38 79 150 17 69 66 12 69 78 -18 79 312 17 79 36 27 34 18 17 64 246 7 59 276 7 54 102 7 74 78 17 54 276 37 19 66 -23 74 102 -48 34 48 -8 74 312 -13 79 150 -3 69 36 -18 64 54 27 29 168 27 54 66 42 -11 36 -33 49 60 -43 49 36 -18 79 330 -48 9 288 17 19 102 12 79 54 -13 64 78 32 19 258 -48 44 186 2 74 240 -23 49 246 -43 54 102 32 39 234 -23 59 36 -3 54 258 -53 4 102 32 39 240 -38 44 60 -18 74 150 2 74 234 -48 4 288 -3 69 78 -3 69 54 -23 49 66 -53 -1 48 27 14 18 17 54 312 27 49 246 -3 69 240 -18 74 312 37 24 60 -38 49 36 37 9 246 37 24 54 17 74 48 -8 69 48 2 54 258 12 59 312 -48 19 240 37 39 330 -33 19 66 27 49 240 12 44 288 22 -1 186 -23 79 132 -13 49 258 22 59 330 -53 -6 48 17 49 186 22 59 60 -3 54 102 -13 59 78 -3 64 246 -18 49 60 37 19 60 -23 69 150 -48 24 48 -43 39 48 27 -6 276 42 19 330 -28 34 66 -3 49 258 17 59 234 37 -1 240 -33 14 66 -23 44 66 -3 69 48 -23 69 330 12 49 276 -38 44 288 -3 54 66 -8 54 60 27 44 234 12 54 312 2 64 246 -43 29 240 32 4 258 -23 54 276 17 -1 102 12 59 150 32 39 36 7 64 246 -18 54 78 37 -6 246 -13 54 276 -28 49 234 37 -6 66 -13 44 258 -13 54 36 -28 69 150 -8 54 246 27 9 168 -18 44 60 2 64 240 -53 9 150 -33 54 18 22 24 276 -13 59 234 -33 9 66 -18 54 48 2 64 234 -18 64 150 -28 59 102 17 64 54 -38 44 312 -18 49 240 27 4 168 -13 54 54 17 44 312 -8 64 18 -43 24 168 -3 49 66 27 49 36 12 54 78 32 24 66 -48 19 102 -28 39 258 32 34 36 -43 29 54 37 4 60 -18 49 276 37 -16 66 -28 29 246 -28 44 234 -13 49 36 -18 39 60 17 29 186 -13 39 66 2 54 66 32 29 60 22 49 60 -8 64 168 -8 39 66 22 44 240 -13 59 330 7 44 258 -18 49 48 7 44 132 2 64 48 -38 49 168 -3 39 258 37 -1 60 -43 29 234 7 59 18 17 49 168 -18 39 246 -23 59 312 -28 44 288 -43 14 168 -13 49 54 17 54 60 -38 29 240 -13 39 60 -8 44 60 -38 34 48 17 39 312 12 54 240 12 44 312 7 39 276 -3 54 234 2 39 258 -38 44 102 27 39 330 2 54 78 37 -6 60 -38 29 330 7 54 246 -13 49 102 -3 59 168 32 24 60 -8 44 246 -13 39 246 -28 34 54 12 54 66 -33 19 78 -3 49 132 2 59 48 -13 54 312 -33 59 168 2 54 234 -38 29 288 -28 59 168 -38 24 60 17 44 18 2 54 150 -43 24 234 7 54 186 -28 39 288 -28 34 36 37 -6 36 -8 44 78 -8 54 18 -53 14 132 -8 44 288 -43 19 54 12 34 276 22 24 168 22 19 18 32 9 240 7 49 78 -33 29 54 -18 39 78 7 44 312 2 54 60 37 -16 60 12 44 150 27 24 312 -13 39 276 27 34 330 -28 14 66 -33 29 36 -23 39 234 37 -11 36 -33 24 240 12 34 258 22 44 48 2 49 330 12 54 36 -23 44 18 -33 29 234 -53 9 132 -3 44 54 7 54 60 -18 44 102 42 -21 330 -28 14 246 17 39 168 -8 44 234 -3 44 312 27 24 246 -28 29 36 -28 29 48 -8 39 288 7 49 36 -18 34 54 37 -16 54 32 14 60 -18 34 78 -8 49 150 -28 24 240 2 49 168 -8 39 54 12 -1 102 2 49 60 27 24 234 -18 39 234 37 9 330 -8 34 246 -3 39 132 17 4 186 22 -6 276 -33 49 168 12 34 186 32 -1 234 17 -6 288 7 29 132 2 44 240 -33 44 186 -28 19 258 22 29 234 -18 29 240 2 44 234 -8 29 60 -38 19 54 12 -6 102 -38 39 186 -23 19 60 -3 39 234 -13 19 66 2 24 258 17 29 150 -13 34 48 12 44 60 27 19 240 -13 19 258 27 19 66 17 -6 186 -18 39 150 2 39 54 -43 9 48 22 24 246 -28 24 276 -13 19 60 -8 34 132 -33 19 234 -3 19 258 7 39 186 7 39 234 22 24 234 -23 19 258 -33 -6 78 27 24 48 2 39 186 7 14 288 27 -1 132 -33 14 54 12 34 168 -13 29 48 -23 24 276 27 14 234 -28 34 330 7 34 66 -13 14 258 12 29 18 17 39 36 -33 9 60 -18 29 288 22 -16 18 -28 -1 246 27 24 36 32 -1 60 2 34 330 -3 29 54 -43 4 48 -28 -6 66 -13 39 186 7 19 258 -28 14 78 7 39 60 -3 29 246 -33 24 312 -8 29 234 12 14 132 -28 34 186 22 19 234 27 9 246 -18 19 78 -38 29 186 -28 14 36 -28 14 48 -8 24 54 22 19 66 -13 19 36 -23 14 240 2 34 60 2 14 258 -23 19 276 17 19 150 -18 29 150 -18 34 168 -38 9 168 -23 34 168 -28 9 78 7 29 18 2 9 288 -18 9 258 17 19 246 2 24 36 22 19 330 17 14 78 -8 24 234 2 29 240 22 9 258 27 -21 150 -18 14 54 17 19 168 12 9 132 -3 29 150 7 24 78 -13 4 66 17 9 312 22 14 66 17 4 18 -13 14 36 -23 29 186 17 19 66 37 -16 330 12 29 60 -38 4 36 22 4 78 7 24 66 -33 -1 60 2 4 102 32 -1 312 27 -26 150 -13 14 54 -23 9 48 -18 19 102 12 29 36 17 14 246 -18 9 240 -8 19 234 27 14 36 -23 9 78 2 24 18 22 14 330 -18 24 312 32 -11 54 -8 24 150 -18 9 36 -28 4 48 -8 9 276 17 4 312 22 9 66 17 14 240 2 24 60 -3 24 186 -23 -6 66 -28 19 312 27 -1 240 22 -1 78 -33 -1 54 12 24 60 -13 24 168 -23 -6 246 -33 24 168 -18 9 276 -38 -1 36 2 4 276 -28 -1 54 -3 19 48 -13 -1 60 32 -6 312 -3 4 288 17 4 258 2 19 330 -3 14 312 -43 -6 102 12 24 36 2 14 36 -33 -1 36 -33 19 186 17 4 78 22 -1 150 12 4 258 -18 19 330 32 -16 54 -43 14 132 27 -6 312 -3 -1 102 17 14 330 -13 14 330 2 14 78 -43 -6 186 17 -1 312 -8 -6 66 22 4 66 17 9 66 2 19 48 12 19 60 -28 14 312 -3 14 330 7 14 66 -3 19 168 2 -1 276 -8 -6 258 -3 9 60 2 14 54 -23 19 168 12 9 150 7 14 246 22 14 36 -43 9 150 12 19 36 32 -21 54 -23 9 102 -33 4 18 -18 -1 78 -23 -16 66 2 14 240 12 4 18 -8 14 150 27 -11 312 12 -6 132 7 9 78 -8 4 288 22 -1 246 12 -6 276 -13 4 102 17 9 60 -3 14 186 -38 -6 18 27 -11 240 2 -6 258 27 -1 48 7 9 66 -3 14 168 -13 9 18 -13 -11 60 -23 14 168 7 9 18 27 -11 234 -3 4 312 22 -11 312 -13 9 150 17 4 234 22 9 36 7 14 60 22 4 54 12 9 234 22 -11 150 7 9 330 27 -6 330 12 -1 18 12 -6 258 -8 9 150 -3 9 150 12 -1 78 -28 9 150 12 -11 276 7 9 168 -8 -16 66 17 9 54 17 4 60 7 -11 276 22 -6 66 -13 -16 258 -18 -6 276 -13 -6 276 22 -6 234 -8 -16 258 2 -1 312 -8 -11 60 17 9 48 32 -16 330 -13 -1 288 17 -11 258 -8 -1 234 -23 9 132 7 -11 132 22 4 36 12 4 234 -33 -6 102 27 -11 60 17 -6 168 12 -11 258 17 -6 246 -28 4 186 -8 -21 66 7 4 234 7 4 240 22 -21 78 -28 -6 102 -38 -11 102 -3 -6 54 -18 4 168 -23 4 168 22 -11 240 -8 -16 60 27 -11 54 12 -1 66 12 -1 240 7 -1 150 7 -1 246 17 -6 234 -3 -21 258 -3 -1 150 -28 -1 186 -18 -6 18 -13 -11 102 2 -1 168 27 -26 312 -18 -11 102 22 -6 48 12 -1 60 -8 -21 60 2 -16 132 12 -6 66 22 -16 240 17 -26 132 -23 -11 102 -3 -21 66 17 -21 78 17 -11 234 -8 -11 330 7 -11 78 -13 -16 102 -8 -21 102 -38 -11 186 -28 -16 102 -18 -6 168 7 -6 54 12 -11 66 -3 -21 132 7 -21 312 12 -11 234 2 -16 78 22 -21 60 7 -11 168 -3 -21 60 -23 -11 186 2 -16 54 2 -16 330 17 -21 66 12 -16 168 -13 -11 186 -3 -16 150 17 -26 168 7 -21 78 22 -21 54 12 -16 234 2 -16 234 2 -16 186 22 -26 60 12 -21 246 2 -16 168 7 -16 234 -23 -16 168 12 -16 60 12 -21 240 7 -26 78 2 -21 60 2 -26 78 12 -21 234 -3 -21 186 12 -21 60 12 -26 66 7 -21 60 17 -21 48 2 -26 168 
21 4 1 3 pack_2 0.0909091 1 12 -31 60 
22 4 1 3 pack_2 0.975586 666 2 -31 186 -3 -21 330 12 -41 168 -13 -31 150 7 -11 18 7 -16 18 27 -36 330 2 -26 330 -18 -31 150 -3 -31 330 -23 -11 54 -28 -31 168 7 -26 312 7 -41 150 12 -51 150 -18 -16 54 -3 -51 150 -8 -21 132 -23 -16 60 -33 -6 240 7 -41 132 2 -41 168 -13 -16 48 32 -46 330 -3 -86 150 -28 -31 186 -3 -46 330 2 -56 132 17 -36 312 2 -51 330 17 -41 132 7 -71 150 2 -56 330 32 -36 312 -33 -11 60 12 -41 312 7 -51 132 32 -51 330 -38 -11 18 -13 -21 48 22 -46 132 2 -51 168 -18 -26 54 -28 -21 60 -33 -11 54 2 -36 18 2 -76 330 -18 -16 60 -38 -16 36 22 -51 330 27 -81 330 -13 -16 54 22 -51 132 -33 -11 66 -28 -16 48 -3 -36 102 -18 -81 168 7 -81 132 -18 -21 60 -13 -26 48 2 -66 168 32 -61 330 -33 -21 234 -23 -26 48 2 -21 102 -18 -31 54 17 -41 78 -13 -11 132 -18 -6 36 7 -81 186 22 -56 132 -8 -16 18 -8 -41 168 -8 -26 102 -28 -21 48 -13 -16 132 -23 -46 186 -18 -26 60 -33 -6 246 2 -46 18 17 -31 60 -33 -26 240 17 -36 60 -13 -81 168 -33 -51 186 -8 -46 168 22 -36 60 22 -81 150 -23 -36 150 -8 -81 186 -8 -21 276 17 -81 312 32 -71 330 -8 -26 66 -23 -31 48 7 -51 312 2 -31 78 -28 -66 168 17 -21 18 -8 -91 186 -33 -11 246 22 -86 312 22 -36 54 -23 -6 36 -33 -21 36 12 -66 330 17 -36 54 -3 -71 168 -3 -31 60 12 -36 18 -3 -81 132 -23 -71 186 12 -76 330 17 -71 330 -18 -71 150 -28 -26 48 -13 -56 186 2 -51 102 2 -31 54 -13 -41 78 12 -31 54 -3 -36 60 -23 -31 78 17 -76 330 -8 -36 78 -18 -31 66 22 -56 66 -18 -46 186 -38 -16 60 7 -41 66 -33 -31 240 2 -31 66 -18 -36 60 -3 -91 168 12 -46 186 12 -56 78 -43 -16 36 -28 -21 78 -3 -21 48 7 -26 240 -13 -36 36 2 -56 102 2 -36 66 7 -26 48 -18 -36 66 -33 -26 48 -28 -26 150 -38 -61 186 -13 -46 78 -18 -46 54 -13 -36 102 -8 -46 330 -3 -41 54 -38 -31 36 -8 -31 54 -23 -36 66 -38 -26 48 -38 -16 66 -23 -46 150 22 -56 60 2 -31 258 -23 -11 240 7 -61 18 27 -36 150 -18 -56 186 17 -61 66 17 -31 18 -28 -16 36 7 -26 234 22 -31 78 -13 -51 78 7 -41 48 -8 -36 54 -3 -46 54 -3 -51 66 17 -41 48 2 -41 48 -18 -46 66 12 -36 48 -23 -31 234 -13 -51 66 -33 -36 54 -3 -31 258 12 -31 234 7 -31 240 -18 -11 234 2 -51 54 -8 -51 36 -18 -51 48 -3 -51 18 -38 -71 186 -43 -11 18 7 -31 36 -28 -36 66 -38 -21 66 -18 -76 186 -13 -21 288 -28 -36 78 -18 -21 132 12 -36 102 -18 -31 102 22 -51 48 -18 -51 60 -28 -31 240 17 -66 60 -8 -56 330 22 -76 66 -33 -31 66 -38 -26 60 32 -76 312 -13 -56 66 -23 -26 102 12 -31 36 17 -26 234 -23 -46 48 22 -26 288 -33 -26 102 2 -21 312 22 -81 66 -28 -41 48 -8 -56 60 17 -71 60 -28 -51 54 27 -51 48 -33 -41 18 -33 -31 102 -3 -56 54 -28 -51 234 -3 -51 36 -13 -51 54 -18 -21 288 27 -51 132 -18 -56 60 -43 -11 240 12 -46 102 -23 -51 48 -38 -31 102 22 -51 78 -3 -51 48 2 -91 18 -18 -56 66 -13 -56 36 -38 -86 186 12 -26 258 22 -26 18 17 -46 18 -38 -36 102 17 -31 186 -33 -41 102 -13 -61 36 7 -81 78 -8 -41 276 -3 -21 240 -13 -61 102 27 -56 132 22 -56 78 12 -81 60 2 -46 258 27 -41 36 -33 -1 150 37 -46 312 -28 -66 54 27 -61 48 -18 -61 60 -3 -56 48 -43 -41 186 -43 -11 60 -3 -91 18 -23 -21 132 -28 -6 132 -28 -56 60 -33 -61 234 -48 -6 54 -38 -41 48 -28 -36 36 -38 -41 234 -43 -6 246 -28 -41 240 -43 -6 168 -8 -21 246 -28 -51 102 12 -46 246 -8 -81 132 -18 -51 132 -18 -71 54 17 -36 186 -13 -66 48 7 -21 276 -38 -31 246 27 -56 66 -43 -16 60 -33 -51 102 27 -41 288 -33 -76 234 -3 -81 78 17 -21 288 -48 -16 48 -8 -86 330 -33 -46 66 27 -76 54 27 -71 60 -43 -46 186 27 -71 48 -43 -11 66 12 -36 258 -48 -11 54 -28 -76 234 -23 -21 288 -43 -21 102 -13 -36 288 -48 -16 234 -38 -41 60 12 -61 36 -38 -61 36 -38 -16 78 32 -31 60 32 -21 66 -33 -71 36 -48 -6 60 7 -96 18 -28 -86 48 27 -61 150 37 -61 330 -33 -76 48 -43 -26 240 32 -41 54 32 -26 36 -23 -81 150 -18 -36 276 12 -76 18 22 -61 168 -28 -91 48 -8 -36 288 -18 -21 258 32 -36 60 -18 -66 36 12 -66 36 27 -81 48 -3 -21 234 12 -41 258 -18 -11 246 37 -61 312 -13 -96 36 27 -66 150 37 -66 330 27 -76 132 -48 -21 36 -33 -96 48 -38 -51 54 -8 -91 36 7 -91 102 -38 -51 18 2 -51 240 -38 -61 234 -38 -56 240 -23 -61 36 -8 -76 54 -8 4 312 -48 -11 60 -33 -101 48 -38 -41 66 -28 -16 288 12 -61 246 2 -16 288 17 -31 288 -38 -66 234 -38 -81 36 -43 -41 102 -48 -31 186 -28 -76 36 -38 -61 240 2 -66 246 -28 -81 60 37 -71 330 32 -46 60 -53 -11 186 -23 -76 36 17 -46 246 27 -76 66 7 -36 276 -3 -81 36 -18 -71 132 -38 -21 150 -23 -91 60 22 -36 102 -33 -56 78 -18 -16 330 -38 -16 132 17 -56 234 -38 -56 60 12 -21 276 22 -86 78 -48 -16 60 -23 -91 36 37 -21 60 -33 -41 132 -38 -66 54 2 -71 246 7 -71 240 32 -21 78 -18 -31 258 -13 -51 258 -28 -76 66 -13 -96 18 37 -21 132 -3 -36 288 2 -21 288 12 -71 234 -43 -11 150 -38 -31 78 -38 -91 234 -38 -86 48 -28 -81 78 2 -56 276 12 -71 246 -43 -26 66 7 -81 36 22 -31 246 -8 -81 48 -28 -21 258 -48 -11 132 -38 -71 102 -43 -26 246 -33 -51 150 -28 -91 60 -43 -46 234 -13 -56 258 -33 -86 102 -38 -51 66 -33 -71 66 22 -41 102 -43 -51 48 7 -71 258 2 -66 240 -48 -21 18 -38 -31 132 -3 -76 258 7 -86 36 -18 -36 258 32 -41 288 -18 -21 330 -43 -21 150 22 -66 288 -53 -11 240 -13 -41 330 37 -81 312 -38 -56 66 -43 -31 168 -43 -36 132 -43 -36 60 -3 -21 312 -18 -51 288 -8 -31 240 -33 -21 258 -23 -86 234 27 -26 234 -43 -31 246 -18 -26 246 -33 -66 246 -53 -11 132 17 -66 240 37 -21 150 -43 -41 18 -48 -41 186 22 -31 186 17 -71 234 32 -46 288 -43 -21 78 -23 -56 240 -38 -101 54 -53 -6 150 -48 -36 234 -3 -46 288 7 -21 288 2 -76 240 22 -46 240 22 -51 234 -23 -91 234 12 -31 288 22 -76 288 -53 -21 234 -18 -26 330 2 -61 312 -38 -66 246 32 -76 48 32 -66 60 -8 -61 246 37 -16 246 -18 -21 312 -43 -61 234 -18 -66 276 22 -51 102 42 -21 36 -38 -51 150 32 -26 276 -53 -6 288 -43 -36 66 -33 -16 288 32 -76 54 -8 -11 312 -48 -6 276 -48 -36 36 -18 -51 258 -23 -46 246 27 -36 102 -13 -81 276 -43 -41 150 -53 -16 60 -43 -66 234 -8 -66 246 27 -51 168 32 -61 66 -28 -101 66 52 -16 240 37 -46 54 -43 -61 54 -33 -21 276 42 -21 66 -43 -86 186 -43 -66 102 -13 -31 240 -18 -36 246 -48 -41 102 -38 -101 60 -43 -71 234 -48 -41 48 -8 -46 240 -3 -31 312 37 -51 48 12 -76 258 -48 -21 150 -43 -71 36 42 -26 60 37 -36 132 -43 -46 150 -13 -56 330 -3 -61 234 -33 -21 288 47 -21 246 47 -21 66 -33 -101 66 37 -51 54 37 -46 60 22 -36 276 -13 -46 234 -18 -76 276 47 -21 288 -33 -76 150 27 -36 246 42 -21 276 52 -21 54 -48 -11 276 17 -41 276 -28 -91 132 42 -26 288 -33 -86 78 47 -21 276 -53 -26 36 37 -41 66 32 -61 288 -33 -91 246 -53 -26 102 32 -76 36 57 -21 48 12 -81 258 -43 -81 234 -43 -61 240 -13 -51 246 57 -21 36 -8 -76 246 -3 -81 240 47 -21 132 52 -21 102 57 -21 78 57 -21 288 -33 -81 150 27 -41 240 57 -21 312 -18 -66 258 -8 -56 240 -53 -21 150 32 -71 66 27 -36 276 -38 -91 246 37 -41 132 -48 -51 102 52 -21 168 17 -46 276 17 -66 258 7 -36 288 32 -71 132 12 -46 288 57 -21 132 47 -26 246 -43 -16 276 -53 -16 288 -23 -71 276 32 -31 246 17 -86 246 2 -86 312 52 -26 54 -43 -56 150 -33 -86 150 37 -26 102 52 -26 60 -53 -36 186 27 -36 258 17 -71 288 42 -31 288 52 -26 66 -28 -76 246 -3 -66 288 52 -26 78 52 -26 330 32 -86 36 52 -26 240 37 -31 258 57 -26 60 37 -56 60 -23 -66 288 -48 -26 168 42 -26 150 -43 -61 60 57 -26 312 -43 -86 54 -48 -41 18 -18 -81 234 27 -51 234 57 -26 102 52 -26 132 -53 -36 234 37 -46 132 -43 -61 150 47 -31 60 -3 -71 288 -53 -46 132 47 -31 246 47 -31 258 57 -26 186 -53 -21 330 -13 -86 288 -43 -91 54 -33 -96 150 42 -36 288 37 -31 186 52 -31 330 -28 -56 258 47 -31 276 -48 -16 330 32 -81 132 -18 -86 234 42 -31 102 12 -56 288 -38 -86 150 -43 -91 102 27 -56 234 32 -41 234 -23 -81 276 37 -31 168 -48 -41 66 37 -36 246 37 -46 18 37 -56 66 32 -41 240 47 -31 186 -38 -26 288 
23 4 1 3 pack_2 0.913338 404 -48 -21 288 57 -31 240 57 -31 234 57 -31 276 32 -41 246 42 -36 258 52 -31 150 47 -36 54 -43 -86 132 -43 -61 66 17 -96 186 47 -36 36 32 -86 132 37 -56 288 42 -76 330 -53 -26 258 -43 -76 60 -23 -31 330 52 -36 60 -48 -71 186 52 -36 258 32 -66 18 37 -46 150 -53 -31 66 -28 -66 276 -38 -76 78 -48 -26 276 -23 -101 240 27 -51 276 57 -36 54 -13 -86 330 22 -81 246 -43 -66 168 37 -61 66 -53 -31 18 57 -36 246 -8 -81 240 17 -86 258 7 -91 276 57 -36 312 42 -41 18 -33 -56 258 -53 -41 36 -48 -56 60 -13 -66 240 52 -36 150 32 -41 186 47 -41 258 -3 -56 312 -18 -101 234 52 -36 168 22 -71 258 -43 -71 66 -48 -76 234 22 -91 240 47 -41 66 22 -86 246 -18 -96 288 12 -76 276 52 -41 36 -53 -26 312 -18 -81 240 37 -51 150 -3 -86 288 32 -96 132 -48 -66 240 -43 -26 330 57 -41 258 -18 -101 288 57 -41 246 -53 -61 132 42 -41 186 -43 -76 66 57 -41 330 -48 -61 60 -43 -91 60 -43 -81 18 -3 -61 312 -43 -31 288 -48 -66 36 42 -46 258 -48 -46 168 17 -76 276 -53 -51 234 52 -41 186 -28 -76 288 52 -46 48 -13 -36 312 -23 -81 258 -3 -91 288 42 -51 288 37 -56 150 -48 -86 234 57 -46 48 52 -46 288 -48 -91 132 57 -46 60 52 -46 240 -43 -61 78 -18 -56 312 57 -46 18 -43 -31 330 37 -51 234 -43 -101 60 47 -51 48 -38 -61 258 -38 -31 312 32 -61 234 -23 -86 258 42 -46 168 47 -51 54 -48 -76 240 47 -46 150 -53 -51 240 42 -51 240 47 -46 168 52 -46 150 52 -46 186 52 -46 168 -28 -86 276 -53 -56 150 52 -51 246 -43 -106 60 37 -51 186 37 -51 102 52 -51 240 -48 -96 234 -13 -86 240 42 -56 18 42 -51 186 -53 -46 66 57 -51 78 -43 -86 168 -43 -61 258 47 -56 54 -53 -46 18 -43 -96 246 -48 -41 288 -43 -46 276 42 -56 240 7 -76 288 47 -56 258 52 -51 150 47 -56 246 -48 -86 54 52 -51 186 52 -56 36 47 -56 240 32 -71 276 -53 -61 150 -28 -71 312 42 -56 78 57 -51 132 42 -66 60 52 -56 18 57 -56 36 52 -56 78 -28 -91 288 -53 -41 312 27 -76 258 -43 -91 168 -48 -91 102 -13 -101 234 22 -86 276 -33 -71 288 -48 -81 60 -3 -81 312 57 -56 78 47 -71 330 27 -66 186 -43 -36 312 -43 -101 18 47 -61 36 -48 -41 330 37 -76 18 42 -61 240 -43 -106 66 52 -56 150 -48 -91 240 -48 -101 186 52 -61 312 47 -61 240 -18 -71 312 52 -61 258 57 -61 48 27 -81 258 32 -71 102 37 -66 258 47 -61 78 57 -61 60 -48 -86 60 -53 -51 288 -48 -76 66 -38 -61 288 -33 -81 276 32 -76 246 57 -61 330 37 -101 60 37 -66 276 42 -61 186 27 -101 240 42 -66 258 47 -61 186 52 -66 48 -53 -76 186 -53 -56 18 -53 -76 102 42 -71 288 47 -66 288 52 -61 186 52 -66 60 47 -66 66 -18 -76 312 32 -76 102 57 -66 54 52 -66 246 37 -71 234 57 -61 186 -33 -86 276 52 -66 66 57 -66 312 42 -71 66 57 -66 66 57 -66 288 37 -71 276 42 -66 102 -33 -71 312 37 -66 168 -48 -51 330 52 -66 102 -53 -66 60 -48 -56 288 -53 -96 132 32 -81 258 47 -71 60 47 -71 18 37 -76 78 -48 -106 54 42 -86 54 7 -96 288 42 -71 234 -53 -61 18 52 -71 60 42 -81 60 47 -71 234 -48 -76 168 -48 -66 258 57 -66 186 57 -71 60 37 -71 186 -38 -61 330 -53 -61 330 52 -71 240 57 -71 312 -48 -91 246 -43 -66 276 37 -76 276 37 -71 168 32 -91 246 42 -76 240 -53 -86 186 47 -76 60 57 -71 102 37 -81 78 42 -91 36 -53 -71 246 52 -76 60 52 -71 150 42 -96 48 42 -76 78 27 -101 276 -48 -96 246 52 -76 288 47 -91 330 -43 -71 276 57 -76 330 57 -76 66 32 -91 258 -13 -71 312 -33 -96 288 42 -76 186 37 -76 168 -38 -101 258 42 -86 288 -53 -91 102 52 -81 54 42 -76 168 -38 -66 312 52 -81 312 -48 -101 246 52 -81 60 47 -96 330 52 -76 168 -43 -66 330 -33 -76 330 -53 -76 66 -48 -96 18 47 -81 102 52 -81 102 47 -86 18 37 -91 258 57 -81 102 -38 -86 288 47 -81 150 57 -86 48 -18 -96 312 42 -86 78 37 -91 276 52 -86 66 52 -81 168 -53 -91 240 -53 -76 258 -53 -101 234 37 -96 234 42 -91 246 42 -86 186 32 -101 168 42 -91 240 37 -96 258 47 -86 102 47 -91 18 52 -91 54 52 -86 102 42 -86 168 47 -91 240 -38 -76 312 52 -91 258 47 -86 168 57 -91 36 -43 -71 312 57 -86 150 -48 -106 18 42 -91 186 57 -91 78 -53 -86 66 -33 -86 330 57 -91 240 47 -96 18 47 -91 102 -53 -91 60 -48 -71 312 52 -96 312 47 -91 132 52 -96 330 -8 -96 312 52 -96 18 -48 -91 258 52 -91 186 47 -96 78 57 -96 60 47 -101 36 52 -91 168 57 -91 150 -53 -91 168 -53 -86 258 42 -101 240 -53 -86 330 -53 -101 48 -43 -81 330 -28 -91 330 -23 -96 330 47 -101 258 -48 -86 288 42 -106 66 47 -101 246 52 -96 102 42 -101 78 -13 -91 312 47 -101 66 -43 -96 276 52 -96 186 -48 -101 78 57 -101 330 42 -101 132 -53 -101 36 -28 -96 330 42 -101 150 52 -106 60 42 -101 168 52 -106 288 -53 -86 312 57 -106 36 52 -106 78 -13 -101 312 52 -101 168 57 -106 234 57 -106 66 -53 -101 168 57 -101 132 52 -106 102 -53 -96 330 -53 -106 246 52 -106 186 -53 -101 66 57 -111 60 57 -111 78 57 -106 132 -48 -101 276 -48 -101 288 -48 -96 330 -48 -91 312 -53 -106 276 -48 -96 312 -43 -101 312 
24 4 1 3 pack_2 0.0944882 2 -38 -46 330 -43 -51 312 
25 4 1 3 pack_2 0.230769 1 -43 64 330 
26 4 1 3 pack_2 0.959016 78 7 94 330 22 104 48 -38 74 60 -3 99 330 12 104 234 -38 69 132 -53 69 66 -53 74 234 37 104 132 -48 64 258 17 114 54 32 114 276 -13 114 54 -48 69 258 27 104 234 37 114 186 37 114 234 17 109 66 42 114 66 27 114 102 32 114 186 37 99 330 32 114 312 -8 109 276 37 114 330 37 99 168 2 104 150 -18 114 54 7 109 312 42 99 54 32 99 132 -53 69 276 -13 114 276 32 104 312 7 109 150 27 99 234 27 104 288 -18 109 240 -3 114 276 12 114 276 -18 114 168 -8 114 186 7 99 312 -8 114 150 -3 114 234 -8 104 150 12 114 150 -53 79 330 37 109 54 42 109 330 32 104 186 32 99 234 32 109 258 27 109 168 37 109 66 2 104 258 32 109 150 37 109 246 32 109 288 -23 114 132 -53 69 258 22 104 276 27 104 276 17 99 54 -18 104 54 -23 109 150 27 114 276 17 114 186 42 99 60 -48 64 330 17 94 330 22 99 234 7 104 18 -23 99 18 2 104 36 -18 104 186 -8 104 240 -3 109 54 
27 4 1 3 pack_2 1 5 -48 69 234 -13 99 258 -48 69 60 -18 99 48 -43 69 66 
28 4 1 3 pack_2 0.375 1 -3 99 36 
29 4 1 3 pack_2 0.972067 29 -8 99 48 -8 99 54 12 99 18 -3 104 60 -33 94 18 17 104 48 -18 94 60 -28 99 330 -13 99 330 7 109 54 -48 64 234 -8 99 312 7 109 60 12 109 54 -18 104 312 12 104 60 2 94 234 -48 64 60 7 109 66 -28 74 54 2 94 312 -28 84 234 -38 74 18 -13 94 258 -18 109 288 -13 114 102 -13 99 276 -23 79 60 -33 64 102 
30 4 1 3 pack_2 0.216867 6 -3 74 150 -43 64 66 -3 84 48 -13 114 312 22 114 330 27 114 330 
31 4 1 3 pack_2 0.230769 2 -38 39 150 -33 44 150 
32 4 1 3 pack_2 0.857143 10 -48 -6 312 -43 59 288 -48 59 240 -33 14 288 -48 34 312 -38 24 288 -48 19 150 -43 -1 330 -13 -1 312 -28 14 330 
33 4 1 3 pack_2 0.0265487 1 -48 9 330 
34 4 1 3 pack_2 0.160305 7 2 59 240 2 84 48 -38 -106 330 27 59 312 2 64 168 12 64 168 2 69 18 
35 4 1 3 pack_2 0.00772201 5 -18 89 60 -18 94 36 -13 84 60 -28 84 36 -13 94 36 
36 4 1 3 pack_2 0.461538 5 12 104 36 -13 94 60 -3 89 330 -18 89 330 -18 74 54 
37 4 1 3 pack_2 0.935065 12 -28 59 132 -48 54 312 -53 54 132 -53 49 150 -38 39 132 -48 39 132 -43 34 150 -38 34 132 -48 34 132 -43 29 150 -53 24 150 -38 24 312 
38 4 1 3 pack_2 0.545455 1 2 104 60 
39 4 1 3 pack_2 0.961832 21 2 99 66 2 99 60 7 99 36 -3 94 246 -8 94 240 2 94 18 7 94 18 -8 89 60 -13 89 60 -18 89 18 -13 84 246 7 84 330 -8 79 168 -3 79 186 7 79 330 17 79 330 -33 79 18 -28 79 36 2 74 186 -13 79 48 2 69 150 
40 4 1 3 pack_2 1 10 -43 69 36 -23 74 48 -13 64 312 -38 64 150 17 69 330 -43 64 36 -38 64 234 -43 59 150 -48 59 150 -38 54 132 
41 4 1 3 pack_2 1 7 -33 29 150 -38 24 132 -43 19 312 -28 4 312 -33 4 330 -43 -1 312 -43 -6 312 
42 4 1 3 pack_2 1 2 -43 4 330 -43 14 330 
43 4 1 3 pack_2 0.130435 1 -28 -11 330 
44 4 1 3 pack_2 0.297521 6 7 89 18 -28 74 18 -38 64 48 -13 84 18 -23 14 330 -18 84 36 
