10 40 4
0 0 -1 51 2 34 -1 -1 -1 -1 -1 2 136 
1 1 0 0 0 0 0 0 0 0 0 0 0 
2 1 -1 282 2 33 -1 -1 -1 -1 -1 0 482 
3 2 0 0 0 0 0 0 0 0 0 0 0 
4 2 0 0 0 0 0 0 0 0 0 0 0 
5 2 -1 13 2 12 -1 -1 -1 -1 -1 2 5642 
6 2 -1 131 2 21 -1 -1 -1 -1 -1 3 108 
7 3 0 0 0 0 0 0 0 0 0 0 0 
8 3 0 0 0 0 0 0 0 0 0 0 0 
9 3 0 0 0 0 0 0 0 0 0 0 0 
10 3 0 0 0 0 0 0 0 0 0 0 0 
11 3 -1 38 4 25 -1 -1 -1 -1 -1 2 6324 
12 3 -1 109 3 12 -1 -1 -1 -1 -1 2 -66 
13 3 30 0 0 0 0 0 0 0 0 0 0 
14 3 -1 89 2 33 -1 -1 -1 -1 -1 3 72 
15 4 0 0 0 0 0 0 0 0 0 0 0 
16 4 0 0 0 0 0 0 0 0 0 0 0 
17 4 0 0 0 0 0 0 0 0 0 0 0 
18 4 0 0 0 0 0 0 0 0 0 0 0 
19 4 0 0 0 0 0 0 0 0 0 0 0 
20 4 0 0 0 0 0 0 0 0 0 0 0 
21 4 0 0 0 0 0 0 0 0 0 0 0 
22 4 0 0 0 0 0 0 0 0 0 0 0 
23 4 -1 278 1 11 -1 -1 -1 -1 -1 3 22 
24 4 -1 71 4 34 -1 -1 -1 -1 -1 0 6986 
25 4 14 0 0 0 0 0 0 0 0 0 0 
26 4 -1 193 3 22 -1 -1 -1 -1 -1 2 70 
27 4 0 0 0 0 0 0 0 0 0 0 0 
28 4 0 0 0 0 0 0 0 0 0 0 0 
29 4 31 0 0 0 0 0 0 0 0 0 0 
30 4 -1 80 3 28 -1 -1 -1 -1 -1 3 11 
31 5 0 0 0 0 0 0 0 0 0 0 0 
32 5 0 0 0 0 0 0 0 0 0 0 0 
33 5 0 0 0 0 0 0 0 0 0 0 0 
34 5 0 0 0 0 0 0 0 0 0 0 0 
35 5 0 0 0 0 0 0 0 0 0 0 0 
36 5 0 0 0 0 0 0 0 0 0 0 0 
37 5 0 0 0 0 0 0 0 0 0 0 0 
38 5 0 0 0 0 0 0 0 0 0 0 0 
39 5 0 0 0 0 0 0 0 0 0 0 0 
40 5 0 0 0 0 0 0 0 0 0 0 0 
41 5 0 0 0 0 0 0 0 0 0 0 0 
42 5 0 0 0 0 0 0 0 0 0 0 0 
43 5 0 0 0 0 0 0 0 0 0 0 0 
44 5 0 0 0 0 0 0 0 0 0 0 0 
45 5 0 0 0 0 0 0 0 0 0 0 0 
46 5 0 0 0 0 0 0 0 0 0 0 0 
47 5 1 0 0 0 0 0 0 0 0 0 0 
48 5 -1 352 4 30 -1 -1 -1 -1 -1 0 2476 
49 5 -1 294 3 22 -1 -1 -1 -1 -1 0 -16 
50 5 13 0 0 0 0 0 0 0 0 0 0 
51 5 0 0 0 0 0 0 0 0 0 0 0 
52 5 0 0 0 0 0 0 0 0 0 0 0 
53 5 -1 113 0 35 -1 -1 -1 -1 -1 2 22 
54 5 29 0 0 0 0 0 0 0 0 0 0 
55 5 0 0 0 0 0 0 0 0 0 0 0 
56 5 0 0 0 0 0 0 0 0 0 0 0 
57 5 0 0 0 0 0 0 0 0 0 0 0 
58 5 0 0 0 0 0 0 0 0 0 0 0 
59 5 0 0 0 0 0 0 0 0 0 0 0 
60 5 0 0 0 0 0 0 0 0 0 0 0 
61 5 -1 218 4 27 -1 -1 -1 -1 -1 2 2083 
62 5 39 0 0 0 0 0 0 0 0 0 0 
63 6 0 0 0 0 0 0 0 0 0 0 0 
64 6 0 0 0 0 0 0 0 0 0 0 0 
65 6 0 0 0 0 0 0 0 0 0 0 0 
66 6 0 0 0 0 0 0 0 0 0 0 0 
67 6 0 0 0 0 0 0 0 0 0 0 0 
68 6 0 0 0 0 0 0 0 0 0 0 0 
69 6 0 0 0 0 0 0 0 0 0 0 0 
70 6 0 0 0 0 0 0 0 0 0 0 0 
71 6 0 0 0 0 0 0 0 0 0 0 0 
72 6 0 0 0 0 0 0 0 0 0 0 0 
73 6 0 0 0 0 0 0 0 0 0 0 0 
74 6 0 0 0 0 0 0 0 0 0 0 0 
75 6 0 0 0 0 0 0 0 0 0 0 0 
76 6 0 0 0 0 0 0 0 0 0 0 0 
77 6 0 0 0 0 0 0 0 0 0 0 0 
78 6 0 0 0 0 0 0 0 0 0 0 0 
79 6 0 0 0 0 0 0 0 0 0 0 0 
80 6 0 0 0 0 0 0 0 0 0 0 0 
81 6 0 0 0 0 0 0 0 0 0 0 0 
82 6 0 0 0 0 0 0 0 0 0 0 0 
83 6 0 0 0 0 0 0 0 0 0 0 0 
84 6 0 0 0 0 0 0 0 0 0 0 0 
85 6 0 0 0 0 0 0 0 0 0 0 0 
86 6 0 0 0 0 0 0 0 0 0 0 0 
87 6 0 0 0 0 0 0 0 0 0 0 0 
88 6 0 0 0 0 0 0 0 0 0 0 0 
89 6 0 0 0 0 0 0 0 0 0 0 0 
90 6 0 0 0 0 0 0 0 0 0 0 0 
91 6 0 0 0 0 0 0 0 0 0 0 0 
92 6 0 0 0 0 0 0 0 0 0 0 0 
93 6 0 0 0 0 0 0 0 0 0 0 0 
94 6 0 0 0 0 0 0 0 0 0 0 0 
95 6 0 0 0 0 0 0 0 0 0 0 0 
96 6 0 0 0 0 0 0 0 0 0 0 0 
97 6 2 0 0 0 0 0 0 0 0 0 0 
98 6 -1 224 2 16 -1 -1 -1 -1 -1 2 2505 
99 6 7 0 0 0 0 0 0 0 0 0 0 
100 6 -1 314 3 32 -1 -1 -1 -1 -1 3 -2 
101 6 0 0 0 0 0 0 0 0 0 0 0 
102 6 0 0 0 0 0 0 0 0 0 0 0 
103 6 0 0 0 0 0 0 0 0 0 0 0 
104 6 0 0 0 0 0 0 0 0 0 0 0 
105 6 0 0 0 0 0 0 0 0 0 0 0 
106 6 0 0 0 0 0 0 0 0 0 0 0 
107 6 -1 354 2 22 -1 -1 -1 -1 -1 2 1639 
108 6 28 0 0 0 0 0 0 0 0 0 0 
109 6 0 0 0 0 0 0 0 0 0 0 0 
110 6 0 0 0 0 0 0 0 0 0 0 0 
111 6 0 0 0 0 0 0 0 0 0 0 0 
112 6 0 0 0 0 0 0 0 0 0 0 0 
113 6 0 0 0 0 0 0 0 0 0 0 0 
114 6 0 0 0 0 0 0 0 0 0 0 0 
115 6 0 0 0 0 0 0 0 0 0 0 0 
116 6 0 0 0 0 0 0 0 0 0 0 0 
117 6 0 0 0 0 0 0 0 0 0 0 0 
118 6 0 0 0 0 0 0 0 0 0 0 0 
119 6 0 0 0 0 0 0 0 0 0 0 0 
120 6 0 0 0 0 0 0 0 0 0 0 0 
121 6 0 0 0 0 0 0 0 0 0 0 0 
122 6 0 0 0 0 0 0 0 0 0 0 0 
123 6 -1 274 3 27 -1 -1 -1 -1 -1 1 -34 
124 6 -1 273 0 10 -1 -1 -1 -1 -1 3 -31 
125 6 0 0 0 0 0 0 0 0 0 0 0 
126 6 0 0 0 0 0 0 0 0 0 0 0 
127 7 0 0 0 0 0 0 0 0 0 0 0 
128 7 0 0 0 0 0 0 0 0 0 0 0 
129 7 0 0 0 0 0 0 0 0 0 0 0 
130 7 0 0 0 0 0 0 0 0 0 0 0 
131 7 0 0 0 0 0 0 0 0 0 0 0 
132 7 0 0 0 0 0 0 0 0 0 0 0 
133 7 0 0 0 0 0 0 0 0 0 0 0 
134 7 0 0 0 0 0 0 0 0 0 0 0 
135 7 0 0 0 0 0 0 0 0 0 0 0 
136 7 0 0 0 0 0 0 0 0 0 0 0 
137 7 0 0 0 0 0 0 0 0 0 0 0 
138 7 0 0 0 0 0 0 0 0 0 0 0 
139 7 0 0 0 0 0 0 0 0 0 0 0 
140 7 0 0 0 0 0 0 0 0 0 0 0 
141 7 0 0 0 0 0 0 0 0 0 0 0 
142 7 0 0 0 0 0 0 0 0 0 0 0 
143 7 0 0 0 0 0 0 0 0 0 0 0 
144 7 0 0 0 0 0 0 0 0 0 0 0 
145 7 0 0 0 0 0 0 0 0 0 0 0 
146 7 0 0 0 0 0 0 0 0 0 0 0 
147 7 0 0 0 0 0 0 0 0 0 0 0 
148 7 0 0 0 0 0 0 0 0 0 0 0 
149 7 0 0 0 0 0 0 0 0 0 0 0 
150 7 0 0 0 0 0 0 0 0 0 0 0 
151 7 0 0 0 0 0 0 0 0 0 0 0 
152 7 0 0 0 0 0 0 0 0 0 0 0 
153 7 0 0 0 0 0 0 0 0 0 0 0 
154 7 0 0 0 0 0 0 0 0 0 0 0 
155 7 0 0 0 0 0 0 0 0 0 0 0 
156 7 0 0 0 0 0 0 0 0 0 0 0 
157 7 0 0 0 0 0 0 0 0 0 0 0 
158 7 0 0 0 0 0 0 0 0 0 0 0 
159 7 0 0 0 0 0 0 0 0 0 0 0 
160 7 0 0 0 0 0 0 0 0 0 0 0 
161 7 0 0 0 0 0 0 0 0 0 0 0 
162 7 0 0 0 0 0 0 0 0 0 0 0 
163 7 0 0 0 0 0 0 0 0 0 0 0 
164 7 0 0 0 0 0 0 0 0 0 0 0 
165 7 0 0 0 0 0 0 0 0 0 0 0 
166 7 0 0 0 0 0 0 0 0 0 0 0 
167 7 0 0 0 0 0 0 0 0 0 0 0 
168 7 0 0 0 0 0 0 0 0 0 0 0 
169 7 0 0 0 0 0 0 0 0 0 0 0 
170 7 0 0 0 0 0 0 0 0 0 0 0 
171 7 0 0 0 0 0 0 0 0 0 0 0 
172 7 0 0 0 0 0 0 0 0 0 0 0 
173 7 0 0 0 0 0 0 0 0 0 0 0 
174 7 0 0 0 0 0 0 0 0 0 0 0 
175 7 0 0 0 0 0 0 0 0 0 0 0 
176 7 0 0 0 0 0 0 0 0 0 0 0 
177 7 0 0 0 0 0 0 0 0 0 0 0 
178 7 0 0 0 0 0 0 0 0 0 0 0 
179 7 0 0 0 0 0 0 0 0 0 0 0 
180 7 0 0 0 0 0 0 0 0 0 0 0 
181 7 0 0 0 0 0 0 0 0 0 0 0 
182 7 0 0 0 0 0 0 0 0 0 0 0 
183 7 0 0 0 0 0 0 0 0 0 0 0 
184 7 0 0 0 0 0 0 0 0 0 0 0 
185 7 0 0 0 0 0 0 0 0 0 0 0 
186 7 0 0 0 0 0 0 0 0 0 0 0 
187 7 0 0 0 0 0 0 0 0 0 0 0 
188 7 0 0 0 0 0 0 0 0 0 0 0 
189 7 0 0 0 0 0 0 0 0 0 0 0 
190 7 0 0 0 0 0 0 0 0 0 0 0 
191 7 0 0 0 0 0 0 0 0 0 0 0 
192 7 0 0 0 0 0 0 0 0 0 0 0 
193 7 0 0 0 0 0 0 0 0 0 0 0 
194 7 0 0 0 0 0 0 0 0 0 0 0 
195 7 0 0 0 0 0 0 0 0 0 0 0 
196 7 0 0 0 0 0 0 0 0 0 0 0 
197 7 3 0 0 0 0 0 0 0 0 0 0 
198 7 -1 13 1 31 -1 -1 -1 -1 -1 0 -19 
199 7 0 0 0 0 0 0 0 0 0 0 0 
200 7 0 0 0 0 0 0 0 0 0 0 0 
201 7 8 0 0 0 0 0 0 0 0 0 0 
202 7 -1 318 0 28 -1 -1 -1 -1 -1 3 17 
203 7 0 0 0 0 0 0 0 0 0 0 0 
204 7 0 0 0 0 0 0 0 0 0 0 0 
205 7 0 0 0 0 0 0 0 0 0 0 0 
206 7 0 0 0 0 0 0 0 0 0 0 0 
207 7 0 0 0 0 0 0 0 0 0 0 0 
208 7 0 0 0 0 0 0 0 0 0 0 0 
209 7 0 0 0 0 0 0 0 0 0 0 0 
210 7 0 0 0 0 0 0 0 0 0 0 0 
211 7 0 0 0 0 0 0 0 0 0 0 0 
212 7 0 0 0 0 0 0 0 0 0 0 0 
213 7 0 0 0 0 0 0 0 0 0 0 0 
214 7 0 0 0 0 0 0 0 0 0 0 0 
215 7 -1 300 4 36 -1 -1 -1 -1 -1 0 2022 
216 7 -1 57 1 10 -1 -1 -1 -1 -1 0 -75 
217 7 0 0 0 0 0 0 0 0 0 0 0 
218 7 0 0 0 0 0 0 0 0 0 0 0 
219 7 0 0 0 0 0 0 0 0 0 0 0 
220 7 0 0 0 0 0 0 0 0 0 0 0 
221 7 0 0 0 0 0 0 0 0 0 0 0 
222 7 0 0 0 0 0 0 0 0 0 0 0 
223 7 0 0 0 0 0 0 0 0 0 0 0 
224 7 0 0 0 0 0 0 0 0 0 0 0 
225 7 0 0 0 0 0 0 0 0 0 0 0 
226 7 0 0 0 0 0 0 0 0 0 0 0 
227 7 0 0 0 0 0 0 0 0 0 0 0 
228 7 0 0 0 0 0 0 0 0 0 0 0 
229 7 0 0 0 0 0 0 0 0 0 0 0 
230 7 0 0 0 0 0 0 0 0 0 0 0 
231 7 0 0 0 0 0 0 0 0 0 0 0 
232 7 0 0 0 0 0 0 0 0 0 0 0 
233 7 0 0 0 0 0 0 0 0 0 0 0 
234 7 0 0 0 0 0 0 0 0 0 0 0 
235 7 0 0 0 0 0 0 0 0 0 0 0 
236 7 0 0 0 0 0 0 0 0 0 0 0 
237 7 0 0 0 0 0 0 0 0 0 0 0 
238 7 0 0 0 0 0 0 0 0 0 0 0 
239 7 0 0 0 0 0 0 0 0 0 0 0 
240 7 0 0 0 0 0 0 0 0 0 0 0 
241 7 0 0 0 0 0 0 0 0 0 0 0 
242 7 0 0 0 0 0 0 0 0 0 0 0 
243 7 0 0 0 0 0 0 0 0 0 0 0 
244 7 0 0 0 0 0 0 0 0 0 0 0 
245 7 0 0 0 0 0 0 0 0 0 0 0 
246 7 0 0 0 0 0 0 0 0 0 0 0 
247 7 32 0 0 0 0 0 0 0 0 0 0 
248 7 33 0 0 0 0 0 0 0 0 0 0 
249 7 34 0 0 0 0 0 0 0 0 0 0 
250 7 -1 186 1 22 -1 -1 -1 -1 -1 1 13 
251 7 0 0 0 0 0 0 0 0 0 0 0 
252 7 0 0 0 0 0 0 0 0 0 0 0 
253 7 0 0 0 0 0 0 0 0 0 0 0 
254 7 0 0 0 0 0 0 0 0 0 0 0 
255 8 0 0 0 0 0 0 0 0 0 0 0 
256 8 0 0 0 0 0 0 0 0 0 0 0 
257 8 0 0 0 0 0 0 0 0 0 0 0 
258 8 0 0 0 0 0 0 0 0 0 0 0 
259 8 0 0 0 0 0 0 0 0 0 0 0 
260 8 0 0 0 0 0 0 0 0 0 0 0 
261 8 0 0 0 0 0 0 0 0 0 0 0 
262 8 0 0 0 0 0 0 0 0 0 0 0 
263 8 0 0 0 0 0 0 0 0 0 0 0 
264 8 0 0 0 0 0 0 0 0 0 0 0 
265 8 0 0 0 0 0 0 0 0 0 0 0 
266 8 0 0 0 0 0 0 0 0 0 0 0 
267 8 0 0 0 0 0 0 0 0 0 0 0 
268 8 0 0 0 0 0 0 0 0 0 0 0 
269 8 0 0 0 0 0 0 0 0 0 0 0 
270 8 0 0 0 0 0 0 0 0 0 0 0 
271 8 0 0 0 0 0 0 0 0 0 0 0 
272 8 0 0 0 0 0 0 0 0 0 0 0 
273 8 0 0 0 0 0 0 0 0 0 0 0 
274 8 0 0 0 0 0 0 0 0 0 0 0 
275 8 0 0 0 0 0 0 0 0 0 0 0 
276 8 0 0 0 0 0 0 0 0 0 0 0 
277 8 0 0 0 0 0 0 0 0 0 0 0 
278 8 0 0 0 0 0 0 0 0 0 0 0 
279 8 0 0 0 0 0 0 0 0 0 0 0 
280 8 0 0 0 0 0 0 0 0 0 0 0 
281 8 0 0 0 0 0 0 0 0 0 0 0 
282 8 0 0 0 0 0 0 0 0 0 0 0 
283 8 0 0 0 0 0 0 0 0 0 0 0 
284 8 0 0 0 0 0 0 0 0 0 0 0 
285 8 0 0 0 0 0 0 0 0 0 0 0 
286 8 0 0 0 0 0 0 0 0 0 0 0 
287 8 0 0 0 0 0 0 0 0 0 0 0 
288 8 0 0 0 0 0 0 0 0 0 0 0 
289 8 0 0 0 0 0 0 0 0 0 0 0 
290 8 0 0 0 0 0 0 0 0 0 0 0 
291 8 0 0 0 0 0 0 0 0 0 0 0 
292 8 0 0 0 0 0 0 0 0 0 0 0 
293 8 0 0 0 0 0 0 0 0 0 0 0 
294 8 0 0 0 0 0 0 0 0 0 0 0 
295 8 0 0 0 0 0 0 0 0 0 0 0 
296 8 0 0 0 0 0 0 0 0 0 0 0 
297 8 0 0 0 0 0 0 0 0 0 0 0 
298 8 0 0 0 0 0 0 0 0 0 0 0 
299 8 0 0 0 0 0 0 0 0 0 0 0 
300 8 0 0 0 0 0 0 0 0 0 0 0 
301 8 0 0 0 0 0 0 0 0 0 0 0 
302 8 0 0 0 0 0 0 0 0 0 0 0 
303 8 0 0 0 0 0 0 0 0 0 0 0 
304 8 0 0 0 0 0 0 0 0 0 0 0 
305 8 0 0 0 0 0 0 0 0 0 0 0 
306 8 0 0 0 0 0 0 0 0 0 0 0 
307 8 0 0 0 0 0 0 0 0 0 0 0 
308 8 0 0 0 0 0 0 0 0 0 0 0 
309 8 0 0 0 0 0 0 0 0 0 0 0 
310 8 0 0 0 0 0 0 0 0 0 0 0 
311 8 0 0 0 0 0 0 0 0 0 0 0 
312 8 0 0 0 0 0 0 0 0 0 0 0 
313 8 0 0 0 0 0 0 0 0 0 0 0 
314 8 0 0 0 0 0 0 0 0 0 0 0 
315 8 0 0 0 0 0 0 0 0 0 0 0 
316 8 0 0 0 0 0 0 0 0 0 0 0 
317 8 0 0 0 0 0 0 0 0 0 0 0 
318 8 0 0 0 0 0 0 0 0 0 0 0 
319 8 0 0 0 0 0 0 0 0 0 0 0 
320 8 0 0 0 0 0 0 0 0 0 0 0 
321 8 0 0 0 0 0 0 0 0 0 0 0 
322 8 0 0 0 0 0 0 0 0 0 0 0 
323 8 0 0 0 0 0 0 0 0 0 0 0 
324 8 0 0 0 0 0 0 0 0 0 0 0 
325 8 0 0 0 0 0 0 0 0 0 0 0 
326 8 0 0 0 0 0 0 0 0 0 0 0 
327 8 0 0 0 0 0 0 0 0 0 0 0 
328 8 0 0 0 0 0 0 0 0 0 0 0 
329 8 0 0 0 0 0 0 0 0 0 0 0 
330 8 0 0 0 0 0 0 0 0 0 0 0 
331 8 0 0 0 0 0 0 0 0 0 0 0 
332 8 0 0 0 0 0 0 0 0 0 0 0 
333 8 0 0 0 0 0 0 0 0 0 0 0 
334 8 0 0 0 0 0 0 0 0 0 0 0 
335 8 0 0 0 0 0 0 0 0 0 0 0 
336 8 0 0 0 0 0 0 0 0 0 0 0 
337 8 0 0 0 0 0 0 0 0 0 0 0 
338 8 0 0 0 0 0 0 0 0 0 0 0 
339 8 0 0 0 0 0 0 0 0 0 0 0 
340 8 0 0 0 0 0 0 0 0 0 0 0 
341 8 0 0 0 0 0 0 0 0 0 0 0 
342 8 0 0 0 0 0 0 0 0 0 0 0 
343 8 0 0 0 0 0 0 0 0 0 0 0 
344 8 0 0 0 0 0 0 0 0 0 0 0 
345 8 0 0 0 0 0 0 0 0 0 0 0 
346 8 0 0 0 0 0 0 0 0 0 0 0 
347 8 0 0 0 0 0 0 0 0 0 0 0 
348 8 0 0 0 0 0 0 0 0 0 0 0 
349 8 0 0 0 0 0 0 0 0 0 0 0 
350 8 0 0 0 0 0 0 0 0 0 0 0 
351 8 0 0 0 0 0 0 0 0 0 0 0 
352 8 0 0 0 0 0 0 0 0 0 0 0 
353 8 0 0 0 0 0 0 0 0 0 0 0 
354 8 0 0 0 0 0 0 0 0 0 0 0 
355 8 0 0 0 0 0 0 0 0 0 0 0 
356 8 0 0 0 0 0 0 0 0 0 0 0 
357 8 0 0 0 0 0 0 0 0 0 0 0 
358 8 0 0 0 0 0 0 0 0 0 0 0 
359 8 0 0 0 0 0 0 0 0 0 0 0 
360 8 0 0 0 0 0 0 0 0 0 0 0 
361 8 0 0 0 0 0 0 0 0 0 0 0 
362 8 0 0 0 0 0 0 0 0 0 0 0 
363 8 0 0 0 0 0 0 0 0 0 0 0 
364 8 0 0 0 0 0 0 0 0 0 0 0 
365 8 0 0 0 0 0 0 0 0 0 0 0 
366 8 0 0 0 0 0 0 0 0 0 0 0 
367 8 0 0 0 0 0 0 0 0 0 0 0 
368 8 0 0 0 0 0 0 0 0 0 0 0 
369 8 0 0 0 0 0 0 0 0 0 0 0 
370 8 0 0 0 0 0 0 0 0 0 0 0 
371 8 0 0 0 0 0 0 0 0 0 0 0 
372 8 0 0 0 0 0 0 0 0 0 0 0 
373 8 0 0 0 0 0 0 0 0 0 0 0 
374 8 0 0 0 0 0 0 0 0 0 0 0 
375 8 0 0 0 0 0 0 0 0 0 0 0 
376 8 0 0 0 0 0 0 0 0 0 0 0 
377 8 0 0 0 0 0 0 0 0 0 0 0 
378 8 0 0 0 0 0 0 0 0 0 0 0 
379 8 0 0 0 0 0 0 0 0 0 0 0 
380 8 0 0 0 0 0 0 0 0 0 0 0 
381 8 0 0 0 0 0 0 0 0 0 0 0 
382 8 0 0 0 0 0 0 0 0 0 0 0 
383 8 0 0 0 0 0 0 0 0 0 0 0 
384 8 0 0 0 0 0 0 0 0 0 0 0 
385 8 0 0 0 0 0 0 0 0 0 0 0 
386 8 0 0 0 0 0 0 0 0 0 0 0 
387 8 0 0 0 0 0 0 0 0 0 0 0 
388 8 0 0 0 0 0 0 0 0 0 0 0 
389 8 0 0 0 0 0 0 0 0 0 0 0 
390 8 0 0 0 0 0 0 0 0 0 0 0 
391 8 0 0 0 0 0 0 0 0 0 0 0 
392 8 0 0 0 0 0 0 0 0 0 0 0 
393 8 0 0 0 0 0 0 0 0 0 0 0 
394 8 0 0 0 0 0 0 0 0 0 0 0 
395 8 0 0 0 0 0 0 0 0 0 0 0 
396 8 0 0 0 0 0 0 0 0 0 0 0 
397 8 4 0 0 0 0 0 0 0 0 0 0 
398 8 -1 31 3 10 -1 -1 -1 -1 -1 1 -55 
399 8 0 0 0 0 0 0 0 0 0 0 0 
400 8 0 0 0 0 0 0 0 0 0 0 0 
401 8 0 0 0 0 0 0 0 0 0 0 0 
402 8 0 0 0 0 0 0 0 0 0 0 0 
403 8 0 0 0 0 0 0 0 0 0 0 0 
404 8 0 0 0 0 0 0 0 0 0 0 0 
405 8 -1 339 4 11 -1 -1 -1 -1 -1 1 10317 
406 8 12 0 0 0 0 0 0 0 0 0 0 
407 8 0 0 0 0 0 0 0 0 0 0 0 
408 8 0 0 0 0 0 0 0 0 0 0 0 
409 8 0 0 0 0 0 0 0 0 0 0 0 
410 8 0 0 0 0 0 0 0 0 0 0 0 
411 8 0 0 0 0 0 0 0 0 0 0 0 
412 8 0 0 0 0 0 0 0 0 0 0 0 
413 8 0 0 0 0 0 0 0 0 0 0 0 
414 8 0 0 0 0 0 0 0 0 0 0 0 
415 8 0 0 0 0 0 0 0 0 0 0 0 
416 8 0 0 0 0 0 0 0 0 0 0 0 
417 8 0 0 0 0 0 0 0 0 0 0 0 
418 8 0 0 0 0 0 0 0 0 0 0 0 
419 8 0 0 0 0 0 0 0 0 0 0 0 
420 8 0 0 0 0 0 0 0 0 0 0 0 
421 8 0 0 0 0 0 0 0 0 0 0 0 
422 8 0 0 0 0 0 0 0 0 0 0 0 
423 8 0 0 0 0 0 0 0 0 0 0 0 
424 8 0 0 0 0 0 0 0 0 0 0 0 
425 8 0 0 0 0 0 0 0 0 0 0 0 
426 8 0 0 0 0 0 0 0 0 0 0 0 
427 8 0 0 0 0 0 0 0 0 0 0 0 
428 8 0 0 0 0 0 0 0 0 0 0 0 
429 8 0 0 0 0 0 0 0 0 0 0 0 
430 8 0 0 0 0 0 0 0 0 0 0 0 
431 8 -1 312 2 31 -1 -1 -1 -1 -1 1 732 
432 8 -1 45 4 23 -1 -1 -1 -1 -1 0 9246 
433 8 -1 239 2 20 -1 -1 -1 -1 -1 1 3075 
434 8 -1 200 2 23 -1 -1 -1 -1 -1 3 551 
435 8 0 0 0 0 0 0 0 0 0 0 0 
436 8 0 0 0 0 0 0 0 0 0 0 0 
437 8 0 0 0 0 0 0 0 0 0 0 0 
438 8 0 0 0 0 0 0 0 0 0 0 0 
439 8 0 0 0 0 0 0 0 0 0 0 0 
440 8 0 0 0 0 0 0 0 0 0 0 0 
441 8 0 0 0 0 0 0 0 0 0 0 0 
442 8 0 0 0 0 0 0 0 0 0 0 0 
443 8 0 0 0 0 0 0 0 0 0 0 0 
444 8 0 0 0 0 0 0 0 0 0 0 0 
445 8 0 0 0 0 0 0 0 0 0 0 0 
446 8 0 0 0 0 0 0 0 0 0 0 0 
447 8 0 0 0 0 0 0 0 0 0 0 0 
448 8 0 0 0 0 0 0 0 0 0 0 0 
449 8 0 0 0 0 0 0 0 0 0 0 0 
450 8 0 0 0 0 0 0 0 0 0 0 0 
451 8 0 0 0 0 0 0 0 0 0 0 0 
452 8 0 0 0 0 0 0 0 0 0 0 0 
453 8 0 0 0 0 0 0 0 0 0 0 0 
454 8 0 0 0 0 0 0 0 0 0 0 0 
455 8 0 0 0 0 0 0 0 0 0 0 0 
456 8 0 0 0 0 0 0 0 0 0 0 0 
457 8 0 0 0 0 0 0 0 0 0 0 0 
458 8 0 0 0 0 0 0 0 0 0 0 0 
459 8 0 0 0 0 0 0 0 0 0 0 0 
460 8 0 0 0 0 0 0 0 0 0 0 0 
461 8 0 0 0 0 0 0 0 0 0 0 0 
462 8 0 0 0 0 0 0 0 0 0 0 0 
463 8 0 0 0 0 0 0 0 0 0 0 0 
464 8 0 0 0 0 0 0 0 0 0 0 0 
465 8 0 0 0 0 0 0 0 0 0 0 0 
466 8 0 0 0 0 0 0 0 0 0 0 0 
467 8 0 0 0 0 0 0 0 0 0 0 0 
468 8 0 0 0 0 0 0 0 0 0 0 0 
469 8 0 0 0 0 0 0 0 0 0 0 0 
470 8 0 0 0 0 0 0 0 0 0 0 0 
471 8 0 0 0 0 0 0 0 0 0 0 0 
472 8 0 0 0 0 0 0 0 0 0 0 0 
473 8 0 0 0 0 0 0 0 0 0 0 0 
474 8 0 0 0 0 0 0 0 0 0 0 0 
475 8 0 0 0 0 0 0 0 0 0 0 0 
476 8 0 0 0 0 0 0 0 0 0 0 0 
477 8 0 0 0 0 0 0 0 0 0 0 0 
478 8 0 0 0 0 0 0 0 0 0 0 0 
479 8 0 0 0 0 0 0 0 0 0 0 0 
480 8 0 0 0 0 0 0 0 0 0 0 0 
481 8 0 0 0 0 0 0 0 0 0 0 0 
482 8 0 0 0 0 0 0 0 0 0 0 0 
483 8 0 0 0 0 0 0 0 0 0 0 0 
484 8 0 0 0 0 0 0 0 0 0 0 0 
485 8 0 0 0 0 0 0 0 0 0 0 0 
486 8 0 0 0 0 0 0 0 0 0 0 0 
487 8 0 0 0 0 0 0 0 0 0 0 0 
488 8 0 0 0 0 0 0 0 0 0 0 0 
489 8 0 0 0 0 0 0 0 0 0 0 0 
490 8 0 0 0 0 0 0 0 0 0 0 0 
491 8 0 0 0 0 0 0 0 0 0 0 0 
492 8 0 0 0 0 0 0 0 0 0 0 0 
493 8 0 0 0 0 0 0 0 0 0 0 0 
494 8 0 0 0 0 0 0 0 0 0 0 0 
495 8 0 0 0 0 0 0 0 0 0 0 0 
496 8 0 0 0 0 0 0 0 0 0 0 0 
497 8 0 0 0 0 0 0 0 0 0 0 0 
498 8 0 0 0 0 0 0 0 0 0 0 0 
499 8 0 0 0 0 0 0 0 0 0 0 0 
500 8 0 0 0 0 0 0 0 0 0 0 0 
501 8 35 0 0 0 0 0 0 0 0 0 0 
502 8 -1 237 0 34 -1 -1 -1 -1 -1 2 -97 
503 8 0 0 0 0 0 0 0 0 0 0 0 
504 8 0 0 0 0 0 0 0 0 0 0 0 
505 8 0 0 0 0 0 0 0 0 0 0 0 
506 8 0 0 0 0 0 0 0 0 0 0 0 
507 8 0 0 0 0 0 0 0 0 0 0 0 
508 8 0 0 0 0 0 0 0 0 0 0 0 
509 8 0 0 0 0 0 0 0 0 0 0 0 
510 8 0 0 0 0 0 0 0 0 0 0 0 
511 9 0 0 0 0 0 0 0 0 0 0 0 
512 9 0 0 0 0 0 0 0 0 0 0 0 
513 9 0 0 0 0 0 0 0 0 0 0 0 
514 9 0 0 0 0 0 0 0 0 0 0 0 
515 9 0 0 0 0 0 0 0 0 0 0 0 
516 9 0 0 0 0 0 0 0 0 0 0 0 
517 9 0 0 0 0 0 0 0 0 0 0 0 
518 9 0 0 0 0 0 0 0 0 0 0 0 
519 9 0 0 0 0 0 0 0 0 0 0 0 
520 9 0 0 0 0 0 0 0 0 0 0 0 
521 9 0 0 0 0 0 0 0 0 0 0 0 
522 9 0 0 0 0 0 0 0 0 0 0 0 
523 9 0 0 0 0 0 0 0 0 0 0 0 
524 9 0 0 0 0 0 0 0 0 0 0 0 
525 9 0 0 0 0 0 0 0 0 0 0 0 
526 9 0 0 0 0 0 0 0 0 0 0 0 
527 9 0 0 0 0 0 0 0 0 0 0 0 
528 9 0 0 0 0 0 0 0 0 0 0 0 
529 9 0 0 0 0 0 0 0 0 0 0 0 
530 9 0 0 0 0 0 0 0 0 0 0 0 
531 9 0 0 0 0 0 0 0 0 0 0 0 
532 9 0 0 0 0 0 0 0 0 0 0 0 
533 9 0 0 0 0 0 0 0 0 0 0 0 
534 9 0 0 0 0 0 0 0 0 0 0 0 
535 9 0 0 0 0 0 0 0 0 0 0 0 
536 9 0 0 0 0 0 0 0 0 0 0 0 
537 9 0 0 0 0 0 0 0 0 0 0 0 
538 9 0 0 0 0 0 0 0 0 0 0 0 
539 9 0 0 0 0 0 0 0 0 0 0 0 
540 9 0 0 0 0 0 0 0 0 0 0 0 
541 9 0 0 0 0 0 0 0 0 0 0 0 
542 9 0 0 0 0 0 0 0 0 0 0 0 
543 9 0 0 0 0 0 0 0 0 0 0 0 
544 9 0 0 0 0 0 0 0 0 0 0 0 
545 9 0 0 0 0 0 0 0 0 0 0 0 
546 9 0 0 0 0 0 0 0 0 0 0 0 
547 9 0 0 0 0 0 0 0 0 0 0 0 
548 9 0 0 0 0 0 0 0 0 0 0 0 
549 9 0 0 0 0 0 0 0 0 0 0 0 
550 9 0 0 0 0 0 0 0 0 0 0 0 
551 9 0 0 0 0 0 0 0 0 0 0 0 
552 9 0 0 0 0 0 0 0 0 0 0 0 
553 9 0 0 0 0 0 0 0 0 0 0 0 
554 9 0 0 0 0 0 0 0 0 0 0 0 
555 9 0 0 0 0 0 0 0 0 0 0 0 
556 9 0 0 0 0 0 0 0 0 0 0 0 
557 9 0 0 0 0 0 0 0 0 0 0 0 
558 9 0 0 0 0 0 0 0 0 0 0 0 
559 9 0 0 0 0 0 0 0 0 0 0 0 
560 9 0 0 0 0 0 0 0 0 0 0 0 
561 9 0 0 0 0 0 0 0 0 0 0 0 
562 9 0 0 0 0 0 0 0 0 0 0 0 
563 9 0 0 0 0 0 0 0 0 0 0 0 
564 9 0 0 0 0 0 0 0 0 0 0 0 
565 9 0 0 0 0 0 0 0 0 0 0 0 
566 9 0 0 0 0 0 0 0 0 0 0 0 
567 9 0 0 0 0 0 0 0 0 0 0 0 
568 9 0 0 0 0 0 0 0 0 0 0 0 
569 9 0 0 0 0 0 0 0 0 0 0 0 
570 9 0 0 0 0 0 0 0 0 0 0 0 
571 9 0 0 0 0 0 0 0 0 0 0 0 
572 9 0 0 0 0 0 0 0 0 0 0 0 
573 9 0 0 0 0 0 0 0 0 0 0 0 
574 9 0 0 0 0 0 0 0 0 0 0 0 
575 9 0 0 0 0 0 0 0 0 0 0 0 
576 9 0 0 0 0 0 0 0 0 0 0 0 
577 9 0 0 0 0 0 0 0 0 0 0 0 
578 9 0 0 0 0 0 0 0 0 0 0 0 
579 9 0 0 0 0 0 0 0 0 0 0 0 
580 9 0 0 0 0 0 0 0 0 0 0 0 
581 9 0 0 0 0 0 0 0 0 0 0 0 
582 9 0 0 0 0 0 0 0 0 0 0 0 
583 9 0 0 0 0 0 0 0 0 0 0 0 
584 9 0 0 0 0 0 0 0 0 0 0 0 
585 9 0 0 0 0 0 0 0 0 0 0 0 
586 9 0 0 0 0 0 0 0 0 0 0 0 
587 9 0 0 0 0 0 0 0 0 0 0 0 
588 9 0 0 0 0 0 0 0 0 0 0 0 
589 9 0 0 0 0 0 0 0 0 0 0 0 
590 9 0 0 0 0 0 0 0 0 0 0 0 
591 9 0 0 0 0 0 0 0 0 0 0 0 
592 9 0 0 0 0 0 0 0 0 0 0 0 
593 9 0 0 0 0 0 0 0 0 0 0 0 
594 9 0 0 0 0 0 0 0 0 0 0 0 
595 9 0 0 0 0 0 0 0 0 0 0 0 
596 9 0 0 0 0 0 0 0 0 0 0 0 
597 9 0 0 0 0 0 0 0 0 0 0 0 
598 9 0 0 0 0 0 0 0 0 0 0 0 
599 9 0 0 0 0 0 0 0 0 0 0 0 
600 9 0 0 0 0 0 0 0 0 0 0 0 
601 9 0 0 0 0 0 0 0 0 0 0 0 
602 9 0 0 0 0 0 0 0 0 0 0 0 
603 9 0 0 0 0 0 0 0 0 0 0 0 
604 9 0 0 0 0 0 0 0 0 0 0 0 
605 9 0 0 0 0 0 0 0 0 0 0 0 
606 9 0 0 0 0 0 0 0 0 0 0 0 
607 9 0 0 0 0 0 0 0 0 0 0 0 
608 9 0 0 0 0 0 0 0 0 0 0 0 
609 9 0 0 0 0 0 0 0 0 0 0 0 
610 9 0 0 0 0 0 0 0 0 0 0 0 
611 9 0 0 0 0 0 0 0 0 0 0 0 
612 9 0 0 0 0 0 0 0 0 0 0 0 
613 9 0 0 0 0 0 0 0 0 0 0 0 
614 9 0 0 0 0 0 0 0 0 0 0 0 
615 9 0 0 0 0 0 0 0 0 0 0 0 
616 9 0 0 0 0 0 0 0 0 0 0 0 
617 9 0 0 0 0 0 0 0 0 0 0 0 
618 9 0 0 0 0 0 0 0 0 0 0 0 
619 9 0 0 0 0 0 0 0 0 0 0 0 
620 9 0 0 0 0 0 0 0 0 0 0 0 
621 9 0 0 0 0 0 0 0 0 0 0 0 
622 9 0 0 0 0 0 0 0 0 0 0 0 
623 9 0 0 0 0 0 0 0 0 0 0 0 
624 9 0 0 0 0 0 0 0 0 0 0 0 
625 9 0 0 0 0 0 0 0 0 0 0 0 
626 9 0 0 0 0 0 0 0 0 0 0 0 
627 9 0 0 0 0 0 0 0 0 0 0 0 
628 9 0 0 0 0 0 0 0 0 0 0 0 
629 9 0 0 0 0 0 0 0 0 0 0 0 
630 9 0 0 0 0 0 0 0 0 0 0 0 
631 9 0 0 0 0 0 0 0 0 0 0 0 
632 9 0 0 0 0 0 0 0 0 0 0 0 
633 9 0 0 0 0 0 0 0 0 0 0 0 
634 9 0 0 0 0 0 0 0 0 0 0 0 
635 9 0 0 0 0 0 0 0 0 0 0 0 
636 9 0 0 0 0 0 0 0 0 0 0 0 
637 9 0 0 0 0 0 0 0 0 0 0 0 
638 9 0 0 0 0 0 0 0 0 0 0 0 
639 9 0 0 0 0 0 0 0 0 0 0 0 
640 9 0 0 0 0 0 0 0 0 0 0 0 
641 9 0 0 0 0 0 0 0 0 0 0 0 
642 9 0 0 0 0 0 0 0 0 0 0 0 
643 9 0 0 0 0 0 0 0 0 0 0 0 
644 9 0 0 0 0 0 0 0 0 0 0 0 
645 9 0 0 0 0 0 0 0 0 0 0 0 
646 9 0 0 0 0 0 0 0 0 0 0 0 
647 9 0 0 0 0 0 0 0 0 0 0 0 
648 9 0 0 0 0 0 0 0 0 0 0 0 
649 9 0 0 0 0 0 0 0 0 0 0 0 
650 9 0 0 0 0 0 0 0 0 0 0 0 
651 9 0 0 0 0 0 0 0 0 0 0 0 
652 9 0 0 0 0 0 0 0 0 0 0 0 
653 9 0 0 0 0 0 0 0 0 0 0 0 
654 9 0 0 0 0 0 0 0 0 0 0 0 
655 9 0 0 0 0 0 0 0 0 0 0 0 
656 9 0 0 0 0 0 0 0 0 0 0 0 
657 9 0 0 0 0 0 0 0 0 0 0 0 
658 9 0 0 0 0 0 0 0 0 0 0 0 
659 9 0 0 0 0 0 0 0 0 0 0 0 
660 9 0 0 0 0 0 0 0 0 0 0 0 
661 9 0 0 0 0 0 0 0 0 0 0 0 
662 9 0 0 0 0 0 0 0 0 0 0 0 
663 9 0 0 0 0 0 0 0 0 0 0 0 
664 9 0 0 0 0 0 0 0 0 0 0 0 
665 9 0 0 0 0 0 0 0 0 0 0 0 
666 9 0 0 0 0 0 0 0 0 0 0 0 
667 9 0 0 0 0 0 0 0 0 0 0 0 
668 9 0 0 0 0 0 0 0 0 0 0 0 
669 9 0 0 0 0 0 0 0 0 0 0 0 
670 9 0 0 0 0 0 0 0 0 0 0 0 
671 9 0 0 0 0 0 0 0 0 0 0 0 
672 9 0 0 0 0 0 0 0 0 0 0 0 
673 9 0 0 0 0 0 0 0 0 0 0 0 
674 9 0 0 0 0 0 0 0 0 0 0 0 
675 9 0 0 0 0 0 0 0 0 0 0 0 
676 9 0 0 0 0 0 0 0 0 0 0 0 
677 9 0 0 0 0 0 0 0 0 0 0 0 
678 9 0 0 0 0 0 0 0 0 0 0 0 
679 9 0 0 0 0 0 0 0 0 0 0 0 
680 9 0 0 0 0 0 0 0 0 0 0 0 
681 9 0 0 0 0 0 0 0 0 0 0 0 
682 9 0 0 0 0 0 0 0 0 0 0 0 
683 9 0 0 0 0 0 0 0 0 0 0 0 
684 9 0 0 0 0 0 0 0 0 0 0 0 
685 9 0 0 0 0 0 0 0 0 0 0 0 
686 9 0 0 0 0 0 0 0 0 0 0 0 
687 9 0 0 0 0 0 0 0 0 0 0 0 
688 9 0 0 0 0 0 0 0 0 0 0 0 
689 9 0 0 0 0 0 0 0 0 0 0 0 
690 9 0 0 0 0 0 0 0 0 0 0 0 
691 9 0 0 0 0 0 0 0 0 0 0 0 
692 9 0 0 0 0 0 0 0 0 0 0 0 
693 9 0 0 0 0 0 0 0 0 0 0 0 
694 9 0 0 0 0 0 0 0 0 0 0 0 
695 9 0 0 0 0 0 0 0 0 0 0 0 
696 9 0 0 0 0 0 0 0 0 0 0 0 
697 9 0 0 0 0 0 0 0 0 0 0 0 
698 9 0 0 0 0 0 0 0 0 0 0 0 
699 9 0 0 0 0 0 0 0 0 0 0 0 
700 9 0 0 0 0 0 0 0 0 0 0 0 
701 9 0 0 0 0 0 0 0 0 0 0 0 
702 9 0 0 0 0 0 0 0 0 0 0 0 
703 9 0 0 0 0 0 0 0 0 0 0 0 
704 9 0 0 0 0 0 0 0 0 0 0 0 
705 9 0 0 0 0 0 0 0 0 0 0 0 
706 9 0 0 0 0 0 0 0 0 0 0 0 
707 9 0 0 0 0 0 0 0 0 0 0 0 
708 9 0 0 0 0 0 0 0 0 0 0 0 
709 9 0 0 0 0 0 0 0 0 0 0 0 
710 9 0 0 0 0 0 0 0 0 0 0 0 
711 9 0 0 0 0 0 0 0 0 0 0 0 
712 9 0 0 0 0 0 0 0 0 0 0 0 
713 9 0 0 0 0 0 0 0 0 0 0 0 
714 9 0 0 0 0 0 0 0 0 0 0 0 
715 9 0 0 0 0 0 0 0 0 0 0 0 
716 9 0 0 0 0 0 0 0 0 0 0 0 
717 9 0 0 0 0 0 0 0 0 0 0 0 
718 9 0 0 0 0 0 0 0 0 0 0 0 
719 9 0 0 0 0 0 0 0 0 0 0 0 
720 9 0 0 0 0 0 0 0 0 0 0 0 
721 9 0 0 0 0 0 0 0 0 0 0 0 
722 9 0 0 0 0 0 0 0 0 0 0 0 
723 9 0 0 0 0 0 0 0 0 0 0 0 
724 9 0 0 0 0 0 0 0 0 0 0 0 
725 9 0 0 0 0 0 0 0 0 0 0 0 
726 9 0 0 0 0 0 0 0 0 0 0 0 
727 9 0 0 0 0 0 0 0 0 0 0 0 
728 9 0 0 0 0 0 0 0 0 0 0 0 
729 9 0 0 0 0 0 0 0 0 0 0 0 
730 9 0 0 0 0 0 0 0 0 0 0 0 
731 9 0 0 0 0 0 0 0 0 0 0 0 
732 9 0 0 0 0 0 0 0 0 0 0 0 
733 9 0 0 0 0 0 0 0 0 0 0 0 
734 9 0 0 0 0 0 0 0 0 0 0 0 
735 9 0 0 0 0 0 0 0 0 0 0 0 
736 9 0 0 0 0 0 0 0 0 0 0 0 
737 9 0 0 0 0 0 0 0 0 0 0 0 
738 9 0 0 0 0 0 0 0 0 0 0 0 
739 9 0 0 0 0 0 0 0 0 0 0 0 
740 9 0 0 0 0 0 0 0 0 0 0 0 
741 9 0 0 0 0 0 0 0 0 0 0 0 
742 9 0 0 0 0 0 0 0 0 0 0 0 
743 9 0 0 0 0 0 0 0 0 0 0 0 
744 9 0 0 0 0 0 0 0 0 0 0 0 
745 9 0 0 0 0 0 0 0 0 0 0 0 
746 9 0 0 0 0 0 0 0 0 0 0 0 
747 9 0 0 0 0 0 0 0 0 0 0 0 
748 9 0 0 0 0 0 0 0 0 0 0 0 
749 9 0 0 0 0 0 0 0 0 0 0 0 
750 9 0 0 0 0 0 0 0 0 0 0 0 
751 9 0 0 0 0 0 0 0 0 0 0 0 
752 9 0 0 0 0 0 0 0 0 0 0 0 
753 9 0 0 0 0 0 0 0 0 0 0 0 
754 9 0 0 0 0 0 0 0 0 0 0 0 
755 9 0 0 0 0 0 0 0 0 0 0 0 
756 9 0 0 0 0 0 0 0 0 0 0 0 
757 9 0 0 0 0 0 0 0 0 0 0 0 
758 9 0 0 0 0 0 0 0 0 0 0 0 
759 9 0 0 0 0 0 0 0 0 0 0 0 
760 9 0 0 0 0 0 0 0 0 0 0 0 
761 9 0 0 0 0 0 0 0 0 0 0 0 
762 9 0 0 0 0 0 0 0 0 0 0 0 
763 9 0 0 0 0 0 0 0 0 0 0 0 
764 9 0 0 0 0 0 0 0 0 0 0 0 
765 9 0 0 0 0 0 0 0 0 0 0 0 
766 9 0 0 0 0 0 0 0 0 0 0 0 
767 9 0 0 0 0 0 0 0 0 0 0 0 
768 9 0 0 0 0 0 0 0 0 0 0 0 
769 9 0 0 0 0 0 0 0 0 0 0 0 
770 9 0 0 0 0 0 0 0 0 0 0 0 
771 9 0 0 0 0 0 0 0 0 0 0 0 
772 9 0 0 0 0 0 0 0 0 0 0 0 
773 9 0 0 0 0 0 0 0 0 0 0 0 
774 9 0 0 0 0 0 0 0 0 0 0 0 
775 9 0 0 0 0 0 0 0 0 0 0 0 
776 9 0 0 0 0 0 0 0 0 0 0 0 
777 9 0 0 0 0 0 0 0 0 0 0 0 
778 9 0 0 0 0 0 0 0 0 0 0 0 
779 9 0 0 0 0 0 0 0 0 0 0 0 
780 9 0 0 0 0 0 0 0 0 0 0 0 
781 9 0 0 0 0 0 0 0 0 0 0 0 
782 9 0 0 0 0 0 0 0 0 0 0 0 
783 9 0 0 0 0 0 0 0 0 0 0 0 
784 9 0 0 0 0 0 0 0 0 0 0 0 
785 9 0 0 0 0 0 0 0 0 0 0 0 
786 9 0 0 0 0 0 0 0 0 0 0 0 
787 9 0 0 0 0 0 0 0 0 0 0 0 
788 9 0 0 0 0 0 0 0 0 0 0 0 
789 9 0 0 0 0 0 0 0 0 0 0 0 
790 9 0 0 0 0 0 0 0 0 0 0 0 
791 9 0 0 0 0 0 0 0 0 0 0 0 
792 9 0 0 0 0 0 0 0 0 0 0 0 
793 9 0 0 0 0 0 0 0 0 0 0 0 
794 9 0 0 0 0 0 0 0 0 0 0 0 
795 9 0 0 0 0 0 0 0 0 0 0 0 
796 9 0 0 0 0 0 0 0 0 0 0 0 
797 9 5 0 0 0 0 0 0 0 0 0 0 
798 9 6 0 0 0 0 0 0 0 0 0 0 
799 9 0 0 0 0 0 0 0 0 0 0 0 
800 9 0 0 0 0 0 0 0 0 0 0 0 
801 9 0 0 0 0 0 0 0 0 0 0 0 
802 9 0 0 0 0 0 0 0 0 0 0 0 
803 9 0 0 0 0 0 0 0 0 0 0 0 
804 9 0 0 0 0 0 0 0 0 0 0 0 
805 9 0 0 0 0 0 0 0 0 0 0 0 
806 9 0 0 0 0 0 0 0 0 0 0 0 
807 9 0 0 0 0 0 0 0 0 0 0 0 
808 9 0 0 0 0 0 0 0 0 0 0 0 
809 9 0 0 0 0 0 0 0 0 0 0 0 
810 9 0 0 0 0 0 0 0 0 0 0 0 
811 9 9 0 0 0 0 0 0 0 0 0 0 
812 9 -1 53 0 26 -1 -1 -1 -1 -1 1 36 
813 9 0 0 0 0 0 0 0 0 0 0 0 
814 9 0 0 0 0 0 0 0 0 0 0 0 
815 9 0 0 0 0 0 0 0 0 0 0 0 
816 9 0 0 0 0 0 0 0 0 0 0 0 
817 9 0 0 0 0 0 0 0 0 0 0 0 
818 9 0 0 0 0 0 0 0 0 0 0 0 
819 9 0 0 0 0 0 0 0 0 0 0 0 
820 9 0 0 0 0 0 0 0 0 0 0 0 
821 9 0 0 0 0 0 0 0 0 0 0 0 
822 9 0 0 0 0 0 0 0 0 0 0 0 
823 9 0 0 0 0 0 0 0 0 0 0 0 
824 9 0 0 0 0 0 0 0 0 0 0 0 
825 9 0 0 0 0 0 0 0 0 0 0 0 
826 9 0 0 0 0 0 0 0 0 0 0 0 
827 9 0 0 0 0 0 0 0 0 0 0 0 
828 9 0 0 0 0 0 0 0 0 0 0 0 
829 9 0 0 0 0 0 0 0 0 0 0 0 
830 9 0 0 0 0 0 0 0 0 0 0 0 
831 9 0 0 0 0 0 0 0 0 0 0 0 
832 9 0 0 0 0 0 0 0 0 0 0 0 
833 9 0 0 0 0 0 0 0 0 0 0 0 
834 9 0 0 0 0 0 0 0 0 0 0 0 
835 9 0 0 0 0 0 0 0 0 0 0 0 
836 9 0 0 0 0 0 0 0 0 0 0 0 
837 9 0 0 0 0 0 0 0 0 0 0 0 
838 9 0 0 0 0 0 0 0 0 0 0 0 
839 9 0 0 0 0 0 0 0 0 0 0 0 
840 9 0 0 0 0 0 0 0 0 0 0 0 
841 9 0 0 0 0 0 0 0 0 0 0 0 
842 9 0 0 0 0 0 0 0 0 0 0 0 
843 9 0 0 0 0 0 0 0 0 0 0 0 
844 9 0 0 0 0 0 0 0 0 0 0 0 
845 9 0 0 0 0 0 0 0 0 0 0 0 
846 9 0 0 0 0 0 0 0 0 0 0 0 
847 9 0 0 0 0 0 0 0 0 0 0 0 
848 9 0 0 0 0 0 0 0 0 0 0 0 
849 9 0 0 0 0 0 0 0 0 0 0 0 
850 9 0 0 0 0 0 0 0 0 0 0 0 
851 9 0 0 0 0 0 0 0 0 0 0 0 
852 9 0 0 0 0 0 0 0 0 0 0 0 
853 9 0 0 0 0 0 0 0 0 0 0 0 
854 9 0 0 0 0 0 0 0 0 0 0 0 
855 9 0 0 0 0 0 0 0 0 0 0 0 
856 9 0 0 0 0 0 0 0 0 0 0 0 
857 9 0 0 0 0 0 0 0 0 0 0 0 
858 9 0 0 0 0 0 0 0 0 0 0 0 
859 9 0 0 0 0 0 0 0 0 0 0 0 
860 9 0 0 0 0 0 0 0 0 0 0 0 
861 9 0 0 0 0 0 0 0 0 0 0 0 
862 9 0 0 0 0 0 0 0 0 0 0 0 
863 9 -1 228 4 32 -1 -1 -1 -1 -1 0 1273 
864 9 -1 124 2 25 -1 -1 -1 -1 -1 0 1154 
865 9 -1 38 4 28 -1 -1 -1 -1 -1 2 4906 
866 9 21 0 0 0 0 0 0 0 0 0 0 
867 9 -1 53 3 38 -1 -1 -1 -1 -1 3 -13 
868 9 24 0 0 0 0 0 0 0 0 0 0 
869 9 -1 246 4 35 -1 -1 -1 -1 -1 2 5787 
870 9 27 0 0 0 0 0 0 0 0 0 0 
871 9 0 0 0 0 0 0 0 0 0 0 0 
872 9 0 0 0 0 0 0 0 0 0 0 0 
873 9 0 0 0 0 0 0 0 0 0 0 0 
874 9 0 0 0 0 0 0 0 0 0 0 0 
875 9 0 0 0 0 0 0 0 0 0 0 0 
876 9 0 0 0 0 0 0 0 0 0 0 0 
877 9 0 0 0 0 0 0 0 0 0 0 0 
878 9 0 0 0 0 0 0 0 0 0 0 0 
879 9 0 0 0 0 0 0 0 0 0 0 0 
880 9 0 0 0 0 0 0 0 0 0 0 0 
881 9 0 0 0 0 0 0 0 0 0 0 0 
882 9 0 0 0 0 0 0 0 0 0 0 0 
883 9 0 0 0 0 0 0 0 0 0 0 0 
884 9 0 0 0 0 0 0 0 0 0 0 0 
885 9 0 0 0 0 0 0 0 0 0 0 0 
886 9 0 0 0 0 0 0 0 0 0 0 0 
887 9 0 0 0 0 0 0 0 0 0 0 0 
888 9 0 0 0 0 0 0 0 0 0 0 0 
889 9 0 0 0 0 0 0 0 0 0 0 0 
890 9 0 0 0 0 0 0 0 0 0 0 0 
891 9 0 0 0 0 0 0 0 0 0 0 0 
892 9 0 0 0 0 0 0 0 0 0 0 0 
893 9 0 0 0 0 0 0 0 0 0 0 0 
894 9 0 0 0 0 0 0 0 0 0 0 0 
895 9 0 0 0 0 0 0 0 0 0 0 0 
896 9 0 0 0 0 0 0 0 0 0 0 0 
897 9 0 0 0 0 0 0 0 0 0 0 0 
898 9 0 0 0 0 0 0 0 0 0 0 0 
899 9 0 0 0 0 0 0 0 0 0 0 0 
900 9 0 0 0 0 0 0 0 0 0 0 0 
901 9 0 0 0 0 0 0 0 0 0 0 0 
902 9 0 0 0 0 0 0 0 0 0 0 0 
903 9 0 0 0 0 0 0 0 0 0 0 0 
904 9 0 0 0 0 0 0 0 0 0 0 0 
905 9 0 0 0 0 0 0 0 0 0 0 0 
906 9 0 0 0 0 0 0 0 0 0 0 0 
907 9 0 0 0 0 0 0 0 0 0 0 0 
908 9 0 0 0 0 0 0 0 0 0 0 0 
909 9 0 0 0 0 0 0 0 0 0 0 0 
910 9 0 0 0 0 0 0 0 0 0 0 0 
911 9 0 0 0 0 0 0 0 0 0 0 0 
912 9 0 0 0 0 0 0 0 0 0 0 0 
913 9 0 0 0 0 0 0 0 0 0 0 0 
914 9 0 0 0 0 0 0 0 0 0 0 0 
915 9 0 0 0 0 0 0 0 0 0 0 0 
916 9 0 0 0 0 0 0 0 0 0 0 0 
917 9 0 0 0 0 0 0 0 0 0 0 0 
918 9 0 0 0 0 0 0 0 0 0 0 0 
919 9 0 0 0 0 0 0 0 0 0 0 0 
920 9 0 0 0 0 0 0 0 0 0 0 0 
921 9 0 0 0 0 0 0 0 0 0 0 0 
922 9 0 0 0 0 0 0 0 0 0 0 0 
923 9 0 0 0 0 0 0 0 0 0 0 0 
924 9 0 0 0 0 0 0 0 0 0 0 0 
925 9 0 0 0 0 0 0 0 0 0 0 0 
926 9 0 0 0 0 0 0 0 0 0 0 0 
927 9 0 0 0 0 0 0 0 0 0 0 0 
928 9 0 0 0 0 0 0 0 0 0 0 0 
929 9 0 0 0 0 0 0 0 0 0 0 0 
930 9 0 0 0 0 0 0 0 0 0 0 0 
931 9 0 0 0 0 0 0 0 0 0 0 0 
932 9 0 0 0 0 0 0 0 0 0 0 0 
933 9 0 0 0 0 0 0 0 0 0 0 0 
934 9 0 0 0 0 0 0 0 0 0 0 0 
935 9 0 0 0 0 0 0 0 0 0 0 0 
936 9 0 0 0 0 0 0 0 0 0 0 0 
937 9 0 0 0 0 0 0 0 0 0 0 0 
938 9 0 0 0 0 0 0 0 0 0 0 0 
939 9 0 0 0 0 0 0 0 0 0 0 0 
940 9 0 0 0 0 0 0 0 0 0 0 0 
941 9 0 0 0 0 0 0 0 0 0 0 0 
942 9 0 0 0 0 0 0 0 0 0 0 0 
943 9 0 0 0 0 0 0 0 0 0 0 0 
944 9 0 0 0 0 0 0 0 0 0 0 0 
945 9 0 0 0 0 0 0 0 0 0 0 0 
946 9 0 0 0 0 0 0 0 0 0 0 0 
947 9 0 0 0 0 0 0 0 0 0 0 0 
948 9 0 0 0 0 0 0 0 0 0 0 0 
949 9 0 0 0 0 0 0 0 0 0 0 0 
950 9 0 0 0 0 0 0 0 0 0 0 0 
951 9 0 0 0 0 0 0 0 0 0 0 0 
952 9 0 0 0 0 0 0 0 0 0 0 0 
953 9 0 0 0 0 0 0 0 0 0 0 0 
954 9 0 0 0 0 0 0 0 0 0 0 0 
955 9 0 0 0 0 0 0 0 0 0 0 0 
956 9 0 0 0 0 0 0 0 0 0 0 0 
957 9 0 0 0 0 0 0 0 0 0 0 0 
958 9 0 0 0 0 0 0 0 0 0 0 0 
959 9 0 0 0 0 0 0 0 0 0 0 0 
960 9 0 0 0 0 0 0 0 0 0 0 0 
961 9 0 0 0 0 0 0 0 0 0 0 0 
962 9 0 0 0 0 0 0 0 0 0 0 0 
963 9 0 0 0 0 0 0 0 0 0 0 0 
964 9 0 0 0 0 0 0 0 0 0 0 0 
965 9 0 0 0 0 0 0 0 0 0 0 0 
966 9 0 0 0 0 0 0 0 0 0 0 0 
967 9 0 0 0 0 0 0 0 0 0 0 0 
968 9 0 0 0 0 0 0 0 0 0 0 0 
969 9 0 0 0 0 0 0 0 0 0 0 0 
970 9 0 0 0 0 0 0 0 0 0 0 0 
971 9 0 0 0 0 0 0 0 0 0 0 0 
972 9 0 0 0 0 0 0 0 0 0 0 0 
973 9 0 0 0 0 0 0 0 0 0 0 0 
974 9 0 0 0 0 0 0 0 0 0 0 0 
975 9 0 0 0 0 0 0 0 0 0 0 0 
976 9 0 0 0 0 0 0 0 0 0 0 0 
977 9 0 0 0 0 0 0 0 0 0 0 0 
978 9 0 0 0 0 0 0 0 0 0 0 0 
979 9 0 0 0 0 0 0 0 0 0 0 0 
980 9 0 0 0 0 0 0 0 0 0 0 0 
981 9 0 0 0 0 0 0 0 0 0 0 0 
982 9 0 0 0 0 0 0 0 0 0 0 0 
983 9 0 0 0 0 0 0 0 0 0 0 0 
984 9 0 0 0 0 0 0 0 0 0 0 0 
985 9 0 0 0 0 0 0 0 0 0 0 0 
986 9 0 0 0 0 0 0 0 0 0 0 0 
987 9 0 0 0 0 0 0 0 0 0 0 0 
988 9 0 0 0 0 0 0 0 0 0 0 0 
989 9 0 0 0 0 0 0 0 0 0 0 0 
990 9 0 0 0 0 0 0 0 0 0 0 0 
991 9 0 0 0 0 0 0 0 0 0 0 0 
992 9 0 0 0 0 0 0 0 0 0 0 0 
993 9 0 0 0 0 0 0 0 0 0 0 0 
994 9 0 0 0 0 0 0 0 0 0 0 0 
995 9 0 0 0 0 0 0 0 0 0 0 0 
996 9 0 0 0 0 0 0 0 0 0 0 0 
997 9 0 0 0 0 0 0 0 0 0 0 0 
998 9 0 0 0 0 0 0 0 0 0 0 0 
999 9 0 0 0 0 0 0 0 0 0 0 0 
1000 9 0 0 0 0 0 0 0 0 0 0 0 
1001 9 0 0 0 0 0 0 0 0 0 0 0 
1002 9 0 0 0 0 0 0 0 0 0 0 0 
1003 9 0 0 0 0 0 0 0 0 0 0 0 
1004 9 0 0 0 0 0 0 0 0 0 0 0 
1005 9 36 0 0 0 0 0 0 0 0 0 0 
1006 9 -1 319 2 15 -1 -1 -1 -1 -1 1 6420 
1007 9 0 0 0 0 0 0 0 0 0 0 0 
1008 9 0 0 0 0 0 0 0 0 0 0 0 
1009 9 0 0 0 0 0 0 0 0 0 0 0 
1010 9 0 0 0 0 0 0 0 0 0 0 0 
1011 9 0 0 0 0 0 0 0 0 0 0 0 
1012 9 0 0 0 0 0 0 0 0 0 0 0 
1013 9 0 0 0 0 0 0 0 0 0 0 0 
1014 9 0 0 0 0 0 0 0 0 0 0 0 
1015 9 0 0 0 0 0 0 0 0 0 0 0 
1016 9 0 0 0 0 0 0 0 0 0 0 0 
1017 9 0 0 0 0 0 0 0 0 0 0 0 
1018 9 0 0 0 0 0 0 0 0 0 0 0 
1019 9 0 0 0 0 0 0 0 0 0 0 0 
1020 9 0 0 0 0 0 0 0 0 0 0 0 
1021 9 0 0 0 0 0 0 0 0 0 0 0 
1022 9 0 0 0 0 0 0 0 0 0 0 0 
1023 10 0 0 0 0 0 0 0 0 0 0 0 
1024 10 0 0 0 0 0 0 0 0 0 0 0 
1025 10 0 0 0 0 0 0 0 0 0 0 0 
1026 10 0 0 0 0 0 0 0 0 0 0 0 
1027 10 0 0 0 0 0 0 0 0 0 0 0 
1028 10 0 0 0 0 0 0 0 0 0 0 0 
1029 10 0 0 0 0 0 0 0 0 0 0 0 
1030 10 0 0 0 0 0 0 0 0 0 0 0 
1031 10 0 0 0 0 0 0 0 0 0 0 0 
1032 10 0 0 0 0 0 0 0 0 0 0 0 
1033 10 0 0 0 0 0 0 0 0 0 0 0 
1034 10 0 0 0 0 0 0 0 0 0 0 0 
1035 10 0 0 0 0 0 0 0 0 0 0 0 
1036 10 0 0 0 0 0 0 0 0 0 0 0 
1037 10 0 0 0 0 0 0 0 0 0 0 0 
1038 10 0 0 0 0 0 0 0 0 0 0 0 
1039 10 0 0 0 0 0 0 0 0 0 0 0 
1040 10 0 0 0 0 0 0 0 0 0 0 0 
1041 10 0 0 0 0 0 0 0 0 0 0 0 
1042 10 0 0 0 0 0 0 0 0 0 0 0 
1043 10 0 0 0 0 0 0 0 0 0 0 0 
1044 10 0 0 0 0 0 0 0 0 0 0 0 
1045 10 0 0 0 0 0 0 0 0 0 0 0 
1046 10 0 0 0 0 0 0 0 0 0 0 0 
1047 10 0 0 0 0 0 0 0 0 0 0 0 
1048 10 0 0 0 0 0 0 0 0 0 0 0 
1049 10 0 0 0 0 0 0 0 0 0 0 0 
1050 10 0 0 0 0 0 0 0 0 0 0 0 
1051 10 0 0 0 0 0 0 0 0 0 0 0 
1052 10 0 0 0 0 0 0 0 0 0 0 0 
1053 10 0 0 0 0 0 0 0 0 0 0 0 
1054 10 0 0 0 0 0 0 0 0 0 0 0 
1055 10 0 0 0 0 0 0 0 0 0 0 0 
1056 10 0 0 0 0 0 0 0 0 0 0 0 
1057 10 0 0 0 0 0 0 0 0 0 0 0 
1058 10 0 0 0 0 0 0 0 0 0 0 0 
1059 10 0 0 0 0 0 0 0 0 0 0 0 
1060 10 0 0 0 0 0 0 0 0 0 0 0 
1061 10 0 0 0 0 0 0 0 0 0 0 0 
1062 10 0 0 0 0 0 0 0 0 0 0 0 
1063 10 0 0 0 0 0 0 0 0 0 0 0 
1064 10 0 0 0 0 0 0 0 0 0 0 0 
1065 10 0 0 0 0 0 0 0 0 0 0 0 
1066 10 0 0 0 0 0 0 0 0 0 0 0 
1067 10 0 0 0 0 0 0 0 0 0 0 0 
1068 10 0 0 0 0 0 0 0 0 0 0 0 
1069 10 0 0 0 0 0 0 0 0 0 0 0 
1070 10 0 0 0 0 0 0 0 0 0 0 0 
1071 10 0 0 0 0 0 0 0 0 0 0 0 
1072 10 0 0 0 0 0 0 0 0 0 0 0 
1073 10 0 0 0 0 0 0 0 0 0 0 0 
1074 10 0 0 0 0 0 0 0 0 0 0 0 
1075 10 0 0 0 0 0 0 0 0 0 0 0 
1076 10 0 0 0 0 0 0 0 0 0 0 0 
1077 10 0 0 0 0 0 0 0 0 0 0 0 
1078 10 0 0 0 0 0 0 0 0 0 0 0 
1079 10 0 0 0 0 0 0 0 0 0 0 0 
1080 10 0 0 0 0 0 0 0 0 0 0 0 
1081 10 0 0 0 0 0 0 0 0 0 0 0 
1082 10 0 0 0 0 0 0 0 0 0 0 0 
1083 10 0 0 0 0 0 0 0 0 0 0 0 
1084 10 0 0 0 0 0 0 0 0 0 0 0 
1085 10 0 0 0 0 0 0 0 0 0 0 0 
1086 10 0 0 0 0 0 0 0 0 0 0 0 
1087 10 0 0 0 0 0 0 0 0 0 0 0 
1088 10 0 0 0 0 0 0 0 0 0 0 0 
1089 10 0 0 0 0 0 0 0 0 0 0 0 
1090 10 0 0 0 0 0 0 0 0 0 0 0 
1091 10 0 0 0 0 0 0 0 0 0 0 0 
1092 10 0 0 0 0 0 0 0 0 0 0 0 
1093 10 0 0 0 0 0 0 0 0 0 0 0 
1094 10 0 0 0 0 0 0 0 0 0 0 0 
1095 10 0 0 0 0 0 0 0 0 0 0 0 
1096 10 0 0 0 0 0 0 0 0 0 0 0 
1097 10 0 0 0 0 0 0 0 0 0 0 0 
1098 10 0 0 0 0 0 0 0 0 0 0 0 
1099 10 0 0 0 0 0 0 0 0 0 0 0 
1100 10 0 0 0 0 0 0 0 0 0 0 0 
1101 10 0 0 0 0 0 0 0 0 0 0 0 
1102 10 0 0 0 0 0 0 0 0 0 0 0 
1103 10 0 0 0 0 0 0 0 0 0 0 0 
1104 10 0 0 0 0 0 0 0 0 0 0 0 
1105 10 0 0 0 0 0 0 0 0 0 0 0 
1106 10 0 0 0 0 0 0 0 0 0 0 0 
1107 10 0 0 0 0 0 0 0 0 0 0 0 
1108 10 0 0 0 0 0 0 0 0 0 0 0 
1109 10 0 0 0 0 0 0 0 0 0 0 0 
1110 10 0 0 0 0 0 0 0 0 0 0 0 
1111 10 0 0 0 0 0 0 0 0 0 0 0 
1112 10 0 0 0 0 0 0 0 0 0 0 0 
1113 10 0 0 0 0 0 0 0 0 0 0 0 
1114 10 0 0 0 0 0 0 0 0 0 0 0 
1115 10 0 0 0 0 0 0 0 0 0 0 0 
1116 10 0 0 0 0 0 0 0 0 0 0 0 
1117 10 0 0 0 0 0 0 0 0 0 0 0 
1118 10 0 0 0 0 0 0 0 0 0 0 0 
1119 10 0 0 0 0 0 0 0 0 0 0 0 
1120 10 0 0 0 0 0 0 0 0 0 0 0 
1121 10 0 0 0 0 0 0 0 0 0 0 0 
1122 10 0 0 0 0 0 0 0 0 0 0 0 
1123 10 0 0 0 0 0 0 0 0 0 0 0 
1124 10 0 0 0 0 0 0 0 0 0 0 0 
1125 10 0 0 0 0 0 0 0 0 0 0 0 
1126 10 0 0 0 0 0 0 0 0 0 0 0 
1127 10 0 0 0 0 0 0 0 0 0 0 0 
1128 10 0 0 0 0 0 0 0 0 0 0 0 
1129 10 0 0 0 0 0 0 0 0 0 0 0 
1130 10 0 0 0 0 0 0 0 0 0 0 0 
1131 10 0 0 0 0 0 0 0 0 0 0 0 
1132 10 0 0 0 0 0 0 0 0 0 0 0 
1133 10 0 0 0 0 0 0 0 0 0 0 0 
1134 10 0 0 0 0 0 0 0 0 0 0 0 
1135 10 0 0 0 0 0 0 0 0 0 0 0 
1136 10 0 0 0 0 0 0 0 0 0 0 0 
1137 10 0 0 0 0 0 0 0 0 0 0 0 
1138 10 0 0 0 0 0 0 0 0 0 0 0 
1139 10 0 0 0 0 0 0 0 0 0 0 0 
1140 10 0 0 0 0 0 0 0 0 0 0 0 
1141 10 0 0 0 0 0 0 0 0 0 0 0 
1142 10 0 0 0 0 0 0 0 0 0 0 0 
1143 10 0 0 0 0 0 0 0 0 0 0 0 
1144 10 0 0 0 0 0 0 0 0 0 0 0 
1145 10 0 0 0 0 0 0 0 0 0 0 0 
1146 10 0 0 0 0 0 0 0 0 0 0 0 
1147 10 0 0 0 0 0 0 0 0 0 0 0 
1148 10 0 0 0 0 0 0 0 0 0 0 0 
1149 10 0 0 0 0 0 0 0 0 0 0 0 
1150 10 0 0 0 0 0 0 0 0 0 0 0 
1151 10 0 0 0 0 0 0 0 0 0 0 0 
1152 10 0 0 0 0 0 0 0 0 0 0 0 
1153 10 0 0 0 0 0 0 0 0 0 0 0 
1154 10 0 0 0 0 0 0 0 0 0 0 0 
1155 10 0 0 0 0 0 0 0 0 0 0 0 
1156 10 0 0 0 0 0 0 0 0 0 0 0 
1157 10 0 0 0 0 0 0 0 0 0 0 0 
1158 10 0 0 0 0 0 0 0 0 0 0 0 
1159 10 0 0 0 0 0 0 0 0 0 0 0 
1160 10 0 0 0 0 0 0 0 0 0 0 0 
1161 10 0 0 0 0 0 0 0 0 0 0 0 
1162 10 0 0 0 0 0 0 0 0 0 0 0 
1163 10 0 0 0 0 0 0 0 0 0 0 0 
1164 10 0 0 0 0 0 0 0 0 0 0 0 
1165 10 0 0 0 0 0 0 0 0 0 0 0 
1166 10 0 0 0 0 0 0 0 0 0 0 0 
1167 10 0 0 0 0 0 0 0 0 0 0 0 
1168 10 0 0 0 0 0 0 0 0 0 0 0 
1169 10 0 0 0 0 0 0 0 0 0 0 0 
1170 10 0 0 0 0 0 0 0 0 0 0 0 
1171 10 0 0 0 0 0 0 0 0 0 0 0 
1172 10 0 0 0 0 0 0 0 0 0 0 0 
1173 10 0 0 0 0 0 0 0 0 0 0 0 
1174 10 0 0 0 0 0 0 0 0 0 0 0 
1175 10 0 0 0 0 0 0 0 0 0 0 0 
1176 10 0 0 0 0 0 0 0 0 0 0 0 
1177 10 0 0 0 0 0 0 0 0 0 0 0 
1178 10 0 0 0 0 0 0 0 0 0 0 0 
1179 10 0 0 0 0 0 0 0 0 0 0 0 
1180 10 0 0 0 0 0 0 0 0 0 0 0 
1181 10 0 0 0 0 0 0 0 0 0 0 0 
1182 10 0 0 0 0 0 0 0 0 0 0 0 
1183 10 0 0 0 0 0 0 0 0 0 0 0 
1184 10 0 0 0 0 0 0 0 0 0 0 0 
1185 10 0 0 0 0 0 0 0 0 0 0 0 
1186 10 0 0 0 0 0 0 0 0 0 0 0 
1187 10 0 0 0 0 0 0 0 0 0 0 0 
1188 10 0 0 0 0 0 0 0 0 0 0 0 
1189 10 0 0 0 0 0 0 0 0 0 0 0 
1190 10 0 0 0 0 0 0 0 0 0 0 0 
1191 10 0 0 0 0 0 0 0 0 0 0 0 
1192 10 0 0 0 0 0 0 0 0 0 0 0 
1193 10 0 0 0 0 0 0 0 0 0 0 0 
1194 10 0 0 0 0 0 0 0 0 0 0 0 
1195 10 0 0 0 0 0 0 0 0 0 0 0 
1196 10 0 0 0 0 0 0 0 0 0 0 0 
1197 10 0 0 0 0 0 0 0 0 0 0 0 
1198 10 0 0 0 0 0 0 0 0 0 0 0 
1199 10 0 0 0 0 0 0 0 0 0 0 0 
1200 10 0 0 0 0 0 0 0 0 0 0 0 
1201 10 0 0 0 0 0 0 0 0 0 0 0 
1202 10 0 0 0 0 0 0 0 0 0 0 0 
1203 10 0 0 0 0 0 0 0 0 0 0 0 
1204 10 0 0 0 0 0 0 0 0 0 0 0 
1205 10 0 0 0 0 0 0 0 0 0 0 0 
1206 10 0 0 0 0 0 0 0 0 0 0 0 
1207 10 0 0 0 0 0 0 0 0 0 0 0 
1208 10 0 0 0 0 0 0 0 0 0 0 0 
1209 10 0 0 0 0 0 0 0 0 0 0 0 
1210 10 0 0 0 0 0 0 0 0 0 0 0 
1211 10 0 0 0 0 0 0 0 0 0 0 0 
1212 10 0 0 0 0 0 0 0 0 0 0 0 
1213 10 0 0 0 0 0 0 0 0 0 0 0 
1214 10 0 0 0 0 0 0 0 0 0 0 0 
1215 10 0 0 0 0 0 0 0 0 0 0 0 
1216 10 0 0 0 0 0 0 0 0 0 0 0 
1217 10 0 0 0 0 0 0 0 0 0 0 0 
1218 10 0 0 0 0 0 0 0 0 0 0 0 
1219 10 0 0 0 0 0 0 0 0 0 0 0 
1220 10 0 0 0 0 0 0 0 0 0 0 0 
1221 10 0 0 0 0 0 0 0 0 0 0 0 
1222 10 0 0 0 0 0 0 0 0 0 0 0 
1223 10 0 0 0 0 0 0 0 0 0 0 0 
1224 10 0 0 0 0 0 0 0 0 0 0 0 
1225 10 0 0 0 0 0 0 0 0 0 0 0 
1226 10 0 0 0 0 0 0 0 0 0 0 0 
1227 10 0 0 0 0 0 0 0 0 0 0 0 
1228 10 0 0 0 0 0 0 0 0 0 0 0 
1229 10 0 0 0 0 0 0 0 0 0 0 0 
1230 10 0 0 0 0 0 0 0 0 0 0 0 
1231 10 0 0 0 0 0 0 0 0 0 0 0 
1232 10 0 0 0 0 0 0 0 0 0 0 0 
1233 10 0 0 0 0 0 0 0 0 0 0 0 
1234 10 0 0 0 0 0 0 0 0 0 0 0 
1235 10 0 0 0 0 0 0 0 0 0 0 0 
1236 10 0 0 0 0 0 0 0 0 0 0 0 
1237 10 0 0 0 0 0 0 0 0 0 0 0 
1238 10 0 0 0 0 0 0 0 0 0 0 0 
1239 10 0 0 0 0 0 0 0 0 0 0 0 
1240 10 0 0 0 0 0 0 0 0 0 0 0 
1241 10 0 0 0 0 0 0 0 0 0 0 0 
1242 10 0 0 0 0 0 0 0 0 0 0 0 
1243 10 0 0 0 0 0 0 0 0 0 0 0 
1244 10 0 0 0 0 0 0 0 0 0 0 0 
1245 10 0 0 0 0 0 0 0 0 0 0 0 
1246 10 0 0 0 0 0 0 0 0 0 0 0 
1247 10 0 0 0 0 0 0 0 0 0 0 0 
1248 10 0 0 0 0 0 0 0 0 0 0 0 
1249 10 0 0 0 0 0 0 0 0 0 0 0 
1250 10 0 0 0 0 0 0 0 0 0 0 0 
1251 10 0 0 0 0 0 0 0 0 0 0 0 
1252 10 0 0 0 0 0 0 0 0 0 0 0 
1253 10 0 0 0 0 0 0 0 0 0 0 0 
1254 10 0 0 0 0 0 0 0 0 0 0 0 
1255 10 0 0 0 0 0 0 0 0 0 0 0 
1256 10 0 0 0 0 0 0 0 0 0 0 0 
1257 10 0 0 0 0 0 0 0 0 0 0 0 
1258 10 0 0 0 0 0 0 0 0 0 0 0 
1259 10 0 0 0 0 0 0 0 0 0 0 0 
1260 10 0 0 0 0 0 0 0 0 0 0 0 
1261 10 0 0 0 0 0 0 0 0 0 0 0 
1262 10 0 0 0 0 0 0 0 0 0 0 0 
1263 10 0 0 0 0 0 0 0 0 0 0 0 
1264 10 0 0 0 0 0 0 0 0 0 0 0 
1265 10 0 0 0 0 0 0 0 0 0 0 0 
1266 10 0 0 0 0 0 0 0 0 0 0 0 
1267 10 0 0 0 0 0 0 0 0 0 0 0 
1268 10 0 0 0 0 0 0 0 0 0 0 0 
1269 10 0 0 0 0 0 0 0 0 0 0 0 
1270 10 0 0 0 0 0 0 0 0 0 0 0 
1271 10 0 0 0 0 0 0 0 0 0 0 0 
1272 10 0 0 0 0 0 0 0 0 0 0 0 
1273 10 0 0 0 0 0 0 0 0 0 0 0 
1274 10 0 0 0 0 0 0 0 0 0 0 0 
1275 10 0 0 0 0 0 0 0 0 0 0 0 
1276 10 0 0 0 0 0 0 0 0 0 0 0 
1277 10 0 0 0 0 0 0 0 0 0 0 0 
1278 10 0 0 0 0 0 0 0 0 0 0 0 
1279 10 0 0 0 0 0 0 0 0 0 0 0 
1280 10 0 0 0 0 0 0 0 0 0 0 0 
1281 10 0 0 0 0 0 0 0 0 0 0 0 
1282 10 0 0 0 0 0 0 0 0 0 0 0 
1283 10 0 0 0 0 0 0 0 0 0 0 0 
1284 10 0 0 0 0 0 0 0 0 0 0 0 
1285 10 0 0 0 0 0 0 0 0 0 0 0 
1286 10 0 0 0 0 0 0 0 0 0 0 0 
1287 10 0 0 0 0 0 0 0 0 0 0 0 
1288 10 0 0 0 0 0 0 0 0 0 0 0 
1289 10 0 0 0 0 0 0 0 0 0 0 0 
1290 10 0 0 0 0 0 0 0 0 0 0 0 
1291 10 0 0 0 0 0 0 0 0 0 0 0 
1292 10 0 0 0 0 0 0 0 0 0 0 0 
1293 10 0 0 0 0 0 0 0 0 0 0 0 
1294 10 0 0 0 0 0 0 0 0 0 0 0 
1295 10 0 0 0 0 0 0 0 0 0 0 0 
1296 10 0 0 0 0 0 0 0 0 0 0 0 
1297 10 0 0 0 0 0 0 0 0 0 0 0 
1298 10 0 0 0 0 0 0 0 0 0 0 0 
1299 10 0 0 0 0 0 0 0 0 0 0 0 
1300 10 0 0 0 0 0 0 0 0 0 0 0 
1301 10 0 0 0 0 0 0 0 0 0 0 0 
1302 10 0 0 0 0 0 0 0 0 0 0 0 
1303 10 0 0 0 0 0 0 0 0 0 0 0 
1304 10 0 0 0 0 0 0 0 0 0 0 0 
1305 10 0 0 0 0 0 0 0 0 0 0 0 
1306 10 0 0 0 0 0 0 0 0 0 0 0 
1307 10 0 0 0 0 0 0 0 0 0 0 0 
1308 10 0 0 0 0 0 0 0 0 0 0 0 
1309 10 0 0 0 0 0 0 0 0 0 0 0 
1310 10 0 0 0 0 0 0 0 0 0 0 0 
1311 10 0 0 0 0 0 0 0 0 0 0 0 
1312 10 0 0 0 0 0 0 0 0 0 0 0 
1313 10 0 0 0 0 0 0 0 0 0 0 0 
1314 10 0 0 0 0 0 0 0 0 0 0 0 
1315 10 0 0 0 0 0 0 0 0 0 0 0 
1316 10 0 0 0 0 0 0 0 0 0 0 0 
1317 10 0 0 0 0 0 0 0 0 0 0 0 
1318 10 0 0 0 0 0 0 0 0 0 0 0 
1319 10 0 0 0 0 0 0 0 0 0 0 0 
1320 10 0 0 0 0 0 0 0 0 0 0 0 
1321 10 0 0 0 0 0 0 0 0 0 0 0 
1322 10 0 0 0 0 0 0 0 0 0 0 0 
1323 10 0 0 0 0 0 0 0 0 0 0 0 
1324 10 0 0 0 0 0 0 0 0 0 0 0 
1325 10 0 0 0 0 0 0 0 0 0 0 0 
1326 10 0 0 0 0 0 0 0 0 0 0 0 
1327 10 0 0 0 0 0 0 0 0 0 0 0 
1328 10 0 0 0 0 0 0 0 0 0 0 0 
1329 10 0 0 0 0 0 0 0 0 0 0 0 
1330 10 0 0 0 0 0 0 0 0 0 0 0 
1331 10 0 0 0 0 0 0 0 0 0 0 0 
1332 10 0 0 0 0 0 0 0 0 0 0 0 
1333 10 0 0 0 0 0 0 0 0 0 0 0 
1334 10 0 0 0 0 0 0 0 0 0 0 0 
1335 10 0 0 0 0 0 0 0 0 0 0 0 
1336 10 0 0 0 0 0 0 0 0 0 0 0 
1337 10 0 0 0 0 0 0 0 0 0 0 0 
1338 10 0 0 0 0 0 0 0 0 0 0 0 
1339 10 0 0 0 0 0 0 0 0 0 0 0 
1340 10 0 0 0 0 0 0 0 0 0 0 0 
1341 10 0 0 0 0 0 0 0 0 0 0 0 
1342 10 0 0 0 0 0 0 0 0 0 0 0 
1343 10 0 0 0 0 0 0 0 0 0 0 0 
1344 10 0 0 0 0 0 0 0 0 0 0 0 
1345 10 0 0 0 0 0 0 0 0 0 0 0 
1346 10 0 0 0 0 0 0 0 0 0 0 0 
1347 10 0 0 0 0 0 0 0 0 0 0 0 
1348 10 0 0 0 0 0 0 0 0 0 0 0 
1349 10 0 0 0 0 0 0 0 0 0 0 0 
1350 10 0 0 0 0 0 0 0 0 0 0 0 
1351 10 0 0 0 0 0 0 0 0 0 0 0 
1352 10 0 0 0 0 0 0 0 0 0 0 0 
1353 10 0 0 0 0 0 0 0 0 0 0 0 
1354 10 0 0 0 0 0 0 0 0 0 0 0 
1355 10 0 0 0 0 0 0 0 0 0 0 0 
1356 10 0 0 0 0 0 0 0 0 0 0 0 
1357 10 0 0 0 0 0 0 0 0 0 0 0 
1358 10 0 0 0 0 0 0 0 0 0 0 0 
1359 10 0 0 0 0 0 0 0 0 0 0 0 
1360 10 0 0 0 0 0 0 0 0 0 0 0 
1361 10 0 0 0 0 0 0 0 0 0 0 0 
1362 10 0 0 0 0 0 0 0 0 0 0 0 
1363 10 0 0 0 0 0 0 0 0 0 0 0 
1364 10 0 0 0 0 0 0 0 0 0 0 0 
1365 10 0 0 0 0 0 0 0 0 0 0 0 
1366 10 0 0 0 0 0 0 0 0 0 0 0 
1367 10 0 0 0 0 0 0 0 0 0 0 0 
1368 10 0 0 0 0 0 0 0 0 0 0 0 
1369 10 0 0 0 0 0 0 0 0 0 0 0 
1370 10 0 0 0 0 0 0 0 0 0 0 0 
1371 10 0 0 0 0 0 0 0 0 0 0 0 
1372 10 0 0 0 0 0 0 0 0 0 0 0 
1373 10 0 0 0 0 0 0 0 0 0 0 0 
1374 10 0 0 0 0 0 0 0 0 0 0 0 
1375 10 0 0 0 0 0 0 0 0 0 0 0 
1376 10 0 0 0 0 0 0 0 0 0 0 0 
1377 10 0 0 0 0 0 0 0 0 0 0 0 
1378 10 0 0 0 0 0 0 0 0 0 0 0 
1379 10 0 0 0 0 0 0 0 0 0 0 0 
1380 10 0 0 0 0 0 0 0 0 0 0 0 
1381 10 0 0 0 0 0 0 0 0 0 0 0 
1382 10 0 0 0 0 0 0 0 0 0 0 0 
1383 10 0 0 0 0 0 0 0 0 0 0 0 
1384 10 0 0 0 0 0 0 0 0 0 0 0 
1385 10 0 0 0 0 0 0 0 0 0 0 0 
1386 10 0 0 0 0 0 0 0 0 0 0 0 
1387 10 0 0 0 0 0 0 0 0 0 0 0 
1388 10 0 0 0 0 0 0 0 0 0 0 0 
1389 10 0 0 0 0 0 0 0 0 0 0 0 
1390 10 0 0 0 0 0 0 0 0 0 0 0 
1391 10 0 0 0 0 0 0 0 0 0 0 0 
1392 10 0 0 0 0 0 0 0 0 0 0 0 
1393 10 0 0 0 0 0 0 0 0 0 0 0 
1394 10 0 0 0 0 0 0 0 0 0 0 0 
1395 10 0 0 0 0 0 0 0 0 0 0 0 
1396 10 0 0 0 0 0 0 0 0 0 0 0 
1397 10 0 0 0 0 0 0 0 0 0 0 0 
1398 10 0 0 0 0 0 0 0 0 0 0 0 
1399 10 0 0 0 0 0 0 0 0 0 0 0 
1400 10 0 0 0 0 0 0 0 0 0 0 0 
1401 10 0 0 0 0 0 0 0 0 0 0 0 
1402 10 0 0 0 0 0 0 0 0 0 0 0 
1403 10 0 0 0 0 0 0 0 0 0 0 0 
1404 10 0 0 0 0 0 0 0 0 0 0 0 
1405 10 0 0 0 0 0 0 0 0 0 0 0 
1406 10 0 0 0 0 0 0 0 0 0 0 0 
1407 10 0 0 0 0 0 0 0 0 0 0 0 
1408 10 0 0 0 0 0 0 0 0 0 0 0 
1409 10 0 0 0 0 0 0 0 0 0 0 0 
1410 10 0 0 0 0 0 0 0 0 0 0 0 
1411 10 0 0 0 0 0 0 0 0 0 0 0 
1412 10 0 0 0 0 0 0 0 0 0 0 0 
1413 10 0 0 0 0 0 0 0 0 0 0 0 
1414 10 0 0 0 0 0 0 0 0 0 0 0 
1415 10 0 0 0 0 0 0 0 0 0 0 0 
1416 10 0 0 0 0 0 0 0 0 0 0 0 
1417 10 0 0 0 0 0 0 0 0 0 0 0 
1418 10 0 0 0 0 0 0 0 0 0 0 0 
1419 10 0 0 0 0 0 0 0 0 0 0 0 
1420 10 0 0 0 0 0 0 0 0 0 0 0 
1421 10 0 0 0 0 0 0 0 0 0 0 0 
1422 10 0 0 0 0 0 0 0 0 0 0 0 
1423 10 0 0 0 0 0 0 0 0 0 0 0 
1424 10 0 0 0 0 0 0 0 0 0 0 0 
1425 10 0 0 0 0 0 0 0 0 0 0 0 
1426 10 0 0 0 0 0 0 0 0 0 0 0 
1427 10 0 0 0 0 0 0 0 0 0 0 0 
1428 10 0 0 0 0 0 0 0 0 0 0 0 
1429 10 0 0 0 0 0 0 0 0 0 0 0 
1430 10 0 0 0 0 0 0 0 0 0 0 0 
1431 10 0 0 0 0 0 0 0 0 0 0 0 
1432 10 0 0 0 0 0 0 0 0 0 0 0 
1433 10 0 0 0 0 0 0 0 0 0 0 0 
1434 10 0 0 0 0 0 0 0 0 0 0 0 
1435 10 0 0 0 0 0 0 0 0 0 0 0 
1436 10 0 0 0 0 0 0 0 0 0 0 0 
1437 10 0 0 0 0 0 0 0 0 0 0 0 
1438 10 0 0 0 0 0 0 0 0 0 0 0 
1439 10 0 0 0 0 0 0 0 0 0 0 0 
1440 10 0 0 0 0 0 0 0 0 0 0 0 
1441 10 0 0 0 0 0 0 0 0 0 0 0 
1442 10 0 0 0 0 0 0 0 0 0 0 0 
1443 10 0 0 0 0 0 0 0 0 0 0 0 
1444 10 0 0 0 0 0 0 0 0 0 0 0 
1445 10 0 0 0 0 0 0 0 0 0 0 0 
1446 10 0 0 0 0 0 0 0 0 0 0 0 
1447 10 0 0 0 0 0 0 0 0 0 0 0 
1448 10 0 0 0 0 0 0 0 0 0 0 0 
1449 10 0 0 0 0 0 0 0 0 0 0 0 
1450 10 0 0 0 0 0 0 0 0 0 0 0 
1451 10 0 0 0 0 0 0 0 0 0 0 0 
1452 10 0 0 0 0 0 0 0 0 0 0 0 
1453 10 0 0 0 0 0 0 0 0 0 0 0 
1454 10 0 0 0 0 0 0 0 0 0 0 0 
1455 10 0 0 0 0 0 0 0 0 0 0 0 
1456 10 0 0 0 0 0 0 0 0 0 0 0 
1457 10 0 0 0 0 0 0 0 0 0 0 0 
1458 10 0 0 0 0 0 0 0 0 0 0 0 
1459 10 0 0 0 0 0 0 0 0 0 0 0 
1460 10 0 0 0 0 0 0 0 0 0 0 0 
1461 10 0 0 0 0 0 0 0 0 0 0 0 
1462 10 0 0 0 0 0 0 0 0 0 0 0 
1463 10 0 0 0 0 0 0 0 0 0 0 0 
1464 10 0 0 0 0 0 0 0 0 0 0 0 
1465 10 0 0 0 0 0 0 0 0 0 0 0 
1466 10 0 0 0 0 0 0 0 0 0 0 0 
1467 10 0 0 0 0 0 0 0 0 0 0 0 
1468 10 0 0 0 0 0 0 0 0 0 0 0 
1469 10 0 0 0 0 0 0 0 0 0 0 0 
1470 10 0 0 0 0 0 0 0 0 0 0 0 
1471 10 0 0 0 0 0 0 0 0 0 0 0 
1472 10 0 0 0 0 0 0 0 0 0 0 0 
1473 10 0 0 0 0 0 0 0 0 0 0 0 
1474 10 0 0 0 0 0 0 0 0 0 0 0 
1475 10 0 0 0 0 0 0 0 0 0 0 0 
1476 10 0 0 0 0 0 0 0 0 0 0 0 
1477 10 0 0 0 0 0 0 0 0 0 0 0 
1478 10 0 0 0 0 0 0 0 0 0 0 0 
1479 10 0 0 0 0 0 0 0 0 0 0 0 
1480 10 0 0 0 0 0 0 0 0 0 0 0 
1481 10 0 0 0 0 0 0 0 0 0 0 0 
1482 10 0 0 0 0 0 0 0 0 0 0 0 
1483 10 0 0 0 0 0 0 0 0 0 0 0 
1484 10 0 0 0 0 0 0 0 0 0 0 0 
1485 10 0 0 0 0 0 0 0 0 0 0 0 
1486 10 0 0 0 0 0 0 0 0 0 0 0 
1487 10 0 0 0 0 0 0 0 0 0 0 0 
1488 10 0 0 0 0 0 0 0 0 0 0 0 
1489 10 0 0 0 0 0 0 0 0 0 0 0 
1490 10 0 0 0 0 0 0 0 0 0 0 0 
1491 10 0 0 0 0 0 0 0 0 0 0 0 
1492 10 0 0 0 0 0 0 0 0 0 0 0 
1493 10 0 0 0 0 0 0 0 0 0 0 0 
1494 10 0 0 0 0 0 0 0 0 0 0 0 
1495 10 0 0 0 0 0 0 0 0 0 0 0 
1496 10 0 0 0 0 0 0 0 0 0 0 0 
1497 10 0 0 0 0 0 0 0 0 0 0 0 
1498 10 0 0 0 0 0 0 0 0 0 0 0 
1499 10 0 0 0 0 0 0 0 0 0 0 0 
1500 10 0 0 0 0 0 0 0 0 0 0 0 
1501 10 0 0 0 0 0 0 0 0 0 0 0 
1502 10 0 0 0 0 0 0 0 0 0 0 0 
1503 10 0 0 0 0 0 0 0 0 0 0 0 
1504 10 0 0 0 0 0 0 0 0 0 0 0 
1505 10 0 0 0 0 0 0 0 0 0 0 0 
1506 10 0 0 0 0 0 0 0 0 0 0 0 
1507 10 0 0 0 0 0 0 0 0 0 0 0 
1508 10 0 0 0 0 0 0 0 0 0 0 0 
1509 10 0 0 0 0 0 0 0 0 0 0 0 
1510 10 0 0 0 0 0 0 0 0 0 0 0 
1511 10 0 0 0 0 0 0 0 0 0 0 0 
1512 10 0 0 0 0 0 0 0 0 0 0 0 
1513 10 0 0 0 0 0 0 0 0 0 0 0 
1514 10 0 0 0 0 0 0 0 0 0 0 0 
1515 10 0 0 0 0 0 0 0 0 0 0 0 
1516 10 0 0 0 0 0 0 0 0 0 0 0 
1517 10 0 0 0 0 0 0 0 0 0 0 0 
1518 10 0 0 0 0 0 0 0 0 0 0 0 
1519 10 0 0 0 0 0 0 0 0 0 0 0 
1520 10 0 0 0 0 0 0 0 0 0 0 0 
1521 10 0 0 0 0 0 0 0 0 0 0 0 
1522 10 0 0 0 0 0 0 0 0 0 0 0 
1523 10 0 0 0 0 0 0 0 0 0 0 0 
1524 10 0 0 0 0 0 0 0 0 0 0 0 
1525 10 0 0 0 0 0 0 0 0 0 0 0 
1526 10 0 0 0 0 0 0 0 0 0 0 0 
1527 10 0 0 0 0 0 0 0 0 0 0 0 
1528 10 0 0 0 0 0 0 0 0 0 0 0 
1529 10 0 0 0 0 0 0 0 0 0 0 0 
1530 10 0 0 0 0 0 0 0 0 0 0 0 
1531 10 0 0 0 0 0 0 0 0 0 0 0 
1532 10 0 0 0 0 0 0 0 0 0 0 0 
1533 10 0 0 0 0 0 0 0 0 0 0 0 
1534 10 0 0 0 0 0 0 0 0 0 0 0 
1535 10 0 0 0 0 0 0 0 0 0 0 0 
1536 10 0 0 0 0 0 0 0 0 0 0 0 
1537 10 0 0 0 0 0 0 0 0 0 0 0 
1538 10 0 0 0 0 0 0 0 0 0 0 0 
1539 10 0 0 0 0 0 0 0 0 0 0 0 
1540 10 0 0 0 0 0 0 0 0 0 0 0 
1541 10 0 0 0 0 0 0 0 0 0 0 0 
1542 10 0 0 0 0 0 0 0 0 0 0 0 
1543 10 0 0 0 0 0 0 0 0 0 0 0 
1544 10 0 0 0 0 0 0 0 0 0 0 0 
1545 10 0 0 0 0 0 0 0 0 0 0 0 
1546 10 0 0 0 0 0 0 0 0 0 0 0 
1547 10 0 0 0 0 0 0 0 0 0 0 0 
1548 10 0 0 0 0 0 0 0 0 0 0 0 
1549 10 0 0 0 0 0 0 0 0 0 0 0 
1550 10 0 0 0 0 0 0 0 0 0 0 0 
1551 10 0 0 0 0 0 0 0 0 0 0 0 
1552 10 0 0 0 0 0 0 0 0 0 0 0 
1553 10 0 0 0 0 0 0 0 0 0 0 0 
1554 10 0 0 0 0 0 0 0 0 0 0 0 
1555 10 0 0 0 0 0 0 0 0 0 0 0 
1556 10 0 0 0 0 0 0 0 0 0 0 0 
1557 10 0 0 0 0 0 0 0 0 0 0 0 
1558 10 0 0 0 0 0 0 0 0 0 0 0 
1559 10 0 0 0 0 0 0 0 0 0 0 0 
1560 10 0 0 0 0 0 0 0 0 0 0 0 
1561 10 0 0 0 0 0 0 0 0 0 0 0 
1562 10 0 0 0 0 0 0 0 0 0 0 0 
1563 10 0 0 0 0 0 0 0 0 0 0 0 
1564 10 0 0 0 0 0 0 0 0 0 0 0 
1565 10 0 0 0 0 0 0 0 0 0 0 0 
1566 10 0 0 0 0 0 0 0 0 0 0 0 
1567 10 0 0 0 0 0 0 0 0 0 0 0 
1568 10 0 0 0 0 0 0 0 0 0 0 0 
1569 10 0 0 0 0 0 0 0 0 0 0 0 
1570 10 0 0 0 0 0 0 0 0 0 0 0 
1571 10 0 0 0 0 0 0 0 0 0 0 0 
1572 10 0 0 0 0 0 0 0 0 0 0 0 
1573 10 0 0 0 0 0 0 0 0 0 0 0 
1574 10 0 0 0 0 0 0 0 0 0 0 0 
1575 10 0 0 0 0 0 0 0 0 0 0 0 
1576 10 0 0 0 0 0 0 0 0 0 0 0 
1577 10 0 0 0 0 0 0 0 0 0 0 0 
1578 10 0 0 0 0 0 0 0 0 0 0 0 
1579 10 0 0 0 0 0 0 0 0 0 0 0 
1580 10 0 0 0 0 0 0 0 0 0 0 0 
1581 10 0 0 0 0 0 0 0 0 0 0 0 
1582 10 0 0 0 0 0 0 0 0 0 0 0 
1583 10 0 0 0 0 0 0 0 0 0 0 0 
1584 10 0 0 0 0 0 0 0 0 0 0 0 
1585 10 0 0 0 0 0 0 0 0 0 0 0 
1586 10 0 0 0 0 0 0 0 0 0 0 0 
1587 10 0 0 0 0 0 0 0 0 0 0 0 
1588 10 0 0 0 0 0 0 0 0 0 0 0 
1589 10 0 0 0 0 0 0 0 0 0 0 0 
1590 10 0 0 0 0 0 0 0 0 0 0 0 
1591 10 0 0 0 0 0 0 0 0 0 0 0 
1592 10 0 0 0 0 0 0 0 0 0 0 0 
1593 10 0 0 0 0 0 0 0 0 0 0 0 
1594 10 0 0 0 0 0 0 0 0 0 0 0 
1595 10 0 0 0 0 0 0 0 0 0 0 0 
1596 10 0 0 0 0 0 0 0 0 0 0 0 
1597 10 0 0 0 0 0 0 0 0 0 0 0 
1598 10 0 0 0 0 0 0 0 0 0 0 0 
1599 10 0 0 0 0 0 0 0 0 0 0 0 
1600 10 0 0 0 0 0 0 0 0 0 0 0 
1601 10 0 0 0 0 0 0 0 0 0 0 0 
1602 10 0 0 0 0 0 0 0 0 0 0 0 
1603 10 0 0 0 0 0 0 0 0 0 0 0 
1604 10 0 0 0 0 0 0 0 0 0 0 0 
1605 10 0 0 0 0 0 0 0 0 0 0 0 
1606 10 0 0 0 0 0 0 0 0 0 0 0 
1607 10 0 0 0 0 0 0 0 0 0 0 0 
1608 10 0 0 0 0 0 0 0 0 0 0 0 
1609 10 0 0 0 0 0 0 0 0 0 0 0 
1610 10 0 0 0 0 0 0 0 0 0 0 0 
1611 10 0 0 0 0 0 0 0 0 0 0 0 
1612 10 0 0 0 0 0 0 0 0 0 0 0 
1613 10 0 0 0 0 0 0 0 0 0 0 0 
1614 10 0 0 0 0 0 0 0 0 0 0 0 
1615 10 0 0 0 0 0 0 0 0 0 0 0 
1616 10 0 0 0 0 0 0 0 0 0 0 0 
1617 10 0 0 0 0 0 0 0 0 0 0 0 
1618 10 0 0 0 0 0 0 0 0 0 0 0 
1619 10 0 0 0 0 0 0 0 0 0 0 0 
1620 10 0 0 0 0 0 0 0 0 0 0 0 
1621 10 0 0 0 0 0 0 0 0 0 0 0 
1622 10 0 0 0 0 0 0 0 0 0 0 0 
1623 10 0 0 0 0 0 0 0 0 0 0 0 
1624 10 0 0 0 0 0 0 0 0 0 0 0 
1625 10 10 0 0 0 0 0 0 0 0 0 0 
1626 10 11 0 0 0 0 0 0 0 0 0 0 
1627 10 0 0 0 0 0 0 0 0 0 0 0 
1628 10 0 0 0 0 0 0 0 0 0 0 0 
1629 10 0 0 0 0 0 0 0 0 0 0 0 
1630 10 0 0 0 0 0 0 0 0 0 0 0 
1631 10 0 0 0 0 0 0 0 0 0 0 0 
1632 10 0 0 0 0 0 0 0 0 0 0 0 
1633 10 0 0 0 0 0 0 0 0 0 0 0 
1634 10 0 0 0 0 0 0 0 0 0 0 0 
1635 10 0 0 0 0 0 0 0 0 0 0 0 
1636 10 0 0 0 0 0 0 0 0 0 0 0 
1637 10 0 0 0 0 0 0 0 0 0 0 0 
1638 10 0 0 0 0 0 0 0 0 0 0 0 
1639 10 0 0 0 0 0 0 0 0 0 0 0 
1640 10 0 0 0 0 0 0 0 0 0 0 0 
1641 10 0 0 0 0 0 0 0 0 0 0 0 
1642 10 0 0 0 0 0 0 0 0 0 0 0 
1643 10 0 0 0 0 0 0 0 0 0 0 0 
1644 10 0 0 0 0 0 0 0 0 0 0 0 
1645 10 0 0 0 0 0 0 0 0 0 0 0 
1646 10 0 0 0 0 0 0 0 0 0 0 0 
1647 10 0 0 0 0 0 0 0 0 0 0 0 
1648 10 0 0 0 0 0 0 0 0 0 0 0 
1649 10 0 0 0 0 0 0 0 0 0 0 0 
1650 10 0 0 0 0 0 0 0 0 0 0 0 
1651 10 0 0 0 0 0 0 0 0 0 0 0 
1652 10 0 0 0 0 0 0 0 0 0 0 0 
1653 10 0 0 0 0 0 0 0 0 0 0 0 
1654 10 0 0 0 0 0 0 0 0 0 0 0 
1655 10 0 0 0 0 0 0 0 0 0 0 0 
1656 10 0 0 0 0 0 0 0 0 0 0 0 
1657 10 0 0 0 0 0 0 0 0 0 0 0 
1658 10 0 0 0 0 0 0 0 0 0 0 0 
1659 10 0 0 0 0 0 0 0 0 0 0 0 
1660 10 0 0 0 0 0 0 0 0 0 0 0 
1661 10 0 0 0 0 0 0 0 0 0 0 0 
1662 10 0 0 0 0 0 0 0 0 0 0 0 
1663 10 0 0 0 0 0 0 0 0 0 0 0 
1664 10 0 0 0 0 0 0 0 0 0 0 0 
1665 10 0 0 0 0 0 0 0 0 0 0 0 
1666 10 0 0 0 0 0 0 0 0 0 0 0 
1667 10 0 0 0 0 0 0 0 0 0 0 0 
1668 10 0 0 0 0 0 0 0 0 0 0 0 
1669 10 0 0 0 0 0 0 0 0 0 0 0 
1670 10 0 0 0 0 0 0 0 0 0 0 0 
1671 10 0 0 0 0 0 0 0 0 0 0 0 
1672 10 0 0 0 0 0 0 0 0 0 0 0 
1673 10 0 0 0 0 0 0 0 0 0 0 0 
1674 10 0 0 0 0 0 0 0 0 0 0 0 
1675 10 0 0 0 0 0 0 0 0 0 0 0 
1676 10 0 0 0 0 0 0 0 0 0 0 0 
1677 10 0 0 0 0 0 0 0 0 0 0 0 
1678 10 0 0 0 0 0 0 0 0 0 0 0 
1679 10 0 0 0 0 0 0 0 0 0 0 0 
1680 10 0 0 0 0 0 0 0 0 0 0 0 
1681 10 0 0 0 0 0 0 0 0 0 0 0 
1682 10 0 0 0 0 0 0 0 0 0 0 0 
1683 10 0 0 0 0 0 0 0 0 0 0 0 
1684 10 0 0 0 0 0 0 0 0 0 0 0 
1685 10 0 0 0 0 0 0 0 0 0 0 0 
1686 10 0 0 0 0 0 0 0 0 0 0 0 
1687 10 0 0 0 0 0 0 0 0 0 0 0 
1688 10 0 0 0 0 0 0 0 0 0 0 0 
1689 10 0 0 0 0 0 0 0 0 0 0 0 
1690 10 0 0 0 0 0 0 0 0 0 0 0 
1691 10 0 0 0 0 0 0 0 0 0 0 0 
1692 10 0 0 0 0 0 0 0 0 0 0 0 
1693 10 0 0 0 0 0 0 0 0 0 0 0 
1694 10 0 0 0 0 0 0 0 0 0 0 0 
1695 10 0 0 0 0 0 0 0 0 0 0 0 
1696 10 0 0 0 0 0 0 0 0 0 0 0 
1697 10 0 0 0 0 0 0 0 0 0 0 0 
1698 10 0 0 0 0 0 0 0 0 0 0 0 
1699 10 0 0 0 0 0 0 0 0 0 0 0 
1700 10 0 0 0 0 0 0 0 0 0 0 0 
1701 10 0 0 0 0 0 0 0 0 0 0 0 
1702 10 0 0 0 0 0 0 0 0 0 0 0 
1703 10 0 0 0 0 0 0 0 0 0 0 0 
1704 10 0 0 0 0 0 0 0 0 0 0 0 
1705 10 0 0 0 0 0 0 0 0 0 0 0 
1706 10 0 0 0 0 0 0 0 0 0 0 0 
1707 10 0 0 0 0 0 0 0 0 0 0 0 
1708 10 0 0 0 0 0 0 0 0 0 0 0 
1709 10 0 0 0 0 0 0 0 0 0 0 0 
1710 10 0 0 0 0 0 0 0 0 0 0 0 
1711 10 0 0 0 0 0 0 0 0 0 0 0 
1712 10 0 0 0 0 0 0 0 0 0 0 0 
1713 10 0 0 0 0 0 0 0 0 0 0 0 
1714 10 0 0 0 0 0 0 0 0 0 0 0 
1715 10 0 0 0 0 0 0 0 0 0 0 0 
1716 10 0 0 0 0 0 0 0 0 0 0 0 
1717 10 0 0 0 0 0 0 0 0 0 0 0 
1718 10 0 0 0 0 0 0 0 0 0 0 0 
1719 10 0 0 0 0 0 0 0 0 0 0 0 
1720 10 0 0 0 0 0 0 0 0 0 0 0 
1721 10 0 0 0 0 0 0 0 0 0 0 0 
1722 10 0 0 0 0 0 0 0 0 0 0 0 
1723 10 0 0 0 0 0 0 0 0 0 0 0 
1724 10 0 0 0 0 0 0 0 0 0 0 0 
1725 10 0 0 0 0 0 0 0 0 0 0 0 
1726 10 0 0 0 0 0 0 0 0 0 0 0 
1727 10 15 0 0 0 0 0 0 0 0 0 0 
1728 10 16 0 0 0 0 0 0 0 0 0 0 
1729 10 17 0 0 0 0 0 0 0 0 0 0 
1730 10 18 0 0 0 0 0 0 0 0 0 0 
1731 10 19 0 0 0 0 0 0 0 0 0 0 
1732 10 20 0 0 0 0 0 0 0 0 0 0 
1733 10 0 0 0 0 0 0 0 0 0 0 0 
1734 10 0 0 0 0 0 0 0 0 0 0 0 
1735 10 22 0 0 0 0 0 0 0 0 0 0 
1736 10 23 0 0 0 0 0 0 0 0 0 0 
1737 10 0 0 0 0 0 0 0 0 0 0 0 
1738 10 0 0 0 0 0 0 0 0 0 0 0 
1739 10 25 0 0 0 0 0 0 0 0 0 0 
1740 10 26 0 0 0 0 0 0 0 0 0 0 
1741 10 0 0 0 0 0 0 0 0 0 0 0 
1742 10 0 0 0 0 0 0 0 0 0 0 0 
1743 10 0 0 0 0 0 0 0 0 0 0 0 
1744 10 0 0 0 0 0 0 0 0 0 0 0 
1745 10 0 0 0 0 0 0 0 0 0 0 0 
1746 10 0 0 0 0 0 0 0 0 0 0 0 
1747 10 0 0 0 0 0 0 0 0 0 0 0 
1748 10 0 0 0 0 0 0 0 0 0 0 0 
1749 10 0 0 0 0 0 0 0 0 0 0 0 
1750 10 0 0 0 0 0 0 0 0 0 0 0 
1751 10 0 0 0 0 0 0 0 0 0 0 0 
1752 10 0 0 0 0 0 0 0 0 0 0 0 
1753 10 0 0 0 0 0 0 0 0 0 0 0 
1754 10 0 0 0 0 0 0 0 0 0 0 0 
1755 10 0 0 0 0 0 0 0 0 0 0 0 
1756 10 0 0 0 0 0 0 0 0 0 0 0 
1757 10 0 0 0 0 0 0 0 0 0 0 0 
1758 10 0 0 0 0 0 0 0 0 0 0 0 
1759 10 0 0 0 0 0 0 0 0 0 0 0 
1760 10 0 0 0 0 0 0 0 0 0 0 0 
1761 10 0 0 0 0 0 0 0 0 0 0 0 
1762 10 0 0 0 0 0 0 0 0 0 0 0 
1763 10 0 0 0 0 0 0 0 0 0 0 0 
1764 10 0 0 0 0 0 0 0 0 0 0 0 
1765 10 0 0 0 0 0 0 0 0 0 0 0 
1766 10 0 0 0 0 0 0 0 0 0 0 0 
1767 10 0 0 0 0 0 0 0 0 0 0 0 
1768 10 0 0 0 0 0 0 0 0 0 0 0 
1769 10 0 0 0 0 0 0 0 0 0 0 0 
1770 10 0 0 0 0 0 0 0 0 0 0 0 
1771 10 0 0 0 0 0 0 0 0 0 0 0 
1772 10 0 0 0 0 0 0 0 0 0 0 0 
1773 10 0 0 0 0 0 0 0 0 0 0 0 
1774 10 0 0 0 0 0 0 0 0 0 0 0 
1775 10 0 0 0 0 0 0 0 0 0 0 0 
1776 10 0 0 0 0 0 0 0 0 0 0 0 
1777 10 0 0 0 0 0 0 0 0 0 0 0 
1778 10 0 0 0 0 0 0 0 0 0 0 0 
1779 10 0 0 0 0 0 0 0 0 0 0 0 
1780 10 0 0 0 0 0 0 0 0 0 0 0 
1781 10 0 0 0 0 0 0 0 0 0 0 0 
1782 10 0 0 0 0 0 0 0 0 0 0 0 
1783 10 0 0 0 0 0 0 0 0 0 0 0 
1784 10 0 0 0 0 0 0 0 0 0 0 0 
1785 10 0 0 0 0 0 0 0 0 0 0 0 
1786 10 0 0 0 0 0 0 0 0 0 0 0 
1787 10 0 0 0 0 0 0 0 0 0 0 0 
1788 10 0 0 0 0 0 0 0 0 0 0 0 
1789 10 0 0 0 0 0 0 0 0 0 0 0 
1790 10 0 0 0 0 0 0 0 0 0 0 0 
1791 10 0 0 0 0 0 0 0 0 0 0 0 
1792 10 0 0 0 0 0 0 0 0 0 0 0 
1793 10 0 0 0 0 0 0 0 0 0 0 0 
1794 10 0 0 0 0 0 0 0 0 0 0 0 
1795 10 0 0 0 0 0 0 0 0 0 0 0 
1796 10 0 0 0 0 0 0 0 0 0 0 0 
1797 10 0 0 0 0 0 0 0 0 0 0 0 
1798 10 0 0 0 0 0 0 0 0 0 0 0 
1799 10 0 0 0 0 0 0 0 0 0 0 0 
1800 10 0 0 0 0 0 0 0 0 0 0 0 
1801 10 0 0 0 0 0 0 0 0 0 0 0 
1802 10 0 0 0 0 0 0 0 0 0 0 0 
1803 10 0 0 0 0 0 0 0 0 0 0 0 
1804 10 0 0 0 0 0 0 0 0 0 0 0 
1805 10 0 0 0 0 0 0 0 0 0 0 0 
1806 10 0 0 0 0 0 0 0 0 0 0 0 
1807 10 0 0 0 0 0 0 0 0 0 0 0 
1808 10 0 0 0 0 0 0 0 0 0 0 0 
1809 10 0 0 0 0 0 0 0 0 0 0 0 
1810 10 0 0 0 0 0 0 0 0 0 0 0 
1811 10 0 0 0 0 0 0 0 0 0 0 0 
1812 10 0 0 0 0 0 0 0 0 0 0 0 
1813 10 0 0 0 0 0 0 0 0 0 0 0 
1814 10 0 0 0 0 0 0 0 0 0 0 0 
1815 10 0 0 0 0 0 0 0 0 0 0 0 
1816 10 0 0 0 0 0 0 0 0 0 0 0 
1817 10 0 0 0 0 0 0 0 0 0 0 0 
1818 10 0 0 0 0 0 0 0 0 0 0 0 
1819 10 0 0 0 0 0 0 0 0 0 0 0 
1820 10 0 0 0 0 0 0 0 0 0 0 0 
1821 10 0 0 0 0 0 0 0 0 0 0 0 
1822 10 0 0 0 0 0 0 0 0 0 0 0 
1823 10 0 0 0 0 0 0 0 0 0 0 0 
1824 10 0 0 0 0 0 0 0 0 0 0 0 
1825 10 0 0 0 0 0 0 0 0 0 0 0 
1826 10 0 0 0 0 0 0 0 0 0 0 0 
1827 10 0 0 0 0 0 0 0 0 0 0 0 
1828 10 0 0 0 0 0 0 0 0 0 0 0 
1829 10 0 0 0 0 0 0 0 0 0 0 0 
1830 10 0 0 0 0 0 0 0 0 0 0 0 
1831 10 0 0 0 0 0 0 0 0 0 0 0 
1832 10 0 0 0 0 0 0 0 0 0 0 0 
1833 10 0 0 0 0 0 0 0 0 0 0 0 
1834 10 0 0 0 0 0 0 0 0 0 0 0 
1835 10 0 0 0 0 0 0 0 0 0 0 0 
1836 10 0 0 0 0 0 0 0 0 0 0 0 
1837 10 0 0 0 0 0 0 0 0 0 0 0 
1838 10 0 0 0 0 0 0 0 0 0 0 0 
1839 10 0 0 0 0 0 0 0 0 0 0 0 
1840 10 0 0 0 0 0 0 0 0 0 0 0 
1841 10 0 0 0 0 0 0 0 0 0 0 0 
1842 10 0 0 0 0 0 0 0 0 0 0 0 
1843 10 0 0 0 0 0 0 0 0 0 0 0 
1844 10 0 0 0 0 0 0 0 0 0 0 0 
1845 10 0 0 0 0 0 0 0 0 0 0 0 
1846 10 0 0 0 0 0 0 0 0 0 0 0 
1847 10 0 0 0 0 0 0 0 0 0 0 0 
1848 10 0 0 0 0 0 0 0 0 0 0 0 
1849 10 0 0 0 0 0 0 0 0 0 0 0 
1850 10 0 0 0 0 0 0 0 0 0 0 0 
1851 10 0 0 0 0 0 0 0 0 0 0 0 
1852 10 0 0 0 0 0 0 0 0 0 0 0 
1853 10 0 0 0 0 0 0 0 0 0 0 0 
1854 10 0 0 0 0 0 0 0 0 0 0 0 
1855 10 0 0 0 0 0 0 0 0 0 0 0 
1856 10 0 0 0 0 0 0 0 0 0 0 0 
1857 10 0 0 0 0 0 0 0 0 0 0 0 
1858 10 0 0 0 0 0 0 0 0 0 0 0 
1859 10 0 0 0 0 0 0 0 0 0 0 0 
1860 10 0 0 0 0 0 0 0 0 0 0 0 
1861 10 0 0 0 0 0 0 0 0 0 0 0 
1862 10 0 0 0 0 0 0 0 0 0 0 0 
1863 10 0 0 0 0 0 0 0 0 0 0 0 
1864 10 0 0 0 0 0 0 0 0 0 0 0 
1865 10 0 0 0 0 0 0 0 0 0 0 0 
1866 10 0 0 0 0 0 0 0 0 0 0 0 
1867 10 0 0 0 0 0 0 0 0 0 0 0 
1868 10 0 0 0 0 0 0 0 0 0 0 0 
1869 10 0 0 0 0 0 0 0 0 0 0 0 
1870 10 0 0 0 0 0 0 0 0 0 0 0 
1871 10 0 0 0 0 0 0 0 0 0 0 0 
1872 10 0 0 0 0 0 0 0 0 0 0 0 
1873 10 0 0 0 0 0 0 0 0 0 0 0 
1874 10 0 0 0 0 0 0 0 0 0 0 0 
1875 10 0 0 0 0 0 0 0 0 0 0 0 
1876 10 0 0 0 0 0 0 0 0 0 0 0 
1877 10 0 0 0 0 0 0 0 0 0 0 0 
1878 10 0 0 0 0 0 0 0 0 0 0 0 
1879 10 0 0 0 0 0 0 0 0 0 0 0 
1880 10 0 0 0 0 0 0 0 0 0 0 0 
1881 10 0 0 0 0 0 0 0 0 0 0 0 
1882 10 0 0 0 0 0 0 0 0 0 0 0 
1883 10 0 0 0 0 0 0 0 0 0 0 0 
1884 10 0 0 0 0 0 0 0 0 0 0 0 
1885 10 0 0 0 0 0 0 0 0 0 0 0 
1886 10 0 0 0 0 0 0 0 0 0 0 0 
1887 10 0 0 0 0 0 0 0 0 0 0 0 
1888 10 0 0 0 0 0 0 0 0 0 0 0 
1889 10 0 0 0 0 0 0 0 0 0 0 0 
1890 10 0 0 0 0 0 0 0 0 0 0 0 
1891 10 0 0 0 0 0 0 0 0 0 0 0 
1892 10 0 0 0 0 0 0 0 0 0 0 0 
1893 10 0 0 0 0 0 0 0 0 0 0 0 
1894 10 0 0 0 0 0 0 0 0 0 0 0 
1895 10 0 0 0 0 0 0 0 0 0 0 0 
1896 10 0 0 0 0 0 0 0 0 0 0 0 
1897 10 0 0 0 0 0 0 0 0 0 0 0 
1898 10 0 0 0 0 0 0 0 0 0 0 0 
1899 10 0 0 0 0 0 0 0 0 0 0 0 
1900 10 0 0 0 0 0 0 0 0 0 0 0 
1901 10 0 0 0 0 0 0 0 0 0 0 0 
1902 10 0 0 0 0 0 0 0 0 0 0 0 
1903 10 0 0 0 0 0 0 0 0 0 0 0 
1904 10 0 0 0 0 0 0 0 0 0 0 0 
1905 10 0 0 0 0 0 0 0 0 0 0 0 
1906 10 0 0 0 0 0 0 0 0 0 0 0 
1907 10 0 0 0 0 0 0 0 0 0 0 0 
1908 10 0 0 0 0 0 0 0 0 0 0 0 
1909 10 0 0 0 0 0 0 0 0 0 0 0 
1910 10 0 0 0 0 0 0 0 0 0 0 0 
1911 10 0 0 0 0 0 0 0 0 0 0 0 
1912 10 0 0 0 0 0 0 0 0 0 0 0 
1913 10 0 0 0 0 0 0 0 0 0 0 0 
1914 10 0 0 0 0 0 0 0 0 0 0 0 
1915 10 0 0 0 0 0 0 0 0 0 0 0 
1916 10 0 0 0 0 0 0 0 0 0 0 0 
1917 10 0 0 0 0 0 0 0 0 0 0 0 
1918 10 0 0 0 0 0 0 0 0 0 0 0 
1919 10 0 0 0 0 0 0 0 0 0 0 0 
1920 10 0 0 0 0 0 0 0 0 0 0 0 
1921 10 0 0 0 0 0 0 0 0 0 0 0 
1922 10 0 0 0 0 0 0 0 0 0 0 0 
1923 10 0 0 0 0 0 0 0 0 0 0 0 
1924 10 0 0 0 0 0 0 0 0 0 0 0 
1925 10 0 0 0 0 0 0 0 0 0 0 0 
1926 10 0 0 0 0 0 0 0 0 0 0 0 
1927 10 0 0 0 0 0 0 0 0 0 0 0 
1928 10 0 0 0 0 0 0 0 0 0 0 0 
1929 10 0 0 0 0 0 0 0 0 0 0 0 
1930 10 0 0 0 0 0 0 0 0 0 0 0 
1931 10 0 0 0 0 0 0 0 0 0 0 0 
1932 10 0 0 0 0 0 0 0 0 0 0 0 
1933 10 0 0 0 0 0 0 0 0 0 0 0 
1934 10 0 0 0 0 0 0 0 0 0 0 0 
1935 10 0 0 0 0 0 0 0 0 0 0 0 
1936 10 0 0 0 0 0 0 0 0 0 0 0 
1937 10 0 0 0 0 0 0 0 0 0 0 0 
1938 10 0 0 0 0 0 0 0 0 0 0 0 
1939 10 0 0 0 0 0 0 0 0 0 0 0 
1940 10 0 0 0 0 0 0 0 0 0 0 0 
1941 10 0 0 0 0 0 0 0 0 0 0 0 
1942 10 0 0 0 0 0 0 0 0 0 0 0 
1943 10 0 0 0 0 0 0 0 0 0 0 0 
1944 10 0 0 0 0 0 0 0 0 0 0 0 
1945 10 0 0 0 0 0 0 0 0 0 0 0 
1946 10 0 0 0 0 0 0 0 0 0 0 0 
1947 10 0 0 0 0 0 0 0 0 0 0 0 
1948 10 0 0 0 0 0 0 0 0 0 0 0 
1949 10 0 0 0 0 0 0 0 0 0 0 0 
1950 10 0 0 0 0 0 0 0 0 0 0 0 
1951 10 0 0 0 0 0 0 0 0 0 0 0 
1952 10 0 0 0 0 0 0 0 0 0 0 0 
1953 10 0 0 0 0 0 0 0 0 0 0 0 
1954 10 0 0 0 0 0 0 0 0 0 0 0 
1955 10 0 0 0 0 0 0 0 0 0 0 0 
1956 10 0 0 0 0 0 0 0 0 0 0 0 
1957 10 0 0 0 0 0 0 0 0 0 0 0 
1958 10 0 0 0 0 0 0 0 0 0 0 0 
1959 10 0 0 0 0 0 0 0 0 0 0 0 
1960 10 0 0 0 0 0 0 0 0 0 0 0 
1961 10 0 0 0 0 0 0 0 0 0 0 0 
1962 10 0 0 0 0 0 0 0 0 0 0 0 
1963 10 0 0 0 0 0 0 0 0 0 0 0 
1964 10 0 0 0 0 0 0 0 0 0 0 0 
1965 10 0 0 0 0 0 0 0 0 0 0 0 
1966 10 0 0 0 0 0 0 0 0 0 0 0 
1967 10 0 0 0 0 0 0 0 0 0 0 0 
1968 10 0 0 0 0 0 0 0 0 0 0 0 
1969 10 0 0 0 0 0 0 0 0 0 0 0 
1970 10 0 0 0 0 0 0 0 0 0 0 0 
1971 10 0 0 0 0 0 0 0 0 0 0 0 
1972 10 0 0 0 0 0 0 0 0 0 0 0 
1973 10 0 0 0 0 0 0 0 0 0 0 0 
1974 10 0 0 0 0 0 0 0 0 0 0 0 
1975 10 0 0 0 0 0 0 0 0 0 0 0 
1976 10 0 0 0 0 0 0 0 0 0 0 0 
1977 10 0 0 0 0 0 0 0 0 0 0 0 
1978 10 0 0 0 0 0 0 0 0 0 0 0 
1979 10 0 0 0 0 0 0 0 0 0 0 0 
1980 10 0 0 0 0 0 0 0 0 0 0 0 
1981 10 0 0 0 0 0 0 0 0 0 0 0 
1982 10 0 0 0 0 0 0 0 0 0 0 0 
1983 10 0 0 0 0 0 0 0 0 0 0 0 
1984 10 0 0 0 0 0 0 0 0 0 0 0 
1985 10 0 0 0 0 0 0 0 0 0 0 0 
1986 10 0 0 0 0 0 0 0 0 0 0 0 
1987 10 0 0 0 0 0 0 0 0 0 0 0 
1988 10 0 0 0 0 0 0 0 0 0 0 0 
1989 10 0 0 0 0 0 0 0 0 0 0 0 
1990 10 0 0 0 0 0 0 0 0 0 0 0 
1991 10 0 0 0 0 0 0 0 0 0 0 0 
1992 10 0 0 0 0 0 0 0 0 0 0 0 
1993 10 0 0 0 0 0 0 0 0 0 0 0 
1994 10 0 0 0 0 0 0 0 0 0 0 0 
1995 10 0 0 0 0 0 0 0 0 0 0 0 
1996 10 0 0 0 0 0 0 0 0 0 0 0 
1997 10 0 0 0 0 0 0 0 0 0 0 0 
1998 10 0 0 0 0 0 0 0 0 0 0 0 
1999 10 0 0 0 0 0 0 0 0 0 0 0 
2000 10 0 0 0 0 0 0 0 0 0 0 0 
2001 10 0 0 0 0 0 0 0 0 0 0 0 
2002 10 0 0 0 0 0 0 0 0 0 0 0 
2003 10 0 0 0 0 0 0 0 0 0 0 0 
2004 10 0 0 0 0 0 0 0 0 0 0 0 
2005 10 0 0 0 0 0 0 0 0 0 0 0 
2006 10 0 0 0 0 0 0 0 0 0 0 0 
2007 10 0 0 0 0 0 0 0 0 0 0 0 
2008 10 0 0 0 0 0 0 0 0 0 0 0 
2009 10 0 0 0 0 0 0 0 0 0 0 0 
2010 10 0 0 0 0 0 0 0 0 0 0 0 
2011 10 0 0 0 0 0 0 0 0 0 0 0 
2012 10 0 0 0 0 0 0 0 0 0 0 0 
2013 10 37 0 0 0 0 0 0 0 0 0 0 
2014 10 38 0 0 0 0 0 0 0 0 0 0 
2015 10 0 0 0 0 0 0 0 0 0 0 0 
2016 10 0 0 0 0 0 0 0 0 0 0 0 
2017 10 0 0 0 0 0 0 0 0 0 0 0 
2018 10 0 0 0 0 0 0 0 0 0 0 0 
2019 10 0 0 0 0 0 0 0 0 0 0 0 
2020 10 0 0 0 0 0 0 0 0 0 0 0 
2021 10 0 0 0 0 0 0 0 0 0 0 0 
2022 10 0 0 0 0 0 0 0 0 0 0 0 
2023 10 0 0 0 0 0 0 0 0 0 0 0 
2024 10 0 0 0 0 0 0 0 0 0 0 0 
2025 10 0 0 0 0 0 0 0 0 0 0 0 
2026 10 0 0 0 0 0 0 0 0 0 0 0 
2027 10 0 0 0 0 0 0 0 0 0 0 0 
2028 10 0 0 0 0 0 0 0 0 0 0 0 
2029 10 0 0 0 0 0 0 0 0 0 0 0 
2030 10 0 0 0 0 0 0 0 0 0 0 0 
2031 10 0 0 0 0 0 0 0 0 0 0 0 
2032 10 0 0 0 0 0 0 0 0 0 0 0 
2033 10 0 0 0 0 0 0 0 0 0 0 0 
2034 10 0 0 0 0 0 0 0 0 0 0 0 
2035 10 0 0 0 0 0 0 0 0 0 0 0 
2036 10 0 0 0 0 0 0 0 0 0 0 0 
2037 10 0 0 0 0 0 0 0 0 0 0 0 
2038 10 0 0 0 0 0 0 0 0 0 0 0 
2039 10 0 0 0 0 0 0 0 0 0 0 0 
2040 10 0 0 0 0 0 0 0 0 0 0 0 
2041 10 0 0 0 0 0 0 0 0 0 0 0 
2042 10 0 0 0 0 0 0 0 0 0 0 0 
2043 10 0 0 0 0 0 0 0 0 0 0 0 
2044 10 0 0 0 0 0 0 0 0 0 0 0 
2045 10 0 0 0 0 0 0 0 0 0 0 0 
2046 10 0 0 0 0 0 0 0 0 0 0 0 

0 4 1 3 pack_2 0.00124649 2 -8 -106 60 17 39 66 
1 4 1 3 pack_2 0.00662252 1 2 4 72 
2 4 1 3 pack_2 0.0196078 1 2 59 186 
3 4 1 3 pack_2 0.117647 2 22 59 348 -8 44 108 
4 4 1 3 pack_2 0.146341 1 7 39 72 
5 4 1 3 pack_2 0.545455 1 -13 -16 180 
6 4 1 3 pack_2 0.935065 12 7 4 66 -13 -31 180 7 4 60 17 4 48 12 39 132 27 54 342 17 44 66 -23 44 180 -3 44 342 -18 -26 180 22 39 48 7 -26 342 
7 4 1 3 pack_2 0.166667 1 12 -51 48 
8 4 1 3 pack_2 0.893617 7 -13 -111 180 7 -106 186 7 -66 72 12 -111 186 -33 -91 180 32 -96 48 27 -96 60 
9 4 1 3 pack_2 1 1 22 -71 342 
10 4 1 3 pack_2 0.978678 153 -8 -101 48 -18 -106 60 -23 -101 348 -48 -106 108 -8 -106 132 -48 -101 114 -23 -96 72 -48 -111 102 -53 -111 126 -48 -111 108 -3 -91 48 -18 -106 342 -48 -111 204 -13 -101 60 2 -106 114 -43 -101 108 -3 -106 132 -13 -106 132 -43 -111 180 -3 -96 240 17 -86 60 12 -101 30 12 -96 30 12 -106 108 -18 -106 246 -43 -111 60 2 -111 30 -13 -106 240 7 -91 246 -18 -76 348 7 -96 246 -8 -91 102 17 -111 18 -23 -91 108 12 -91 66 7 -111 108 -18 -96 102 17 -91 48 -38 -106 132 -43 -106 114 -43 -111 108 -13 -101 258 2 -96 72 -38 -101 132 2 -56 66 12 -91 60 -43 -96 114 17 -96 48 -43 -106 132 -28 -111 60 -3 -96 258 -8 -91 348 -13 -106 258 -18 -111 348 2 -96 60 32 -106 204 -43 -111 114 12 -106 114 -33 -111 186 12 -91 48 37 -111 72 37 -106 186 37 -106 204 2 -86 246 37 -111 108 -28 -111 18 -18 -96 72 -8 -96 342 -28 -111 102 12 -96 72 -43 -101 126 22 -106 180 37 -111 204 7 -106 60 32 -111 204 -13 -111 348 42 -111 348 7 -101 66 42 -111 258 17 -101 48 -3 -96 342 7 -101 126 12 -101 72 32 -111 114 27 -111 180 32 -111 72 12 -111 246 -18 -111 102 17 -106 240 12 -101 60 22 -106 306 2 -111 132 12 -111 132 -33 -111 204 12 -111 348 42 -111 246 22 -111 180 -8 -91 72 -8 -106 348 17 -101 246 7 -106 126 -18 -106 132 -13 -111 72 -28 -111 186 37 -111 246 -13 -111 114 32 -111 258 -13 -101 102 2 -96 342 2 -111 60 -8 -91 60 7 -101 342 22 -111 204 -23 -111 48 2 -46 66 37 -106 48 12 -96 246 17 -106 114 -3 -106 60 7 -66 66 7 -111 66 12 -46 48 32 -111 240 17 -106 132 32 -106 18 2 -61 72 32 -111 342 22 -111 258 37 -111 306 -3 -111 186 17 -91 246 -3 -111 114 17 -106 348 27 -111 126 22 -111 342 -13 -91 72 17 -91 240 32 -106 60 27 -111 72 27 -111 18 22 -106 108 27 -101 72 27 -111 66 27 -96 306 22 -101 348 22 -101 342 27 -106 66 2 -106 102 27 -106 60 27 -96 30 -23 -106 132 22 -106 66 22 -91 72 
11 4 1 3 pack_2 1 1 22 -101 66 
12 4 1 3 pack_2 1 1 12 -66 60 
13 4 1 3 pack_2 0.375 8 42 -111 204 52 -111 306 42 -111 186 47 -111 132 -53 -111 246 52 -111 180 -43 -111 342 -53 -111 348 
14 4 1 3 pack_2 0.0168539 1 -3 29 102 
15 4 1 3 pack_2 0.166667 7 57 114 114 57 114 258 57 109 132 57 104 180 57 104 132 57 99 114 57 94 72 
16 4 1 3 pack_2 0.752475 114 -18 89 102 2 89 72 7 89 66 -8 89 72 -18 84 102 17 89 66 -3 89 66 7 84 72 -23 84 102 12 89 246 -8 84 108 12 89 258 -28 84 108 7 89 180 12 84 66 7 84 246 17 84 48 2 84 246 22 84 48 -13 79 108 12 84 258 -18 79 114 -23 84 72 17 84 246 12 79 72 27 84 48 -3 84 60 -28 79 108 17 84 258 -28 84 72 57 84 102 2 79 258 7 84 126 57 84 306 7 84 114 17 79 48 47 84 306 2 79 60 -38 79 114 22 79 48 22 79 60 -38 79 102 -13 79 258 12 74 60 -3 79 60 27 79 60 27 79 66 22 79 240 -23 79 258 7 74 246 57 79 108 57 79 132 12 79 132 32 79 72 57 79 306 17 74 48 27 79 240 47 79 108 52 79 126 42 79 114 22 79 102 37 79 60 47 79 66 -8 79 246 47 79 306 37 79 258 22 79 114 17 79 114 42 79 126 -8 79 60 17 74 240 22 74 66 -3 74 246 22 74 240 22 74 246 17 69 48 57 74 132 7 69 240 17 74 102 57 74 342 22 74 18 22 69 60 52 74 342 42 74 258 42 74 60 47 74 60 42 74 30 42 74 66 42 74 246 32 74 132 -28 74 60 -13 74 60 12 64 246 27 69 60 17 64 66 22 69 204 27 69 18 32 69 60 -3 59 258 52 69 102 42 69 108 47 69 102 47 69 108 32 69 108 2 54 258 -13 64 72 27 69 114 42 69 30 47 69 132 47 69 342 47 69 126 -3 54 258 7 49 246 -8 64 66 
17 4 1 3 pack_2 0.545455 9 7 99 72 37 69 204 17 74 126 52 74 204 27 69 180 -53 94 114 52 74 48 -48 114 102 -53 114 102 
18 4 1 3 pack_2 0.969049 287 57 69 66 -53 89 114 -53 99 180 -48 104 180 -48 99 258 -48 99 186 -53 109 240 -43 114 102 -53 109 258 57 69 60 57 69 18 -48 94 186 -48 109 48 57 94 204 57 89 66 57 74 66 -53 104 48 -53 99 48 -43 114 348 27 84 72 47 84 72 -53 94 60 -43 104 180 -48 99 240 42 79 348 27 79 204 57 84 66 -53 114 126 57 74 348 -53 94 258 -43 109 180 52 79 240 -43 114 258 -43 94 258 57 79 60 52 79 180 -43 89 30 -43 99 240 -48 109 132 -43 99 72 -38 114 60 52 84 66 -43 99 102 -53 114 342 22 84 108 -38 114 348 22 84 258 -33 84 48 -38 89 240 -53 104 132 -38 89 258 -48 114 18 -48 89 240 -43 104 60 52 84 60 57 109 258 27 89 48 -43 94 66 -48 89 204 37 84 348 -48 104 114 -38 109 348 -43 104 186 47 84 258 57 109 72 52 89 72 -38 94 102 32 84 72 -43 89 102 -43 104 240 47 84 60 57 89 348 -48 99 306 57 104 30 32 84 60 -48 104 126 12 84 114 -43 94 342 -38 109 60 42 84 204 -43 109 114 37 84 132 52 89 246 -43 114 126 37 84 306 -43 114 114 -38 104 114 -28 79 60 -38 104 48 -38 94 240 32 84 258 12 94 246 57 74 186 52 94 18 7 89 108 57 99 342 -33 114 186 57 114 72 -43 99 132 -38 109 258 -43 84 30 27 89 60 37 89 258 27 84 240 47 84 48 52 89 204 -43 104 18 -38 109 306 22 89 246 42 89 108 57 109 342 12 89 108 57 109 240 -33 79 60 52 99 186 57 114 48 -38 99 30 47 84 240 -43 104 132 2 94 102 37 89 102 -33 109 114 -33 99 30 52 109 258 17 89 258 37 89 72 32 89 66 52 109 114 57 94 240 52 94 180 32 89 126 -33 114 306 -33 109 258 52 94 342 -38 74 72 42 89 18 32 89 48 -33 114 132 -28 94 246 -48 84 18 22 89 126 57 99 240 32 89 240 27 89 108 47 89 246 -33 104 30 52 114 246 52 109 72 52 109 102 -28 94 48 -28 114 180 17 99 102 37 94 18 52 104 102 -28 109 186 -43 79 240 52 114 48 -28 104 258 37 94 72 47 89 180 42 89 246 42 99 108 2 64 60 52 109 108 52 89 240 -28 114 18 52 99 342 47 94 60 32 94 66 47 99 186 17 99 258 -28 114 342 47 99 48 47 114 102 27 94 66 42 94 132 47 104 186 42 94 48 27 109 30 42 89 186 42 104 114 12 99 114 32 94 246 7 114 60 2 114 60 47 114 258 22 104 258 17 104 246 22 99 108 17 99 114 12 114 60 -3 114 60 37 104 180 47 109 186 42 104 102 22 104 48 17 109 258 -23 104 48 -28 104 30 -23 109 180 47 109 108 32 104 114 7 114 180 37 104 108 47 109 72 2 99 114 -23 114 72 47 114 108 32 109 72 42 99 180 42 114 48 2 114 48 7 104 258 -3 64 72 22 104 60 17 114 60 27 114 30 22 109 60 47 114 60 42 99 126 47 104 48 -3 114 240 37 99 72 -23 104 60 -8 109 18 -3 109 240 -23 109 186 -18 114 186 32 104 102 42 99 30 47 104 306 -8 109 240 47 114 30 -18 114 258 32 114 114 32 114 240 37 114 180 32 104 66 32 114 30 42 109 126 47 114 66 42 114 342 42 104 30 37 114 114 42 109 204 -18 109 60 7 114 204 37 99 60 42 99 60 -18 109 72 42 114 258 42 114 132 42 104 126 22 109 72 22 114 180 37 114 30 22 94 306 42 99 240 27 94 306 47 94 240 47 99 60 27 104 102 17 109 126 17 114 240 32 109 258 17 109 132 17 114 126 37 109 246 2 114 186 42 104 132 32 109 126 32 109 66 -8 114 246 37 109 342 37 114 246 -13 109 240 -3 114 30 7 114 114 27 104 204 -18 109 240 32 104 132 22 99 132 32 114 132 32 114 66 47 104 60 17 114 204 27 109 132 
19 4 1 3 pack_2 0.904668 688 57 64 102 27 64 114 42 64 102 47 64 132 22 64 102 57 64 348 57 64 60 27 64 240 37 64 60 37 64 258 37 64 18 32 64 60 17 64 102 47 64 48 57 64 204 37 64 48 -23 64 66 37 64 180 -33 64 66 -28 64 60 27 64 186 -23 64 60 32 59 108 42 59 306 32 59 102 47 59 306 47 59 114 57 59 114 57 59 108 57 59 102 -18 64 60 22 59 102 17 59 108 17 59 258 57 59 18 47 59 72 27 59 48 52 59 18 27 59 246 37 59 72 -13 64 60 52 59 348 57 59 186 17 64 30 -13 59 72 42 59 18 17 59 126 47 59 348 42 59 48 47 59 240 37 59 246 47 59 180 37 59 30 -3 59 102 -23 59 60 42 54 306 2 59 60 22 54 114 -18 64 48 -3 59 240 47 54 306 17 59 186 57 54 306 52 54 114 47 54 108 47 54 102 57 54 114 57 54 108 -8 59 60 37 54 132 -18 59 108 12 54 66 7 54 72 7 54 240 52 54 72 -13 59 60 52 54 66 52 54 258 42 54 258 42 54 66 57 54 60 47 54 60 52 54 60 57 54 48 37 54 18 2 54 72 32 54 30 32 54 18 37 54 342 37 54 48 37 49 306 42 54 240 -3 54 246 32 54 240 47 54 186 42 54 180 -8 54 66 -3 54 108 -13 64 342 12 59 306 -13 54 108 37 54 204 37 54 186 -8 64 18 2 59 204 -13 64 30 2 54 108 27 54 18 12 49 66 -38 54 102 -8 54 114 -8 49 102 37 49 132 -3 54 180 52 49 114 -3 59 18 22 54 306 27 49 66 17 49 102 7 49 66 27 49 72 32 49 48 -13 49 102 32 49 60 47 49 72 17 49 48 47 49 66 52 49 342 42 49 258 42 49 66 47 49 60 -3 49 240 52 49 348 47 49 18 -18 59 204 12 49 102 17 54 306 -3 44 258 47 49 48 -18 54 306 2 59 30 32 44 126 37 49 30 -8 59 18 -18 59 342 22 44 114 -13 54 240 -18 59 348 -8 49 66 -23 54 306 17 44 132 47 49 204 -23 59 180 -13 59 30 -23 54 48 -3 59 342 -13 49 246 17 54 342 27 44 102 32 49 186 2 49 132 37 44 132 27 44 306 7 54 306 -8 49 240 17 54 18 12 44 114 52 44 114 57 44 114 22 44 258 -23 49 108 -13 54 180 2 39 258 -33 49 108 12 39 258 17 49 348 37 44 72 42 44 66 -13 54 342 7 39 240 52 44 18 -8 54 342 -8 39 258 42 44 342 7 44 186 32 39 132 -3 44 66 -13 39 258 -28 54 180 -8 44 66 -18 49 240 2 39 246 -33 54 180 2 54 342 22 44 306 2 49 204 52 44 204 2 44 108 27 44 348 12 49 348 22 39 102 2 39 240 27 44 18 -3 44 60 -8 44 60 7 39 66 17 39 48 32 44 180 47 39 306 2 34 258 42 39 126 22 44 180 47 39 102 2 39 72 22 34 126 57 39 306 -13 39 102 57 39 132 12 39 108 32 39 66 22 39 204 -33 49 48 -8 44 204 27 39 30 22 34 114 32 39 72 57 39 342 -28 49 348 37 39 72 47 39 66 2 44 18 7 34 72 22 39 30 57 39 66 -8 49 348 32 34 132 47 39 60 17 34 108 47 39 342 57 39 18 7 44 204 42 39 60 -53 44 204 -3 39 66 22 34 72 -13 39 66 52 39 18 27 34 108 -48 44 180 57 39 180 -23 44 306 -8 44 126 27 39 348 37 39 246 57 39 30 -18 39 108 12 39 204 -28 44 306 12 34 126 12 29 240 7 34 126 2 39 114 -8 39 240 42 39 204 -28 39 72 -13 44 126 7 44 306 2 34 102 17 34 204 27 29 126 17 39 186 47 34 306 22 29 66 -28 44 126 -23 49 204 22 29 126 47 34 108 47 34 102 -28 44 180 -8 34 108 37 29 306 -18 39 246 22 34 258 -13 44 342 -13 34 102 32 34 66 22 34 306 12 44 30 17 29 246 -18 49 30 22 34 348 -33 39 60 7 34 60 -23 39 114 32 29 126 27 29 60 22 39 18 -13 39 60 -13 29 258 2 29 240 7 34 132 7 39 204 27 34 204 12 34 48 12 34 186 52 34 60 57 34 60 12 29 114 12 29 126 42 34 48 -28 49 30 -23 49 18 -48 39 30 37 34 246 42 34 240 2 29 186 7 24 258 27 24 132 47 34 186 37 29 126 -28 39 306 -43 39 186 47 34 204 7 24 240 -23 34 66 -8 34 186 -18 39 348 -28 39 114 47 29 306 -28 44 18 2 24 246 2 29 72 12 29 108 -8 39 30 27 29 240 -23 39 186 -18 39 342 2 34 48 -3 29 72 12 34 348 22 29 30 12 29 102 2 39 306 -43 34 18 -38 39 48 -23 39 348 27 24 48 27 29 348 37 29 60 -8 39 18 -48 34 186 -3 29 132 -23 44 30 32 24 108 22 24 102 17 29 306 57 29 258 -23 29 258 -28 44 30 7 39 30 2 29 60 42 29 246 -43 39 204 -3 24 246 57 29 60 17 19 126 52 29 48 27 24 66 57 29 246 52 29 180 42 29 240 57 29 186 -23 34 180 17 19 66 17 19 72 -13 39 30 17 19 240 42 24 114 17 19 60 -23 29 66 42 24 126 32 24 60 32 19 306 27 24 72 47 24 114 2 24 102 12 29 348 22 19 60 22 29 180 7 24 186 27 24 240 7 24 114 -13 24 72 12 19 132 2 19 240 22 19 48 17 19 246 -3 24 72 27 19 108 37 24 30 -48 29 18 37 24 72 2 24 66 42 24 66 52 24 72 37 24 348 52 24 342 2 19 132 -8 24 66 -8 29 348 -43 34 204 -13 29 204 57 24 60 52 24 48 22 19 306 52 24 180 17 19 102 52 24 240 7 14 246 7 14 258 -8 29 126 52 24 186 -8 19 102 52 24 30 22 14 114 -13 24 246 -33 34 30 7 24 48 22 14 66 22 19 204 -28 29 186 -8 24 240 17 14 108 22 19 246 42 19 126 -28 24 72 -23 24 66 7 24 348 -33 29 186 47 19 114 7 29 18 32 19 30 12 14 126 32 14 132 32 19 66 22 14 48 7 14 72 22 19 258 -13 19 102 12 29 30 12 14 60 37 19 30 12 19 186 -28 29 348 37 19 48 17 9 126 42 19 72 -3 24 348 -18 29 204 47 19 72 27 14 60 42 19 258 17 19 180 2 14 186 -28 24 180 22 14 72 -33 29 18 27 14 102 47 19 342 -33 29 48 -8 19 180 27 19 18 -13 19 108 47 19 246 47 19 18 -23 19 72 -38 29 204 57 19 60 17 9 72 -48 24 180 17 9 66 37 19 240 -3 24 18 42 19 180 47 19 30 -28 24 186 32 19 204 -13 19 186 22 14 342 17 14 306 7 19 342 7 9 126 17 24 18 27 9 114 27 14 72 27 19 186 2 9 246 47 14 114 37 19 204 2 14 66 -48 24 48 -23 29 18 52 14 306 -28 24 306 12 14 48 52 14 102 52 14 132 7 9 66 27 19 180 12 24 30 57 14 108 37 14 348 47 14 72 -13 14 180 42 14 66 37 14 60 22 9 72 -48 19 186 -33 24 18 -33 19 180 52 14 66 2 24 306 52 14 60 47 14 18 -8 14 60 42 14 48 22 4 66 -23 24 204 47 14 240 -13 14 186 17 4 108 -48 19 180 12 4 126 12 4 114 52 14 186 27 9 30 32 14 204 47 9 306 27 9 72 -3 14 126 57 14 30 -28 14 72 -3 14 348 52 14 204 47 9 108 -13 14 342 27 4 48 -13 14 114 52 9 126 12 9 186 12 19 30 32 9 18 17 -1 114 37 9 348 37 9 18 37 9 60 -18 14 60 27 4 102 22 9 258 27 9 204 17 -1 60 -48 14 186 12 4 258 -13 19 18 47 9 60 12 -1 72 -43 19 204 27 9 246 52 9 60 12 -1 126 -38 19 48 -23 19 204 -28 24 30 57 9 66 -28 19 18 52 9 48 22 -1 48 -3 4 246 -53 14 204 -33 19 48 -33 14 186 -18 9 180 52 9 240 7 4 186 -28 14 108 22 4 30 57 9 186 42 9 186 -8 14 126 17 4 204 32 9 204 -13 4 102 42 4 126 42 4 102 47 4 126 -33 19 204 32 4 18 2 -1 246 -3 -1 72 32 4 72 22 -1 72 12 4 342 7 4 348 -38 9 180 12 -1 306 2 9 18 17 -6 60 12 -6 126 47 4 72 57 4 126 57 4 132 47 4 258 42 4 60 -33 14 18 22 4 258 12 -6 60 -8 14 48 -43 14 204 -3 9 114 12 -1 48 -23 19 30 52 4 66 57 4 342 7 14 30 -3 -1 132 52 4 18 -3 4 342 -38 14 48 2 -6 180 -8 4 348 22 -11 132 57 4 60 7 -1 186 37 -1 114 -8 4 342 -48 9 180 -3 9 48 -33 14 30 37 -1 108 -53 9 204 32 -6 132 -48 9 102 42 -1 114 -13 4 348 57 4 30 12 9 30 22 -1 240 22 4 18 7 -6 258 27 -11 132 7 -6 240 42 -1 132 32 -6 114 17 -11 72 7 -6 60 17 -1 258 7 -1 348 22 4 186 37 -1 30 2 -6 66 22 -1 246 17 -6 102 17 -1 30 47 -1 66 2 -6 60 7 9 30 47 -1 342 22 -1 258 -28 9 18 47 -1 18 -18 9 204 42 -1 48 -43 4 18 2 -6 240 -3 -6 60 -23 4 114 -18 4 342 -33 9 114 52 -1 60 -38 9 114 -13 -6 180 -18 -1 108 32 -6 102 57 -1 66 37 -6 132 -23 -1 66 -28 4 66 -28 -1 180 
20 4 1 3 pack_2 0.969742 1095 -13 4 204 52 -1 240 -53 9 114 12 -11 240 -48 4 180 -8 -11 72 12 -6 102 2 -11 186 32 -6 348 -33 4 72 -33 9 30 -8 -6 60 -18 -6 102 -53 4 204 -38 4 18 12 -16 60 7 -6 102 -23 9 126 17 -16 72 7 -11 246 22 -11 72 42 -6 132 -33 9 204 32 -1 186 32 -1 180 -8 -6 108 17 -21 126 17 -6 30 27 -1 180 -3 -11 60 52 -6 132 32 -11 48 22 -11 30 -18 -6 186 7 -11 48 42 -6 60 57 -6 114 57 -6 132 -8 -1 240 47 -6 18 52 -6 72 -8 -11 258 52 -6 66 -43 4 30 52 -6 348 52 -6 48 -8 -11 60 -38 4 30 12 -21 126 12 -11 102 22 -6 18 27 -16 342 2 -6 108 -23 -1 348 57 -6 246 22 -16 102 27 -16 60 -3 -16 66 -8 -1 126 32 -6 246 57 -6 240 32 -6 204 -3 -1 204 -3 -11 246 42 -11 108 22 -21 60 -33 4 204 12 -16 246 -3 4 30 -8 -11 348 -38 9 132 -8 -1 48 -18 -11 186 37 -11 66 -13 -16 66 -8 -1 18 22 -21 108 -23 -11 180 37 -11 72 42 -11 342 -8 -16 180 52 -11 132 -33 -1 18 -8 -6 204 12 -16 342 47 -11 72 2 -16 246 -38 -1 114 47 -11 258 12 -6 30 -13 -1 132 -28 -6 108 -18 -6 114 27 -11 240 47 -11 342 -8 -21 72 27 -11 204 52 -11 342 52 -11 66 -3 -21 72 22 -11 258 32 -16 30 -8 -16 258 32 -16 348 -28 4 132 -8 -1 30 57 -11 66 47 -11 240 27 -11 246 -48 -1 342 32 -11 258 22 -26 114 2 -1 30 -13 -6 204 27 -26 132 -28 -6 66 47 -11 30 22 -21 102 7 -6 18 47 -16 306 -23 -1 18 32 -11 240 42 -11 180 42 -11 204 -3 -16 342 2 -1 306 -8 -11 132 7 -21 348 27 -11 186 32 -21 342 32 -16 72 -38 -11 102 -3 -21 132 37 -16 18 42 -16 132 -3 -1 30 -33 -11 186 7 -11 306 32 -21 108 -18 -11 342 52 -16 114 -23 -16 102 7 -21 186 -33 -6 18 52 -16 132 -13 -21 186 -48 -6 348 -3 -21 342 -33 -16 102 37 -21 126 -8 -11 114 47 -16 246 17 -36 126 32 -21 66 7 -31 126 22 -31 114 17 -31 48 57 -16 348 -23 -11 348 22 -31 60 27 -31 126 2 -21 240 32 -21 18 17 -21 246 12 -31 66 37 -21 114 -53 -6 114 47 -16 180 12 -21 186 37 -16 240 -13 -26 66 37 -21 48 57 -16 240 22 -26 30 -3 -26 186 -33 -11 72 57 -16 186 7 -21 108 32 -16 246 -33 -6 30 -8 -11 18 32 -26 48 12 -16 204 -3 -26 132 37 -21 60 57 -16 204 2 -31 180 37 -21 66 -28 -16 108 -33 -11 114 47 -21 132 7 -26 186 52 -21 126 17 -36 60 -8 -16 204 17 -36 72 57 -21 108 47 -21 18 -3 -31 180 32 -26 30 -3 -16 114 -3 -31 60 52 -21 258 -48 -11 246 -13 -21 108 -23 -16 60 27 -26 18 32 -31 126 -23 -16 348 27 -31 108 42 -21 30 27 -31 66 52 -21 30 12 -26 186 52 -21 180 17 -31 102 57 -21 186 12 -41 60 -48 -16 18 -33 -21 186 17 -36 306 -8 -31 60 -13 -31 186 -8 -26 108 -8 -31 186 37 -26 66 42 -26 102 32 -21 180 -3 -26 246 17 -41 48 17 -41 66 17 -46 132 47 -26 132 27 -36 114 7 -31 246 2 -31 258 -33 -11 48 27 -36 60 52 -26 126 52 -26 108 42 -26 66 7 -31 114 -13 -21 114 22 -41 114 42 -26 60 -23 -26 66 -28 -26 186 17 -26 258 -53 -16 66 47 -26 258 52 -26 18 57 -26 102 57 -26 132 -28 -11 30 -48 -16 348 52 -26 66 7 -36 348 -13 -16 132 -8 -31 348 -53 -16 348 27 -26 204 -48 -16 72 2 -26 108 37 -31 126 -53 -16 342 -3 -36 102 -13 -21 204 12 -46 60 32 -31 102 -18 -26 60 47 -31 306 -13 -31 60 17 -31 180 -8 -41 72 -8 -36 60 17 -41 306 17 -31 246 -53 -11 126 2 -41 60 -33 -16 240 -3 -41 66 32 -26 240 12 -36 240 7 -41 180 -8 -41 66 32 -26 246 17 -51 126 27 -26 186 -43 -16 66 22 -46 48 37 -31 66 27 -36 72 2 -26 18 -53 -11 132 -13 -36 102 -33 -26 108 22 -46 66 22 -46 306 -38 -11 126 12 -41 306 -13 -16 30 32 -36 108 -33 -21 18 -18 -31 108 -38 -21 114 2 -36 258 -43 -16 240 52 -31 108 22 -41 30 -53 -21 72 32 -36 66 47 -31 18 37 -36 342 52 -31 342 52 -31 60 52 -31 72 52 -31 66 2 -36 102 22 -51 126 -53 -21 108 -53 -21 66 42 -31 30 -8 -41 60 -8 -46 72 17 -31 186 -48 -21 246 47 -31 30 -43 -21 48 -8 -41 102 -3 -46 66 17 -56 126 32 -31 258 -13 -46 180 22 -31 180 57 -31 30 17 -56 132 -8 -26 240 22 -36 18 -8 -36 258 7 -26 30 -8 -46 66 -33 -21 30 -3 -41 342 42 -31 204 -3 -46 60 42 -31 186 -48 -21 114 37 -36 108 7 -46 48 -38 -31 186 22 -51 60 22 -51 66 32 -41 60 -18 -26 204 -23 -41 72 -33 -31 108 -43 -21 246 57 -36 306 -13 -36 342 -33 -26 114 -43 -21 66 -13 -46 66 7 -46 348 -53 -16 132 42 -36 132 -53 -26 258 -3 -36 246 -38 -16 126 27 -31 180 -23 -31 114 52 -36 126 -18 -46 180 42 -36 48 -33 -26 18 27 -51 132 32 -41 18 17 -56 48 57 -36 126 42 -36 72 -53 -26 72 -28 -26 204 -3 -46 186 32 -46 48 52 -36 72 -3 -31 18 52 -36 258 -53 -26 180 17 -61 126 42 -36 246 -8 -41 342 22 -36 246 12 -56 72 47 -36 348 17 -46 30 -23 -21 126 37 -41 126 -53 -26 18 42 -36 240 -18 -46 186 -28 -41 180 37 -41 132 17 -41 180 57 -36 30 -13 -31 204 12 -41 186 -33 -36 186 -28 -41 102 47 -36 186 -13 -46 102 7 -51 342 12 -51 306 22 -51 30 -23 -46 72 32 -36 240 27 -51 342 -48 -26 342 -8 -36 132 -18 -51 72 32 -46 66 2 -36 18 -43 -26 348 -23 -31 18 42 -41 126 47 -41 108 42 -41 132 -23 -41 108 -48 -31 258 52 -41 114 -48 -21 126 17 -51 342 27 -36 180 -3 -56 66 12 -56 114 17 -41 204 17 -66 132 42 -41 60 -3 -41 108 22 -41 240 7 -46 246 -8 -46 342 52 -41 60 52 -41 72 -38 -21 132 32 -51 132 37 -56 306 -33 -41 180 57 -41 348 -13 -56 72 -18 -36 18 17 -41 258 12 -51 180 47 -41 240 27 -56 60 57 -41 246 27 -51 72 22 -56 30 57 -41 30 -13 -51 102 -13 -36 204 32 -51 60 -23 -51 180 32 -51 114 -53 -31 342 -23 -36 204 -23 -36 60 42 -41 204 2 -61 132 57 -41 180 22 -56 348 -28 -46 186 42 -41 186 -18 -46 348 57 -46 306 37 -41 186 17 -61 306 27 -56 66 32 -51 18 22 -66 48 27 -61 48 -23 -51 186 37 -46 102 -38 -41 108 -13 -41 18 -43 -31 348 42 -46 132 17 -56 30 37 -51 48 42 -46 60 52 -46 108 -38 -26 126 -53 -36 186 32 -66 306 -28 -46 72 -3 -61 60 -48 -26 132 -28 -51 180 57 -46 60 37 -46 258 2 -51 258 17 -66 72 57 -46 72 -18 -41 18 22 -66 60 57 -46 48 27 -56 348 17 -51 240 42 -56 306 22 -66 66 -13 -51 348 7 -61 342 -8 -41 204 22 -71 132 2 -66 180 52 -46 30 -53 -36 180 12 -61 342 12 -71 126 7 -41 30 2 -61 126 -8 -41 48 -3 -46 240 -23 -41 60 52 -46 180 37 -51 114 7 -56 186 32 -56 66 17 -76 132 17 -76 126 37 -46 204 2 -51 240 27 -46 246 27 -66 48 -33 -46 108 32 -46 204 -48 -36 114 17 -51 246 12 -61 348 12 -71 72 2 -56 102 -3 -66 60 -8 -46 246 -8 -61 60 -18 -46 258 7 -76 66 -13 -66 72 52 -51 108 32 -61 126 -18 -61 186 47 -51 60 27 -76 306 32 -61 342 -48 -31 126 52 -51 342 22 -71 114 17 -76 114 57 -51 348 52 -51 258 2 -71 180 -13 -36 126 -18 -51 60 2 -56 258 47 -51 30 37 -56 18 -53 -41 108 7 -56 258 -8 -46 204 32 -61 114 -3 -76 72 57 -51 240 -13 -46 204 7 -61 186 12 -76 66 12 -71 114 27 -71 48 -18 -56 108 -43 -41 114 27 -66 66 42 -51 204 -23 -56 108 7 -76 126 57 -51 204 37 -51 240 32 -66 48 -48 -41 114 37 -56 108 17 -56 246 32 -51 186 -13 -71 72 32 -76 306 2 -76 60 -13 -61 348 27 -66 108 12 -61 240 -33 -56 180 -53 -36 126 42 -56 18 32 -66 132 12 -81 126 -23 -41 30 -3 -76 66 52 -56 108 -3 -66 102 -38 -51 108 37 -61 30 52 -56 342 -3 -81 72 47 -56 72 57 -56 48 57 -56 66 52 -56 258 2 -71 342 -13 -56 258 -18 -61 348 37 -61 60 -48 -36 132 -18 -71 180 -8 -51 204 -18 -51 342 42 -56 240 37 -61 126 -3 -76 60 -18 -61 108 22 -81 60 -53 -46 72 -53 -46 180 57 -56 204 -33 -51 114 -8 -61 108 22 -86 132 27 -56 246 -38 -56 180 22 -56 258 -8 -81 72 -43 -41 126 22 -66 18 27 -76 60 27 -56 258 2 -76 186 -53 -46 66 27 -76 342 -28 -51 18 22 -86 126 -8 -71 348 12 -71 108 -3 -61 108 -18 -56 114 -18 -66 348 52 -61 60 22 -56 186 57 -61 114 52 -61 48 -3 -56 114 42 -61 66 7 -56 306 7 -81 48 52 -61 66 27 -76 114 2 -86 60 57 -61 258 -13 -76 66 7 -86 132 -3 -81 60 -48 -41 126 7 -81 180 -8 -81 66 -43 -46 348 -8 -56 204 -13 -46 126 32 -71 114 12 -71 102 -48 -41 132 57 -61 240 -53 -51 186 7 -66 258 32 -76 48 2 -66 246 17 -61 258 37 -66 132 57 -61 186 27 -81 30 -13 -51 132 -53 -51 348 -33 -61 108 -43 -51 258 -53 -51 180 -8 -66 108 27 -81 342 12 -81 342 -38 -61 186 37 -61 240 -53 -51 246 -23 -56 18 7 -71 102 -8 -76 348 -18 -76 186 57 -66 18 32 -76 126 -48 -51 114 17 -66 246 -33 -66 186 32 -76 30 12 -76 108 27 -76 18 27 -76 72 52 -66 126 2 -66 108 52 -66 102 32 -76 60 -53 -46 126 -48 -56 108 22 -61 186 7 -61 306 17 -81 30 -28 -76 180 52 -66 72 -3 -66 246 -33 -51 30 -8 -61 204 47 -71 306 42 -66 348 -33 -56 204 27 -86 30 12 -86 306 57 -66 30 -33 -56 18 -18 -71 108 52 -66 240 -23 -76 186 -48 -46 126 37 -71 126 2 -86 186 -23 -81 180 -43 -61 186 -18 -76 66 42 -66 204 -33 -61 114 37 -71 66 57 -66 180 -13 -71 108 -23 -76 72 37 -71 114 -53 -56 348 32 -81 126 12 -81 108 -28 -61 18 47 -71 18 17 -81 102 27 -81 72 -53 -56 246 22 -66 258 -53 -56 342 32 -66 240 -28 -56 258 2 -86 348 37 -71 72 42 -71 60 -53 -56 114 32 -96 306 57 -71 60 -33 -51 132 42 -71 132 57 -71 66 47 -71 72 42 -71 66 47 -71 66 -38 -51 126 52 -71 66 -48 -56 72 37 -76 60 42 -71 72 -3 -61 204 -8 -66 204 52 -71 30 -18 -66 18 17 -76 240 42 -71 246 -13 -86 186 57 -71 240 32 -76 102 -8 -86 102 -28 -71 72 -43 -66 180 2 -91 342 12 -81 240 -8 -71 132 7 -66 30 32 -86 126 37 -76 66 27 -71 240 17 -71 258 22 -71 246 -13 -86 348 52 -71 180 32 -81 108 47 -71 180 22 -96 108 12 -71 18 42 -76 18 -53 -61 72 -53 -61 246 42 -76 126 32 -86 18 -8 -96 180 -3 -76 246 52 -76 126 47 -76 48 47 -76 102 -38 -66 114 42 -76 342 12 -81 186 47 -76 60 -23 -81 108 57 -76 348 32 -86 114 -18 -71 342 17 -81 240 32 -86 66 57 -76 66 7 -81 258 27 -91 348 -13 -61 48 -3 -66 204 -53 -61 66 -48 -61 72 12 -71 204 52 -76 240 -53 -61 18 -3 -81 48 27 -91 108 32 -91 60 32 -86 348 -28 -76 72 -18 -76 60 17 -76 186 -38 -56 132 57 -76 186 27 -76 240 -23 -76 114 -28 -61 60 17 -81 246 -43 -61 72 42 -81 18 47 -76 180 32 -76 258 37 -76 246 37 -76 186 -3 -81 126 -48 -61 240 -3 -81 108 27 -76 246 37 -76 180 22 -76 258 32 -91 66 32 -91 114 47 -81 114 42 -81 30 -18 -96 186 37 -81 102 57 -81 48 -8 -71 240 -13 -71 246 52 -81 108 32 -86 72 22 -81 204 37 -86 60 52 -81 132 -28 -71 204 -13 -86 108 47 -81 30 27 -96 108 32 -96 126 -18 -66 246 27 -101 114 -38 -81 186 -38 -81 102 -33 -66 30 47 -81 246 -13 -66 30 -33 -66 126 -8 -81 132 22 -81 246 37 -86 66 12 -81 18 42 -86 48 -48 -66 66 32 -96 66 37 -86 348 -53 -66 60 7 -81 306 -38 -71 18 42 -86 114 -53 -71 348 32 -91 72 42 -86 126 42 -86 102 47 -86 126 42 -86 60 -53 -71 72 -8 -81 18 52 -86 132 -38 -76 114 17 -101 102 47 -86 66 32 -91 102 -28 -91 108 -38 -76 204 -3 -76 204 -3 -86 18 57 -86 240 -28 -76 66 17 -86 186 -38 -66 240 32 -101 66 37 -96 18 -38 -66 60 57 -86 204 47 -91 18 -48 -71 342 -18 -81 204 -53 -71 18 2 -76 30 -23 -81 18 -28 -66 132 -38 -86 108 -13 -86 114 22 -91 204 -48 -76 348 42 -91 108 22 -91 240 -23 -66 342 52 -91 48 47 -91 102 -53 -76 348 52 -91 60 32 -86 246 -28 -71 60 22 -86 186 -33 -81 18 17 -96 246 47 -91 72 -28 -81 204 -33 -71 60 32 -101 108 -23 -81 60 17 -91 258 2 -96 114 -18 -91 60 -28 -71 48 -33 -71 132 57 -91 246 57 -91 240 -43 -86 186 47 -91 204 -28 -76 258 -28 -71 246 -13 -76 48 7 -91 306 57 -96 18 -53 -76 66 57 -91 180 -53 -81 258 2 -71 306 -13 -91 204 -48 -81 180 -38 -71 240 17 -96 18 -13 -86 246 -43 -71 240 42 -96 126 22 -91 258 -33 -71 246 37 -96 72 -28 -71 132 -8 -86 126 57 -96 48 42 -96 72 -43 -81 18 57 -96 114 7 -91 18 -28 -96 72 57 -96 72 -38 -76 48 17 -96 186 37 -101 66 52 -96 240 -23 -71 132 -38 -76 246 37 -101 348 42 -96 186 -28 -86 66 37 -96 180 32 -106 102 57 -96 180 -23 -91 18 -38 -76 66 2 -76 306 -28 -81 126 -28 -81 30 -8 -96 204 32 -96 246 -8 -101 132 37 -106 66 52 -101 72 -53 -86 102 57 -101 30 42 -106 126 42 -106 30 -53 -86 108 12 -101 204 -53 -86 180 -43 -81 246 2 -91 204 42 -106 72 52 -106 348 -48 -81 30 57 -106 342 -48 -91 258 57 -106 126 7 -91 204 52 -106 66 52 -106 246 -53 -86 114 57 -106 72 -48 -86 246 -33 -96 204 -3 -96 204 -13 -101 246 -23 -81 240 -23 -96 60 52 -111 60 -53 -86 60 57 -106 180 52 -111 72 -33 -91 30 57 -111 342 57 -111 348 -48 -86 240 52 -111 66 -28 -86 48 -33 -86 60 -33 -86 48 -43 -86 246 -48 -86 60 -48 -86 48 -38 -86 66 -38 -91 30 -38 -91 258 -43 -91 126 -53 -96 108 -48 -86 126 -48 -86 132 -48 -101 180 -38 -91 72 -38 -96 30 -3 -96 30 -13 -101 30 -43 -101 18 -23 -91 48 -48 -96 18 -48 -101 204 -33 -91 246 -13 -101 126 -3 -101 30 -53 -101 180 -53 -91 132 -38 -96 246 -48 -96 60 -48 -96 48 -53 -96 48 -38 -101 48 -23 -96 48 -53 -101 240 -43 -96 60 -28 -101 246 -48 -106 246 -53 -106 240 -48 -106 72 -28 -106 60 -43 -101 240 -33 -101 246 -33 -106 48 -53 -106 60 -33 -81 306 -38 -96 348 -53 -106 48 -43 -106 60 -53 -111 48 -53 -106 30 -13 -91 306 -18 -96 306 -23 -106 306 -33 -101 306 -13 -106 306 -8 -101 306 -33 -106 342 
21 4 1 3 pack_2 0.0789474 1 -53 -111 66 
22 4 1 3 pack_2 0.951923 33 7 94 342 7 94 348 -3 74 108 -8 99 186 -8 99 342 -3 99 348 2 99 348 -18 99 132 2 99 342 -28 104 126 17 94 204 2 79 108 -8 99 60 -48 59 60 -48 69 204 7 79 108 -43 74 18 12 104 60 -3 104 48 -23 104 348 -33 74 240 -18 104 348 7 84 306 -48 69 126 -13 104 348 12 99 240 -48 69 48 -18 94 240 -3 104 246 22 59 306 -8 104 60 -33 109 132 -13 99 60 
23 4 1 3 pack_2 0.588113 94 -3 104 180 -33 109 126 22 99 204 -23 99 204 -13 109 132 7 104 342 -33 94 204 22 69 186 7 104 348 12 104 348 -53 39 102 -48 39 108 27 99 186 17 104 348 -8 109 102 27 94 204 -53 44 114 -8 94 114 -48 59 108 27 99 180 -18 94 60 27 89 186 -53 49 114 -18 -16 240 -38 29 114 -48 54 108 -38 29 108 -23 -36 48 -23 59 114 12 104 180 12 94 132 -33 54 114 -23 24 246 -18 19 240 -38 59 204 -8 4 306 -13 4 306 -13 9 240 -13 24 306 -38 44 108 -23 -31 48 -28 94 30 -18 114 102 -18 99 48 -53 69 240 -33 -26 342 37 99 186 -13 99 66 -23 114 348 -43 14 342 -43 89 306 -38 69 342 2 89 108 -48 59 66 -48 79 60 -18 79 240 2 114 66 -53 54 348 -53 79 342 7 114 306 2 104 132 -18 114 306 12 109 342 -8 114 132 17 109 342 -43 74 258 2 104 126 -33 99 204 -48 84 306 2 109 126 17 109 348 12 104 132 -53 69 66 -3 104 258 -3 109 30 32 99 204 12 109 132 -53 44 108 -53 74 306 -53 79 30 -18 94 66 -48 74 342 -48 69 348 -53 69 348 2 114 180 -48 59 342 -8 109 180 -48 -1 306 -38 -16 348 -38 9 348 -53 59 114 2 74 132 27 84 180 -8 84 126 
24 4 1 3 pack_2 0.0540541 1 -38 79 204 
25 4 1 3 pack_2 0.863874 275 12 104 66 7 104 72 -23 104 132 -23 104 126 -28 99 102 12 99 186 -13 99 72 -38 99 132 -3 99 186 -18 99 180 27 99 18 37 94 180 2 94 180 -8 94 186 27 94 30 -8 94 132 12 94 60 -28 94 126 7 94 60 -23 94 126 -33 89 102 -43 89 114 -48 89 126 -48 89 306 -23 89 66 -18 89 126 -33 89 132 -18 89 132 -23 89 132 -53 84 186 -43 84 114 -38 84 306 -43 84 126 -3 84 126 27 84 18 12 84 180 -43 84 180 -13 84 132 -28 84 132 -48 79 48 -8 84 180 -23 79 72 -43 79 102 -18 84 186 -23 79 246 -48 79 204 22 79 306 2 79 126 -38 79 342 -38 79 132 17 79 306 -18 79 126 -53 74 48 -33 74 258 -38 74 240 22 79 18 -53 74 30 -8 74 72 -3 74 102 2 74 72 7 74 108 -53 74 108 -43 74 102 -53 74 204 -48 74 306 -23 74 246 2 74 114 -38 74 114 -48 74 126 -48 74 132 -33 74 306 -18 74 60 17 74 186 12 79 30 17 69 66 17 69 72 22 69 72 -23 74 126 12 69 114 -8 69 258 -33 69 72 7 69 66 -23 74 132 7 69 114 27 74 342 12 69 132 27 74 348 -28 69 240 7 64 258 -8 74 48 -28 74 348 -3 69 240 -33 69 306 -8 69 240 -8 64 258 12 64 66 -23 74 342 -33 69 126 12 74 18 7 64 66 27 69 348 -48 64 18 7 69 306 -18 64 246 17 69 18 -53 59 66 -53 59 60 -38 59 258 27 59 186 -18 69 348 -33 64 348 -13 64 132 -48 59 18 2 64 306 -43 59 18 -48 59 186 -53 54 60 -13 59 132 -38 54 66 2 59 306 -53 54 342 -3 54 114 -43 54 60 -43 54 114 -18 54 240 -43 54 240 -38 54 348 -43 54 30 -23 49 246 -33 49 72 -28 49 246 -33 59 186 -48 49 18 -53 49 240 -13 59 18 -33 49 240 -53 49 342 -43 49 348 -38 54 30 2 54 30 -8 49 126 -23 59 30 -53 44 72 -48 44 258 -53 44 258 -53 44 60 -53 44 48 -38 44 66 -53 44 180 -33 44 240 -48 44 30 -43 44 342 -28 39 66 -38 44 306 -28 39 246 -53 39 48 -48 39 246 -28 39 60 -38 39 72 -48 39 102 -18 39 132 -53 34 66 -53 34 60 -48 34 72 -33 34 246 -28 34 60 -8 24 102 -43 34 66 -48 34 48 -28 29 102 -33 29 102 -28 29 108 -43 29 348 -43 29 246 -43 29 66 -48 29 342 -18 24 108 -43 29 342 -28 29 48 -8 19 108 -53 29 114 -48 24 72 -8 24 126 -53 24 102 -33 24 246 -48 24 240 -43 24 48 -13 19 114 -18 14 258 -13 24 132 -28 24 114 -53 19 72 -43 24 114 -13 24 48 -38 24 342 -48 19 66 -38 19 108 -53 19 342 -48 19 240 -8 14 114 -28 19 240 -28 14 66 -53 14 246 -13 19 48 -53 14 48 -48 14 30 -48 14 348 -33 14 66 -53 19 126 -28 19 342 -48 19 126 -28 14 240 -28 14 306 -33 14 48 -38 19 132 -28 14 126 -23 4 258 -48 9 246 -48 9 60 -13 4 246 -38 9 66 -28 9 60 -33 9 66 -43 9 60 -23 9 240 -43 4 258 -28 9 126 -48 4 72 -38 4 258 -48 4 30 -18 9 48 -43 4 72 -43 4 60 -48 9 126 -53 -1 246 -23 4 48 -8 -6 240 -33 -1 240 -53 4 126 -43 -1 66 -13 -16 258 -3 4 306 -28 -6 246 -53 -11 60 -33 -11 66 -38 -11 60 -18 -11 126 -13 -11 126 -28 -11 240 -38 -16 258 -38 -16 72 -23 -16 126 -48 -21 30 -28 -21 60 -13 -11 306 -28 -21 246 -48 -26 204 -18 -16 306 -33 -26 66 -53 -21 306 -28 -26 348 -48 -26 48 -38 -31 18 -38 -21 348 -33 -31 18 -43 -36 180 2 -31 30 -43 -31 204 -43 -31 48 -33 -31 66 -53 -31 30 -33 -31 240 -28 -31 348 -18 -31 240 -43 -31 240 
26 4 1 3 pack_2 0.983108 97 -33 -36 30 -23 -36 246 -13 -36 48 -28 -36 60 -33 -36 60 -43 -46 180 -28 -36 348 -3 -36 30 -38 -41 18 -38 -36 60 -38 -41 48 -48 -41 240 -43 -41 48 -33 -41 240 -48 -46 18 -38 -36 348 -43 -41 30 -43 -41 240 -53 -46 204 -48 -51 186 -53 -46 60 -23 -46 246 -48 -46 240 -38 -46 72 -53 -41 306 -43 -46 48 -43 -46 66 -38 -36 342 -28 -46 246 -28 -36 342 -43 -46 30 -43 -46 240 -23 -66 66 -53 -51 240 -38 -31 306 -43 -46 342 -23 -51 126 -38 -51 72 -53 -51 48 -43 -51 66 -43 -36 306 -18 -51 240 -43 -51 60 -3 -41 306 -43 -51 342 -48 -56 60 -38 -36 306 -43 -61 114 -43 -56 66 -53 -56 30 -43 -56 60 -48 -66 108 -23 -56 240 -3 -46 306 -18 -46 306 -33 -61 66 -48 -56 132 -53 -66 108 -8 -41 306 -43 -61 48 -28 -61 246 -48 -61 30 -48 -66 114 -33 -61 246 -38 -51 342 -33 -46 306 -33 -46 342 -38 -66 72 -23 -61 132 -43 -61 342 -23 -51 306 -18 -66 132 -48 -66 126 -23 -66 132 -53 -66 132 -23 -76 246 -38 -51 306 -53 -71 126 -13 -56 306 -43 -56 306 -28 -81 60 -48 -66 306 -28 -66 342 -53 -86 204 -43 -81 60 -53 -81 30 -18 -66 306 -48 -71 306 -38 -86 60 -33 -66 306 -28 -71 306 -13 -76 306 -38 -76 306 -33 -81 342 -3 -91 306 -48 -96 306 -43 -101 306 
27 4 1 3 pack_2 0.0909091 1 -18 89 186 
28 4 1 3 pack_2 0.171429 5 -3 59 30 2 39 102 32 54 342 27 39 60 7 64 18 
29 4 1 3 pack_2 0.0552995 2 -3 69 204 -8 69 30 
30 4 1 3 pack_2 0.00468994 3 -13 94 66 -38 64 66 -13 84 60 
31 4 1 3 pack_2 0.272727 10 -33 -21 342 -28 94 18 -3 99 66 -3 104 72 -33 89 18 17 99 48 -33 94 348 27 89 342 22 99 18 -28 99 348 
32 4 1 3 pack_2 0.4 5 7 94 18 2 89 18 -8 89 30 -3 89 30 17 99 18 
33 4 1 3 pack_2 0.84375 9 -38 89 180 -23 99 348 -3 84 204 12 99 48 -3 94 246 2 94 48 2 99 60 -3 94 60 -3 84 48 
34 4 1 3 pack_2 0.285714 1 22 74 342 
35 4 1 3 pack_2 0.782609 6 -18 29 132 -3 54 306 -18 19 132 -13 49 126 -3 9 306 -38 64 240 
36 4 1 3 pack_2 1 1 -18 69 30 
37 4 1 3 pack_2 0.968944 52 2 69 180 22 69 348 -33 49 132 -33 69 60 -33 64 240 -33 59 348 -23 69 48 -23 54 132 -53 64 114 -18 69 114 -38 44 126 -23 69 114 -8 69 18 -33 54 126 -48 49 114 -23 69 126 17 69 342 -13 64 306 -53 49 126 -43 49 126 -53 29 132 -38 64 114 -8 64 306 -53 59 132 -33 59 132 -18 64 132 -38 59 306 -38 64 306 -43 69 30 2 79 204 -43 -1 306 -43 -16 306 7 74 180 -43 9 306 -48 59 132 -38 19 306 -33 -6 306 -33 64 126 -33 -11 306 -8 14 306 -38 -6 306 -23 79 48 -13 69 180 -33 79 18 -8 84 48 -28 74 180 -3 79 180 -33 79 204 -33 69 18 -18 79 48 -28 79 30 -33 74 18 
38 4 1 3 pack_2 1 9 -33 79 180 -28 69 18 -18 69 18 2 74 348 -13 84 48 17 79 342 -3 79 348 -13 84 30 -8 84 30 
39 4 1 3 pack_2 0.166667 2 -18 84 348 -8 84 240 
