10 53 4
0 0 -1 257 2 17 -1 -1 -1 -1 -1 2 1357 
1 1 0 0 0 0 0 0 0 0 0 0 0 
2 1 -1 234 2 23 -1 -1 -1 -1 -1 2 1817 
3 2 0 0 0 0 0 0 0 0 0 0 0 
4 2 0 0 0 0 0 0 0 0 0 0 0 
5 2 -1 327 2 15 -1 -1 -1 -1 -1 2 4192 
6 2 -1 168 1 18 -1 -1 -1 -1 -1 3 -4 
7 3 0 0 0 0 0 0 0 0 0 0 0 
8 3 0 0 0 0 0 0 0 0 0 0 0 
9 3 0 0 0 0 0 0 0 0 0 0 0 
10 3 0 0 0 0 0 0 0 0 0 0 0 
11 3 -1 104 4 26 -1 -1 -1 -1 -1 0 4745 
12 3 -1 175 2 36 -1 -1 -1 -1 -1 1 393 
13 3 -1 179 4 16 -1 -1 -1 -1 -1 3 424 
14 3 52 0 0 0 0 0 0 0 0 0 0 
15 4 0 0 0 0 0 0 0 0 0 0 0 
16 4 0 0 0 0 0 0 0 0 0 0 0 
17 4 0 0 0 0 0 0 0 0 0 0 0 
18 4 0 0 0 0 0 0 0 0 0 0 0 
19 4 0 0 0 0 0 0 0 0 0 0 0 
20 4 0 0 0 0 0 0 0 0 0 0 0 
21 4 0 0 0 0 0 0 0 0 0 0 0 
22 4 0 0 0 0 0 0 0 0 0 0 0 
23 4 1 0 0 0 0 0 0 0 0 0 0 
24 4 -1 134 4 26 -1 -1 -1 -1 -1 3 81 
25 4 -1 332 4 26 -1 -1 -1 -1 -1 2 8792 
26 4 -1 254 4 33 -1 -1 -1 -1 -1 3 45 
27 4 -1 201 4 20 -1 -1 -1 -1 -1 0 2159 
28 4 51 0 0 0 0 0 0 0 0 0 0 
29 4 0 0 0 0 0 0 0 0 0 0 0 
30 4 0 0 0 0 0 0 0 0 0 0 0 
31 5 0 0 0 0 0 0 0 0 0 0 0 
32 5 0 0 0 0 0 0 0 0 0 0 0 
33 5 0 0 0 0 0 0 0 0 0 0 0 
34 5 0 0 0 0 0 0 0 0 0 0 0 
35 5 0 0 0 0 0 0 0 0 0 0 0 
36 5 0 0 0 0 0 0 0 0 0 0 0 
37 5 0 0 0 0 0 0 0 0 0 0 0 
38 5 0 0 0 0 0 0 0 0 0 0 0 
39 5 0 0 0 0 0 0 0 0 0 0 0 
40 5 0 0 0 0 0 0 0 0 0 0 0 
41 5 0 0 0 0 0 0 0 0 0 0 0 
42 5 0 0 0 0 0 0 0 0 0 0 0 
43 5 0 0 0 0 0 0 0 0 0 0 0 
44 5 0 0 0 0 0 0 0 0 0 0 0 
45 5 0 0 0 0 0 0 0 0 0 0 0 
46 5 0 0 0 0 0 0 0 0 0 0 0 
47 5 0 0 0 0 0 0 0 0 0 0 0 
48 5 0 0 0 0 0 0 0 0 0 0 0 
49 5 -1 245 4 26 -1 -1 -1 -1 -1 3 5 
50 5 -1 25 3 25 -1 -1 -1 -1 -1 0 -44 
51 5 -1 337 2 23 -1 -1 -1 -1 -1 3 536 
52 5 35 0 0 0 0 0 0 0 0 0 0 
53 5 36 0 0 0 0 0 0 0 0 0 0 
54 5 -1 166 2 19 -1 -1 -1 -1 -1 2 3164 
55 5 44 0 0 0 0 0 0 0 0 0 0 
56 5 -1 194 2 32 -1 -1 -1 -1 -1 3 165 
57 5 0 0 0 0 0 0 0 0 0 0 0 
58 5 0 0 0 0 0 0 0 0 0 0 0 
59 5 0 0 0 0 0 0 0 0 0 0 0 
60 5 0 0 0 0 0 0 0 0 0 0 0 
61 5 0 0 0 0 0 0 0 0 0 0 0 
62 5 0 0 0 0 0 0 0 0 0 0 0 
63 6 0 0 0 0 0 0 0 0 0 0 0 
64 6 0 0 0 0 0 0 0 0 0 0 0 
65 6 0 0 0 0 0 0 0 0 0 0 0 
66 6 0 0 0 0 0 0 0 0 0 0 0 
67 6 0 0 0 0 0 0 0 0 0 0 0 
68 6 0 0 0 0 0 0 0 0 0 0 0 
69 6 0 0 0 0 0 0 0 0 0 0 0 
70 6 0 0 0 0 0 0 0 0 0 0 0 
71 6 0 0 0 0 0 0 0 0 0 0 0 
72 6 0 0 0 0 0 0 0 0 0 0 0 
73 6 0 0 0 0 0 0 0 0 0 0 0 
74 6 0 0 0 0 0 0 0 0 0 0 0 
75 6 0 0 0 0 0 0 0 0 0 0 0 
76 6 0 0 0 0 0 0 0 0 0 0 0 
77 6 0 0 0 0 0 0 0 0 0 0 0 
78 6 0 0 0 0 0 0 0 0 0 0 0 
79 6 0 0 0 0 0 0 0 0 0 0 0 
80 6 0 0 0 0 0 0 0 0 0 0 0 
81 6 0 0 0 0 0 0 0 0 0 0 0 
82 6 0 0 0 0 0 0 0 0 0 0 0 
83 6 0 0 0 0 0 0 0 0 0 0 0 
84 6 0 0 0 0 0 0 0 0 0 0 0 
85 6 0 0 0 0 0 0 0 0 0 0 0 
86 6 0 0 0 0 0 0 0 0 0 0 0 
87 6 0 0 0 0 0 0 0 0 0 0 0 
88 6 0 0 0 0 0 0 0 0 0 0 0 
89 6 0 0 0 0 0 0 0 0 0 0 0 
90 6 0 0 0 0 0 0 0 0 0 0 0 
91 6 0 0 0 0 0 0 0 0 0 0 0 
92 6 0 0 0 0 0 0 0 0 0 0 0 
93 6 0 0 0 0 0 0 0 0 0 0 0 
94 6 0 0 0 0 0 0 0 0 0 0 0 
95 6 0 0 0 0 0 0 0 0 0 0 0 
96 6 0 0 0 0 0 0 0 0 0 0 0 
97 6 0 0 0 0 0 0 0 0 0 0 0 
98 6 0 0 0 0 0 0 0 0 0 0 0 
99 6 -1 198 3 10 -1 -1 -1 -1 -1 0 -26 
100 6 -1 27 0 14 -1 -1 -1 -1 -1 0 -29 
101 6 6 0 0 0 0 0 0 0 0 0 0 
102 6 -1 226 2 24 -1 -1 -1 -1 -1 1 497 
103 6 -1 223 4 17 -1 -1 -1 -1 -1 0 7241 
104 6 34 0 0 0 0 0 0 0 0 0 0 
105 6 0 0 0 0 0 0 0 0 0 0 0 
106 6 0 0 0 0 0 0 0 0 0 0 0 
107 6 0 0 0 0 0 0 0 0 0 0 0 
108 6 0 0 0 0 0 0 0 0 0 0 0 
109 6 37 0 0 0 0 0 0 0 0 0 0 
110 6 -1 278 2 34 -1 -1 -1 -1 -1 1 505 
111 6 0 0 0 0 0 0 0 0 0 0 0 
112 6 0 0 0 0 0 0 0 0 0 0 0 
113 6 45 0 0 0 0 0 0 0 0 0 0 
114 6 -1 153 0 29 -1 -1 -1 -1 -1 3 -8 
115 6 0 0 0 0 0 0 0 0 0 0 0 
116 6 0 0 0 0 0 0 0 0 0 0 0 
117 6 0 0 0 0 0 0 0 0 0 0 0 
118 6 0 0 0 0 0 0 0 0 0 0 0 
119 6 0 0 0 0 0 0 0 0 0 0 0 
120 6 0 0 0 0 0 0 0 0 0 0 0 
121 6 0 0 0 0 0 0 0 0 0 0 0 
122 6 0 0 0 0 0 0 0 0 0 0 0 
123 6 0 0 0 0 0 0 0 0 0 0 0 
124 6 0 0 0 0 0 0 0 0 0 0 0 
125 6 0 0 0 0 0 0 0 0 0 0 0 
126 6 0 0 0 0 0 0 0 0 0 0 0 
127 7 0 0 0 0 0 0 0 0 0 0 0 
128 7 0 0 0 0 0 0 0 0 0 0 0 
129 7 0 0 0 0 0 0 0 0 0 0 0 
130 7 0 0 0 0 0 0 0 0 0 0 0 
131 7 0 0 0 0 0 0 0 0 0 0 0 
132 7 0 0 0 0 0 0 0 0 0 0 0 
133 7 0 0 0 0 0 0 0 0 0 0 0 
134 7 0 0 0 0 0 0 0 0 0 0 0 
135 7 0 0 0 0 0 0 0 0 0 0 0 
136 7 0 0 0 0 0 0 0 0 0 0 0 
137 7 0 0 0 0 0 0 0 0 0 0 0 
138 7 0 0 0 0 0 0 0 0 0 0 0 
139 7 0 0 0 0 0 0 0 0 0 0 0 
140 7 0 0 0 0 0 0 0 0 0 0 0 
141 7 0 0 0 0 0 0 0 0 0 0 0 
142 7 0 0 0 0 0 0 0 0 0 0 0 
143 7 0 0 0 0 0 0 0 0 0 0 0 
144 7 0 0 0 0 0 0 0 0 0 0 0 
145 7 0 0 0 0 0 0 0 0 0 0 0 
146 7 0 0 0 0 0 0 0 0 0 0 0 
147 7 0 0 0 0 0 0 0 0 0 0 0 
148 7 0 0 0 0 0 0 0 0 0 0 0 
149 7 0 0 0 0 0 0 0 0 0 0 0 
150 7 0 0 0 0 0 0 0 0 0 0 0 
151 7 0 0 0 0 0 0 0 0 0 0 0 
152 7 0 0 0 0 0 0 0 0 0 0 0 
153 7 0 0 0 0 0 0 0 0 0 0 0 
154 7 0 0 0 0 0 0 0 0 0 0 0 
155 7 0 0 0 0 0 0 0 0 0 0 0 
156 7 0 0 0 0 0 0 0 0 0 0 0 
157 7 0 0 0 0 0 0 0 0 0 0 0 
158 7 0 0 0 0 0 0 0 0 0 0 0 
159 7 0 0 0 0 0 0 0 0 0 0 0 
160 7 0 0 0 0 0 0 0 0 0 0 0 
161 7 0 0 0 0 0 0 0 0 0 0 0 
162 7 0 0 0 0 0 0 0 0 0 0 0 
163 7 0 0 0 0 0 0 0 0 0 0 0 
164 7 0 0 0 0 0 0 0 0 0 0 0 
165 7 0 0 0 0 0 0 0 0 0 0 0 
166 7 0 0 0 0 0 0 0 0 0 0 0 
167 7 0 0 0 0 0 0 0 0 0 0 0 
168 7 0 0 0 0 0 0 0 0 0 0 0 
169 7 0 0 0 0 0 0 0 0 0 0 0 
170 7 0 0 0 0 0 0 0 0 0 0 0 
171 7 0 0 0 0 0 0 0 0 0 0 0 
172 7 0 0 0 0 0 0 0 0 0 0 0 
173 7 0 0 0 0 0 0 0 0 0 0 0 
174 7 0 0 0 0 0 0 0 0 0 0 0 
175 7 0 0 0 0 0 0 0 0 0 0 0 
176 7 0 0 0 0 0 0 0 0 0 0 0 
177 7 0 0 0 0 0 0 0 0 0 0 0 
178 7 0 0 0 0 0 0 0 0 0 0 0 
179 7 0 0 0 0 0 0 0 0 0 0 0 
180 7 0 0 0 0 0 0 0 0 0 0 0 
181 7 0 0 0 0 0 0 0 0 0 0 0 
182 7 0 0 0 0 0 0 0 0 0 0 0 
183 7 0 0 0 0 0 0 0 0 0 0 0 
184 7 0 0 0 0 0 0 0 0 0 0 0 
185 7 0 0 0 0 0 0 0 0 0 0 0 
186 7 0 0 0 0 0 0 0 0 0 0 0 
187 7 0 0 0 0 0 0 0 0 0 0 0 
188 7 0 0 0 0 0 0 0 0 0 0 0 
189 7 0 0 0 0 0 0 0 0 0 0 0 
190 7 0 0 0 0 0 0 0 0 0 0 0 
191 7 0 0 0 0 0 0 0 0 0 0 0 
192 7 0 0 0 0 0 0 0 0 0 0 0 
193 7 0 0 0 0 0 0 0 0 0 0 0 
194 7 0 0 0 0 0 0 0 0 0 0 0 
195 7 0 0 0 0 0 0 0 0 0 0 0 
196 7 0 0 0 0 0 0 0 0 0 0 0 
197 7 0 0 0 0 0 0 0 0 0 0 0 
198 7 0 0 0 0 0 0 0 0 0 0 0 
199 7 2 0 0 0 0 0 0 0 0 0 0 
200 7 3 0 0 0 0 0 0 0 0 0 0 
201 7 4 0 0 0 0 0 0 0 0 0 0 
202 7 5 0 0 0 0 0 0 0 0 0 0 
203 7 0 0 0 0 0 0 0 0 0 0 0 
204 7 0 0 0 0 0 0 0 0 0 0 0 
205 7 -1 181 0 18 -1 -1 -1 -1 -1 0 -20 
206 7 -1 86 2 12 -1 -1 -1 -1 -1 3 2738 
207 7 -1 311 2 14 -1 -1 -1 -1 -1 2 5674 
208 7 -1 349 1 21 -1 -1 -1 -1 -1 0 -22 
209 7 0 0 0 0 0 0 0 0 0 0 0 
210 7 0 0 0 0 0 0 0 0 0 0 0 
211 7 0 0 0 0 0 0 0 0 0 0 0 
212 7 0 0 0 0 0 0 0 0 0 0 0 
213 7 0 0 0 0 0 0 0 0 0 0 0 
214 7 0 0 0 0 0 0 0 0 0 0 0 
215 7 0 0 0 0 0 0 0 0 0 0 0 
216 7 0 0 0 0 0 0 0 0 0 0 0 
217 7 0 0 0 0 0 0 0 0 0 0 0 
218 7 0 0 0 0 0 0 0 0 0 0 0 
219 7 0 0 0 0 0 0 0 0 0 0 0 
220 7 0 0 0 0 0 0 0 0 0 0 0 
221 7 -1 88 3 35 -1 -1 -1 -1 -1 2 -66 
222 7 43 0 0 0 0 0 0 0 0 0 0 
223 7 0 0 0 0 0 0 0 0 0 0 0 
224 7 0 0 0 0 0 0 0 0 0 0 0 
225 7 0 0 0 0 0 0 0 0 0 0 0 
226 7 0 0 0 0 0 0 0 0 0 0 0 
227 7 0 0 0 0 0 0 0 0 0 0 0 
228 7 0 0 0 0 0 0 0 0 0 0 0 
229 7 46 0 0 0 0 0 0 0 0 0 0 
230 7 -1 141 4 15 -1 -1 -1 -1 -1 2 3741 
231 7 0 0 0 0 0 0 0 0 0 0 0 
232 7 0 0 0 0 0 0 0 0 0 0 0 
233 7 0 0 0 0 0 0 0 0 0 0 0 
234 7 0 0 0 0 0 0 0 0 0 0 0 
235 7 0 0 0 0 0 0 0 0 0 0 0 
236 7 0 0 0 0 0 0 0 0 0 0 0 
237 7 0 0 0 0 0 0 0 0 0 0 0 
238 7 0 0 0 0 0 0 0 0 0 0 0 
239 7 0 0 0 0 0 0 0 0 0 0 0 
240 7 0 0 0 0 0 0 0 0 0 0 0 
241 7 0 0 0 0 0 0 0 0 0 0 0 
242 7 0 0 0 0 0 0 0 0 0 0 0 
243 7 0 0 0 0 0 0 0 0 0 0 0 
244 7 0 0 0 0 0 0 0 0 0 0 0 
245 7 0 0 0 0 0 0 0 0 0 0 0 
246 7 0 0 0 0 0 0 0 0 0 0 0 
247 7 0 0 0 0 0 0 0 0 0 0 0 
248 7 0 0 0 0 0 0 0 0 0 0 0 
249 7 0 0 0 0 0 0 0 0 0 0 0 
250 7 0 0 0 0 0 0 0 0 0 0 0 
251 7 0 0 0 0 0 0 0 0 0 0 0 
252 7 0 0 0 0 0 0 0 0 0 0 0 
253 7 0 0 0 0 0 0 0 0 0 0 0 
254 7 0 0 0 0 0 0 0 0 0 0 0 
255 8 0 0 0 0 0 0 0 0 0 0 0 
256 8 0 0 0 0 0 0 0 0 0 0 0 
257 8 0 0 0 0 0 0 0 0 0 0 0 
258 8 0 0 0 0 0 0 0 0 0 0 0 
259 8 0 0 0 0 0 0 0 0 0 0 0 
260 8 0 0 0 0 0 0 0 0 0 0 0 
261 8 0 0 0 0 0 0 0 0 0 0 0 
262 8 0 0 0 0 0 0 0 0 0 0 0 
263 8 0 0 0 0 0 0 0 0 0 0 0 
264 8 0 0 0 0 0 0 0 0 0 0 0 
265 8 0 0 0 0 0 0 0 0 0 0 0 
266 8 0 0 0 0 0 0 0 0 0 0 0 
267 8 0 0 0 0 0 0 0 0 0 0 0 
268 8 0 0 0 0 0 0 0 0 0 0 0 
269 8 0 0 0 0 0 0 0 0 0 0 0 
270 8 0 0 0 0 0 0 0 0 0 0 0 
271 8 0 0 0 0 0 0 0 0 0 0 0 
272 8 0 0 0 0 0 0 0 0 0 0 0 
273 8 0 0 0 0 0 0 0 0 0 0 0 
274 8 0 0 0 0 0 0 0 0 0 0 0 
275 8 0 0 0 0 0 0 0 0 0 0 0 
276 8 0 0 0 0 0 0 0 0 0 0 0 
277 8 0 0 0 0 0 0 0 0 0 0 0 
278 8 0 0 0 0 0 0 0 0 0 0 0 
279 8 0 0 0 0 0 0 0 0 0 0 0 
280 8 0 0 0 0 0 0 0 0 0 0 0 
281 8 0 0 0 0 0 0 0 0 0 0 0 
282 8 0 0 0 0 0 0 0 0 0 0 0 
283 8 0 0 0 0 0 0 0 0 0 0 0 
284 8 0 0 0 0 0 0 0 0 0 0 0 
285 8 0 0 0 0 0 0 0 0 0 0 0 
286 8 0 0 0 0 0 0 0 0 0 0 0 
287 8 0 0 0 0 0 0 0 0 0 0 0 
288 8 0 0 0 0 0 0 0 0 0 0 0 
289 8 0 0 0 0 0 0 0 0 0 0 0 
290 8 0 0 0 0 0 0 0 0 0 0 0 
291 8 0 0 0 0 0 0 0 0 0 0 0 
292 8 0 0 0 0 0 0 0 0 0 0 0 
293 8 0 0 0 0 0 0 0 0 0 0 0 
294 8 0 0 0 0 0 0 0 0 0 0 0 
295 8 0 0 0 0 0 0 0 0 0 0 0 
296 8 0 0 0 0 0 0 0 0 0 0 0 
297 8 0 0 0 0 0 0 0 0 0 0 0 
298 8 0 0 0 0 0 0 0 0 0 0 0 
299 8 0 0 0 0 0 0 0 0 0 0 0 
300 8 0 0 0 0 0 0 0 0 0 0 0 
301 8 0 0 0 0 0 0 0 0 0 0 0 
302 8 0 0 0 0 0 0 0 0 0 0 0 
303 8 0 0 0 0 0 0 0 0 0 0 0 
304 8 0 0 0 0 0 0 0 0 0 0 0 
305 8 0 0 0 0 0 0 0 0 0 0 0 
306 8 0 0 0 0 0 0 0 0 0 0 0 
307 8 0 0 0 0 0 0 0 0 0 0 0 
308 8 0 0 0 0 0 0 0 0 0 0 0 
309 8 0 0 0 0 0 0 0 0 0 0 0 
310 8 0 0 0 0 0 0 0 0 0 0 0 
311 8 0 0 0 0 0 0 0 0 0 0 0 
312 8 0 0 0 0 0 0 0 0 0 0 0 
313 8 0 0 0 0 0 0 0 0 0 0 0 
314 8 0 0 0 0 0 0 0 0 0 0 0 
315 8 0 0 0 0 0 0 0 0 0 0 0 
316 8 0 0 0 0 0 0 0 0 0 0 0 
317 8 0 0 0 0 0 0 0 0 0 0 0 
318 8 0 0 0 0 0 0 0 0 0 0 0 
319 8 0 0 0 0 0 0 0 0 0 0 0 
320 8 0 0 0 0 0 0 0 0 0 0 0 
321 8 0 0 0 0 0 0 0 0 0 0 0 
322 8 0 0 0 0 0 0 0 0 0 0 0 
323 8 0 0 0 0 0 0 0 0 0 0 0 
324 8 0 0 0 0 0 0 0 0 0 0 0 
325 8 0 0 0 0 0 0 0 0 0 0 0 
326 8 0 0 0 0 0 0 0 0 0 0 0 
327 8 0 0 0 0 0 0 0 0 0 0 0 
328 8 0 0 0 0 0 0 0 0 0 0 0 
329 8 0 0 0 0 0 0 0 0 0 0 0 
330 8 0 0 0 0 0 0 0 0 0 0 0 
331 8 0 0 0 0 0 0 0 0 0 0 0 
332 8 0 0 0 0 0 0 0 0 0 0 0 
333 8 0 0 0 0 0 0 0 0 0 0 0 
334 8 0 0 0 0 0 0 0 0 0 0 0 
335 8 0 0 0 0 0 0 0 0 0 0 0 
336 8 0 0 0 0 0 0 0 0 0 0 0 
337 8 0 0 0 0 0 0 0 0 0 0 0 
338 8 0 0 0 0 0 0 0 0 0 0 0 
339 8 0 0 0 0 0 0 0 0 0 0 0 
340 8 0 0 0 0 0 0 0 0 0 0 0 
341 8 0 0 0 0 0 0 0 0 0 0 0 
342 8 0 0 0 0 0 0 0 0 0 0 0 
343 8 0 0 0 0 0 0 0 0 0 0 0 
344 8 0 0 0 0 0 0 0 0 0 0 0 
345 8 0 0 0 0 0 0 0 0 0 0 0 
346 8 0 0 0 0 0 0 0 0 0 0 0 
347 8 0 0 0 0 0 0 0 0 0 0 0 
348 8 0 0 0 0 0 0 0 0 0 0 0 
349 8 0 0 0 0 0 0 0 0 0 0 0 
350 8 0 0 0 0 0 0 0 0 0 0 0 
351 8 0 0 0 0 0 0 0 0 0 0 0 
352 8 0 0 0 0 0 0 0 0 0 0 0 
353 8 0 0 0 0 0 0 0 0 0 0 0 
354 8 0 0 0 0 0 0 0 0 0 0 0 
355 8 0 0 0 0 0 0 0 0 0 0 0 
356 8 0 0 0 0 0 0 0 0 0 0 0 
357 8 0 0 0 0 0 0 0 0 0 0 0 
358 8 0 0 0 0 0 0 0 0 0 0 0 
359 8 0 0 0 0 0 0 0 0 0 0 0 
360 8 0 0 0 0 0 0 0 0 0 0 0 
361 8 0 0 0 0 0 0 0 0 0 0 0 
362 8 0 0 0 0 0 0 0 0 0 0 0 
363 8 0 0 0 0 0 0 0 0 0 0 0 
364 8 0 0 0 0 0 0 0 0 0 0 0 
365 8 0 0 0 0 0 0 0 0 0 0 0 
366 8 0 0 0 0 0 0 0 0 0 0 0 
367 8 0 0 0 0 0 0 0 0 0 0 0 
368 8 0 0 0 0 0 0 0 0 0 0 0 
369 8 0 0 0 0 0 0 0 0 0 0 0 
370 8 0 0 0 0 0 0 0 0 0 0 0 
371 8 0 0 0 0 0 0 0 0 0 0 0 
372 8 0 0 0 0 0 0 0 0 0 0 0 
373 8 0 0 0 0 0 0 0 0 0 0 0 
374 8 0 0 0 0 0 0 0 0 0 0 0 
375 8 0 0 0 0 0 0 0 0 0 0 0 
376 8 0 0 0 0 0 0 0 0 0 0 0 
377 8 0 0 0 0 0 0 0 0 0 0 0 
378 8 0 0 0 0 0 0 0 0 0 0 0 
379 8 0 0 0 0 0 0 0 0 0 0 0 
380 8 0 0 0 0 0 0 0 0 0 0 0 
381 8 0 0 0 0 0 0 0 0 0 0 0 
382 8 0 0 0 0 0 0 0 0 0 0 0 
383 8 0 0 0 0 0 0 0 0 0 0 0 
384 8 0 0 0 0 0 0 0 0 0 0 0 
385 8 0 0 0 0 0 0 0 0 0 0 0 
386 8 0 0 0 0 0 0 0 0 0 0 0 
387 8 0 0 0 0 0 0 0 0 0 0 0 
388 8 0 0 0 0 0 0 0 0 0 0 0 
389 8 0 0 0 0 0 0 0 0 0 0 0 
390 8 0 0 0 0 0 0 0 0 0 0 0 
391 8 0 0 0 0 0 0 0 0 0 0 0 
392 8 0 0 0 0 0 0 0 0 0 0 0 
393 8 0 0 0 0 0 0 0 0 0 0 0 
394 8 0 0 0 0 0 0 0 0 0 0 0 
395 8 0 0 0 0 0 0 0 0 0 0 0 
396 8 0 0 0 0 0 0 0 0 0 0 0 
397 8 0 0 0 0 0 0 0 0 0 0 0 
398 8 0 0 0 0 0 0 0 0 0 0 0 
399 8 0 0 0 0 0 0 0 0 0 0 0 
400 8 0 0 0 0 0 0 0 0 0 0 0 
401 8 0 0 0 0 0 0 0 0 0 0 0 
402 8 0 0 0 0 0 0 0 0 0 0 0 
403 8 0 0 0 0 0 0 0 0 0 0 0 
404 8 0 0 0 0 0 0 0 0 0 0 0 
405 8 0 0 0 0 0 0 0 0 0 0 0 
406 8 0 0 0 0 0 0 0 0 0 0 0 
407 8 0 0 0 0 0 0 0 0 0 0 0 
408 8 0 0 0 0 0 0 0 0 0 0 0 
409 8 0 0 0 0 0 0 0 0 0 0 0 
410 8 0 0 0 0 0 0 0 0 0 0 0 
411 8 7 0 0 0 0 0 0 0 0 0 0 
412 8 -1 211 1 20 -1 -1 -1 -1 -1 3 -6 
413 8 -1 279 4 37 -1 -1 -1 -1 -1 1 5708 
414 8 -1 234 1 25 -1 -1 -1 -1 -1 1 -20 
415 8 -1 237 1 20 -1 -1 -1 -1 -1 1 -28 
416 8 -1 147 2 19 -1 -1 -1 -1 -1 0 2857 
417 8 -1 197 2 31 -1 -1 -1 -1 -1 3 165 
418 8 -1 123 1 27 -1 -1 -1 -1 -1 1 -7 
419 8 0 0 0 0 0 0 0 0 0 0 0 
420 8 0 0 0 0 0 0 0 0 0 0 0 
421 8 0 0 0 0 0 0 0 0 0 0 0 
422 8 0 0 0 0 0 0 0 0 0 0 0 
423 8 0 0 0 0 0 0 0 0 0 0 0 
424 8 0 0 0 0 0 0 0 0 0 0 0 
425 8 0 0 0 0 0 0 0 0 0 0 0 
426 8 0 0 0 0 0 0 0 0 0 0 0 
427 8 0 0 0 0 0 0 0 0 0 0 0 
428 8 0 0 0 0 0 0 0 0 0 0 0 
429 8 0 0 0 0 0 0 0 0 0 0 0 
430 8 0 0 0 0 0 0 0 0 0 0 0 
431 8 0 0 0 0 0 0 0 0 0 0 0 
432 8 0 0 0 0 0 0 0 0 0 0 0 
433 8 0 0 0 0 0 0 0 0 0 0 0 
434 8 0 0 0 0 0 0 0 0 0 0 0 
435 8 0 0 0 0 0 0 0 0 0 0 0 
436 8 0 0 0 0 0 0 0 0 0 0 0 
437 8 0 0 0 0 0 0 0 0 0 0 0 
438 8 0 0 0 0 0 0 0 0 0 0 0 
439 8 0 0 0 0 0 0 0 0 0 0 0 
440 8 0 0 0 0 0 0 0 0 0 0 0 
441 8 0 0 0 0 0 0 0 0 0 0 0 
442 8 0 0 0 0 0 0 0 0 0 0 0 
443 8 38 0 0 0 0 0 0 0 0 0 0 
444 8 -1 9 2 37 -1 -1 -1 -1 -1 0 367 
445 8 0 0 0 0 0 0 0 0 0 0 0 
446 8 0 0 0 0 0 0 0 0 0 0 0 
447 8 0 0 0 0 0 0 0 0 0 0 0 
448 8 0 0 0 0 0 0 0 0 0 0 0 
449 8 0 0 0 0 0 0 0 0 0 0 0 
450 8 0 0 0 0 0 0 0 0 0 0 0 
451 8 0 0 0 0 0 0 0 0 0 0 0 
452 8 0 0 0 0 0 0 0 0 0 0 0 
453 8 0 0 0 0 0 0 0 0 0 0 0 
454 8 0 0 0 0 0 0 0 0 0 0 0 
455 8 0 0 0 0 0 0 0 0 0 0 0 
456 8 0 0 0 0 0 0 0 0 0 0 0 
457 8 0 0 0 0 0 0 0 0 0 0 0 
458 8 0 0 0 0 0 0 0 0 0 0 0 
459 8 0 0 0 0 0 0 0 0 0 0 0 
460 8 0 0 0 0 0 0 0 0 0 0 0 
461 8 -1 257 3 28 -1 -1 -1 -1 -1 0 -15 
462 8 50 0 0 0 0 0 0 0 0 0 0 
463 8 0 0 0 0 0 0 0 0 0 0 0 
464 8 0 0 0 0 0 0 0 0 0 0 0 
465 8 0 0 0 0 0 0 0 0 0 0 0 
466 8 0 0 0 0 0 0 0 0 0 0 0 
467 8 0 0 0 0 0 0 0 0 0 0 0 
468 8 0 0 0 0 0 0 0 0 0 0 0 
469 8 0 0 0 0 0 0 0 0 0 0 0 
470 8 0 0 0 0 0 0 0 0 0 0 0 
471 8 0 0 0 0 0 0 0 0 0 0 0 
472 8 0 0 0 0 0 0 0 0 0 0 0 
473 8 0 0 0 0 0 0 0 0 0 0 0 
474 8 0 0 0 0 0 0 0 0 0 0 0 
475 8 0 0 0 0 0 0 0 0 0 0 0 
476 8 0 0 0 0 0 0 0 0 0 0 0 
477 8 0 0 0 0 0 0 0 0 0 0 0 
478 8 0 0 0 0 0 0 0 0 0 0 0 
479 8 0 0 0 0 0 0 0 0 0 0 0 
480 8 0 0 0 0 0 0 0 0 0 0 0 
481 8 0 0 0 0 0 0 0 0 0 0 0 
482 8 0 0 0 0 0 0 0 0 0 0 0 
483 8 0 0 0 0 0 0 0 0 0 0 0 
484 8 0 0 0 0 0 0 0 0 0 0 0 
485 8 0 0 0 0 0 0 0 0 0 0 0 
486 8 0 0 0 0 0 0 0 0 0 0 0 
487 8 0 0 0 0 0 0 0 0 0 0 0 
488 8 0 0 0 0 0 0 0 0 0 0 0 
489 8 0 0 0 0 0 0 0 0 0 0 0 
490 8 0 0 0 0 0 0 0 0 0 0 0 
491 8 0 0 0 0 0 0 0 0 0 0 0 
492 8 0 0 0 0 0 0 0 0 0 0 0 
493 8 0 0 0 0 0 0 0 0 0 0 0 
494 8 0 0 0 0 0 0 0 0 0 0 0 
495 8 0 0 0 0 0 0 0 0 0 0 0 
496 8 0 0 0 0 0 0 0 0 0 0 0 
497 8 0 0 0 0 0 0 0 0 0 0 0 
498 8 0 0 0 0 0 0 0 0 0 0 0 
499 8 0 0 0 0 0 0 0 0 0 0 0 
500 8 0 0 0 0 0 0 0 0 0 0 0 
501 8 0 0 0 0 0 0 0 0 0 0 0 
502 8 0 0 0 0 0 0 0 0 0 0 0 
503 8 0 0 0 0 0 0 0 0 0 0 0 
504 8 0 0 0 0 0 0 0 0 0 0 0 
505 8 0 0 0 0 0 0 0 0 0 0 0 
506 8 0 0 0 0 0 0 0 0 0 0 0 
507 8 0 0 0 0 0 0 0 0 0 0 0 
508 8 0 0 0 0 0 0 0 0 0 0 0 
509 8 0 0 0 0 0 0 0 0 0 0 0 
510 8 0 0 0 0 0 0 0 0 0 0 0 
511 9 0 0 0 0 0 0 0 0 0 0 0 
512 9 0 0 0 0 0 0 0 0 0 0 0 
513 9 0 0 0 0 0 0 0 0 0 0 0 
514 9 0 0 0 0 0 0 0 0 0 0 0 
515 9 0 0 0 0 0 0 0 0 0 0 0 
516 9 0 0 0 0 0 0 0 0 0 0 0 
517 9 0 0 0 0 0 0 0 0 0 0 0 
518 9 0 0 0 0 0 0 0 0 0 0 0 
519 9 0 0 0 0 0 0 0 0 0 0 0 
520 9 0 0 0 0 0 0 0 0 0 0 0 
521 9 0 0 0 0 0 0 0 0 0 0 0 
522 9 0 0 0 0 0 0 0 0 0 0 0 
523 9 0 0 0 0 0 0 0 0 0 0 0 
524 9 0 0 0 0 0 0 0 0 0 0 0 
525 9 0 0 0 0 0 0 0 0 0 0 0 
526 9 0 0 0 0 0 0 0 0 0 0 0 
527 9 0 0 0 0 0 0 0 0 0 0 0 
528 9 0 0 0 0 0 0 0 0 0 0 0 
529 9 0 0 0 0 0 0 0 0 0 0 0 
530 9 0 0 0 0 0 0 0 0 0 0 0 
531 9 0 0 0 0 0 0 0 0 0 0 0 
532 9 0 0 0 0 0 0 0 0 0 0 0 
533 9 0 0 0 0 0 0 0 0 0 0 0 
534 9 0 0 0 0 0 0 0 0 0 0 0 
535 9 0 0 0 0 0 0 0 0 0 0 0 
536 9 0 0 0 0 0 0 0 0 0 0 0 
537 9 0 0 0 0 0 0 0 0 0 0 0 
538 9 0 0 0 0 0 0 0 0 0 0 0 
539 9 0 0 0 0 0 0 0 0 0 0 0 
540 9 0 0 0 0 0 0 0 0 0 0 0 
541 9 0 0 0 0 0 0 0 0 0 0 0 
542 9 0 0 0 0 0 0 0 0 0 0 0 
543 9 0 0 0 0 0 0 0 0 0 0 0 
544 9 0 0 0 0 0 0 0 0 0 0 0 
545 9 0 0 0 0 0 0 0 0 0 0 0 
546 9 0 0 0 0 0 0 0 0 0 0 0 
547 9 0 0 0 0 0 0 0 0 0 0 0 
548 9 0 0 0 0 0 0 0 0 0 0 0 
549 9 0 0 0 0 0 0 0 0 0 0 0 
550 9 0 0 0 0 0 0 0 0 0 0 0 
551 9 0 0 0 0 0 0 0 0 0 0 0 
552 9 0 0 0 0 0 0 0 0 0 0 0 
553 9 0 0 0 0 0 0 0 0 0 0 0 
554 9 0 0 0 0 0 0 0 0 0 0 0 
555 9 0 0 0 0 0 0 0 0 0 0 0 
556 9 0 0 0 0 0 0 0 0 0 0 0 
557 9 0 0 0 0 0 0 0 0 0 0 0 
558 9 0 0 0 0 0 0 0 0 0 0 0 
559 9 0 0 0 0 0 0 0 0 0 0 0 
560 9 0 0 0 0 0 0 0 0 0 0 0 
561 9 0 0 0 0 0 0 0 0 0 0 0 
562 9 0 0 0 0 0 0 0 0 0 0 0 
563 9 0 0 0 0 0 0 0 0 0 0 0 
564 9 0 0 0 0 0 0 0 0 0 0 0 
565 9 0 0 0 0 0 0 0 0 0 0 0 
566 9 0 0 0 0 0 0 0 0 0 0 0 
567 9 0 0 0 0 0 0 0 0 0 0 0 
568 9 0 0 0 0 0 0 0 0 0 0 0 
569 9 0 0 0 0 0 0 0 0 0 0 0 
570 9 0 0 0 0 0 0 0 0 0 0 0 
571 9 0 0 0 0 0 0 0 0 0 0 0 
572 9 0 0 0 0 0 0 0 0 0 0 0 
573 9 0 0 0 0 0 0 0 0 0 0 0 
574 9 0 0 0 0 0 0 0 0 0 0 0 
575 9 0 0 0 0 0 0 0 0 0 0 0 
576 9 0 0 0 0 0 0 0 0 0 0 0 
577 9 0 0 0 0 0 0 0 0 0 0 0 
578 9 0 0 0 0 0 0 0 0 0 0 0 
579 9 0 0 0 0 0 0 0 0 0 0 0 
580 9 0 0 0 0 0 0 0 0 0 0 0 
581 9 0 0 0 0 0 0 0 0 0 0 0 
582 9 0 0 0 0 0 0 0 0 0 0 0 
583 9 0 0 0 0 0 0 0 0 0 0 0 
584 9 0 0 0 0 0 0 0 0 0 0 0 
585 9 0 0 0 0 0 0 0 0 0 0 0 
586 9 0 0 0 0 0 0 0 0 0 0 0 
587 9 0 0 0 0 0 0 0 0 0 0 0 
588 9 0 0 0 0 0 0 0 0 0 0 0 
589 9 0 0 0 0 0 0 0 0 0 0 0 
590 9 0 0 0 0 0 0 0 0 0 0 0 
591 9 0 0 0 0 0 0 0 0 0 0 0 
592 9 0 0 0 0 0 0 0 0 0 0 0 
593 9 0 0 0 0 0 0 0 0 0 0 0 
594 9 0 0 0 0 0 0 0 0 0 0 0 
595 9 0 0 0 0 0 0 0 0 0 0 0 
596 9 0 0 0 0 0 0 0 0 0 0 0 
597 9 0 0 0 0 0 0 0 0 0 0 0 
598 9 0 0 0 0 0 0 0 0 0 0 0 
599 9 0 0 0 0 0 0 0 0 0 0 0 
600 9 0 0 0 0 0 0 0 0 0 0 0 
601 9 0 0 0 0 0 0 0 0 0 0 0 
602 9 0 0 0 0 0 0 0 0 0 0 0 
603 9 0 0 0 0 0 0 0 0 0 0 0 
604 9 0 0 0 0 0 0 0 0 0 0 0 
605 9 0 0 0 0 0 0 0 0 0 0 0 
606 9 0 0 0 0 0 0 0 0 0 0 0 
607 9 0 0 0 0 0 0 0 0 0 0 0 
608 9 0 0 0 0 0 0 0 0 0 0 0 
609 9 0 0 0 0 0 0 0 0 0 0 0 
610 9 0 0 0 0 0 0 0 0 0 0 0 
611 9 0 0 0 0 0 0 0 0 0 0 0 
612 9 0 0 0 0 0 0 0 0 0 0 0 
613 9 0 0 0 0 0 0 0 0 0 0 0 
614 9 0 0 0 0 0 0 0 0 0 0 0 
615 9 0 0 0 0 0 0 0 0 0 0 0 
616 9 0 0 0 0 0 0 0 0 0 0 0 
617 9 0 0 0 0 0 0 0 0 0 0 0 
618 9 0 0 0 0 0 0 0 0 0 0 0 
619 9 0 0 0 0 0 0 0 0 0 0 0 
620 9 0 0 0 0 0 0 0 0 0 0 0 
621 9 0 0 0 0 0 0 0 0 0 0 0 
622 9 0 0 0 0 0 0 0 0 0 0 0 
623 9 0 0 0 0 0 0 0 0 0 0 0 
624 9 0 0 0 0 0 0 0 0 0 0 0 
625 9 0 0 0 0 0 0 0 0 0 0 0 
626 9 0 0 0 0 0 0 0 0 0 0 0 
627 9 0 0 0 0 0 0 0 0 0 0 0 
628 9 0 0 0 0 0 0 0 0 0 0 0 
629 9 0 0 0 0 0 0 0 0 0 0 0 
630 9 0 0 0 0 0 0 0 0 0 0 0 
631 9 0 0 0 0 0 0 0 0 0 0 0 
632 9 0 0 0 0 0 0 0 0 0 0 0 
633 9 0 0 0 0 0 0 0 0 0 0 0 
634 9 0 0 0 0 0 0 0 0 0 0 0 
635 9 0 0 0 0 0 0 0 0 0 0 0 
636 9 0 0 0 0 0 0 0 0 0 0 0 
637 9 0 0 0 0 0 0 0 0 0 0 0 
638 9 0 0 0 0 0 0 0 0 0 0 0 
639 9 0 0 0 0 0 0 0 0 0 0 0 
640 9 0 0 0 0 0 0 0 0 0 0 0 
641 9 0 0 0 0 0 0 0 0 0 0 0 
642 9 0 0 0 0 0 0 0 0 0 0 0 
643 9 0 0 0 0 0 0 0 0 0 0 0 
644 9 0 0 0 0 0 0 0 0 0 0 0 
645 9 0 0 0 0 0 0 0 0 0 0 0 
646 9 0 0 0 0 0 0 0 0 0 0 0 
647 9 0 0 0 0 0 0 0 0 0 0 0 
648 9 0 0 0 0 0 0 0 0 0 0 0 
649 9 0 0 0 0 0 0 0 0 0 0 0 
650 9 0 0 0 0 0 0 0 0 0 0 0 
651 9 0 0 0 0 0 0 0 0 0 0 0 
652 9 0 0 0 0 0 0 0 0 0 0 0 
653 9 0 0 0 0 0 0 0 0 0 0 0 
654 9 0 0 0 0 0 0 0 0 0 0 0 
655 9 0 0 0 0 0 0 0 0 0 0 0 
656 9 0 0 0 0 0 0 0 0 0 0 0 
657 9 0 0 0 0 0 0 0 0 0 0 0 
658 9 0 0 0 0 0 0 0 0 0 0 0 
659 9 0 0 0 0 0 0 0 0 0 0 0 
660 9 0 0 0 0 0 0 0 0 0 0 0 
661 9 0 0 0 0 0 0 0 0 0 0 0 
662 9 0 0 0 0 0 0 0 0 0 0 0 
663 9 0 0 0 0 0 0 0 0 0 0 0 
664 9 0 0 0 0 0 0 0 0 0 0 0 
665 9 0 0 0 0 0 0 0 0 0 0 0 
666 9 0 0 0 0 0 0 0 0 0 0 0 
667 9 0 0 0 0 0 0 0 0 0 0 0 
668 9 0 0 0 0 0 0 0 0 0 0 0 
669 9 0 0 0 0 0 0 0 0 0 0 0 
670 9 0 0 0 0 0 0 0 0 0 0 0 
671 9 0 0 0 0 0 0 0 0 0 0 0 
672 9 0 0 0 0 0 0 0 0 0 0 0 
673 9 0 0 0 0 0 0 0 0 0 0 0 
674 9 0 0 0 0 0 0 0 0 0 0 0 
675 9 0 0 0 0 0 0 0 0 0 0 0 
676 9 0 0 0 0 0 0 0 0 0 0 0 
677 9 0 0 0 0 0 0 0 0 0 0 0 
678 9 0 0 0 0 0 0 0 0 0 0 0 
679 9 0 0 0 0 0 0 0 0 0 0 0 
680 9 0 0 0 0 0 0 0 0 0 0 0 
681 9 0 0 0 0 0 0 0 0 0 0 0 
682 9 0 0 0 0 0 0 0 0 0 0 0 
683 9 0 0 0 0 0 0 0 0 0 0 0 
684 9 0 0 0 0 0 0 0 0 0 0 0 
685 9 0 0 0 0 0 0 0 0 0 0 0 
686 9 0 0 0 0 0 0 0 0 0 0 0 
687 9 0 0 0 0 0 0 0 0 0 0 0 
688 9 0 0 0 0 0 0 0 0 0 0 0 
689 9 0 0 0 0 0 0 0 0 0 0 0 
690 9 0 0 0 0 0 0 0 0 0 0 0 
691 9 0 0 0 0 0 0 0 0 0 0 0 
692 9 0 0 0 0 0 0 0 0 0 0 0 
693 9 0 0 0 0 0 0 0 0 0 0 0 
694 9 0 0 0 0 0 0 0 0 0 0 0 
695 9 0 0 0 0 0 0 0 0 0 0 0 
696 9 0 0 0 0 0 0 0 0 0 0 0 
697 9 0 0 0 0 0 0 0 0 0 0 0 
698 9 0 0 0 0 0 0 0 0 0 0 0 
699 9 0 0 0 0 0 0 0 0 0 0 0 
700 9 0 0 0 0 0 0 0 0 0 0 0 
701 9 0 0 0 0 0 0 0 0 0 0 0 
702 9 0 0 0 0 0 0 0 0 0 0 0 
703 9 0 0 0 0 0 0 0 0 0 0 0 
704 9 0 0 0 0 0 0 0 0 0 0 0 
705 9 0 0 0 0 0 0 0 0 0 0 0 
706 9 0 0 0 0 0 0 0 0 0 0 0 
707 9 0 0 0 0 0 0 0 0 0 0 0 
708 9 0 0 0 0 0 0 0 0 0 0 0 
709 9 0 0 0 0 0 0 0 0 0 0 0 
710 9 0 0 0 0 0 0 0 0 0 0 0 
711 9 0 0 0 0 0 0 0 0 0 0 0 
712 9 0 0 0 0 0 0 0 0 0 0 0 
713 9 0 0 0 0 0 0 0 0 0 0 0 
714 9 0 0 0 0 0 0 0 0 0 0 0 
715 9 0 0 0 0 0 0 0 0 0 0 0 
716 9 0 0 0 0 0 0 0 0 0 0 0 
717 9 0 0 0 0 0 0 0 0 0 0 0 
718 9 0 0 0 0 0 0 0 0 0 0 0 
719 9 0 0 0 0 0 0 0 0 0 0 0 
720 9 0 0 0 0 0 0 0 0 0 0 0 
721 9 0 0 0 0 0 0 0 0 0 0 0 
722 9 0 0 0 0 0 0 0 0 0 0 0 
723 9 0 0 0 0 0 0 0 0 0 0 0 
724 9 0 0 0 0 0 0 0 0 0 0 0 
725 9 0 0 0 0 0 0 0 0 0 0 0 
726 9 0 0 0 0 0 0 0 0 0 0 0 
727 9 0 0 0 0 0 0 0 0 0 0 0 
728 9 0 0 0 0 0 0 0 0 0 0 0 
729 9 0 0 0 0 0 0 0 0 0 0 0 
730 9 0 0 0 0 0 0 0 0 0 0 0 
731 9 0 0 0 0 0 0 0 0 0 0 0 
732 9 0 0 0 0 0 0 0 0 0 0 0 
733 9 0 0 0 0 0 0 0 0 0 0 0 
734 9 0 0 0 0 0 0 0 0 0 0 0 
735 9 0 0 0 0 0 0 0 0 0 0 0 
736 9 0 0 0 0 0 0 0 0 0 0 0 
737 9 0 0 0 0 0 0 0 0 0 0 0 
738 9 0 0 0 0 0 0 0 0 0 0 0 
739 9 0 0 0 0 0 0 0 0 0 0 0 
740 9 0 0 0 0 0 0 0 0 0 0 0 
741 9 0 0 0 0 0 0 0 0 0 0 0 
742 9 0 0 0 0 0 0 0 0 0 0 0 
743 9 0 0 0 0 0 0 0 0 0 0 0 
744 9 0 0 0 0 0 0 0 0 0 0 0 
745 9 0 0 0 0 0 0 0 0 0 0 0 
746 9 0 0 0 0 0 0 0 0 0 0 0 
747 9 0 0 0 0 0 0 0 0 0 0 0 
748 9 0 0 0 0 0 0 0 0 0 0 0 
749 9 0 0 0 0 0 0 0 0 0 0 0 
750 9 0 0 0 0 0 0 0 0 0 0 0 
751 9 0 0 0 0 0 0 0 0 0 0 0 
752 9 0 0 0 0 0 0 0 0 0 0 0 
753 9 0 0 0 0 0 0 0 0 0 0 0 
754 9 0 0 0 0 0 0 0 0 0 0 0 
755 9 0 0 0 0 0 0 0 0 0 0 0 
756 9 0 0 0 0 0 0 0 0 0 0 0 
757 9 0 0 0 0 0 0 0 0 0 0 0 
758 9 0 0 0 0 0 0 0 0 0 0 0 
759 9 0 0 0 0 0 0 0 0 0 0 0 
760 9 0 0 0 0 0 0 0 0 0 0 0 
761 9 0 0 0 0 0 0 0 0 0 0 0 
762 9 0 0 0 0 0 0 0 0 0 0 0 
763 9 0 0 0 0 0 0 0 0 0 0 0 
764 9 0 0 0 0 0 0 0 0 0 0 0 
765 9 0 0 0 0 0 0 0 0 0 0 0 
766 9 0 0 0 0 0 0 0 0 0 0 0 
767 9 0 0 0 0 0 0 0 0 0 0 0 
768 9 0 0 0 0 0 0 0 0 0 0 0 
769 9 0 0 0 0 0 0 0 0 0 0 0 
770 9 0 0 0 0 0 0 0 0 0 0 0 
771 9 0 0 0 0 0 0 0 0 0 0 0 
772 9 0 0 0 0 0 0 0 0 0 0 0 
773 9 0 0 0 0 0 0 0 0 0 0 0 
774 9 0 0 0 0 0 0 0 0 0 0 0 
775 9 0 0 0 0 0 0 0 0 0 0 0 
776 9 0 0 0 0 0 0 0 0 0 0 0 
777 9 0 0 0 0 0 0 0 0 0 0 0 
778 9 0 0 0 0 0 0 0 0 0 0 0 
779 9 0 0 0 0 0 0 0 0 0 0 0 
780 9 0 0 0 0 0 0 0 0 0 0 0 
781 9 0 0 0 0 0 0 0 0 0 0 0 
782 9 0 0 0 0 0 0 0 0 0 0 0 
783 9 0 0 0 0 0 0 0 0 0 0 0 
784 9 0 0 0 0 0 0 0 0 0 0 0 
785 9 0 0 0 0 0 0 0 0 0 0 0 
786 9 0 0 0 0 0 0 0 0 0 0 0 
787 9 0 0 0 0 0 0 0 0 0 0 0 
788 9 0 0 0 0 0 0 0 0 0 0 0 
789 9 0 0 0 0 0 0 0 0 0 0 0 
790 9 0 0 0 0 0 0 0 0 0 0 0 
791 9 0 0 0 0 0 0 0 0 0 0 0 
792 9 0 0 0 0 0 0 0 0 0 0 0 
793 9 0 0 0 0 0 0 0 0 0 0 0 
794 9 0 0 0 0 0 0 0 0 0 0 0 
795 9 0 0 0 0 0 0 0 0 0 0 0 
796 9 0 0 0 0 0 0 0 0 0 0 0 
797 9 0 0 0 0 0 0 0 0 0 0 0 
798 9 0 0 0 0 0 0 0 0 0 0 0 
799 9 0 0 0 0 0 0 0 0 0 0 0 
800 9 0 0 0 0 0 0 0 0 0 0 0 
801 9 0 0 0 0 0 0 0 0 0 0 0 
802 9 0 0 0 0 0 0 0 0 0 0 0 
803 9 0 0 0 0 0 0 0 0 0 0 0 
804 9 0 0 0 0 0 0 0 0 0 0 0 
805 9 0 0 0 0 0 0 0 0 0 0 0 
806 9 0 0 0 0 0 0 0 0 0 0 0 
807 9 0 0 0 0 0 0 0 0 0 0 0 
808 9 0 0 0 0 0 0 0 0 0 0 0 
809 9 0 0 0 0 0 0 0 0 0 0 0 
810 9 0 0 0 0 0 0 0 0 0 0 0 
811 9 0 0 0 0 0 0 0 0 0 0 0 
812 9 0 0 0 0 0 0 0 0 0 0 0 
813 9 0 0 0 0 0 0 0 0 0 0 0 
814 9 0 0 0 0 0 0 0 0 0 0 0 
815 9 0 0 0 0 0 0 0 0 0 0 0 
816 9 0 0 0 0 0 0 0 0 0 0 0 
817 9 0 0 0 0 0 0 0 0 0 0 0 
818 9 0 0 0 0 0 0 0 0 0 0 0 
819 9 0 0 0 0 0 0 0 0 0 0 0 
820 9 0 0 0 0 0 0 0 0 0 0 0 
821 9 0 0 0 0 0 0 0 0 0 0 0 
822 9 0 0 0 0 0 0 0 0 0 0 0 
823 9 0 0 0 0 0 0 0 0 0 0 0 
824 9 0 0 0 0 0 0 0 0 0 0 0 
825 9 -1 89 3 10 -1 -1 -1 -1 -1 3 -3 
826 9 -1 289 4 24 -1 -1 -1 -1 -1 3 840 
827 9 -1 323 2 24 -1 -1 -1 -1 -1 3 253 
828 9 -1 312 4 24 -1 -1 -1 -1 -1 2 9637 
829 9 16 0 0 0 0 0 0 0 0 0 0 
830 9 -1 265 4 11 -1 -1 -1 -1 -1 0 16207 
831 9 19 0 0 0 0 0 0 0 0 0 0 
832 9 -1 258 3 21 -1 -1 -1 -1 -1 3 -14 
833 9 -1 12 4 22 -1 -1 -1 -1 -1 0 1917 
834 9 -1 269 2 29 -1 -1 -1 -1 -1 1 850 
835 9 -1 249 3 26 -1 -1 -1 -1 -1 0 -38 
836 9 -1 285 3 13 -1 -1 -1 -1 -1 1 -21 
837 9 -1 220 4 10 -1 -1 -1 -1 -1 3 2894 
838 9 -1 137 4 13 -1 -1 -1 -1 -1 0 12304 
839 9 0 0 0 0 0 0 0 0 0 0 0 
840 9 0 0 0 0 0 0 0 0 0 0 0 
841 9 0 0 0 0 0 0 0 0 0 0 0 
842 9 0 0 0 0 0 0 0 0 0 0 0 
843 9 0 0 0 0 0 0 0 0 0 0 0 
844 9 0 0 0 0 0 0 0 0 0 0 0 
845 9 0 0 0 0 0 0 0 0 0 0 0 
846 9 0 0 0 0 0 0 0 0 0 0 0 
847 9 0 0 0 0 0 0 0 0 0 0 0 
848 9 0 0 0 0 0 0 0 0 0 0 0 
849 9 0 0 0 0 0 0 0 0 0 0 0 
850 9 0 0 0 0 0 0 0 0 0 0 0 
851 9 0 0 0 0 0 0 0 0 0 0 0 
852 9 0 0 0 0 0 0 0 0 0 0 0 
853 9 0 0 0 0 0 0 0 0 0 0 0 
854 9 0 0 0 0 0 0 0 0 0 0 0 
855 9 0 0 0 0 0 0 0 0 0 0 0 
856 9 0 0 0 0 0 0 0 0 0 0 0 
857 9 0 0 0 0 0 0 0 0 0 0 0 
858 9 0 0 0 0 0 0 0 0 0 0 0 
859 9 0 0 0 0 0 0 0 0 0 0 0 
860 9 0 0 0 0 0 0 0 0 0 0 0 
861 9 0 0 0 0 0 0 0 0 0 0 0 
862 9 0 0 0 0 0 0 0 0 0 0 0 
863 9 0 0 0 0 0 0 0 0 0 0 0 
864 9 0 0 0 0 0 0 0 0 0 0 0 
865 9 0 0 0 0 0 0 0 0 0 0 0 
866 9 0 0 0 0 0 0 0 0 0 0 0 
867 9 0 0 0 0 0 0 0 0 0 0 0 
868 9 0 0 0 0 0 0 0 0 0 0 0 
869 9 0 0 0 0 0 0 0 0 0 0 0 
870 9 0 0 0 0 0 0 0 0 0 0 0 
871 9 0 0 0 0 0 0 0 0 0 0 0 
872 9 0 0 0 0 0 0 0 0 0 0 0 
873 9 0 0 0 0 0 0 0 0 0 0 0 
874 9 0 0 0 0 0 0 0 0 0 0 0 
875 9 0 0 0 0 0 0 0 0 0 0 0 
876 9 0 0 0 0 0 0 0 0 0 0 0 
877 9 0 0 0 0 0 0 0 0 0 0 0 
878 9 0 0 0 0 0 0 0 0 0 0 0 
879 9 0 0 0 0 0 0 0 0 0 0 0 
880 9 0 0 0 0 0 0 0 0 0 0 0 
881 9 0 0 0 0 0 0 0 0 0 0 0 
882 9 0 0 0 0 0 0 0 0 0 0 0 
883 9 0 0 0 0 0 0 0 0 0 0 0 
884 9 0 0 0 0 0 0 0 0 0 0 0 
885 9 0 0 0 0 0 0 0 0 0 0 0 
886 9 0 0 0 0 0 0 0 0 0 0 0 
887 9 0 0 0 0 0 0 0 0 0 0 0 
888 9 0 0 0 0 0 0 0 0 0 0 0 
889 9 -1 302 2 33 -1 -1 -1 -1 -1 1 509 
890 9 -1 70 0 10 -1 -1 -1 -1 -1 1 -62 
891 9 0 0 0 0 0 0 0 0 0 0 0 
892 9 0 0 0 0 0 0 0 0 0 0 0 
893 9 0 0 0 0 0 0 0 0 0 0 0 
894 9 0 0 0 0 0 0 0 0 0 0 0 
895 9 0 0 0 0 0 0 0 0 0 0 0 
896 9 0 0 0 0 0 0 0 0 0 0 0 
897 9 0 0 0 0 0 0 0 0 0 0 0 
898 9 0 0 0 0 0 0 0 0 0 0 0 
899 9 0 0 0 0 0 0 0 0 0 0 0 
900 9 0 0 0 0 0 0 0 0 0 0 0 
901 9 0 0 0 0 0 0 0 0 0 0 0 
902 9 0 0 0 0 0 0 0 0 0 0 0 
903 9 0 0 0 0 0 0 0 0 0 0 0 
904 9 0 0 0 0 0 0 0 0 0 0 0 
905 9 0 0 0 0 0 0 0 0 0 0 0 
906 9 0 0 0 0 0 0 0 0 0 0 0 
907 9 0 0 0 0 0 0 0 0 0 0 0 
908 9 0 0 0 0 0 0 0 0 0 0 0 
909 9 0 0 0 0 0 0 0 0 0 0 0 
910 9 0 0 0 0 0 0 0 0 0 0 0 
911 9 0 0 0 0 0 0 0 0 0 0 0 
912 9 0 0 0 0 0 0 0 0 0 0 0 
913 9 0 0 0 0 0 0 0 0 0 0 0 
914 9 0 0 0 0 0 0 0 0 0 0 0 
915 9 0 0 0 0 0 0 0 0 0 0 0 
916 9 0 0 0 0 0 0 0 0 0 0 0 
917 9 0 0 0 0 0 0 0 0 0 0 0 
918 9 0 0 0 0 0 0 0 0 0 0 0 
919 9 0 0 0 0 0 0 0 0 0 0 0 
920 9 0 0 0 0 0 0 0 0 0 0 0 
921 9 0 0 0 0 0 0 0 0 0 0 0 
922 9 0 0 0 0 0 0 0 0 0 0 0 
923 9 47 0 0 0 0 0 0 0 0 0 0 
924 9 -1 198 4 11 -1 -1 -1 -1 -1 1 4154 
925 9 0 0 0 0 0 0 0 0 0 0 0 
926 9 0 0 0 0 0 0 0 0 0 0 0 
927 9 0 0 0 0 0 0 0 0 0 0 0 
928 9 0 0 0 0 0 0 0 0 0 0 0 
929 9 0 0 0 0 0 0 0 0 0 0 0 
930 9 0 0 0 0 0 0 0 0 0 0 0 
931 9 0 0 0 0 0 0 0 0 0 0 0 
932 9 0 0 0 0 0 0 0 0 0 0 0 
933 9 0 0 0 0 0 0 0 0 0 0 0 
934 9 0 0 0 0 0 0 0 0 0 0 0 
935 9 0 0 0 0 0 0 0 0 0 0 0 
936 9 0 0 0 0 0 0 0 0 0 0 0 
937 9 0 0 0 0 0 0 0 0 0 0 0 
938 9 0 0 0 0 0 0 0 0 0 0 0 
939 9 0 0 0 0 0 0 0 0 0 0 0 
940 9 0 0 0 0 0 0 0 0 0 0 0 
941 9 0 0 0 0 0 0 0 0 0 0 0 
942 9 0 0 0 0 0 0 0 0 0 0 0 
943 9 0 0 0 0 0 0 0 0 0 0 0 
944 9 0 0 0 0 0 0 0 0 0 0 0 
945 9 0 0 0 0 0 0 0 0 0 0 0 
946 9 0 0 0 0 0 0 0 0 0 0 0 
947 9 0 0 0 0 0 0 0 0 0 0 0 
948 9 0 0 0 0 0 0 0 0 0 0 0 
949 9 0 0 0 0 0 0 0 0 0 0 0 
950 9 0 0 0 0 0 0 0 0 0 0 0 
951 9 0 0 0 0 0 0 0 0 0 0 0 
952 9 0 0 0 0 0 0 0 0 0 0 0 
953 9 0 0 0 0 0 0 0 0 0 0 0 
954 9 0 0 0 0 0 0 0 0 0 0 0 
955 9 0 0 0 0 0 0 0 0 0 0 0 
956 9 0 0 0 0 0 0 0 0 0 0 0 
957 9 0 0 0 0 0 0 0 0 0 0 0 
958 9 0 0 0 0 0 0 0 0 0 0 0 
959 9 0 0 0 0 0 0 0 0 0 0 0 
960 9 0 0 0 0 0 0 0 0 0 0 0 
961 9 0 0 0 0 0 0 0 0 0 0 0 
962 9 0 0 0 0 0 0 0 0 0 0 0 
963 9 0 0 0 0 0 0 0 0 0 0 0 
964 9 0 0 0 0 0 0 0 0 0 0 0 
965 9 0 0 0 0 0 0 0 0 0 0 0 
966 9 0 0 0 0 0 0 0 0 0 0 0 
967 9 0 0 0 0 0 0 0 0 0 0 0 
968 9 0 0 0 0 0 0 0 0 0 0 0 
969 9 0 0 0 0 0 0 0 0 0 0 0 
970 9 0 0 0 0 0 0 0 0 0 0 0 
971 9 0 0 0 0 0 0 0 0 0 0 0 
972 9 0 0 0 0 0 0 0 0 0 0 0 
973 9 0 0 0 0 0 0 0 0 0 0 0 
974 9 0 0 0 0 0 0 0 0 0 0 0 
975 9 0 0 0 0 0 0 0 0 0 0 0 
976 9 0 0 0 0 0 0 0 0 0 0 0 
977 9 0 0 0 0 0 0 0 0 0 0 0 
978 9 0 0 0 0 0 0 0 0 0 0 0 
979 9 0 0 0 0 0 0 0 0 0 0 0 
980 9 0 0 0 0 0 0 0 0 0 0 0 
981 9 0 0 0 0 0 0 0 0 0 0 0 
982 9 0 0 0 0 0 0 0 0 0 0 0 
983 9 0 0 0 0 0 0 0 0 0 0 0 
984 9 0 0 0 0 0 0 0 0 0 0 0 
985 9 0 0 0 0 0 0 0 0 0 0 0 
986 9 0 0 0 0 0 0 0 0 0 0 0 
987 9 0 0 0 0 0 0 0 0 0 0 0 
988 9 0 0 0 0 0 0 0 0 0 0 0 
989 9 0 0 0 0 0 0 0 0 0 0 0 
990 9 0 0 0 0 0 0 0 0 0 0 0 
991 9 0 0 0 0 0 0 0 0 0 0 0 
992 9 0 0 0 0 0 0 0 0 0 0 0 
993 9 0 0 0 0 0 0 0 0 0 0 0 
994 9 0 0 0 0 0 0 0 0 0 0 0 
995 9 0 0 0 0 0 0 0 0 0 0 0 
996 9 0 0 0 0 0 0 0 0 0 0 0 
997 9 0 0 0 0 0 0 0 0 0 0 0 
998 9 0 0 0 0 0 0 0 0 0 0 0 
999 9 0 0 0 0 0 0 0 0 0 0 0 
1000 9 0 0 0 0 0 0 0 0 0 0 0 
1001 9 0 0 0 0 0 0 0 0 0 0 0 
1002 9 0 0 0 0 0 0 0 0 0 0 0 
1003 9 0 0 0 0 0 0 0 0 0 0 0 
1004 9 0 0 0 0 0 0 0 0 0 0 0 
1005 9 0 0 0 0 0 0 0 0 0 0 0 
1006 9 0 0 0 0 0 0 0 0 0 0 0 
1007 9 0 0 0 0 0 0 0 0 0 0 0 
1008 9 0 0 0 0 0 0 0 0 0 0 0 
1009 9 0 0 0 0 0 0 0 0 0 0 0 
1010 9 0 0 0 0 0 0 0 0 0 0 0 
1011 9 0 0 0 0 0 0 0 0 0 0 0 
1012 9 0 0 0 0 0 0 0 0 0 0 0 
1013 9 0 0 0 0 0 0 0 0 0 0 0 
1014 9 0 0 0 0 0 0 0 0 0 0 0 
1015 9 0 0 0 0 0 0 0 0 0 0 0 
1016 9 0 0 0 0 0 0 0 0 0 0 0 
1017 9 0 0 0 0 0 0 0 0 0 0 0 
1018 9 0 0 0 0 0 0 0 0 0 0 0 
1019 9 0 0 0 0 0 0 0 0 0 0 0 
1020 9 0 0 0 0 0 0 0 0 0 0 0 
1021 9 0 0 0 0 0 0 0 0 0 0 0 
1022 9 0 0 0 0 0 0 0 0 0 0 0 
1023 10 0 0 0 0 0 0 0 0 0 0 0 
1024 10 0 0 0 0 0 0 0 0 0 0 0 
1025 10 0 0 0 0 0 0 0 0 0 0 0 
1026 10 0 0 0 0 0 0 0 0 0 0 0 
1027 10 0 0 0 0 0 0 0 0 0 0 0 
1028 10 0 0 0 0 0 0 0 0 0 0 0 
1029 10 0 0 0 0 0 0 0 0 0 0 0 
1030 10 0 0 0 0 0 0 0 0 0 0 0 
1031 10 0 0 0 0 0 0 0 0 0 0 0 
1032 10 0 0 0 0 0 0 0 0 0 0 0 
1033 10 0 0 0 0 0 0 0 0 0 0 0 
1034 10 0 0 0 0 0 0 0 0 0 0 0 
1035 10 0 0 0 0 0 0 0 0 0 0 0 
1036 10 0 0 0 0 0 0 0 0 0 0 0 
1037 10 0 0 0 0 0 0 0 0 0 0 0 
1038 10 0 0 0 0 0 0 0 0 0 0 0 
1039 10 0 0 0 0 0 0 0 0 0 0 0 
1040 10 0 0 0 0 0 0 0 0 0 0 0 
1041 10 0 0 0 0 0 0 0 0 0 0 0 
1042 10 0 0 0 0 0 0 0 0 0 0 0 
1043 10 0 0 0 0 0 0 0 0 0 0 0 
1044 10 0 0 0 0 0 0 0 0 0 0 0 
1045 10 0 0 0 0 0 0 0 0 0 0 0 
1046 10 0 0 0 0 0 0 0 0 0 0 0 
1047 10 0 0 0 0 0 0 0 0 0 0 0 
1048 10 0 0 0 0 0 0 0 0 0 0 0 
1049 10 0 0 0 0 0 0 0 0 0 0 0 
1050 10 0 0 0 0 0 0 0 0 0 0 0 
1051 10 0 0 0 0 0 0 0 0 0 0 0 
1052 10 0 0 0 0 0 0 0 0 0 0 0 
1053 10 0 0 0 0 0 0 0 0 0 0 0 
1054 10 0 0 0 0 0 0 0 0 0 0 0 
1055 10 0 0 0 0 0 0 0 0 0 0 0 
1056 10 0 0 0 0 0 0 0 0 0 0 0 
1057 10 0 0 0 0 0 0 0 0 0 0 0 
1058 10 0 0 0 0 0 0 0 0 0 0 0 
1059 10 0 0 0 0 0 0 0 0 0 0 0 
1060 10 0 0 0 0 0 0 0 0 0 0 0 
1061 10 0 0 0 0 0 0 0 0 0 0 0 
1062 10 0 0 0 0 0 0 0 0 0 0 0 
1063 10 0 0 0 0 0 0 0 0 0 0 0 
1064 10 0 0 0 0 0 0 0 0 0 0 0 
1065 10 0 0 0 0 0 0 0 0 0 0 0 
1066 10 0 0 0 0 0 0 0 0 0 0 0 
1067 10 0 0 0 0 0 0 0 0 0 0 0 
1068 10 0 0 0 0 0 0 0 0 0 0 0 
1069 10 0 0 0 0 0 0 0 0 0 0 0 
1070 10 0 0 0 0 0 0 0 0 0 0 0 
1071 10 0 0 0 0 0 0 0 0 0 0 0 
1072 10 0 0 0 0 0 0 0 0 0 0 0 
1073 10 0 0 0 0 0 0 0 0 0 0 0 
1074 10 0 0 0 0 0 0 0 0 0 0 0 
1075 10 0 0 0 0 0 0 0 0 0 0 0 
1076 10 0 0 0 0 0 0 0 0 0 0 0 
1077 10 0 0 0 0 0 0 0 0 0 0 0 
1078 10 0 0 0 0 0 0 0 0 0 0 0 
1079 10 0 0 0 0 0 0 0 0 0 0 0 
1080 10 0 0 0 0 0 0 0 0 0 0 0 
1081 10 0 0 0 0 0 0 0 0 0 0 0 
1082 10 0 0 0 0 0 0 0 0 0 0 0 
1083 10 0 0 0 0 0 0 0 0 0 0 0 
1084 10 0 0 0 0 0 0 0 0 0 0 0 
1085 10 0 0 0 0 0 0 0 0 0 0 0 
1086 10 0 0 0 0 0 0 0 0 0 0 0 
1087 10 0 0 0 0 0 0 0 0 0 0 0 
1088 10 0 0 0 0 0 0 0 0 0 0 0 
1089 10 0 0 0 0 0 0 0 0 0 0 0 
1090 10 0 0 0 0 0 0 0 0 0 0 0 
1091 10 0 0 0 0 0 0 0 0 0 0 0 
1092 10 0 0 0 0 0 0 0 0 0 0 0 
1093 10 0 0 0 0 0 0 0 0 0 0 0 
1094 10 0 0 0 0 0 0 0 0 0 0 0 
1095 10 0 0 0 0 0 0 0 0 0 0 0 
1096 10 0 0 0 0 0 0 0 0 0 0 0 
1097 10 0 0 0 0 0 0 0 0 0 0 0 
1098 10 0 0 0 0 0 0 0 0 0 0 0 
1099 10 0 0 0 0 0 0 0 0 0 0 0 
1100 10 0 0 0 0 0 0 0 0 0 0 0 
1101 10 0 0 0 0 0 0 0 0 0 0 0 
1102 10 0 0 0 0 0 0 0 0 0 0 0 
1103 10 0 0 0 0 0 0 0 0 0 0 0 
1104 10 0 0 0 0 0 0 0 0 0 0 0 
1105 10 0 0 0 0 0 0 0 0 0 0 0 
1106 10 0 0 0 0 0 0 0 0 0 0 0 
1107 10 0 0 0 0 0 0 0 0 0 0 0 
1108 10 0 0 0 0 0 0 0 0 0 0 0 
1109 10 0 0 0 0 0 0 0 0 0 0 0 
1110 10 0 0 0 0 0 0 0 0 0 0 0 
1111 10 0 0 0 0 0 0 0 0 0 0 0 
1112 10 0 0 0 0 0 0 0 0 0 0 0 
1113 10 0 0 0 0 0 0 0 0 0 0 0 
1114 10 0 0 0 0 0 0 0 0 0 0 0 
1115 10 0 0 0 0 0 0 0 0 0 0 0 
1116 10 0 0 0 0 0 0 0 0 0 0 0 
1117 10 0 0 0 0 0 0 0 0 0 0 0 
1118 10 0 0 0 0 0 0 0 0 0 0 0 
1119 10 0 0 0 0 0 0 0 0 0 0 0 
1120 10 0 0 0 0 0 0 0 0 0 0 0 
1121 10 0 0 0 0 0 0 0 0 0 0 0 
1122 10 0 0 0 0 0 0 0 0 0 0 0 
1123 10 0 0 0 0 0 0 0 0 0 0 0 
1124 10 0 0 0 0 0 0 0 0 0 0 0 
1125 10 0 0 0 0 0 0 0 0 0 0 0 
1126 10 0 0 0 0 0 0 0 0 0 0 0 
1127 10 0 0 0 0 0 0 0 0 0 0 0 
1128 10 0 0 0 0 0 0 0 0 0 0 0 
1129 10 0 0 0 0 0 0 0 0 0 0 0 
1130 10 0 0 0 0 0 0 0 0 0 0 0 
1131 10 0 0 0 0 0 0 0 0 0 0 0 
1132 10 0 0 0 0 0 0 0 0 0 0 0 
1133 10 0 0 0 0 0 0 0 0 0 0 0 
1134 10 0 0 0 0 0 0 0 0 0 0 0 
1135 10 0 0 0 0 0 0 0 0 0 0 0 
1136 10 0 0 0 0 0 0 0 0 0 0 0 
1137 10 0 0 0 0 0 0 0 0 0 0 0 
1138 10 0 0 0 0 0 0 0 0 0 0 0 
1139 10 0 0 0 0 0 0 0 0 0 0 0 
1140 10 0 0 0 0 0 0 0 0 0 0 0 
1141 10 0 0 0 0 0 0 0 0 0 0 0 
1142 10 0 0 0 0 0 0 0 0 0 0 0 
1143 10 0 0 0 0 0 0 0 0 0 0 0 
1144 10 0 0 0 0 0 0 0 0 0 0 0 
1145 10 0 0 0 0 0 0 0 0 0 0 0 
1146 10 0 0 0 0 0 0 0 0 0 0 0 
1147 10 0 0 0 0 0 0 0 0 0 0 0 
1148 10 0 0 0 0 0 0 0 0 0 0 0 
1149 10 0 0 0 0 0 0 0 0 0 0 0 
1150 10 0 0 0 0 0 0 0 0 0 0 0 
1151 10 0 0 0 0 0 0 0 0 0 0 0 
1152 10 0 0 0 0 0 0 0 0 0 0 0 
1153 10 0 0 0 0 0 0 0 0 0 0 0 
1154 10 0 0 0 0 0 0 0 0 0 0 0 
1155 10 0 0 0 0 0 0 0 0 0 0 0 
1156 10 0 0 0 0 0 0 0 0 0 0 0 
1157 10 0 0 0 0 0 0 0 0 0 0 0 
1158 10 0 0 0 0 0 0 0 0 0 0 0 
1159 10 0 0 0 0 0 0 0 0 0 0 0 
1160 10 0 0 0 0 0 0 0 0 0 0 0 
1161 10 0 0 0 0 0 0 0 0 0 0 0 
1162 10 0 0 0 0 0 0 0 0 0 0 0 
1163 10 0 0 0 0 0 0 0 0 0 0 0 
1164 10 0 0 0 0 0 0 0 0 0 0 0 
1165 10 0 0 0 0 0 0 0 0 0 0 0 
1166 10 0 0 0 0 0 0 0 0 0 0 0 
1167 10 0 0 0 0 0 0 0 0 0 0 0 
1168 10 0 0 0 0 0 0 0 0 0 0 0 
1169 10 0 0 0 0 0 0 0 0 0 0 0 
1170 10 0 0 0 0 0 0 0 0 0 0 0 
1171 10 0 0 0 0 0 0 0 0 0 0 0 
1172 10 0 0 0 0 0 0 0 0 0 0 0 
1173 10 0 0 0 0 0 0 0 0 0 0 0 
1174 10 0 0 0 0 0 0 0 0 0 0 0 
1175 10 0 0 0 0 0 0 0 0 0 0 0 
1176 10 0 0 0 0 0 0 0 0 0 0 0 
1177 10 0 0 0 0 0 0 0 0 0 0 0 
1178 10 0 0 0 0 0 0 0 0 0 0 0 
1179 10 0 0 0 0 0 0 0 0 0 0 0 
1180 10 0 0 0 0 0 0 0 0 0 0 0 
1181 10 0 0 0 0 0 0 0 0 0 0 0 
1182 10 0 0 0 0 0 0 0 0 0 0 0 
1183 10 0 0 0 0 0 0 0 0 0 0 0 
1184 10 0 0 0 0 0 0 0 0 0 0 0 
1185 10 0 0 0 0 0 0 0 0 0 0 0 
1186 10 0 0 0 0 0 0 0 0 0 0 0 
1187 10 0 0 0 0 0 0 0 0 0 0 0 
1188 10 0 0 0 0 0 0 0 0 0 0 0 
1189 10 0 0 0 0 0 0 0 0 0 0 0 
1190 10 0 0 0 0 0 0 0 0 0 0 0 
1191 10 0 0 0 0 0 0 0 0 0 0 0 
1192 10 0 0 0 0 0 0 0 0 0 0 0 
1193 10 0 0 0 0 0 0 0 0 0 0 0 
1194 10 0 0 0 0 0 0 0 0 0 0 0 
1195 10 0 0 0 0 0 0 0 0 0 0 0 
1196 10 0 0 0 0 0 0 0 0 0 0 0 
1197 10 0 0 0 0 0 0 0 0 0 0 0 
1198 10 0 0 0 0 0 0 0 0 0 0 0 
1199 10 0 0 0 0 0 0 0 0 0 0 0 
1200 10 0 0 0 0 0 0 0 0 0 0 0 
1201 10 0 0 0 0 0 0 0 0 0 0 0 
1202 10 0 0 0 0 0 0 0 0 0 0 0 
1203 10 0 0 0 0 0 0 0 0 0 0 0 
1204 10 0 0 0 0 0 0 0 0 0 0 0 
1205 10 0 0 0 0 0 0 0 0 0 0 0 
1206 10 0 0 0 0 0 0 0 0 0 0 0 
1207 10 0 0 0 0 0 0 0 0 0 0 0 
1208 10 0 0 0 0 0 0 0 0 0 0 0 
1209 10 0 0 0 0 0 0 0 0 0 0 0 
1210 10 0 0 0 0 0 0 0 0 0 0 0 
1211 10 0 0 0 0 0 0 0 0 0 0 0 
1212 10 0 0 0 0 0 0 0 0 0 0 0 
1213 10 0 0 0 0 0 0 0 0 0 0 0 
1214 10 0 0 0 0 0 0 0 0 0 0 0 
1215 10 0 0 0 0 0 0 0 0 0 0 0 
1216 10 0 0 0 0 0 0 0 0 0 0 0 
1217 10 0 0 0 0 0 0 0 0 0 0 0 
1218 10 0 0 0 0 0 0 0 0 0 0 0 
1219 10 0 0 0 0 0 0 0 0 0 0 0 
1220 10 0 0 0 0 0 0 0 0 0 0 0 
1221 10 0 0 0 0 0 0 0 0 0 0 0 
1222 10 0 0 0 0 0 0 0 0 0 0 0 
1223 10 0 0 0 0 0 0 0 0 0 0 0 
1224 10 0 0 0 0 0 0 0 0 0 0 0 
1225 10 0 0 0 0 0 0 0 0 0 0 0 
1226 10 0 0 0 0 0 0 0 0 0 0 0 
1227 10 0 0 0 0 0 0 0 0 0 0 0 
1228 10 0 0 0 0 0 0 0 0 0 0 0 
1229 10 0 0 0 0 0 0 0 0 0 0 0 
1230 10 0 0 0 0 0 0 0 0 0 0 0 
1231 10 0 0 0 0 0 0 0 0 0 0 0 
1232 10 0 0 0 0 0 0 0 0 0 0 0 
1233 10 0 0 0 0 0 0 0 0 0 0 0 
1234 10 0 0 0 0 0 0 0 0 0 0 0 
1235 10 0 0 0 0 0 0 0 0 0 0 0 
1236 10 0 0 0 0 0 0 0 0 0 0 0 
1237 10 0 0 0 0 0 0 0 0 0 0 0 
1238 10 0 0 0 0 0 0 0 0 0 0 0 
1239 10 0 0 0 0 0 0 0 0 0 0 0 
1240 10 0 0 0 0 0 0 0 0 0 0 0 
1241 10 0 0 0 0 0 0 0 0 0 0 0 
1242 10 0 0 0 0 0 0 0 0 0 0 0 
1243 10 0 0 0 0 0 0 0 0 0 0 0 
1244 10 0 0 0 0 0 0 0 0 0 0 0 
1245 10 0 0 0 0 0 0 0 0 0 0 0 
1246 10 0 0 0 0 0 0 0 0 0 0 0 
1247 10 0 0 0 0 0 0 0 0 0 0 0 
1248 10 0 0 0 0 0 0 0 0 0 0 0 
1249 10 0 0 0 0 0 0 0 0 0 0 0 
1250 10 0 0 0 0 0 0 0 0 0 0 0 
1251 10 0 0 0 0 0 0 0 0 0 0 0 
1252 10 0 0 0 0 0 0 0 0 0 0 0 
1253 10 0 0 0 0 0 0 0 0 0 0 0 
1254 10 0 0 0 0 0 0 0 0 0 0 0 
1255 10 0 0 0 0 0 0 0 0 0 0 0 
1256 10 0 0 0 0 0 0 0 0 0 0 0 
1257 10 0 0 0 0 0 0 0 0 0 0 0 
1258 10 0 0 0 0 0 0 0 0 0 0 0 
1259 10 0 0 0 0 0 0 0 0 0 0 0 
1260 10 0 0 0 0 0 0 0 0 0 0 0 
1261 10 0 0 0 0 0 0 0 0 0 0 0 
1262 10 0 0 0 0 0 0 0 0 0 0 0 
1263 10 0 0 0 0 0 0 0 0 0 0 0 
1264 10 0 0 0 0 0 0 0 0 0 0 0 
1265 10 0 0 0 0 0 0 0 0 0 0 0 
1266 10 0 0 0 0 0 0 0 0 0 0 0 
1267 10 0 0 0 0 0 0 0 0 0 0 0 
1268 10 0 0 0 0 0 0 0 0 0 0 0 
1269 10 0 0 0 0 0 0 0 0 0 0 0 
1270 10 0 0 0 0 0 0 0 0 0 0 0 
1271 10 0 0 0 0 0 0 0 0 0 0 0 
1272 10 0 0 0 0 0 0 0 0 0 0 0 
1273 10 0 0 0 0 0 0 0 0 0 0 0 
1274 10 0 0 0 0 0 0 0 0 0 0 0 
1275 10 0 0 0 0 0 0 0 0 0 0 0 
1276 10 0 0 0 0 0 0 0 0 0 0 0 
1277 10 0 0 0 0 0 0 0 0 0 0 0 
1278 10 0 0 0 0 0 0 0 0 0 0 0 
1279 10 0 0 0 0 0 0 0 0 0 0 0 
1280 10 0 0 0 0 0 0 0 0 0 0 0 
1281 10 0 0 0 0 0 0 0 0 0 0 0 
1282 10 0 0 0 0 0 0 0 0 0 0 0 
1283 10 0 0 0 0 0 0 0 0 0 0 0 
1284 10 0 0 0 0 0 0 0 0 0 0 0 
1285 10 0 0 0 0 0 0 0 0 0 0 0 
1286 10 0 0 0 0 0 0 0 0 0 0 0 
1287 10 0 0 0 0 0 0 0 0 0 0 0 
1288 10 0 0 0 0 0 0 0 0 0 0 0 
1289 10 0 0 0 0 0 0 0 0 0 0 0 
1290 10 0 0 0 0 0 0 0 0 0 0 0 
1291 10 0 0 0 0 0 0 0 0 0 0 0 
1292 10 0 0 0 0 0 0 0 0 0 0 0 
1293 10 0 0 0 0 0 0 0 0 0 0 0 
1294 10 0 0 0 0 0 0 0 0 0 0 0 
1295 10 0 0 0 0 0 0 0 0 0 0 0 
1296 10 0 0 0 0 0 0 0 0 0 0 0 
1297 10 0 0 0 0 0 0 0 0 0 0 0 
1298 10 0 0 0 0 0 0 0 0 0 0 0 
1299 10 0 0 0 0 0 0 0 0 0 0 0 
1300 10 0 0 0 0 0 0 0 0 0 0 0 
1301 10 0 0 0 0 0 0 0 0 0 0 0 
1302 10 0 0 0 0 0 0 0 0 0 0 0 
1303 10 0 0 0 0 0 0 0 0 0 0 0 
1304 10 0 0 0 0 0 0 0 0 0 0 0 
1305 10 0 0 0 0 0 0 0 0 0 0 0 
1306 10 0 0 0 0 0 0 0 0 0 0 0 
1307 10 0 0 0 0 0 0 0 0 0 0 0 
1308 10 0 0 0 0 0 0 0 0 0 0 0 
1309 10 0 0 0 0 0 0 0 0 0 0 0 
1310 10 0 0 0 0 0 0 0 0 0 0 0 
1311 10 0 0 0 0 0 0 0 0 0 0 0 
1312 10 0 0 0 0 0 0 0 0 0 0 0 
1313 10 0 0 0 0 0 0 0 0 0 0 0 
1314 10 0 0 0 0 0 0 0 0 0 0 0 
1315 10 0 0 0 0 0 0 0 0 0 0 0 
1316 10 0 0 0 0 0 0 0 0 0 0 0 
1317 10 0 0 0 0 0 0 0 0 0 0 0 
1318 10 0 0 0 0 0 0 0 0 0 0 0 
1319 10 0 0 0 0 0 0 0 0 0 0 0 
1320 10 0 0 0 0 0 0 0 0 0 0 0 
1321 10 0 0 0 0 0 0 0 0 0 0 0 
1322 10 0 0 0 0 0 0 0 0 0 0 0 
1323 10 0 0 0 0 0 0 0 0 0 0 0 
1324 10 0 0 0 0 0 0 0 0 0 0 0 
1325 10 0 0 0 0 0 0 0 0 0 0 0 
1326 10 0 0 0 0 0 0 0 0 0 0 0 
1327 10 0 0 0 0 0 0 0 0 0 0 0 
1328 10 0 0 0 0 0 0 0 0 0 0 0 
1329 10 0 0 0 0 0 0 0 0 0 0 0 
1330 10 0 0 0 0 0 0 0 0 0 0 0 
1331 10 0 0 0 0 0 0 0 0 0 0 0 
1332 10 0 0 0 0 0 0 0 0 0 0 0 
1333 10 0 0 0 0 0 0 0 0 0 0 0 
1334 10 0 0 0 0 0 0 0 0 0 0 0 
1335 10 0 0 0 0 0 0 0 0 0 0 0 
1336 10 0 0 0 0 0 0 0 0 0 0 0 
1337 10 0 0 0 0 0 0 0 0 0 0 0 
1338 10 0 0 0 0 0 0 0 0 0 0 0 
1339 10 0 0 0 0 0 0 0 0 0 0 0 
1340 10 0 0 0 0 0 0 0 0 0 0 0 
1341 10 0 0 0 0 0 0 0 0 0 0 0 
1342 10 0 0 0 0 0 0 0 0 0 0 0 
1343 10 0 0 0 0 0 0 0 0 0 0 0 
1344 10 0 0 0 0 0 0 0 0 0 0 0 
1345 10 0 0 0 0 0 0 0 0 0 0 0 
1346 10 0 0 0 0 0 0 0 0 0 0 0 
1347 10 0 0 0 0 0 0 0 0 0 0 0 
1348 10 0 0 0 0 0 0 0 0 0 0 0 
1349 10 0 0 0 0 0 0 0 0 0 0 0 
1350 10 0 0 0 0 0 0 0 0 0 0 0 
1351 10 0 0 0 0 0 0 0 0 0 0 0 
1352 10 0 0 0 0 0 0 0 0 0 0 0 
1353 10 0 0 0 0 0 0 0 0 0 0 0 
1354 10 0 0 0 0 0 0 0 0 0 0 0 
1355 10 0 0 0 0 0 0 0 0 0 0 0 
1356 10 0 0 0 0 0 0 0 0 0 0 0 
1357 10 0 0 0 0 0 0 0 0 0 0 0 
1358 10 0 0 0 0 0 0 0 0 0 0 0 
1359 10 0 0 0 0 0 0 0 0 0 0 0 
1360 10 0 0 0 0 0 0 0 0 0 0 0 
1361 10 0 0 0 0 0 0 0 0 0 0 0 
1362 10 0 0 0 0 0 0 0 0 0 0 0 
1363 10 0 0 0 0 0 0 0 0 0 0 0 
1364 10 0 0 0 0 0 0 0 0 0 0 0 
1365 10 0 0 0 0 0 0 0 0 0 0 0 
1366 10 0 0 0 0 0 0 0 0 0 0 0 
1367 10 0 0 0 0 0 0 0 0 0 0 0 
1368 10 0 0 0 0 0 0 0 0 0 0 0 
1369 10 0 0 0 0 0 0 0 0 0 0 0 
1370 10 0 0 0 0 0 0 0 0 0 0 0 
1371 10 0 0 0 0 0 0 0 0 0 0 0 
1372 10 0 0 0 0 0 0 0 0 0 0 0 
1373 10 0 0 0 0 0 0 0 0 0 0 0 
1374 10 0 0 0 0 0 0 0 0 0 0 0 
1375 10 0 0 0 0 0 0 0 0 0 0 0 
1376 10 0 0 0 0 0 0 0 0 0 0 0 
1377 10 0 0 0 0 0 0 0 0 0 0 0 
1378 10 0 0 0 0 0 0 0 0 0 0 0 
1379 10 0 0 0 0 0 0 0 0 0 0 0 
1380 10 0 0 0 0 0 0 0 0 0 0 0 
1381 10 0 0 0 0 0 0 0 0 0 0 0 
1382 10 0 0 0 0 0 0 0 0 0 0 0 
1383 10 0 0 0 0 0 0 0 0 0 0 0 
1384 10 0 0 0 0 0 0 0 0 0 0 0 
1385 10 0 0 0 0 0 0 0 0 0 0 0 
1386 10 0 0 0 0 0 0 0 0 0 0 0 
1387 10 0 0 0 0 0 0 0 0 0 0 0 
1388 10 0 0 0 0 0 0 0 0 0 0 0 
1389 10 0 0 0 0 0 0 0 0 0 0 0 
1390 10 0 0 0 0 0 0 0 0 0 0 0 
1391 10 0 0 0 0 0 0 0 0 0 0 0 
1392 10 0 0 0 0 0 0 0 0 0 0 0 
1393 10 0 0 0 0 0 0 0 0 0 0 0 
1394 10 0 0 0 0 0 0 0 0 0 0 0 
1395 10 0 0 0 0 0 0 0 0 0 0 0 
1396 10 0 0 0 0 0 0 0 0 0 0 0 
1397 10 0 0 0 0 0 0 0 0 0 0 0 
1398 10 0 0 0 0 0 0 0 0 0 0 0 
1399 10 0 0 0 0 0 0 0 0 0 0 0 
1400 10 0 0 0 0 0 0 0 0 0 0 0 
1401 10 0 0 0 0 0 0 0 0 0 0 0 
1402 10 0 0 0 0 0 0 0 0 0 0 0 
1403 10 0 0 0 0 0 0 0 0 0 0 0 
1404 10 0 0 0 0 0 0 0 0 0 0 0 
1405 10 0 0 0 0 0 0 0 0 0 0 0 
1406 10 0 0 0 0 0 0 0 0 0 0 0 
1407 10 0 0 0 0 0 0 0 0 0 0 0 
1408 10 0 0 0 0 0 0 0 0 0 0 0 
1409 10 0 0 0 0 0 0 0 0 0 0 0 
1410 10 0 0 0 0 0 0 0 0 0 0 0 
1411 10 0 0 0 0 0 0 0 0 0 0 0 
1412 10 0 0 0 0 0 0 0 0 0 0 0 
1413 10 0 0 0 0 0 0 0 0 0 0 0 
1414 10 0 0 0 0 0 0 0 0 0 0 0 
1415 10 0 0 0 0 0 0 0 0 0 0 0 
1416 10 0 0 0 0 0 0 0 0 0 0 0 
1417 10 0 0 0 0 0 0 0 0 0 0 0 
1418 10 0 0 0 0 0 0 0 0 0 0 0 
1419 10 0 0 0 0 0 0 0 0 0 0 0 
1420 10 0 0 0 0 0 0 0 0 0 0 0 
1421 10 0 0 0 0 0 0 0 0 0 0 0 
1422 10 0 0 0 0 0 0 0 0 0 0 0 
1423 10 0 0 0 0 0 0 0 0 0 0 0 
1424 10 0 0 0 0 0 0 0 0 0 0 0 
1425 10 0 0 0 0 0 0 0 0 0 0 0 
1426 10 0 0 0 0 0 0 0 0 0 0 0 
1427 10 0 0 0 0 0 0 0 0 0 0 0 
1428 10 0 0 0 0 0 0 0 0 0 0 0 
1429 10 0 0 0 0 0 0 0 0 0 0 0 
1430 10 0 0 0 0 0 0 0 0 0 0 0 
1431 10 0 0 0 0 0 0 0 0 0 0 0 
1432 10 0 0 0 0 0 0 0 0 0 0 0 
1433 10 0 0 0 0 0 0 0 0 0 0 0 
1434 10 0 0 0 0 0 0 0 0 0 0 0 
1435 10 0 0 0 0 0 0 0 0 0 0 0 
1436 10 0 0 0 0 0 0 0 0 0 0 0 
1437 10 0 0 0 0 0 0 0 0 0 0 0 
1438 10 0 0 0 0 0 0 0 0 0 0 0 
1439 10 0 0 0 0 0 0 0 0 0 0 0 
1440 10 0 0 0 0 0 0 0 0 0 0 0 
1441 10 0 0 0 0 0 0 0 0 0 0 0 
1442 10 0 0 0 0 0 0 0 0 0 0 0 
1443 10 0 0 0 0 0 0 0 0 0 0 0 
1444 10 0 0 0 0 0 0 0 0 0 0 0 
1445 10 0 0 0 0 0 0 0 0 0 0 0 
1446 10 0 0 0 0 0 0 0 0 0 0 0 
1447 10 0 0 0 0 0 0 0 0 0 0 0 
1448 10 0 0 0 0 0 0 0 0 0 0 0 
1449 10 0 0 0 0 0 0 0 0 0 0 0 
1450 10 0 0 0 0 0 0 0 0 0 0 0 
1451 10 0 0 0 0 0 0 0 0 0 0 0 
1452 10 0 0 0 0 0 0 0 0 0 0 0 
1453 10 0 0 0 0 0 0 0 0 0 0 0 
1454 10 0 0 0 0 0 0 0 0 0 0 0 
1455 10 0 0 0 0 0 0 0 0 0 0 0 
1456 10 0 0 0 0 0 0 0 0 0 0 0 
1457 10 0 0 0 0 0 0 0 0 0 0 0 
1458 10 0 0 0 0 0 0 0 0 0 0 0 
1459 10 0 0 0 0 0 0 0 0 0 0 0 
1460 10 0 0 0 0 0 0 0 0 0 0 0 
1461 10 0 0 0 0 0 0 0 0 0 0 0 
1462 10 0 0 0 0 0 0 0 0 0 0 0 
1463 10 0 0 0 0 0 0 0 0 0 0 0 
1464 10 0 0 0 0 0 0 0 0 0 0 0 
1465 10 0 0 0 0 0 0 0 0 0 0 0 
1466 10 0 0 0 0 0 0 0 0 0 0 0 
1467 10 0 0 0 0 0 0 0 0 0 0 0 
1468 10 0 0 0 0 0 0 0 0 0 0 0 
1469 10 0 0 0 0 0 0 0 0 0 0 0 
1470 10 0 0 0 0 0 0 0 0 0 0 0 
1471 10 0 0 0 0 0 0 0 0 0 0 0 
1472 10 0 0 0 0 0 0 0 0 0 0 0 
1473 10 0 0 0 0 0 0 0 0 0 0 0 
1474 10 0 0 0 0 0 0 0 0 0 0 0 
1475 10 0 0 0 0 0 0 0 0 0 0 0 
1476 10 0 0 0 0 0 0 0 0 0 0 0 
1477 10 0 0 0 0 0 0 0 0 0 0 0 
1478 10 0 0 0 0 0 0 0 0 0 0 0 
1479 10 0 0 0 0 0 0 0 0 0 0 0 
1480 10 0 0 0 0 0 0 0 0 0 0 0 
1481 10 0 0 0 0 0 0 0 0 0 0 0 
1482 10 0 0 0 0 0 0 0 0 0 0 0 
1483 10 0 0 0 0 0 0 0 0 0 0 0 
1484 10 0 0 0 0 0 0 0 0 0 0 0 
1485 10 0 0 0 0 0 0 0 0 0 0 0 
1486 10 0 0 0 0 0 0 0 0 0 0 0 
1487 10 0 0 0 0 0 0 0 0 0 0 0 
1488 10 0 0 0 0 0 0 0 0 0 0 0 
1489 10 0 0 0 0 0 0 0 0 0 0 0 
1490 10 0 0 0 0 0 0 0 0 0 0 0 
1491 10 0 0 0 0 0 0 0 0 0 0 0 
1492 10 0 0 0 0 0 0 0 0 0 0 0 
1493 10 0 0 0 0 0 0 0 0 0 0 0 
1494 10 0 0 0 0 0 0 0 0 0 0 0 
1495 10 0 0 0 0 0 0 0 0 0 0 0 
1496 10 0 0 0 0 0 0 0 0 0 0 0 
1497 10 0 0 0 0 0 0 0 0 0 0 0 
1498 10 0 0 0 0 0 0 0 0 0 0 0 
1499 10 0 0 0 0 0 0 0 0 0 0 0 
1500 10 0 0 0 0 0 0 0 0 0 0 0 
1501 10 0 0 0 0 0 0 0 0 0 0 0 
1502 10 0 0 0 0 0 0 0 0 0 0 0 
1503 10 0 0 0 0 0 0 0 0 0 0 0 
1504 10 0 0 0 0 0 0 0 0 0 0 0 
1505 10 0 0 0 0 0 0 0 0 0 0 0 
1506 10 0 0 0 0 0 0 0 0 0 0 0 
1507 10 0 0 0 0 0 0 0 0 0 0 0 
1508 10 0 0 0 0 0 0 0 0 0 0 0 
1509 10 0 0 0 0 0 0 0 0 0 0 0 
1510 10 0 0 0 0 0 0 0 0 0 0 0 
1511 10 0 0 0 0 0 0 0 0 0 0 0 
1512 10 0 0 0 0 0 0 0 0 0 0 0 
1513 10 0 0 0 0 0 0 0 0 0 0 0 
1514 10 0 0 0 0 0 0 0 0 0 0 0 
1515 10 0 0 0 0 0 0 0 0 0 0 0 
1516 10 0 0 0 0 0 0 0 0 0 0 0 
1517 10 0 0 0 0 0 0 0 0 0 0 0 
1518 10 0 0 0 0 0 0 0 0 0 0 0 
1519 10 0 0 0 0 0 0 0 0 0 0 0 
1520 10 0 0 0 0 0 0 0 0 0 0 0 
1521 10 0 0 0 0 0 0 0 0 0 0 0 
1522 10 0 0 0 0 0 0 0 0 0 0 0 
1523 10 0 0 0 0 0 0 0 0 0 0 0 
1524 10 0 0 0 0 0 0 0 0 0 0 0 
1525 10 0 0 0 0 0 0 0 0 0 0 0 
1526 10 0 0 0 0 0 0 0 0 0 0 0 
1527 10 0 0 0 0 0 0 0 0 0 0 0 
1528 10 0 0 0 0 0 0 0 0 0 0 0 
1529 10 0 0 0 0 0 0 0 0 0 0 0 
1530 10 0 0 0 0 0 0 0 0 0 0 0 
1531 10 0 0 0 0 0 0 0 0 0 0 0 
1532 10 0 0 0 0 0 0 0 0 0 0 0 
1533 10 0 0 0 0 0 0 0 0 0 0 0 
1534 10 0 0 0 0 0 0 0 0 0 0 0 
1535 10 0 0 0 0 0 0 0 0 0 0 0 
1536 10 0 0 0 0 0 0 0 0 0 0 0 
1537 10 0 0 0 0 0 0 0 0 0 0 0 
1538 10 0 0 0 0 0 0 0 0 0 0 0 
1539 10 0 0 0 0 0 0 0 0 0 0 0 
1540 10 0 0 0 0 0 0 0 0 0 0 0 
1541 10 0 0 0 0 0 0 0 0 0 0 0 
1542 10 0 0 0 0 0 0 0 0 0 0 0 
1543 10 0 0 0 0 0 0 0 0 0 0 0 
1544 10 0 0 0 0 0 0 0 0 0 0 0 
1545 10 0 0 0 0 0 0 0 0 0 0 0 
1546 10 0 0 0 0 0 0 0 0 0 0 0 
1547 10 0 0 0 0 0 0 0 0 0 0 0 
1548 10 0 0 0 0 0 0 0 0 0 0 0 
1549 10 0 0 0 0 0 0 0 0 0 0 0 
1550 10 0 0 0 0 0 0 0 0 0 0 0 
1551 10 0 0 0 0 0 0 0 0 0 0 0 
1552 10 0 0 0 0 0 0 0 0 0 0 0 
1553 10 0 0 0 0 0 0 0 0 0 0 0 
1554 10 0 0 0 0 0 0 0 0 0 0 0 
1555 10 0 0 0 0 0 0 0 0 0 0 0 
1556 10 0 0 0 0 0 0 0 0 0 0 0 
1557 10 0 0 0 0 0 0 0 0 0 0 0 
1558 10 0 0 0 0 0 0 0 0 0 0 0 
1559 10 0 0 0 0 0 0 0 0 0 0 0 
1560 10 0 0 0 0 0 0 0 0 0 0 0 
1561 10 0 0 0 0 0 0 0 0 0 0 0 
1562 10 0 0 0 0 0 0 0 0 0 0 0 
1563 10 0 0 0 0 0 0 0 0 0 0 0 
1564 10 0 0 0 0 0 0 0 0 0 0 0 
1565 10 0 0 0 0 0 0 0 0 0 0 0 
1566 10 0 0 0 0 0 0 0 0 0 0 0 
1567 10 0 0 0 0 0 0 0 0 0 0 0 
1568 10 0 0 0 0 0 0 0 0 0 0 0 
1569 10 0 0 0 0 0 0 0 0 0 0 0 
1570 10 0 0 0 0 0 0 0 0 0 0 0 
1571 10 0 0 0 0 0 0 0 0 0 0 0 
1572 10 0 0 0 0 0 0 0 0 0 0 0 
1573 10 0 0 0 0 0 0 0 0 0 0 0 
1574 10 0 0 0 0 0 0 0 0 0 0 0 
1575 10 0 0 0 0 0 0 0 0 0 0 0 
1576 10 0 0 0 0 0 0 0 0 0 0 0 
1577 10 0 0 0 0 0 0 0 0 0 0 0 
1578 10 0 0 0 0 0 0 0 0 0 0 0 
1579 10 0 0 0 0 0 0 0 0 0 0 0 
1580 10 0 0 0 0 0 0 0 0 0 0 0 
1581 10 0 0 0 0 0 0 0 0 0 0 0 
1582 10 0 0 0 0 0 0 0 0 0 0 0 
1583 10 0 0 0 0 0 0 0 0 0 0 0 
1584 10 0 0 0 0 0 0 0 0 0 0 0 
1585 10 0 0 0 0 0 0 0 0 0 0 0 
1586 10 0 0 0 0 0 0 0 0 0 0 0 
1587 10 0 0 0 0 0 0 0 0 0 0 0 
1588 10 0 0 0 0 0 0 0 0 0 0 0 
1589 10 0 0 0 0 0 0 0 0 0 0 0 
1590 10 0 0 0 0 0 0 0 0 0 0 0 
1591 10 0 0 0 0 0 0 0 0 0 0 0 
1592 10 0 0 0 0 0 0 0 0 0 0 0 
1593 10 0 0 0 0 0 0 0 0 0 0 0 
1594 10 0 0 0 0 0 0 0 0 0 0 0 
1595 10 0 0 0 0 0 0 0 0 0 0 0 
1596 10 0 0 0 0 0 0 0 0 0 0 0 
1597 10 0 0 0 0 0 0 0 0 0 0 0 
1598 10 0 0 0 0 0 0 0 0 0 0 0 
1599 10 0 0 0 0 0 0 0 0 0 0 0 
1600 10 0 0 0 0 0 0 0 0 0 0 0 
1601 10 0 0 0 0 0 0 0 0 0 0 0 
1602 10 0 0 0 0 0 0 0 0 0 0 0 
1603 10 0 0 0 0 0 0 0 0 0 0 0 
1604 10 0 0 0 0 0 0 0 0 0 0 0 
1605 10 0 0 0 0 0 0 0 0 0 0 0 
1606 10 0 0 0 0 0 0 0 0 0 0 0 
1607 10 0 0 0 0 0 0 0 0 0 0 0 
1608 10 0 0 0 0 0 0 0 0 0 0 0 
1609 10 0 0 0 0 0 0 0 0 0 0 0 
1610 10 0 0 0 0 0 0 0 0 0 0 0 
1611 10 0 0 0 0 0 0 0 0 0 0 0 
1612 10 0 0 0 0 0 0 0 0 0 0 0 
1613 10 0 0 0 0 0 0 0 0 0 0 0 
1614 10 0 0 0 0 0 0 0 0 0 0 0 
1615 10 0 0 0 0 0 0 0 0 0 0 0 
1616 10 0 0 0 0 0 0 0 0 0 0 0 
1617 10 0 0 0 0 0 0 0 0 0 0 0 
1618 10 0 0 0 0 0 0 0 0 0 0 0 
1619 10 0 0 0 0 0 0 0 0 0 0 0 
1620 10 0 0 0 0 0 0 0 0 0 0 0 
1621 10 0 0 0 0 0 0 0 0 0 0 0 
1622 10 0 0 0 0 0 0 0 0 0 0 0 
1623 10 0 0 0 0 0 0 0 0 0 0 0 
1624 10 0 0 0 0 0 0 0 0 0 0 0 
1625 10 0 0 0 0 0 0 0 0 0 0 0 
1626 10 0 0 0 0 0 0 0 0 0 0 0 
1627 10 0 0 0 0 0 0 0 0 0 0 0 
1628 10 0 0 0 0 0 0 0 0 0 0 0 
1629 10 0 0 0 0 0 0 0 0 0 0 0 
1630 10 0 0 0 0 0 0 0 0 0 0 0 
1631 10 0 0 0 0 0 0 0 0 0 0 0 
1632 10 0 0 0 0 0 0 0 0 0 0 0 
1633 10 0 0 0 0 0 0 0 0 0 0 0 
1634 10 0 0 0 0 0 0 0 0 0 0 0 
1635 10 0 0 0 0 0 0 0 0 0 0 0 
1636 10 0 0 0 0 0 0 0 0 0 0 0 
1637 10 0 0 0 0 0 0 0 0 0 0 0 
1638 10 0 0 0 0 0 0 0 0 0 0 0 
1639 10 0 0 0 0 0 0 0 0 0 0 0 
1640 10 0 0 0 0 0 0 0 0 0 0 0 
1641 10 0 0 0 0 0 0 0 0 0 0 0 
1642 10 0 0 0 0 0 0 0 0 0 0 0 
1643 10 0 0 0 0 0 0 0 0 0 0 0 
1644 10 0 0 0 0 0 0 0 0 0 0 0 
1645 10 0 0 0 0 0 0 0 0 0 0 0 
1646 10 0 0 0 0 0 0 0 0 0 0 0 
1647 10 0 0 0 0 0 0 0 0 0 0 0 
1648 10 0 0 0 0 0 0 0 0 0 0 0 
1649 10 0 0 0 0 0 0 0 0 0 0 0 
1650 10 0 0 0 0 0 0 0 0 0 0 0 
1651 10 8 0 0 0 0 0 0 0 0 0 0 
1652 10 9 0 0 0 0 0 0 0 0 0 0 
1653 10 10 0 0 0 0 0 0 0 0 0 0 
1654 10 11 0 0 0 0 0 0 0 0 0 0 
1655 10 12 0 0 0 0 0 0 0 0 0 0 
1656 10 13 0 0 0 0 0 0 0 0 0 0 
1657 10 14 0 0 0 0 0 0 0 0 0 0 
1658 10 15 0 0 0 0 0 0 0 0 0 0 
1659 10 0 0 0 0 0 0 0 0 0 0 0 
1660 10 0 0 0 0 0 0 0 0 0 0 0 
1661 10 17 0 0 0 0 0 0 0 0 0 0 
1662 10 18 0 0 0 0 0 0 0 0 0 0 
1663 10 0 0 0 0 0 0 0 0 0 0 0 
1664 10 0 0 0 0 0 0 0 0 0 0 0 
1665 10 20 0 0 0 0 0 0 0 0 0 0 
1666 10 21 0 0 0 0 0 0 0 0 0 0 
1667 10 22 0 0 0 0 0 0 0 0 0 0 
1668 10 23 0 0 0 0 0 0 0 0 0 0 
1669 10 24 0 0 0 0 0 0 0 0 0 0 
1670 10 25 0 0 0 0 0 0 0 0 0 0 
1671 10 26 0 0 0 0 0 0 0 0 0 0 
1672 10 27 0 0 0 0 0 0 0 0 0 0 
1673 10 28 0 0 0 0 0 0 0 0 0 0 
1674 10 29 0 0 0 0 0 0 0 0 0 0 
1675 10 30 0 0 0 0 0 0 0 0 0 0 
1676 10 31 0 0 0 0 0 0 0 0 0 0 
1677 10 32 0 0 0 0 0 0 0 0 0 0 
1678 10 33 0 0 0 0 0 0 0 0 0 0 
1679 10 0 0 0 0 0 0 0 0 0 0 0 
1680 10 0 0 0 0 0 0 0 0 0 0 0 
1681 10 0 0 0 0 0 0 0 0 0 0 0 
1682 10 0 0 0 0 0 0 0 0 0 0 0 
1683 10 0 0 0 0 0 0 0 0 0 0 0 
1684 10 0 0 0 0 0 0 0 0 0 0 0 
1685 10 0 0 0 0 0 0 0 0 0 0 0 
1686 10 0 0 0 0 0 0 0 0 0 0 0 
1687 10 0 0 0 0 0 0 0 0 0 0 0 
1688 10 0 0 0 0 0 0 0 0 0 0 0 
1689 10 0 0 0 0 0 0 0 0 0 0 0 
1690 10 0 0 0 0 0 0 0 0 0 0 0 
1691 10 0 0 0 0 0 0 0 0 0 0 0 
1692 10 0 0 0 0 0 0 0 0 0 0 0 
1693 10 0 0 0 0 0 0 0 0 0 0 0 
1694 10 0 0 0 0 0 0 0 0 0 0 0 
1695 10 0 0 0 0 0 0 0 0 0 0 0 
1696 10 0 0 0 0 0 0 0 0 0 0 0 
1697 10 0 0 0 0 0 0 0 0 0 0 0 
1698 10 0 0 0 0 0 0 0 0 0 0 0 
1699 10 0 0 0 0 0 0 0 0 0 0 0 
1700 10 0 0 0 0 0 0 0 0 0 0 0 
1701 10 0 0 0 0 0 0 0 0 0 0 0 
1702 10 0 0 0 0 0 0 0 0 0 0 0 
1703 10 0 0 0 0 0 0 0 0 0 0 0 
1704 10 0 0 0 0 0 0 0 0 0 0 0 
1705 10 0 0 0 0 0 0 0 0 0 0 0 
1706 10 0 0 0 0 0 0 0 0 0 0 0 
1707 10 0 0 0 0 0 0 0 0 0 0 0 
1708 10 0 0 0 0 0 0 0 0 0 0 0 
1709 10 0 0 0 0 0 0 0 0 0 0 0 
1710 10 0 0 0 0 0 0 0 0 0 0 0 
1711 10 0 0 0 0 0 0 0 0 0 0 0 
1712 10 0 0 0 0 0 0 0 0 0 0 0 
1713 10 0 0 0 0 0 0 0 0 0 0 0 
1714 10 0 0 0 0 0 0 0 0 0 0 0 
1715 10 0 0 0 0 0 0 0 0 0 0 0 
1716 10 0 0 0 0 0 0 0 0 0 0 0 
1717 10 0 0 0 0 0 0 0 0 0 0 0 
1718 10 0 0 0 0 0 0 0 0 0 0 0 
1719 10 0 0 0 0 0 0 0 0 0 0 0 
1720 10 0 0 0 0 0 0 0 0 0 0 0 
1721 10 0 0 0 0 0 0 0 0 0 0 0 
1722 10 0 0 0 0 0 0 0 0 0 0 0 
1723 10 0 0 0 0 0 0 0 0 0 0 0 
1724 10 0 0 0 0 0 0 0 0 0 0 0 
1725 10 0 0 0 0 0 0 0 0 0 0 0 
1726 10 0 0 0 0 0 0 0 0 0 0 0 
1727 10 0 0 0 0 0 0 0 0 0 0 0 
1728 10 0 0 0 0 0 0 0 0 0 0 0 
1729 10 0 0 0 0 0 0 0 0 0 0 0 
1730 10 0 0 0 0 0 0 0 0 0 0 0 
1731 10 0 0 0 0 0 0 0 0 0 0 0 
1732 10 0 0 0 0 0 0 0 0 0 0 0 
1733 10 0 0 0 0 0 0 0 0 0 0 0 
1734 10 0 0 0 0 0 0 0 0 0 0 0 
1735 10 0 0 0 0 0 0 0 0 0 0 0 
1736 10 0 0 0 0 0 0 0 0 0 0 0 
1737 10 0 0 0 0 0 0 0 0 0 0 0 
1738 10 0 0 0 0 0 0 0 0 0 0 0 
1739 10 0 0 0 0 0 0 0 0 0 0 0 
1740 10 0 0 0 0 0 0 0 0 0 0 0 
1741 10 0 0 0 0 0 0 0 0 0 0 0 
1742 10 0 0 0 0 0 0 0 0 0 0 0 
1743 10 0 0 0 0 0 0 0 0 0 0 0 
1744 10 0 0 0 0 0 0 0 0 0 0 0 
1745 10 0 0 0 0 0 0 0 0 0 0 0 
1746 10 0 0 0 0 0 0 0 0 0 0 0 
1747 10 0 0 0 0 0 0 0 0 0 0 0 
1748 10 0 0 0 0 0 0 0 0 0 0 0 
1749 10 0 0 0 0 0 0 0 0 0 0 0 
1750 10 0 0 0 0 0 0 0 0 0 0 0 
1751 10 0 0 0 0 0 0 0 0 0 0 0 
1752 10 0 0 0 0 0 0 0 0 0 0 0 
1753 10 0 0 0 0 0 0 0 0 0 0 0 
1754 10 0 0 0 0 0 0 0 0 0 0 0 
1755 10 0 0 0 0 0 0 0 0 0 0 0 
1756 10 0 0 0 0 0 0 0 0 0 0 0 
1757 10 0 0 0 0 0 0 0 0 0 0 0 
1758 10 0 0 0 0 0 0 0 0 0 0 0 
1759 10 0 0 0 0 0 0 0 0 0 0 0 
1760 10 0 0 0 0 0 0 0 0 0 0 0 
1761 10 0 0 0 0 0 0 0 0 0 0 0 
1762 10 0 0 0 0 0 0 0 0 0 0 0 
1763 10 0 0 0 0 0 0 0 0 0 0 0 
1764 10 0 0 0 0 0 0 0 0 0 0 0 
1765 10 0 0 0 0 0 0 0 0 0 0 0 
1766 10 0 0 0 0 0 0 0 0 0 0 0 
1767 10 0 0 0 0 0 0 0 0 0 0 0 
1768 10 0 0 0 0 0 0 0 0 0 0 0 
1769 10 0 0 0 0 0 0 0 0 0 0 0 
1770 10 0 0 0 0 0 0 0 0 0 0 0 
1771 10 0 0 0 0 0 0 0 0 0 0 0 
1772 10 0 0 0 0 0 0 0 0 0 0 0 
1773 10 0 0 0 0 0 0 0 0 0 0 0 
1774 10 0 0 0 0 0 0 0 0 0 0 0 
1775 10 0 0 0 0 0 0 0 0 0 0 0 
1776 10 0 0 0 0 0 0 0 0 0 0 0 
1777 10 0 0 0 0 0 0 0 0 0 0 0 
1778 10 0 0 0 0 0 0 0 0 0 0 0 
1779 10 39 0 0 0 0 0 0 0 0 0 0 
1780 10 40 0 0 0 0 0 0 0 0 0 0 
1781 10 41 0 0 0 0 0 0 0 0 0 0 
1782 10 42 0 0 0 0 0 0 0 0 0 0 
1783 10 0 0 0 0 0 0 0 0 0 0 0 
1784 10 0 0 0 0 0 0 0 0 0 0 0 
1785 10 0 0 0 0 0 0 0 0 0 0 0 
1786 10 0 0 0 0 0 0 0 0 0 0 0 
1787 10 0 0 0 0 0 0 0 0 0 0 0 
1788 10 0 0 0 0 0 0 0 0 0 0 0 
1789 10 0 0 0 0 0 0 0 0 0 0 0 
1790 10 0 0 0 0 0 0 0 0 0 0 0 
1791 10 0 0 0 0 0 0 0 0 0 0 0 
1792 10 0 0 0 0 0 0 0 0 0 0 0 
1793 10 0 0 0 0 0 0 0 0 0 0 0 
1794 10 0 0 0 0 0 0 0 0 0 0 0 
1795 10 0 0 0 0 0 0 0 0 0 0 0 
1796 10 0 0 0 0 0 0 0 0 0 0 0 
1797 10 0 0 0 0 0 0 0 0 0 0 0 
1798 10 0 0 0 0 0 0 0 0 0 0 0 
1799 10 0 0 0 0 0 0 0 0 0 0 0 
1800 10 0 0 0 0 0 0 0 0 0 0 0 
1801 10 0 0 0 0 0 0 0 0 0 0 0 
1802 10 0 0 0 0 0 0 0 0 0 0 0 
1803 10 0 0 0 0 0 0 0 0 0 0 0 
1804 10 0 0 0 0 0 0 0 0 0 0 0 
1805 10 0 0 0 0 0 0 0 0 0 0 0 
1806 10 0 0 0 0 0 0 0 0 0 0 0 
1807 10 0 0 0 0 0 0 0 0 0 0 0 
1808 10 0 0 0 0 0 0 0 0 0 0 0 
1809 10 0 0 0 0 0 0 0 0 0 0 0 
1810 10 0 0 0 0 0 0 0 0 0 0 0 
1811 10 0 0 0 0 0 0 0 0 0 0 0 
1812 10 0 0 0 0 0 0 0 0 0 0 0 
1813 10 0 0 0 0 0 0 0 0 0 0 0 
1814 10 0 0 0 0 0 0 0 0 0 0 0 
1815 10 0 0 0 0 0 0 0 0 0 0 0 
1816 10 0 0 0 0 0 0 0 0 0 0 0 
1817 10 0 0 0 0 0 0 0 0 0 0 0 
1818 10 0 0 0 0 0 0 0 0 0 0 0 
1819 10 0 0 0 0 0 0 0 0 0 0 0 
1820 10 0 0 0 0 0 0 0 0 0 0 0 
1821 10 0 0 0 0 0 0 0 0 0 0 0 
1822 10 0 0 0 0 0 0 0 0 0 0 0 
1823 10 0 0 0 0 0 0 0 0 0 0 0 
1824 10 0 0 0 0 0 0 0 0 0 0 0 
1825 10 0 0 0 0 0 0 0 0 0 0 0 
1826 10 0 0 0 0 0 0 0 0 0 0 0 
1827 10 0 0 0 0 0 0 0 0 0 0 0 
1828 10 0 0 0 0 0 0 0 0 0 0 0 
1829 10 0 0 0 0 0 0 0 0 0 0 0 
1830 10 0 0 0 0 0 0 0 0 0 0 0 
1831 10 0 0 0 0 0 0 0 0 0 0 0 
1832 10 0 0 0 0 0 0 0 0 0 0 0 
1833 10 0 0 0 0 0 0 0 0 0 0 0 
1834 10 0 0 0 0 0 0 0 0 0 0 0 
1835 10 0 0 0 0 0 0 0 0 0 0 0 
1836 10 0 0 0 0 0 0 0 0 0 0 0 
1837 10 0 0 0 0 0 0 0 0 0 0 0 
1838 10 0 0 0 0 0 0 0 0 0 0 0 
1839 10 0 0 0 0 0 0 0 0 0 0 0 
1840 10 0 0 0 0 0 0 0 0 0 0 0 
1841 10 0 0 0 0 0 0 0 0 0 0 0 
1842 10 0 0 0 0 0 0 0 0 0 0 0 
1843 10 0 0 0 0 0 0 0 0 0 0 0 
1844 10 0 0 0 0 0 0 0 0 0 0 0 
1845 10 0 0 0 0 0 0 0 0 0 0 0 
1846 10 0 0 0 0 0 0 0 0 0 0 0 
1847 10 0 0 0 0 0 0 0 0 0 0 0 
1848 10 0 0 0 0 0 0 0 0 0 0 0 
1849 10 48 0 0 0 0 0 0 0 0 0 0 
1850 10 49 0 0 0 0 0 0 0 0 0 0 
1851 10 0 0 0 0 0 0 0 0 0 0 0 
1852 10 0 0 0 0 0 0 0 0 0 0 0 
1853 10 0 0 0 0 0 0 0 0 0 0 0 
1854 10 0 0 0 0 0 0 0 0 0 0 0 
1855 10 0 0 0 0 0 0 0 0 0 0 0 
1856 10 0 0 0 0 0 0 0 0 0 0 0 
1857 10 0 0 0 0 0 0 0 0 0 0 0 
1858 10 0 0 0 0 0 0 0 0 0 0 0 
1859 10 0 0 0 0 0 0 0 0 0 0 0 
1860 10 0 0 0 0 0 0 0 0 0 0 0 
1861 10 0 0 0 0 0 0 0 0 0 0 0 
1862 10 0 0 0 0 0 0 0 0 0 0 0 
1863 10 0 0 0 0 0 0 0 0 0 0 0 
1864 10 0 0 0 0 0 0 0 0 0 0 0 
1865 10 0 0 0 0 0 0 0 0 0 0 0 
1866 10 0 0 0 0 0 0 0 0 0 0 0 
1867 10 0 0 0 0 0 0 0 0 0 0 0 
1868 10 0 0 0 0 0 0 0 0 0 0 0 
1869 10 0 0 0 0 0 0 0 0 0 0 0 
1870 10 0 0 0 0 0 0 0 0 0 0 0 
1871 10 0 0 0 0 0 0 0 0 0 0 0 
1872 10 0 0 0 0 0 0 0 0 0 0 0 
1873 10 0 0 0 0 0 0 0 0 0 0 0 
1874 10 0 0 0 0 0 0 0 0 0 0 0 
1875 10 0 0 0 0 0 0 0 0 0 0 0 
1876 10 0 0 0 0 0 0 0 0 0 0 0 
1877 10 0 0 0 0 0 0 0 0 0 0 0 
1878 10 0 0 0 0 0 0 0 0 0 0 0 
1879 10 0 0 0 0 0 0 0 0 0 0 0 
1880 10 0 0 0 0 0 0 0 0 0 0 0 
1881 10 0 0 0 0 0 0 0 0 0 0 0 
1882 10 0 0 0 0 0 0 0 0 0 0 0 
1883 10 0 0 0 0 0 0 0 0 0 0 0 
1884 10 0 0 0 0 0 0 0 0 0 0 0 
1885 10 0 0 0 0 0 0 0 0 0 0 0 
1886 10 0 0 0 0 0 0 0 0 0 0 0 
1887 10 0 0 0 0 0 0 0 0 0 0 0 
1888 10 0 0 0 0 0 0 0 0 0 0 0 
1889 10 0 0 0 0 0 0 0 0 0 0 0 
1890 10 0 0 0 0 0 0 0 0 0 0 0 
1891 10 0 0 0 0 0 0 0 0 0 0 0 
1892 10 0 0 0 0 0 0 0 0 0 0 0 
1893 10 0 0 0 0 0 0 0 0 0 0 0 
1894 10 0 0 0 0 0 0 0 0 0 0 0 
1895 10 0 0 0 0 0 0 0 0 0 0 0 
1896 10 0 0 0 0 0 0 0 0 0 0 0 
1897 10 0 0 0 0 0 0 0 0 0 0 0 
1898 10 0 0 0 0 0 0 0 0 0 0 0 
1899 10 0 0 0 0 0 0 0 0 0 0 0 
1900 10 0 0 0 0 0 0 0 0 0 0 0 
1901 10 0 0 0 0 0 0 0 0 0 0 0 
1902 10 0 0 0 0 0 0 0 0 0 0 0 
1903 10 0 0 0 0 0 0 0 0 0 0 0 
1904 10 0 0 0 0 0 0 0 0 0 0 0 
1905 10 0 0 0 0 0 0 0 0 0 0 0 
1906 10 0 0 0 0 0 0 0 0 0 0 0 
1907 10 0 0 0 0 0 0 0 0 0 0 0 
1908 10 0 0 0 0 0 0 0 0 0 0 0 
1909 10 0 0 0 0 0 0 0 0 0 0 0 
1910 10 0 0 0 0 0 0 0 0 0 0 0 
1911 10 0 0 0 0 0 0 0 0 0 0 0 
1912 10 0 0 0 0 0 0 0 0 0 0 0 
1913 10 0 0 0 0 0 0 0 0 0 0 0 
1914 10 0 0 0 0 0 0 0 0 0 0 0 
1915 10 0 0 0 0 0 0 0 0 0 0 0 
1916 10 0 0 0 0 0 0 0 0 0 0 0 
1917 10 0 0 0 0 0 0 0 0 0 0 0 
1918 10 0 0 0 0 0 0 0 0 0 0 0 
1919 10 0 0 0 0 0 0 0 0 0 0 0 
1920 10 0 0 0 0 0 0 0 0 0 0 0 
1921 10 0 0 0 0 0 0 0 0 0 0 0 
1922 10 0 0 0 0 0 0 0 0 0 0 0 
1923 10 0 0 0 0 0 0 0 0 0 0 0 
1924 10 0 0 0 0 0 0 0 0 0 0 0 
1925 10 0 0 0 0 0 0 0 0 0 0 0 
1926 10 0 0 0 0 0 0 0 0 0 0 0 
1927 10 0 0 0 0 0 0 0 0 0 0 0 
1928 10 0 0 0 0 0 0 0 0 0 0 0 
1929 10 0 0 0 0 0 0 0 0 0 0 0 
1930 10 0 0 0 0 0 0 0 0 0 0 0 
1931 10 0 0 0 0 0 0 0 0 0 0 0 
1932 10 0 0 0 0 0 0 0 0 0 0 0 
1933 10 0 0 0 0 0 0 0 0 0 0 0 
1934 10 0 0 0 0 0 0 0 0 0 0 0 
1935 10 0 0 0 0 0 0 0 0 0 0 0 
1936 10 0 0 0 0 0 0 0 0 0 0 0 
1937 10 0 0 0 0 0 0 0 0 0 0 0 
1938 10 0 0 0 0 0 0 0 0 0 0 0 
1939 10 0 0 0 0 0 0 0 0 0 0 0 
1940 10 0 0 0 0 0 0 0 0 0 0 0 
1941 10 0 0 0 0 0 0 0 0 0 0 0 
1942 10 0 0 0 0 0 0 0 0 0 0 0 
1943 10 0 0 0 0 0 0 0 0 0 0 0 
1944 10 0 0 0 0 0 0 0 0 0 0 0 
1945 10 0 0 0 0 0 0 0 0 0 0 0 
1946 10 0 0 0 0 0 0 0 0 0 0 0 
1947 10 0 0 0 0 0 0 0 0 0 0 0 
1948 10 0 0 0 0 0 0 0 0 0 0 0 
1949 10 0 0 0 0 0 0 0 0 0 0 0 
1950 10 0 0 0 0 0 0 0 0 0 0 0 
1951 10 0 0 0 0 0 0 0 0 0 0 0 
1952 10 0 0 0 0 0 0 0 0 0 0 0 
1953 10 0 0 0 0 0 0 0 0 0 0 0 
1954 10 0 0 0 0 0 0 0 0 0 0 0 
1955 10 0 0 0 0 0 0 0 0 0 0 0 
1956 10 0 0 0 0 0 0 0 0 0 0 0 
1957 10 0 0 0 0 0 0 0 0 0 0 0 
1958 10 0 0 0 0 0 0 0 0 0 0 0 
1959 10 0 0 0 0 0 0 0 0 0 0 0 
1960 10 0 0 0 0 0 0 0 0 0 0 0 
1961 10 0 0 0 0 0 0 0 0 0 0 0 
1962 10 0 0 0 0 0 0 0 0 0 0 0 
1963 10 0 0 0 0 0 0 0 0 0 0 0 
1964 10 0 0 0 0 0 0 0 0 0 0 0 
1965 10 0 0 0 0 0 0 0 0 0 0 0 
1966 10 0 0 0 0 0 0 0 0 0 0 0 
1967 10 0 0 0 0 0 0 0 0 0 0 0 
1968 10 0 0 0 0 0 0 0 0 0 0 0 
1969 10 0 0 0 0 0 0 0 0 0 0 0 
1970 10 0 0 0 0 0 0 0 0 0 0 0 
1971 10 0 0 0 0 0 0 0 0 0 0 0 
1972 10 0 0 0 0 0 0 0 0 0 0 0 
1973 10 0 0 0 0 0 0 0 0 0 0 0 
1974 10 0 0 0 0 0 0 0 0 0 0 0 
1975 10 0 0 0 0 0 0 0 0 0 0 0 
1976 10 0 0 0 0 0 0 0 0 0 0 0 
1977 10 0 0 0 0 0 0 0 0 0 0 0 
1978 10 0 0 0 0 0 0 0 0 0 0 0 
1979 10 0 0 0 0 0 0 0 0 0 0 0 
1980 10 0 0 0 0 0 0 0 0 0 0 0 
1981 10 0 0 0 0 0 0 0 0 0 0 0 
1982 10 0 0 0 0 0 0 0 0 0 0 0 
1983 10 0 0 0 0 0 0 0 0 0 0 0 
1984 10 0 0 0 0 0 0 0 0 0 0 0 
1985 10 0 0 0 0 0 0 0 0 0 0 0 
1986 10 0 0 0 0 0 0 0 0 0 0 0 
1987 10 0 0 0 0 0 0 0 0 0 0 0 
1988 10 0 0 0 0 0 0 0 0 0 0 0 
1989 10 0 0 0 0 0 0 0 0 0 0 0 
1990 10 0 0 0 0 0 0 0 0 0 0 0 
1991 10 0 0 0 0 0 0 0 0 0 0 0 
1992 10 0 0 0 0 0 0 0 0 0 0 0 
1993 10 0 0 0 0 0 0 0 0 0 0 0 
1994 10 0 0 0 0 0 0 0 0 0 0 0 
1995 10 0 0 0 0 0 0 0 0 0 0 0 
1996 10 0 0 0 0 0 0 0 0 0 0 0 
1997 10 0 0 0 0 0 0 0 0 0 0 0 
1998 10 0 0 0 0 0 0 0 0 0 0 0 
1999 10 0 0 0 0 0 0 0 0 0 0 0 
2000 10 0 0 0 0 0 0 0 0 0 0 0 
2001 10 0 0 0 0 0 0 0 0 0 0 0 
2002 10 0 0 0 0 0 0 0 0 0 0 0 
2003 10 0 0 0 0 0 0 0 0 0 0 0 
2004 10 0 0 0 0 0 0 0 0 0 0 0 
2005 10 0 0 0 0 0 0 0 0 0 0 0 
2006 10 0 0 0 0 0 0 0 0 0 0 0 
2007 10 0 0 0 0 0 0 0 0 0 0 0 
2008 10 0 0 0 0 0 0 0 0 0 0 0 
2009 10 0 0 0 0 0 0 0 0 0 0 0 
2010 10 0 0 0 0 0 0 0 0 0 0 0 
2011 10 0 0 0 0 0 0 0 0 0 0 0 
2012 10 0 0 0 0 0 0 0 0 0 0 0 
2013 10 0 0 0 0 0 0 0 0 0 0 0 
2014 10 0 0 0 0 0 0 0 0 0 0 0 
2015 10 0 0 0 0 0 0 0 0 0 0 0 
2016 10 0 0 0 0 0 0 0 0 0 0 0 
2017 10 0 0 0 0 0 0 0 0 0 0 0 
2018 10 0 0 0 0 0 0 0 0 0 0 0 
2019 10 0 0 0 0 0 0 0 0 0 0 0 
2020 10 0 0 0 0 0 0 0 0 0 0 0 
2021 10 0 0 0 0 0 0 0 0 0 0 0 
2022 10 0 0 0 0 0 0 0 0 0 0 0 
2023 10 0 0 0 0 0 0 0 0 0 0 0 
2024 10 0 0 0 0 0 0 0 0 0 0 0 
2025 10 0 0 0 0 0 0 0 0 0 0 0 
2026 10 0 0 0 0 0 0 0 0 0 0 0 
2027 10 0 0 0 0 0 0 0 0 0 0 0 
2028 10 0 0 0 0 0 0 0 0 0 0 0 
2029 10 0 0 0 0 0 0 0 0 0 0 0 
2030 10 0 0 0 0 0 0 0 0 0 0 0 
2031 10 0 0 0 0 0 0 0 0 0 0 0 
2032 10 0 0 0 0 0 0 0 0 0 0 0 
2033 10 0 0 0 0 0 0 0 0 0 0 0 
2034 10 0 0 0 0 0 0 0 0 0 0 0 
2035 10 0 0 0 0 0 0 0 0 0 0 0 
2036 10 0 0 0 0 0 0 0 0 0 0 0 
2037 10 0 0 0 0 0 0 0 0 0 0 0 
2038 10 0 0 0 0 0 0 0 0 0 0 0 
2039 10 0 0 0 0 0 0 0 0 0 0 0 
2040 10 0 0 0 0 0 0 0 0 0 0 0 
2041 10 0 0 0 0 0 0 0 0 0 0 0 
2042 10 0 0 0 0 0 0 0 0 0 0 0 
2043 10 0 0 0 0 0 0 0 0 0 0 0 
2044 10 0 0 0 0 0 0 0 0 0 0 0 
2045 10 0 0 0 0 0 0 0 0 0 0 0 
2046 10 0 0 0 0 0 0 0 0 0 0 0 

0 4 1 2 bottle_2 0.00315789 5 9 -103 240 19 -103 240 -11 -103 264 14 -103 282 29 -103 168 
1 4 1 2 bottle_2 0.014452 6 19 2 144 14 7 132 14 2 240 14 2 132 9 2 240 9 2 168 
2 4 1 2 bottle_2 0.166667 9 39 -73 264 39 -73 240 39 -73 294 39 -78 324 39 -83 354 39 -83 282 34 -88 294 39 -88 294 39 -93 294 
3 4 1 2 bottle_2 0.75 5 34 -98 294 39 -98 264 34 -103 294 39 -103 264 39 -103 354 
4 4 1 2 bottle_2 0.230769 1 -36 -93 60 
5 4 1 2 bottle_2 0.935065 12 34 -73 324 39 -83 216 34 -78 324 34 -83 264 39 -93 24 34 -88 240 39 -93 348 34 -93 264 39 -98 228 39 -103 24 39 -103 228 39 -103 66 
6 4 1 2 bottle_2 0.230769 2 -1 -3 348 4 -3 324 
7 4 1 2 bottle_2 1 9 -31 -88 264 -21 -88 84 -21 -88 66 -21 -88 36 -26 -93 324 -21 -88 18 -26 -88 264 -26 -98 348 -26 -88 240 
8 4 1 2 bottle_2 0.991213 94 24 -88 84 19 -88 114 9 -88 324 14 -83 24 -16 -88 18 4 -88 354 4 -83 324 9 -83 66 -6 -88 66 4 -83 66 14 -83 66 -16 -88 354 9 -88 354 9 -88 282 9 -83 282 9 -83 324 -16 -88 36 -6 -88 84 -6 -83 348 14 -88 348 -11 -88 84 19 -88 60 -11 -88 90 -6 -83 282 9 -88 168 4 -88 60 -6 -88 294 19 -83 132 -6 -83 294 14 -88 216 -1 -83 294 14 -83 168 -21 -88 324 -11 -88 264 -21 -88 216 -1 -88 294 14 -88 60 14 -88 144 -6 -88 228 -1 -83 144 14 -83 132 -11 -88 18 -11 -88 240 -11 -88 66 -6 -88 60 4 -83 90 24 -88 144 -6 -88 144 -11 -88 144 -21 -88 240 -6 -83 216 14 -88 24 24 -88 60 19 -88 24 -16 -88 132 19 -88 216 24 -88 90 24 -88 132 -1 -93 324 14 -88 264 -6 -93 168 4 -93 144 -11 -93 240 19 -93 144 -1 -93 282 -11 -93 354 24 -93 66 9 -93 84 -1 -93 60 19 -93 90 4 -93 354 -16 -93 348 9 -93 168 4 -93 264 -21 -93 240 -16 -93 294 -1 -93 18 14 -93 90 -6 -93 114 19 -88 282 -16 -93 264 4 -93 348 14 -93 354 14 -93 36 19 -93 354 4 -93 66 -16 -93 90 -16 -93 66 -11 -98 168 19 -93 240 -6 -98 324 24 -93 24 24 -98 84 4 -98 294 
9 4 1 2 bottle_2 1 34 -11 -98 264 -6 -98 84 -1 -98 144 -16 -98 144 14 -98 132 14 -98 240 9 -98 264 -1 -98 18 14 -98 114 -21 -98 348 24 -98 168 -1 -98 36 14 -98 324 14 -98 264 -16 -98 90 -6 -98 36 14 -98 348 -26 -98 264 19 -98 240 19 -98 60 -26 -98 294 -16 -98 84 -1 -103 168 19 -98 348 -11 -103 168 -11 -103 240 -1 -103 294 -16 -103 144 -1 -103 354 -1 -103 84 -1 -103 60 -26 -103 240 -26 -103 348 -6 -103 114 
10 4 1 2 bottle_2 1 7 34 -103 348 -31 -103 132 29 -103 282 34 -103 228 34 -103 216 29 -103 324 24 -103 294 
11 4 1 2 bottle_2 1 66 -26 -103 168 -36 -103 282 -31 -103 348 29 -103 66 -31 -103 324 24 -103 216 29 -103 90 -26 -103 228 19 -103 348 14 -103 324 -21 -103 216 14 -103 228 -11 -98 144 -21 -103 348 14 -103 216 -21 -103 282 -11 -103 66 9 -98 294 -21 -98 264 9 -98 282 -21 -98 324 9 -103 294 9 -98 228 -6 -103 144 -16 -98 294 -6 -98 66 -16 -103 348 -16 -103 240 19 -103 60 -11 -103 228 19 -103 114 9 -103 324 9 -103 354 9 -103 348 4 -98 228 -1 -103 144 9 -93 24 -11 -98 294 4 -103 294 4 -98 216 19 -103 84 -11 -103 24 -11 -103 294 -11 -93 18 4 -103 216 14 -103 66 4 -98 240 14 -103 60 9 -98 168 9 -103 36 4 -103 132 9 -103 168 9 -98 60 14 -103 90 9 -98 66 9 -103 132 9 -103 144 9 -98 114 4 -98 84 9 -98 84 9 -103 66 -6 -103 24 4 -103 84 9 -103 84 9 -103 90 -1 -103 24 
12 4 1 2 bottle_2 0.0983607 1 -16 -3 90 
13 4 1 2 bottle_2 0.770642 14 29 -68 84 29 -68 114 29 -78 114 -16 -3 294 9 -3 240 -11 -18 264 4 2 18 9 -3 18 29 -48 84 24 -53 114 19 -73 18 19 -28 354 -16 -23 66 19 -78 216 
14 4 1 2 bottle_2 0.969788 107 24 -73 228 19 -73 324 24 -73 348 29 -73 84 39 -73 60 34 -73 228 34 -78 90 34 -78 84 34 -73 24 29 -73 348 24 -73 84 19 -78 348 34 -78 144 39 -78 60 29 -78 324 29 -83 90 34 -83 90 19 -78 294 34 -78 216 29 -78 348 29 -78 354 29 -83 84 39 -83 36 29 -78 24 29 -83 216 29 -83 282 24 -78 36 34 -83 60 29 -83 240 24 -78 60 24 -88 354 24 -88 216 29 -83 66 39 -88 60 24 -88 282 34 -98 114 29 -83 36 29 -93 216 9 -98 24 39 -93 132 29 -93 324 29 -88 264 34 -93 228 29 -93 282 29 -88 66 24 -98 354 34 -88 168 34 -98 144 39 -88 168 34 -93 348 34 -93 354 39 -98 132 39 -98 36 24 -88 264 29 -88 36 39 -103 114 29 -93 240 34 -98 228 29 -98 282 39 -98 60 24 -98 294 -31 -83 324 29 -93 66 39 -103 84 24 -98 18 34 -98 216 29 -93 60 29 -98 18 -26 -83 60 29 -98 264 -21 -83 66 -26 -83 36 29 -98 60 24 -98 264 19 -98 36 -26 -88 114 -31 -83 240 29 -103 24 -26 -83 144 -21 -93 84 -26 -83 24 -36 -88 228 -26 -88 36 -26 -83 18 -26 -88 132 -31 -93 324 -31 -88 36 -26 -93 84 -31 -93 84 -36 -88 294 -26 -93 60 -26 -98 114 -31 -93 60 -36 -88 264 -36 -93 354 -26 -93 36 -11 -98 18 -31 -88 24 -31 -93 240 -26 -98 60 -31 -93 36 -26 -98 66 -26 -103 60 -16 -98 24 -31 -98 354 -26 -98 18 -36 -103 18 
15 4 1 2 bottle_2 0.375 3 -26 -103 18 -21 -98 144 -31 -103 18 
16 4 1 2 bottle_2 1 4 9 -3 354 9 -23 348 -1 -3 18 9 -18 228 
17 4 1 2 bottle_2 0.984076 206 -1 7 228 4 2 324 -16 2 84 14 -3 354 4 -3 264 -11 2 60 9 -3 144 -6 2 60 14 -8 240 -11 2 240 -1 2 354 -6 2 240 -16 2 18 -1 -3 264 9 -8 240 9 -8 348 9 -8 216 -1 2 216 9 -8 36 4 -8 228 -16 -3 282 4 -8 36 9 -13 354 -1 -3 36 -11 -8 66 14 -18 216 4 -8 144 9 -18 324 4 -13 216 -1 -8 36 -1 -13 348 4 -18 324 14 -23 18 4 -18 348 -11 -13 240 -11 -13 282 4 -18 354 -16 -13 282 9 -23 240 -6 -13 228 9 -23 36 -1 -13 36 4 -23 348 -6 -18 60 -16 -18 282 -16 -18 294 4 -23 36 14 -33 18 -1 -23 348 -6 -18 354 4 -28 324 4 -23 18 -6 -18 348 -16 -18 18 19 -43 144 14 -33 24 -11 -23 66 -6 -23 240 -11 -23 240 -16 -23 60 -6 -28 282 -16 -23 294 -11 -23 294 -6 -23 348 24 -48 144 -6 -28 66 -1 -28 354 -6 -28 240 24 -48 132 -16 -23 18 4 -33 240 -1 -28 60 -16 -23 36 24 -53 144 -6 -28 228 14 -53 228 14 -63 240 19 -68 144 -11 -33 282 -1 -33 60 9 -53 216 14 -63 24 19 -78 144 -11 -28 18 9 -43 144 24 -63 132 9 -58 168 -11 -28 168 9 -48 354 14 -73 228 24 -68 144 9 -63 168 14 -78 228 4 -53 348 14 -63 168 4 -53 216 9 -68 168 4 -53 240 14 -68 348 4 -38 144 24 -78 132 14 -68 354 9 -78 228 -1 -33 144 4 -53 354 4 -63 282 9 -58 282 14 -73 354 9 -78 216 4 -28 132 4 -68 282 24 -48 90 14 -78 168 19 -63 114 14 -43 114 9 -38 132 -6 -53 240 4 -78 240 19 -68 114 -1 -53 240 -6 -43 168 4 -78 348 -1 -38 144 9 -78 324 4 -33 132 -6 -53 228 -11 -38 168 14 -78 264 4 -78 216 9 -73 144 4 -68 324 9 -63 60 19 -73 348 -1 -73 60 14 -73 132 -1 -78 240 14 -78 132 4 -53 144 14 -73 282 9 -73 60 4 -78 324 14 -58 114 -1 -78 66 -6 -78 240 9 -78 60 -11 -83 294 -6 -78 60 -6 -53 324 -1 -68 168 4 -73 294 14 -63 114 -16 -78 294 -6 -83 60 14 -78 66 9 -73 66 4 -43 132 4 -73 66 14 -68 114 24 -78 168 4 -68 144 -11 -78 240 -11 -83 66 -6 -83 264 19 -73 84 19 -78 84 -6 -78 228 4 -73 144 -11 -73 264 -16 -78 84 -21 -78 324 19 -83 84 -21 -83 324 -16 -83 66 9 -68 132 -6 -73 354 -16 -83 90 -21 -78 228 -16 -83 264 -16 -83 324 -16 -83 60 14 -78 84 -1 -78 84 -21 -83 228 -6 -78 36 -11 -78 18 -11 -78 228 -16 -78 240 -11 -83 36 9 -78 84 14 -78 90 -21 -83 240 -6 -78 324 -6 -83 24 -26 -83 294 -11 -78 168 -11 -78 348 9 -78 90 -21 -83 348 -16 -78 348 -6 -78 144 -16 -78 354 -21 -83 36 -6 -83 144 -1 -83 114 -1 -83 132 -16 -83 144 
18 4 0 
19 4 1 2 bottle_2 0.180602 9 14 2 324 14 -8 24 39 27 114 -1 7 240 14 17 144 4 -8 354 -1 12 168 -21 2 90 9 22 144 
20 4 1 2 bottle_2 0.966443 24 14 27 264 19 27 90 19 27 60 29 22 144 24 27 90 29 27 90 29 27 114 19 27 354 24 27 228 29 17 132 29 27 84 -21 -8 294 19 -13 348 19 -8 114 19 2 114 -1 -3 324 4 -8 168 19 -13 144 14 -8 354 -1 -3 168 24 7 114 14 -13 144 4 12 144 4 7 144 
21 4 1 2 bottle_2 0.489796 4 -16 -8 84 9 7 18 24 2 114 -16 2 90 
22 4 1 2 bottle_2 0.146341 4 39 82 24 34 82 60 29 82 132 24 82 24 
23 4 1 2 bottle_2 0.879827 543 39 77 132 39 77 66 34 77 18 34 77 354 24 77 36 39 77 348 19 77 354 39 77 144 29 77 84 24 77 60 34 77 294 39 77 240 39 72 66 29 72 60 34 72 60 39 72 84 29 72 66 29 72 24 29 72 354 34 72 144 39 72 114 19 72 354 29 72 348 19 72 18 29 72 294 24 72 60 24 72 228 29 72 240 34 72 264 39 72 168 39 67 60 39 67 324 39 67 84 29 67 66 24 67 36 24 67 354 29 67 18 29 67 132 24 67 18 34 67 84 29 67 348 39 67 228 29 67 294 34 67 90 24 67 264 34 67 240 29 67 216 19 67 240 39 67 168 39 62 66 39 62 36 34 62 36 39 62 60 34 62 24 24 62 18 34 62 144 34 62 114 19 62 324 29 62 294 39 62 240 19 62 294 29 62 240 39 62 264 24 62 216 34 62 216 14 62 282 14 62 240 39 57 132 39 57 36 29 57 36 34 57 66 39 57 84 29 57 132 19 57 282 19 57 348 29 57 264 34 57 264 19 57 264 24 57 216 19 57 24 24 57 66 19 57 36 34 57 168 29 57 168 14 57 324 -16 57 60 14 57 18 19 57 66 39 52 132 34 52 66 39 52 324 39 52 282 29 52 24 39 52 348 34 52 324 29 52 132 24 52 324 24 52 282 39 52 294 34 52 90 19 52 282 29 52 84 24 52 60 39 52 264 19 52 264 24 52 90 34 47 18 34 47 24 39 47 60 34 47 60 39 47 84 39 47 114 29 47 60 39 47 348 29 47 354 24 47 354 34 47 144 39 47 90 29 47 348 24 47 282 19 47 324 29 47 144 39 47 264 24 47 60 19 47 24 29 47 84 19 47 228 19 47 240 14 47 294 24 47 132 39 42 132 24 42 36 39 42 348 29 42 60 34 42 348 29 42 132 34 42 144 19 42 324 39 42 294 19 42 354 39 42 264 24 42 60 29 42 90 24 42 240 29 42 168 14 42 354 39 37 66 39 37 354 39 37 282 34 37 66 24 37 36 39 37 348 29 37 60 34 37 348 39 37 228 39 37 90 19 37 282 19 37 324 34 37 90 29 37 294 19 37 348 39 37 264 34 37 264 19 37 228 24 37 60 29 37 216 19 37 240 19 37 216 14 37 348 14 37 240 19 37 60 19 32 282 19 32 240 19 32 324 19 37 66 29 32 60 19 32 354 14 32 264 19 32 18 24 32 354 39 32 66 34 32 36 19 32 36 24 32 282 24 32 168 24 32 324 34 32 60 14 32 228 24 32 66 39 32 324 34 32 84 29 32 216 29 32 348 29 32 240 24 32 114 39 32 216 39 32 168 24 32 84 19 32 60 -21 32 132 -21 32 114 9 32 264 19 27 324 -26 32 228 24 27 354 -26 32 240 34 27 60 29 27 18 -36 32 282 19 32 114 24 27 264 -11 32 84 34 27 36 -31 32 294 24 27 294 -31 32 216 29 27 216 29 27 348 -26 32 324 39 27 18 34 27 168 -21 32 240 34 27 354 39 27 354 29 27 264 14 32 168 39 27 294 34 27 294 9 27 324 -16 27 132 -21 32 282 14 32 132 -16 32 228 -21 27 132 -21 27 60 14 32 114 9 27 348 9 27 240 29 22 66 19 22 354 24 22 24 -1 32 282 19 22 216 -21 27 216 -11 27 132 -26 27 144 24 22 216 -26 27 282 -11 27 90 19 22 264 34 22 144 -31 27 324 24 22 354 -26 27 90 19 22 294 14 22 294 9 32 66 -21 27 354 -31 27 294 -26 27 294 39 22 84 14 27 66 24 22 168 -6 32 168 9 27 24 9 32 144 24 22 294 14 22 348 -1 32 240 29 22 282 34 22 354 9 32 90 19 22 60 -36 27 216 -11 27 60 39 22 294 34 22 294 14 27 90 14 27 84 39 22 216 -16 27 216 -1 32 66 4 27 228 14 22 216 14 27 114 29 17 144 -11 32 282 -6 32 294 4 32 66 4 32 60 19 22 168 -6 32 36 29 17 90 -6 27 84 -21 27 264 -21 22 60 14 17 294 14 17 264 -16 22 144 29 17 84 29 17 66 -16 22 66 -26 22 36 34 17 90 -6 32 24 39 17 132 34 17 84 4 27 24 -26 22 60 -26 22 18 24 17 84 24 17 354 9 22 228 24 17 348 9 22 354 -16 27 282 9 22 240 39 17 66 -21 22 168 39 17 90 24 17 240 -31 22 24 34 17 36 29 17 18 29 17 228 -1 27 90 14 22 60 9 27 90 -16 27 294 -26 22 240 -36 22 282 -1 27 348 19 17 60 -31 22 216 -31 22 240 9 22 18 29 17 324 -11 27 24 34 17 354 29 17 240 9 17 324 -36 22 348 -31 22 60 -11 27 18 -11 22 144 19 17 66 -26 22 264 9 22 36 39 17 294 4 27 168 9 17 228 -21 22 240 -6 27 240 -6 27 348 4 27 114 -11 27 264 9 17 240 29 12 84 -16 17 144 -16 17 84 -16 17 90 -16 17 114 -1 27 36 -21 22 324 29 12 60 34 12 144 -16 17 66 -6 27 18 -21 17 114 24 12 18 39 12 114 -6 22 84 -6 22 114 -26 17 24 39 12 90 -11 17 114 9 12 324 -16 22 18 39 12 66 9 22 66 -21 17 24 14 17 66 -1 22 282 4 22 216 34 12 36 24 12 264 34 12 24 -31 17 24 -6 22 60 4 17 348 -36 17 228 34 12 354 34 12 324 -11 17 66 -1 22 144 39 12 168 -11 17 60 -1 22 84 19 12 90 39 12 240 -16 22 294 39 12 216 -21 17 324 39 12 264 -6 17 168 34 12 264 14 7 324 -11 22 324 -6 17 114 19 7 228 4 22 60 -21 17 294 4 22 66 -1 22 216 -1 17 324 -1 17 228 9 12 24 29 7 84 -11 22 264 -11 17 240 4 22 114 14 7 348 -1 22 24 4 12 294 4 12 348 -1 17 348 9 17 84 39 7 66 -1 17 216 -1 17 84 39 7 60 19 7 168 -6 17 282 -6 17 324 -1 17 66 4 17 132 -11 17 294 34 2 114 34 7 168 4 17 66 -1 17 60 4 17 90 14 7 168 34 7 294 39 7 264 4 12 36 19 2 240 24 -3 144 -26 7 216 24 2 90 -16 12 282 -11 12 348 -1 12 144 9 12 114 -16 12 264 -16 7 216 29 2 216 34 -3 114 -1 12 60 -26 7 264 -11 12 282 34 2 18 29 2 282 34 2 24 34 2 168 29 2 264 34 2 324 39 2 216 29 -8 114 -16 2 216 29 -3 84 34 -3 84 34 -3 144 14 -3 282 4 2 282 -31 2 240 39 -3 66 29 -3 168 -6 7 216 29 -8 144 9 -3 264 24 -3 324 -36 2 240 4 7 66 29 -3 264 24 -13 114 19 -8 240 -16 2 36 -31 2 132 -6 7 24 14 2 84 39 -3 240 19 -8 324 34 -8 90 -36 2 60 -21 2 324 4 -3 348 -36 2 144 9 2 60 19 -8 18 -1 2 294 24 -8 90 -16 2 264 34 -13 114 -31 -3 216 -26 -3 264 34 -8 66 4 -3 294 -26 -3 294 39 -8 24 29 -8 282 -36 -3 228 9 -8 294 -11 2 324 39 -8 228 34 -8 228 14 -13 168 -36 -3 354 -21 -3 324 -36 -3 36 -31 -3 90 -36 -3 24 -16 -3 240 19 -13 18 -36 -3 132 -6 -3 348 24 -13 354 -16 -8 60 24 -13 90 -16 -3 264 4 -3 60 24 -13 294 -31 -8 324 -6 -3 294 19 -23 144 24 -13 282 14 -13 36 -26 -8 90 19 -18 240 39 -13 18 4 -3 66 -36 -8 240 -36 -8 324 
24 4 1 2 bottle_2 1 42 14 37 60 -21 -3 114 39 77 216 39 77 264 -31 7 282 -11 7 84 29 77 240 34 77 90 29 82 348 29 82 114 34 82 294 34 82 84 39 82 264 39 82 228 29 72 168 14 77 324 34 82 282 4 37 18 4 92 90 4 37 324 14 67 264 34 82 228 29 82 294 34 82 66 19 82 24 24 82 66 19 82 216 19 82 264 34 82 264 19 82 294 29 82 282 29 82 264 4 37 24 29 82 60 14 62 348 19 82 36 19 42 60 14 72 324 24 87 84 14 87 264 24 87 294 -16 72 66 
25 4 1 2 bottle_2 0.965503 793 24 87 66 19 37 84 19 87 240 24 67 84 -16 7 36 -16 77 168 14 87 324 14 87 18 24 82 84 14 87 282 24 7 294 24 82 168 19 47 60 -1 92 90 19 42 66 9 47 294 -1 37 36 14 47 240 -1 37 354 39 87 294 -1 37 348 9 57 324 -16 67 66 14 62 216 -16 62 114 39 87 66 -26 -3 66 39 87 348 9 92 84 14 52 240 39 87 84 24 92 132 14 67 348 29 87 348 39 87 60 24 77 84 9 37 240 -16 62 84 29 87 114 4 92 66 -16 72 132 34 87 24 34 87 36 34 87 114 29 87 84 29 87 18 19 37 168 39 92 132 -16 57 66 24 67 132 24 87 144 29 87 36 39 92 144 34 87 354 24 92 294 -16 77 90 34 87 324 34 87 282 -36 -3 264 -6 92 24 -11 62 144 -16 67 168 24 92 168 -1 92 348 24 82 90 29 87 60 14 47 24 34 87 60 19 92 294 24 87 114 24 92 348 19 92 24 -16 57 168 14 92 240 19 92 66 -21 -8 36 -16 72 60 4 92 60 -16 62 60 -16 67 60 19 92 60 24 92 60 14 92 294 -6 37 354 24 82 144 -21 57 114 19 62 168 39 92 354 14 92 60 -31 7 240 -11 87 132 -6 92 348 -11 87 90 34 92 348 34 92 90 -21 52 90 19 57 84 -21 62 36 -16 87 132 29 92 90 -11 92 24 39 92 228 39 92 168 -11 92 144 -16 87 114 -21 82 36 -21 82 132 -21 52 66 19 92 168 -21 57 36 -11 82 114 34 92 60 -36 107 84 -1 97 216 -6 37 18 -21 52 168 14 67 228 -36 2 354 34 92 282 -21 57 60 19 62 60 -6 92 60 14 92 228 -21 62 66 24 72 144 -21 82 24 14 92 132 -21 72 114 14 42 36 -21 67 66 4 92 18 34 -3 216 29 92 168 -21 77 144 4 92 114 -11 92 18 -21 72 60 -1 42 240 24 82 132 -21 67 84 -36 102 144 -36 102 240 -1 42 264 24 7 216 -21 57 18 -21 82 90 -21 87 144 -26 32 132 4 97 216 -31 102 132 -31 12 240 -31 107 84 -21 62 24 -31 107 114 -16 92 24 -6 42 282 19 57 132 -21 77 84 -21 87 132 -21 82 84 -16 92 114 -36 102 324 19 97 144 -21 2 114 -1 37 60 -31 7 90 -31 107 354 -31 107 168 -36 102 60 24 97 18 39 97 114 -11 92 84 -1 92 324 -21 87 168 -36 2 216 -16 92 324 29 -8 294 39 97 60 -31 102 240 -16 92 18 24 97 36 39 97 66 19 97 294 34 -3 36 24 97 90 34 97 144 24 97 24 -26 62 264 24 -8 168 34 2 66 -36 7 90 -36 2 24 34 -8 348 39 102 144 -21 87 66 14 97 132 -36 102 36 -31 107 60 -11 97 216 -11 67 114 24 97 354 4 37 90 24 97 240 -31 102 60 -26 52 144 -31 102 18 -21 87 84 39 97 324 -26 102 144 34 97 90 -11 82 90 24 97 324 -16 47 132 34 -3 66 19 62 132 29 97 90 -31 7 66 -21 92 24 -36 7 144 -21 2 66 39 97 354 -21 92 114 -26 62 144 14 97 18 39 102 24 19 97 324 -26 107 114 9 87 324 -26 47 90 -26 57 348 -11 62 84 -21 92 36 -26 52 84 -36 7 60 -26 67 36 -26 52 90 -16 97 240 -26 107 24 -26 42 144 -21 62 354 -26 107 324 39 102 294 39 102 66 19 97 60 -26 62 60 39 102 36 -21 92 18 -26 62 66 -26 102 18 29 97 24 34 97 60 -26 87 264 -26 107 228 -26 87 324 29 102 18 -26 102 90 -36 97 144 29 97 228 -26 42 84 -36 97 216 -26 92 294 -26 77 36 -26 62 24 29 97 66 19 97 282 -26 67 60 39 -8 132 -26 32 24 -26 107 60 39 102 354 -31 27 60 14 97 36 -31 97 144 -21 87 354 -31 2 294 29 97 168 34 102 114 -36 17 24 -26 77 66 -26 32 90 -11 82 144 29 97 84 -26 97 216 -1 97 132 34 102 240 -26 82 114 29 97 348 34 97 282 -26 72 228 -31 97 132 -26 97 240 14 97 84 -26 102 84 -26 97 324 -26 87 132 -6 97 132 14 97 324 -21 97 264 9 97 66 34 102 324 9 97 36 29 97 60 -11 67 144 29 102 216 9 87 282 -1 97 282 -11 97 282 -36 97 228 -26 97 66 -21 57 240 -6 97 24 34 102 168 -36 2 264 -26 97 60 -1 97 348 34 7 60 34 102 84 -26 77 168 -16 97 144 34 -8 60 -1 37 84 -21 97 36 -21 97 60 -26 97 354 -31 97 348 -26 97 114 9 97 84 -21 102 240 9 97 324 -36 97 282 -26 92 240 -1 37 66 -1 97 324 -6 97 324 -26 97 36 -26 82 90 -1 97 354 -6 12 294 -16 97 294 -26 82 66 14 67 24 14 87 60 -36 97 90 4 97 324 -26 82 168 29 102 36 -11 97 36 24 7 264 -21 107 132 -31 57 216 -11 97 60 -16 97 348 -11 97 168 -16 97 90 34 107 144 29 102 84 -16 97 36 -21 67 18 -11 52 84 39 107 84 -31 32 168 -36 7 24 -26 87 84 -36 12 90 -36 12 84 39 107 114 39 107 240 -21 47 36 19 67 66 -31 52 348 -21 67 240 -21 42 60 -31 17 132 -31 62 240 -31 42 168 -31 52 144 -26 -8 66 4 97 60 -21 107 114 19 77 60 -21 102 84 -21 7 240 -31 47 144 -31 67 216 -31 57 282 -31 52 240 -36 12 132 -31 62 168 -1 97 60 -31 37 354 -31 52 132 -21 102 324 39 107 66 9 87 354 -6 97 84 -26 87 228 39 107 36 -31 52 24 -31 57 324 -31 67 264 -31 67 354 39 107 324 24 102 168 -31 92 168 19 102 264 19 102 66 39 107 168 19 102 24 -26 72 294 -11 12 324 -16 62 228 -31 52 90 14 82 36 -31 57 354 -31 62 144 -31 77 294 -36 92 294 -21 107 24 -11 52 132 -16 102 132 -31 72 144 -31 57 90 19 87 168 14 102 216 -31 42 114 34 107 84 -31 77 36 24 102 84 -31 47 348 -31 92 348 29 107 114 -36 92 216 4 102 114 -31 52 228 -31 52 264 24 7 324 -31 92 84 24 107 144 -21 107 348 14 37 114 -31 92 228 -31 47 216 4 102 294 -36 52 348 -31 77 144 14 77 228 24 107 354 19 87 114 -31 27 84 19 102 60 -36 92 60 -11 67 90 -16 102 294 -31 62 24 -31 12 282 34 107 66 29 107 348 -31 12 66 -36 12 24 9 102 264 -31 32 114 14 102 240 -31 42 348 -31 77 348 4 102 216 -11 102 132 -31 82 144 -36 22 168 -31 87 132 -36 17 84 -16 92 294 -31 72 18 -31 77 18 4 92 132 -36 47 240 4 2 90 34 107 36 -1 102 216 -36 52 240 -11 87 36 -31 82 324 24 107 90 -36 92 282 14 102 60 -11 102 294 -16 102 282 -31 42 60 19 77 66 -36 52 90 -31 72 84 -36 52 144 14 -3 84 -31 77 282 -31 87 216 -31 47 324 29 107 84 -21 82 354 -31 82 114 -36 52 168 29 107 240 -31 47 282 14 102 84 19 47 84 19 107 354 4 102 84 -31 87 264 -31 47 264 -36 57 282 19 107 294 -31 87 168 -36 17 132 -36 92 36 -36 47 168 -11 102 114 9 102 90 -16 7 66 -31 92 66 -16 102 84 -36 57 168 -31 67 66 -31 37 240 -21 82 228 -31 82 240 4 102 324 -16 102 60 -31 82 228 -36 17 60 29 107 66 29 2 348 -1 102 84 -36 52 36 -36 57 354 14 107 264 4 102 66 -21 47 24 -31 37 60 4 102 354 24 107 84 -31 87 114 -36 92 90 24 107 240 19 107 24 19 107 90 -36 62 168 -36 72 348 -36 77 240 -31 87 282 4 107 114 -36 52 132 9 102 60 -36 92 18 -36 47 84 -1 107 294 -36 42 354 -36 67 228 14 107 240 -6 102 84 -16 107 60 -31 82 66 -26 52 282 -36 57 114 -1 102 168 -36 42 168 24 107 168 -36 67 132 9 107 294 -11 107 144 -36 67 90 -36 77 282 -26 47 216 14 107 168 -36 82 264 19 107 240 -36 27 132 -31 87 90 29 -3 18 19 107 66 -16 107 66 19 107 282 14 92 168 -36 67 60 -31 32 60 4 92 264 4 107 354 -36 77 66 4 107 84 -16 107 24 -36 42 228 9 72 264 -36 72 90 -21 67 354 -11 42 264 14 107 24 19 7 90 9 107 66 -6 102 18 -36 87 240 -16 57 18 14 107 348 -36 37 144 -36 47 60 -36 37 240 -16 107 348 -36 77 228 -21 87 240 -16 107 36 -36 77 60 -36 82 132 -36 37 132 9 107 348 14 107 60 -36 57 66 -36 47 66 9 107 84 4 107 66 -21 57 294 9 107 324 -36 67 66 -16 107 324 -36 87 216 24 7 84 -31 42 264 -26 -3 84 -36 82 228 29 -3 228 -36 67 84 -26 7 66 -36 27 60 -36 87 24 -11 107 60 -36 42 84 -11 107 228 24 -13 240 -16 62 36 -36 37 228 -16 37 84 -11 67 84 -36 37 90 34 7 144 -36 37 18 -36 32 348 19 42 84 9 -8 282 -6 107 66 -36 42 60 -21 77 228 -26 47 354 9 57 36 -16 37 90 9 52 228 -11 107 66 -16 92 282 4 7 90 19 47 90 14 67 36 -21 52 348 24 2 84 19 52 132 -16 37 132 -26 -3 348 14 7 36 -11 62 66 -21 -3 66 9 52 18 -16 42 132 9 42 24 4 2 84 -6 7 144 9 87 240 -31 2 36 4 2 114 29 7 24 -6 92 168 -16 42 114 -16 92 264 -16 57 216 -36 12 294 14 62 60 9 7 60 9 7 282 -6 87 60 9 62 24 -26 7 84 19 -13 264 24 2 240 19 72 84 -26 37 216 4 92 240 -21 82 240 29 -13 60 -21 72 354 19 7 84 -16 12 348 -11 37 24 4 7 84 19 72 90 14 42 132 -16 2 114 4 37 228 29 7 66 -1 37 240 -26 2 144 -16 37 348 -11 82 60 4 47 264 -16 37 354 -21 52 240 -1 12 114 -16 62 24 -31 2 354 -11 52 60 -1 92 264 9 37 168 4 37 144 -26 2 348 -16 37 24 -6 87 36 -26 42 228 4 62 240 -6 87 144 14 -3 60 -16 57 228 9 72 348 -21 72 348 -6 37 84 4 52 282 -21 37 324 -11 42 228 -26 12 66 -16 62 348 9 42 132 14 57 168 -1 42 354 -11 92 240 14 -8 264 -26 12 132 4 67 264 -21 47 216 14 7 60 4 42 132 14 87 168 -26 47 282 24 -8 66 -26 42 348 9 67 18 14 12 60 9 62 36 -21 42 24 14 42 114 -1 87 84 -1 92 168 19 -8 66 -31 7 24 -21 47 348 -16 47 36 9 82 36 4 82 294 9 77 348 9 87 84 4 42 66 19 77 132 14 67 60 -21 37 294 -6 37 114 19 7 66 -1 87 66 -1 87 60 19 -13 36 -16 42 264 -6 -3 114 -16 52 216 -6 62 84 9 82 228 19 -8 60 -1 92 228 4 42 18 -6 92 240 4 67 324 -11 57 18 -1 57 114 19 -3 60 -11 67 60 -16 57 324 4 87 84 -1 87 114 4 87 90 9 57 66 -21 7 348 19 7 60 14 67 114 -1 42 66 -16 37 264 -1 47 216 
26 4 1 2 bottle_2 0.418605 3 39 -18 84 -21 -28 84 -26 -33 84 
27 4 1 2 bottle_2 0.967105 294 -36 -18 216 -21 -18 114 -36 -8 354 29 -18 348 29 -18 216 -31 -8 60 -36 -8 294 39 -13 264 -26 -13 90 34 -13 264 -21 -18 90 39 -18 324 -26 -18 132 34 -13 282 39 -13 168 -36 -8 264 -21 -23 66 -31 -18 144 39 -18 240 -31 -33 84 -31 -13 348 39 -23 354 -26 -18 144 -31 -18 132 39 -18 228 39 -13 228 39 -13 348 39 -13 282 29 -13 18 -36 -13 354 -36 -18 144 -31 -23 144 24 -28 294 29 -13 240 39 -18 60 34 -23 324 39 -33 294 39 -18 144 39 -28 348 -36 -8 144 39 -23 324 39 -23 348 -36 -23 144 -36 -18 66 -36 -18 84 -36 -18 90 -31 -33 66 29 -18 354 -31 -13 84 39 -33 216 -36 -13 90 -36 -23 60 34 -18 228 39 -28 324 -36 -18 168 34 -18 282 -36 -28 60 -36 -8 216 39 -23 264 -36 -78 84 34 -28 324 -36 -83 132 39 -28 264 -36 -23 132 -21 -18 84 34 -48 90 -26 -23 144 -31 -73 36 -36 -78 60 29 -58 264 -31 -18 90 -36 -18 348 29 -18 60 39 -28 60 29 -38 294 34 -38 282 -36 -33 66 34 -33 282 -36 -78 132 -36 -73 132 -36 -78 114 -26 -13 60 34 -28 168 -26 -28 114 -36 -73 18 24 -33 324 -36 -48 84 -36 -33 24 39 -63 144 34 -23 60 -31 -28 144 39 -43 264 -36 -88 24 -26 -23 84 34 -28 228 -36 -38 168 -36 -88 132 39 -33 282 34 -43 240 -36 -73 114 -31 -23 114 -36 -68 66 -36 -68 132 34 -53 228 -31 -33 144 39 -48 282 -36 -53 84 -31 -38 60 39 -43 294 39 -38 216 -31 -58 36 34 -33 18 -36 -83 354 24 -18 324 -36 -68 168 29 -33 282 29 -23 282 -36 -73 168 -36 -38 114 39 -48 354 39 -58 216 34 -48 282 39 -33 66 -36 -88 84 -36 -38 84 39 -63 282 -36 -63 60 -36 -53 66 -31 -78 84 -31 -18 84 34 -53 240 39 -38 90 -36 -63 114 -36 -88 18 34 -58 264 39 -48 24 -36 -68 36 -26 -28 36 34 -38 354 19 -28 294 34 -48 228 -31 -68 114 -36 -53 90 -36 -38 348 29 -23 264 -36 -78 348 34 -48 348 -31 -58 132 39 -33 114 -31 -68 66 -26 -78 84 -36 -63 168 39 -48 84 -36 -63 36 19 -18 294 39 -53 354 -31 -43 114 -36 -38 18 34 -48 354 -36 -58 90 -31 -28 354 -36 -48 24 39 -68 324 -31 -83 168 34 -63 228 39 -68 216 -26 -78 114 -26 -28 168 24 -18 294 -31 -83 60 -26 -23 132 -31 -48 36 39 -68 264 -31 -58 114 -31 -53 36 39 -68 144 29 -63 282 34 -23 84 -31 -88 84 -36 -63 282 -31 -43 144 -36 -43 354 39 -38 114 -26 -23 90 34 -28 66 34 -23 132 39 -73 168 34 -58 354 -31 -43 84 -36 -73 240 34 -68 348 39 -33 132 34 -53 18 -26 -38 132 -36 -58 216 29 -48 264 39 -48 144 34 -28 144 -31 -78 36 34 -38 84 39 -63 114 34 -43 24 24 -53 282 -31 -43 66 24 -38 282 -31 -63 168 29 -63 354 -31 -43 36 -31 -68 132 -26 -33 144 24 -23 264 39 -58 84 34 -33 216 34 -73 168 39 -68 66 -36 -63 264 29 -68 294 34 -43 66 34 -43 216 -26 -33 132 -26 -73 132 24 -23 282 -31 -58 60 -36 -23 324 34 -33 114 34 -68 144 39 -68 60 -36 -48 282 -36 -73 294 -31 -53 168 39 -38 132 34 -68 18 -26 -38 144 -36 -43 282 29 -53 348 24 -33 282 34 -48 66 -31 -38 354 29 -58 216 29 -28 66 24 -23 240 -26 -43 168 34 -53 36 39 -58 90 29 -53 324 29 -68 240 19 -33 294 29 -63 240 34 -48 60 -36 -18 294 -31 -53 66 29 -33 216 29 -33 354 34 -43 36 -26 -68 114 24 -48 282 -36 -48 240 -26 -48 168 24 -23 24 29 -33 60 29 -28 114 -31 -33 18 -36 -43 240 -26 -43 90 -36 -43 324 -31 -53 18 -26 -43 36 34 -28 90 29 -48 354 24 -38 264 34 -58 84 29 -68 66 29 -33 228 -26 -48 90 -26 -48 144 24 -53 294 34 -43 132 29 -38 66 -26 -48 84 -21 -23 114 -26 -43 84 19 -53 294 -31 -48 348 24 -43 324 -26 -58 144 29 -48 66 -36 -83 264 24 -48 24 29 -53 66 29 -48 168 19 -48 294 29 -58 66 24 -53 324 -26 -53 66 
28 4 1 2 bottle_2 0.983923 153 -11 -33 36 -21 -33 60 -11 -13 216 -6 -33 24 -11 -33 264 -11 -13 168 -16 -33 66 -16 -58 240 9 -58 132 -16 -18 168 24 -63 168 19 -28 324 -11 -33 66 -16 -28 60 -1 -58 324 -11 -13 60 -11 -58 228 -21 -28 60 -11 -28 348 -21 -38 84 -21 -28 36 24 -58 216 9 -18 144 -16 -33 282 29 -18 84 -31 -18 240 -6 -33 240 -11 -38 24 14 -33 294 24 -63 216 -6 -38 36 19 -38 216 -1 -13 18 -16 -13 66 9 -8 66 9 -38 294 19 -58 282 -6 -8 114 -1 -8 90 -31 -38 282 14 -18 282 9 -8 84 -16 -28 348 19 -13 90 29 -38 168 -1 -8 294 9 -8 60 19 -18 90 -31 -28 240 -1 -13 324 -6 -48 144 -16 -58 228 -26 -28 294 14 -8 66 -21 -38 18 19 -13 84 19 -38 282 9 -38 228 -6 -8 348 -26 -13 294 9 -33 354 -1 -8 66 29 -13 36 4 -13 84 9 -18 282 -11 -13 324 4 -8 66 -26 -58 24 -31 -33 264 -11 -33 228 -16 -18 216 4 -18 90 -16 -8 18 14 -38 282 -26 -28 216 14 -13 66 9 -38 240 4 -13 294 -16 -8 324 -16 -28 114 -1 -38 324 24 -23 60 14 -18 24 19 -58 264 -1 -18 90 -21 -38 132 14 -18 66 29 -58 144 -11 -48 144 34 -63 144 -6 -8 24 -16 -18 90 -11 -13 264 -6 -18 84 29 -23 84 -16 -38 354 -11 -18 294 19 -18 36 -1 -13 216 -21 -38 144 -26 -28 324 19 -23 66 14 -23 66 4 -23 114 4 -8 60 19 -28 66 -21 -43 144 29 -58 84 -1 -33 114 -11 -23 348 -1 -63 324 24 -28 132 -31 -13 294 29 -53 84 -11 -38 228 19 -28 60 -6 -18 36 14 -28 66 24 -28 60 4 -28 84 4 -33 90 19 -33 60 -26 -73 24 -31 -48 228 24 -28 66 24 -28 18 9 -43 114 -11 -23 216 -6 -53 168 24 -43 66 -31 -43 324 19 -28 264 -6 -8 144 14 -33 66 29 -48 60 29 -53 60 24 -23 90 9 -38 84 19 -28 18 -6 -38 216 29 -58 60 -6 -68 324 14 -33 228 9 -28 282 -11 -68 132 -6 -33 324 -16 -38 228 19 -38 60 -16 -18 66 24 -33 66 4 -18 282 29 -23 90 4 -53 90 
29 4 1 2 bottle_2 0.981818 90 -21 -38 240 -31 -68 264 -21 -33 348 24 -48 60 -16 -28 324 -11 -23 354 9 -63 294 9 -48 84 19 -43 60 24 -38 144 19 -68 282 -6 -23 24 4 -48 84 14 -68 282 14 -28 282 4 -48 90 19 -28 84 -16 -38 216 14 -23 168 24 -33 144 4 -43 84 19 -28 36 24 -43 24 -16 -23 228 9 -38 66 -6 -33 144 -31 -48 18 9 -33 282 9 -33 114 29 -63 90 -6 -63 216 -21 -73 240 -6 -23 168 29 -28 84 -1 -28 294 29 -43 132 19 -23 216 14 -23 264 9 -23 60 14 -33 144 4 -33 282 19 -68 168 -11 -68 144 -16 -18 60 -16 -23 168 19 -28 90 -21 -43 84 -1 -28 84 -31 -18 294 -1 -43 168 29 -28 90 -21 -68 240 -1 -28 66 -26 -73 66 -11 -68 228 -16 -43 354 14 -43 348 29 -73 60 9 -28 114 -1 -28 132 -6 -23 90 -21 -18 60 -6 -68 144 -11 -43 324 -1 -68 216 -11 -68 348 4 -43 294 14 -23 114 4 -23 60 19 -23 240 9 -48 294 -11 -53 348 9 -53 294 -6 -48 216 -1 -48 324 -11 -18 36 9 -43 354 9 -43 348 14 -73 84 -26 -43 294 -31 -18 282 14 -53 294 4 -43 354 -6 -48 354 19 -48 324 -21 -18 36 -16 -23 90 -6 -53 348 -6 -43 18 -6 -43 24 
30 4 1 2 bottle_2 1 15 19 -33 240 -21 -68 90 -21 -53 168 19 -53 240 -26 -53 216 -21 -73 84 -21 -68 168 -26 -63 354 24 -53 60 -26 -58 240 -11 -48 132 -21 -48 18 -26 -63 324 -21 -48 324 4 -43 324 
31 4 1 2 bottle_2 1 30 -16 -53 216 -21 -58 228 -26 -73 240 -11 -48 240 -1 -43 60 9 -48 36 -1 -48 216 -21 -63 228 -21 -63 354 4 -48 114 14 -53 66 -6 -58 84 -11 -53 324 -1 -53 282 -6 -63 114 19 -63 66 -11 -58 294 -11 -58 36 14 -58 66 9 -53 84 -6 -53 354 4 -53 60 -21 -68 264 -16 -73 36 19 -68 60 9 -58 90 4 -68 348 -11 -73 24 -11 -73 18 4 -73 90 
32 4 1 2 bottle_2 0.977001 177 9 -18 168 -11 -13 84 -16 -13 36 -1 -13 144 9 -28 168 24 -38 132 -11 -18 168 9 -33 168 14 -43 18 4 -33 324 9 -38 168 9 -38 36 19 -43 228 -11 -28 84 14 -58 18 19 -38 24 -26 -28 264 19 -43 18 -1 -38 228 14 -43 36 4 -38 36 14 -43 264 9 -48 240 -6 -33 228 9 -48 18 19 -53 216 -21 -28 324 -1 -43 228 -11 -33 84 19 -53 228 14 -48 264 9 -58 24 -6 -33 354 14 -58 324 4 -48 282 9 -58 18 -11 -38 282 19 -58 228 9 -63 348 -6 -33 294 19 -48 348 14 -53 264 14 -63 324 14 -63 354 -16 -33 24 -1 -58 264 -6 -63 282 -1 -43 324 4 -63 240 -26 -38 264 -16 -33 114 -1 -63 264 -6 -43 60 -1 -48 354 19 -58 348 4 -68 36 -21 -43 228 4 -43 60 19 -63 36 14 -58 282 -16 -38 18 -6 -53 66 -1 -38 36 4 -38 66 -21 -53 216 9 -48 60 -6 -58 66 -6 -43 216 4 -53 24 -16 -48 282 -1 -63 60 4 -58 18 -11 -63 282 4 -43 66 9 -43 66 -11 -43 354 -6 -53 294 14 -58 60 4 -63 18 -16 -53 282 -1 -63 66 14 -63 60 -11 -53 60 9 -48 66 -11 -63 84 -6 -43 90 -26 -48 264 -16 -53 90 -11 -68 294 -1 -48 36 -16 -58 282 -16 -53 66 -21 -38 354 -16 -63 294 -6 -73 66 24 -58 66 9 -53 66 -6 -58 264 -26 -53 228 -21 -43 114 -16 -63 282 19 -53 90 -26 -48 240 -16 -48 324 -21 -48 84 -16 -58 66 -16 -68 294 19 -68 324 -26 -43 348 19 -58 84 -6 -63 264 -6 -63 84 14 -48 84 -21 -58 324 -21 -58 294 -6 -73 60 -26 -53 264 24 -63 60 -16 -53 324 -6 -48 18 -16 -48 36 -21 -63 282 -11 -68 240 -21 -53 36 -11 -48 114 -21 -73 216 -1 -63 216 24 -68 60 -6 -53 36 -26 -53 282 -6 -73 84 -6 -63 90 -21 -53 24 -16 -63 264 -16 -68 60 -16 -58 18 -11 -53 114 -1 -63 18 -1 -48 90 -16 -73 84 24 -73 60 -31 -53 324 -1 -68 18 -6 -63 36 -21 -53 60 -1 -63 24 -6 -68 354 -11 -63 324 -16 -58 36 -26 -48 18 -1 -68 84 -21 -58 24 -16 -73 264 -16 -73 324 -21 -58 60 -6 -73 36 -6 -73 18 -31 -53 294 29 -68 168 -26 -63 348 -31 -63 228 9 -73 84 -31 -63 240 -26 -58 66 -21 -58 132 -21 -73 348 -26 -63 60 -31 -68 324 -21 -78 348 -21 -73 60 -21 -78 90 -31 -73 324 4 -68 114 -21 -68 132 -31 -68 348 -31 -68 216 -31 -68 354 
33 4 1 2 bottle_2 1 4 -31 -78 294 -31 -78 348 -31 -78 354 -31 -73 18 
34 4 1 2 bottle_2 0.0816327 2 19 -48 354 -21 -8 24 
35 4 1 2 bottle_2 0.0458015 1 -11 -78 132 
36 4 1 2 bottle_2 0.08 5 -16 42 168 -26 42 294 -16 37 168 -16 87 240 -1 87 132 
37 4 1 2 bottle_2 0.0697674 1 9 12 348 
38 4 1 2 bottle_2 0.146341 1 -1 82 36 
39 4 1 2 bottle_2 0.90566 32 -11 17 132 -21 -8 60 9 77 18 -6 52 90 -21 -3 354 -26 -33 24 -11 -33 132 -1 62 324 24 2 66 19 12 324 -11 62 264 14 12 36 24 -23 36 -26 -18 354 -21 -18 348 -1 62 168 19 12 66 -26 -38 282 -1 62 240 -16 -43 144 24 7 66 -11 17 144 -11 42 84 -6 62 216 -16 52 354 -11 62 348 -6 62 228 -16 -28 132 -11 -33 144 -21 -38 60 -11 62 282 -16 -38 144 
40 4 1 2 bottle_2 0.107143 1 -11 -28 144 
41 4 1 2 bottle_2 0.969174 131 -11 -23 144 -11 -18 144 -26 -18 18 -11 2 144 4 77 354 14 77 114 -1 57 24 14 77 132 9 67 60 -1 57 324 4 72 354 9 67 66 -16 -13 354 14 72 84 9 67 90 9 67 84 4 67 36 -1 47 354 -26 7 24 -6 -18 132 -1 72 282 4 67 354 14 77 66 -1 67 324 -1 82 324 -6 62 282 9 82 114 4 77 294 14 72 66 -21 7 168 14 72 144 4 67 144 9 47 132 14 82 168 -1 52 294 9 72 132 4 82 36 4 62 144 9 72 144 9 52 60 -6 62 240 14 82 84 -6 87 228 4 72 282 24 7 36 4 47 354 4 42 36 -1 87 228 24 2 60 4 57 90 9 62 132 -1 67 240 -16 47 282 -11 42 24 9 47 90 -1 87 294 -6 42 144 -1 67 216 -16 42 228 -26 7 348 -26 12 24 -11 -13 132 -11 7 114 -6 87 282 9 87 114 -6 47 90 4 47 144 -6 12 114 -16 17 240 -6 47 354 -1 57 60 4 57 132 -11 47 240 -1 47 60 -1 67 144 -6 47 60 -21 -3 348 -36 12 324 -6 42 36 -11 87 240 -16 12 132 -11 87 324 4 47 84 -11 57 216 -6 52 66 -26 7 168 -16 2 132 -11 87 228 -6 47 216 -26 12 354 -11 52 228 -1 87 144 -16 37 240 -16 -3 132 -16 12 66 -11 52 264 -6 42 114 -11 57 240 -16 67 324 24 12 66 -16 67 282 -6 82 60 -1 47 84 -6 62 60 -16 77 240 -21 37 216 -11 42 66 -6 12 84 -26 12 18 -21 37 264 -16 42 18 -21 47 294 -11 42 60 -16 77 348 24 12 216 -11 42 168 -21 37 228 -16 12 84 -11 32 60 -16 77 354 -6 -13 90 -6 -8 90 -16 32 348 -21 12 36 -16 12 36 -21 12 114 -11 32 66 -21 72 294 -21 72 324 14 12 354 19 12 348 
42 4 1 2 bottle_2 0.375 1 -21 17 264 
43 4 1 2 bottle_2 0.329268 9 -11 52 216 -11 52 348 -11 82 354 -16 12 114 -6 47 144 -11 47 24 -6 47 24 -6 52 168 -1 52 324 
44 4 1 2 bottle_2 0.375 1 -1 82 132 
45 4 1 2 bottle_2 0.939759 13 -1 82 60 -16 82 264 -6 67 60 -6 72 66 -16 72 282 9 82 144 -1 72 144 -1 77 66 -11 67 354 4 67 114 -6 82 240 -11 82 264 -11 77 216 
46 4 1 2 bottle_2 1 2 9 72 60 -1 77 324 
47 4 1 2 bottle_2 1 3 -1 77 60 4 77 66 4 77 84 
48 4 1 2 bottle_2 1 2 -11 77 348 -11 77 324 
49 4 1 2 bottle_2 1 10 -6 77 324 -6 77 348 -6 77 216 4 77 144 -11 72 18 -1 72 114 -11 72 240 -11 72 264 -1 72 24 -6 72 24 
50 4 1 2 bottle_2 1 3 -1 67 18 -1 67 66 -6 67 24 
51 4 1 2 bottle_2 0.0659341 1 -16 -23 144 
52 4 1 2 bottle_2 0.0192084 11 -1 77 18 -6 67 348 -1 52 348 -6 52 324 -1 52 168 4 52 66 -1 52 36 -1 52 60 -6 57 354 -6 57 324 -6 57 240 
