10 39 4
0 0 -1 105 2 38 -1 -1 -1 -1 -1 2 90 
1 1 0 0 0 0 0 0 0 0 0 0 0 
2 1 -1 303 2 27 -1 -1 -1 -1 -1 1 1291 
3 2 0 0 0 0 0 0 0 0 0 0 0 
4 2 0 0 0 0 0 0 0 0 0 0 0 
5 2 -1 116 2 15 -1 -1 -1 -1 -1 2 4306 
6 2 38 0 0 0 0 0 0 0 0 0 0 
7 3 0 0 0 0 0 0 0 0 0 0 0 
8 3 0 0 0 0 0 0 0 0 0 0 0 
9 3 0 0 0 0 0 0 0 0 0 0 0 
10 3 0 0 0 0 0 0 0 0 0 0 0 
11 3 -1 92 4 34 -1 -1 -1 -1 -1 0 4361 
12 3 -1 208 3 32 -1 -1 -1 -1 -1 2 -47 
13 3 0 0 0 0 0 0 0 0 0 0 0 
14 3 0 0 0 0 0 0 0 0 0 0 0 
15 4 0 0 0 0 0 0 0 0 0 0 0 
16 4 0 0 0 0 0 0 0 0 0 0 0 
17 4 0 0 0 0 0 0 0 0 0 0 0 
18 4 0 0 0 0 0 0 0 0 0 0 0 
19 4 0 0 0 0 0 0 0 0 0 0 0 
20 4 0 0 0 0 0 0 0 0 0 0 0 
21 4 0 0 0 0 0 0 0 0 0 0 0 
22 4 0 0 0 0 0 0 0 0 0 0 0 
23 4 -1 264 4 34 -1 -1 -1 -1 -1 0 3768 
24 4 -1 74 2 20 -1 -1 -1 -1 -1 3 4 
25 4 23 0 0 0 0 0 0 0 0 0 0 
26 4 -1 76 4 18 -1 -1 -1 -1 -1 2 11291 
27 4 0 0 0 0 0 0 0 0 0 0 0 
28 4 0 0 0 0 0 0 0 0 0 0 0 
29 4 0 0 0 0 0 0 0 0 0 0 0 
30 4 0 0 0 0 0 0 0 0 0 0 0 
31 5 0 0 0 0 0 0 0 0 0 0 0 
32 5 0 0 0 0 0 0 0 0 0 0 0 
33 5 0 0 0 0 0 0 0 0 0 0 0 
34 5 0 0 0 0 0 0 0 0 0 0 0 
35 5 0 0 0 0 0 0 0 0 0 0 0 
36 5 0 0 0 0 0 0 0 0 0 0 0 
37 5 0 0 0 0 0 0 0 0 0 0 0 
38 5 0 0 0 0 0 0 0 0 0 0 0 
39 5 0 0 0 0 0 0 0 0 0 0 0 
40 5 0 0 0 0 0 0 0 0 0 0 0 
41 5 0 0 0 0 0 0 0 0 0 0 0 
42 5 0 0 0 0 0 0 0 0 0 0 0 
43 5 0 0 0 0 0 0 0 0 0 0 0 
44 5 0 0 0 0 0 0 0 0 0 0 0 
45 5 0 0 0 0 0 0 0 0 0 0 0 
46 5 0 0 0 0 0 0 0 0 0 0 0 
47 5 1 0 0 0 0 0 0 0 0 0 0 
48 5 -1 33 2 16 -1 -1 -1 -1 -1 3 1365 
49 5 -1 302 2 32 -1 -1 -1 -1 -1 0 378 
50 5 -1 60 4 28 -1 -1 -1 -1 -1 3 2020 
51 5 0 0 0 0 0 0 0 0 0 0 0 
52 5 0 0 0 0 0 0 0 0 0 0 0 
53 5 -1 85 4 38 -1 -1 -1 -1 -1 3 1437 
54 5 37 0 0 0 0 0 0 0 0 0 0 
55 5 0 0 0 0 0 0 0 0 0 0 0 
56 5 0 0 0 0 0 0 0 0 0 0 0 
57 5 0 0 0 0 0 0 0 0 0 0 0 
58 5 0 0 0 0 0 0 0 0 0 0 0 
59 5 0 0 0 0 0 0 0 0 0 0 0 
60 5 0 0 0 0 0 0 0 0 0 0 0 
61 5 0 0 0 0 0 0 0 0 0 0 0 
62 5 0 0 0 0 0 0 0 0 0 0 0 
63 6 0 0 0 0 0 0 0 0 0 0 0 
64 6 0 0 0 0 0 0 0 0 0 0 0 
65 6 0 0 0 0 0 0 0 0 0 0 0 
66 6 0 0 0 0 0 0 0 0 0 0 0 
67 6 0 0 0 0 0 0 0 0 0 0 0 
68 6 0 0 0 0 0 0 0 0 0 0 0 
69 6 0 0 0 0 0 0 0 0 0 0 0 
70 6 0 0 0 0 0 0 0 0 0 0 0 
71 6 0 0 0 0 0 0 0 0 0 0 0 
72 6 0 0 0 0 0 0 0 0 0 0 0 
73 6 0 0 0 0 0 0 0 0 0 0 0 
74 6 0 0 0 0 0 0 0 0 0 0 0 
75 6 0 0 0 0 0 0 0 0 0 0 0 
76 6 0 0 0 0 0 0 0 0 0 0 0 
77 6 0 0 0 0 0 0 0 0 0 0 0 
78 6 0 0 0 0 0 0 0 0 0 0 0 
79 6 0 0 0 0 0 0 0 0 0 0 0 
80 6 0 0 0 0 0 0 0 0 0 0 0 
81 6 0 0 0 0 0 0 0 0 0 0 0 
82 6 0 0 0 0 0 0 0 0 0 0 0 
83 6 0 0 0 0 0 0 0 0 0 0 0 
84 6 0 0 0 0 0 0 0 0 0 0 0 
85 6 0 0 0 0 0 0 0 0 0 0 0 
86 6 0 0 0 0 0 0 0 0 0 0 0 
87 6 0 0 0 0 0 0 0 0 0 0 0 
88 6 0 0 0 0 0 0 0 0 0 0 0 
89 6 0 0 0 0 0 0 0 0 0 0 0 
90 6 0 0 0 0 0 0 0 0 0 0 0 
91 6 0 0 0 0 0 0 0 0 0 0 0 
92 6 0 0 0 0 0 0 0 0 0 0 0 
93 6 0 0 0 0 0 0 0 0 0 0 0 
94 6 0 0 0 0 0 0 0 0 0 0 0 
95 6 0 0 0 0 0 0 0 0 0 0 0 
96 6 0 0 0 0 0 0 0 0 0 0 0 
97 6 2 0 0 0 0 0 0 0 0 0 0 
98 6 -1 130 2 37 -1 -1 -1 -1 -1 0 152 
99 6 -1 100 4 36 -1 -1 -1 -1 -1 2 6687 
100 6 13 0 0 0 0 0 0 0 0 0 0 
101 6 -1 148 0 36 -1 -1 -1 -1 -1 0 -20 
102 6 22 0 0 0 0 0 0 0 0 0 0 
103 6 0 0 0 0 0 0 0 0 0 0 0 
104 6 0 0 0 0 0 0 0 0 0 0 0 
105 6 0 0 0 0 0 0 0 0 0 0 0 
106 6 0 0 0 0 0 0 0 0 0 0 0 
107 6 -1 26 4 14 -1 -1 -1 -1 -1 0 7233 
108 6 36 0 0 0 0 0 0 0 0 0 0 
109 6 0 0 0 0 0 0 0 0 0 0 0 
110 6 0 0 0 0 0 0 0 0 0 0 0 
111 6 0 0 0 0 0 0 0 0 0 0 0 
112 6 0 0 0 0 0 0 0 0 0 0 0 
113 6 0 0 0 0 0 0 0 0 0 0 0 
114 6 0 0 0 0 0 0 0 0 0 0 0 
115 6 0 0 0 0 0 0 0 0 0 0 0 
116 6 0 0 0 0 0 0 0 0 0 0 0 
117 6 0 0 0 0 0 0 0 0 0 0 0 
118 6 0 0 0 0 0 0 0 0 0 0 0 
119 6 0 0 0 0 0 0 0 0 0 0 0 
120 6 0 0 0 0 0 0 0 0 0 0 0 
121 6 0 0 0 0 0 0 0 0 0 0 0 
122 6 0 0 0 0 0 0 0 0 0 0 0 
123 6 0 0 0 0 0 0 0 0 0 0 0 
124 6 0 0 0 0 0 0 0 0 0 0 0 
125 6 0 0 0 0 0 0 0 0 0 0 0 
126 6 0 0 0 0 0 0 0 0 0 0 0 
127 7 0 0 0 0 0 0 0 0 0 0 0 
128 7 0 0 0 0 0 0 0 0 0 0 0 
129 7 0 0 0 0 0 0 0 0 0 0 0 
130 7 0 0 0 0 0 0 0 0 0 0 0 
131 7 0 0 0 0 0 0 0 0 0 0 0 
132 7 0 0 0 0 0 0 0 0 0 0 0 
133 7 0 0 0 0 0 0 0 0 0 0 0 
134 7 0 0 0 0 0 0 0 0 0 0 0 
135 7 0 0 0 0 0 0 0 0 0 0 0 
136 7 0 0 0 0 0 0 0 0 0 0 0 
137 7 0 0 0 0 0 0 0 0 0 0 0 
138 7 0 0 0 0 0 0 0 0 0 0 0 
139 7 0 0 0 0 0 0 0 0 0 0 0 
140 7 0 0 0 0 0 0 0 0 0 0 0 
141 7 0 0 0 0 0 0 0 0 0 0 0 
142 7 0 0 0 0 0 0 0 0 0 0 0 
143 7 0 0 0 0 0 0 0 0 0 0 0 
144 7 0 0 0 0 0 0 0 0 0 0 0 
145 7 0 0 0 0 0 0 0 0 0 0 0 
146 7 0 0 0 0 0 0 0 0 0 0 0 
147 7 0 0 0 0 0 0 0 0 0 0 0 
148 7 0 0 0 0 0 0 0 0 0 0 0 
149 7 0 0 0 0 0 0 0 0 0 0 0 
150 7 0 0 0 0 0 0 0 0 0 0 0 
151 7 0 0 0 0 0 0 0 0 0 0 0 
152 7 0 0 0 0 0 0 0 0 0 0 0 
153 7 0 0 0 0 0 0 0 0 0 0 0 
154 7 0 0 0 0 0 0 0 0 0 0 0 
155 7 0 0 0 0 0 0 0 0 0 0 0 
156 7 0 0 0 0 0 0 0 0 0 0 0 
157 7 0 0 0 0 0 0 0 0 0 0 0 
158 7 0 0 0 0 0 0 0 0 0 0 0 
159 7 0 0 0 0 0 0 0 0 0 0 0 
160 7 0 0 0 0 0 0 0 0 0 0 0 
161 7 0 0 0 0 0 0 0 0 0 0 0 
162 7 0 0 0 0 0 0 0 0 0 0 0 
163 7 0 0 0 0 0 0 0 0 0 0 0 
164 7 0 0 0 0 0 0 0 0 0 0 0 
165 7 0 0 0 0 0 0 0 0 0 0 0 
166 7 0 0 0 0 0 0 0 0 0 0 0 
167 7 0 0 0 0 0 0 0 0 0 0 0 
168 7 0 0 0 0 0 0 0 0 0 0 0 
169 7 0 0 0 0 0 0 0 0 0 0 0 
170 7 0 0 0 0 0 0 0 0 0 0 0 
171 7 0 0 0 0 0 0 0 0 0 0 0 
172 7 0 0 0 0 0 0 0 0 0 0 0 
173 7 0 0 0 0 0 0 0 0 0 0 0 
174 7 0 0 0 0 0 0 0 0 0 0 0 
175 7 0 0 0 0 0 0 0 0 0 0 0 
176 7 0 0 0 0 0 0 0 0 0 0 0 
177 7 0 0 0 0 0 0 0 0 0 0 0 
178 7 0 0 0 0 0 0 0 0 0 0 0 
179 7 0 0 0 0 0 0 0 0 0 0 0 
180 7 0 0 0 0 0 0 0 0 0 0 0 
181 7 0 0 0 0 0 0 0 0 0 0 0 
182 7 0 0 0 0 0 0 0 0 0 0 0 
183 7 0 0 0 0 0 0 0 0 0 0 0 
184 7 0 0 0 0 0 0 0 0 0 0 0 
185 7 0 0 0 0 0 0 0 0 0 0 0 
186 7 0 0 0 0 0 0 0 0 0 0 0 
187 7 0 0 0 0 0 0 0 0 0 0 0 
188 7 0 0 0 0 0 0 0 0 0 0 0 
189 7 0 0 0 0 0 0 0 0 0 0 0 
190 7 0 0 0 0 0 0 0 0 0 0 0 
191 7 0 0 0 0 0 0 0 0 0 0 0 
192 7 0 0 0 0 0 0 0 0 0 0 0 
193 7 0 0 0 0 0 0 0 0 0 0 0 
194 7 0 0 0 0 0 0 0 0 0 0 0 
195 7 0 0 0 0 0 0 0 0 0 0 0 
196 7 0 0 0 0 0 0 0 0 0 0 0 
197 7 3 0 0 0 0 0 0 0 0 0 0 
198 7 -1 186 1 19 -1 -1 -1 -1 -1 0 12 
199 7 8 0 0 0 0 0 0 0 0 0 0 
200 7 -1 28 4 19 -1 -1 -1 -1 -1 2 11054 
201 7 0 0 0 0 0 0 0 0 0 0 0 
202 7 0 0 0 0 0 0 0 0 0 0 0 
203 7 -1 55 2 24 -1 -1 -1 -1 -1 0 980 
204 7 -1 191 2 22 -1 -1 -1 -1 -1 3 1637 
205 7 0 0 0 0 0 0 0 0 0 0 0 
206 7 0 0 0 0 0 0 0 0 0 0 0 
207 7 0 0 0 0 0 0 0 0 0 0 0 
208 7 0 0 0 0 0 0 0 0 0 0 0 
209 7 0 0 0 0 0 0 0 0 0 0 0 
210 7 0 0 0 0 0 0 0 0 0 0 0 
211 7 0 0 0 0 0 0 0 0 0 0 0 
212 7 0 0 0 0 0 0 0 0 0 0 0 
213 7 0 0 0 0 0 0 0 0 0 0 0 
214 7 0 0 0 0 0 0 0 0 0 0 0 
215 7 -1 294 4 23 -1 -1 -1 -1 -1 3 580 
216 7 -1 140 4 30 -1 -1 -1 -1 -1 3 851 
217 7 0 0 0 0 0 0 0 0 0 0 0 
218 7 0 0 0 0 0 0 0 0 0 0 0 
219 7 0 0 0 0 0 0 0 0 0 0 0 
220 7 0 0 0 0 0 0 0 0 0 0 0 
221 7 0 0 0 0 0 0 0 0 0 0 0 
222 7 0 0 0 0 0 0 0 0 0 0 0 
223 7 0 0 0 0 0 0 0 0 0 0 0 
224 7 0 0 0 0 0 0 0 0 0 0 0 
225 7 0 0 0 0 0 0 0 0 0 0 0 
226 7 0 0 0 0 0 0 0 0 0 0 0 
227 7 0 0 0 0 0 0 0 0 0 0 0 
228 7 0 0 0 0 0 0 0 0 0 0 0 
229 7 0 0 0 0 0 0 0 0 0 0 0 
230 7 0 0 0 0 0 0 0 0 0 0 0 
231 7 0 0 0 0 0 0 0 0 0 0 0 
232 7 0 0 0 0 0 0 0 0 0 0 0 
233 7 0 0 0 0 0 0 0 0 0 0 0 
234 7 0 0 0 0 0 0 0 0 0 0 0 
235 7 0 0 0 0 0 0 0 0 0 0 0 
236 7 0 0 0 0 0 0 0 0 0 0 0 
237 7 0 0 0 0 0 0 0 0 0 0 0 
238 7 0 0 0 0 0 0 0 0 0 0 0 
239 7 0 0 0 0 0 0 0 0 0 0 0 
240 7 0 0 0 0 0 0 0 0 0 0 0 
241 7 0 0 0 0 0 0 0 0 0 0 0 
242 7 0 0 0 0 0 0 0 0 0 0 0 
243 7 0 0 0 0 0 0 0 0 0 0 0 
244 7 0 0 0 0 0 0 0 0 0 0 0 
245 7 0 0 0 0 0 0 0 0 0 0 0 
246 7 0 0 0 0 0 0 0 0 0 0 0 
247 7 0 0 0 0 0 0 0 0 0 0 0 
248 7 0 0 0 0 0 0 0 0 0 0 0 
249 7 0 0 0 0 0 0 0 0 0 0 0 
250 7 0 0 0 0 0 0 0 0 0 0 0 
251 7 0 0 0 0 0 0 0 0 0 0 0 
252 7 0 0 0 0 0 0 0 0 0 0 0 
253 7 0 0 0 0 0 0 0 0 0 0 0 
254 7 0 0 0 0 0 0 0 0 0 0 0 
255 8 0 0 0 0 0 0 0 0 0 0 0 
256 8 0 0 0 0 0 0 0 0 0 0 0 
257 8 0 0 0 0 0 0 0 0 0 0 0 
258 8 0 0 0 0 0 0 0 0 0 0 0 
259 8 0 0 0 0 0 0 0 0 0 0 0 
260 8 0 0 0 0 0 0 0 0 0 0 0 
261 8 0 0 0 0 0 0 0 0 0 0 0 
262 8 0 0 0 0 0 0 0 0 0 0 0 
263 8 0 0 0 0 0 0 0 0 0 0 0 
264 8 0 0 0 0 0 0 0 0 0 0 0 
265 8 0 0 0 0 0 0 0 0 0 0 0 
266 8 0 0 0 0 0 0 0 0 0 0 0 
267 8 0 0 0 0 0 0 0 0 0 0 0 
268 8 0 0 0 0 0 0 0 0 0 0 0 
269 8 0 0 0 0 0 0 0 0 0 0 0 
270 8 0 0 0 0 0 0 0 0 0 0 0 
271 8 0 0 0 0 0 0 0 0 0 0 0 
272 8 0 0 0 0 0 0 0 0 0 0 0 
273 8 0 0 0 0 0 0 0 0 0 0 0 
274 8 0 0 0 0 0 0 0 0 0 0 0 
275 8 0 0 0 0 0 0 0 0 0 0 0 
276 8 0 0 0 0 0 0 0 0 0 0 0 
277 8 0 0 0 0 0 0 0 0 0 0 0 
278 8 0 0 0 0 0 0 0 0 0 0 0 
279 8 0 0 0 0 0 0 0 0 0 0 0 
280 8 0 0 0 0 0 0 0 0 0 0 0 
281 8 0 0 0 0 0 0 0 0 0 0 0 
282 8 0 0 0 0 0 0 0 0 0 0 0 
283 8 0 0 0 0 0 0 0 0 0 0 0 
284 8 0 0 0 0 0 0 0 0 0 0 0 
285 8 0 0 0 0 0 0 0 0 0 0 0 
286 8 0 0 0 0 0 0 0 0 0 0 0 
287 8 0 0 0 0 0 0 0 0 0 0 0 
288 8 0 0 0 0 0 0 0 0 0 0 0 
289 8 0 0 0 0 0 0 0 0 0 0 0 
290 8 0 0 0 0 0 0 0 0 0 0 0 
291 8 0 0 0 0 0 0 0 0 0 0 0 
292 8 0 0 0 0 0 0 0 0 0 0 0 
293 8 0 0 0 0 0 0 0 0 0 0 0 
294 8 0 0 0 0 0 0 0 0 0 0 0 
295 8 0 0 0 0 0 0 0 0 0 0 0 
296 8 0 0 0 0 0 0 0 0 0 0 0 
297 8 0 0 0 0 0 0 0 0 0 0 0 
298 8 0 0 0 0 0 0 0 0 0 0 0 
299 8 0 0 0 0 0 0 0 0 0 0 0 
300 8 0 0 0 0 0 0 0 0 0 0 0 
301 8 0 0 0 0 0 0 0 0 0 0 0 
302 8 0 0 0 0 0 0 0 0 0 0 0 
303 8 0 0 0 0 0 0 0 0 0 0 0 
304 8 0 0 0 0 0 0 0 0 0 0 0 
305 8 0 0 0 0 0 0 0 0 0 0 0 
306 8 0 0 0 0 0 0 0 0 0 0 0 
307 8 0 0 0 0 0 0 0 0 0 0 0 
308 8 0 0 0 0 0 0 0 0 0 0 0 
309 8 0 0 0 0 0 0 0 0 0 0 0 
310 8 0 0 0 0 0 0 0 0 0 0 0 
311 8 0 0 0 0 0 0 0 0 0 0 0 
312 8 0 0 0 0 0 0 0 0 0 0 0 
313 8 0 0 0 0 0 0 0 0 0 0 0 
314 8 0 0 0 0 0 0 0 0 0 0 0 
315 8 0 0 0 0 0 0 0 0 0 0 0 
316 8 0 0 0 0 0 0 0 0 0 0 0 
317 8 0 0 0 0 0 0 0 0 0 0 0 
318 8 0 0 0 0 0 0 0 0 0 0 0 
319 8 0 0 0 0 0 0 0 0 0 0 0 
320 8 0 0 0 0 0 0 0 0 0 0 0 
321 8 0 0 0 0 0 0 0 0 0 0 0 
322 8 0 0 0 0 0 0 0 0 0 0 0 
323 8 0 0 0 0 0 0 0 0 0 0 0 
324 8 0 0 0 0 0 0 0 0 0 0 0 
325 8 0 0 0 0 0 0 0 0 0 0 0 
326 8 0 0 0 0 0 0 0 0 0 0 0 
327 8 0 0 0 0 0 0 0 0 0 0 0 
328 8 0 0 0 0 0 0 0 0 0 0 0 
329 8 0 0 0 0 0 0 0 0 0 0 0 
330 8 0 0 0 0 0 0 0 0 0 0 0 
331 8 0 0 0 0 0 0 0 0 0 0 0 
332 8 0 0 0 0 0 0 0 0 0 0 0 
333 8 0 0 0 0 0 0 0 0 0 0 0 
334 8 0 0 0 0 0 0 0 0 0 0 0 
335 8 0 0 0 0 0 0 0 0 0 0 0 
336 8 0 0 0 0 0 0 0 0 0 0 0 
337 8 0 0 0 0 0 0 0 0 0 0 0 
338 8 0 0 0 0 0 0 0 0 0 0 0 
339 8 0 0 0 0 0 0 0 0 0 0 0 
340 8 0 0 0 0 0 0 0 0 0 0 0 
341 8 0 0 0 0 0 0 0 0 0 0 0 
342 8 0 0 0 0 0 0 0 0 0 0 0 
343 8 0 0 0 0 0 0 0 0 0 0 0 
344 8 0 0 0 0 0 0 0 0 0 0 0 
345 8 0 0 0 0 0 0 0 0 0 0 0 
346 8 0 0 0 0 0 0 0 0 0 0 0 
347 8 0 0 0 0 0 0 0 0 0 0 0 
348 8 0 0 0 0 0 0 0 0 0 0 0 
349 8 0 0 0 0 0 0 0 0 0 0 0 
350 8 0 0 0 0 0 0 0 0 0 0 0 
351 8 0 0 0 0 0 0 0 0 0 0 0 
352 8 0 0 0 0 0 0 0 0 0 0 0 
353 8 0 0 0 0 0 0 0 0 0 0 0 
354 8 0 0 0 0 0 0 0 0 0 0 0 
355 8 0 0 0 0 0 0 0 0 0 0 0 
356 8 0 0 0 0 0 0 0 0 0 0 0 
357 8 0 0 0 0 0 0 0 0 0 0 0 
358 8 0 0 0 0 0 0 0 0 0 0 0 
359 8 0 0 0 0 0 0 0 0 0 0 0 
360 8 0 0 0 0 0 0 0 0 0 0 0 
361 8 0 0 0 0 0 0 0 0 0 0 0 
362 8 0 0 0 0 0 0 0 0 0 0 0 
363 8 0 0 0 0 0 0 0 0 0 0 0 
364 8 0 0 0 0 0 0 0 0 0 0 0 
365 8 0 0 0 0 0 0 0 0 0 0 0 
366 8 0 0 0 0 0 0 0 0 0 0 0 
367 8 0 0 0 0 0 0 0 0 0 0 0 
368 8 0 0 0 0 0 0 0 0 0 0 0 
369 8 0 0 0 0 0 0 0 0 0 0 0 
370 8 0 0 0 0 0 0 0 0 0 0 0 
371 8 0 0 0 0 0 0 0 0 0 0 0 
372 8 0 0 0 0 0 0 0 0 0 0 0 
373 8 0 0 0 0 0 0 0 0 0 0 0 
374 8 0 0 0 0 0 0 0 0 0 0 0 
375 8 0 0 0 0 0 0 0 0 0 0 0 
376 8 0 0 0 0 0 0 0 0 0 0 0 
377 8 0 0 0 0 0 0 0 0 0 0 0 
378 8 0 0 0 0 0 0 0 0 0 0 0 
379 8 0 0 0 0 0 0 0 0 0 0 0 
380 8 0 0 0 0 0 0 0 0 0 0 0 
381 8 0 0 0 0 0 0 0 0 0 0 0 
382 8 0 0 0 0 0 0 0 0 0 0 0 
383 8 0 0 0 0 0 0 0 0 0 0 0 
384 8 0 0 0 0 0 0 0 0 0 0 0 
385 8 0 0 0 0 0 0 0 0 0 0 0 
386 8 0 0 0 0 0 0 0 0 0 0 0 
387 8 0 0 0 0 0 0 0 0 0 0 0 
388 8 0 0 0 0 0 0 0 0 0 0 0 
389 8 0 0 0 0 0 0 0 0 0 0 0 
390 8 0 0 0 0 0 0 0 0 0 0 0 
391 8 0 0 0 0 0 0 0 0 0 0 0 
392 8 0 0 0 0 0 0 0 0 0 0 0 
393 8 0 0 0 0 0 0 0 0 0 0 0 
394 8 0 0 0 0 0 0 0 0 0 0 0 
395 8 0 0 0 0 0 0 0 0 0 0 0 
396 8 0 0 0 0 0 0 0 0 0 0 0 
397 8 -1 226 3 20 -1 -1 -1 -1 -1 3 -13 
398 8 7 0 0 0 0 0 0 0 0 0 0 
399 8 0 0 0 0 0 0 0 0 0 0 0 
400 8 0 0 0 0 0 0 0 0 0 0 0 
401 8 -1 122 4 26 -1 -1 -1 -1 -1 2 8658 
402 8 12 0 0 0 0 0 0 0 0 0 0 
403 8 0 0 0 0 0 0 0 0 0 0 0 
404 8 0 0 0 0 0 0 0 0 0 0 0 
405 8 0 0 0 0 0 0 0 0 0 0 0 
406 8 0 0 0 0 0 0 0 0 0 0 0 
407 8 -1 277 1 25 -1 -1 -1 -1 -1 3 11 
408 8 17 0 0 0 0 0 0 0 0 0 0 
409 8 -1 68 2 14 -1 -1 -1 -1 -1 3 3908 
410 8 21 0 0 0 0 0 0 0 0 0 0 
411 8 0 0 0 0 0 0 0 0 0 0 0 
412 8 0 0 0 0 0 0 0 0 0 0 0 
413 8 0 0 0 0 0 0 0 0 0 0 0 
414 8 0 0 0 0 0 0 0 0 0 0 0 
415 8 0 0 0 0 0 0 0 0 0 0 0 
416 8 0 0 0 0 0 0 0 0 0 0 0 
417 8 0 0 0 0 0 0 0 0 0 0 0 
418 8 0 0 0 0 0 0 0 0 0 0 0 
419 8 0 0 0 0 0 0 0 0 0 0 0 
420 8 0 0 0 0 0 0 0 0 0 0 0 
421 8 0 0 0 0 0 0 0 0 0 0 0 
422 8 0 0 0 0 0 0 0 0 0 0 0 
423 8 0 0 0 0 0 0 0 0 0 0 0 
424 8 0 0 0 0 0 0 0 0 0 0 0 
425 8 0 0 0 0 0 0 0 0 0 0 0 
426 8 0 0 0 0 0 0 0 0 0 0 0 
427 8 0 0 0 0 0 0 0 0 0 0 0 
428 8 0 0 0 0 0 0 0 0 0 0 0 
429 8 0 0 0 0 0 0 0 0 0 0 0 
430 8 0 0 0 0 0 0 0 0 0 0 0 
431 8 -1 108 2 15 -1 -1 -1 -1 -1 2 4423 
432 8 28 0 0 0 0 0 0 0 0 0 0 
433 8 -1 165 3 33 -1 -1 -1 -1 -1 3 6 
434 8 -1 351 2 30 -1 -1 -1 -1 -1 3 152 
435 8 0 0 0 0 0 0 0 0 0 0 0 
436 8 0 0 0 0 0 0 0 0 0 0 0 
437 8 0 0 0 0 0 0 0 0 0 0 0 
438 8 0 0 0 0 0 0 0 0 0 0 0 
439 8 0 0 0 0 0 0 0 0 0 0 0 
440 8 0 0 0 0 0 0 0 0 0 0 0 
441 8 0 0 0 0 0 0 0 0 0 0 0 
442 8 0 0 0 0 0 0 0 0 0 0 0 
443 8 0 0 0 0 0 0 0 0 0 0 0 
444 8 0 0 0 0 0 0 0 0 0 0 0 
445 8 0 0 0 0 0 0 0 0 0 0 0 
446 8 0 0 0 0 0 0 0 0 0 0 0 
447 8 0 0 0 0 0 0 0 0 0 0 0 
448 8 0 0 0 0 0 0 0 0 0 0 0 
449 8 0 0 0 0 0 0 0 0 0 0 0 
450 8 0 0 0 0 0 0 0 0 0 0 0 
451 8 0 0 0 0 0 0 0 0 0 0 0 
452 8 0 0 0 0 0 0 0 0 0 0 0 
453 8 0 0 0 0 0 0 0 0 0 0 0 
454 8 0 0 0 0 0 0 0 0 0 0 0 
455 8 0 0 0 0 0 0 0 0 0 0 0 
456 8 0 0 0 0 0 0 0 0 0 0 0 
457 8 0 0 0 0 0 0 0 0 0 0 0 
458 8 0 0 0 0 0 0 0 0 0 0 0 
459 8 0 0 0 0 0 0 0 0 0 0 0 
460 8 0 0 0 0 0 0 0 0 0 0 0 
461 8 0 0 0 0 0 0 0 0 0 0 0 
462 8 0 0 0 0 0 0 0 0 0 0 0 
463 8 0 0 0 0 0 0 0 0 0 0 0 
464 8 0 0 0 0 0 0 0 0 0 0 0 
465 8 0 0 0 0 0 0 0 0 0 0 0 
466 8 0 0 0 0 0 0 0 0 0 0 0 
467 8 0 0 0 0 0 0 0 0 0 0 0 
468 8 0 0 0 0 0 0 0 0 0 0 0 
469 8 0 0 0 0 0 0 0 0 0 0 0 
470 8 0 0 0 0 0 0 0 0 0 0 0 
471 8 0 0 0 0 0 0 0 0 0 0 0 
472 8 0 0 0 0 0 0 0 0 0 0 0 
473 8 0 0 0 0 0 0 0 0 0 0 0 
474 8 0 0 0 0 0 0 0 0 0 0 0 
475 8 0 0 0 0 0 0 0 0 0 0 0 
476 8 0 0 0 0 0 0 0 0 0 0 0 
477 8 0 0 0 0 0 0 0 0 0 0 0 
478 8 0 0 0 0 0 0 0 0 0 0 0 
479 8 0 0 0 0 0 0 0 0 0 0 0 
480 8 0 0 0 0 0 0 0 0 0 0 0 
481 8 0 0 0 0 0 0 0 0 0 0 0 
482 8 0 0 0 0 0 0 0 0 0 0 0 
483 8 0 0 0 0 0 0 0 0 0 0 0 
484 8 0 0 0 0 0 0 0 0 0 0 0 
485 8 0 0 0 0 0 0 0 0 0 0 0 
486 8 0 0 0 0 0 0 0 0 0 0 0 
487 8 0 0 0 0 0 0 0 0 0 0 0 
488 8 0 0 0 0 0 0 0 0 0 0 0 
489 8 0 0 0 0 0 0 0 0 0 0 0 
490 8 0 0 0 0 0 0 0 0 0 0 0 
491 8 0 0 0 0 0 0 0 0 0 0 0 
492 8 0 0 0 0 0 0 0 0 0 0 0 
493 8 0 0 0 0 0 0 0 0 0 0 0 
494 8 0 0 0 0 0 0 0 0 0 0 0 
495 8 0 0 0 0 0 0 0 0 0 0 0 
496 8 0 0 0 0 0 0 0 0 0 0 0 
497 8 0 0 0 0 0 0 0 0 0 0 0 
498 8 0 0 0 0 0 0 0 0 0 0 0 
499 8 0 0 0 0 0 0 0 0 0 0 0 
500 8 0 0 0 0 0 0 0 0 0 0 0 
501 8 0 0 0 0 0 0 0 0 0 0 0 
502 8 0 0 0 0 0 0 0 0 0 0 0 
503 8 0 0 0 0 0 0 0 0 0 0 0 
504 8 0 0 0 0 0 0 0 0 0 0 0 
505 8 0 0 0 0 0 0 0 0 0 0 0 
506 8 0 0 0 0 0 0 0 0 0 0 0 
507 8 0 0 0 0 0 0 0 0 0 0 0 
508 8 0 0 0 0 0 0 0 0 0 0 0 
509 8 0 0 0 0 0 0 0 0 0 0 0 
510 8 0 0 0 0 0 0 0 0 0 0 0 
511 9 0 0 0 0 0 0 0 0 0 0 0 
512 9 0 0 0 0 0 0 0 0 0 0 0 
513 9 0 0 0 0 0 0 0 0 0 0 0 
514 9 0 0 0 0 0 0 0 0 0 0 0 
515 9 0 0 0 0 0 0 0 0 0 0 0 
516 9 0 0 0 0 0 0 0 0 0 0 0 
517 9 0 0 0 0 0 0 0 0 0 0 0 
518 9 0 0 0 0 0 0 0 0 0 0 0 
519 9 0 0 0 0 0 0 0 0 0 0 0 
520 9 0 0 0 0 0 0 0 0 0 0 0 
521 9 0 0 0 0 0 0 0 0 0 0 0 
522 9 0 0 0 0 0 0 0 0 0 0 0 
523 9 0 0 0 0 0 0 0 0 0 0 0 
524 9 0 0 0 0 0 0 0 0 0 0 0 
525 9 0 0 0 0 0 0 0 0 0 0 0 
526 9 0 0 0 0 0 0 0 0 0 0 0 
527 9 0 0 0 0 0 0 0 0 0 0 0 
528 9 0 0 0 0 0 0 0 0 0 0 0 
529 9 0 0 0 0 0 0 0 0 0 0 0 
530 9 0 0 0 0 0 0 0 0 0 0 0 
531 9 0 0 0 0 0 0 0 0 0 0 0 
532 9 0 0 0 0 0 0 0 0 0 0 0 
533 9 0 0 0 0 0 0 0 0 0 0 0 
534 9 0 0 0 0 0 0 0 0 0 0 0 
535 9 0 0 0 0 0 0 0 0 0 0 0 
536 9 0 0 0 0 0 0 0 0 0 0 0 
537 9 0 0 0 0 0 0 0 0 0 0 0 
538 9 0 0 0 0 0 0 0 0 0 0 0 
539 9 0 0 0 0 0 0 0 0 0 0 0 
540 9 0 0 0 0 0 0 0 0 0 0 0 
541 9 0 0 0 0 0 0 0 0 0 0 0 
542 9 0 0 0 0 0 0 0 0 0 0 0 
543 9 0 0 0 0 0 0 0 0 0 0 0 
544 9 0 0 0 0 0 0 0 0 0 0 0 
545 9 0 0 0 0 0 0 0 0 0 0 0 
546 9 0 0 0 0 0 0 0 0 0 0 0 
547 9 0 0 0 0 0 0 0 0 0 0 0 
548 9 0 0 0 0 0 0 0 0 0 0 0 
549 9 0 0 0 0 0 0 0 0 0 0 0 
550 9 0 0 0 0 0 0 0 0 0 0 0 
551 9 0 0 0 0 0 0 0 0 0 0 0 
552 9 0 0 0 0 0 0 0 0 0 0 0 
553 9 0 0 0 0 0 0 0 0 0 0 0 
554 9 0 0 0 0 0 0 0 0 0 0 0 
555 9 0 0 0 0 0 0 0 0 0 0 0 
556 9 0 0 0 0 0 0 0 0 0 0 0 
557 9 0 0 0 0 0 0 0 0 0 0 0 
558 9 0 0 0 0 0 0 0 0 0 0 0 
559 9 0 0 0 0 0 0 0 0 0 0 0 
560 9 0 0 0 0 0 0 0 0 0 0 0 
561 9 0 0 0 0 0 0 0 0 0 0 0 
562 9 0 0 0 0 0 0 0 0 0 0 0 
563 9 0 0 0 0 0 0 0 0 0 0 0 
564 9 0 0 0 0 0 0 0 0 0 0 0 
565 9 0 0 0 0 0 0 0 0 0 0 0 
566 9 0 0 0 0 0 0 0 0 0 0 0 
567 9 0 0 0 0 0 0 0 0 0 0 0 
568 9 0 0 0 0 0 0 0 0 0 0 0 
569 9 0 0 0 0 0 0 0 0 0 0 0 
570 9 0 0 0 0 0 0 0 0 0 0 0 
571 9 0 0 0 0 0 0 0 0 0 0 0 
572 9 0 0 0 0 0 0 0 0 0 0 0 
573 9 0 0 0 0 0 0 0 0 0 0 0 
574 9 0 0 0 0 0 0 0 0 0 0 0 
575 9 0 0 0 0 0 0 0 0 0 0 0 
576 9 0 0 0 0 0 0 0 0 0 0 0 
577 9 0 0 0 0 0 0 0 0 0 0 0 
578 9 0 0 0 0 0 0 0 0 0 0 0 
579 9 0 0 0 0 0 0 0 0 0 0 0 
580 9 0 0 0 0 0 0 0 0 0 0 0 
581 9 0 0 0 0 0 0 0 0 0 0 0 
582 9 0 0 0 0 0 0 0 0 0 0 0 
583 9 0 0 0 0 0 0 0 0 0 0 0 
584 9 0 0 0 0 0 0 0 0 0 0 0 
585 9 0 0 0 0 0 0 0 0 0 0 0 
586 9 0 0 0 0 0 0 0 0 0 0 0 
587 9 0 0 0 0 0 0 0 0 0 0 0 
588 9 0 0 0 0 0 0 0 0 0 0 0 
589 9 0 0 0 0 0 0 0 0 0 0 0 
590 9 0 0 0 0 0 0 0 0 0 0 0 
591 9 0 0 0 0 0 0 0 0 0 0 0 
592 9 0 0 0 0 0 0 0 0 0 0 0 
593 9 0 0 0 0 0 0 0 0 0 0 0 
594 9 0 0 0 0 0 0 0 0 0 0 0 
595 9 0 0 0 0 0 0 0 0 0 0 0 
596 9 0 0 0 0 0 0 0 0 0 0 0 
597 9 0 0 0 0 0 0 0 0 0 0 0 
598 9 0 0 0 0 0 0 0 0 0 0 0 
599 9 0 0 0 0 0 0 0 0 0 0 0 
600 9 0 0 0 0 0 0 0 0 0 0 0 
601 9 0 0 0 0 0 0 0 0 0 0 0 
602 9 0 0 0 0 0 0 0 0 0 0 0 
603 9 0 0 0 0 0 0 0 0 0 0 0 
604 9 0 0 0 0 0 0 0 0 0 0 0 
605 9 0 0 0 0 0 0 0 0 0 0 0 
606 9 0 0 0 0 0 0 0 0 0 0 0 
607 9 0 0 0 0 0 0 0 0 0 0 0 
608 9 0 0 0 0 0 0 0 0 0 0 0 
609 9 0 0 0 0 0 0 0 0 0 0 0 
610 9 0 0 0 0 0 0 0 0 0 0 0 
611 9 0 0 0 0 0 0 0 0 0 0 0 
612 9 0 0 0 0 0 0 0 0 0 0 0 
613 9 0 0 0 0 0 0 0 0 0 0 0 
614 9 0 0 0 0 0 0 0 0 0 0 0 
615 9 0 0 0 0 0 0 0 0 0 0 0 
616 9 0 0 0 0 0 0 0 0 0 0 0 
617 9 0 0 0 0 0 0 0 0 0 0 0 
618 9 0 0 0 0 0 0 0 0 0 0 0 
619 9 0 0 0 0 0 0 0 0 0 0 0 
620 9 0 0 0 0 0 0 0 0 0 0 0 
621 9 0 0 0 0 0 0 0 0 0 0 0 
622 9 0 0 0 0 0 0 0 0 0 0 0 
623 9 0 0 0 0 0 0 0 0 0 0 0 
624 9 0 0 0 0 0 0 0 0 0 0 0 
625 9 0 0 0 0 0 0 0 0 0 0 0 
626 9 0 0 0 0 0 0 0 0 0 0 0 
627 9 0 0 0 0 0 0 0 0 0 0 0 
628 9 0 0 0 0 0 0 0 0 0 0 0 
629 9 0 0 0 0 0 0 0 0 0 0 0 
630 9 0 0 0 0 0 0 0 0 0 0 0 
631 9 0 0 0 0 0 0 0 0 0 0 0 
632 9 0 0 0 0 0 0 0 0 0 0 0 
633 9 0 0 0 0 0 0 0 0 0 0 0 
634 9 0 0 0 0 0 0 0 0 0 0 0 
635 9 0 0 0 0 0 0 0 0 0 0 0 
636 9 0 0 0 0 0 0 0 0 0 0 0 
637 9 0 0 0 0 0 0 0 0 0 0 0 
638 9 0 0 0 0 0 0 0 0 0 0 0 
639 9 0 0 0 0 0 0 0 0 0 0 0 
640 9 0 0 0 0 0 0 0 0 0 0 0 
641 9 0 0 0 0 0 0 0 0 0 0 0 
642 9 0 0 0 0 0 0 0 0 0 0 0 
643 9 0 0 0 0 0 0 0 0 0 0 0 
644 9 0 0 0 0 0 0 0 0 0 0 0 
645 9 0 0 0 0 0 0 0 0 0 0 0 
646 9 0 0 0 0 0 0 0 0 0 0 0 
647 9 0 0 0 0 0 0 0 0 0 0 0 
648 9 0 0 0 0 0 0 0 0 0 0 0 
649 9 0 0 0 0 0 0 0 0 0 0 0 
650 9 0 0 0 0 0 0 0 0 0 0 0 
651 9 0 0 0 0 0 0 0 0 0 0 0 
652 9 0 0 0 0 0 0 0 0 0 0 0 
653 9 0 0 0 0 0 0 0 0 0 0 0 
654 9 0 0 0 0 0 0 0 0 0 0 0 
655 9 0 0 0 0 0 0 0 0 0 0 0 
656 9 0 0 0 0 0 0 0 0 0 0 0 
657 9 0 0 0 0 0 0 0 0 0 0 0 
658 9 0 0 0 0 0 0 0 0 0 0 0 
659 9 0 0 0 0 0 0 0 0 0 0 0 
660 9 0 0 0 0 0 0 0 0 0 0 0 
661 9 0 0 0 0 0 0 0 0 0 0 0 
662 9 0 0 0 0 0 0 0 0 0 0 0 
663 9 0 0 0 0 0 0 0 0 0 0 0 
664 9 0 0 0 0 0 0 0 0 0 0 0 
665 9 0 0 0 0 0 0 0 0 0 0 0 
666 9 0 0 0 0 0 0 0 0 0 0 0 
667 9 0 0 0 0 0 0 0 0 0 0 0 
668 9 0 0 0 0 0 0 0 0 0 0 0 
669 9 0 0 0 0 0 0 0 0 0 0 0 
670 9 0 0 0 0 0 0 0 0 0 0 0 
671 9 0 0 0 0 0 0 0 0 0 0 0 
672 9 0 0 0 0 0 0 0 0 0 0 0 
673 9 0 0 0 0 0 0 0 0 0 0 0 
674 9 0 0 0 0 0 0 0 0 0 0 0 
675 9 0 0 0 0 0 0 0 0 0 0 0 
676 9 0 0 0 0 0 0 0 0 0 0 0 
677 9 0 0 0 0 0 0 0 0 0 0 0 
678 9 0 0 0 0 0 0 0 0 0 0 0 
679 9 0 0 0 0 0 0 0 0 0 0 0 
680 9 0 0 0 0 0 0 0 0 0 0 0 
681 9 0 0 0 0 0 0 0 0 0 0 0 
682 9 0 0 0 0 0 0 0 0 0 0 0 
683 9 0 0 0 0 0 0 0 0 0 0 0 
684 9 0 0 0 0 0 0 0 0 0 0 0 
685 9 0 0 0 0 0 0 0 0 0 0 0 
686 9 0 0 0 0 0 0 0 0 0 0 0 
687 9 0 0 0 0 0 0 0 0 0 0 0 
688 9 0 0 0 0 0 0 0 0 0 0 0 
689 9 0 0 0 0 0 0 0 0 0 0 0 
690 9 0 0 0 0 0 0 0 0 0 0 0 
691 9 0 0 0 0 0 0 0 0 0 0 0 
692 9 0 0 0 0 0 0 0 0 0 0 0 
693 9 0 0 0 0 0 0 0 0 0 0 0 
694 9 0 0 0 0 0 0 0 0 0 0 0 
695 9 0 0 0 0 0 0 0 0 0 0 0 
696 9 0 0 0 0 0 0 0 0 0 0 0 
697 9 0 0 0 0 0 0 0 0 0 0 0 
698 9 0 0 0 0 0 0 0 0 0 0 0 
699 9 0 0 0 0 0 0 0 0 0 0 0 
700 9 0 0 0 0 0 0 0 0 0 0 0 
701 9 0 0 0 0 0 0 0 0 0 0 0 
702 9 0 0 0 0 0 0 0 0 0 0 0 
703 9 0 0 0 0 0 0 0 0 0 0 0 
704 9 0 0 0 0 0 0 0 0 0 0 0 
705 9 0 0 0 0 0 0 0 0 0 0 0 
706 9 0 0 0 0 0 0 0 0 0 0 0 
707 9 0 0 0 0 0 0 0 0 0 0 0 
708 9 0 0 0 0 0 0 0 0 0 0 0 
709 9 0 0 0 0 0 0 0 0 0 0 0 
710 9 0 0 0 0 0 0 0 0 0 0 0 
711 9 0 0 0 0 0 0 0 0 0 0 0 
712 9 0 0 0 0 0 0 0 0 0 0 0 
713 9 0 0 0 0 0 0 0 0 0 0 0 
714 9 0 0 0 0 0 0 0 0 0 0 0 
715 9 0 0 0 0 0 0 0 0 0 0 0 
716 9 0 0 0 0 0 0 0 0 0 0 0 
717 9 0 0 0 0 0 0 0 0 0 0 0 
718 9 0 0 0 0 0 0 0 0 0 0 0 
719 9 0 0 0 0 0 0 0 0 0 0 0 
720 9 0 0 0 0 0 0 0 0 0 0 0 
721 9 0 0 0 0 0 0 0 0 0 0 0 
722 9 0 0 0 0 0 0 0 0 0 0 0 
723 9 0 0 0 0 0 0 0 0 0 0 0 
724 9 0 0 0 0 0 0 0 0 0 0 0 
725 9 0 0 0 0 0 0 0 0 0 0 0 
726 9 0 0 0 0 0 0 0 0 0 0 0 
727 9 0 0 0 0 0 0 0 0 0 0 0 
728 9 0 0 0 0 0 0 0 0 0 0 0 
729 9 0 0 0 0 0 0 0 0 0 0 0 
730 9 0 0 0 0 0 0 0 0 0 0 0 
731 9 0 0 0 0 0 0 0 0 0 0 0 
732 9 0 0 0 0 0 0 0 0 0 0 0 
733 9 0 0 0 0 0 0 0 0 0 0 0 
734 9 0 0 0 0 0 0 0 0 0 0 0 
735 9 0 0 0 0 0 0 0 0 0 0 0 
736 9 0 0 0 0 0 0 0 0 0 0 0 
737 9 0 0 0 0 0 0 0 0 0 0 0 
738 9 0 0 0 0 0 0 0 0 0 0 0 
739 9 0 0 0 0 0 0 0 0 0 0 0 
740 9 0 0 0 0 0 0 0 0 0 0 0 
741 9 0 0 0 0 0 0 0 0 0 0 0 
742 9 0 0 0 0 0 0 0 0 0 0 0 
743 9 0 0 0 0 0 0 0 0 0 0 0 
744 9 0 0 0 0 0 0 0 0 0 0 0 
745 9 0 0 0 0 0 0 0 0 0 0 0 
746 9 0 0 0 0 0 0 0 0 0 0 0 
747 9 0 0 0 0 0 0 0 0 0 0 0 
748 9 0 0 0 0 0 0 0 0 0 0 0 
749 9 0 0 0 0 0 0 0 0 0 0 0 
750 9 0 0 0 0 0 0 0 0 0 0 0 
751 9 0 0 0 0 0 0 0 0 0 0 0 
752 9 0 0 0 0 0 0 0 0 0 0 0 
753 9 0 0 0 0 0 0 0 0 0 0 0 
754 9 0 0 0 0 0 0 0 0 0 0 0 
755 9 0 0 0 0 0 0 0 0 0 0 0 
756 9 0 0 0 0 0 0 0 0 0 0 0 
757 9 0 0 0 0 0 0 0 0 0 0 0 
758 9 0 0 0 0 0 0 0 0 0 0 0 
759 9 0 0 0 0 0 0 0 0 0 0 0 
760 9 0 0 0 0 0 0 0 0 0 0 0 
761 9 0 0 0 0 0 0 0 0 0 0 0 
762 9 0 0 0 0 0 0 0 0 0 0 0 
763 9 0 0 0 0 0 0 0 0 0 0 0 
764 9 0 0 0 0 0 0 0 0 0 0 0 
765 9 0 0 0 0 0 0 0 0 0 0 0 
766 9 0 0 0 0 0 0 0 0 0 0 0 
767 9 0 0 0 0 0 0 0 0 0 0 0 
768 9 0 0 0 0 0 0 0 0 0 0 0 
769 9 0 0 0 0 0 0 0 0 0 0 0 
770 9 0 0 0 0 0 0 0 0 0 0 0 
771 9 0 0 0 0 0 0 0 0 0 0 0 
772 9 0 0 0 0 0 0 0 0 0 0 0 
773 9 0 0 0 0 0 0 0 0 0 0 0 
774 9 0 0 0 0 0 0 0 0 0 0 0 
775 9 0 0 0 0 0 0 0 0 0 0 0 
776 9 0 0 0 0 0 0 0 0 0 0 0 
777 9 0 0 0 0 0 0 0 0 0 0 0 
778 9 0 0 0 0 0 0 0 0 0 0 0 
779 9 0 0 0 0 0 0 0 0 0 0 0 
780 9 0 0 0 0 0 0 0 0 0 0 0 
781 9 0 0 0 0 0 0 0 0 0 0 0 
782 9 0 0 0 0 0 0 0 0 0 0 0 
783 9 0 0 0 0 0 0 0 0 0 0 0 
784 9 0 0 0 0 0 0 0 0 0 0 0 
785 9 0 0 0 0 0 0 0 0 0 0 0 
786 9 0 0 0 0 0 0 0 0 0 0 0 
787 9 0 0 0 0 0 0 0 0 0 0 0 
788 9 0 0 0 0 0 0 0 0 0 0 0 
789 9 0 0 0 0 0 0 0 0 0 0 0 
790 9 0 0 0 0 0 0 0 0 0 0 0 
791 9 0 0 0 0 0 0 0 0 0 0 0 
792 9 0 0 0 0 0 0 0 0 0 0 0 
793 9 0 0 0 0 0 0 0 0 0 0 0 
794 9 0 0 0 0 0 0 0 0 0 0 0 
795 9 4 0 0 0 0 0 0 0 0 0 0 
796 9 -1 153 0 14 -1 -1 -1 -1 -1 3 -15 
797 9 0 0 0 0 0 0 0 0 0 0 0 
798 9 0 0 0 0 0 0 0 0 0 0 0 
799 9 0 0 0 0 0 0 0 0 0 0 0 
800 9 0 0 0 0 0 0 0 0 0 0 0 
801 9 0 0 0 0 0 0 0 0 0 0 0 
802 9 0 0 0 0 0 0 0 0 0 0 0 
803 9 -1 96 3 22 -1 -1 -1 -1 -1 2 10 
804 9 11 0 0 0 0 0 0 0 0 0 0 
805 9 0 0 0 0 0 0 0 0 0 0 0 
806 9 0 0 0 0 0 0 0 0 0 0 0 
807 9 0 0 0 0 0 0 0 0 0 0 0 
808 9 0 0 0 0 0 0 0 0 0 0 0 
809 9 0 0 0 0 0 0 0 0 0 0 0 
810 9 0 0 0 0 0 0 0 0 0 0 0 
811 9 0 0 0 0 0 0 0 0 0 0 0 
812 9 0 0 0 0 0 0 0 0 0 0 0 
813 9 0 0 0 0 0 0 0 0 0 0 0 
814 9 0 0 0 0 0 0 0 0 0 0 0 
815 9 -1 87 4 30 -1 -1 -1 -1 -1 0 4968 
816 9 16 0 0 0 0 0 0 0 0 0 0 
817 9 0 0 0 0 0 0 0 0 0 0 0 
818 9 0 0 0 0 0 0 0 0 0 0 0 
819 9 -1 329 0 21 -1 -1 -1 -1 -1 1 -3 
820 9 20 0 0 0 0 0 0 0 0 0 0 
821 9 0 0 0 0 0 0 0 0 0 0 0 
822 9 0 0 0 0 0 0 0 0 0 0 0 
823 9 0 0 0 0 0 0 0 0 0 0 0 
824 9 0 0 0 0 0 0 0 0 0 0 0 
825 9 0 0 0 0 0 0 0 0 0 0 0 
826 9 0 0 0 0 0 0 0 0 0 0 0 
827 9 0 0 0 0 0 0 0 0 0 0 0 
828 9 0 0 0 0 0 0 0 0 0 0 0 
829 9 0 0 0 0 0 0 0 0 0 0 0 
830 9 0 0 0 0 0 0 0 0 0 0 0 
831 9 0 0 0 0 0 0 0 0 0 0 0 
832 9 0 0 0 0 0 0 0 0 0 0 0 
833 9 0 0 0 0 0 0 0 0 0 0 0 
834 9 0 0 0 0 0 0 0 0 0 0 0 
835 9 0 0 0 0 0 0 0 0 0 0 0 
836 9 0 0 0 0 0 0 0 0 0 0 0 
837 9 0 0 0 0 0 0 0 0 0 0 0 
838 9 0 0 0 0 0 0 0 0 0 0 0 
839 9 0 0 0 0 0 0 0 0 0 0 0 
840 9 0 0 0 0 0 0 0 0 0 0 0 
841 9 0 0 0 0 0 0 0 0 0 0 0 
842 9 0 0 0 0 0 0 0 0 0 0 0 
843 9 0 0 0 0 0 0 0 0 0 0 0 
844 9 0 0 0 0 0 0 0 0 0 0 0 
845 9 0 0 0 0 0 0 0 0 0 0 0 
846 9 0 0 0 0 0 0 0 0 0 0 0 
847 9 0 0 0 0 0 0 0 0 0 0 0 
848 9 0 0 0 0 0 0 0 0 0 0 0 
849 9 0 0 0 0 0 0 0 0 0 0 0 
850 9 0 0 0 0 0 0 0 0 0 0 0 
851 9 0 0 0 0 0 0 0 0 0 0 0 
852 9 0 0 0 0 0 0 0 0 0 0 0 
853 9 0 0 0 0 0 0 0 0 0 0 0 
854 9 0 0 0 0 0 0 0 0 0 0 0 
855 9 0 0 0 0 0 0 0 0 0 0 0 
856 9 0 0 0 0 0 0 0 0 0 0 0 
857 9 0 0 0 0 0 0 0 0 0 0 0 
858 9 0 0 0 0 0 0 0 0 0 0 0 
859 9 0 0 0 0 0 0 0 0 0 0 0 
860 9 0 0 0 0 0 0 0 0 0 0 0 
861 9 0 0 0 0 0 0 0 0 0 0 0 
862 9 0 0 0 0 0 0 0 0 0 0 0 
863 9 -1 139 3 15 -1 -1 -1 -1 -1 3 -11 
864 9 -1 61 3 23 -1 -1 -1 -1 -1 2 19 
865 9 0 0 0 0 0 0 0 0 0 0 0 
866 9 0 0 0 0 0 0 0 0 0 0 0 
867 9 -1 108 2 14 -1 -1 -1 -1 -1 0 6775 
868 9 -1 244 1 27 -1 -1 -1 -1 -1 0 10 
869 9 33 0 0 0 0 0 0 0 0 0 0 
870 9 -1 147 4 35 -1 -1 -1 -1 -1 2 6592 
871 9 0 0 0 0 0 0 0 0 0 0 0 
872 9 0 0 0 0 0 0 0 0 0 0 0 
873 9 0 0 0 0 0 0 0 0 0 0 0 
874 9 0 0 0 0 0 0 0 0 0 0 0 
875 9 0 0 0 0 0 0 0 0 0 0 0 
876 9 0 0 0 0 0 0 0 0 0 0 0 
877 9 0 0 0 0 0 0 0 0 0 0 0 
878 9 0 0 0 0 0 0 0 0 0 0 0 
879 9 0 0 0 0 0 0 0 0 0 0 0 
880 9 0 0 0 0 0 0 0 0 0 0 0 
881 9 0 0 0 0 0 0 0 0 0 0 0 
882 9 0 0 0 0 0 0 0 0 0 0 0 
883 9 0 0 0 0 0 0 0 0 0 0 0 
884 9 0 0 0 0 0 0 0 0 0 0 0 
885 9 0 0 0 0 0 0 0 0 0 0 0 
886 9 0 0 0 0 0 0 0 0 0 0 0 
887 9 0 0 0 0 0 0 0 0 0 0 0 
888 9 0 0 0 0 0 0 0 0 0 0 0 
889 9 0 0 0 0 0 0 0 0 0 0 0 
890 9 0 0 0 0 0 0 0 0 0 0 0 
891 9 0 0 0 0 0 0 0 0 0 0 0 
892 9 0 0 0 0 0 0 0 0 0 0 0 
893 9 0 0 0 0 0 0 0 0 0 0 0 
894 9 0 0 0 0 0 0 0 0 0 0 0 
895 9 0 0 0 0 0 0 0 0 0 0 0 
896 9 0 0 0 0 0 0 0 0 0 0 0 
897 9 0 0 0 0 0 0 0 0 0 0 0 
898 9 0 0 0 0 0 0 0 0 0 0 0 
899 9 0 0 0 0 0 0 0 0 0 0 0 
900 9 0 0 0 0 0 0 0 0 0 0 0 
901 9 0 0 0 0 0 0 0 0 0 0 0 
902 9 0 0 0 0 0 0 0 0 0 0 0 
903 9 0 0 0 0 0 0 0 0 0 0 0 
904 9 0 0 0 0 0 0 0 0 0 0 0 
905 9 0 0 0 0 0 0 0 0 0 0 0 
906 9 0 0 0 0 0 0 0 0 0 0 0 
907 9 0 0 0 0 0 0 0 0 0 0 0 
908 9 0 0 0 0 0 0 0 0 0 0 0 
909 9 0 0 0 0 0 0 0 0 0 0 0 
910 9 0 0 0 0 0 0 0 0 0 0 0 
911 9 0 0 0 0 0 0 0 0 0 0 0 
912 9 0 0 0 0 0 0 0 0 0 0 0 
913 9 0 0 0 0 0 0 0 0 0 0 0 
914 9 0 0 0 0 0 0 0 0 0 0 0 
915 9 0 0 0 0 0 0 0 0 0 0 0 
916 9 0 0 0 0 0 0 0 0 0 0 0 
917 9 0 0 0 0 0 0 0 0 0 0 0 
918 9 0 0 0 0 0 0 0 0 0 0 0 
919 9 0 0 0 0 0 0 0 0 0 0 0 
920 9 0 0 0 0 0 0 0 0 0 0 0 
921 9 0 0 0 0 0 0 0 0 0 0 0 
922 9 0 0 0 0 0 0 0 0 0 0 0 
923 9 0 0 0 0 0 0 0 0 0 0 0 
924 9 0 0 0 0 0 0 0 0 0 0 0 
925 9 0 0 0 0 0 0 0 0 0 0 0 
926 9 0 0 0 0 0 0 0 0 0 0 0 
927 9 0 0 0 0 0 0 0 0 0 0 0 
928 9 0 0 0 0 0 0 0 0 0 0 0 
929 9 0 0 0 0 0 0 0 0 0 0 0 
930 9 0 0 0 0 0 0 0 0 0 0 0 
931 9 0 0 0 0 0 0 0 0 0 0 0 
932 9 0 0 0 0 0 0 0 0 0 0 0 
933 9 0 0 0 0 0 0 0 0 0 0 0 
934 9 0 0 0 0 0 0 0 0 0 0 0 
935 9 0 0 0 0 0 0 0 0 0 0 0 
936 9 0 0 0 0 0 0 0 0 0 0 0 
937 9 0 0 0 0 0 0 0 0 0 0 0 
938 9 0 0 0 0 0 0 0 0 0 0 0 
939 9 0 0 0 0 0 0 0 0 0 0 0 
940 9 0 0 0 0 0 0 0 0 0 0 0 
941 9 0 0 0 0 0 0 0 0 0 0 0 
942 9 0 0 0 0 0 0 0 0 0 0 0 
943 9 0 0 0 0 0 0 0 0 0 0 0 
944 9 0 0 0 0 0 0 0 0 0 0 0 
945 9 0 0 0 0 0 0 0 0 0 0 0 
946 9 0 0 0 0 0 0 0 0 0 0 0 
947 9 0 0 0 0 0 0 0 0 0 0 0 
948 9 0 0 0 0 0 0 0 0 0 0 0 
949 9 0 0 0 0 0 0 0 0 0 0 0 
950 9 0 0 0 0 0 0 0 0 0 0 0 
951 9 0 0 0 0 0 0 0 0 0 0 0 
952 9 0 0 0 0 0 0 0 0 0 0 0 
953 9 0 0 0 0 0 0 0 0 0 0 0 
954 9 0 0 0 0 0 0 0 0 0 0 0 
955 9 0 0 0 0 0 0 0 0 0 0 0 
956 9 0 0 0 0 0 0 0 0 0 0 0 
957 9 0 0 0 0 0 0 0 0 0 0 0 
958 9 0 0 0 0 0 0 0 0 0 0 0 
959 9 0 0 0 0 0 0 0 0 0 0 0 
960 9 0 0 0 0 0 0 0 0 0 0 0 
961 9 0 0 0 0 0 0 0 0 0 0 0 
962 9 0 0 0 0 0 0 0 0 0 0 0 
963 9 0 0 0 0 0 0 0 0 0 0 0 
964 9 0 0 0 0 0 0 0 0 0 0 0 
965 9 0 0 0 0 0 0 0 0 0 0 0 
966 9 0 0 0 0 0 0 0 0 0 0 0 
967 9 0 0 0 0 0 0 0 0 0 0 0 
968 9 0 0 0 0 0 0 0 0 0 0 0 
969 9 0 0 0 0 0 0 0 0 0 0 0 
970 9 0 0 0 0 0 0 0 0 0 0 0 
971 9 0 0 0 0 0 0 0 0 0 0 0 
972 9 0 0 0 0 0 0 0 0 0 0 0 
973 9 0 0 0 0 0 0 0 0 0 0 0 
974 9 0 0 0 0 0 0 0 0 0 0 0 
975 9 0 0 0 0 0 0 0 0 0 0 0 
976 9 0 0 0 0 0 0 0 0 0 0 0 
977 9 0 0 0 0 0 0 0 0 0 0 0 
978 9 0 0 0 0 0 0 0 0 0 0 0 
979 9 0 0 0 0 0 0 0 0 0 0 0 
980 9 0 0 0 0 0 0 0 0 0 0 0 
981 9 0 0 0 0 0 0 0 0 0 0 0 
982 9 0 0 0 0 0 0 0 0 0 0 0 
983 9 0 0 0 0 0 0 0 0 0 0 0 
984 9 0 0 0 0 0 0 0 0 0 0 0 
985 9 0 0 0 0 0 0 0 0 0 0 0 
986 9 0 0 0 0 0 0 0 0 0 0 0 
987 9 0 0 0 0 0 0 0 0 0 0 0 
988 9 0 0 0 0 0 0 0 0 0 0 0 
989 9 0 0 0 0 0 0 0 0 0 0 0 
990 9 0 0 0 0 0 0 0 0 0 0 0 
991 9 0 0 0 0 0 0 0 0 0 0 0 
992 9 0 0 0 0 0 0 0 0 0 0 0 
993 9 0 0 0 0 0 0 0 0 0 0 0 
994 9 0 0 0 0 0 0 0 0 0 0 0 
995 9 0 0 0 0 0 0 0 0 0 0 0 
996 9 0 0 0 0 0 0 0 0 0 0 0 
997 9 0 0 0 0 0 0 0 0 0 0 0 
998 9 0 0 0 0 0 0 0 0 0 0 0 
999 9 0 0 0 0 0 0 0 0 0 0 0 
1000 9 0 0 0 0 0 0 0 0 0 0 0 
1001 9 0 0 0 0 0 0 0 0 0 0 0 
1002 9 0 0 0 0 0 0 0 0 0 0 0 
1003 9 0 0 0 0 0 0 0 0 0 0 0 
1004 9 0 0 0 0 0 0 0 0 0 0 0 
1005 9 0 0 0 0 0 0 0 0 0 0 0 
1006 9 0 0 0 0 0 0 0 0 0 0 0 
1007 9 0 0 0 0 0 0 0 0 0 0 0 
1008 9 0 0 0 0 0 0 0 0 0 0 0 
1009 9 0 0 0 0 0 0 0 0 0 0 0 
1010 9 0 0 0 0 0 0 0 0 0 0 0 
1011 9 0 0 0 0 0 0 0 0 0 0 0 
1012 9 0 0 0 0 0 0 0 0 0 0 0 
1013 9 0 0 0 0 0 0 0 0 0 0 0 
1014 9 0 0 0 0 0 0 0 0 0 0 0 
1015 9 0 0 0 0 0 0 0 0 0 0 0 
1016 9 0 0 0 0 0 0 0 0 0 0 0 
1017 9 0 0 0 0 0 0 0 0 0 0 0 
1018 9 0 0 0 0 0 0 0 0 0 0 0 
1019 9 0 0 0 0 0 0 0 0 0 0 0 
1020 9 0 0 0 0 0 0 0 0 0 0 0 
1021 9 0 0 0 0 0 0 0 0 0 0 0 
1022 9 0 0 0 0 0 0 0 0 0 0 0 
1023 10 0 0 0 0 0 0 0 0 0 0 0 
1024 10 0 0 0 0 0 0 0 0 0 0 0 
1025 10 0 0 0 0 0 0 0 0 0 0 0 
1026 10 0 0 0 0 0 0 0 0 0 0 0 
1027 10 0 0 0 0 0 0 0 0 0 0 0 
1028 10 0 0 0 0 0 0 0 0 0 0 0 
1029 10 0 0 0 0 0 0 0 0 0 0 0 
1030 10 0 0 0 0 0 0 0 0 0 0 0 
1031 10 0 0 0 0 0 0 0 0 0 0 0 
1032 10 0 0 0 0 0 0 0 0 0 0 0 
1033 10 0 0 0 0 0 0 0 0 0 0 0 
1034 10 0 0 0 0 0 0 0 0 0 0 0 
1035 10 0 0 0 0 0 0 0 0 0 0 0 
1036 10 0 0 0 0 0 0 0 0 0 0 0 
1037 10 0 0 0 0 0 0 0 0 0 0 0 
1038 10 0 0 0 0 0 0 0 0 0 0 0 
1039 10 0 0 0 0 0 0 0 0 0 0 0 
1040 10 0 0 0 0 0 0 0 0 0 0 0 
1041 10 0 0 0 0 0 0 0 0 0 0 0 
1042 10 0 0 0 0 0 0 0 0 0 0 0 
1043 10 0 0 0 0 0 0 0 0 0 0 0 
1044 10 0 0 0 0 0 0 0 0 0 0 0 
1045 10 0 0 0 0 0 0 0 0 0 0 0 
1046 10 0 0 0 0 0 0 0 0 0 0 0 
1047 10 0 0 0 0 0 0 0 0 0 0 0 
1048 10 0 0 0 0 0 0 0 0 0 0 0 
1049 10 0 0 0 0 0 0 0 0 0 0 0 
1050 10 0 0 0 0 0 0 0 0 0 0 0 
1051 10 0 0 0 0 0 0 0 0 0 0 0 
1052 10 0 0 0 0 0 0 0 0 0 0 0 
1053 10 0 0 0 0 0 0 0 0 0 0 0 
1054 10 0 0 0 0 0 0 0 0 0 0 0 
1055 10 0 0 0 0 0 0 0 0 0 0 0 
1056 10 0 0 0 0 0 0 0 0 0 0 0 
1057 10 0 0 0 0 0 0 0 0 0 0 0 
1058 10 0 0 0 0 0 0 0 0 0 0 0 
1059 10 0 0 0 0 0 0 0 0 0 0 0 
1060 10 0 0 0 0 0 0 0 0 0 0 0 
1061 10 0 0 0 0 0 0 0 0 0 0 0 
1062 10 0 0 0 0 0 0 0 0 0 0 0 
1063 10 0 0 0 0 0 0 0 0 0 0 0 
1064 10 0 0 0 0 0 0 0 0 0 0 0 
1065 10 0 0 0 0 0 0 0 0 0 0 0 
1066 10 0 0 0 0 0 0 0 0 0 0 0 
1067 10 0 0 0 0 0 0 0 0 0 0 0 
1068 10 0 0 0 0 0 0 0 0 0 0 0 
1069 10 0 0 0 0 0 0 0 0 0 0 0 
1070 10 0 0 0 0 0 0 0 0 0 0 0 
1071 10 0 0 0 0 0 0 0 0 0 0 0 
1072 10 0 0 0 0 0 0 0 0 0 0 0 
1073 10 0 0 0 0 0 0 0 0 0 0 0 
1074 10 0 0 0 0 0 0 0 0 0 0 0 
1075 10 0 0 0 0 0 0 0 0 0 0 0 
1076 10 0 0 0 0 0 0 0 0 0 0 0 
1077 10 0 0 0 0 0 0 0 0 0 0 0 
1078 10 0 0 0 0 0 0 0 0 0 0 0 
1079 10 0 0 0 0 0 0 0 0 0 0 0 
1080 10 0 0 0 0 0 0 0 0 0 0 0 
1081 10 0 0 0 0 0 0 0 0 0 0 0 
1082 10 0 0 0 0 0 0 0 0 0 0 0 
1083 10 0 0 0 0 0 0 0 0 0 0 0 
1084 10 0 0 0 0 0 0 0 0 0 0 0 
1085 10 0 0 0 0 0 0 0 0 0 0 0 
1086 10 0 0 0 0 0 0 0 0 0 0 0 
1087 10 0 0 0 0 0 0 0 0 0 0 0 
1088 10 0 0 0 0 0 0 0 0 0 0 0 
1089 10 0 0 0 0 0 0 0 0 0 0 0 
1090 10 0 0 0 0 0 0 0 0 0 0 0 
1091 10 0 0 0 0 0 0 0 0 0 0 0 
1092 10 0 0 0 0 0 0 0 0 0 0 0 
1093 10 0 0 0 0 0 0 0 0 0 0 0 
1094 10 0 0 0 0 0 0 0 0 0 0 0 
1095 10 0 0 0 0 0 0 0 0 0 0 0 
1096 10 0 0 0 0 0 0 0 0 0 0 0 
1097 10 0 0 0 0 0 0 0 0 0 0 0 
1098 10 0 0 0 0 0 0 0 0 0 0 0 
1099 10 0 0 0 0 0 0 0 0 0 0 0 
1100 10 0 0 0 0 0 0 0 0 0 0 0 
1101 10 0 0 0 0 0 0 0 0 0 0 0 
1102 10 0 0 0 0 0 0 0 0 0 0 0 
1103 10 0 0 0 0 0 0 0 0 0 0 0 
1104 10 0 0 0 0 0 0 0 0 0 0 0 
1105 10 0 0 0 0 0 0 0 0 0 0 0 
1106 10 0 0 0 0 0 0 0 0 0 0 0 
1107 10 0 0 0 0 0 0 0 0 0 0 0 
1108 10 0 0 0 0 0 0 0 0 0 0 0 
1109 10 0 0 0 0 0 0 0 0 0 0 0 
1110 10 0 0 0 0 0 0 0 0 0 0 0 
1111 10 0 0 0 0 0 0 0 0 0 0 0 
1112 10 0 0 0 0 0 0 0 0 0 0 0 
1113 10 0 0 0 0 0 0 0 0 0 0 0 
1114 10 0 0 0 0 0 0 0 0 0 0 0 
1115 10 0 0 0 0 0 0 0 0 0 0 0 
1116 10 0 0 0 0 0 0 0 0 0 0 0 
1117 10 0 0 0 0 0 0 0 0 0 0 0 
1118 10 0 0 0 0 0 0 0 0 0 0 0 
1119 10 0 0 0 0 0 0 0 0 0 0 0 
1120 10 0 0 0 0 0 0 0 0 0 0 0 
1121 10 0 0 0 0 0 0 0 0 0 0 0 
1122 10 0 0 0 0 0 0 0 0 0 0 0 
1123 10 0 0 0 0 0 0 0 0 0 0 0 
1124 10 0 0 0 0 0 0 0 0 0 0 0 
1125 10 0 0 0 0 0 0 0 0 0 0 0 
1126 10 0 0 0 0 0 0 0 0 0 0 0 
1127 10 0 0 0 0 0 0 0 0 0 0 0 
1128 10 0 0 0 0 0 0 0 0 0 0 0 
1129 10 0 0 0 0 0 0 0 0 0 0 0 
1130 10 0 0 0 0 0 0 0 0 0 0 0 
1131 10 0 0 0 0 0 0 0 0 0 0 0 
1132 10 0 0 0 0 0 0 0 0 0 0 0 
1133 10 0 0 0 0 0 0 0 0 0 0 0 
1134 10 0 0 0 0 0 0 0 0 0 0 0 
1135 10 0 0 0 0 0 0 0 0 0 0 0 
1136 10 0 0 0 0 0 0 0 0 0 0 0 
1137 10 0 0 0 0 0 0 0 0 0 0 0 
1138 10 0 0 0 0 0 0 0 0 0 0 0 
1139 10 0 0 0 0 0 0 0 0 0 0 0 
1140 10 0 0 0 0 0 0 0 0 0 0 0 
1141 10 0 0 0 0 0 0 0 0 0 0 0 
1142 10 0 0 0 0 0 0 0 0 0 0 0 
1143 10 0 0 0 0 0 0 0 0 0 0 0 
1144 10 0 0 0 0 0 0 0 0 0 0 0 
1145 10 0 0 0 0 0 0 0 0 0 0 0 
1146 10 0 0 0 0 0 0 0 0 0 0 0 
1147 10 0 0 0 0 0 0 0 0 0 0 0 
1148 10 0 0 0 0 0 0 0 0 0 0 0 
1149 10 0 0 0 0 0 0 0 0 0 0 0 
1150 10 0 0 0 0 0 0 0 0 0 0 0 
1151 10 0 0 0 0 0 0 0 0 0 0 0 
1152 10 0 0 0 0 0 0 0 0 0 0 0 
1153 10 0 0 0 0 0 0 0 0 0 0 0 
1154 10 0 0 0 0 0 0 0 0 0 0 0 
1155 10 0 0 0 0 0 0 0 0 0 0 0 
1156 10 0 0 0 0 0 0 0 0 0 0 0 
1157 10 0 0 0 0 0 0 0 0 0 0 0 
1158 10 0 0 0 0 0 0 0 0 0 0 0 
1159 10 0 0 0 0 0 0 0 0 0 0 0 
1160 10 0 0 0 0 0 0 0 0 0 0 0 
1161 10 0 0 0 0 0 0 0 0 0 0 0 
1162 10 0 0 0 0 0 0 0 0 0 0 0 
1163 10 0 0 0 0 0 0 0 0 0 0 0 
1164 10 0 0 0 0 0 0 0 0 0 0 0 
1165 10 0 0 0 0 0 0 0 0 0 0 0 
1166 10 0 0 0 0 0 0 0 0 0 0 0 
1167 10 0 0 0 0 0 0 0 0 0 0 0 
1168 10 0 0 0 0 0 0 0 0 0 0 0 
1169 10 0 0 0 0 0 0 0 0 0 0 0 
1170 10 0 0 0 0 0 0 0 0 0 0 0 
1171 10 0 0 0 0 0 0 0 0 0 0 0 
1172 10 0 0 0 0 0 0 0 0 0 0 0 
1173 10 0 0 0 0 0 0 0 0 0 0 0 
1174 10 0 0 0 0 0 0 0 0 0 0 0 
1175 10 0 0 0 0 0 0 0 0 0 0 0 
1176 10 0 0 0 0 0 0 0 0 0 0 0 
1177 10 0 0 0 0 0 0 0 0 0 0 0 
1178 10 0 0 0 0 0 0 0 0 0 0 0 
1179 10 0 0 0 0 0 0 0 0 0 0 0 
1180 10 0 0 0 0 0 0 0 0 0 0 0 
1181 10 0 0 0 0 0 0 0 0 0 0 0 
1182 10 0 0 0 0 0 0 0 0 0 0 0 
1183 10 0 0 0 0 0 0 0 0 0 0 0 
1184 10 0 0 0 0 0 0 0 0 0 0 0 
1185 10 0 0 0 0 0 0 0 0 0 0 0 
1186 10 0 0 0 0 0 0 0 0 0 0 0 
1187 10 0 0 0 0 0 0 0 0 0 0 0 
1188 10 0 0 0 0 0 0 0 0 0 0 0 
1189 10 0 0 0 0 0 0 0 0 0 0 0 
1190 10 0 0 0 0 0 0 0 0 0 0 0 
1191 10 0 0 0 0 0 0 0 0 0 0 0 
1192 10 0 0 0 0 0 0 0 0 0 0 0 
1193 10 0 0 0 0 0 0 0 0 0 0 0 
1194 10 0 0 0 0 0 0 0 0 0 0 0 
1195 10 0 0 0 0 0 0 0 0 0 0 0 
1196 10 0 0 0 0 0 0 0 0 0 0 0 
1197 10 0 0 0 0 0 0 0 0 0 0 0 
1198 10 0 0 0 0 0 0 0 0 0 0 0 
1199 10 0 0 0 0 0 0 0 0 0 0 0 
1200 10 0 0 0 0 0 0 0 0 0 0 0 
1201 10 0 0 0 0 0 0 0 0 0 0 0 
1202 10 0 0 0 0 0 0 0 0 0 0 0 
1203 10 0 0 0 0 0 0 0 0 0 0 0 
1204 10 0 0 0 0 0 0 0 0 0 0 0 
1205 10 0 0 0 0 0 0 0 0 0 0 0 
1206 10 0 0 0 0 0 0 0 0 0 0 0 
1207 10 0 0 0 0 0 0 0 0 0 0 0 
1208 10 0 0 0 0 0 0 0 0 0 0 0 
1209 10 0 0 0 0 0 0 0 0 0 0 0 
1210 10 0 0 0 0 0 0 0 0 0 0 0 
1211 10 0 0 0 0 0 0 0 0 0 0 0 
1212 10 0 0 0 0 0 0 0 0 0 0 0 
1213 10 0 0 0 0 0 0 0 0 0 0 0 
1214 10 0 0 0 0 0 0 0 0 0 0 0 
1215 10 0 0 0 0 0 0 0 0 0 0 0 
1216 10 0 0 0 0 0 0 0 0 0 0 0 
1217 10 0 0 0 0 0 0 0 0 0 0 0 
1218 10 0 0 0 0 0 0 0 0 0 0 0 
1219 10 0 0 0 0 0 0 0 0 0 0 0 
1220 10 0 0 0 0 0 0 0 0 0 0 0 
1221 10 0 0 0 0 0 0 0 0 0 0 0 
1222 10 0 0 0 0 0 0 0 0 0 0 0 
1223 10 0 0 0 0 0 0 0 0 0 0 0 
1224 10 0 0 0 0 0 0 0 0 0 0 0 
1225 10 0 0 0 0 0 0 0 0 0 0 0 
1226 10 0 0 0 0 0 0 0 0 0 0 0 
1227 10 0 0 0 0 0 0 0 0 0 0 0 
1228 10 0 0 0 0 0 0 0 0 0 0 0 
1229 10 0 0 0 0 0 0 0 0 0 0 0 
1230 10 0 0 0 0 0 0 0 0 0 0 0 
1231 10 0 0 0 0 0 0 0 0 0 0 0 
1232 10 0 0 0 0 0 0 0 0 0 0 0 
1233 10 0 0 0 0 0 0 0 0 0 0 0 
1234 10 0 0 0 0 0 0 0 0 0 0 0 
1235 10 0 0 0 0 0 0 0 0 0 0 0 
1236 10 0 0 0 0 0 0 0 0 0 0 0 
1237 10 0 0 0 0 0 0 0 0 0 0 0 
1238 10 0 0 0 0 0 0 0 0 0 0 0 
1239 10 0 0 0 0 0 0 0 0 0 0 0 
1240 10 0 0 0 0 0 0 0 0 0 0 0 
1241 10 0 0 0 0 0 0 0 0 0 0 0 
1242 10 0 0 0 0 0 0 0 0 0 0 0 
1243 10 0 0 0 0 0 0 0 0 0 0 0 
1244 10 0 0 0 0 0 0 0 0 0 0 0 
1245 10 0 0 0 0 0 0 0 0 0 0 0 
1246 10 0 0 0 0 0 0 0 0 0 0 0 
1247 10 0 0 0 0 0 0 0 0 0 0 0 
1248 10 0 0 0 0 0 0 0 0 0 0 0 
1249 10 0 0 0 0 0 0 0 0 0 0 0 
1250 10 0 0 0 0 0 0 0 0 0 0 0 
1251 10 0 0 0 0 0 0 0 0 0 0 0 
1252 10 0 0 0 0 0 0 0 0 0 0 0 
1253 10 0 0 0 0 0 0 0 0 0 0 0 
1254 10 0 0 0 0 0 0 0 0 0 0 0 
1255 10 0 0 0 0 0 0 0 0 0 0 0 
1256 10 0 0 0 0 0 0 0 0 0 0 0 
1257 10 0 0 0 0 0 0 0 0 0 0 0 
1258 10 0 0 0 0 0 0 0 0 0 0 0 
1259 10 0 0 0 0 0 0 0 0 0 0 0 
1260 10 0 0 0 0 0 0 0 0 0 0 0 
1261 10 0 0 0 0 0 0 0 0 0 0 0 
1262 10 0 0 0 0 0 0 0 0 0 0 0 
1263 10 0 0 0 0 0 0 0 0 0 0 0 
1264 10 0 0 0 0 0 0 0 0 0 0 0 
1265 10 0 0 0 0 0 0 0 0 0 0 0 
1266 10 0 0 0 0 0 0 0 0 0 0 0 
1267 10 0 0 0 0 0 0 0 0 0 0 0 
1268 10 0 0 0 0 0 0 0 0 0 0 0 
1269 10 0 0 0 0 0 0 0 0 0 0 0 
1270 10 0 0 0 0 0 0 0 0 0 0 0 
1271 10 0 0 0 0 0 0 0 0 0 0 0 
1272 10 0 0 0 0 0 0 0 0 0 0 0 
1273 10 0 0 0 0 0 0 0 0 0 0 0 
1274 10 0 0 0 0 0 0 0 0 0 0 0 
1275 10 0 0 0 0 0 0 0 0 0 0 0 
1276 10 0 0 0 0 0 0 0 0 0 0 0 
1277 10 0 0 0 0 0 0 0 0 0 0 0 
1278 10 0 0 0 0 0 0 0 0 0 0 0 
1279 10 0 0 0 0 0 0 0 0 0 0 0 
1280 10 0 0 0 0 0 0 0 0 0 0 0 
1281 10 0 0 0 0 0 0 0 0 0 0 0 
1282 10 0 0 0 0 0 0 0 0 0 0 0 
1283 10 0 0 0 0 0 0 0 0 0 0 0 
1284 10 0 0 0 0 0 0 0 0 0 0 0 
1285 10 0 0 0 0 0 0 0 0 0 0 0 
1286 10 0 0 0 0 0 0 0 0 0 0 0 
1287 10 0 0 0 0 0 0 0 0 0 0 0 
1288 10 0 0 0 0 0 0 0 0 0 0 0 
1289 10 0 0 0 0 0 0 0 0 0 0 0 
1290 10 0 0 0 0 0 0 0 0 0 0 0 
1291 10 0 0 0 0 0 0 0 0 0 0 0 
1292 10 0 0 0 0 0 0 0 0 0 0 0 
1293 10 0 0 0 0 0 0 0 0 0 0 0 
1294 10 0 0 0 0 0 0 0 0 0 0 0 
1295 10 0 0 0 0 0 0 0 0 0 0 0 
1296 10 0 0 0 0 0 0 0 0 0 0 0 
1297 10 0 0 0 0 0 0 0 0 0 0 0 
1298 10 0 0 0 0 0 0 0 0 0 0 0 
1299 10 0 0 0 0 0 0 0 0 0 0 0 
1300 10 0 0 0 0 0 0 0 0 0 0 0 
1301 10 0 0 0 0 0 0 0 0 0 0 0 
1302 10 0 0 0 0 0 0 0 0 0 0 0 
1303 10 0 0 0 0 0 0 0 0 0 0 0 
1304 10 0 0 0 0 0 0 0 0 0 0 0 
1305 10 0 0 0 0 0 0 0 0 0 0 0 
1306 10 0 0 0 0 0 0 0 0 0 0 0 
1307 10 0 0 0 0 0 0 0 0 0 0 0 
1308 10 0 0 0 0 0 0 0 0 0 0 0 
1309 10 0 0 0 0 0 0 0 0 0 0 0 
1310 10 0 0 0 0 0 0 0 0 0 0 0 
1311 10 0 0 0 0 0 0 0 0 0 0 0 
1312 10 0 0 0 0 0 0 0 0 0 0 0 
1313 10 0 0 0 0 0 0 0 0 0 0 0 
1314 10 0 0 0 0 0 0 0 0 0 0 0 
1315 10 0 0 0 0 0 0 0 0 0 0 0 
1316 10 0 0 0 0 0 0 0 0 0 0 0 
1317 10 0 0 0 0 0 0 0 0 0 0 0 
1318 10 0 0 0 0 0 0 0 0 0 0 0 
1319 10 0 0 0 0 0 0 0 0 0 0 0 
1320 10 0 0 0 0 0 0 0 0 0 0 0 
1321 10 0 0 0 0 0 0 0 0 0 0 0 
1322 10 0 0 0 0 0 0 0 0 0 0 0 
1323 10 0 0 0 0 0 0 0 0 0 0 0 
1324 10 0 0 0 0 0 0 0 0 0 0 0 
1325 10 0 0 0 0 0 0 0 0 0 0 0 
1326 10 0 0 0 0 0 0 0 0 0 0 0 
1327 10 0 0 0 0 0 0 0 0 0 0 0 
1328 10 0 0 0 0 0 0 0 0 0 0 0 
1329 10 0 0 0 0 0 0 0 0 0 0 0 
1330 10 0 0 0 0 0 0 0 0 0 0 0 
1331 10 0 0 0 0 0 0 0 0 0 0 0 
1332 10 0 0 0 0 0 0 0 0 0 0 0 
1333 10 0 0 0 0 0 0 0 0 0 0 0 
1334 10 0 0 0 0 0 0 0 0 0 0 0 
1335 10 0 0 0 0 0 0 0 0 0 0 0 
1336 10 0 0 0 0 0 0 0 0 0 0 0 
1337 10 0 0 0 0 0 0 0 0 0 0 0 
1338 10 0 0 0 0 0 0 0 0 0 0 0 
1339 10 0 0 0 0 0 0 0 0 0 0 0 
1340 10 0 0 0 0 0 0 0 0 0 0 0 
1341 10 0 0 0 0 0 0 0 0 0 0 0 
1342 10 0 0 0 0 0 0 0 0 0 0 0 
1343 10 0 0 0 0 0 0 0 0 0 0 0 
1344 10 0 0 0 0 0 0 0 0 0 0 0 
1345 10 0 0 0 0 0 0 0 0 0 0 0 
1346 10 0 0 0 0 0 0 0 0 0 0 0 
1347 10 0 0 0 0 0 0 0 0 0 0 0 
1348 10 0 0 0 0 0 0 0 0 0 0 0 
1349 10 0 0 0 0 0 0 0 0 0 0 0 
1350 10 0 0 0 0 0 0 0 0 0 0 0 
1351 10 0 0 0 0 0 0 0 0 0 0 0 
1352 10 0 0 0 0 0 0 0 0 0 0 0 
1353 10 0 0 0 0 0 0 0 0 0 0 0 
1354 10 0 0 0 0 0 0 0 0 0 0 0 
1355 10 0 0 0 0 0 0 0 0 0 0 0 
1356 10 0 0 0 0 0 0 0 0 0 0 0 
1357 10 0 0 0 0 0 0 0 0 0 0 0 
1358 10 0 0 0 0 0 0 0 0 0 0 0 
1359 10 0 0 0 0 0 0 0 0 0 0 0 
1360 10 0 0 0 0 0 0 0 0 0 0 0 
1361 10 0 0 0 0 0 0 0 0 0 0 0 
1362 10 0 0 0 0 0 0 0 0 0 0 0 
1363 10 0 0 0 0 0 0 0 0 0 0 0 
1364 10 0 0 0 0 0 0 0 0 0 0 0 
1365 10 0 0 0 0 0 0 0 0 0 0 0 
1366 10 0 0 0 0 0 0 0 0 0 0 0 
1367 10 0 0 0 0 0 0 0 0 0 0 0 
1368 10 0 0 0 0 0 0 0 0 0 0 0 
1369 10 0 0 0 0 0 0 0 0 0 0 0 
1370 10 0 0 0 0 0 0 0 0 0 0 0 
1371 10 0 0 0 0 0 0 0 0 0 0 0 
1372 10 0 0 0 0 0 0 0 0 0 0 0 
1373 10 0 0 0 0 0 0 0 0 0 0 0 
1374 10 0 0 0 0 0 0 0 0 0 0 0 
1375 10 0 0 0 0 0 0 0 0 0 0 0 
1376 10 0 0 0 0 0 0 0 0 0 0 0 
1377 10 0 0 0 0 0 0 0 0 0 0 0 
1378 10 0 0 0 0 0 0 0 0 0 0 0 
1379 10 0 0 0 0 0 0 0 0 0 0 0 
1380 10 0 0 0 0 0 0 0 0 0 0 0 
1381 10 0 0 0 0 0 0 0 0 0 0 0 
1382 10 0 0 0 0 0 0 0 0 0 0 0 
1383 10 0 0 0 0 0 0 0 0 0 0 0 
1384 10 0 0 0 0 0 0 0 0 0 0 0 
1385 10 0 0 0 0 0 0 0 0 0 0 0 
1386 10 0 0 0 0 0 0 0 0 0 0 0 
1387 10 0 0 0 0 0 0 0 0 0 0 0 
1388 10 0 0 0 0 0 0 0 0 0 0 0 
1389 10 0 0 0 0 0 0 0 0 0 0 0 
1390 10 0 0 0 0 0 0 0 0 0 0 0 
1391 10 0 0 0 0 0 0 0 0 0 0 0 
1392 10 0 0 0 0 0 0 0 0 0 0 0 
1393 10 0 0 0 0 0 0 0 0 0 0 0 
1394 10 0 0 0 0 0 0 0 0 0 0 0 
1395 10 0 0 0 0 0 0 0 0 0 0 0 
1396 10 0 0 0 0 0 0 0 0 0 0 0 
1397 10 0 0 0 0 0 0 0 0 0 0 0 
1398 10 0 0 0 0 0 0 0 0 0 0 0 
1399 10 0 0 0 0 0 0 0 0 0 0 0 
1400 10 0 0 0 0 0 0 0 0 0 0 0 
1401 10 0 0 0 0 0 0 0 0 0 0 0 
1402 10 0 0 0 0 0 0 0 0 0 0 0 
1403 10 0 0 0 0 0 0 0 0 0 0 0 
1404 10 0 0 0 0 0 0 0 0 0 0 0 
1405 10 0 0 0 0 0 0 0 0 0 0 0 
1406 10 0 0 0 0 0 0 0 0 0 0 0 
1407 10 0 0 0 0 0 0 0 0 0 0 0 
1408 10 0 0 0 0 0 0 0 0 0 0 0 
1409 10 0 0 0 0 0 0 0 0 0 0 0 
1410 10 0 0 0 0 0 0 0 0 0 0 0 
1411 10 0 0 0 0 0 0 0 0 0 0 0 
1412 10 0 0 0 0 0 0 0 0 0 0 0 
1413 10 0 0 0 0 0 0 0 0 0 0 0 
1414 10 0 0 0 0 0 0 0 0 0 0 0 
1415 10 0 0 0 0 0 0 0 0 0 0 0 
1416 10 0 0 0 0 0 0 0 0 0 0 0 
1417 10 0 0 0 0 0 0 0 0 0 0 0 
1418 10 0 0 0 0 0 0 0 0 0 0 0 
1419 10 0 0 0 0 0 0 0 0 0 0 0 
1420 10 0 0 0 0 0 0 0 0 0 0 0 
1421 10 0 0 0 0 0 0 0 0 0 0 0 
1422 10 0 0 0 0 0 0 0 0 0 0 0 
1423 10 0 0 0 0 0 0 0 0 0 0 0 
1424 10 0 0 0 0 0 0 0 0 0 0 0 
1425 10 0 0 0 0 0 0 0 0 0 0 0 
1426 10 0 0 0 0 0 0 0 0 0 0 0 
1427 10 0 0 0 0 0 0 0 0 0 0 0 
1428 10 0 0 0 0 0 0 0 0 0 0 0 
1429 10 0 0 0 0 0 0 0 0 0 0 0 
1430 10 0 0 0 0 0 0 0 0 0 0 0 
1431 10 0 0 0 0 0 0 0 0 0 0 0 
1432 10 0 0 0 0 0 0 0 0 0 0 0 
1433 10 0 0 0 0 0 0 0 0 0 0 0 
1434 10 0 0 0 0 0 0 0 0 0 0 0 
1435 10 0 0 0 0 0 0 0 0 0 0 0 
1436 10 0 0 0 0 0 0 0 0 0 0 0 
1437 10 0 0 0 0 0 0 0 0 0 0 0 
1438 10 0 0 0 0 0 0 0 0 0 0 0 
1439 10 0 0 0 0 0 0 0 0 0 0 0 
1440 10 0 0 0 0 0 0 0 0 0 0 0 
1441 10 0 0 0 0 0 0 0 0 0 0 0 
1442 10 0 0 0 0 0 0 0 0 0 0 0 
1443 10 0 0 0 0 0 0 0 0 0 0 0 
1444 10 0 0 0 0 0 0 0 0 0 0 0 
1445 10 0 0 0 0 0 0 0 0 0 0 0 
1446 10 0 0 0 0 0 0 0 0 0 0 0 
1447 10 0 0 0 0 0 0 0 0 0 0 0 
1448 10 0 0 0 0 0 0 0 0 0 0 0 
1449 10 0 0 0 0 0 0 0 0 0 0 0 
1450 10 0 0 0 0 0 0 0 0 0 0 0 
1451 10 0 0 0 0 0 0 0 0 0 0 0 
1452 10 0 0 0 0 0 0 0 0 0 0 0 
1453 10 0 0 0 0 0 0 0 0 0 0 0 
1454 10 0 0 0 0 0 0 0 0 0 0 0 
1455 10 0 0 0 0 0 0 0 0 0 0 0 
1456 10 0 0 0 0 0 0 0 0 0 0 0 
1457 10 0 0 0 0 0 0 0 0 0 0 0 
1458 10 0 0 0 0 0 0 0 0 0 0 0 
1459 10 0 0 0 0 0 0 0 0 0 0 0 
1460 10 0 0 0 0 0 0 0 0 0 0 0 
1461 10 0 0 0 0 0 0 0 0 0 0 0 
1462 10 0 0 0 0 0 0 0 0 0 0 0 
1463 10 0 0 0 0 0 0 0 0 0 0 0 
1464 10 0 0 0 0 0 0 0 0 0 0 0 
1465 10 0 0 0 0 0 0 0 0 0 0 0 
1466 10 0 0 0 0 0 0 0 0 0 0 0 
1467 10 0 0 0 0 0 0 0 0 0 0 0 
1468 10 0 0 0 0 0 0 0 0 0 0 0 
1469 10 0 0 0 0 0 0 0 0 0 0 0 
1470 10 0 0 0 0 0 0 0 0 0 0 0 
1471 10 0 0 0 0 0 0 0 0 0 0 0 
1472 10 0 0 0 0 0 0 0 0 0 0 0 
1473 10 0 0 0 0 0 0 0 0 0 0 0 
1474 10 0 0 0 0 0 0 0 0 0 0 0 
1475 10 0 0 0 0 0 0 0 0 0 0 0 
1476 10 0 0 0 0 0 0 0 0 0 0 0 
1477 10 0 0 0 0 0 0 0 0 0 0 0 
1478 10 0 0 0 0 0 0 0 0 0 0 0 
1479 10 0 0 0 0 0 0 0 0 0 0 0 
1480 10 0 0 0 0 0 0 0 0 0 0 0 
1481 10 0 0 0 0 0 0 0 0 0 0 0 
1482 10 0 0 0 0 0 0 0 0 0 0 0 
1483 10 0 0 0 0 0 0 0 0 0 0 0 
1484 10 0 0 0 0 0 0 0 0 0 0 0 
1485 10 0 0 0 0 0 0 0 0 0 0 0 
1486 10 0 0 0 0 0 0 0 0 0 0 0 
1487 10 0 0 0 0 0 0 0 0 0 0 0 
1488 10 0 0 0 0 0 0 0 0 0 0 0 
1489 10 0 0 0 0 0 0 0 0 0 0 0 
1490 10 0 0 0 0 0 0 0 0 0 0 0 
1491 10 0 0 0 0 0 0 0 0 0 0 0 
1492 10 0 0 0 0 0 0 0 0 0 0 0 
1493 10 0 0 0 0 0 0 0 0 0 0 0 
1494 10 0 0 0 0 0 0 0 0 0 0 0 
1495 10 0 0 0 0 0 0 0 0 0 0 0 
1496 10 0 0 0 0 0 0 0 0 0 0 0 
1497 10 0 0 0 0 0 0 0 0 0 0 0 
1498 10 0 0 0 0 0 0 0 0 0 0 0 
1499 10 0 0 0 0 0 0 0 0 0 0 0 
1500 10 0 0 0 0 0 0 0 0 0 0 0 
1501 10 0 0 0 0 0 0 0 0 0 0 0 
1502 10 0 0 0 0 0 0 0 0 0 0 0 
1503 10 0 0 0 0 0 0 0 0 0 0 0 
1504 10 0 0 0 0 0 0 0 0 0 0 0 
1505 10 0 0 0 0 0 0 0 0 0 0 0 
1506 10 0 0 0 0 0 0 0 0 0 0 0 
1507 10 0 0 0 0 0 0 0 0 0 0 0 
1508 10 0 0 0 0 0 0 0 0 0 0 0 
1509 10 0 0 0 0 0 0 0 0 0 0 0 
1510 10 0 0 0 0 0 0 0 0 0 0 0 
1511 10 0 0 0 0 0 0 0 0 0 0 0 
1512 10 0 0 0 0 0 0 0 0 0 0 0 
1513 10 0 0 0 0 0 0 0 0 0 0 0 
1514 10 0 0 0 0 0 0 0 0 0 0 0 
1515 10 0 0 0 0 0 0 0 0 0 0 0 
1516 10 0 0 0 0 0 0 0 0 0 0 0 
1517 10 0 0 0 0 0 0 0 0 0 0 0 
1518 10 0 0 0 0 0 0 0 0 0 0 0 
1519 10 0 0 0 0 0 0 0 0 0 0 0 
1520 10 0 0 0 0 0 0 0 0 0 0 0 
1521 10 0 0 0 0 0 0 0 0 0 0 0 
1522 10 0 0 0 0 0 0 0 0 0 0 0 
1523 10 0 0 0 0 0 0 0 0 0 0 0 
1524 10 0 0 0 0 0 0 0 0 0 0 0 
1525 10 0 0 0 0 0 0 0 0 0 0 0 
1526 10 0 0 0 0 0 0 0 0 0 0 0 
1527 10 0 0 0 0 0 0 0 0 0 0 0 
1528 10 0 0 0 0 0 0 0 0 0 0 0 
1529 10 0 0 0 0 0 0 0 0 0 0 0 
1530 10 0 0 0 0 0 0 0 0 0 0 0 
1531 10 0 0 0 0 0 0 0 0 0 0 0 
1532 10 0 0 0 0 0 0 0 0 0 0 0 
1533 10 0 0 0 0 0 0 0 0 0 0 0 
1534 10 0 0 0 0 0 0 0 0 0 0 0 
1535 10 0 0 0 0 0 0 0 0 0 0 0 
1536 10 0 0 0 0 0 0 0 0 0 0 0 
1537 10 0 0 0 0 0 0 0 0 0 0 0 
1538 10 0 0 0 0 0 0 0 0 0 0 0 
1539 10 0 0 0 0 0 0 0 0 0 0 0 
1540 10 0 0 0 0 0 0 0 0 0 0 0 
1541 10 0 0 0 0 0 0 0 0 0 0 0 
1542 10 0 0 0 0 0 0 0 0 0 0 0 
1543 10 0 0 0 0 0 0 0 0 0 0 0 
1544 10 0 0 0 0 0 0 0 0 0 0 0 
1545 10 0 0 0 0 0 0 0 0 0 0 0 
1546 10 0 0 0 0 0 0 0 0 0 0 0 
1547 10 0 0 0 0 0 0 0 0 0 0 0 
1548 10 0 0 0 0 0 0 0 0 0 0 0 
1549 10 0 0 0 0 0 0 0 0 0 0 0 
1550 10 0 0 0 0 0 0 0 0 0 0 0 
1551 10 0 0 0 0 0 0 0 0 0 0 0 
1552 10 0 0 0 0 0 0 0 0 0 0 0 
1553 10 0 0 0 0 0 0 0 0 0 0 0 
1554 10 0 0 0 0 0 0 0 0 0 0 0 
1555 10 0 0 0 0 0 0 0 0 0 0 0 
1556 10 0 0 0 0 0 0 0 0 0 0 0 
1557 10 0 0 0 0 0 0 0 0 0 0 0 
1558 10 0 0 0 0 0 0 0 0 0 0 0 
1559 10 0 0 0 0 0 0 0 0 0 0 0 
1560 10 0 0 0 0 0 0 0 0 0 0 0 
1561 10 0 0 0 0 0 0 0 0 0 0 0 
1562 10 0 0 0 0 0 0 0 0 0 0 0 
1563 10 0 0 0 0 0 0 0 0 0 0 0 
1564 10 0 0 0 0 0 0 0 0 0 0 0 
1565 10 0 0 0 0 0 0 0 0 0 0 0 
1566 10 0 0 0 0 0 0 0 0 0 0 0 
1567 10 0 0 0 0 0 0 0 0 0 0 0 
1568 10 0 0 0 0 0 0 0 0 0 0 0 
1569 10 0 0 0 0 0 0 0 0 0 0 0 
1570 10 0 0 0 0 0 0 0 0 0 0 0 
1571 10 0 0 0 0 0 0 0 0 0 0 0 
1572 10 0 0 0 0 0 0 0 0 0 0 0 
1573 10 0 0 0 0 0 0 0 0 0 0 0 
1574 10 0 0 0 0 0 0 0 0 0 0 0 
1575 10 0 0 0 0 0 0 0 0 0 0 0 
1576 10 0 0 0 0 0 0 0 0 0 0 0 
1577 10 0 0 0 0 0 0 0 0 0 0 0 
1578 10 0 0 0 0 0 0 0 0 0 0 0 
1579 10 0 0 0 0 0 0 0 0 0 0 0 
1580 10 0 0 0 0 0 0 0 0 0 0 0 
1581 10 0 0 0 0 0 0 0 0 0 0 0 
1582 10 0 0 0 0 0 0 0 0 0 0 0 
1583 10 0 0 0 0 0 0 0 0 0 0 0 
1584 10 0 0 0 0 0 0 0 0 0 0 0 
1585 10 0 0 0 0 0 0 0 0 0 0 0 
1586 10 0 0 0 0 0 0 0 0 0 0 0 
1587 10 0 0 0 0 0 0 0 0 0 0 0 
1588 10 0 0 0 0 0 0 0 0 0 0 0 
1589 10 0 0 0 0 0 0 0 0 0 0 0 
1590 10 0 0 0 0 0 0 0 0 0 0 0 
1591 10 0 0 0 0 0 0 0 0 0 0 0 
1592 10 0 0 0 0 0 0 0 0 0 0 0 
1593 10 5 0 0 0 0 0 0 0 0 0 0 
1594 10 6 0 0 0 0 0 0 0 0 0 0 
1595 10 0 0 0 0 0 0 0 0 0 0 0 
1596 10 0 0 0 0 0 0 0 0 0 0 0 
1597 10 0 0 0 0 0 0 0 0 0 0 0 
1598 10 0 0 0 0 0 0 0 0 0 0 0 
1599 10 0 0 0 0 0 0 0 0 0 0 0 
1600 10 0 0 0 0 0 0 0 0 0 0 0 
1601 10 0 0 0 0 0 0 0 0 0 0 0 
1602 10 0 0 0 0 0 0 0 0 0 0 0 
1603 10 0 0 0 0 0 0 0 0 0 0 0 
1604 10 0 0 0 0 0 0 0 0 0 0 0 
1605 10 0 0 0 0 0 0 0 0 0 0 0 
1606 10 0 0 0 0 0 0 0 0 0 0 0 
1607 10 9 0 0 0 0 0 0 0 0 0 0 
1608 10 10 0 0 0 0 0 0 0 0 0 0 
1609 10 0 0 0 0 0 0 0 0 0 0 0 
1610 10 0 0 0 0 0 0 0 0 0 0 0 
1611 10 0 0 0 0 0 0 0 0 0 0 0 
1612 10 0 0 0 0 0 0 0 0 0 0 0 
1613 10 0 0 0 0 0 0 0 0 0 0 0 
1614 10 0 0 0 0 0 0 0 0 0 0 0 
1615 10 0 0 0 0 0 0 0 0 0 0 0 
1616 10 0 0 0 0 0 0 0 0 0 0 0 
1617 10 0 0 0 0 0 0 0 0 0 0 0 
1618 10 0 0 0 0 0 0 0 0 0 0 0 
1619 10 0 0 0 0 0 0 0 0 0 0 0 
1620 10 0 0 0 0 0 0 0 0 0 0 0 
1621 10 0 0 0 0 0 0 0 0 0 0 0 
1622 10 0 0 0 0 0 0 0 0 0 0 0 
1623 10 0 0 0 0 0 0 0 0 0 0 0 
1624 10 0 0 0 0 0 0 0 0 0 0 0 
1625 10 0 0 0 0 0 0 0 0 0 0 0 
1626 10 0 0 0 0 0 0 0 0 0 0 0 
1627 10 0 0 0 0 0 0 0 0 0 0 0 
1628 10 0 0 0 0 0 0 0 0 0 0 0 
1629 10 0 0 0 0 0 0 0 0 0 0 0 
1630 10 0 0 0 0 0 0 0 0 0 0 0 
1631 10 14 0 0 0 0 0 0 0 0 0 0 
1632 10 15 0 0 0 0 0 0 0 0 0 0 
1633 10 0 0 0 0 0 0 0 0 0 0 0 
1634 10 0 0 0 0 0 0 0 0 0 0 0 
1635 10 0 0 0 0 0 0 0 0 0 0 0 
1636 10 0 0 0 0 0 0 0 0 0 0 0 
1637 10 0 0 0 0 0 0 0 0 0 0 0 
1638 10 0 0 0 0 0 0 0 0 0 0 0 
1639 10 18 0 0 0 0 0 0 0 0 0 0 
1640 10 19 0 0 0 0 0 0 0 0 0 0 
1641 10 0 0 0 0 0 0 0 0 0 0 0 
1642 10 0 0 0 0 0 0 0 0 0 0 0 
1643 10 0 0 0 0 0 0 0 0 0 0 0 
1644 10 0 0 0 0 0 0 0 0 0 0 0 
1645 10 0 0 0 0 0 0 0 0 0 0 0 
1646 10 0 0 0 0 0 0 0 0 0 0 0 
1647 10 0 0 0 0 0 0 0 0 0 0 0 
1648 10 0 0 0 0 0 0 0 0 0 0 0 
1649 10 0 0 0 0 0 0 0 0 0 0 0 
1650 10 0 0 0 0 0 0 0 0 0 0 0 
1651 10 0 0 0 0 0 0 0 0 0 0 0 
1652 10 0 0 0 0 0 0 0 0 0 0 0 
1653 10 0 0 0 0 0 0 0 0 0 0 0 
1654 10 0 0 0 0 0 0 0 0 0 0 0 
1655 10 0 0 0 0 0 0 0 0 0 0 0 
1656 10 0 0 0 0 0 0 0 0 0 0 0 
1657 10 0 0 0 0 0 0 0 0 0 0 0 
1658 10 0 0 0 0 0 0 0 0 0 0 0 
1659 10 0 0 0 0 0 0 0 0 0 0 0 
1660 10 0 0 0 0 0 0 0 0 0 0 0 
1661 10 0 0 0 0 0 0 0 0 0 0 0 
1662 10 0 0 0 0 0 0 0 0 0 0 0 
1663 10 0 0 0 0 0 0 0 0 0 0 0 
1664 10 0 0 0 0 0 0 0 0 0 0 0 
1665 10 0 0 0 0 0 0 0 0 0 0 0 
1666 10 0 0 0 0 0 0 0 0 0 0 0 
1667 10 0 0 0 0 0 0 0 0 0 0 0 
1668 10 0 0 0 0 0 0 0 0 0 0 0 
1669 10 0 0 0 0 0 0 0 0 0 0 0 
1670 10 0 0 0 0 0 0 0 0 0 0 0 
1671 10 0 0 0 0 0 0 0 0 0 0 0 
1672 10 0 0 0 0 0 0 0 0 0 0 0 
1673 10 0 0 0 0 0 0 0 0 0 0 0 
1674 10 0 0 0 0 0 0 0 0 0 0 0 
1675 10 0 0 0 0 0 0 0 0 0 0 0 
1676 10 0 0 0 0 0 0 0 0 0 0 0 
1677 10 0 0 0 0 0 0 0 0 0 0 0 
1678 10 0 0 0 0 0 0 0 0 0 0 0 
1679 10 0 0 0 0 0 0 0 0 0 0 0 
1680 10 0 0 0 0 0 0 0 0 0 0 0 
1681 10 0 0 0 0 0 0 0 0 0 0 0 
1682 10 0 0 0 0 0 0 0 0 0 0 0 
1683 10 0 0 0 0 0 0 0 0 0 0 0 
1684 10 0 0 0 0 0 0 0 0 0 0 0 
1685 10 0 0 0 0 0 0 0 0 0 0 0 
1686 10 0 0 0 0 0 0 0 0 0 0 0 
1687 10 0 0 0 0 0 0 0 0 0 0 0 
1688 10 0 0 0 0 0 0 0 0 0 0 0 
1689 10 0 0 0 0 0 0 0 0 0 0 0 
1690 10 0 0 0 0 0 0 0 0 0 0 0 
1691 10 0 0 0 0 0 0 0 0 0 0 0 
1692 10 0 0 0 0 0 0 0 0 0 0 0 
1693 10 0 0 0 0 0 0 0 0 0 0 0 
1694 10 0 0 0 0 0 0 0 0 0 0 0 
1695 10 0 0 0 0 0 0 0 0 0 0 0 
1696 10 0 0 0 0 0 0 0 0 0 0 0 
1697 10 0 0 0 0 0 0 0 0 0 0 0 
1698 10 0 0 0 0 0 0 0 0 0 0 0 
1699 10 0 0 0 0 0 0 0 0 0 0 0 
1700 10 0 0 0 0 0 0 0 0 0 0 0 
1701 10 0 0 0 0 0 0 0 0 0 0 0 
1702 10 0 0 0 0 0 0 0 0 0 0 0 
1703 10 0 0 0 0 0 0 0 0 0 0 0 
1704 10 0 0 0 0 0 0 0 0 0 0 0 
1705 10 0 0 0 0 0 0 0 0 0 0 0 
1706 10 0 0 0 0 0 0 0 0 0 0 0 
1707 10 0 0 0 0 0 0 0 0 0 0 0 
1708 10 0 0 0 0 0 0 0 0 0 0 0 
1709 10 0 0 0 0 0 0 0 0 0 0 0 
1710 10 0 0 0 0 0 0 0 0 0 0 0 
1711 10 0 0 0 0 0 0 0 0 0 0 0 
1712 10 0 0 0 0 0 0 0 0 0 0 0 
1713 10 0 0 0 0 0 0 0 0 0 0 0 
1714 10 0 0 0 0 0 0 0 0 0 0 0 
1715 10 0 0 0 0 0 0 0 0 0 0 0 
1716 10 0 0 0 0 0 0 0 0 0 0 0 
1717 10 0 0 0 0 0 0 0 0 0 0 0 
1718 10 0 0 0 0 0 0 0 0 0 0 0 
1719 10 0 0 0 0 0 0 0 0 0 0 0 
1720 10 0 0 0 0 0 0 0 0 0 0 0 
1721 10 0 0 0 0 0 0 0 0 0 0 0 
1722 10 0 0 0 0 0 0 0 0 0 0 0 
1723 10 0 0 0 0 0 0 0 0 0 0 0 
1724 10 0 0 0 0 0 0 0 0 0 0 0 
1725 10 0 0 0 0 0 0 0 0 0 0 0 
1726 10 0 0 0 0 0 0 0 0 0 0 0 
1727 10 24 0 0 0 0 0 0 0 0 0 0 
1728 10 25 0 0 0 0 0 0 0 0 0 0 
1729 10 26 0 0 0 0 0 0 0 0 0 0 
1730 10 27 0 0 0 0 0 0 0 0 0 0 
1731 10 0 0 0 0 0 0 0 0 0 0 0 
1732 10 0 0 0 0 0 0 0 0 0 0 0 
1733 10 0 0 0 0 0 0 0 0 0 0 0 
1734 10 0 0 0 0 0 0 0 0 0 0 0 
1735 10 29 0 0 0 0 0 0 0 0 0 0 
1736 10 30 0 0 0 0 0 0 0 0 0 0 
1737 10 31 0 0 0 0 0 0 0 0 0 0 
1738 10 32 0 0 0 0 0 0 0 0 0 0 
1739 10 0 0 0 0 0 0 0 0 0 0 0 
1740 10 0 0 0 0 0 0 0 0 0 0 0 
1741 10 34 0 0 0 0 0 0 0 0 0 0 
1742 10 35 0 0 0 0 0 0 0 0 0 0 
1743 10 0 0 0 0 0 0 0 0 0 0 0 
1744 10 0 0 0 0 0 0 0 0 0 0 0 
1745 10 0 0 0 0 0 0 0 0 0 0 0 
1746 10 0 0 0 0 0 0 0 0 0 0 0 
1747 10 0 0 0 0 0 0 0 0 0 0 0 
1748 10 0 0 0 0 0 0 0 0 0 0 0 
1749 10 0 0 0 0 0 0 0 0 0 0 0 
1750 10 0 0 0 0 0 0 0 0 0 0 0 
1751 10 0 0 0 0 0 0 0 0 0 0 0 
1752 10 0 0 0 0 0 0 0 0 0 0 0 
1753 10 0 0 0 0 0 0 0 0 0 0 0 
1754 10 0 0 0 0 0 0 0 0 0 0 0 
1755 10 0 0 0 0 0 0 0 0 0 0 0 
1756 10 0 0 0 0 0 0 0 0 0 0 0 
1757 10 0 0 0 0 0 0 0 0 0 0 0 
1758 10 0 0 0 0 0 0 0 0 0 0 0 
1759 10 0 0 0 0 0 0 0 0 0 0 0 
1760 10 0 0 0 0 0 0 0 0 0 0 0 
1761 10 0 0 0 0 0 0 0 0 0 0 0 
1762 10 0 0 0 0 0 0 0 0 0 0 0 
1763 10 0 0 0 0 0 0 0 0 0 0 0 
1764 10 0 0 0 0 0 0 0 0 0 0 0 
1765 10 0 0 0 0 0 0 0 0 0 0 0 
1766 10 0 0 0 0 0 0 0 0 0 0 0 
1767 10 0 0 0 0 0 0 0 0 0 0 0 
1768 10 0 0 0 0 0 0 0 0 0 0 0 
1769 10 0 0 0 0 0 0 0 0 0 0 0 
1770 10 0 0 0 0 0 0 0 0 0 0 0 
1771 10 0 0 0 0 0 0 0 0 0 0 0 
1772 10 0 0 0 0 0 0 0 0 0 0 0 
1773 10 0 0 0 0 0 0 0 0 0 0 0 
1774 10 0 0 0 0 0 0 0 0 0 0 0 
1775 10 0 0 0 0 0 0 0 0 0 0 0 
1776 10 0 0 0 0 0 0 0 0 0 0 0 
1777 10 0 0 0 0 0 0 0 0 0 0 0 
1778 10 0 0 0 0 0 0 0 0 0 0 0 
1779 10 0 0 0 0 0 0 0 0 0 0 0 
1780 10 0 0 0 0 0 0 0 0 0 0 0 
1781 10 0 0 0 0 0 0 0 0 0 0 0 
1782 10 0 0 0 0 0 0 0 0 0 0 0 
1783 10 0 0 0 0 0 0 0 0 0 0 0 
1784 10 0 0 0 0 0 0 0 0 0 0 0 
1785 10 0 0 0 0 0 0 0 0 0 0 0 
1786 10 0 0 0 0 0 0 0 0 0 0 0 
1787 10 0 0 0 0 0 0 0 0 0 0 0 
1788 10 0 0 0 0 0 0 0 0 0 0 0 
1789 10 0 0 0 0 0 0 0 0 0 0 0 
1790 10 0 0 0 0 0 0 0 0 0 0 0 
1791 10 0 0 0 0 0 0 0 0 0 0 0 
1792 10 0 0 0 0 0 0 0 0 0 0 0 
1793 10 0 0 0 0 0 0 0 0 0 0 0 
1794 10 0 0 0 0 0 0 0 0 0 0 0 
1795 10 0 0 0 0 0 0 0 0 0 0 0 
1796 10 0 0 0 0 0 0 0 0 0 0 0 
1797 10 0 0 0 0 0 0 0 0 0 0 0 
1798 10 0 0 0 0 0 0 0 0 0 0 0 
1799 10 0 0 0 0 0 0 0 0 0 0 0 
1800 10 0 0 0 0 0 0 0 0 0 0 0 
1801 10 0 0 0 0 0 0 0 0 0 0 0 
1802 10 0 0 0 0 0 0 0 0 0 0 0 
1803 10 0 0 0 0 0 0 0 0 0 0 0 
1804 10 0 0 0 0 0 0 0 0 0 0 0 
1805 10 0 0 0 0 0 0 0 0 0 0 0 
1806 10 0 0 0 0 0 0 0 0 0 0 0 
1807 10 0 0 0 0 0 0 0 0 0 0 0 
1808 10 0 0 0 0 0 0 0 0 0 0 0 
1809 10 0 0 0 0 0 0 0 0 0 0 0 
1810 10 0 0 0 0 0 0 0 0 0 0 0 
1811 10 0 0 0 0 0 0 0 0 0 0 0 
1812 10 0 0 0 0 0 0 0 0 0 0 0 
1813 10 0 0 0 0 0 0 0 0 0 0 0 
1814 10 0 0 0 0 0 0 0 0 0 0 0 
1815 10 0 0 0 0 0 0 0 0 0 0 0 
1816 10 0 0 0 0 0 0 0 0 0 0 0 
1817 10 0 0 0 0 0 0 0 0 0 0 0 
1818 10 0 0 0 0 0 0 0 0 0 0 0 
1819 10 0 0 0 0 0 0 0 0 0 0 0 
1820 10 0 0 0 0 0 0 0 0 0 0 0 
1821 10 0 0 0 0 0 0 0 0 0 0 0 
1822 10 0 0 0 0 0 0 0 0 0 0 0 
1823 10 0 0 0 0 0 0 0 0 0 0 0 
1824 10 0 0 0 0 0 0 0 0 0 0 0 
1825 10 0 0 0 0 0 0 0 0 0 0 0 
1826 10 0 0 0 0 0 0 0 0 0 0 0 
1827 10 0 0 0 0 0 0 0 0 0 0 0 
1828 10 0 0 0 0 0 0 0 0 0 0 0 
1829 10 0 0 0 0 0 0 0 0 0 0 0 
1830 10 0 0 0 0 0 0 0 0 0 0 0 
1831 10 0 0 0 0 0 0 0 0 0 0 0 
1832 10 0 0 0 0 0 0 0 0 0 0 0 
1833 10 0 0 0 0 0 0 0 0 0 0 0 
1834 10 0 0 0 0 0 0 0 0 0 0 0 
1835 10 0 0 0 0 0 0 0 0 0 0 0 
1836 10 0 0 0 0 0 0 0 0 0 0 0 
1837 10 0 0 0 0 0 0 0 0 0 0 0 
1838 10 0 0 0 0 0 0 0 0 0 0 0 
1839 10 0 0 0 0 0 0 0 0 0 0 0 
1840 10 0 0 0 0 0 0 0 0 0 0 0 
1841 10 0 0 0 0 0 0 0 0 0 0 0 
1842 10 0 0 0 0 0 0 0 0 0 0 0 
1843 10 0 0 0 0 0 0 0 0 0 0 0 
1844 10 0 0 0 0 0 0 0 0 0 0 0 
1845 10 0 0 0 0 0 0 0 0 0 0 0 
1846 10 0 0 0 0 0 0 0 0 0 0 0 
1847 10 0 0 0 0 0 0 0 0 0 0 0 
1848 10 0 0 0 0 0 0 0 0 0 0 0 
1849 10 0 0 0 0 0 0 0 0 0 0 0 
1850 10 0 0 0 0 0 0 0 0 0 0 0 
1851 10 0 0 0 0 0 0 0 0 0 0 0 
1852 10 0 0 0 0 0 0 0 0 0 0 0 
1853 10 0 0 0 0 0 0 0 0 0 0 0 
1854 10 0 0 0 0 0 0 0 0 0 0 0 
1855 10 0 0 0 0 0 0 0 0 0 0 0 
1856 10 0 0 0 0 0 0 0 0 0 0 0 
1857 10 0 0 0 0 0 0 0 0 0 0 0 
1858 10 0 0 0 0 0 0 0 0 0 0 0 
1859 10 0 0 0 0 0 0 0 0 0 0 0 
1860 10 0 0 0 0 0 0 0 0 0 0 0 
1861 10 0 0 0 0 0 0 0 0 0 0 0 
1862 10 0 0 0 0 0 0 0 0 0 0 0 
1863 10 0 0 0 0 0 0 0 0 0 0 0 
1864 10 0 0 0 0 0 0 0 0 0 0 0 
1865 10 0 0 0 0 0 0 0 0 0 0 0 
1866 10 0 0 0 0 0 0 0 0 0 0 0 
1867 10 0 0 0 0 0 0 0 0 0 0 0 
1868 10 0 0 0 0 0 0 0 0 0 0 0 
1869 10 0 0 0 0 0 0 0 0 0 0 0 
1870 10 0 0 0 0 0 0 0 0 0 0 0 
1871 10 0 0 0 0 0 0 0 0 0 0 0 
1872 10 0 0 0 0 0 0 0 0 0 0 0 
1873 10 0 0 0 0 0 0 0 0 0 0 0 
1874 10 0 0 0 0 0 0 0 0 0 0 0 
1875 10 0 0 0 0 0 0 0 0 0 0 0 
1876 10 0 0 0 0 0 0 0 0 0 0 0 
1877 10 0 0 0 0 0 0 0 0 0 0 0 
1878 10 0 0 0 0 0 0 0 0 0 0 0 
1879 10 0 0 0 0 0 0 0 0 0 0 0 
1880 10 0 0 0 0 0 0 0 0 0 0 0 
1881 10 0 0 0 0 0 0 0 0 0 0 0 
1882 10 0 0 0 0 0 0 0 0 0 0 0 
1883 10 0 0 0 0 0 0 0 0 0 0 0 
1884 10 0 0 0 0 0 0 0 0 0 0 0 
1885 10 0 0 0 0 0 0 0 0 0 0 0 
1886 10 0 0 0 0 0 0 0 0 0 0 0 
1887 10 0 0 0 0 0 0 0 0 0 0 0 
1888 10 0 0 0 0 0 0 0 0 0 0 0 
1889 10 0 0 0 0 0 0 0 0 0 0 0 
1890 10 0 0 0 0 0 0 0 0 0 0 0 
1891 10 0 0 0 0 0 0 0 0 0 0 0 
1892 10 0 0 0 0 0 0 0 0 0 0 0 
1893 10 0 0 0 0 0 0 0 0 0 0 0 
1894 10 0 0 0 0 0 0 0 0 0 0 0 
1895 10 0 0 0 0 0 0 0 0 0 0 0 
1896 10 0 0 0 0 0 0 0 0 0 0 0 
1897 10 0 0 0 0 0 0 0 0 0 0 0 
1898 10 0 0 0 0 0 0 0 0 0 0 0 
1899 10 0 0 0 0 0 0 0 0 0 0 0 
1900 10 0 0 0 0 0 0 0 0 0 0 0 
1901 10 0 0 0 0 0 0 0 0 0 0 0 
1902 10 0 0 0 0 0 0 0 0 0 0 0 
1903 10 0 0 0 0 0 0 0 0 0 0 0 
1904 10 0 0 0 0 0 0 0 0 0 0 0 
1905 10 0 0 0 0 0 0 0 0 0 0 0 
1906 10 0 0 0 0 0 0 0 0 0 0 0 
1907 10 0 0 0 0 0 0 0 0 0 0 0 
1908 10 0 0 0 0 0 0 0 0 0 0 0 
1909 10 0 0 0 0 0 0 0 0 0 0 0 
1910 10 0 0 0 0 0 0 0 0 0 0 0 
1911 10 0 0 0 0 0 0 0 0 0 0 0 
1912 10 0 0 0 0 0 0 0 0 0 0 0 
1913 10 0 0 0 0 0 0 0 0 0 0 0 
1914 10 0 0 0 0 0 0 0 0 0 0 0 
1915 10 0 0 0 0 0 0 0 0 0 0 0 
1916 10 0 0 0 0 0 0 0 0 0 0 0 
1917 10 0 0 0 0 0 0 0 0 0 0 0 
1918 10 0 0 0 0 0 0 0 0 0 0 0 
1919 10 0 0 0 0 0 0 0 0 0 0 0 
1920 10 0 0 0 0 0 0 0 0 0 0 0 
1921 10 0 0 0 0 0 0 0 0 0 0 0 
1922 10 0 0 0 0 0 0 0 0 0 0 0 
1923 10 0 0 0 0 0 0 0 0 0 0 0 
1924 10 0 0 0 0 0 0 0 0 0 0 0 
1925 10 0 0 0 0 0 0 0 0 0 0 0 
1926 10 0 0 0 0 0 0 0 0 0 0 0 
1927 10 0 0 0 0 0 0 0 0 0 0 0 
1928 10 0 0 0 0 0 0 0 0 0 0 0 
1929 10 0 0 0 0 0 0 0 0 0 0 0 
1930 10 0 0 0 0 0 0 0 0 0 0 0 
1931 10 0 0 0 0 0 0 0 0 0 0 0 
1932 10 0 0 0 0 0 0 0 0 0 0 0 
1933 10 0 0 0 0 0 0 0 0 0 0 0 
1934 10 0 0 0 0 0 0 0 0 0 0 0 
1935 10 0 0 0 0 0 0 0 0 0 0 0 
1936 10 0 0 0 0 0 0 0 0 0 0 0 
1937 10 0 0 0 0 0 0 0 0 0 0 0 
1938 10 0 0 0 0 0 0 0 0 0 0 0 
1939 10 0 0 0 0 0 0 0 0 0 0 0 
1940 10 0 0 0 0 0 0 0 0 0 0 0 
1941 10 0 0 0 0 0 0 0 0 0 0 0 
1942 10 0 0 0 0 0 0 0 0 0 0 0 
1943 10 0 0 0 0 0 0 0 0 0 0 0 
1944 10 0 0 0 0 0 0 0 0 0 0 0 
1945 10 0 0 0 0 0 0 0 0 0 0 0 
1946 10 0 0 0 0 0 0 0 0 0 0 0 
1947 10 0 0 0 0 0 0 0 0 0 0 0 
1948 10 0 0 0 0 0 0 0 0 0 0 0 
1949 10 0 0 0 0 0 0 0 0 0 0 0 
1950 10 0 0 0 0 0 0 0 0 0 0 0 
1951 10 0 0 0 0 0 0 0 0 0 0 0 
1952 10 0 0 0 0 0 0 0 0 0 0 0 
1953 10 0 0 0 0 0 0 0 0 0 0 0 
1954 10 0 0 0 0 0 0 0 0 0 0 0 
1955 10 0 0 0 0 0 0 0 0 0 0 0 
1956 10 0 0 0 0 0 0 0 0 0 0 0 
1957 10 0 0 0 0 0 0 0 0 0 0 0 
1958 10 0 0 0 0 0 0 0 0 0 0 0 
1959 10 0 0 0 0 0 0 0 0 0 0 0 
1960 10 0 0 0 0 0 0 0 0 0 0 0 
1961 10 0 0 0 0 0 0 0 0 0 0 0 
1962 10 0 0 0 0 0 0 0 0 0 0 0 
1963 10 0 0 0 0 0 0 0 0 0 0 0 
1964 10 0 0 0 0 0 0 0 0 0 0 0 
1965 10 0 0 0 0 0 0 0 0 0 0 0 
1966 10 0 0 0 0 0 0 0 0 0 0 0 
1967 10 0 0 0 0 0 0 0 0 0 0 0 
1968 10 0 0 0 0 0 0 0 0 0 0 0 
1969 10 0 0 0 0 0 0 0 0 0 0 0 
1970 10 0 0 0 0 0 0 0 0 0 0 0 
1971 10 0 0 0 0 0 0 0 0 0 0 0 
1972 10 0 0 0 0 0 0 0 0 0 0 0 
1973 10 0 0 0 0 0 0 0 0 0 0 0 
1974 10 0 0 0 0 0 0 0 0 0 0 0 
1975 10 0 0 0 0 0 0 0 0 0 0 0 
1976 10 0 0 0 0 0 0 0 0 0 0 0 
1977 10 0 0 0 0 0 0 0 0 0 0 0 
1978 10 0 0 0 0 0 0 0 0 0 0 0 
1979 10 0 0 0 0 0 0 0 0 0 0 0 
1980 10 0 0 0 0 0 0 0 0 0 0 0 
1981 10 0 0 0 0 0 0 0 0 0 0 0 
1982 10 0 0 0 0 0 0 0 0 0 0 0 
1983 10 0 0 0 0 0 0 0 0 0 0 0 
1984 10 0 0 0 0 0 0 0 0 0 0 0 
1985 10 0 0 0 0 0 0 0 0 0 0 0 
1986 10 0 0 0 0 0 0 0 0 0 0 0 
1987 10 0 0 0 0 0 0 0 0 0 0 0 
1988 10 0 0 0 0 0 0 0 0 0 0 0 
1989 10 0 0 0 0 0 0 0 0 0 0 0 
1990 10 0 0 0 0 0 0 0 0 0 0 0 
1991 10 0 0 0 0 0 0 0 0 0 0 0 
1992 10 0 0 0 0 0 0 0 0 0 0 0 
1993 10 0 0 0 0 0 0 0 0 0 0 0 
1994 10 0 0 0 0 0 0 0 0 0 0 0 
1995 10 0 0 0 0 0 0 0 0 0 0 0 
1996 10 0 0 0 0 0 0 0 0 0 0 0 
1997 10 0 0 0 0 0 0 0 0 0 0 0 
1998 10 0 0 0 0 0 0 0 0 0 0 0 
1999 10 0 0 0 0 0 0 0 0 0 0 0 
2000 10 0 0 0 0 0 0 0 0 0 0 0 
2001 10 0 0 0 0 0 0 0 0 0 0 0 
2002 10 0 0 0 0 0 0 0 0 0 0 0 
2003 10 0 0 0 0 0 0 0 0 0 0 0 
2004 10 0 0 0 0 0 0 0 0 0 0 0 
2005 10 0 0 0 0 0 0 0 0 0 0 0 
2006 10 0 0 0 0 0 0 0 0 0 0 0 
2007 10 0 0 0 0 0 0 0 0 0 0 0 
2008 10 0 0 0 0 0 0 0 0 0 0 0 
2009 10 0 0 0 0 0 0 0 0 0 0 0 
2010 10 0 0 0 0 0 0 0 0 0 0 0 
2011 10 0 0 0 0 0 0 0 0 0 0 0 
2012 10 0 0 0 0 0 0 0 0 0 0 0 
2013 10 0 0 0 0 0 0 0 0 0 0 0 
2014 10 0 0 0 0 0 0 0 0 0 0 0 
2015 10 0 0 0 0 0 0 0 0 0 0 0 
2016 10 0 0 0 0 0 0 0 0 0 0 0 
2017 10 0 0 0 0 0 0 0 0 0 0 0 
2018 10 0 0 0 0 0 0 0 0 0 0 0 
2019 10 0 0 0 0 0 0 0 0 0 0 0 
2020 10 0 0 0 0 0 0 0 0 0 0 0 
2021 10 0 0 0 0 0 0 0 0 0 0 0 
2022 10 0 0 0 0 0 0 0 0 0 0 0 
2023 10 0 0 0 0 0 0 0 0 0 0 0 
2024 10 0 0 0 0 0 0 0 0 0 0 0 
2025 10 0 0 0 0 0 0 0 0 0 0 0 
2026 10 0 0 0 0 0 0 0 0 0 0 0 
2027 10 0 0 0 0 0 0 0 0 0 0 0 
2028 10 0 0 0 0 0 0 0 0 0 0 0 
2029 10 0 0 0 0 0 0 0 0 0 0 0 
2030 10 0 0 0 0 0 0 0 0 0 0 0 
2031 10 0 0 0 0 0 0 0 0 0 0 0 
2032 10 0 0 0 0 0 0 0 0 0 0 0 
2033 10 0 0 0 0 0 0 0 0 0 0 0 
2034 10 0 0 0 0 0 0 0 0 0 0 0 
2035 10 0 0 0 0 0 0 0 0 0 0 0 
2036 10 0 0 0 0 0 0 0 0 0 0 0 
2037 10 0 0 0 0 0 0 0 0 0 0 0 
2038 10 0 0 0 0 0 0 0 0 0 0 0 
2039 10 0 0 0 0 0 0 0 0 0 0 0 
2040 10 0 0 0 0 0 0 0 0 0 0 0 
2041 10 0 0 0 0 0 0 0 0 0 0 0 
2042 10 0 0 0 0 0 0 0 0 0 0 0 
2043 10 0 0 0 0 0 0 0 0 0 0 0 
2044 10 0 0 0 0 0 0 0 0 0 0 0 
2045 10 0 0 0 0 0 0 0 0 0 0 0 
2046 10 0 0 0 0 0 0 0 0 0 0 0 

0 4 1 2 bottle_2 0.00194426 3 -36 -103 264 -36 -103 186 -31 -103 168 
1 4 1 2 bottle_2 0.0179574 8 24 27 162 24 27 126 29 22 126 24 22 120 24 17 120 19 17 120 9 22 162 -1 22 186 
2 4 1 2 bottle_2 0.0909091 3 -21 -3 96 -21 2 294 19 -13 204 
3 4 1 2 bottle_2 0.193548 1 4 -3 168 
4 4 1 2 bottle_2 0.782609 3 -11 2 60 9 2 324 24 -3 126 
5 4 1 2 bottle_2 1 1 14 -8 204 
6 4 1 2 bottle_2 1 28 -21 2 288 -16 2 288 -1 2 186 4 17 162 -1 -3 324 -6 7 186 -1 7 162 14 -8 126 4 7 234 9 12 168 4 -3 216 19 -3 126 14 7 126 4 7 162 -11 -3 66 -6 2 66 9 2 204 9 -8 30 19 2 126 19 -8 126 9 7 168 14 -3 126 9 2 168 -1 7 186 4 -3 336 4 2 30 9 -8 234 14 -13 234 
7 4 1 2 bottle_2 1 1 -6 -8 186 
8 4 1 2 bottle_2 0.11215 2 39 -78 336 34 -78 336 
9 4 1 2 bottle_2 0.935065 12 39 -88 318 39 -88 324 39 -88 216 39 -88 162 39 -88 288 39 -83 66 39 -83 204 39 -83 318 39 -83 336 39 -88 96 39 -83 96 39 -93 66 
10 4 1 2 bottle_2 1 21 39 -93 336 29 -93 324 29 -93 318 39 -93 234 29 -93 264 39 -98 30 29 -98 318 39 -98 234 34 -98 324 34 -98 234 29 -98 264 39 -98 186 39 -103 60 39 -103 72 39 -103 120 34 -103 186 29 -103 336 39 -103 288 34 -103 216 34 -103 336 34 -103 234 
11 4 1 2 bottle_2 0.545455 1 39 -103 168 
12 4 1 2 bottle_2 0.130435 1 -36 -103 120 
13 4 1 2 bottle_2 0.0789474 4 34 -68 318 34 -68 294 39 -68 42 39 -68 186 
14 4 1 2 bottle_2 0.782609 3 -6 -3 264 -6 -13 234 4 -18 216 
15 4 1 2 bottle_2 0.991119 93 4 -23 318 -1 -13 42 4 -28 324 14 -33 234 19 -38 126 4 -28 30 9 -38 162 19 -43 120 4 -43 264 -1 -23 216 -1 -28 60 -16 -28 294 -6 -38 186 9 -48 30 -1 -28 216 -6 -33 60 19 -53 120 -1 -38 60 -1 -38 168 4 -53 336 -6 -53 186 9 -33 120 -6 -53 234 4 -63 336 -6 -43 168 9 -73 204 9 -78 324 9 -78 318 4 -68 336 -1 -68 234 -6 -48 168 -1 -53 168 9 -43 120 4 -78 324 -6 -48 162 -1 -63 324 4 -68 204 -1 -63 162 -16 -73 264 -1 -83 216 -16 -83 96 -21 -83 264 -26 -98 318 -26 -93 324 -16 -78 168 -21 -83 30 -26 -93 264 -21 -83 66 -26 -93 336 -26 -98 216 -16 -93 126 -31 -83 324 -26 -98 234 -21 -88 60 -21 -88 72 -26 -88 204 -21 -78 168 -21 -98 30 -31 -88 234 -21 -93 60 -31 -83 264 -31 -93 288 -26 -83 42 -31 -98 288 -21 -88 168 -26 -83 96 -36 -83 288 -31 -88 264 -21 -93 168 -31 -93 336 -26 -88 42 -26 -88 30 -36 -83 318 -21 -93 162 -31 -103 336 -26 -83 162 -21 -98 162 -36 -93 288 -26 -93 96 -26 -103 66 -26 -103 120 -36 -103 294 -36 -88 264 -36 -98 234 -31 -88 162 -36 -103 324 -36 -103 234 -31 -93 168 -31 -98 30 -31 -98 42 -36 -93 186 -31 -98 96 -36 -98 186 
16 4 0 
17 4 1 2 bottle_2 0.94382 14 4 -13 216 -1 -18 42 -31 -83 162 -31 -88 66 -36 -93 30 -11 -8 66 -21 -28 294 -31 -88 72 -31 -83 120 -26 -18 288 -21 -13 294 -16 -13 72 -16 -28 66 -16 -18 66 
18 4 1 2 bottle_2 0.962871 389 4 -53 186 9 -48 120 4 -48 186 9 -68 186 -1 -63 204 4 -68 30 14 -53 168 14 -58 162 -11 -68 162 9 -68 294 9 -63 30 4 -13 234 19 -73 162 -16 -78 72 4 -48 216 9 -73 294 4 -63 186 4 -63 60 -6 -73 42 4 -68 162 19 -68 96 -6 -73 264 19 -53 96 14 -28 324 9 -63 234 9 -53 324 -1 -63 264 -16 -63 204 9 -68 42 -1 -73 60 19 -73 96 -21 -78 294 39 -68 66 39 -68 60 19 -63 126 -1 -68 72 -11 -68 168 14 -23 216 24 -58 96 -6 -68 162 29 -73 294 34 -68 216 39 -68 126 -11 -68 264 39 -63 96 14 -43 162 39 -73 60 9 -73 234 9 -58 288 4 -68 288 29 -73 288 39 -68 96 -1 -78 42 -16 -83 66 9 -48 126 -11 -78 324 -16 -78 294 29 -68 66 14 -63 234 -6 -73 168 -11 -48 264 4 -68 168 34 -73 66 -16 -78 264 34 -78 216 4 -63 66 14 -53 204 34 -83 234 29 -68 234 9 -78 186 -11 -78 42 -11 -78 186 9 -78 96 -11 -48 168 -11 -83 72 14 -18 216 29 -68 216 14 -58 204 34 -88 234 -16 -78 216 -1 -73 162 -11 -18 30 39 -78 66 24 -73 72 29 -68 72 14 -68 162 9 -58 186 -1 -68 294 -21 -83 288 24 -53 120 29 -78 288 14 -63 30 -16 -78 318 -16 -83 288 -1 -78 30 -1 -78 60 -6 -78 96 29 -78 324 9 -73 336 -16 -83 336 4 -73 234 -11 -83 60 19 -58 162 39 -78 96 4 -68 66 4 -78 162 -1 -78 234 4 -78 288 39 -78 120 -21 -83 324 29 -73 72 9 -78 234 14 -23 126 -21 -83 336 14 -68 60 29 -58 96 29 -28 96 -1 -78 168 -6 -83 66 24 -28 186 -16 -98 60 19 -68 168 24 -68 216 19 -68 336 19 -48 186 19 -28 120 -1 -83 30 14 -78 66 14 -73 264 34 -73 120 19 -73 60 -1 -78 324 4 -88 126 -11 -83 294 -16 -78 204 19 -68 216 14 -63 60 24 -73 216 -16 -23 30 29 -88 288 -1 -63 186 -1 -43 186 24 -73 204 19 -83 96 -11 -88 72 -11 -28 168 9 -38 168 -6 -88 60 9 -78 60 -6 -88 126 14 -73 60 -26 -93 294 4 -93 42 -31 -103 324 19 -28 126 24 -38 96 -6 -78 216 -6 -78 168 -11 -78 264 19 -68 42 19 -73 336 -11 -83 186 -31 -103 234 24 -73 30 39 -98 72 -21 -88 288 -1 -68 288 19 -38 120 9 -58 168 14 -18 318 -1 -88 60 19 -68 264 -16 -88 318 29 -48 96 -16 -23 42 19 -73 120 -1 -83 66 -16 -98 120 24 -18 186 -21 -83 216 39 -88 126 -6 -98 60 -11 -28 288 -21 -103 60 -21 -103 42 9 -88 42 24 -73 288 34 -93 30 34 -78 72 -11 -93 42 -1 -83 72 4 -28 42 9 -23 336 14 -93 96 -26 -98 264 -26 -103 186 -1 -93 120 14 -58 324 4 -83 288 -16 -103 42 -16 -103 30 -11 -103 60 -6 -103 60 -11 -98 72 -6 -98 66 -11 -98 60 -11 -88 96 -1 -83 168 -1 -83 318 29 -63 120 -21 -103 30 -6 -103 30 -11 -103 120 4 -78 234 -11 -83 264 -11 -88 66 4 -93 60 -1 -93 96 29 -63 126 19 -53 162 4 -88 60 14 -73 42 24 -68 186 19 -103 126 34 -88 30 14 -63 42 14 -78 216 -11 -98 66 9 -18 318 14 -83 234 -6 -83 186 19 -78 66 24 -78 264 4 -83 72 -11 -98 30 19 -103 66 -6 -103 96 19 -103 72 -21 -88 264 4 -88 66 -16 -103 324 19 -88 72 -11 -98 294 -6 -103 42 4 -93 30 19 -33 120 19 -83 72 29 -33 96 9 -23 318 -6 -83 168 14 -78 30 4 -83 168 4 -83 234 -11 -88 336 9 -83 288 39 -103 126 9 -83 186 -11 -88 318 14 -78 204 34 -93 186 -1 -103 288 -1 -103 96 -11 -103 336 34 -83 60 -11 -103 96 19 -103 60 -6 -98 294 14 -98 234 -1 -98 288 -6 -98 288 14 -103 96 -11 -98 96 14 -103 204 14 -103 66 14 -93 66 14 -103 72 9 -103 318 -16 -93 204 -6 -88 264 4 -103 216 -16 -103 336 -1 -103 324 4 -103 168 14 -98 120 24 -78 336 4 -98 216 9 -98 336 4 -98 234 34 -93 42 -6 -88 162 14 -93 120 -1 -103 66 -1 -83 162 24 -58 204 -11 -103 204 14 -83 42 4 -103 204 9 -83 168 -6 -83 216 -11 -88 216 -16 -98 216 9 -83 216 -6 -103 288 24 -73 186 14 -83 60 -6 -103 318 9 -88 66 4 -93 72 19 -103 162 -11 -93 204 14 -98 72 -11 -98 168 34 -103 66 19 -73 30 -1 -98 162 -6 -103 336 -1 -98 216 -11 -93 324 9 -88 336 29 -78 66 9 -103 72 34 -78 96 -11 -98 204 -11 -103 318 9 -103 168 -1 -88 186 4 -93 162 4 -98 204 4 -98 30 4 -103 72 -11 -93 264 -1 -98 318 9 -88 264 -11 -98 324 4 -83 318 9 -83 324 34 -98 60 14 -88 168 29 -58 162 -11 -103 324 -21 -93 234 24 -103 30 24 -103 294 34 -83 72 14 -58 336 29 -103 234 9 -93 318 19 -93 42 4 -93 318 24 -78 66 19 -93 66 4 -93 234 -1 -23 60 9 -93 216 24 -103 288 34 -103 168 14 -103 336 34 -93 60 -6 -93 168 14 -53 216 -6 -98 336 9 -93 234 34 -88 60 24 -83 318 -1 -93 318 14 -103 318 24 -78 60 34 -88 66 -6 -23 66 -16 -3 294 9 -88 204 34 -98 72 24 -103 336 -1 -93 204 29 -103 126 14 -83 336 29 -103 60 29 -88 204 4 -93 324 24 -98 294 9 -93 186 19 -78 204 29 -103 162 29 -98 30 4 -13 264 34 -98 96 19 -83 66 14 -53 336 24 -83 336 
19 4 1 2 bottle_2 0.988864 74 24 -103 186 29 -103 96 19 -88 162 19 -88 66 -6 -88 336 34 -83 120 24 -78 96 19 -78 318 9 -18 30 -11 -83 126 19 -103 234 29 -98 42 14 -83 264 14 -78 288 -1 -8 234 24 -98 264 19 -98 186 19 -53 204 -11 -13 288 -1 -8 60 9 -13 30 14 -98 318 24 -88 288 -6 -88 120 24 -88 294 24 -93 294 24 -93 318 -11 -3 294 19 -83 60 24 -98 234 29 -83 168 29 -88 186 34 -88 126 29 -93 186 29 -98 60 24 -78 186 24 -98 204 29 -98 162 29 -83 60 14 -93 324 24 -93 336 -1 -13 234 24 -83 204 29 -93 42 24 -98 96 14 -83 294 19 -83 216 24 -83 66 -1 -18 234 24 -93 234 19 -98 234 29 -93 66 24 -98 60 24 -83 186 29 -88 60 29 -88 66 24 -93 204 29 -88 72 24 -88 204 29 -83 96 24 -88 96 19 -93 294 19 -93 324 24 -88 120 19 -93 336 29 -93 126 24 -83 168 19 -93 216 24 -88 72 19 -88 294 24 -88 186 19 -93 264 29 -88 126 24 -93 162 
20 4 0 
21 4 0 
22 4 1 2 bottle_2 0.137931 2 -1 -103 60 -1 -103 42 
23 4 1 2 bottle_2 0.0239044 1 -1 82 72 
24 4 1 2 bottle_2 0.893617 14 19 27 60 29 22 96 24 27 72 14 27 336 -1 22 162 14 22 168 24 27 66 14 32 264 29 27 204 34 17 126 24 32 162 -1 17 168 34 27 126 34 27 120 
25 4 1 2 bottle_2 0.0322581 1 39 27 120 
26 4 1 2 bottle_2 0.927641 1282 -11 82 318 -11 82 294 -21 17 318 9 17 264 14 17 60 14 17 66 9 82 72 -6 87 216 -16 82 318 19 17 60 4 17 264 14 17 30 -11 17 60 -6 17 60 -11 17 66 9 17 294 9 82 60 -1 87 234 -1 82 294 -26 17 294 -11 87 288 -1 82 288 -6 87 288 24 17 186 9 17 318 4 87 216 -1 87 162 4 87 126 4 82 324 19 12 42 9 17 324 24 17 66 -31 17 318 9 17 336 14 17 216 24 17 72 24 12 60 4 87 72 9 82 162 19 17 168 4 87 60 -11 87 204 -6 82 162 -1 17 336 19 12 30 19 82 126 -1 87 42 29 12 60 -21 17 72 4 82 294 -1 87 288 24 12 66 -16 17 162 -21 17 96 19 17 294 14 82 72 -6 77 66 -1 87 126 -21 17 60 9 82 30 9 87 72 -6 87 162 -1 87 318 -6 92 264 -16 87 324 -16 87 234 4 92 186 -11 52 216 9 77 60 4 87 30 14 82 168 19 12 66 9 87 60 -11 77 66 9 77 30 14 87 168 19 82 96 9 92 162 29 17 72 9 82 336 34 12 60 -36 17 294 -21 82 336 29 17 60 -11 92 294 -1 57 162 -36 17 336 -6 47 96 9 92 168 -6 47 66 14 77 60 -1 92 288 -11 57 168 -6 92 318 9 82 288 4 87 288 34 12 72 -6 72 288 -1 52 216 24 17 336 -6 57 318 19 12 324 -6 27 126 14 12 42 -26 17 60 -11 57 186 24 17 324 9 82 264 -26 17 72 -6 57 168 19 77 66 19 77 72 9 92 126 4 57 168 -11 57 162 -21 52 324 -16 27 30 -26 47 324 -1 57 318 -6 57 204 4 82 216 -6 52 234 -16 82 186 -6 87 96 -1 92 336 34 12 30 -1 57 120 -1 27 126 -11 52 96 -6 52 30 -16 52 30 24 82 126 -11 27 66 9 52 30 -11 52 72 -11 77 96 -1 47 96 -21 47 288 -31 17 30 -1 57 294 19 12 294 -16 47 204 -21 57 294 -16 47 336 -11 82 96 -1 47 30 29 12 318 -11 52 30 9 12 288 -16 92 234 -11 87 60 -11 52 336 -16 57 318 -21 57 288 -1 52 30 -16 52 288 -6 57 186 -21 52 186 -21 27 318 -6 47 162 -16 92 318 14 82 234 4 52 42 4 57 204 -1 97 204 -11 52 120 -16 47 126 34 12 216 -21 47 42 19 12 318 -26 52 318 14 57 126 -11 57 204 -1 52 72 24 12 288 4 52 30 4 92 96 14 12 30 -16 42 60 -16 27 294 -1 27 60 19 82 204 4 52 72 4 27 42 34 17 60 4 27 66 -16 42 66 -6 52 336 -31 17 162 34 12 126 -1 92 120 9 37 96 4 27 60 -1 52 120 4 57 66 -1 72 324 -6 22 234 14 57 168 29 12 294 9 52 336 4 92 336 4 47 96 -21 57 204 39 12 66 -21 47 264 19 87 72 -1 62 234 -16 27 72 4 27 126 14 27 60 4 82 204 34 12 120 -16 77 66 -6 52 288 -26 52 336 9 57 336 -16 37 126 -21 47 60 -26 27 318 39 12 162 39 12 60 -16 52 60 -26 87 294 -36 97 120 -26 57 294 -11 92 168 14 52 168 -6 97 234 9 57 294 -36 92 264 -16 12 168 24 77 66 14 52 96 9 37 168 -1 37 294 14 12 318 -1 37 264 -6 37 324 -1 37 234 29 17 288 14 62 126 9 87 294 -21 92 324 4 52 294 -36 92 120 29 12 96 -11 17 168 4 37 264 -21 37 60 -16 27 336 -36 97 66 14 82 324 -36 97 168 -31 97 96 -1 37 288 29 7 30 -21 22 162 -21 42 72 -11 92 162 9 62 204 19 77 96 -26 27 162 19 52 72 9 62 126 -16 82 168 4 52 96 4 92 72 -36 97 96 -1 37 318 -31 37 288 -6 37 120 -21 92 336 9 52 234 -31 92 186 -31 97 42 -36 102 72 -21 52 30 -1 57 72 -21 27 66 24 12 168 -6 62 288 -16 72 318 14 92 96 -36 102 96 -21 22 120 9 92 66 -31 87 216 -36 17 204 -36 102 264 -11 57 96 -36 102 294 -31 27 318 -36 87 60 9 37 186 9 27 126 -1 92 66 -36 87 336 -31 37 324 -21 82 30 24 52 120 -16 17 216 -21 42 162 -16 52 126 -11 87 96 -6 27 336 -36 27 294 -1 62 264 29 47 96 -31 92 318 -31 92 72 -1 62 168 24 22 324 -31 97 216 -26 27 168 -31 97 126 -31 37 294 -31 47 204 -26 77 336 -31 92 120 39 17 120 9 92 264 29 42 72 19 22 186 29 7 120 -26 77 288 24 82 186 4 97 168 -1 92 30 -36 52 72 -31 102 288 -36 52 216 34 42 72 -36 47 66 -1 92 72 -26 97 288 -26 92 216 -31 102 216 19 92 126 14 37 72 -31 52 288 14 77 96 -31 87 324 -26 52 186 -36 52 66 19 57 72 14 27 30 -26 37 162 -36 47 324 -36 42 204 -26 42 66 -31 102 66 -31 87 186 14 57 60 39 17 96 34 42 66 -26 42 60 -21 27 72 -31 37 72 -36 42 318 -36 47 60 4 37 66 34 7 60 4 97 162 -21 42 96 -26 12 60 -36 47 96 19 22 264 24 37 66 29 22 288 -36 42 42 9 47 336 29 52 168 -31 87 234 4 62 234 4 37 96 14 52 336 -31 102 42 39 12 288 19 22 294 19 22 324 39 12 336 -16 77 168 -26 42 204 -21 27 42 24 42 168 -6 57 60 14 72 162 -21 97 234 -31 82 318 9 47 324 -31 62 186 -31 62 324 -36 82 186 -26 52 42 -26 57 42 -36 77 186 -26 92 120 -36 62 318 -26 87 60 14 37 186 -31 82 264 -26 57 72 -6 92 96 -31 77 30 -31 22 60 -31 62 30 -26 67 60 -36 52 318 -31 82 294 -36 62 120 -26 62 234 -21 37 126 -31 72 168 -11 97 264 -26 67 120 -31 82 96 -31 57 318 -36 77 60 -26 37 60 -31 27 120 9 97 168 -36 62 324 -31 22 96 -11 57 72 -26 102 186 -26 87 186 -31 77 96 -31 77 186 -31 42 72 -26 97 294 -31 107 336 -26 77 204 -26 87 66 4 32 72 -31 42 120 14 62 186 -31 47 60 -31 77 72 -26 52 72 -31 32 66 -26 92 234 -16 107 42 -26 77 96 -16 107 30 -26 97 120 -31 67 216 -31 82 60 -26 57 30 -26 102 294 -36 77 324 -31 72 60 -26 37 96 -21 62 168 -36 42 294 39 17 60 -16 57 120 -31 37 264 -36 37 168 -36 37 186 -36 32 60 -11 67 42 -36 82 336 -36 77 336 9 22 216 -36 22 42 -36 72 72 29 47 204 39 42 72 -36 77 216 -36 82 216 39 22 60 9 92 336 -36 107 66 29 22 324 -36 37 162 -36 22 336 9 27 336 19 87 216 14 27 126 19 47 126 -36 42 72 14 37 234 34 42 264 -36 32 66 34 17 288 14 87 336 19 12 234 14 52 234 -36 42 96 24 42 72 29 7 96 39 17 204 4 72 234 9 92 60 24 47 318 4 37 204 -36 57 234 9 67 30 -36 57 60 34 22 60 -36 57 72 39 17 42 -31 107 60 29 42 42 -36 107 234 19 52 288 34 22 336 19 47 324 24 22 264 -31 107 66 19 47 318 -36 17 96 -21 57 66 14 27 42 -36 67 162 -31 22 66 9 27 324 -36 67 204 -36 37 204 -11 42 72 -36 107 162 34 22 30 -16 87 60 34 22 204 -36 57 216 -36 82 30 14 37 324 39 32 234 24 57 66 -1 107 294 39 107 294 -21 102 264 34 37 234 29 27 288 24 62 42 -21 72 324 39 47 336 34 47 216 -6 77 234 39 27 42 -31 82 126 24 52 60 39 32 264 34 32 294 29 62 72 34 32 264 34 22 216 -21 87 168 -11 77 162 29 77 96 14 107 318 34 7 72 -26 72 60 24 47 60 -21 107 96 34 107 294 14 107 120 29 47 264 39 32 60 39 22 66 -26 77 72 -21 97 168 34 52 96 -26 52 168 29 57 66 -31 72 126 34 47 204 39 37 162 29 52 126 39 47 318 -1 77 234 29 47 324 -26 82 168 -31 57 204 39 42 96 -6 72 66 -31 77 318 29 107 168 -31 57 126 -31 82 120 39 42 60 34 52 120 -16 72 60 39 47 30 34 42 234 -26 12 324 -31 57 120 24 77 120 -6 107 66 14 107 60 24 37 324 -31 77 324 29 47 186 39 47 216 39 42 264 -31 52 162 29 42 204 29 47 288 24 57 216 -16 47 234 -31 57 162 34 47 42 39 37 72 29 52 66 34 52 162 -1 107 96 -16 107 336 -26 32 96 34 37 60 -31 72 216 -36 62 126 -16 57 66 -31 72 234 -36 72 336 -36 57 204 19 92 186 -36 72 318 -36 32 120 -21 92 66 -36 27 60 -36 22 324 4 107 168 -36 72 66 -26 107 96 -36 32 96 -16 72 120 -31 67 96 -21 97 294 14 32 60 -21 102 126 29 37 60 -31 62 60 19 92 96 -36 77 42 -26 107 234 -31 52 234 -36 27 126 -21 72 60 -6 92 42 -31 22 186 -36 67 30 -21 87 126 -36 62 66 9 92 294 -21 72 120 -31 107 324 -26 107 126 -31 107 120 19 47 60 -36 22 120 -36 52 120 -16 57 72 -21 67 120 -36 32 30 9 32 30 -36 77 120 -16 57 60 -26 107 324 19 72 162 -31 107 318 -36 62 96 39 107 324 -16 62 234 -31 67 336 19 42 288 29 42 96 -16 72 126 -21 102 66 29 37 66 -21 12 30 34 42 168 9 77 336 24 22 234 4 27 318 4 107 42 19 52 204 -21 102 60 29 62 168 24 42 294 34 27 264 -21 82 168 -31 77 162 -21 107 204 24 52 66 19 57 216 -31 82 204 -26 32 126 -31 82 66 9 62 234 -31 67 294 -21 37 96 14 77 288 -26 77 126 -16 62 126 -11 32 264 19 87 42 -11 107 336 -11 107 72 29 37 72 -21 102 324 14 72 216 -26 72 318 -16 37 66 9 107 264 -11 72 60 -11 72 66 -26 42 294 -1 32 168 9 72 294 -1 107 288 -16 107 264 -11 102 72 -36 17 168 9 77 204 -1 77 204 -6 102 42 14 107 42 -16 107 72 -26 72 288 19 12 216 34 57 30 4 77 186 -31 22 294 -6 97 294 34 52 204 19 72 204 34 77 288 34 62 96 24 72 216 39 32 216 24 57 72 39 47 294 -21 92 204 29 27 324 29 67 336 34 37 204 24 62 288 39 52 66 39 62 72 19 57 60 29 72 204 -16 82 126 -16 72 168 29 67 204 24 62 318 24 107 324 34 67 96 39 27 66 24 107 186 34 77 168 24 107 30 29 62 336 24 57 324 24 107 66 -21 97 60 34 57 66 -16 92 168 -21 97 186 39 72 72 29 42 162 39 57 168 4 27 216 34 52 294 19 77 324 34 107 126 39 37 60 24 77 294 39 47 162 34 52 168 34 67 60 -21 82 66 4 32 336 34 32 318 29 67 60 19 77 264 34 77 294 34 77 42 -16 67 72 24 72 60 34 47 288 34 57 318 29 82 66 -21 97 318 34 67 324 19 47 30 34 37 96 34 62 42 -21 62 216 19 67 318 29 72 42 29 52 234 34 62 234 29 57 294 34 72 264 29 77 42 -16 87 126 34 57 60 4 107 60 39 52 168 14 107 66 -21 67 66 14 57 42 34 62 72 34 42 324 39 57 30 24 37 318 -1 102 288 -26 72 216 4 107 204 39 72 120 14 102 264 29 57 216 -6 102 60 24 37 30 39 47 60 -16 102 234 -1 102 234 -6 107 186 29 62 60 -16 107 66 -11 107 324 -11 102 96 19 107 42 34 62 186 19 42 324 -16 102 60 14 47 294 34 37 324 34 32 216 -16 107 318 9 107 294 19 42 336 9 102 294 39 32 96 39 77 30 -6 32 264 39 57 66 14 32 72 19 42 264 24 47 162 -21 67 30 39 67 96 9 102 60 -16 102 30 19 37 66 29 107 324 24 67 264 19 82 336 19 67 294 19 107 318 34 62 294 39 77 120 34 52 66 14 47 288 34 107 234 24 57 42 29 62 318 29 72 120 19 67 60 19 102 264 24 77 204 34 72 30 39 72 30 34 67 72 24 107 96 29 82 30 24 72 336 -6 77 186 14 77 186 34 67 336 34 67 120 29 82 42 -16 67 162 29 92 234 39 82 60 -16 77 186 39 57 60 29 7 72 14 47 126 9 72 60 34 72 96 29 67 96 39 52 72 39 72 66 14 37 264 29 102 324 34 62 30 14 42 324 34 82 294 24 57 60 29 82 216 24 87 60 -11 42 60 14 27 186 9 37 126 19 87 30 -1 32 204 19 37 288 34 32 168 19 102 72 -21 32 66 14 102 216 34 82 60 -16 77 288 24 32 324 24 102 288 14 102 96 34 67 216 29 82 60 14 102 66 9 67 60 -16 12 72 -11 67 60 -21 32 96 19 37 204 14 102 120 -16 97 162 -16 97 120 24 77 216 -16 97 60 29 62 162 24 27 336 14 102 42 -11 102 336 19 67 66 34 72 324 -31 22 234 -11 102 66 9 102 72 4 72 204 4 102 66 -11 102 60 9 102 288 34 32 186 -1 32 318 -6 102 324 -21 32 72 -11 102 324 24 102 168 -6 102 30 14 102 288 24 27 264 -1 102 30 34 102 168 19 102 42 34 102 66 39 57 120 34 102 216 -11 97 126 19 72 294 -6 62 324 34 102 162 34 72 294 34 102 186 24 77 264 14 72 66 29 102 318 39 102 60 24 102 66 29 102 60 19 72 336 24 72 294 -16 67 30 39 102 66 29 72 66 39 102 318 34 72 336 24 67 294 39 27 168 34 82 96 34 102 72 19 102 66 39 102 216 9 97 234 19 37 318 24 102 72 -1 32 288 34 67 288 34 62 60 29 32 234 -6 32 234 39 102 72 39 67 264 -11 37 216 -11 37 204 -6 77 162 9 32 294 39 82 318 24 67 66 24 67 72 -11 42 126 19 32 60 19 87 318 -16 37 264 -16 22 96 24 82 234 34 7 204 -11 37 318 29 97 216 34 87 234 -1 97 60 -1 32 72 -16 92 96 24 72 120 24 12 204 19 92 72 24 72 72 -6 97 120 -6 97 30 -31 22 324 39 97 288 19 92 234 -11 77 204 39 97 216 14 97 96 24 97 42 -16 92 120 -1 62 324 29 97 96 29 97 30 24 97 318 4 32 186 14 62 216 24 97 96 29 97 186 24 87 216 19 12 162 -26 22 216 19 102 234 -21 62 30 -26 67 318 19 102 216 -11 97 66 19 57 42 -26 37 204 9 27 204 24 102 234 24 102 294 -6 97 96 -16 72 234 39 97 324 -21 42 234 4 27 162 19 97 72 9 32 120 29 97 234 29 97 162 4 72 42 9 32 126 14 32 324 29 97 66 4 97 336 34 97 264 4 97 96 29 97 168 -16 12 60 29 102 234 34 97 66 -11 97 318 -1 97 72 24 32 234 -16 37 216 29 97 264 19 97 288 4 97 42 4 97 30 -11 62 294 24 32 216 24 97 264 19 42 60 -21 37 264 19 32 336 19 42 234 24 67 96 24 92 216 24 87 318 29 92 72 29 92 324 14 92 324 29 92 162 34 92 96 39 92 126 34 97 60 34 27 60 29 87 264 39 92 60 19 92 60 39 92 66 34 87 96 24 92 66 19 32 66 19 77 168 29 92 126 -1 37 60 -11 72 234 39 92 216 39 97 60 19 92 288 24 97 120 34 87 126 24 97 60 34 92 264 -16 22 186 24 62 72 14 97 30 29 87 60 39 87 204 9 67 336 -21 67 336 4 77 336 34 87 66 14 97 120 29 87 30 24 92 30 34 27 66 19 97 60 39 87 162 24 97 162 19 67 96 -26 62 318 24 32 60 19 97 234 -26 37 318 29 37 96 19 32 72 14 97 336 39 87 60 14 97 66 24 7 318 24 67 168 14 97 264 -21 27 216 9 27 168 29 32 66 -21 22 42 19 92 324 19 67 216 4 97 318 4 67 204 29 32 96 19 32 162 -16 37 42 19 37 96 19 22 42 -1 77 294 -11 32 66 19 77 120 19 42 66 -26 37 234 -6 32 66 24 32 66 9 67 294 -6 32 42 9 62 324 14 37 42 24 32 168 14 37 30 14 32 126 29 32 162 9 67 186 -11 32 204 24 32 72 -16 32 42 -11 37 234 -6 37 168 -1 67 216 14 7 264 -11 32 186 -11 32 120 -1 77 318 -16 37 30 -21 32 204 -16 32 318 -26 32 204 -21 32 162 29 32 120 -31 32 324 -6 32 162 14 12 186 -6 32 168 -26 22 318 -6 32 120 -11 32 168 19 32 96 9 62 96 -16 67 336 -11 42 204 4 67 294 -1 32 120 -21 32 336 4 42 234 19 37 120 19 12 186 -16 22 72 -6 22 264 -6 47 336 -16 32 126 -26 32 318 -1 77 336 9 67 96 -6 77 294 -16 32 288 -21 22 30 -16 42 216 -11 62 336 -26 32 294 -16 27 216 -11 22 96 4 42 186 -21 32 168 -26 12 288 14 62 60 -6 42 72 9 67 168 19 7 288 9 47 234 4 67 96 9 62 30 -1 67 336 -11 47 234 -11 67 204 14 47 186 -6 77 336 -6 67 204 -11 27 186 9 67 162 -21 42 324 -11 62 72 -21 42 318 -6 77 324 -6 42 96 -1 47 294 -1 67 120 -16 42 288 -1 22 288 -6 67 324 -1 47 324 -11 22 294 -11 22 66 19 7 324 -6 22 96 -6 67 288 -1 67 162 4 62 30 -16 42 318 14 47 162 -11 62 30 -1 22 294 -11 22 60 4 22 120 14 42 120 9 42 336 4 47 162 -6 47 288 -6 42 204 4 22 324 4 62 60 -6 27 186 4 22 126 -6 42 264 -1 22 96 19 7 216 -16 22 30 -1 22 318 4 42 168 -1 62 60 -6 22 324 4 47 234 14 42 66 14 42 72 -11 42 336 -11 22 42 -11 42 324 9 42 60 -1 42 324 14 7 318 9 42 120 4 42 162 4 47 186 -6 42 294 4 47 204 -1 42 66 
27 4 1 2 bottle_2 0.216867 3 4 22 72 -6 42 324 4 42 96 
28 4 1 2 bottle_2 0.142012 8 4 22 186 14 12 60 -1 17 294 9 17 66 14 12 162 -1 17 288 9 12 30 14 12 120 
29 4 1 2 bottle_2 0.979882 690 24 -63 30 -21 -68 72 -21 -63 72 -21 -73 96 -21 -68 96 -31 -68 324 -16 -48 120 24 -53 216 -31 -68 336 -31 -63 336 24 -48 30 29 -63 186 29 -58 60 -26 -63 60 -31 -58 336 29 -63 168 -26 -68 60 -21 -53 126 -31 -53 318 24 -63 318 29 -58 42 -26 -68 168 24 -63 336 -26 -78 66 -26 -68 72 -26 -78 168 -26 -63 66 -26 -73 66 -21 -48 66 -21 -48 60 -11 -3 204 -26 -63 162 29 -68 168 29 -53 168 -31 -68 204 -26 -43 336 -26 -73 126 -31 -53 336 -26 -68 162 -26 -68 126 -26 -63 42 -26 -78 96 -26 -73 96 29 -53 186 -26 -58 72 -26 -53 60 24 -8 126 -36 -73 318 -26 -78 30 -36 -68 318 -26 -53 30 -36 -68 294 19 -48 294 -11 -3 186 -26 -58 168 -26 -63 30 -36 -73 288 -16 -38 96 -31 -78 186 4 -8 162 14 -3 168 -26 -53 72 -36 -63 318 -31 -48 324 -26 -53 162 -16 2 204 24 -53 324 -36 -63 234 -31 -58 216 14 -38 294 34 -63 72 34 -63 168 -16 -8 204 -26 -38 336 -36 -58 318 34 -48 126 -36 -83 336 -36 -63 336 14 -13 162 24 -38 66 24 -38 30 -11 2 186 -21 2 216 34 -63 162 34 -63 60 19 -8 162 14 -33 288 34 -58 162 19 -13 126 24 -48 336 24 -13 120 -11 -8 186 34 -58 66 19 -43 318 29 -43 66 29 -48 30 19 -13 120 29 -43 60 34 -43 120 -31 -58 204 -31 -43 234 29 -43 216 -16 -8 216 34 -58 60 -31 -53 30 -16 -38 126 -26 -48 162 -36 -68 216 -31 -58 162 -1 -8 162 -31 -68 66 -26 -43 42 19 -43 324 34 -63 30 -31 -83 72 24 -38 42 -31 -78 72 -31 -58 66 -31 -73 60 -36 -68 204 29 -33 126 34 -48 162 14 -28 264 24 -28 162 -26 -48 126 29 -63 324 -31 -68 42 -26 -33 318 -21 -43 60 -31 -78 42 -6 -8 204 -31 -53 162 34 -58 30 29 -43 42 -31 -73 96 -6 17 336 24 -33 186 -31 -68 126 19 -38 294 -31 -68 120 29 -48 234 34 -48 168 34 -53 42 -26 -43 60 19 -33 288 -31 -68 96 24 -43 336 -36 -58 264 4 17 60 29 -38 168 -26 -43 66 -31 -38 336 -36 -43 294 4 17 72 39 -53 126 -31 -63 126 -1 -3 234 39 -63 72 19 -13 186 29 -8 96 29 -63 288 39 -63 66 29 -58 336 -31 -53 42 -31 -63 96 -16 -13 204 -36 -78 30 14 -18 186 19 -18 120 -21 -33 30 -31 -58 120 -11 2 216 -31 -8 234 34 -53 186 -16 7 204 -6 -13 72 -6 -3 162 -26 -28 324 -36 -43 264 -21 2 204 -1 17 72 14 -8 120 19 -28 294 -1 17 60 24 -28 216 -36 -73 168 -1 2 204 -11 17 294 14 2 120 34 -48 42 14 -13 336 24 -23 126 -36 -68 72 -36 -68 168 24 -43 294 -36 -68 96 -31 -53 204 -36 -83 66 34 -3 120 19 -38 318 34 -43 162 -31 -48 42 34 -8 120 -36 -78 42 -36 -63 72 24 -18 120 -1 17 66 39 -63 42 19 -8 168 -31 -58 96 19 -18 216 -6 17 264 -36 -58 162 34 -58 216 34 -63 318 9 -3 42 24 -28 204 39 -58 60 4 -3 60 -36 -83 96 29 -28 168 -21 -33 96 -11 -8 234 -16 -13 216 -36 -53 204 -11 12 204 -31 -38 288 4 12 216 -31 -43 66 -1 -13 162 -16 -33 126 -36 -53 30 -36 -58 120 19 -8 204 -26 -43 96 -36 -53 66 39 -63 264 24 -23 204 -26 -38 126 24 -28 234 24 -28 336 19 -33 318 34 -48 204 34 -58 318 -16 -38 66 -31 -43 72 -1 2 318 4 -8 204 -6 12 162 9 7 186 -26 -48 186 -26 -8 234 34 -43 168 19 -3 186 -31 2 234 34 -38 72 34 -58 264 -11 12 186 -21 -28 30 39 -43 96 4 7 318 -36 -53 120 -16 -38 72 9 -18 264 -31 -28 264 -1 17 120 -21 -33 42 24 -33 264 39 -53 42 -1 7 204 34 -53 324 -6 -3 30 9 7 30 19 -38 324 -36 -48 60 -36 -48 72 14 2 186 -36 -48 204 9 2 42 34 -53 318 -1 7 60 24 -23 216 -11 17 264 19 -28 264 14 -13 30 39 -48 30 29 -28 186 19 -28 324 39 -48 66 9 -13 264 -31 -48 204 -11 7 216 -31 -33 318 -16 2 264 29 -23 126 -31 -28 336 -26 -38 66 39 -53 234 39 -53 288 39 -38 96 -31 -43 126 -36 -33 294 -36 -43 186 34 2 120 -26 -23 42 24 -3 204 -36 -43 204 -6 -8 30 -1 12 336 -31 -43 186 24 -28 30 39 -48 318 -11 12 168 -26 -28 60 34 -48 264 9 -3 294 39 -43 60 -36 -38 186 -36 -43 168 -36 -48 216 34 -38 30 24 -8 216 24 -18 96 -31 -13 318 29 2 96 29 -43 294 -36 -38 318 -26 -28 96 29 -23 96 -16 7 186 -31 -18 288 -36 -38 120 19 2 318 -31 -33 204 -21 2 234 -26 -38 168 24 -38 318 -31 -38 120 -36 -38 72 -36 -38 204 34 -43 324 39 -43 216 -21 -3 324 34 -43 294 39 -8 96 19 -3 288 24 -38 324 19 -18 318 -21 -38 60 -31 -3 216 -36 -38 96 39 -43 264 -26 -18 318 39 -38 60 -6 -8 324 -1 7 66 -21 -23 60 -26 -28 66 -21 -28 186 -26 -18 60 -11 12 216 -31 -23 72 39 -33 96 14 -18 294 29 -38 324 39 -38 66 -16 -3 30 -36 -33 168 -26 -13 96 -31 -33 42 -26 -28 234 -31 -33 120 24 -28 264 9 7 120 -1 12 318 4 2 66 -36 -28 162 -36 -28 66 4 12 30 29 -38 294 29 -33 324 -11 -8 168 -16 -3 60 29 -28 234 -16 -18 216 -36 -28 42 -16 -3 318 29 -13 186 -16 -33 42 -36 -28 96 -21 -23 336 -16 -8 30 34 -38 186 29 -23 204 29 -28 318 34 -28 204 14 -18 288 39 -38 168 24 -3 336 24 -8 324 -31 -18 60 29 -28 324 -36 -18 72 34 -28 66 -36 -18 66 -26 -28 204 -6 12 336 -36 -28 234 -36 -18 336 34 -33 234 19 -8 294 34 -28 30 14 -13 288 -31 -18 120 24 -18 234 -16 -28 126 24 -18 294 4 12 42 39 -33 324 -31 2 264 24 2 216 24 -3 234 -31 -18 126 -36 -18 126 -36 -13 96 24 2 168 -36 -18 42 -26 -33 72 39 -33 294 -26 -23 216 39 -28 162 39 7 60 -36 -8 60 -16 2 96 39 -18 96 -36 -23 234 39 7 72 19 2 324 39 -23 66 -31 -13 336 29 -3 324 -26 2 324 19 2 288 -36 -8 120 19 -13 318 -16 -13 234 4 -13 294 9 -18 288 34 -28 288 39 2 72 34 -33 186 39 -18 66 4 -3 126 -6 12 318 -36 -8 42 29 -3 204 -16 -8 318 -31 -13 60 -36 -3 60 39 2 60 34 -13 162 39 -23 96 -36 -13 318 34 -23 234 -36 -8 126 39 -13 30 -36 -8 186 39 -28 324 34 -23 30 -21 -28 60 -16 2 60 -31 -8 96 39 -3 60 -21 12 264 34 -28 336 29 -23 234 -21 2 30 34 -23 66 29 -3 264 -21 -28 168 29 -18 204 -26 2 96 9 2 96 39 -3 30 39 -23 186 39 -18 120 39 -3 162 -1 12 60 4 -8 126 39 -13 60 -26 -8 288 39 -18 234 39 -8 126 -36 -3 96 -31 -8 60 9 -3 96 29 -8 162 -31 -23 42 29 7 318 29 -3 186 -21 -18 60 24 -13 294 14 -3 96 9 12 42 39 7 336 34 7 288 39 2 216 -11 7 60 -6 12 30 39 2 204 -31 2 66 14 -8 96 -26 -8 336 -36 2 60 24 -3 318 -21 -3 42 -36 -3 30 29 -23 288 -26 -23 234 -21 -3 72 9 -8 96 39 -13 204 -31 2 60 29 7 288 4 -3 288 -36 2 42 -36 -23 264 39 -3 186 4 -8 96 34 -3 324 39 -3 234 -11 7 336 34 -18 216 29 7 264 19 -18 72 -26 -8 294 34 7 168 -26 2 60 -31 2 72 29 -18 318 39 -8 216 4 12 60 24 -8 168 39 -3 294 34 -8 294 39 -13 264 39 -18 336 29 -13 264 39 -8 186 -11 -3 318 34 -8 288 29 -18 234 -21 -13 30 -6 12 42 34 -3 66 -11 -13 336 -26 -8 126 4 12 66 29 -13 72 -6 12 60 39 -8 336 34 -13 336 34 -8 168 -11 7 324 29 7 294 -31 -3 42 -36 2 204 -31 -8 42 -6 12 66 -11 12 318 -31 -8 288 9 12 96 29 -3 72 9 7 60 -11 -13 162 14 -3 42 -36 12 30 -26 -3 42 19 -18 60 9 12 66 4 7 288 -21 -18 120 -11 7 162 -31 12 126 -31 7 204 -21 -3 336 29 -13 66 19 -18 264 -31 -13 186 24 -13 72 -21 -23 186 9 12 72 -11 -18 96 -26 -8 186 -21 -8 336 -31 -23 30 -36 7 234 24 -8 72 29 -18 60 -16 -8 42 -26 -8 42 -21 2 72 -36 12 216 4 12 72 29 -3 234 24 -18 30 -36 12 186 -21 -13 336 -36 12 72 29 -3 66 -21 12 234 -36 12 204 -26 -3 72 -31 12 30 -31 2 294 -11 -23 120 -31 7 324 -31 -3 168 -26 -18 186 14 -13 264 -36 12 288 14 -8 60 4 -8 72 14 -3 60 -21 -8 30 29 2 66 -26 -13 186 4 -8 120 14 -3 66 -36 7 324 -31 2 186 -21 7 30 19 -13 66 19 -3 72 14 7 72 19 -13 60 19 -13 30 24 2 72 29 -8 60 -26 12 72 -26 12 96 -31 -8 30 -26 12 120 -26 7 60 -21 -23 168 -26 7 66 29 2 60 -1 12 120 -21 -8 66 -11 12 72 19 2 264 29 -13 30 -31 7 186 -31 12 186 19 7 72 -31 -13 294 -6 -18 120 -16 7 324 -21 -8 126 -36 12 318 24 -8 60 -31 7 30 -1 12 96 -26 -18 162 -31 7 294 -1 -3 126 -31 12 294 -16 2 120 29 2 42 -1 -3 120 29 -8 42 -1 -13 120 29 -3 42 -21 7 60 -6 12 120 -6 -13 120 19 2 42 -26 2 162 -16 -18 162 -21 -3 168 -26 7 162 -16 -13 126 -16 -8 126 -21 -13 168 -16 7 162 -11 2 120 -11 12 126 -16 7 120 -11 -3 126 -16 7 126 
30 4 1 2 bottle_2 0.107143 2 -21 7 162 -21 -3 162 
31 4 1 2 bottle_2 1 26 -21 -8 72 34 -53 30 -26 -13 30 29 -53 30 39 -13 126 39 -48 96 34 -13 120 -26 -18 42 -26 7 42 39 -63 60 29 -38 42 29 -23 72 29 -13 204 19 2 336 -31 7 42 -36 7 336 39 -23 72 -26 -33 162 -31 -13 72 39 2 66 34 -18 72 -31 7 336 24 2 336 -21 -18 42 -26 -13 66 -31 2 336 
32 4 1 2 bottle_2 1 2 29 -13 120 24 -33 216 
33 4 0 
34 4 1 2 bottle_2 0.980725 212 9 -13 162 14 -18 162 9 -18 42 9 -18 186 -6 -13 294 4 -18 186 -1 -18 324 -1 -18 318 9 -13 72 19 -23 96 9 -23 288 19 -23 66 -6 -18 336 14 -23 42 -1 -23 324 19 -23 72 19 -28 168 -6 -23 162 9 -28 294 4 -23 162 -11 -18 336 14 -23 60 19 -28 96 -11 -18 318 14 -23 66 -1 -23 168 14 -23 72 -16 -23 234 4 -23 60 9 -28 186 -6 -23 294 -16 -28 186 -1 -28 186 14 -38 204 -16 -23 324 -11 -28 204 9 -38 234 -6 -23 96 9 -38 318 -16 -33 60 19 -38 186 4 -28 288 4 -28 168 -11 -23 336 -11 -28 30 -1 -28 168 19 -43 204 -11 -33 72 9 -38 216 -6 -33 234 9 -33 288 -16 -28 234 14 -43 318 -1 -23 120 4 -38 234 -16 -33 186 14 -38 288 -1 -28 294 4 -33 186 -1 -33 324 9 -38 264 14 -43 234 -6 -28 216 19 -38 168 19 -38 30 -1 -28 72 9 -43 234 19 -33 72 4 -28 126 -11 -33 234 14 -38 264 -11 -33 264 4 -33 168 14 -38 168 -6 -38 60 -11 -33 30 14 -33 60 -6 -33 42 -1 -33 288 -11 -28 324 4 -38 42 14 -33 66 -21 -38 288 -6 -28 126 -16 -38 204 14 -33 72 -6 -33 294 4 -43 30 24 -48 186 -6 -33 324 14 -43 186 -16 -33 324 24 -43 72 4 -33 66 -6 -33 318 -11 -33 120 -16 -38 264 24 -43 60 -21 -38 324 4 -38 294 -16 -38 216 -16 -38 42 -11 -33 336 -21 -43 294 -21 -43 204 -1 -43 60 -16 -43 186 4 -33 72 4 -48 30 19 -43 42 19 -43 66 -1 -43 42 19 -43 72 9 -48 294 -21 -43 324 14 -43 60 -11 -43 30 9 -38 72 -6 -43 30 -16 -43 42 4 -43 60 9 -48 42 14 -43 66 -1 -48 336 -16 -48 294 -11 -48 72 -16 -38 336 -1 -48 60 14 -43 72 -16 -43 318 4 -38 72 -21 -43 234 -1 -43 72 19 -63 204 9 -43 66 -6 -43 318 24 -53 72 -1 -48 66 -16 -48 168 -11 -53 288 -16 -48 216 -16 -48 30 -16 -53 72 -26 -48 234 -6 -53 60 14 -58 294 -11 -43 336 -11 -53 60 4 -53 42 -6 -48 30 -11 -48 30 19 -63 324 24 -53 42 -21 -53 204 9 -48 60 -16 -53 96 -1 -53 162 -16 -48 318 19 -53 60 -1 -43 96 -6 -53 72 9 -63 216 -1 -58 234 -21 -53 30 24 -58 72 24 -58 66 -11 -58 288 -1 -53 66 -6 -58 234 9 -48 96 -16 -58 288 -16 -53 30 -11 -58 60 29 -63 72 24 -58 42 9 -53 60 -1 -58 324 -6 -58 168 -6 -58 288 -16 -48 336 -16 -53 162 -16 -53 234 -16 -53 318 4 -48 72 19 -63 264 -1 -58 30 -26 -58 294 9 -53 66 19 -58 72 -1 -53 72 4 -53 66 -6 -48 126 14 -58 60 -6 -63 234 -1 -48 120 9 -53 96 -16 -63 288 -16 -58 30 9 -53 72 -6 -63 264 -6 -58 42 14 -68 288 9 -58 60 24 -63 42 -11 -53 336 -6 -58 294 -21 -63 294 -6 -63 162 -11 -58 42 -11 -53 120 14 -58 72 -16 -63 96 
35 4 1 2 bottle_2 1 75 -11 -63 72 4 -58 126 4 -53 72 24 -68 72 -26 -63 294 -21 -58 162 -1 -53 96 19 -63 72 -1 -58 72 -26 -63 264 -11 -63 162 14 -63 96 -11 -68 288 -21 -63 318 -6 -53 126 -31 -63 288 -6 -68 60 9 -58 96 -16 -68 66 -16 -68 72 -6 -63 42 -16 -63 30 -11 -68 60 -26 -63 336 4 -58 120 -1 -68 60 -11 -63 42 4 -58 72 -21 -68 66 -16 -63 162 -11 -58 126 -21 -68 60 -1 -58 96 -1 -63 72 -16 -63 126 -11 -68 234 -21 -63 162 -21 -68 30 -21 -63 336 -6 -58 120 -31 -68 294 14 -68 66 -6 -58 126 -31 -68 288 -11 -73 66 -1 -58 120 -16 -73 294 -16 -68 30 -26 -73 204 14 -68 72 -16 -73 60 -6 -68 324 -11 -73 72 -16 -68 42 -21 -73 60 -21 -73 318 -21 -68 162 -16 -68 324 9 -68 72 -11 -68 324 -21 -73 264 9 -68 96 -21 -73 324 4 -68 120 -6 -68 96 -11 -73 42 4 -68 72 -21 -78 42 -16 -73 42 -11 -68 120 -16 -73 120 -1 -68 96 -21 -73 162 -6 -73 96 -1 -73 126 
36 4 1 2 bottle_2 0.0397351 1 4 -73 96 
37 4 1 2 bottle_2 0.0944882 4 -1 -73 96 -36 -88 126 -36 -88 66 -36 -88 96 
38 4 1 2 bottle_2 0.026393 15 4 82 186 -6 77 216 -11 72 318 4 72 72 -1 67 42 -11 72 324 -6 67 42 -1 77 168 -1 77 120 -1 67 72 -6 82 234 4 77 96 -1 72 60 -1 72 72 -1 77 60 
