10 41 4
0 0 -1 117 2 37 -1 -1 -1 -1 -1 2 102 
1 1 0 0 0 0 0 0 0 0 0 0 0 
2 1 -1 191 2 11 -1 -1 -1 -1 -1 1 12972 
3 2 0 0 0 0 0 0 0 0 0 0 0 
4 2 0 0 0 0 0 0 0 0 0 0 0 
5 2 -1 22 2 20 -1 -1 -1 -1 -1 2 2288 
6 2 40 0 0 0 0 0 0 0 0 0 0 
7 3 0 0 0 0 0 0 0 0 0 0 0 
8 3 0 0 0 0 0 0 0 0 0 0 0 
9 3 0 0 0 0 0 0 0 0 0 0 0 
10 3 0 0 0 0 0 0 0 0 0 0 0 
11 3 -1 68 4 10 -1 -1 -1 -1 -1 0 11671 
12 3 -1 163 3 11 -1 -1 -1 -1 -1 2 -53 
13 3 0 0 0 0 0 0 0 0 0 0 0 
14 3 0 0 0 0 0 0 0 0 0 0 0 
15 4 0 0 0 0 0 0 0 0 0 0 0 
16 4 0 0 0 0 0 0 0 0 0 0 0 
17 4 0 0 0 0 0 0 0 0 0 0 0 
18 4 0 0 0 0 0 0 0 0 0 0 0 
19 4 0 0 0 0 0 0 0 0 0 0 0 
20 4 0 0 0 0 0 0 0 0 0 0 0 
21 4 0 0 0 0 0 0 0 0 0 0 0 
22 4 0 0 0 0 0 0 0 0 0 0 0 
23 4 1 0 0 0 0 0 0 0 0 0 0 
24 4 -1 245 4 20 -1 -1 -1 -1 -1 3 359 
25 4 23 0 0 0 0 0 0 0 0 0 0 
26 4 -1 171 4 32 -1 -1 -1 -1 -1 1 6969 
27 4 0 0 0 0 0 0 0 0 0 0 0 
28 4 0 0 0 0 0 0 0 0 0 0 0 
29 4 0 0 0 0 0 0 0 0 0 0 0 
30 4 0 0 0 0 0 0 0 0 0 0 0 
31 5 0 0 0 0 0 0 0 0 0 0 0 
32 5 0 0 0 0 0 0 0 0 0 0 0 
33 5 0 0 0 0 0 0 0 0 0 0 0 
34 5 0 0 0 0 0 0 0 0 0 0 0 
35 5 0 0 0 0 0 0 0 0 0 0 0 
36 5 0 0 0 0 0 0 0 0 0 0 0 
37 5 0 0 0 0 0 0 0 0 0 0 0 
38 5 0 0 0 0 0 0 0 0 0 0 0 
39 5 0 0 0 0 0 0 0 0 0 0 0 
40 5 0 0 0 0 0 0 0 0 0 0 0 
41 5 0 0 0 0 0 0 0 0 0 0 0 
42 5 0 0 0 0 0 0 0 0 0 0 0 
43 5 0 0 0 0 0 0 0 0 0 0 0 
44 5 0 0 0 0 0 0 0 0 0 0 0 
45 5 0 0 0 0 0 0 0 0 0 0 0 
46 5 0 0 0 0 0 0 0 0 0 0 0 
47 5 0 0 0 0 0 0 0 0 0 0 0 
48 5 0 0 0 0 0 0 0 0 0 0 0 
49 5 -1 312 4 25 -1 -1 -1 -1 -1 2 8173 
50 5 -1 256 4 31 -1 -1 -1 -1 -1 2 9227 
51 5 0 0 0 0 0 0 0 0 0 0 0 
52 5 0 0 0 0 0 0 0 0 0 0 0 
53 5 -1 300 4 22 -1 -1 -1 -1 -1 0 5160 
54 5 -1 247 1 32 -1 -1 -1 -1 -1 3 8 
55 5 0 0 0 0 0 0 0 0 0 0 0 
56 5 0 0 0 0 0 0 0 0 0 0 0 
57 5 0 0 0 0 0 0 0 0 0 0 0 
58 5 0 0 0 0 0 0 0 0 0 0 0 
59 5 0 0 0 0 0 0 0 0 0 0 0 
60 5 0 0 0 0 0 0 0 0 0 0 0 
61 5 0 0 0 0 0 0 0 0 0 0 0 
62 5 0 0 0 0 0 0 0 0 0 0 0 
63 6 0 0 0 0 0 0 0 0 0 0 0 
64 6 0 0 0 0 0 0 0 0 0 0 0 
65 6 0 0 0 0 0 0 0 0 0 0 0 
66 6 0 0 0 0 0 0 0 0 0 0 0 
67 6 0 0 0 0 0 0 0 0 0 0 0 
68 6 0 0 0 0 0 0 0 0 0 0 0 
69 6 0 0 0 0 0 0 0 0 0 0 0 
70 6 0 0 0 0 0 0 0 0 0 0 0 
71 6 0 0 0 0 0 0 0 0 0 0 0 
72 6 0 0 0 0 0 0 0 0 0 0 0 
73 6 0 0 0 0 0 0 0 0 0 0 0 
74 6 0 0 0 0 0 0 0 0 0 0 0 
75 6 0 0 0 0 0 0 0 0 0 0 0 
76 6 0 0 0 0 0 0 0 0 0 0 0 
77 6 0 0 0 0 0 0 0 0 0 0 0 
78 6 0 0 0 0 0 0 0 0 0 0 0 
79 6 0 0 0 0 0 0 0 0 0 0 0 
80 6 0 0 0 0 0 0 0 0 0 0 0 
81 6 0 0 0 0 0 0 0 0 0 0 0 
82 6 0 0 0 0 0 0 0 0 0 0 0 
83 6 0 0 0 0 0 0 0 0 0 0 0 
84 6 0 0 0 0 0 0 0 0 0 0 0 
85 6 0 0 0 0 0 0 0 0 0 0 0 
86 6 0 0 0 0 0 0 0 0 0 0 0 
87 6 0 0 0 0 0 0 0 0 0 0 0 
88 6 0 0 0 0 0 0 0 0 0 0 0 
89 6 0 0 0 0 0 0 0 0 0 0 0 
90 6 0 0 0 0 0 0 0 0 0 0 0 
91 6 0 0 0 0 0 0 0 0 0 0 0 
92 6 0 0 0 0 0 0 0 0 0 0 0 
93 6 0 0 0 0 0 0 0 0 0 0 0 
94 6 0 0 0 0 0 0 0 0 0 0 0 
95 6 0 0 0 0 0 0 0 0 0 0 0 
96 6 0 0 0 0 0 0 0 0 0 0 0 
97 6 0 0 0 0 0 0 0 0 0 0 0 
98 6 0 0 0 0 0 0 0 0 0 0 0 
99 6 2 0 0 0 0 0 0 0 0 0 0 
100 6 -1 212 4 25 -1 -1 -1 -1 -1 0 8509 
101 6 -1 331 3 21 -1 -1 -1 -1 -1 1 14 
102 6 22 0 0 0 0 0 0 0 0 0 0 
103 6 0 0 0 0 0 0 0 0 0 0 0 
104 6 0 0 0 0 0 0 0 0 0 0 0 
105 6 0 0 0 0 0 0 0 0 0 0 0 
106 6 0 0 0 0 0 0 0 0 0 0 0 
107 6 -1 352 2 24 -1 -1 -1 -1 -1 2 1266 
108 6 -1 305 4 10 -1 -1 -1 -1 -1 3 4032 
109 6 38 0 0 0 0 0 0 0 0 0 0 
110 6 39 0 0 0 0 0 0 0 0 0 0 
111 6 0 0 0 0 0 0 0 0 0 0 0 
112 6 0 0 0 0 0 0 0 0 0 0 0 
113 6 0 0 0 0 0 0 0 0 0 0 0 
114 6 0 0 0 0 0 0 0 0 0 0 0 
115 6 0 0 0 0 0 0 0 0 0 0 0 
116 6 0 0 0 0 0 0 0 0 0 0 0 
117 6 0 0 0 0 0 0 0 0 0 0 0 
118 6 0 0 0 0 0 0 0 0 0 0 0 
119 6 0 0 0 0 0 0 0 0 0 0 0 
120 6 0 0 0 0 0 0 0 0 0 0 0 
121 6 0 0 0 0 0 0 0 0 0 0 0 
122 6 0 0 0 0 0 0 0 0 0 0 0 
123 6 0 0 0 0 0 0 0 0 0 0 0 
124 6 0 0 0 0 0 0 0 0 0 0 0 
125 6 0 0 0 0 0 0 0 0 0 0 0 
126 6 0 0 0 0 0 0 0 0 0 0 0 
127 7 0 0 0 0 0 0 0 0 0 0 0 
128 7 0 0 0 0 0 0 0 0 0 0 0 
129 7 0 0 0 0 0 0 0 0 0 0 0 
130 7 0 0 0 0 0 0 0 0 0 0 0 
131 7 0 0 0 0 0 0 0 0 0 0 0 
132 7 0 0 0 0 0 0 0 0 0 0 0 
133 7 0 0 0 0 0 0 0 0 0 0 0 
134 7 0 0 0 0 0 0 0 0 0 0 0 
135 7 0 0 0 0 0 0 0 0 0 0 0 
136 7 0 0 0 0 0 0 0 0 0 0 0 
137 7 0 0 0 0 0 0 0 0 0 0 0 
138 7 0 0 0 0 0 0 0 0 0 0 0 
139 7 0 0 0 0 0 0 0 0 0 0 0 
140 7 0 0 0 0 0 0 0 0 0 0 0 
141 7 0 0 0 0 0 0 0 0 0 0 0 
142 7 0 0 0 0 0 0 0 0 0 0 0 
143 7 0 0 0 0 0 0 0 0 0 0 0 
144 7 0 0 0 0 0 0 0 0 0 0 0 
145 7 0 0 0 0 0 0 0 0 0 0 0 
146 7 0 0 0 0 0 0 0 0 0 0 0 
147 7 0 0 0 0 0 0 0 0 0 0 0 
148 7 0 0 0 0 0 0 0 0 0 0 0 
149 7 0 0 0 0 0 0 0 0 0 0 0 
150 7 0 0 0 0 0 0 0 0 0 0 0 
151 7 0 0 0 0 0 0 0 0 0 0 0 
152 7 0 0 0 0 0 0 0 0 0 0 0 
153 7 0 0 0 0 0 0 0 0 0 0 0 
154 7 0 0 0 0 0 0 0 0 0 0 0 
155 7 0 0 0 0 0 0 0 0 0 0 0 
156 7 0 0 0 0 0 0 0 0 0 0 0 
157 7 0 0 0 0 0 0 0 0 0 0 0 
158 7 0 0 0 0 0 0 0 0 0 0 0 
159 7 0 0 0 0 0 0 0 0 0 0 0 
160 7 0 0 0 0 0 0 0 0 0 0 0 
161 7 0 0 0 0 0 0 0 0 0 0 0 
162 7 0 0 0 0 0 0 0 0 0 0 0 
163 7 0 0 0 0 0 0 0 0 0 0 0 
164 7 0 0 0 0 0 0 0 0 0 0 0 
165 7 0 0 0 0 0 0 0 0 0 0 0 
166 7 0 0 0 0 0 0 0 0 0 0 0 
167 7 0 0 0 0 0 0 0 0 0 0 0 
168 7 0 0 0 0 0 0 0 0 0 0 0 
169 7 0 0 0 0 0 0 0 0 0 0 0 
170 7 0 0 0 0 0 0 0 0 0 0 0 
171 7 0 0 0 0 0 0 0 0 0 0 0 
172 7 0 0 0 0 0 0 0 0 0 0 0 
173 7 0 0 0 0 0 0 0 0 0 0 0 
174 7 0 0 0 0 0 0 0 0 0 0 0 
175 7 0 0 0 0 0 0 0 0 0 0 0 
176 7 0 0 0 0 0 0 0 0 0 0 0 
177 7 0 0 0 0 0 0 0 0 0 0 0 
178 7 0 0 0 0 0 0 0 0 0 0 0 
179 7 0 0 0 0 0 0 0 0 0 0 0 
180 7 0 0 0 0 0 0 0 0 0 0 0 
181 7 0 0 0 0 0 0 0 0 0 0 0 
182 7 0 0 0 0 0 0 0 0 0 0 0 
183 7 0 0 0 0 0 0 0 0 0 0 0 
184 7 0 0 0 0 0 0 0 0 0 0 0 
185 7 0 0 0 0 0 0 0 0 0 0 0 
186 7 0 0 0 0 0 0 0 0 0 0 0 
187 7 0 0 0 0 0 0 0 0 0 0 0 
188 7 0 0 0 0 0 0 0 0 0 0 0 
189 7 0 0 0 0 0 0 0 0 0 0 0 
190 7 0 0 0 0 0 0 0 0 0 0 0 
191 7 0 0 0 0 0 0 0 0 0 0 0 
192 7 0 0 0 0 0 0 0 0 0 0 0 
193 7 0 0 0 0 0 0 0 0 0 0 0 
194 7 0 0 0 0 0 0 0 0 0 0 0 
195 7 0 0 0 0 0 0 0 0 0 0 0 
196 7 0 0 0 0 0 0 0 0 0 0 0 
197 7 0 0 0 0 0 0 0 0 0 0 0 
198 7 0 0 0 0 0 0 0 0 0 0 0 
199 7 0 0 0 0 0 0 0 0 0 0 0 
200 7 0 0 0 0 0 0 0 0 0 0 0 
201 7 -1 254 3 26 -1 -1 -1 -1 -1 0 -22 
202 7 7 0 0 0 0 0 0 0 0 0 0 
203 7 -1 188 2 31 -1 -1 -1 -1 -1 3 59 
204 7 -1 293 4 38 -1 -1 -1 -1 -1 3 1268 
205 7 0 0 0 0 0 0 0 0 0 0 0 
206 7 0 0 0 0 0 0 0 0 0 0 0 
207 7 0 0 0 0 0 0 0 0 0 0 0 
208 7 0 0 0 0 0 0 0 0 0 0 0 
209 7 0 0 0 0 0 0 0 0 0 0 0 
210 7 0 0 0 0 0 0 0 0 0 0 0 
211 7 0 0 0 0 0 0 0 0 0 0 0 
212 7 0 0 0 0 0 0 0 0 0 0 0 
213 7 0 0 0 0 0 0 0 0 0 0 0 
214 7 0 0 0 0 0 0 0 0 0 0 0 
215 7 -1 115 4 19 -1 -1 -1 -1 -1 0 4401 
216 7 -1 275 4 24 -1 -1 -1 -1 -1 3 671 
217 7 -1 21 4 24 -1 -1 -1 -1 -1 0 8172 
218 7 37 0 0 0 0 0 0 0 0 0 0 
219 7 0 0 0 0 0 0 0 0 0 0 0 
220 7 0 0 0 0 0 0 0 0 0 0 0 
221 7 0 0 0 0 0 0 0 0 0 0 0 
222 7 0 0 0 0 0 0 0 0 0 0 0 
223 7 0 0 0 0 0 0 0 0 0 0 0 
224 7 0 0 0 0 0 0 0 0 0 0 0 
225 7 0 0 0 0 0 0 0 0 0 0 0 
226 7 0 0 0 0 0 0 0 0 0 0 0 
227 7 0 0 0 0 0 0 0 0 0 0 0 
228 7 0 0 0 0 0 0 0 0 0 0 0 
229 7 0 0 0 0 0 0 0 0 0 0 0 
230 7 0 0 0 0 0 0 0 0 0 0 0 
231 7 0 0 0 0 0 0 0 0 0 0 0 
232 7 0 0 0 0 0 0 0 0 0 0 0 
233 7 0 0 0 0 0 0 0 0 0 0 0 
234 7 0 0 0 0 0 0 0 0 0 0 0 
235 7 0 0 0 0 0 0 0 0 0 0 0 
236 7 0 0 0 0 0 0 0 0 0 0 0 
237 7 0 0 0 0 0 0 0 0 0 0 0 
238 7 0 0 0 0 0 0 0 0 0 0 0 
239 7 0 0 0 0 0 0 0 0 0 0 0 
240 7 0 0 0 0 0 0 0 0 0 0 0 
241 7 0 0 0 0 0 0 0 0 0 0 0 
242 7 0 0 0 0 0 0 0 0 0 0 0 
243 7 0 0 0 0 0 0 0 0 0 0 0 
244 7 0 0 0 0 0 0 0 0 0 0 0 
245 7 0 0 0 0 0 0 0 0 0 0 0 
246 7 0 0 0 0 0 0 0 0 0 0 0 
247 7 0 0 0 0 0 0 0 0 0 0 0 
248 7 0 0 0 0 0 0 0 0 0 0 0 
249 7 0 0 0 0 0 0 0 0 0 0 0 
250 7 0 0 0 0 0 0 0 0 0 0 0 
251 7 0 0 0 0 0 0 0 0 0 0 0 
252 7 0 0 0 0 0 0 0 0 0 0 0 
253 7 0 0 0 0 0 0 0 0 0 0 0 
254 7 0 0 0 0 0 0 0 0 0 0 0 
255 8 0 0 0 0 0 0 0 0 0 0 0 
256 8 0 0 0 0 0 0 0 0 0 0 0 
257 8 0 0 0 0 0 0 0 0 0 0 0 
258 8 0 0 0 0 0 0 0 0 0 0 0 
259 8 0 0 0 0 0 0 0 0 0 0 0 
260 8 0 0 0 0 0 0 0 0 0 0 0 
261 8 0 0 0 0 0 0 0 0 0 0 0 
262 8 0 0 0 0 0 0 0 0 0 0 0 
263 8 0 0 0 0 0 0 0 0 0 0 0 
264 8 0 0 0 0 0 0 0 0 0 0 0 
265 8 0 0 0 0 0 0 0 0 0 0 0 
266 8 0 0 0 0 0 0 0 0 0 0 0 
267 8 0 0 0 0 0 0 0 0 0 0 0 
268 8 0 0 0 0 0 0 0 0 0 0 0 
269 8 0 0 0 0 0 0 0 0 0 0 0 
270 8 0 0 0 0 0 0 0 0 0 0 0 
271 8 0 0 0 0 0 0 0 0 0 0 0 
272 8 0 0 0 0 0 0 0 0 0 0 0 
273 8 0 0 0 0 0 0 0 0 0 0 0 
274 8 0 0 0 0 0 0 0 0 0 0 0 
275 8 0 0 0 0 0 0 0 0 0 0 0 
276 8 0 0 0 0 0 0 0 0 0 0 0 
277 8 0 0 0 0 0 0 0 0 0 0 0 
278 8 0 0 0 0 0 0 0 0 0 0 0 
279 8 0 0 0 0 0 0 0 0 0 0 0 
280 8 0 0 0 0 0 0 0 0 0 0 0 
281 8 0 0 0 0 0 0 0 0 0 0 0 
282 8 0 0 0 0 0 0 0 0 0 0 0 
283 8 0 0 0 0 0 0 0 0 0 0 0 
284 8 0 0 0 0 0 0 0 0 0 0 0 
285 8 0 0 0 0 0 0 0 0 0 0 0 
286 8 0 0 0 0 0 0 0 0 0 0 0 
287 8 0 0 0 0 0 0 0 0 0 0 0 
288 8 0 0 0 0 0 0 0 0 0 0 0 
289 8 0 0 0 0 0 0 0 0 0 0 0 
290 8 0 0 0 0 0 0 0 0 0 0 0 
291 8 0 0 0 0 0 0 0 0 0 0 0 
292 8 0 0 0 0 0 0 0 0 0 0 0 
293 8 0 0 0 0 0 0 0 0 0 0 0 
294 8 0 0 0 0 0 0 0 0 0 0 0 
295 8 0 0 0 0 0 0 0 0 0 0 0 
296 8 0 0 0 0 0 0 0 0 0 0 0 
297 8 0 0 0 0 0 0 0 0 0 0 0 
298 8 0 0 0 0 0 0 0 0 0 0 0 
299 8 0 0 0 0 0 0 0 0 0 0 0 
300 8 0 0 0 0 0 0 0 0 0 0 0 
301 8 0 0 0 0 0 0 0 0 0 0 0 
302 8 0 0 0 0 0 0 0 0 0 0 0 
303 8 0 0 0 0 0 0 0 0 0 0 0 
304 8 0 0 0 0 0 0 0 0 0 0 0 
305 8 0 0 0 0 0 0 0 0 0 0 0 
306 8 0 0 0 0 0 0 0 0 0 0 0 
307 8 0 0 0 0 0 0 0 0 0 0 0 
308 8 0 0 0 0 0 0 0 0 0 0 0 
309 8 0 0 0 0 0 0 0 0 0 0 0 
310 8 0 0 0 0 0 0 0 0 0 0 0 
311 8 0 0 0 0 0 0 0 0 0 0 0 
312 8 0 0 0 0 0 0 0 0 0 0 0 
313 8 0 0 0 0 0 0 0 0 0 0 0 
314 8 0 0 0 0 0 0 0 0 0 0 0 
315 8 0 0 0 0 0 0 0 0 0 0 0 
316 8 0 0 0 0 0 0 0 0 0 0 0 
317 8 0 0 0 0 0 0 0 0 0 0 0 
318 8 0 0 0 0 0 0 0 0 0 0 0 
319 8 0 0 0 0 0 0 0 0 0 0 0 
320 8 0 0 0 0 0 0 0 0 0 0 0 
321 8 0 0 0 0 0 0 0 0 0 0 0 
322 8 0 0 0 0 0 0 0 0 0 0 0 
323 8 0 0 0 0 0 0 0 0 0 0 0 
324 8 0 0 0 0 0 0 0 0 0 0 0 
325 8 0 0 0 0 0 0 0 0 0 0 0 
326 8 0 0 0 0 0 0 0 0 0 0 0 
327 8 0 0 0 0 0 0 0 0 0 0 0 
328 8 0 0 0 0 0 0 0 0 0 0 0 
329 8 0 0 0 0 0 0 0 0 0 0 0 
330 8 0 0 0 0 0 0 0 0 0 0 0 
331 8 0 0 0 0 0 0 0 0 0 0 0 
332 8 0 0 0 0 0 0 0 0 0 0 0 
333 8 0 0 0 0 0 0 0 0 0 0 0 
334 8 0 0 0 0 0 0 0 0 0 0 0 
335 8 0 0 0 0 0 0 0 0 0 0 0 
336 8 0 0 0 0 0 0 0 0 0 0 0 
337 8 0 0 0 0 0 0 0 0 0 0 0 
338 8 0 0 0 0 0 0 0 0 0 0 0 
339 8 0 0 0 0 0 0 0 0 0 0 0 
340 8 0 0 0 0 0 0 0 0 0 0 0 
341 8 0 0 0 0 0 0 0 0 0 0 0 
342 8 0 0 0 0 0 0 0 0 0 0 0 
343 8 0 0 0 0 0 0 0 0 0 0 0 
344 8 0 0 0 0 0 0 0 0 0 0 0 
345 8 0 0 0 0 0 0 0 0 0 0 0 
346 8 0 0 0 0 0 0 0 0 0 0 0 
347 8 0 0 0 0 0 0 0 0 0 0 0 
348 8 0 0 0 0 0 0 0 0 0 0 0 
349 8 0 0 0 0 0 0 0 0 0 0 0 
350 8 0 0 0 0 0 0 0 0 0 0 0 
351 8 0 0 0 0 0 0 0 0 0 0 0 
352 8 0 0 0 0 0 0 0 0 0 0 0 
353 8 0 0 0 0 0 0 0 0 0 0 0 
354 8 0 0 0 0 0 0 0 0 0 0 0 
355 8 0 0 0 0 0 0 0 0 0 0 0 
356 8 0 0 0 0 0 0 0 0 0 0 0 
357 8 0 0 0 0 0 0 0 0 0 0 0 
358 8 0 0 0 0 0 0 0 0 0 0 0 
359 8 0 0 0 0 0 0 0 0 0 0 0 
360 8 0 0 0 0 0 0 0 0 0 0 0 
361 8 0 0 0 0 0 0 0 0 0 0 0 
362 8 0 0 0 0 0 0 0 0 0 0 0 
363 8 0 0 0 0 0 0 0 0 0 0 0 
364 8 0 0 0 0 0 0 0 0 0 0 0 
365 8 0 0 0 0 0 0 0 0 0 0 0 
366 8 0 0 0 0 0 0 0 0 0 0 0 
367 8 0 0 0 0 0 0 0 0 0 0 0 
368 8 0 0 0 0 0 0 0 0 0 0 0 
369 8 0 0 0 0 0 0 0 0 0 0 0 
370 8 0 0 0 0 0 0 0 0 0 0 0 
371 8 0 0 0 0 0 0 0 0 0 0 0 
372 8 0 0 0 0 0 0 0 0 0 0 0 
373 8 0 0 0 0 0 0 0 0 0 0 0 
374 8 0 0 0 0 0 0 0 0 0 0 0 
375 8 0 0 0 0 0 0 0 0 0 0 0 
376 8 0 0 0 0 0 0 0 0 0 0 0 
377 8 0 0 0 0 0 0 0 0 0 0 0 
378 8 0 0 0 0 0 0 0 0 0 0 0 
379 8 0 0 0 0 0 0 0 0 0 0 0 
380 8 0 0 0 0 0 0 0 0 0 0 0 
381 8 0 0 0 0 0 0 0 0 0 0 0 
382 8 0 0 0 0 0 0 0 0 0 0 0 
383 8 0 0 0 0 0 0 0 0 0 0 0 
384 8 0 0 0 0 0 0 0 0 0 0 0 
385 8 0 0 0 0 0 0 0 0 0 0 0 
386 8 0 0 0 0 0 0 0 0 0 0 0 
387 8 0 0 0 0 0 0 0 0 0 0 0 
388 8 0 0 0 0 0 0 0 0 0 0 0 
389 8 0 0 0 0 0 0 0 0 0 0 0 
390 8 0 0 0 0 0 0 0 0 0 0 0 
391 8 0 0 0 0 0 0 0 0 0 0 0 
392 8 0 0 0 0 0 0 0 0 0 0 0 
393 8 0 0 0 0 0 0 0 0 0 0 0 
394 8 0 0 0 0 0 0 0 0 0 0 0 
395 8 0 0 0 0 0 0 0 0 0 0 0 
396 8 0 0 0 0 0 0 0 0 0 0 0 
397 8 0 0 0 0 0 0 0 0 0 0 0 
398 8 0 0 0 0 0 0 0 0 0 0 0 
399 8 0 0 0 0 0 0 0 0 0 0 0 
400 8 0 0 0 0 0 0 0 0 0 0 0 
401 8 0 0 0 0 0 0 0 0 0 0 0 
402 8 0 0 0 0 0 0 0 0 0 0 0 
403 8 3 0 0 0 0 0 0 0 0 0 0 
404 8 -1 137 1 14 -1 -1 -1 -1 -1 3 16 
405 8 0 0 0 0 0 0 0 0 0 0 0 
406 8 0 0 0 0 0 0 0 0 0 0 0 
407 8 -1 217 3 17 -1 -1 -1 -1 -1 0 6 
408 8 -1 347 4 25 -1 -1 -1 -1 -1 3 1688 
409 8 -1 93 0 21 -1 -1 -1 -1 -1 3 5 
410 8 -1 330 1 27 -1 -1 -1 -1 -1 3 -9 
411 8 0 0 0 0 0 0 0 0 0 0 0 
412 8 0 0 0 0 0 0 0 0 0 0 0 
413 8 0 0 0 0 0 0 0 0 0 0 0 
414 8 0 0 0 0 0 0 0 0 0 0 0 
415 8 0 0 0 0 0 0 0 0 0 0 0 
416 8 0 0 0 0 0 0 0 0 0 0 0 
417 8 0 0 0 0 0 0 0 0 0 0 0 
418 8 0 0 0 0 0 0 0 0 0 0 0 
419 8 0 0 0 0 0 0 0 0 0 0 0 
420 8 0 0 0 0 0 0 0 0 0 0 0 
421 8 0 0 0 0 0 0 0 0 0 0 0 
422 8 0 0 0 0 0 0 0 0 0 0 0 
423 8 0 0 0 0 0 0 0 0 0 0 0 
424 8 0 0 0 0 0 0 0 0 0 0 0 
425 8 0 0 0 0 0 0 0 0 0 0 0 
426 8 0 0 0 0 0 0 0 0 0 0 0 
427 8 0 0 0 0 0 0 0 0 0 0 0 
428 8 0 0 0 0 0 0 0 0 0 0 0 
429 8 0 0 0 0 0 0 0 0 0 0 0 
430 8 0 0 0 0 0 0 0 0 0 0 0 
431 8 24 0 0 0 0 0 0 0 0 0 0 
432 8 -1 44 1 15 -1 -1 -1 -1 -1 0 9 
433 8 -1 139 3 36 -1 -1 -1 -1 -1 2 7 
434 8 31 0 0 0 0 0 0 0 0 0 0 
435 8 -1 334 2 34 -1 -1 -1 -1 -1 0 95 
436 8 36 0 0 0 0 0 0 0 0 0 0 
437 8 0 0 0 0 0 0 0 0 0 0 0 
438 8 0 0 0 0 0 0 0 0 0 0 0 
439 8 0 0 0 0 0 0 0 0 0 0 0 
440 8 0 0 0 0 0 0 0 0 0 0 0 
441 8 0 0 0 0 0 0 0 0 0 0 0 
442 8 0 0 0 0 0 0 0 0 0 0 0 
443 8 0 0 0 0 0 0 0 0 0 0 0 
444 8 0 0 0 0 0 0 0 0 0 0 0 
445 8 0 0 0 0 0 0 0 0 0 0 0 
446 8 0 0 0 0 0 0 0 0 0 0 0 
447 8 0 0 0 0 0 0 0 0 0 0 0 
448 8 0 0 0 0 0 0 0 0 0 0 0 
449 8 0 0 0 0 0 0 0 0 0 0 0 
450 8 0 0 0 0 0 0 0 0 0 0 0 
451 8 0 0 0 0 0 0 0 0 0 0 0 
452 8 0 0 0 0 0 0 0 0 0 0 0 
453 8 0 0 0 0 0 0 0 0 0 0 0 
454 8 0 0 0 0 0 0 0 0 0 0 0 
455 8 0 0 0 0 0 0 0 0 0 0 0 
456 8 0 0 0 0 0 0 0 0 0 0 0 
457 8 0 0 0 0 0 0 0 0 0 0 0 
458 8 0 0 0 0 0 0 0 0 0 0 0 
459 8 0 0 0 0 0 0 0 0 0 0 0 
460 8 0 0 0 0 0 0 0 0 0 0 0 
461 8 0 0 0 0 0 0 0 0 0 0 0 
462 8 0 0 0 0 0 0 0 0 0 0 0 
463 8 0 0 0 0 0 0 0 0 0 0 0 
464 8 0 0 0 0 0 0 0 0 0 0 0 
465 8 0 0 0 0 0 0 0 0 0 0 0 
466 8 0 0 0 0 0 0 0 0 0 0 0 
467 8 0 0 0 0 0 0 0 0 0 0 0 
468 8 0 0 0 0 0 0 0 0 0 0 0 
469 8 0 0 0 0 0 0 0 0 0 0 0 
470 8 0 0 0 0 0 0 0 0 0 0 0 
471 8 0 0 0 0 0 0 0 0 0 0 0 
472 8 0 0 0 0 0 0 0 0 0 0 0 
473 8 0 0 0 0 0 0 0 0 0 0 0 
474 8 0 0 0 0 0 0 0 0 0 0 0 
475 8 0 0 0 0 0 0 0 0 0 0 0 
476 8 0 0 0 0 0 0 0 0 0 0 0 
477 8 0 0 0 0 0 0 0 0 0 0 0 
478 8 0 0 0 0 0 0 0 0 0 0 0 
479 8 0 0 0 0 0 0 0 0 0 0 0 
480 8 0 0 0 0 0 0 0 0 0 0 0 
481 8 0 0 0 0 0 0 0 0 0 0 0 
482 8 0 0 0 0 0 0 0 0 0 0 0 
483 8 0 0 0 0 0 0 0 0 0 0 0 
484 8 0 0 0 0 0 0 0 0 0 0 0 
485 8 0 0 0 0 0 0 0 0 0 0 0 
486 8 0 0 0 0 0 0 0 0 0 0 0 
487 8 0 0 0 0 0 0 0 0 0 0 0 
488 8 0 0 0 0 0 0 0 0 0 0 0 
489 8 0 0 0 0 0 0 0 0 0 0 0 
490 8 0 0 0 0 0 0 0 0 0 0 0 
491 8 0 0 0 0 0 0 0 0 0 0 0 
492 8 0 0 0 0 0 0 0 0 0 0 0 
493 8 0 0 0 0 0 0 0 0 0 0 0 
494 8 0 0 0 0 0 0 0 0 0 0 0 
495 8 0 0 0 0 0 0 0 0 0 0 0 
496 8 0 0 0 0 0 0 0 0 0 0 0 
497 8 0 0 0 0 0 0 0 0 0 0 0 
498 8 0 0 0 0 0 0 0 0 0 0 0 
499 8 0 0 0 0 0 0 0 0 0 0 0 
500 8 0 0 0 0 0 0 0 0 0 0 0 
501 8 0 0 0 0 0 0 0 0 0 0 0 
502 8 0 0 0 0 0 0 0 0 0 0 0 
503 8 0 0 0 0 0 0 0 0 0 0 0 
504 8 0 0 0 0 0 0 0 0 0 0 0 
505 8 0 0 0 0 0 0 0 0 0 0 0 
506 8 0 0 0 0 0 0 0 0 0 0 0 
507 8 0 0 0 0 0 0 0 0 0 0 0 
508 8 0 0 0 0 0 0 0 0 0 0 0 
509 8 0 0 0 0 0 0 0 0 0 0 0 
510 8 0 0 0 0 0 0 0 0 0 0 0 
511 9 0 0 0 0 0 0 0 0 0 0 0 
512 9 0 0 0 0 0 0 0 0 0 0 0 
513 9 0 0 0 0 0 0 0 0 0 0 0 
514 9 0 0 0 0 0 0 0 0 0 0 0 
515 9 0 0 0 0 0 0 0 0 0 0 0 
516 9 0 0 0 0 0 0 0 0 0 0 0 
517 9 0 0 0 0 0 0 0 0 0 0 0 
518 9 0 0 0 0 0 0 0 0 0 0 0 
519 9 0 0 0 0 0 0 0 0 0 0 0 
520 9 0 0 0 0 0 0 0 0 0 0 0 
521 9 0 0 0 0 0 0 0 0 0 0 0 
522 9 0 0 0 0 0 0 0 0 0 0 0 
523 9 0 0 0 0 0 0 0 0 0 0 0 
524 9 0 0 0 0 0 0 0 0 0 0 0 
525 9 0 0 0 0 0 0 0 0 0 0 0 
526 9 0 0 0 0 0 0 0 0 0 0 0 
527 9 0 0 0 0 0 0 0 0 0 0 0 
528 9 0 0 0 0 0 0 0 0 0 0 0 
529 9 0 0 0 0 0 0 0 0 0 0 0 
530 9 0 0 0 0 0 0 0 0 0 0 0 
531 9 0 0 0 0 0 0 0 0 0 0 0 
532 9 0 0 0 0 0 0 0 0 0 0 0 
533 9 0 0 0 0 0 0 0 0 0 0 0 
534 9 0 0 0 0 0 0 0 0 0 0 0 
535 9 0 0 0 0 0 0 0 0 0 0 0 
536 9 0 0 0 0 0 0 0 0 0 0 0 
537 9 0 0 0 0 0 0 0 0 0 0 0 
538 9 0 0 0 0 0 0 0 0 0 0 0 
539 9 0 0 0 0 0 0 0 0 0 0 0 
540 9 0 0 0 0 0 0 0 0 0 0 0 
541 9 0 0 0 0 0 0 0 0 0 0 0 
542 9 0 0 0 0 0 0 0 0 0 0 0 
543 9 0 0 0 0 0 0 0 0 0 0 0 
544 9 0 0 0 0 0 0 0 0 0 0 0 
545 9 0 0 0 0 0 0 0 0 0 0 0 
546 9 0 0 0 0 0 0 0 0 0 0 0 
547 9 0 0 0 0 0 0 0 0 0 0 0 
548 9 0 0 0 0 0 0 0 0 0 0 0 
549 9 0 0 0 0 0 0 0 0 0 0 0 
550 9 0 0 0 0 0 0 0 0 0 0 0 
551 9 0 0 0 0 0 0 0 0 0 0 0 
552 9 0 0 0 0 0 0 0 0 0 0 0 
553 9 0 0 0 0 0 0 0 0 0 0 0 
554 9 0 0 0 0 0 0 0 0 0 0 0 
555 9 0 0 0 0 0 0 0 0 0 0 0 
556 9 0 0 0 0 0 0 0 0 0 0 0 
557 9 0 0 0 0 0 0 0 0 0 0 0 
558 9 0 0 0 0 0 0 0 0 0 0 0 
559 9 0 0 0 0 0 0 0 0 0 0 0 
560 9 0 0 0 0 0 0 0 0 0 0 0 
561 9 0 0 0 0 0 0 0 0 0 0 0 
562 9 0 0 0 0 0 0 0 0 0 0 0 
563 9 0 0 0 0 0 0 0 0 0 0 0 
564 9 0 0 0 0 0 0 0 0 0 0 0 
565 9 0 0 0 0 0 0 0 0 0 0 0 
566 9 0 0 0 0 0 0 0 0 0 0 0 
567 9 0 0 0 0 0 0 0 0 0 0 0 
568 9 0 0 0 0 0 0 0 0 0 0 0 
569 9 0 0 0 0 0 0 0 0 0 0 0 
570 9 0 0 0 0 0 0 0 0 0 0 0 
571 9 0 0 0 0 0 0 0 0 0 0 0 
572 9 0 0 0 0 0 0 0 0 0 0 0 
573 9 0 0 0 0 0 0 0 0 0 0 0 
574 9 0 0 0 0 0 0 0 0 0 0 0 
575 9 0 0 0 0 0 0 0 0 0 0 0 
576 9 0 0 0 0 0 0 0 0 0 0 0 
577 9 0 0 0 0 0 0 0 0 0 0 0 
578 9 0 0 0 0 0 0 0 0 0 0 0 
579 9 0 0 0 0 0 0 0 0 0 0 0 
580 9 0 0 0 0 0 0 0 0 0 0 0 
581 9 0 0 0 0 0 0 0 0 0 0 0 
582 9 0 0 0 0 0 0 0 0 0 0 0 
583 9 0 0 0 0 0 0 0 0 0 0 0 
584 9 0 0 0 0 0 0 0 0 0 0 0 
585 9 0 0 0 0 0 0 0 0 0 0 0 
586 9 0 0 0 0 0 0 0 0 0 0 0 
587 9 0 0 0 0 0 0 0 0 0 0 0 
588 9 0 0 0 0 0 0 0 0 0 0 0 
589 9 0 0 0 0 0 0 0 0 0 0 0 
590 9 0 0 0 0 0 0 0 0 0 0 0 
591 9 0 0 0 0 0 0 0 0 0 0 0 
592 9 0 0 0 0 0 0 0 0 0 0 0 
593 9 0 0 0 0 0 0 0 0 0 0 0 
594 9 0 0 0 0 0 0 0 0 0 0 0 
595 9 0 0 0 0 0 0 0 0 0 0 0 
596 9 0 0 0 0 0 0 0 0 0 0 0 
597 9 0 0 0 0 0 0 0 0 0 0 0 
598 9 0 0 0 0 0 0 0 0 0 0 0 
599 9 0 0 0 0 0 0 0 0 0 0 0 
600 9 0 0 0 0 0 0 0 0 0 0 0 
601 9 0 0 0 0 0 0 0 0 0 0 0 
602 9 0 0 0 0 0 0 0 0 0 0 0 
603 9 0 0 0 0 0 0 0 0 0 0 0 
604 9 0 0 0 0 0 0 0 0 0 0 0 
605 9 0 0 0 0 0 0 0 0 0 0 0 
606 9 0 0 0 0 0 0 0 0 0 0 0 
607 9 0 0 0 0 0 0 0 0 0 0 0 
608 9 0 0 0 0 0 0 0 0 0 0 0 
609 9 0 0 0 0 0 0 0 0 0 0 0 
610 9 0 0 0 0 0 0 0 0 0 0 0 
611 9 0 0 0 0 0 0 0 0 0 0 0 
612 9 0 0 0 0 0 0 0 0 0 0 0 
613 9 0 0 0 0 0 0 0 0 0 0 0 
614 9 0 0 0 0 0 0 0 0 0 0 0 
615 9 0 0 0 0 0 0 0 0 0 0 0 
616 9 0 0 0 0 0 0 0 0 0 0 0 
617 9 0 0 0 0 0 0 0 0 0 0 0 
618 9 0 0 0 0 0 0 0 0 0 0 0 
619 9 0 0 0 0 0 0 0 0 0 0 0 
620 9 0 0 0 0 0 0 0 0 0 0 0 
621 9 0 0 0 0 0 0 0 0 0 0 0 
622 9 0 0 0 0 0 0 0 0 0 0 0 
623 9 0 0 0 0 0 0 0 0 0 0 0 
624 9 0 0 0 0 0 0 0 0 0 0 0 
625 9 0 0 0 0 0 0 0 0 0 0 0 
626 9 0 0 0 0 0 0 0 0 0 0 0 
627 9 0 0 0 0 0 0 0 0 0 0 0 
628 9 0 0 0 0 0 0 0 0 0 0 0 
629 9 0 0 0 0 0 0 0 0 0 0 0 
630 9 0 0 0 0 0 0 0 0 0 0 0 
631 9 0 0 0 0 0 0 0 0 0 0 0 
632 9 0 0 0 0 0 0 0 0 0 0 0 
633 9 0 0 0 0 0 0 0 0 0 0 0 
634 9 0 0 0 0 0 0 0 0 0 0 0 
635 9 0 0 0 0 0 0 0 0 0 0 0 
636 9 0 0 0 0 0 0 0 0 0 0 0 
637 9 0 0 0 0 0 0 0 0 0 0 0 
638 9 0 0 0 0 0 0 0 0 0 0 0 
639 9 0 0 0 0 0 0 0 0 0 0 0 
640 9 0 0 0 0 0 0 0 0 0 0 0 
641 9 0 0 0 0 0 0 0 0 0 0 0 
642 9 0 0 0 0 0 0 0 0 0 0 0 
643 9 0 0 0 0 0 0 0 0 0 0 0 
644 9 0 0 0 0 0 0 0 0 0 0 0 
645 9 0 0 0 0 0 0 0 0 0 0 0 
646 9 0 0 0 0 0 0 0 0 0 0 0 
647 9 0 0 0 0 0 0 0 0 0 0 0 
648 9 0 0 0 0 0 0 0 0 0 0 0 
649 9 0 0 0 0 0 0 0 0 0 0 0 
650 9 0 0 0 0 0 0 0 0 0 0 0 
651 9 0 0 0 0 0 0 0 0 0 0 0 
652 9 0 0 0 0 0 0 0 0 0 0 0 
653 9 0 0 0 0 0 0 0 0 0 0 0 
654 9 0 0 0 0 0 0 0 0 0 0 0 
655 9 0 0 0 0 0 0 0 0 0 0 0 
656 9 0 0 0 0 0 0 0 0 0 0 0 
657 9 0 0 0 0 0 0 0 0 0 0 0 
658 9 0 0 0 0 0 0 0 0 0 0 0 
659 9 0 0 0 0 0 0 0 0 0 0 0 
660 9 0 0 0 0 0 0 0 0 0 0 0 
661 9 0 0 0 0 0 0 0 0 0 0 0 
662 9 0 0 0 0 0 0 0 0 0 0 0 
663 9 0 0 0 0 0 0 0 0 0 0 0 
664 9 0 0 0 0 0 0 0 0 0 0 0 
665 9 0 0 0 0 0 0 0 0 0 0 0 
666 9 0 0 0 0 0 0 0 0 0 0 0 
667 9 0 0 0 0 0 0 0 0 0 0 0 
668 9 0 0 0 0 0 0 0 0 0 0 0 
669 9 0 0 0 0 0 0 0 0 0 0 0 
670 9 0 0 0 0 0 0 0 0 0 0 0 
671 9 0 0 0 0 0 0 0 0 0 0 0 
672 9 0 0 0 0 0 0 0 0 0 0 0 
673 9 0 0 0 0 0 0 0 0 0 0 0 
674 9 0 0 0 0 0 0 0 0 0 0 0 
675 9 0 0 0 0 0 0 0 0 0 0 0 
676 9 0 0 0 0 0 0 0 0 0 0 0 
677 9 0 0 0 0 0 0 0 0 0 0 0 
678 9 0 0 0 0 0 0 0 0 0 0 0 
679 9 0 0 0 0 0 0 0 0 0 0 0 
680 9 0 0 0 0 0 0 0 0 0 0 0 
681 9 0 0 0 0 0 0 0 0 0 0 0 
682 9 0 0 0 0 0 0 0 0 0 0 0 
683 9 0 0 0 0 0 0 0 0 0 0 0 
684 9 0 0 0 0 0 0 0 0 0 0 0 
685 9 0 0 0 0 0 0 0 0 0 0 0 
686 9 0 0 0 0 0 0 0 0 0 0 0 
687 9 0 0 0 0 0 0 0 0 0 0 0 
688 9 0 0 0 0 0 0 0 0 0 0 0 
689 9 0 0 0 0 0 0 0 0 0 0 0 
690 9 0 0 0 0 0 0 0 0 0 0 0 
691 9 0 0 0 0 0 0 0 0 0 0 0 
692 9 0 0 0 0 0 0 0 0 0 0 0 
693 9 0 0 0 0 0 0 0 0 0 0 0 
694 9 0 0 0 0 0 0 0 0 0 0 0 
695 9 0 0 0 0 0 0 0 0 0 0 0 
696 9 0 0 0 0 0 0 0 0 0 0 0 
697 9 0 0 0 0 0 0 0 0 0 0 0 
698 9 0 0 0 0 0 0 0 0 0 0 0 
699 9 0 0 0 0 0 0 0 0 0 0 0 
700 9 0 0 0 0 0 0 0 0 0 0 0 
701 9 0 0 0 0 0 0 0 0 0 0 0 
702 9 0 0 0 0 0 0 0 0 0 0 0 
703 9 0 0 0 0 0 0 0 0 0 0 0 
704 9 0 0 0 0 0 0 0 0 0 0 0 
705 9 0 0 0 0 0 0 0 0 0 0 0 
706 9 0 0 0 0 0 0 0 0 0 0 0 
707 9 0 0 0 0 0 0 0 0 0 0 0 
708 9 0 0 0 0 0 0 0 0 0 0 0 
709 9 0 0 0 0 0 0 0 0 0 0 0 
710 9 0 0 0 0 0 0 0 0 0 0 0 
711 9 0 0 0 0 0 0 0 0 0 0 0 
712 9 0 0 0 0 0 0 0 0 0 0 0 
713 9 0 0 0 0 0 0 0 0 0 0 0 
714 9 0 0 0 0 0 0 0 0 0 0 0 
715 9 0 0 0 0 0 0 0 0 0 0 0 
716 9 0 0 0 0 0 0 0 0 0 0 0 
717 9 0 0 0 0 0 0 0 0 0 0 0 
718 9 0 0 0 0 0 0 0 0 0 0 0 
719 9 0 0 0 0 0 0 0 0 0 0 0 
720 9 0 0 0 0 0 0 0 0 0 0 0 
721 9 0 0 0 0 0 0 0 0 0 0 0 
722 9 0 0 0 0 0 0 0 0 0 0 0 
723 9 0 0 0 0 0 0 0 0 0 0 0 
724 9 0 0 0 0 0 0 0 0 0 0 0 
725 9 0 0 0 0 0 0 0 0 0 0 0 
726 9 0 0 0 0 0 0 0 0 0 0 0 
727 9 0 0 0 0 0 0 0 0 0 0 0 
728 9 0 0 0 0 0 0 0 0 0 0 0 
729 9 0 0 0 0 0 0 0 0 0 0 0 
730 9 0 0 0 0 0 0 0 0 0 0 0 
731 9 0 0 0 0 0 0 0 0 0 0 0 
732 9 0 0 0 0 0 0 0 0 0 0 0 
733 9 0 0 0 0 0 0 0 0 0 0 0 
734 9 0 0 0 0 0 0 0 0 0 0 0 
735 9 0 0 0 0 0 0 0 0 0 0 0 
736 9 0 0 0 0 0 0 0 0 0 0 0 
737 9 0 0 0 0 0 0 0 0 0 0 0 
738 9 0 0 0 0 0 0 0 0 0 0 0 
739 9 0 0 0 0 0 0 0 0 0 0 0 
740 9 0 0 0 0 0 0 0 0 0 0 0 
741 9 0 0 0 0 0 0 0 0 0 0 0 
742 9 0 0 0 0 0 0 0 0 0 0 0 
743 9 0 0 0 0 0 0 0 0 0 0 0 
744 9 0 0 0 0 0 0 0 0 0 0 0 
745 9 0 0 0 0 0 0 0 0 0 0 0 
746 9 0 0 0 0 0 0 0 0 0 0 0 
747 9 0 0 0 0 0 0 0 0 0 0 0 
748 9 0 0 0 0 0 0 0 0 0 0 0 
749 9 0 0 0 0 0 0 0 0 0 0 0 
750 9 0 0 0 0 0 0 0 0 0 0 0 
751 9 0 0 0 0 0 0 0 0 0 0 0 
752 9 0 0 0 0 0 0 0 0 0 0 0 
753 9 0 0 0 0 0 0 0 0 0 0 0 
754 9 0 0 0 0 0 0 0 0 0 0 0 
755 9 0 0 0 0 0 0 0 0 0 0 0 
756 9 0 0 0 0 0 0 0 0 0 0 0 
757 9 0 0 0 0 0 0 0 0 0 0 0 
758 9 0 0 0 0 0 0 0 0 0 0 0 
759 9 0 0 0 0 0 0 0 0 0 0 0 
760 9 0 0 0 0 0 0 0 0 0 0 0 
761 9 0 0 0 0 0 0 0 0 0 0 0 
762 9 0 0 0 0 0 0 0 0 0 0 0 
763 9 0 0 0 0 0 0 0 0 0 0 0 
764 9 0 0 0 0 0 0 0 0 0 0 0 
765 9 0 0 0 0 0 0 0 0 0 0 0 
766 9 0 0 0 0 0 0 0 0 0 0 0 
767 9 0 0 0 0 0 0 0 0 0 0 0 
768 9 0 0 0 0 0 0 0 0 0 0 0 
769 9 0 0 0 0 0 0 0 0 0 0 0 
770 9 0 0 0 0 0 0 0 0 0 0 0 
771 9 0 0 0 0 0 0 0 0 0 0 0 
772 9 0 0 0 0 0 0 0 0 0 0 0 
773 9 0 0 0 0 0 0 0 0 0 0 0 
774 9 0 0 0 0 0 0 0 0 0 0 0 
775 9 0 0 0 0 0 0 0 0 0 0 0 
776 9 0 0 0 0 0 0 0 0 0 0 0 
777 9 0 0 0 0 0 0 0 0 0 0 0 
778 9 0 0 0 0 0 0 0 0 0 0 0 
779 9 0 0 0 0 0 0 0 0 0 0 0 
780 9 0 0 0 0 0 0 0 0 0 0 0 
781 9 0 0 0 0 0 0 0 0 0 0 0 
782 9 0 0 0 0 0 0 0 0 0 0 0 
783 9 0 0 0 0 0 0 0 0 0 0 0 
784 9 0 0 0 0 0 0 0 0 0 0 0 
785 9 0 0 0 0 0 0 0 0 0 0 0 
786 9 0 0 0 0 0 0 0 0 0 0 0 
787 9 0 0 0 0 0 0 0 0 0 0 0 
788 9 0 0 0 0 0 0 0 0 0 0 0 
789 9 0 0 0 0 0 0 0 0 0 0 0 
790 9 0 0 0 0 0 0 0 0 0 0 0 
791 9 0 0 0 0 0 0 0 0 0 0 0 
792 9 0 0 0 0 0 0 0 0 0 0 0 
793 9 0 0 0 0 0 0 0 0 0 0 0 
794 9 0 0 0 0 0 0 0 0 0 0 0 
795 9 0 0 0 0 0 0 0 0 0 0 0 
796 9 0 0 0 0 0 0 0 0 0 0 0 
797 9 0 0 0 0 0 0 0 0 0 0 0 
798 9 0 0 0 0 0 0 0 0 0 0 0 
799 9 0 0 0 0 0 0 0 0 0 0 0 
800 9 0 0 0 0 0 0 0 0 0 0 0 
801 9 0 0 0 0 0 0 0 0 0 0 0 
802 9 0 0 0 0 0 0 0 0 0 0 0 
803 9 0 0 0 0 0 0 0 0 0 0 0 
804 9 0 0 0 0 0 0 0 0 0 0 0 
805 9 0 0 0 0 0 0 0 0 0 0 0 
806 9 0 0 0 0 0 0 0 0 0 0 0 
807 9 0 0 0 0 0 0 0 0 0 0 0 
808 9 0 0 0 0 0 0 0 0 0 0 0 
809 9 -1 91 0 16 -1 -1 -1 -1 -1 1 -21 
810 9 6 0 0 0 0 0 0 0 0 0 0 
811 9 0 0 0 0 0 0 0 0 0 0 0 
812 9 0 0 0 0 0 0 0 0 0 0 0 
813 9 0 0 0 0 0 0 0 0 0 0 0 
814 9 0 0 0 0 0 0 0 0 0 0 0 
815 9 -1 286 2 31 -1 -1 -1 -1 -1 3 17 
816 9 -1 18 3 17 -1 -1 -1 -1 -1 1 3 
817 9 -1 227 0 16 -1 -1 -1 -1 -1 2 -57 
818 9 -1 128 3 17 -1 -1 -1 -1 -1 3 8 
819 9 -1 161 2 21 -1 -1 -1 -1 -1 0 1599 
820 9 18 0 0 0 0 0 0 0 0 0 0 
821 9 19 0 0 0 0 0 0 0 0 0 0 
822 9 -1 114 1 21 -1 -1 -1 -1 -1 1 -4 
823 9 0 0 0 0 0 0 0 0 0 0 0 
824 9 0 0 0 0 0 0 0 0 0 0 0 
825 9 0 0 0 0 0 0 0 0 0 0 0 
826 9 0 0 0 0 0 0 0 0 0 0 0 
827 9 0 0 0 0 0 0 0 0 0 0 0 
828 9 0 0 0 0 0 0 0 0 0 0 0 
829 9 0 0 0 0 0 0 0 0 0 0 0 
830 9 0 0 0 0 0 0 0 0 0 0 0 
831 9 0 0 0 0 0 0 0 0 0 0 0 
832 9 0 0 0 0 0 0 0 0 0 0 0 
833 9 0 0 0 0 0 0 0 0 0 0 0 
834 9 0 0 0 0 0 0 0 0 0 0 0 
835 9 0 0 0 0 0 0 0 0 0 0 0 
836 9 0 0 0 0 0 0 0 0 0 0 0 
837 9 0 0 0 0 0 0 0 0 0 0 0 
838 9 0 0 0 0 0 0 0 0 0 0 0 
839 9 0 0 0 0 0 0 0 0 0 0 0 
840 9 0 0 0 0 0 0 0 0 0 0 0 
841 9 0 0 0 0 0 0 0 0 0 0 0 
842 9 0 0 0 0 0 0 0 0 0 0 0 
843 9 0 0 0 0 0 0 0 0 0 0 0 
844 9 0 0 0 0 0 0 0 0 0 0 0 
845 9 0 0 0 0 0 0 0 0 0 0 0 
846 9 0 0 0 0 0 0 0 0 0 0 0 
847 9 0 0 0 0 0 0 0 0 0 0 0 
848 9 0 0 0 0 0 0 0 0 0 0 0 
849 9 0 0 0 0 0 0 0 0 0 0 0 
850 9 0 0 0 0 0 0 0 0 0 0 0 
851 9 0 0 0 0 0 0 0 0 0 0 0 
852 9 0 0 0 0 0 0 0 0 0 0 0 
853 9 0 0 0 0 0 0 0 0 0 0 0 
854 9 0 0 0 0 0 0 0 0 0 0 0 
855 9 0 0 0 0 0 0 0 0 0 0 0 
856 9 0 0 0 0 0 0 0 0 0 0 0 
857 9 0 0 0 0 0 0 0 0 0 0 0 
858 9 0 0 0 0 0 0 0 0 0 0 0 
859 9 0 0 0 0 0 0 0 0 0 0 0 
860 9 0 0 0 0 0 0 0 0 0 0 0 
861 9 0 0 0 0 0 0 0 0 0 0 0 
862 9 0 0 0 0 0 0 0 0 0 0 0 
863 9 0 0 0 0 0 0 0 0 0 0 0 
864 9 0 0 0 0 0 0 0 0 0 0 0 
865 9 25 0 0 0 0 0 0 0 0 0 0 
866 9 -1 233 1 33 -1 -1 -1 -1 -1 0 43 
867 9 -1 263 1 23 -1 -1 -1 -1 -1 1 -2 
868 9 30 0 0 0 0 0 0 0 0 0 0 
869 9 0 0 0 0 0 0 0 0 0 0 0 
870 9 0 0 0 0 0 0 0 0 0 0 0 
871 9 -1 163 2 34 -1 -1 -1 -1 -1 2 447 
872 9 -1 270 4 10 -1 -1 -1 -1 -1 3 2872 
873 9 0 0 0 0 0 0 0 0 0 0 0 
874 9 0 0 0 0 0 0 0 0 0 0 0 
875 9 0 0 0 0 0 0 0 0 0 0 0 
876 9 0 0 0 0 0 0 0 0 0 0 0 
877 9 0 0 0 0 0 0 0 0 0 0 0 
878 9 0 0 0 0 0 0 0 0 0 0 0 
879 9 0 0 0 0 0 0 0 0 0 0 0 
880 9 0 0 0 0 0 0 0 0 0 0 0 
881 9 0 0 0 0 0 0 0 0 0 0 0 
882 9 0 0 0 0 0 0 0 0 0 0 0 
883 9 0 0 0 0 0 0 0 0 0 0 0 
884 9 0 0 0 0 0 0 0 0 0 0 0 
885 9 0 0 0 0 0 0 0 0 0 0 0 
886 9 0 0 0 0 0 0 0 0 0 0 0 
887 9 0 0 0 0 0 0 0 0 0 0 0 
888 9 0 0 0 0 0 0 0 0 0 0 0 
889 9 0 0 0 0 0 0 0 0 0 0 0 
890 9 0 0 0 0 0 0 0 0 0 0 0 
891 9 0 0 0 0 0 0 0 0 0 0 0 
892 9 0 0 0 0 0 0 0 0 0 0 0 
893 9 0 0 0 0 0 0 0 0 0 0 0 
894 9 0 0 0 0 0 0 0 0 0 0 0 
895 9 0 0 0 0 0 0 0 0 0 0 0 
896 9 0 0 0 0 0 0 0 0 0 0 0 
897 9 0 0 0 0 0 0 0 0 0 0 0 
898 9 0 0 0 0 0 0 0 0 0 0 0 
899 9 0 0 0 0 0 0 0 0 0 0 0 
900 9 0 0 0 0 0 0 0 0 0 0 0 
901 9 0 0 0 0 0 0 0 0 0 0 0 
902 9 0 0 0 0 0 0 0 0 0 0 0 
903 9 0 0 0 0 0 0 0 0 0 0 0 
904 9 0 0 0 0 0 0 0 0 0 0 0 
905 9 0 0 0 0 0 0 0 0 0 0 0 
906 9 0 0 0 0 0 0 0 0 0 0 0 
907 9 0 0 0 0 0 0 0 0 0 0 0 
908 9 0 0 0 0 0 0 0 0 0 0 0 
909 9 0 0 0 0 0 0 0 0 0 0 0 
910 9 0 0 0 0 0 0 0 0 0 0 0 
911 9 0 0 0 0 0 0 0 0 0 0 0 
912 9 0 0 0 0 0 0 0 0 0 0 0 
913 9 0 0 0 0 0 0 0 0 0 0 0 
914 9 0 0 0 0 0 0 0 0 0 0 0 
915 9 0 0 0 0 0 0 0 0 0 0 0 
916 9 0 0 0 0 0 0 0 0 0 0 0 
917 9 0 0 0 0 0 0 0 0 0 0 0 
918 9 0 0 0 0 0 0 0 0 0 0 0 
919 9 0 0 0 0 0 0 0 0 0 0 0 
920 9 0 0 0 0 0 0 0 0 0 0 0 
921 9 0 0 0 0 0 0 0 0 0 0 0 
922 9 0 0 0 0 0 0 0 0 0 0 0 
923 9 0 0 0 0 0 0 0 0 0 0 0 
924 9 0 0 0 0 0 0 0 0 0 0 0 
925 9 0 0 0 0 0 0 0 0 0 0 0 
926 9 0 0 0 0 0 0 0 0 0 0 0 
927 9 0 0 0 0 0 0 0 0 0 0 0 
928 9 0 0 0 0 0 0 0 0 0 0 0 
929 9 0 0 0 0 0 0 0 0 0 0 0 
930 9 0 0 0 0 0 0 0 0 0 0 0 
931 9 0 0 0 0 0 0 0 0 0 0 0 
932 9 0 0 0 0 0 0 0 0 0 0 0 
933 9 0 0 0 0 0 0 0 0 0 0 0 
934 9 0 0 0 0 0 0 0 0 0 0 0 
935 9 0 0 0 0 0 0 0 0 0 0 0 
936 9 0 0 0 0 0 0 0 0 0 0 0 
937 9 0 0 0 0 0 0 0 0 0 0 0 
938 9 0 0 0 0 0 0 0 0 0 0 0 
939 9 0 0 0 0 0 0 0 0 0 0 0 
940 9 0 0 0 0 0 0 0 0 0 0 0 
941 9 0 0 0 0 0 0 0 0 0 0 0 
942 9 0 0 0 0 0 0 0 0 0 0 0 
943 9 0 0 0 0 0 0 0 0 0 0 0 
944 9 0 0 0 0 0 0 0 0 0 0 0 
945 9 0 0 0 0 0 0 0 0 0 0 0 
946 9 0 0 0 0 0 0 0 0 0 0 0 
947 9 0 0 0 0 0 0 0 0 0 0 0 
948 9 0 0 0 0 0 0 0 0 0 0 0 
949 9 0 0 0 0 0 0 0 0 0 0 0 
950 9 0 0 0 0 0 0 0 0 0 0 0 
951 9 0 0 0 0 0 0 0 0 0 0 0 
952 9 0 0 0 0 0 0 0 0 0 0 0 
953 9 0 0 0 0 0 0 0 0 0 0 0 
954 9 0 0 0 0 0 0 0 0 0 0 0 
955 9 0 0 0 0 0 0 0 0 0 0 0 
956 9 0 0 0 0 0 0 0 0 0 0 0 
957 9 0 0 0 0 0 0 0 0 0 0 0 
958 9 0 0 0 0 0 0 0 0 0 0 0 
959 9 0 0 0 0 0 0 0 0 0 0 0 
960 9 0 0 0 0 0 0 0 0 0 0 0 
961 9 0 0 0 0 0 0 0 0 0 0 0 
962 9 0 0 0 0 0 0 0 0 0 0 0 
963 9 0 0 0 0 0 0 0 0 0 0 0 
964 9 0 0 0 0 0 0 0 0 0 0 0 
965 9 0 0 0 0 0 0 0 0 0 0 0 
966 9 0 0 0 0 0 0 0 0 0 0 0 
967 9 0 0 0 0 0 0 0 0 0 0 0 
968 9 0 0 0 0 0 0 0 0 0 0 0 
969 9 0 0 0 0 0 0 0 0 0 0 0 
970 9 0 0 0 0 0 0 0 0 0 0 0 
971 9 0 0 0 0 0 0 0 0 0 0 0 
972 9 0 0 0 0 0 0 0 0 0 0 0 
973 9 0 0 0 0 0 0 0 0 0 0 0 
974 9 0 0 0 0 0 0 0 0 0 0 0 
975 9 0 0 0 0 0 0 0 0 0 0 0 
976 9 0 0 0 0 0 0 0 0 0 0 0 
977 9 0 0 0 0 0 0 0 0 0 0 0 
978 9 0 0 0 0 0 0 0 0 0 0 0 
979 9 0 0 0 0 0 0 0 0 0 0 0 
980 9 0 0 0 0 0 0 0 0 0 0 0 
981 9 0 0 0 0 0 0 0 0 0 0 0 
982 9 0 0 0 0 0 0 0 0 0 0 0 
983 9 0 0 0 0 0 0 0 0 0 0 0 
984 9 0 0 0 0 0 0 0 0 0 0 0 
985 9 0 0 0 0 0 0 0 0 0 0 0 
986 9 0 0 0 0 0 0 0 0 0 0 0 
987 9 0 0 0 0 0 0 0 0 0 0 0 
988 9 0 0 0 0 0 0 0 0 0 0 0 
989 9 0 0 0 0 0 0 0 0 0 0 0 
990 9 0 0 0 0 0 0 0 0 0 0 0 
991 9 0 0 0 0 0 0 0 0 0 0 0 
992 9 0 0 0 0 0 0 0 0 0 0 0 
993 9 0 0 0 0 0 0 0 0 0 0 0 
994 9 0 0 0 0 0 0 0 0 0 0 0 
995 9 0 0 0 0 0 0 0 0 0 0 0 
996 9 0 0 0 0 0 0 0 0 0 0 0 
997 9 0 0 0 0 0 0 0 0 0 0 0 
998 9 0 0 0 0 0 0 0 0 0 0 0 
999 9 0 0 0 0 0 0 0 0 0 0 0 
1000 9 0 0 0 0 0 0 0 0 0 0 0 
1001 9 0 0 0 0 0 0 0 0 0 0 0 
1002 9 0 0 0 0 0 0 0 0 0 0 0 
1003 9 0 0 0 0 0 0 0 0 0 0 0 
1004 9 0 0 0 0 0 0 0 0 0 0 0 
1005 9 0 0 0 0 0 0 0 0 0 0 0 
1006 9 0 0 0 0 0 0 0 0 0 0 0 
1007 9 0 0 0 0 0 0 0 0 0 0 0 
1008 9 0 0 0 0 0 0 0 0 0 0 0 
1009 9 0 0 0 0 0 0 0 0 0 0 0 
1010 9 0 0 0 0 0 0 0 0 0 0 0 
1011 9 0 0 0 0 0 0 0 0 0 0 0 
1012 9 0 0 0 0 0 0 0 0 0 0 0 
1013 9 0 0 0 0 0 0 0 0 0 0 0 
1014 9 0 0 0 0 0 0 0 0 0 0 0 
1015 9 0 0 0 0 0 0 0 0 0 0 0 
1016 9 0 0 0 0 0 0 0 0 0 0 0 
1017 9 0 0 0 0 0 0 0 0 0 0 0 
1018 9 0 0 0 0 0 0 0 0 0 0 0 
1019 9 0 0 0 0 0 0 0 0 0 0 0 
1020 9 0 0 0 0 0 0 0 0 0 0 0 
1021 9 0 0 0 0 0 0 0 0 0 0 0 
1022 9 0 0 0 0 0 0 0 0 0 0 0 
1023 10 0 0 0 0 0 0 0 0 0 0 0 
1024 10 0 0 0 0 0 0 0 0 0 0 0 
1025 10 0 0 0 0 0 0 0 0 0 0 0 
1026 10 0 0 0 0 0 0 0 0 0 0 0 
1027 10 0 0 0 0 0 0 0 0 0 0 0 
1028 10 0 0 0 0 0 0 0 0 0 0 0 
1029 10 0 0 0 0 0 0 0 0 0 0 0 
1030 10 0 0 0 0 0 0 0 0 0 0 0 
1031 10 0 0 0 0 0 0 0 0 0 0 0 
1032 10 0 0 0 0 0 0 0 0 0 0 0 
1033 10 0 0 0 0 0 0 0 0 0 0 0 
1034 10 0 0 0 0 0 0 0 0 0 0 0 
1035 10 0 0 0 0 0 0 0 0 0 0 0 
1036 10 0 0 0 0 0 0 0 0 0 0 0 
1037 10 0 0 0 0 0 0 0 0 0 0 0 
1038 10 0 0 0 0 0 0 0 0 0 0 0 
1039 10 0 0 0 0 0 0 0 0 0 0 0 
1040 10 0 0 0 0 0 0 0 0 0 0 0 
1041 10 0 0 0 0 0 0 0 0 0 0 0 
1042 10 0 0 0 0 0 0 0 0 0 0 0 
1043 10 0 0 0 0 0 0 0 0 0 0 0 
1044 10 0 0 0 0 0 0 0 0 0 0 0 
1045 10 0 0 0 0 0 0 0 0 0 0 0 
1046 10 0 0 0 0 0 0 0 0 0 0 0 
1047 10 0 0 0 0 0 0 0 0 0 0 0 
1048 10 0 0 0 0 0 0 0 0 0 0 0 
1049 10 0 0 0 0 0 0 0 0 0 0 0 
1050 10 0 0 0 0 0 0 0 0 0 0 0 
1051 10 0 0 0 0 0 0 0 0 0 0 0 
1052 10 0 0 0 0 0 0 0 0 0 0 0 
1053 10 0 0 0 0 0 0 0 0 0 0 0 
1054 10 0 0 0 0 0 0 0 0 0 0 0 
1055 10 0 0 0 0 0 0 0 0 0 0 0 
1056 10 0 0 0 0 0 0 0 0 0 0 0 
1057 10 0 0 0 0 0 0 0 0 0 0 0 
1058 10 0 0 0 0 0 0 0 0 0 0 0 
1059 10 0 0 0 0 0 0 0 0 0 0 0 
1060 10 0 0 0 0 0 0 0 0 0 0 0 
1061 10 0 0 0 0 0 0 0 0 0 0 0 
1062 10 0 0 0 0 0 0 0 0 0 0 0 
1063 10 0 0 0 0 0 0 0 0 0 0 0 
1064 10 0 0 0 0 0 0 0 0 0 0 0 
1065 10 0 0 0 0 0 0 0 0 0 0 0 
1066 10 0 0 0 0 0 0 0 0 0 0 0 
1067 10 0 0 0 0 0 0 0 0 0 0 0 
1068 10 0 0 0 0 0 0 0 0 0 0 0 
1069 10 0 0 0 0 0 0 0 0 0 0 0 
1070 10 0 0 0 0 0 0 0 0 0 0 0 
1071 10 0 0 0 0 0 0 0 0 0 0 0 
1072 10 0 0 0 0 0 0 0 0 0 0 0 
1073 10 0 0 0 0 0 0 0 0 0 0 0 
1074 10 0 0 0 0 0 0 0 0 0 0 0 
1075 10 0 0 0 0 0 0 0 0 0 0 0 
1076 10 0 0 0 0 0 0 0 0 0 0 0 
1077 10 0 0 0 0 0 0 0 0 0 0 0 
1078 10 0 0 0 0 0 0 0 0 0 0 0 
1079 10 0 0 0 0 0 0 0 0 0 0 0 
1080 10 0 0 0 0 0 0 0 0 0 0 0 
1081 10 0 0 0 0 0 0 0 0 0 0 0 
1082 10 0 0 0 0 0 0 0 0 0 0 0 
1083 10 0 0 0 0 0 0 0 0 0 0 0 
1084 10 0 0 0 0 0 0 0 0 0 0 0 
1085 10 0 0 0 0 0 0 0 0 0 0 0 
1086 10 0 0 0 0 0 0 0 0 0 0 0 
1087 10 0 0 0 0 0 0 0 0 0 0 0 
1088 10 0 0 0 0 0 0 0 0 0 0 0 
1089 10 0 0 0 0 0 0 0 0 0 0 0 
1090 10 0 0 0 0 0 0 0 0 0 0 0 
1091 10 0 0 0 0 0 0 0 0 0 0 0 
1092 10 0 0 0 0 0 0 0 0 0 0 0 
1093 10 0 0 0 0 0 0 0 0 0 0 0 
1094 10 0 0 0 0 0 0 0 0 0 0 0 
1095 10 0 0 0 0 0 0 0 0 0 0 0 
1096 10 0 0 0 0 0 0 0 0 0 0 0 
1097 10 0 0 0 0 0 0 0 0 0 0 0 
1098 10 0 0 0 0 0 0 0 0 0 0 0 
1099 10 0 0 0 0 0 0 0 0 0 0 0 
1100 10 0 0 0 0 0 0 0 0 0 0 0 
1101 10 0 0 0 0 0 0 0 0 0 0 0 
1102 10 0 0 0 0 0 0 0 0 0 0 0 
1103 10 0 0 0 0 0 0 0 0 0 0 0 
1104 10 0 0 0 0 0 0 0 0 0 0 0 
1105 10 0 0 0 0 0 0 0 0 0 0 0 
1106 10 0 0 0 0 0 0 0 0 0 0 0 
1107 10 0 0 0 0 0 0 0 0 0 0 0 
1108 10 0 0 0 0 0 0 0 0 0 0 0 
1109 10 0 0 0 0 0 0 0 0 0 0 0 
1110 10 0 0 0 0 0 0 0 0 0 0 0 
1111 10 0 0 0 0 0 0 0 0 0 0 0 
1112 10 0 0 0 0 0 0 0 0 0 0 0 
1113 10 0 0 0 0 0 0 0 0 0 0 0 
1114 10 0 0 0 0 0 0 0 0 0 0 0 
1115 10 0 0 0 0 0 0 0 0 0 0 0 
1116 10 0 0 0 0 0 0 0 0 0 0 0 
1117 10 0 0 0 0 0 0 0 0 0 0 0 
1118 10 0 0 0 0 0 0 0 0 0 0 0 
1119 10 0 0 0 0 0 0 0 0 0 0 0 
1120 10 0 0 0 0 0 0 0 0 0 0 0 
1121 10 0 0 0 0 0 0 0 0 0 0 0 
1122 10 0 0 0 0 0 0 0 0 0 0 0 
1123 10 0 0 0 0 0 0 0 0 0 0 0 
1124 10 0 0 0 0 0 0 0 0 0 0 0 
1125 10 0 0 0 0 0 0 0 0 0 0 0 
1126 10 0 0 0 0 0 0 0 0 0 0 0 
1127 10 0 0 0 0 0 0 0 0 0 0 0 
1128 10 0 0 0 0 0 0 0 0 0 0 0 
1129 10 0 0 0 0 0 0 0 0 0 0 0 
1130 10 0 0 0 0 0 0 0 0 0 0 0 
1131 10 0 0 0 0 0 0 0 0 0 0 0 
1132 10 0 0 0 0 0 0 0 0 0 0 0 
1133 10 0 0 0 0 0 0 0 0 0 0 0 
1134 10 0 0 0 0 0 0 0 0 0 0 0 
1135 10 0 0 0 0 0 0 0 0 0 0 0 
1136 10 0 0 0 0 0 0 0 0 0 0 0 
1137 10 0 0 0 0 0 0 0 0 0 0 0 
1138 10 0 0 0 0 0 0 0 0 0 0 0 
1139 10 0 0 0 0 0 0 0 0 0 0 0 
1140 10 0 0 0 0 0 0 0 0 0 0 0 
1141 10 0 0 0 0 0 0 0 0 0 0 0 
1142 10 0 0 0 0 0 0 0 0 0 0 0 
1143 10 0 0 0 0 0 0 0 0 0 0 0 
1144 10 0 0 0 0 0 0 0 0 0 0 0 
1145 10 0 0 0 0 0 0 0 0 0 0 0 
1146 10 0 0 0 0 0 0 0 0 0 0 0 
1147 10 0 0 0 0 0 0 0 0 0 0 0 
1148 10 0 0 0 0 0 0 0 0 0 0 0 
1149 10 0 0 0 0 0 0 0 0 0 0 0 
1150 10 0 0 0 0 0 0 0 0 0 0 0 
1151 10 0 0 0 0 0 0 0 0 0 0 0 
1152 10 0 0 0 0 0 0 0 0 0 0 0 
1153 10 0 0 0 0 0 0 0 0 0 0 0 
1154 10 0 0 0 0 0 0 0 0 0 0 0 
1155 10 0 0 0 0 0 0 0 0 0 0 0 
1156 10 0 0 0 0 0 0 0 0 0 0 0 
1157 10 0 0 0 0 0 0 0 0 0 0 0 
1158 10 0 0 0 0 0 0 0 0 0 0 0 
1159 10 0 0 0 0 0 0 0 0 0 0 0 
1160 10 0 0 0 0 0 0 0 0 0 0 0 
1161 10 0 0 0 0 0 0 0 0 0 0 0 
1162 10 0 0 0 0 0 0 0 0 0 0 0 
1163 10 0 0 0 0 0 0 0 0 0 0 0 
1164 10 0 0 0 0 0 0 0 0 0 0 0 
1165 10 0 0 0 0 0 0 0 0 0 0 0 
1166 10 0 0 0 0 0 0 0 0 0 0 0 
1167 10 0 0 0 0 0 0 0 0 0 0 0 
1168 10 0 0 0 0 0 0 0 0 0 0 0 
1169 10 0 0 0 0 0 0 0 0 0 0 0 
1170 10 0 0 0 0 0 0 0 0 0 0 0 
1171 10 0 0 0 0 0 0 0 0 0 0 0 
1172 10 0 0 0 0 0 0 0 0 0 0 0 
1173 10 0 0 0 0 0 0 0 0 0 0 0 
1174 10 0 0 0 0 0 0 0 0 0 0 0 
1175 10 0 0 0 0 0 0 0 0 0 0 0 
1176 10 0 0 0 0 0 0 0 0 0 0 0 
1177 10 0 0 0 0 0 0 0 0 0 0 0 
1178 10 0 0 0 0 0 0 0 0 0 0 0 
1179 10 0 0 0 0 0 0 0 0 0 0 0 
1180 10 0 0 0 0 0 0 0 0 0 0 0 
1181 10 0 0 0 0 0 0 0 0 0 0 0 
1182 10 0 0 0 0 0 0 0 0 0 0 0 
1183 10 0 0 0 0 0 0 0 0 0 0 0 
1184 10 0 0 0 0 0 0 0 0 0 0 0 
1185 10 0 0 0 0 0 0 0 0 0 0 0 
1186 10 0 0 0 0 0 0 0 0 0 0 0 
1187 10 0 0 0 0 0 0 0 0 0 0 0 
1188 10 0 0 0 0 0 0 0 0 0 0 0 
1189 10 0 0 0 0 0 0 0 0 0 0 0 
1190 10 0 0 0 0 0 0 0 0 0 0 0 
1191 10 0 0 0 0 0 0 0 0 0 0 0 
1192 10 0 0 0 0 0 0 0 0 0 0 0 
1193 10 0 0 0 0 0 0 0 0 0 0 0 
1194 10 0 0 0 0 0 0 0 0 0 0 0 
1195 10 0 0 0 0 0 0 0 0 0 0 0 
1196 10 0 0 0 0 0 0 0 0 0 0 0 
1197 10 0 0 0 0 0 0 0 0 0 0 0 
1198 10 0 0 0 0 0 0 0 0 0 0 0 
1199 10 0 0 0 0 0 0 0 0 0 0 0 
1200 10 0 0 0 0 0 0 0 0 0 0 0 
1201 10 0 0 0 0 0 0 0 0 0 0 0 
1202 10 0 0 0 0 0 0 0 0 0 0 0 
1203 10 0 0 0 0 0 0 0 0 0 0 0 
1204 10 0 0 0 0 0 0 0 0 0 0 0 
1205 10 0 0 0 0 0 0 0 0 0 0 0 
1206 10 0 0 0 0 0 0 0 0 0 0 0 
1207 10 0 0 0 0 0 0 0 0 0 0 0 
1208 10 0 0 0 0 0 0 0 0 0 0 0 
1209 10 0 0 0 0 0 0 0 0 0 0 0 
1210 10 0 0 0 0 0 0 0 0 0 0 0 
1211 10 0 0 0 0 0 0 0 0 0 0 0 
1212 10 0 0 0 0 0 0 0 0 0 0 0 
1213 10 0 0 0 0 0 0 0 0 0 0 0 
1214 10 0 0 0 0 0 0 0 0 0 0 0 
1215 10 0 0 0 0 0 0 0 0 0 0 0 
1216 10 0 0 0 0 0 0 0 0 0 0 0 
1217 10 0 0 0 0 0 0 0 0 0 0 0 
1218 10 0 0 0 0 0 0 0 0 0 0 0 
1219 10 0 0 0 0 0 0 0 0 0 0 0 
1220 10 0 0 0 0 0 0 0 0 0 0 0 
1221 10 0 0 0 0 0 0 0 0 0 0 0 
1222 10 0 0 0 0 0 0 0 0 0 0 0 
1223 10 0 0 0 0 0 0 0 0 0 0 0 
1224 10 0 0 0 0 0 0 0 0 0 0 0 
1225 10 0 0 0 0 0 0 0 0 0 0 0 
1226 10 0 0 0 0 0 0 0 0 0 0 0 
1227 10 0 0 0 0 0 0 0 0 0 0 0 
1228 10 0 0 0 0 0 0 0 0 0 0 0 
1229 10 0 0 0 0 0 0 0 0 0 0 0 
1230 10 0 0 0 0 0 0 0 0 0 0 0 
1231 10 0 0 0 0 0 0 0 0 0 0 0 
1232 10 0 0 0 0 0 0 0 0 0 0 0 
1233 10 0 0 0 0 0 0 0 0 0 0 0 
1234 10 0 0 0 0 0 0 0 0 0 0 0 
1235 10 0 0 0 0 0 0 0 0 0 0 0 
1236 10 0 0 0 0 0 0 0 0 0 0 0 
1237 10 0 0 0 0 0 0 0 0 0 0 0 
1238 10 0 0 0 0 0 0 0 0 0 0 0 
1239 10 0 0 0 0 0 0 0 0 0 0 0 
1240 10 0 0 0 0 0 0 0 0 0 0 0 
1241 10 0 0 0 0 0 0 0 0 0 0 0 
1242 10 0 0 0 0 0 0 0 0 0 0 0 
1243 10 0 0 0 0 0 0 0 0 0 0 0 
1244 10 0 0 0 0 0 0 0 0 0 0 0 
1245 10 0 0 0 0 0 0 0 0 0 0 0 
1246 10 0 0 0 0 0 0 0 0 0 0 0 
1247 10 0 0 0 0 0 0 0 0 0 0 0 
1248 10 0 0 0 0 0 0 0 0 0 0 0 
1249 10 0 0 0 0 0 0 0 0 0 0 0 
1250 10 0 0 0 0 0 0 0 0 0 0 0 
1251 10 0 0 0 0 0 0 0 0 0 0 0 
1252 10 0 0 0 0 0 0 0 0 0 0 0 
1253 10 0 0 0 0 0 0 0 0 0 0 0 
1254 10 0 0 0 0 0 0 0 0 0 0 0 
1255 10 0 0 0 0 0 0 0 0 0 0 0 
1256 10 0 0 0 0 0 0 0 0 0 0 0 
1257 10 0 0 0 0 0 0 0 0 0 0 0 
1258 10 0 0 0 0 0 0 0 0 0 0 0 
1259 10 0 0 0 0 0 0 0 0 0 0 0 
1260 10 0 0 0 0 0 0 0 0 0 0 0 
1261 10 0 0 0 0 0 0 0 0 0 0 0 
1262 10 0 0 0 0 0 0 0 0 0 0 0 
1263 10 0 0 0 0 0 0 0 0 0 0 0 
1264 10 0 0 0 0 0 0 0 0 0 0 0 
1265 10 0 0 0 0 0 0 0 0 0 0 0 
1266 10 0 0 0 0 0 0 0 0 0 0 0 
1267 10 0 0 0 0 0 0 0 0 0 0 0 
1268 10 0 0 0 0 0 0 0 0 0 0 0 
1269 10 0 0 0 0 0 0 0 0 0 0 0 
1270 10 0 0 0 0 0 0 0 0 0 0 0 
1271 10 0 0 0 0 0 0 0 0 0 0 0 
1272 10 0 0 0 0 0 0 0 0 0 0 0 
1273 10 0 0 0 0 0 0 0 0 0 0 0 
1274 10 0 0 0 0 0 0 0 0 0 0 0 
1275 10 0 0 0 0 0 0 0 0 0 0 0 
1276 10 0 0 0 0 0 0 0 0 0 0 0 
1277 10 0 0 0 0 0 0 0 0 0 0 0 
1278 10 0 0 0 0 0 0 0 0 0 0 0 
1279 10 0 0 0 0 0 0 0 0 0 0 0 
1280 10 0 0 0 0 0 0 0 0 0 0 0 
1281 10 0 0 0 0 0 0 0 0 0 0 0 
1282 10 0 0 0 0 0 0 0 0 0 0 0 
1283 10 0 0 0 0 0 0 0 0 0 0 0 
1284 10 0 0 0 0 0 0 0 0 0 0 0 
1285 10 0 0 0 0 0 0 0 0 0 0 0 
1286 10 0 0 0 0 0 0 0 0 0 0 0 
1287 10 0 0 0 0 0 0 0 0 0 0 0 
1288 10 0 0 0 0 0 0 0 0 0 0 0 
1289 10 0 0 0 0 0 0 0 0 0 0 0 
1290 10 0 0 0 0 0 0 0 0 0 0 0 
1291 10 0 0 0 0 0 0 0 0 0 0 0 
1292 10 0 0 0 0 0 0 0 0 0 0 0 
1293 10 0 0 0 0 0 0 0 0 0 0 0 
1294 10 0 0 0 0 0 0 0 0 0 0 0 
1295 10 0 0 0 0 0 0 0 0 0 0 0 
1296 10 0 0 0 0 0 0 0 0 0 0 0 
1297 10 0 0 0 0 0 0 0 0 0 0 0 
1298 10 0 0 0 0 0 0 0 0 0 0 0 
1299 10 0 0 0 0 0 0 0 0 0 0 0 
1300 10 0 0 0 0 0 0 0 0 0 0 0 
1301 10 0 0 0 0 0 0 0 0 0 0 0 
1302 10 0 0 0 0 0 0 0 0 0 0 0 
1303 10 0 0 0 0 0 0 0 0 0 0 0 
1304 10 0 0 0 0 0 0 0 0 0 0 0 
1305 10 0 0 0 0 0 0 0 0 0 0 0 
1306 10 0 0 0 0 0 0 0 0 0 0 0 
1307 10 0 0 0 0 0 0 0 0 0 0 0 
1308 10 0 0 0 0 0 0 0 0 0 0 0 
1309 10 0 0 0 0 0 0 0 0 0 0 0 
1310 10 0 0 0 0 0 0 0 0 0 0 0 
1311 10 0 0 0 0 0 0 0 0 0 0 0 
1312 10 0 0 0 0 0 0 0 0 0 0 0 
1313 10 0 0 0 0 0 0 0 0 0 0 0 
1314 10 0 0 0 0 0 0 0 0 0 0 0 
1315 10 0 0 0 0 0 0 0 0 0 0 0 
1316 10 0 0 0 0 0 0 0 0 0 0 0 
1317 10 0 0 0 0 0 0 0 0 0 0 0 
1318 10 0 0 0 0 0 0 0 0 0 0 0 
1319 10 0 0 0 0 0 0 0 0 0 0 0 
1320 10 0 0 0 0 0 0 0 0 0 0 0 
1321 10 0 0 0 0 0 0 0 0 0 0 0 
1322 10 0 0 0 0 0 0 0 0 0 0 0 
1323 10 0 0 0 0 0 0 0 0 0 0 0 
1324 10 0 0 0 0 0 0 0 0 0 0 0 
1325 10 0 0 0 0 0 0 0 0 0 0 0 
1326 10 0 0 0 0 0 0 0 0 0 0 0 
1327 10 0 0 0 0 0 0 0 0 0 0 0 
1328 10 0 0 0 0 0 0 0 0 0 0 0 
1329 10 0 0 0 0 0 0 0 0 0 0 0 
1330 10 0 0 0 0 0 0 0 0 0 0 0 
1331 10 0 0 0 0 0 0 0 0 0 0 0 
1332 10 0 0 0 0 0 0 0 0 0 0 0 
1333 10 0 0 0 0 0 0 0 0 0 0 0 
1334 10 0 0 0 0 0 0 0 0 0 0 0 
1335 10 0 0 0 0 0 0 0 0 0 0 0 
1336 10 0 0 0 0 0 0 0 0 0 0 0 
1337 10 0 0 0 0 0 0 0 0 0 0 0 
1338 10 0 0 0 0 0 0 0 0 0 0 0 
1339 10 0 0 0 0 0 0 0 0 0 0 0 
1340 10 0 0 0 0 0 0 0 0 0 0 0 
1341 10 0 0 0 0 0 0 0 0 0 0 0 
1342 10 0 0 0 0 0 0 0 0 0 0 0 
1343 10 0 0 0 0 0 0 0 0 0 0 0 
1344 10 0 0 0 0 0 0 0 0 0 0 0 
1345 10 0 0 0 0 0 0 0 0 0 0 0 
1346 10 0 0 0 0 0 0 0 0 0 0 0 
1347 10 0 0 0 0 0 0 0 0 0 0 0 
1348 10 0 0 0 0 0 0 0 0 0 0 0 
1349 10 0 0 0 0 0 0 0 0 0 0 0 
1350 10 0 0 0 0 0 0 0 0 0 0 0 
1351 10 0 0 0 0 0 0 0 0 0 0 0 
1352 10 0 0 0 0 0 0 0 0 0 0 0 
1353 10 0 0 0 0 0 0 0 0 0 0 0 
1354 10 0 0 0 0 0 0 0 0 0 0 0 
1355 10 0 0 0 0 0 0 0 0 0 0 0 
1356 10 0 0 0 0 0 0 0 0 0 0 0 
1357 10 0 0 0 0 0 0 0 0 0 0 0 
1358 10 0 0 0 0 0 0 0 0 0 0 0 
1359 10 0 0 0 0 0 0 0 0 0 0 0 
1360 10 0 0 0 0 0 0 0 0 0 0 0 
1361 10 0 0 0 0 0 0 0 0 0 0 0 
1362 10 0 0 0 0 0 0 0 0 0 0 0 
1363 10 0 0 0 0 0 0 0 0 0 0 0 
1364 10 0 0 0 0 0 0 0 0 0 0 0 
1365 10 0 0 0 0 0 0 0 0 0 0 0 
1366 10 0 0 0 0 0 0 0 0 0 0 0 
1367 10 0 0 0 0 0 0 0 0 0 0 0 
1368 10 0 0 0 0 0 0 0 0 0 0 0 
1369 10 0 0 0 0 0 0 0 0 0 0 0 
1370 10 0 0 0 0 0 0 0 0 0 0 0 
1371 10 0 0 0 0 0 0 0 0 0 0 0 
1372 10 0 0 0 0 0 0 0 0 0 0 0 
1373 10 0 0 0 0 0 0 0 0 0 0 0 
1374 10 0 0 0 0 0 0 0 0 0 0 0 
1375 10 0 0 0 0 0 0 0 0 0 0 0 
1376 10 0 0 0 0 0 0 0 0 0 0 0 
1377 10 0 0 0 0 0 0 0 0 0 0 0 
1378 10 0 0 0 0 0 0 0 0 0 0 0 
1379 10 0 0 0 0 0 0 0 0 0 0 0 
1380 10 0 0 0 0 0 0 0 0 0 0 0 
1381 10 0 0 0 0 0 0 0 0 0 0 0 
1382 10 0 0 0 0 0 0 0 0 0 0 0 
1383 10 0 0 0 0 0 0 0 0 0 0 0 
1384 10 0 0 0 0 0 0 0 0 0 0 0 
1385 10 0 0 0 0 0 0 0 0 0 0 0 
1386 10 0 0 0 0 0 0 0 0 0 0 0 
1387 10 0 0 0 0 0 0 0 0 0 0 0 
1388 10 0 0 0 0 0 0 0 0 0 0 0 
1389 10 0 0 0 0 0 0 0 0 0 0 0 
1390 10 0 0 0 0 0 0 0 0 0 0 0 
1391 10 0 0 0 0 0 0 0 0 0 0 0 
1392 10 0 0 0 0 0 0 0 0 0 0 0 
1393 10 0 0 0 0 0 0 0 0 0 0 0 
1394 10 0 0 0 0 0 0 0 0 0 0 0 
1395 10 0 0 0 0 0 0 0 0 0 0 0 
1396 10 0 0 0 0 0 0 0 0 0 0 0 
1397 10 0 0 0 0 0 0 0 0 0 0 0 
1398 10 0 0 0 0 0 0 0 0 0 0 0 
1399 10 0 0 0 0 0 0 0 0 0 0 0 
1400 10 0 0 0 0 0 0 0 0 0 0 0 
1401 10 0 0 0 0 0 0 0 0 0 0 0 
1402 10 0 0 0 0 0 0 0 0 0 0 0 
1403 10 0 0 0 0 0 0 0 0 0 0 0 
1404 10 0 0 0 0 0 0 0 0 0 0 0 
1405 10 0 0 0 0 0 0 0 0 0 0 0 
1406 10 0 0 0 0 0 0 0 0 0 0 0 
1407 10 0 0 0 0 0 0 0 0 0 0 0 
1408 10 0 0 0 0 0 0 0 0 0 0 0 
1409 10 0 0 0 0 0 0 0 0 0 0 0 
1410 10 0 0 0 0 0 0 0 0 0 0 0 
1411 10 0 0 0 0 0 0 0 0 0 0 0 
1412 10 0 0 0 0 0 0 0 0 0 0 0 
1413 10 0 0 0 0 0 0 0 0 0 0 0 
1414 10 0 0 0 0 0 0 0 0 0 0 0 
1415 10 0 0 0 0 0 0 0 0 0 0 0 
1416 10 0 0 0 0 0 0 0 0 0 0 0 
1417 10 0 0 0 0 0 0 0 0 0 0 0 
1418 10 0 0 0 0 0 0 0 0 0 0 0 
1419 10 0 0 0 0 0 0 0 0 0 0 0 
1420 10 0 0 0 0 0 0 0 0 0 0 0 
1421 10 0 0 0 0 0 0 0 0 0 0 0 
1422 10 0 0 0 0 0 0 0 0 0 0 0 
1423 10 0 0 0 0 0 0 0 0 0 0 0 
1424 10 0 0 0 0 0 0 0 0 0 0 0 
1425 10 0 0 0 0 0 0 0 0 0 0 0 
1426 10 0 0 0 0 0 0 0 0 0 0 0 
1427 10 0 0 0 0 0 0 0 0 0 0 0 
1428 10 0 0 0 0 0 0 0 0 0 0 0 
1429 10 0 0 0 0 0 0 0 0 0 0 0 
1430 10 0 0 0 0 0 0 0 0 0 0 0 
1431 10 0 0 0 0 0 0 0 0 0 0 0 
1432 10 0 0 0 0 0 0 0 0 0 0 0 
1433 10 0 0 0 0 0 0 0 0 0 0 0 
1434 10 0 0 0 0 0 0 0 0 0 0 0 
1435 10 0 0 0 0 0 0 0 0 0 0 0 
1436 10 0 0 0 0 0 0 0 0 0 0 0 
1437 10 0 0 0 0 0 0 0 0 0 0 0 
1438 10 0 0 0 0 0 0 0 0 0 0 0 
1439 10 0 0 0 0 0 0 0 0 0 0 0 
1440 10 0 0 0 0 0 0 0 0 0 0 0 
1441 10 0 0 0 0 0 0 0 0 0 0 0 
1442 10 0 0 0 0 0 0 0 0 0 0 0 
1443 10 0 0 0 0 0 0 0 0 0 0 0 
1444 10 0 0 0 0 0 0 0 0 0 0 0 
1445 10 0 0 0 0 0 0 0 0 0 0 0 
1446 10 0 0 0 0 0 0 0 0 0 0 0 
1447 10 0 0 0 0 0 0 0 0 0 0 0 
1448 10 0 0 0 0 0 0 0 0 0 0 0 
1449 10 0 0 0 0 0 0 0 0 0 0 0 
1450 10 0 0 0 0 0 0 0 0 0 0 0 
1451 10 0 0 0 0 0 0 0 0 0 0 0 
1452 10 0 0 0 0 0 0 0 0 0 0 0 
1453 10 0 0 0 0 0 0 0 0 0 0 0 
1454 10 0 0 0 0 0 0 0 0 0 0 0 
1455 10 0 0 0 0 0 0 0 0 0 0 0 
1456 10 0 0 0 0 0 0 0 0 0 0 0 
1457 10 0 0 0 0 0 0 0 0 0 0 0 
1458 10 0 0 0 0 0 0 0 0 0 0 0 
1459 10 0 0 0 0 0 0 0 0 0 0 0 
1460 10 0 0 0 0 0 0 0 0 0 0 0 
1461 10 0 0 0 0 0 0 0 0 0 0 0 
1462 10 0 0 0 0 0 0 0 0 0 0 0 
1463 10 0 0 0 0 0 0 0 0 0 0 0 
1464 10 0 0 0 0 0 0 0 0 0 0 0 
1465 10 0 0 0 0 0 0 0 0 0 0 0 
1466 10 0 0 0 0 0 0 0 0 0 0 0 
1467 10 0 0 0 0 0 0 0 0 0 0 0 
1468 10 0 0 0 0 0 0 0 0 0 0 0 
1469 10 0 0 0 0 0 0 0 0 0 0 0 
1470 10 0 0 0 0 0 0 0 0 0 0 0 
1471 10 0 0 0 0 0 0 0 0 0 0 0 
1472 10 0 0 0 0 0 0 0 0 0 0 0 
1473 10 0 0 0 0 0 0 0 0 0 0 0 
1474 10 0 0 0 0 0 0 0 0 0 0 0 
1475 10 0 0 0 0 0 0 0 0 0 0 0 
1476 10 0 0 0 0 0 0 0 0 0 0 0 
1477 10 0 0 0 0 0 0 0 0 0 0 0 
1478 10 0 0 0 0 0 0 0 0 0 0 0 
1479 10 0 0 0 0 0 0 0 0 0 0 0 
1480 10 0 0 0 0 0 0 0 0 0 0 0 
1481 10 0 0 0 0 0 0 0 0 0 0 0 
1482 10 0 0 0 0 0 0 0 0 0 0 0 
1483 10 0 0 0 0 0 0 0 0 0 0 0 
1484 10 0 0 0 0 0 0 0 0 0 0 0 
1485 10 0 0 0 0 0 0 0 0 0 0 0 
1486 10 0 0 0 0 0 0 0 0 0 0 0 
1487 10 0 0 0 0 0 0 0 0 0 0 0 
1488 10 0 0 0 0 0 0 0 0 0 0 0 
1489 10 0 0 0 0 0 0 0 0 0 0 0 
1490 10 0 0 0 0 0 0 0 0 0 0 0 
1491 10 0 0 0 0 0 0 0 0 0 0 0 
1492 10 0 0 0 0 0 0 0 0 0 0 0 
1493 10 0 0 0 0 0 0 0 0 0 0 0 
1494 10 0 0 0 0 0 0 0 0 0 0 0 
1495 10 0 0 0 0 0 0 0 0 0 0 0 
1496 10 0 0 0 0 0 0 0 0 0 0 0 
1497 10 0 0 0 0 0 0 0 0 0 0 0 
1498 10 0 0 0 0 0 0 0 0 0 0 0 
1499 10 0 0 0 0 0 0 0 0 0 0 0 
1500 10 0 0 0 0 0 0 0 0 0 0 0 
1501 10 0 0 0 0 0 0 0 0 0 0 0 
1502 10 0 0 0 0 0 0 0 0 0 0 0 
1503 10 0 0 0 0 0 0 0 0 0 0 0 
1504 10 0 0 0 0 0 0 0 0 0 0 0 
1505 10 0 0 0 0 0 0 0 0 0 0 0 
1506 10 0 0 0 0 0 0 0 0 0 0 0 
1507 10 0 0 0 0 0 0 0 0 0 0 0 
1508 10 0 0 0 0 0 0 0 0 0 0 0 
1509 10 0 0 0 0 0 0 0 0 0 0 0 
1510 10 0 0 0 0 0 0 0 0 0 0 0 
1511 10 0 0 0 0 0 0 0 0 0 0 0 
1512 10 0 0 0 0 0 0 0 0 0 0 0 
1513 10 0 0 0 0 0 0 0 0 0 0 0 
1514 10 0 0 0 0 0 0 0 0 0 0 0 
1515 10 0 0 0 0 0 0 0 0 0 0 0 
1516 10 0 0 0 0 0 0 0 0 0 0 0 
1517 10 0 0 0 0 0 0 0 0 0 0 0 
1518 10 0 0 0 0 0 0 0 0 0 0 0 
1519 10 0 0 0 0 0 0 0 0 0 0 0 
1520 10 0 0 0 0 0 0 0 0 0 0 0 
1521 10 0 0 0 0 0 0 0 0 0 0 0 
1522 10 0 0 0 0 0 0 0 0 0 0 0 
1523 10 0 0 0 0 0 0 0 0 0 0 0 
1524 10 0 0 0 0 0 0 0 0 0 0 0 
1525 10 0 0 0 0 0 0 0 0 0 0 0 
1526 10 0 0 0 0 0 0 0 0 0 0 0 
1527 10 0 0 0 0 0 0 0 0 0 0 0 
1528 10 0 0 0 0 0 0 0 0 0 0 0 
1529 10 0 0 0 0 0 0 0 0 0 0 0 
1530 10 0 0 0 0 0 0 0 0 0 0 0 
1531 10 0 0 0 0 0 0 0 0 0 0 0 
1532 10 0 0 0 0 0 0 0 0 0 0 0 
1533 10 0 0 0 0 0 0 0 0 0 0 0 
1534 10 0 0 0 0 0 0 0 0 0 0 0 
1535 10 0 0 0 0 0 0 0 0 0 0 0 
1536 10 0 0 0 0 0 0 0 0 0 0 0 
1537 10 0 0 0 0 0 0 0 0 0 0 0 
1538 10 0 0 0 0 0 0 0 0 0 0 0 
1539 10 0 0 0 0 0 0 0 0 0 0 0 
1540 10 0 0 0 0 0 0 0 0 0 0 0 
1541 10 0 0 0 0 0 0 0 0 0 0 0 
1542 10 0 0 0 0 0 0 0 0 0 0 0 
1543 10 0 0 0 0 0 0 0 0 0 0 0 
1544 10 0 0 0 0 0 0 0 0 0 0 0 
1545 10 0 0 0 0 0 0 0 0 0 0 0 
1546 10 0 0 0 0 0 0 0 0 0 0 0 
1547 10 0 0 0 0 0 0 0 0 0 0 0 
1548 10 0 0 0 0 0 0 0 0 0 0 0 
1549 10 0 0 0 0 0 0 0 0 0 0 0 
1550 10 0 0 0 0 0 0 0 0 0 0 0 
1551 10 0 0 0 0 0 0 0 0 0 0 0 
1552 10 0 0 0 0 0 0 0 0 0 0 0 
1553 10 0 0 0 0 0 0 0 0 0 0 0 
1554 10 0 0 0 0 0 0 0 0 0 0 0 
1555 10 0 0 0 0 0 0 0 0 0 0 0 
1556 10 0 0 0 0 0 0 0 0 0 0 0 
1557 10 0 0 0 0 0 0 0 0 0 0 0 
1558 10 0 0 0 0 0 0 0 0 0 0 0 
1559 10 0 0 0 0 0 0 0 0 0 0 0 
1560 10 0 0 0 0 0 0 0 0 0 0 0 
1561 10 0 0 0 0 0 0 0 0 0 0 0 
1562 10 0 0 0 0 0 0 0 0 0 0 0 
1563 10 0 0 0 0 0 0 0 0 0 0 0 
1564 10 0 0 0 0 0 0 0 0 0 0 0 
1565 10 0 0 0 0 0 0 0 0 0 0 0 
1566 10 0 0 0 0 0 0 0 0 0 0 0 
1567 10 0 0 0 0 0 0 0 0 0 0 0 
1568 10 0 0 0 0 0 0 0 0 0 0 0 
1569 10 0 0 0 0 0 0 0 0 0 0 0 
1570 10 0 0 0 0 0 0 0 0 0 0 0 
1571 10 0 0 0 0 0 0 0 0 0 0 0 
1572 10 0 0 0 0 0 0 0 0 0 0 0 
1573 10 0 0 0 0 0 0 0 0 0 0 0 
1574 10 0 0 0 0 0 0 0 0 0 0 0 
1575 10 0 0 0 0 0 0 0 0 0 0 0 
1576 10 0 0 0 0 0 0 0 0 0 0 0 
1577 10 0 0 0 0 0 0 0 0 0 0 0 
1578 10 0 0 0 0 0 0 0 0 0 0 0 
1579 10 0 0 0 0 0 0 0 0 0 0 0 
1580 10 0 0 0 0 0 0 0 0 0 0 0 
1581 10 0 0 0 0 0 0 0 0 0 0 0 
1582 10 0 0 0 0 0 0 0 0 0 0 0 
1583 10 0 0 0 0 0 0 0 0 0 0 0 
1584 10 0 0 0 0 0 0 0 0 0 0 0 
1585 10 0 0 0 0 0 0 0 0 0 0 0 
1586 10 0 0 0 0 0 0 0 0 0 0 0 
1587 10 0 0 0 0 0 0 0 0 0 0 0 
1588 10 0 0 0 0 0 0 0 0 0 0 0 
1589 10 0 0 0 0 0 0 0 0 0 0 0 
1590 10 0 0 0 0 0 0 0 0 0 0 0 
1591 10 0 0 0 0 0 0 0 0 0 0 0 
1592 10 0 0 0 0 0 0 0 0 0 0 0 
1593 10 0 0 0 0 0 0 0 0 0 0 0 
1594 10 0 0 0 0 0 0 0 0 0 0 0 
1595 10 0 0 0 0 0 0 0 0 0 0 0 
1596 10 0 0 0 0 0 0 0 0 0 0 0 
1597 10 0 0 0 0 0 0 0 0 0 0 0 
1598 10 0 0 0 0 0 0 0 0 0 0 0 
1599 10 0 0 0 0 0 0 0 0 0 0 0 
1600 10 0 0 0 0 0 0 0 0 0 0 0 
1601 10 0 0 0 0 0 0 0 0 0 0 0 
1602 10 0 0 0 0 0 0 0 0 0 0 0 
1603 10 0 0 0 0 0 0 0 0 0 0 0 
1604 10 0 0 0 0 0 0 0 0 0 0 0 
1605 10 0 0 0 0 0 0 0 0 0 0 0 
1606 10 0 0 0 0 0 0 0 0 0 0 0 
1607 10 0 0 0 0 0 0 0 0 0 0 0 
1608 10 0 0 0 0 0 0 0 0 0 0 0 
1609 10 0 0 0 0 0 0 0 0 0 0 0 
1610 10 0 0 0 0 0 0 0 0 0 0 0 
1611 10 0 0 0 0 0 0 0 0 0 0 0 
1612 10 0 0 0 0 0 0 0 0 0 0 0 
1613 10 0 0 0 0 0 0 0 0 0 0 0 
1614 10 0 0 0 0 0 0 0 0 0 0 0 
1615 10 0 0 0 0 0 0 0 0 0 0 0 
1616 10 0 0 0 0 0 0 0 0 0 0 0 
1617 10 0 0 0 0 0 0 0 0 0 0 0 
1618 10 0 0 0 0 0 0 0 0 0 0 0 
1619 10 4 0 0 0 0 0 0 0 0 0 0 
1620 10 5 0 0 0 0 0 0 0 0 0 0 
1621 10 0 0 0 0 0 0 0 0 0 0 0 
1622 10 0 0 0 0 0 0 0 0 0 0 0 
1623 10 0 0 0 0 0 0 0 0 0 0 0 
1624 10 0 0 0 0 0 0 0 0 0 0 0 
1625 10 0 0 0 0 0 0 0 0 0 0 0 
1626 10 0 0 0 0 0 0 0 0 0 0 0 
1627 10 0 0 0 0 0 0 0 0 0 0 0 
1628 10 0 0 0 0 0 0 0 0 0 0 0 
1629 10 0 0 0 0 0 0 0 0 0 0 0 
1630 10 0 0 0 0 0 0 0 0 0 0 0 
1631 10 8 0 0 0 0 0 0 0 0 0 0 
1632 10 9 0 0 0 0 0 0 0 0 0 0 
1633 10 10 0 0 0 0 0 0 0 0 0 0 
1634 10 11 0 0 0 0 0 0 0 0 0 0 
1635 10 12 0 0 0 0 0 0 0 0 0 0 
1636 10 13 0 0 0 0 0 0 0 0 0 0 
1637 10 14 0 0 0 0 0 0 0 0 0 0 
1638 10 15 0 0 0 0 0 0 0 0 0 0 
1639 10 16 0 0 0 0 0 0 0 0 0 0 
1640 10 17 0 0 0 0 0 0 0 0 0 0 
1641 10 0 0 0 0 0 0 0 0 0 0 0 
1642 10 0 0 0 0 0 0 0 0 0 0 0 
1643 10 0 0 0 0 0 0 0 0 0 0 0 
1644 10 0 0 0 0 0 0 0 0 0 0 0 
1645 10 20 0 0 0 0 0 0 0 0 0 0 
1646 10 21 0 0 0 0 0 0 0 0 0 0 
1647 10 0 0 0 0 0 0 0 0 0 0 0 
1648 10 0 0 0 0 0 0 0 0 0 0 0 
1649 10 0 0 0 0 0 0 0 0 0 0 0 
1650 10 0 0 0 0 0 0 0 0 0 0 0 
1651 10 0 0 0 0 0 0 0 0 0 0 0 
1652 10 0 0 0 0 0 0 0 0 0 0 0 
1653 10 0 0 0 0 0 0 0 0 0 0 0 
1654 10 0 0 0 0 0 0 0 0 0 0 0 
1655 10 0 0 0 0 0 0 0 0 0 0 0 
1656 10 0 0 0 0 0 0 0 0 0 0 0 
1657 10 0 0 0 0 0 0 0 0 0 0 0 
1658 10 0 0 0 0 0 0 0 0 0 0 0 
1659 10 0 0 0 0 0 0 0 0 0 0 0 
1660 10 0 0 0 0 0 0 0 0 0 0 0 
1661 10 0 0 0 0 0 0 0 0 0 0 0 
1662 10 0 0 0 0 0 0 0 0 0 0 0 
1663 10 0 0 0 0 0 0 0 0 0 0 0 
1664 10 0 0 0 0 0 0 0 0 0 0 0 
1665 10 0 0 0 0 0 0 0 0 0 0 0 
1666 10 0 0 0 0 0 0 0 0 0 0 0 
1667 10 0 0 0 0 0 0 0 0 0 0 0 
1668 10 0 0 0 0 0 0 0 0 0 0 0 
1669 10 0 0 0 0 0 0 0 0 0 0 0 
1670 10 0 0 0 0 0 0 0 0 0 0 0 
1671 10 0 0 0 0 0 0 0 0 0 0 0 
1672 10 0 0 0 0 0 0 0 0 0 0 0 
1673 10 0 0 0 0 0 0 0 0 0 0 0 
1674 10 0 0 0 0 0 0 0 0 0 0 0 
1675 10 0 0 0 0 0 0 0 0 0 0 0 
1676 10 0 0 0 0 0 0 0 0 0 0 0 
1677 10 0 0 0 0 0 0 0 0 0 0 0 
1678 10 0 0 0 0 0 0 0 0 0 0 0 
1679 10 0 0 0 0 0 0 0 0 0 0 0 
1680 10 0 0 0 0 0 0 0 0 0 0 0 
1681 10 0 0 0 0 0 0 0 0 0 0 0 
1682 10 0 0 0 0 0 0 0 0 0 0 0 
1683 10 0 0 0 0 0 0 0 0 0 0 0 
1684 10 0 0 0 0 0 0 0 0 0 0 0 
1685 10 0 0 0 0 0 0 0 0 0 0 0 
1686 10 0 0 0 0 0 0 0 0 0 0 0 
1687 10 0 0 0 0 0 0 0 0 0 0 0 
1688 10 0 0 0 0 0 0 0 0 0 0 0 
1689 10 0 0 0 0 0 0 0 0 0 0 0 
1690 10 0 0 0 0 0 0 0 0 0 0 0 
1691 10 0 0 0 0 0 0 0 0 0 0 0 
1692 10 0 0 0 0 0 0 0 0 0 0 0 
1693 10 0 0 0 0 0 0 0 0 0 0 0 
1694 10 0 0 0 0 0 0 0 0 0 0 0 
1695 10 0 0 0 0 0 0 0 0 0 0 0 
1696 10 0 0 0 0 0 0 0 0 0 0 0 
1697 10 0 0 0 0 0 0 0 0 0 0 0 
1698 10 0 0 0 0 0 0 0 0 0 0 0 
1699 10 0 0 0 0 0 0 0 0 0 0 0 
1700 10 0 0 0 0 0 0 0 0 0 0 0 
1701 10 0 0 0 0 0 0 0 0 0 0 0 
1702 10 0 0 0 0 0 0 0 0 0 0 0 
1703 10 0 0 0 0 0 0 0 0 0 0 0 
1704 10 0 0 0 0 0 0 0 0 0 0 0 
1705 10 0 0 0 0 0 0 0 0 0 0 0 
1706 10 0 0 0 0 0 0 0 0 0 0 0 
1707 10 0 0 0 0 0 0 0 0 0 0 0 
1708 10 0 0 0 0 0 0 0 0 0 0 0 
1709 10 0 0 0 0 0 0 0 0 0 0 0 
1710 10 0 0 0 0 0 0 0 0 0 0 0 
1711 10 0 0 0 0 0 0 0 0 0 0 0 
1712 10 0 0 0 0 0 0 0 0 0 0 0 
1713 10 0 0 0 0 0 0 0 0 0 0 0 
1714 10 0 0 0 0 0 0 0 0 0 0 0 
1715 10 0 0 0 0 0 0 0 0 0 0 0 
1716 10 0 0 0 0 0 0 0 0 0 0 0 
1717 10 0 0 0 0 0 0 0 0 0 0 0 
1718 10 0 0 0 0 0 0 0 0 0 0 0 
1719 10 0 0 0 0 0 0 0 0 0 0 0 
1720 10 0 0 0 0 0 0 0 0 0 0 0 
1721 10 0 0 0 0 0 0 0 0 0 0 0 
1722 10 0 0 0 0 0 0 0 0 0 0 0 
1723 10 0 0 0 0 0 0 0 0 0 0 0 
1724 10 0 0 0 0 0 0 0 0 0 0 0 
1725 10 0 0 0 0 0 0 0 0 0 0 0 
1726 10 0 0 0 0 0 0 0 0 0 0 0 
1727 10 0 0 0 0 0 0 0 0 0 0 0 
1728 10 0 0 0 0 0 0 0 0 0 0 0 
1729 10 0 0 0 0 0 0 0 0 0 0 0 
1730 10 0 0 0 0 0 0 0 0 0 0 0 
1731 10 0 0 0 0 0 0 0 0 0 0 0 
1732 10 0 0 0 0 0 0 0 0 0 0 0 
1733 10 26 0 0 0 0 0 0 0 0 0 0 
1734 10 27 0 0 0 0 0 0 0 0 0 0 
1735 10 28 0 0 0 0 0 0 0 0 0 0 
1736 10 29 0 0 0 0 0 0 0 0 0 0 
1737 10 0 0 0 0 0 0 0 0 0 0 0 
1738 10 0 0 0 0 0 0 0 0 0 0 0 
1739 10 0 0 0 0 0 0 0 0 0 0 0 
1740 10 0 0 0 0 0 0 0 0 0 0 0 
1741 10 0 0 0 0 0 0 0 0 0 0 0 
1742 10 0 0 0 0 0 0 0 0 0 0 0 
1743 10 32 0 0 0 0 0 0 0 0 0 0 
1744 10 33 0 0 0 0 0 0 0 0 0 0 
1745 10 34 0 0 0 0 0 0 0 0 0 0 
1746 10 35 0 0 0 0 0 0 0 0 0 0 
1747 10 0 0 0 0 0 0 0 0 0 0 0 
1748 10 0 0 0 0 0 0 0 0 0 0 0 
1749 10 0 0 0 0 0 0 0 0 0 0 0 
1750 10 0 0 0 0 0 0 0 0 0 0 0 
1751 10 0 0 0 0 0 0 0 0 0 0 0 
1752 10 0 0 0 0 0 0 0 0 0 0 0 
1753 10 0 0 0 0 0 0 0 0 0 0 0 
1754 10 0 0 0 0 0 0 0 0 0 0 0 
1755 10 0 0 0 0 0 0 0 0 0 0 0 
1756 10 0 0 0 0 0 0 0 0 0 0 0 
1757 10 0 0 0 0 0 0 0 0 0 0 0 
1758 10 0 0 0 0 0 0 0 0 0 0 0 
1759 10 0 0 0 0 0 0 0 0 0 0 0 
1760 10 0 0 0 0 0 0 0 0 0 0 0 
1761 10 0 0 0 0 0 0 0 0 0 0 0 
1762 10 0 0 0 0 0 0 0 0 0 0 0 
1763 10 0 0 0 0 0 0 0 0 0 0 0 
1764 10 0 0 0 0 0 0 0 0 0 0 0 
1765 10 0 0 0 0 0 0 0 0 0 0 0 
1766 10 0 0 0 0 0 0 0 0 0 0 0 
1767 10 0 0 0 0 0 0 0 0 0 0 0 
1768 10 0 0 0 0 0 0 0 0 0 0 0 
1769 10 0 0 0 0 0 0 0 0 0 0 0 
1770 10 0 0 0 0 0 0 0 0 0 0 0 
1771 10 0 0 0 0 0 0 0 0 0 0 0 
1772 10 0 0 0 0 0 0 0 0 0 0 0 
1773 10 0 0 0 0 0 0 0 0 0 0 0 
1774 10 0 0 0 0 0 0 0 0 0 0 0 
1775 10 0 0 0 0 0 0 0 0 0 0 0 
1776 10 0 0 0 0 0 0 0 0 0 0 0 
1777 10 0 0 0 0 0 0 0 0 0 0 0 
1778 10 0 0 0 0 0 0 0 0 0 0 0 
1779 10 0 0 0 0 0 0 0 0 0 0 0 
1780 10 0 0 0 0 0 0 0 0 0 0 0 
1781 10 0 0 0 0 0 0 0 0 0 0 0 
1782 10 0 0 0 0 0 0 0 0 0 0 0 
1783 10 0 0 0 0 0 0 0 0 0 0 0 
1784 10 0 0 0 0 0 0 0 0 0 0 0 
1785 10 0 0 0 0 0 0 0 0 0 0 0 
1786 10 0 0 0 0 0 0 0 0 0 0 0 
1787 10 0 0 0 0 0 0 0 0 0 0 0 
1788 10 0 0 0 0 0 0 0 0 0 0 0 
1789 10 0 0 0 0 0 0 0 0 0 0 0 
1790 10 0 0 0 0 0 0 0 0 0 0 0 
1791 10 0 0 0 0 0 0 0 0 0 0 0 
1792 10 0 0 0 0 0 0 0 0 0 0 0 
1793 10 0 0 0 0 0 0 0 0 0 0 0 
1794 10 0 0 0 0 0 0 0 0 0 0 0 
1795 10 0 0 0 0 0 0 0 0 0 0 0 
1796 10 0 0 0 0 0 0 0 0 0 0 0 
1797 10 0 0 0 0 0 0 0 0 0 0 0 
1798 10 0 0 0 0 0 0 0 0 0 0 0 
1799 10 0 0 0 0 0 0 0 0 0 0 0 
1800 10 0 0 0 0 0 0 0 0 0 0 0 
1801 10 0 0 0 0 0 0 0 0 0 0 0 
1802 10 0 0 0 0 0 0 0 0 0 0 0 
1803 10 0 0 0 0 0 0 0 0 0 0 0 
1804 10 0 0 0 0 0 0 0 0 0 0 0 
1805 10 0 0 0 0 0 0 0 0 0 0 0 
1806 10 0 0 0 0 0 0 0 0 0 0 0 
1807 10 0 0 0 0 0 0 0 0 0 0 0 
1808 10 0 0 0 0 0 0 0 0 0 0 0 
1809 10 0 0 0 0 0 0 0 0 0 0 0 
1810 10 0 0 0 0 0 0 0 0 0 0 0 
1811 10 0 0 0 0 0 0 0 0 0 0 0 
1812 10 0 0 0 0 0 0 0 0 0 0 0 
1813 10 0 0 0 0 0 0 0 0 0 0 0 
1814 10 0 0 0 0 0 0 0 0 0 0 0 
1815 10 0 0 0 0 0 0 0 0 0 0 0 
1816 10 0 0 0 0 0 0 0 0 0 0 0 
1817 10 0 0 0 0 0 0 0 0 0 0 0 
1818 10 0 0 0 0 0 0 0 0 0 0 0 
1819 10 0 0 0 0 0 0 0 0 0 0 0 
1820 10 0 0 0 0 0 0 0 0 0 0 0 
1821 10 0 0 0 0 0 0 0 0 0 0 0 
1822 10 0 0 0 0 0 0 0 0 0 0 0 
1823 10 0 0 0 0 0 0 0 0 0 0 0 
1824 10 0 0 0 0 0 0 0 0 0 0 0 
1825 10 0 0 0 0 0 0 0 0 0 0 0 
1826 10 0 0 0 0 0 0 0 0 0 0 0 
1827 10 0 0 0 0 0 0 0 0 0 0 0 
1828 10 0 0 0 0 0 0 0 0 0 0 0 
1829 10 0 0 0 0 0 0 0 0 0 0 0 
1830 10 0 0 0 0 0 0 0 0 0 0 0 
1831 10 0 0 0 0 0 0 0 0 0 0 0 
1832 10 0 0 0 0 0 0 0 0 0 0 0 
1833 10 0 0 0 0 0 0 0 0 0 0 0 
1834 10 0 0 0 0 0 0 0 0 0 0 0 
1835 10 0 0 0 0 0 0 0 0 0 0 0 
1836 10 0 0 0 0 0 0 0 0 0 0 0 
1837 10 0 0 0 0 0 0 0 0 0 0 0 
1838 10 0 0 0 0 0 0 0 0 0 0 0 
1839 10 0 0 0 0 0 0 0 0 0 0 0 
1840 10 0 0 0 0 0 0 0 0 0 0 0 
1841 10 0 0 0 0 0 0 0 0 0 0 0 
1842 10 0 0 0 0 0 0 0 0 0 0 0 
1843 10 0 0 0 0 0 0 0 0 0 0 0 
1844 10 0 0 0 0 0 0 0 0 0 0 0 
1845 10 0 0 0 0 0 0 0 0 0 0 0 
1846 10 0 0 0 0 0 0 0 0 0 0 0 
1847 10 0 0 0 0 0 0 0 0 0 0 0 
1848 10 0 0 0 0 0 0 0 0 0 0 0 
1849 10 0 0 0 0 0 0 0 0 0 0 0 
1850 10 0 0 0 0 0 0 0 0 0 0 0 
1851 10 0 0 0 0 0 0 0 0 0 0 0 
1852 10 0 0 0 0 0 0 0 0 0 0 0 
1853 10 0 0 0 0 0 0 0 0 0 0 0 
1854 10 0 0 0 0 0 0 0 0 0 0 0 
1855 10 0 0 0 0 0 0 0 0 0 0 0 
1856 10 0 0 0 0 0 0 0 0 0 0 0 
1857 10 0 0 0 0 0 0 0 0 0 0 0 
1858 10 0 0 0 0 0 0 0 0 0 0 0 
1859 10 0 0 0 0 0 0 0 0 0 0 0 
1860 10 0 0 0 0 0 0 0 0 0 0 0 
1861 10 0 0 0 0 0 0 0 0 0 0 0 
1862 10 0 0 0 0 0 0 0 0 0 0 0 
1863 10 0 0 0 0 0 0 0 0 0 0 0 
1864 10 0 0 0 0 0 0 0 0 0 0 0 
1865 10 0 0 0 0 0 0 0 0 0 0 0 
1866 10 0 0 0 0 0 0 0 0 0 0 0 
1867 10 0 0 0 0 0 0 0 0 0 0 0 
1868 10 0 0 0 0 0 0 0 0 0 0 0 
1869 10 0 0 0 0 0 0 0 0 0 0 0 
1870 10 0 0 0 0 0 0 0 0 0 0 0 
1871 10 0 0 0 0 0 0 0 0 0 0 0 
1872 10 0 0 0 0 0 0 0 0 0 0 0 
1873 10 0 0 0 0 0 0 0 0 0 0 0 
1874 10 0 0 0 0 0 0 0 0 0 0 0 
1875 10 0 0 0 0 0 0 0 0 0 0 0 
1876 10 0 0 0 0 0 0 0 0 0 0 0 
1877 10 0 0 0 0 0 0 0 0 0 0 0 
1878 10 0 0 0 0 0 0 0 0 0 0 0 
1879 10 0 0 0 0 0 0 0 0 0 0 0 
1880 10 0 0 0 0 0 0 0 0 0 0 0 
1881 10 0 0 0 0 0 0 0 0 0 0 0 
1882 10 0 0 0 0 0 0 0 0 0 0 0 
1883 10 0 0 0 0 0 0 0 0 0 0 0 
1884 10 0 0 0 0 0 0 0 0 0 0 0 
1885 10 0 0 0 0 0 0 0 0 0 0 0 
1886 10 0 0 0 0 0 0 0 0 0 0 0 
1887 10 0 0 0 0 0 0 0 0 0 0 0 
1888 10 0 0 0 0 0 0 0 0 0 0 0 
1889 10 0 0 0 0 0 0 0 0 0 0 0 
1890 10 0 0 0 0 0 0 0 0 0 0 0 
1891 10 0 0 0 0 0 0 0 0 0 0 0 
1892 10 0 0 0 0 0 0 0 0 0 0 0 
1893 10 0 0 0 0 0 0 0 0 0 0 0 
1894 10 0 0 0 0 0 0 0 0 0 0 0 
1895 10 0 0 0 0 0 0 0 0 0 0 0 
1896 10 0 0 0 0 0 0 0 0 0 0 0 
1897 10 0 0 0 0 0 0 0 0 0 0 0 
1898 10 0 0 0 0 0 0 0 0 0 0 0 
1899 10 0 0 0 0 0 0 0 0 0 0 0 
1900 10 0 0 0 0 0 0 0 0 0 0 0 
1901 10 0 0 0 0 0 0 0 0 0 0 0 
1902 10 0 0 0 0 0 0 0 0 0 0 0 
1903 10 0 0 0 0 0 0 0 0 0 0 0 
1904 10 0 0 0 0 0 0 0 0 0 0 0 
1905 10 0 0 0 0 0 0 0 0 0 0 0 
1906 10 0 0 0 0 0 0 0 0 0 0 0 
1907 10 0 0 0 0 0 0 0 0 0 0 0 
1908 10 0 0 0 0 0 0 0 0 0 0 0 
1909 10 0 0 0 0 0 0 0 0 0 0 0 
1910 10 0 0 0 0 0 0 0 0 0 0 0 
1911 10 0 0 0 0 0 0 0 0 0 0 0 
1912 10 0 0 0 0 0 0 0 0 0 0 0 
1913 10 0 0 0 0 0 0 0 0 0 0 0 
1914 10 0 0 0 0 0 0 0 0 0 0 0 
1915 10 0 0 0 0 0 0 0 0 0 0 0 
1916 10 0 0 0 0 0 0 0 0 0 0 0 
1917 10 0 0 0 0 0 0 0 0 0 0 0 
1918 10 0 0 0 0 0 0 0 0 0 0 0 
1919 10 0 0 0 0 0 0 0 0 0 0 0 
1920 10 0 0 0 0 0 0 0 0 0 0 0 
1921 10 0 0 0 0 0 0 0 0 0 0 0 
1922 10 0 0 0 0 0 0 0 0 0 0 0 
1923 10 0 0 0 0 0 0 0 0 0 0 0 
1924 10 0 0 0 0 0 0 0 0 0 0 0 
1925 10 0 0 0 0 0 0 0 0 0 0 0 
1926 10 0 0 0 0 0 0 0 0 0 0 0 
1927 10 0 0 0 0 0 0 0 0 0 0 0 
1928 10 0 0 0 0 0 0 0 0 0 0 0 
1929 10 0 0 0 0 0 0 0 0 0 0 0 
1930 10 0 0 0 0 0 0 0 0 0 0 0 
1931 10 0 0 0 0 0 0 0 0 0 0 0 
1932 10 0 0 0 0 0 0 0 0 0 0 0 
1933 10 0 0 0 0 0 0 0 0 0 0 0 
1934 10 0 0 0 0 0 0 0 0 0 0 0 
1935 10 0 0 0 0 0 0 0 0 0 0 0 
1936 10 0 0 0 0 0 0 0 0 0 0 0 
1937 10 0 0 0 0 0 0 0 0 0 0 0 
1938 10 0 0 0 0 0 0 0 0 0 0 0 
1939 10 0 0 0 0 0 0 0 0 0 0 0 
1940 10 0 0 0 0 0 0 0 0 0 0 0 
1941 10 0 0 0 0 0 0 0 0 0 0 0 
1942 10 0 0 0 0 0 0 0 0 0 0 0 
1943 10 0 0 0 0 0 0 0 0 0 0 0 
1944 10 0 0 0 0 0 0 0 0 0 0 0 
1945 10 0 0 0 0 0 0 0 0 0 0 0 
1946 10 0 0 0 0 0 0 0 0 0 0 0 
1947 10 0 0 0 0 0 0 0 0 0 0 0 
1948 10 0 0 0 0 0 0 0 0 0 0 0 
1949 10 0 0 0 0 0 0 0 0 0 0 0 
1950 10 0 0 0 0 0 0 0 0 0 0 0 
1951 10 0 0 0 0 0 0 0 0 0 0 0 
1952 10 0 0 0 0 0 0 0 0 0 0 0 
1953 10 0 0 0 0 0 0 0 0 0 0 0 
1954 10 0 0 0 0 0 0 0 0 0 0 0 
1955 10 0 0 0 0 0 0 0 0 0 0 0 
1956 10 0 0 0 0 0 0 0 0 0 0 0 
1957 10 0 0 0 0 0 0 0 0 0 0 0 
1958 10 0 0 0 0 0 0 0 0 0 0 0 
1959 10 0 0 0 0 0 0 0 0 0 0 0 
1960 10 0 0 0 0 0 0 0 0 0 0 0 
1961 10 0 0 0 0 0 0 0 0 0 0 0 
1962 10 0 0 0 0 0 0 0 0 0 0 0 
1963 10 0 0 0 0 0 0 0 0 0 0 0 
1964 10 0 0 0 0 0 0 0 0 0 0 0 
1965 10 0 0 0 0 0 0 0 0 0 0 0 
1966 10 0 0 0 0 0 0 0 0 0 0 0 
1967 10 0 0 0 0 0 0 0 0 0 0 0 
1968 10 0 0 0 0 0 0 0 0 0 0 0 
1969 10 0 0 0 0 0 0 0 0 0 0 0 
1970 10 0 0 0 0 0 0 0 0 0 0 0 
1971 10 0 0 0 0 0 0 0 0 0 0 0 
1972 10 0 0 0 0 0 0 0 0 0 0 0 
1973 10 0 0 0 0 0 0 0 0 0 0 0 
1974 10 0 0 0 0 0 0 0 0 0 0 0 
1975 10 0 0 0 0 0 0 0 0 0 0 0 
1976 10 0 0 0 0 0 0 0 0 0 0 0 
1977 10 0 0 0 0 0 0 0 0 0 0 0 
1978 10 0 0 0 0 0 0 0 0 0 0 0 
1979 10 0 0 0 0 0 0 0 0 0 0 0 
1980 10 0 0 0 0 0 0 0 0 0 0 0 
1981 10 0 0 0 0 0 0 0 0 0 0 0 
1982 10 0 0 0 0 0 0 0 0 0 0 0 
1983 10 0 0 0 0 0 0 0 0 0 0 0 
1984 10 0 0 0 0 0 0 0 0 0 0 0 
1985 10 0 0 0 0 0 0 0 0 0 0 0 
1986 10 0 0 0 0 0 0 0 0 0 0 0 
1987 10 0 0 0 0 0 0 0 0 0 0 0 
1988 10 0 0 0 0 0 0 0 0 0 0 0 
1989 10 0 0 0 0 0 0 0 0 0 0 0 
1990 10 0 0 0 0 0 0 0 0 0 0 0 
1991 10 0 0 0 0 0 0 0 0 0 0 0 
1992 10 0 0 0 0 0 0 0 0 0 0 0 
1993 10 0 0 0 0 0 0 0 0 0 0 0 
1994 10 0 0 0 0 0 0 0 0 0 0 0 
1995 10 0 0 0 0 0 0 0 0 0 0 0 
1996 10 0 0 0 0 0 0 0 0 0 0 0 
1997 10 0 0 0 0 0 0 0 0 0 0 0 
1998 10 0 0 0 0 0 0 0 0 0 0 0 
1999 10 0 0 0 0 0 0 0 0 0 0 0 
2000 10 0 0 0 0 0 0 0 0 0 0 0 
2001 10 0 0 0 0 0 0 0 0 0 0 0 
2002 10 0 0 0 0 0 0 0 0 0 0 0 
2003 10 0 0 0 0 0 0 0 0 0 0 0 
2004 10 0 0 0 0 0 0 0 0 0 0 0 
2005 10 0 0 0 0 0 0 0 0 0 0 0 
2006 10 0 0 0 0 0 0 0 0 0 0 0 
2007 10 0 0 0 0 0 0 0 0 0 0 0 
2008 10 0 0 0 0 0 0 0 0 0 0 0 
2009 10 0 0 0 0 0 0 0 0 0 0 0 
2010 10 0 0 0 0 0 0 0 0 0 0 0 
2011 10 0 0 0 0 0 0 0 0 0 0 0 
2012 10 0 0 0 0 0 0 0 0 0 0 0 
2013 10 0 0 0 0 0 0 0 0 0 0 0 
2014 10 0 0 0 0 0 0 0 0 0 0 0 
2015 10 0 0 0 0 0 0 0 0 0 0 0 
2016 10 0 0 0 0 0 0 0 0 0 0 0 
2017 10 0 0 0 0 0 0 0 0 0 0 0 
2018 10 0 0 0 0 0 0 0 0 0 0 0 
2019 10 0 0 0 0 0 0 0 0 0 0 0 
2020 10 0 0 0 0 0 0 0 0 0 0 0 
2021 10 0 0 0 0 0 0 0 0 0 0 0 
2022 10 0 0 0 0 0 0 0 0 0 0 0 
2023 10 0 0 0 0 0 0 0 0 0 0 0 
2024 10 0 0 0 0 0 0 0 0 0 0 0 
2025 10 0 0 0 0 0 0 0 0 0 0 0 
2026 10 0 0 0 0 0 0 0 0 0 0 0 
2027 10 0 0 0 0 0 0 0 0 0 0 0 
2028 10 0 0 0 0 0 0 0 0 0 0 0 
2029 10 0 0 0 0 0 0 0 0 0 0 0 
2030 10 0 0 0 0 0 0 0 0 0 0 0 
2031 10 0 0 0 0 0 0 0 0 0 0 0 
2032 10 0 0 0 0 0 0 0 0 0 0 0 
2033 10 0 0 0 0 0 0 0 0 0 0 0 
2034 10 0 0 0 0 0 0 0 0 0 0 0 
2035 10 0 0 0 0 0 0 0 0 0 0 0 
2036 10 0 0 0 0 0 0 0 0 0 0 0 
2037 10 0 0 0 0 0 0 0 0 0 0 0 
2038 10 0 0 0 0 0 0 0 0 0 0 0 
2039 10 0 0 0 0 0 0 0 0 0 0 0 
2040 10 0 0 0 0 0 0 0 0 0 0 0 
2041 10 0 0 0 0 0 0 0 0 0 0 0 
2042 10 0 0 0 0 0 0 0 0 0 0 0 
2043 10 0 0 0 0 0 0 0 0 0 0 0 
2044 10 0 0 0 0 0 0 0 0 0 0 0 
2045 10 0 0 0 0 0 0 0 0 0 0 0 
2046 10 0 0 0 0 0 0 0 0 0 0 0 

0 4 1 2 bottle_2 0.00125826 2 34 -103 186 24 -103 234 
1 4 1 2 bottle_2 0.0578546 24 -1 7 348 14 -3 354 9 -3 12 4 2 12 -26 2 300 -16 2 288 -6 2 342 14 -13 12 4 -3 6 9 -8 30 -16 -3 300 -16 -3 282 9 -13 234 9 -13 12 -11 -8 66 -1 -8 258 -1 -3 30 9 -18 234 4 -18 258 14 -23 234 -1 -13 354 9 -23 234 4 -18 354 9 -23 342 
2 4 1 2 bottle_2 0.0314136 1 39 -78 6 
3 4 1 2 bottle_2 0.230769 1 -31 -93 66 
4 4 1 2 bottle_2 1 2 -31 -98 66 -31 -98 108 
5 4 1 2 bottle_2 0.974619 32 -36 -93 132 -31 -103 120 -36 -93 66 -36 -98 66 -31 -103 96 39 -78 354 39 -83 186 39 -83 6 34 -78 342 39 -98 6 39 -83 348 39 -78 270 39 -88 288 39 -78 234 34 -83 288 39 -83 288 34 -93 288 39 -88 348 39 -88 6 34 -103 300 39 -103 156 39 -103 6 39 -98 282 39 -93 348 39 -93 12 39 -83 354 39 -88 12 39 -98 12 39 -98 186 34 -98 354 39 -103 234 34 -93 354 
6 4 1 2 bottle_2 1 9 34 -78 258 39 -98 66 39 -93 66 39 -88 66 34 -88 348 34 -83 348 29 -78 288 29 -78 342 34 -83 234 
7 4 1 2 bottle_2 0.166667 3 -36 -98 120 -36 -103 156 -36 -103 108 
8 4 1 2 bottle_2 1 7 39 -83 108 39 -78 96 39 -83 96 39 -93 120 39 -93 108 29 -93 258 29 -88 258 
9 4 1 2 bottle_2 0.966443 24 29 -83 258 14 -103 6 34 -78 6 -21 -103 300 29 -93 348 4 -103 348 -16 -103 270 14 -103 12 9 -103 342 34 -83 66 14 -103 96 34 -98 96 24 -93 270 4 -103 108 14 -103 288 -6 -103 6 9 -103 96 14 -103 282 9 -103 156 29 -93 12 34 -83 96 14 -103 354 9 -103 234 -1 -103 6 
10 4 1 2 bottle_2 1 3 19 -103 348 34 -98 66 -26 -103 300 
11 4 1 2 bottle_2 1 22 19 -103 342 34 -98 132 -36 -93 354 24 -103 186 19 -103 258 29 -83 270 -31 -93 156 39 -98 108 29 -103 66 24 -103 12 -16 -103 96 39 -98 120 39 -98 132 -26 -103 354 -36 -98 234 29 -98 258 34 -103 96 34 -88 66 -36 -98 342 -31 -103 282 34 -98 186 24 -103 282 
12 4 0 
13 4 1 2 bottle_2 0.980843 128 -16 -23 66 -1 -23 30 9 -33 120 -11 -28 270 9 -43 120 14 -43 108 -31 -88 186 19 -38 96 -26 -93 96 -26 -93 108 -21 -18 258 -31 -93 234 19 -43 96 4 -28 6 4 -48 132 -11 -18 258 -26 -93 12 -1 -33 258 4 -23 234 -6 -48 186 -31 -93 282 -31 -98 348 -26 -93 348 19 -48 96 -21 -88 120 -26 -98 120 -36 -98 282 19 -68 96 -21 -93 108 9 -23 348 9 -48 156 -11 -28 66 -6 -53 186 19 -58 120 -16 -98 96 -21 -98 132 -16 -93 108 -6 -18 354 -16 -78 186 -16 -98 120 -21 -103 30 -21 -98 180 -11 -13 12 -1 -18 258 -1 -23 258 -6 -28 354 4 -68 270 4 -48 186 9 -53 354 29 -78 30 19 -68 120 14 -73 270 29 -83 234 -11 -23 12 14 -73 354 9 -63 258 -16 -18 288 24 -48 96 29 -78 186 24 -78 300 29 -83 354 19 -73 354 29 -83 348 -1 -23 348 29 -78 180 4 -38 156 29 -88 234 -6 -28 156 19 -63 156 -6 -53 270 19 -73 180 34 -78 132 29 -83 180 24 -103 66 4 -63 282 24 -88 288 4 -53 180 19 -98 270 34 -93 66 14 -98 300 24 -83 354 24 -83 348 -21 -23 300 19 -68 156 29 -73 120 19 -83 282 14 -78 300 34 -78 96 34 -93 96 14 -78 282 24 -88 270 24 -43 96 29 -88 186 24 -53 120 14 -73 258 4 -33 258 14 -48 120 24 -98 30 24 -78 108 -6 -43 156 19 -93 288 24 -83 186 24 -93 342 9 -68 270 24 -93 234 19 -48 108 29 -78 108 19 -73 30 19 -28 108 19 -73 6 29 -83 96 -1 -33 270 29 -83 108 19 -43 108 14 -53 156 9 -28 132 14 -48 156 24 -28 108 4 -23 30 24 -33 96 14 -33 120 19 -33 108 4 -23 348 24 -38 108 -1 -28 234 14 -28 234 -6 -13 12 -11 -18 6 
14 4 1 2 bottle_2 0.962963 65 24 -78 132 -1 -73 258 -11 -73 258 -16 -78 258 4 -78 96 4 -73 180 -1 -73 288 9 -73 6 -11 -78 348 4 -73 186 9 -78 12 -1 -78 108 9 -78 156 14 -78 66 -11 -78 354 -11 -78 234 9 -78 132 -1 -78 66 -1 -78 30 9 -78 30 -6 -78 342 -11 -78 300 4 -73 30 -6 -73 342 4 -78 12 -11 -78 288 4 -73 6 -1 -78 234 4 -73 156 -6 -73 186 -1 -73 156 9 -73 348 -16 -78 234 14 -73 6 14 -68 120 -16 -78 348 19 -78 108 19 -73 108 -6 -78 180 9 -78 354 14 -78 30 9 -73 30 -11 -78 156 19 -78 180 4 -73 234 4 -73 12 14 -68 156 19 -73 96 9 -68 234 -6 -93 186 4 -93 180 -6 -93 180 4 -93 186 -11 -93 234 -11 -93 258 14 -93 180 4 -93 288 -1 -93 282 -6 -93 354 -1 -93 342 9 -93 186 24 -93 96 -1 -93 96 -11 -93 270 9 -93 282 
15 4 1 2 bottle_2 1 58 9 -93 354 9 -93 108 14 -93 108 -6 -93 30 19 -93 96 9 -93 270 -1 -93 30 9 -93 96 -11 -93 348 -21 -93 270 -6 -93 348 -11 -93 108 -16 -93 282 -16 -93 354 -16 -93 342 -11 -93 96 9 -93 348 14 -93 66 -16 -93 270 -21 -93 300 4 -93 66 -21 -93 354 -16 -93 180 4 -98 186 -11 -98 180 9 -98 186 4 -98 300 4 -98 12 4 -98 156 -21 -98 258 4 -98 258 4 -98 288 -6 -98 120 -6 -98 156 -1 -98 342 -21 -98 288 14 -98 108 9 -98 258 -1 -98 30 -6 -98 30 -21 -98 348 -21 -98 234 -6 -98 6 -11 -98 6 14 -98 354 -16 -98 66 19 -98 6 -11 -103 186 -11 -103 234 -6 -103 270 24 -103 132 24 -103 108 -16 -103 234 4 -103 282 9 -103 300 14 -103 108 -16 -103 30 19 -103 66 
16 4 1 2 bottle_2 1 23 24 -88 156 19 -88 348 -16 -88 108 -16 -88 132 14 -83 288 -16 -88 120 29 -103 180 -31 -103 258 34 -103 180 19 -83 258 19 -88 270 -31 -103 270 29 -103 234 -26 -88 342 29 -103 270 -36 -103 234 19 -83 270 34 -103 6 -26 -88 354 39 -103 108 24 -88 354 -31 -88 282 -26 -88 12 
17 4 0 
18 4 1 2 bottle_2 1 3 -36 -103 300 -31 -103 30 -36 -103 342 
19 4 1 2 bottle_2 1 6 24 -83 96 14 -88 258 -21 -88 6 14 -88 288 -26 -88 300 24 -88 132 
20 4 1 2 bottle_2 1 70 -11 -83 132 -21 -83 270 4 -83 108 14 -83 96 4 -83 342 -21 -83 258 -11 -83 66 -11 -83 186 -6 -83 270 4 -83 30 -6 -83 6 -6 -83 12 -16 -83 282 -16 -88 30 -1 -83 30 -11 -83 234 -1 -88 120 -1 -83 270 -6 -88 132 9 -83 342 -6 -83 354 -1 -83 282 -21 -88 288 -1 -83 300 9 -83 6 4 -83 180 9 -88 96 -16 -83 342 -1 -83 96 -6 -88 258 4 -88 12 -6 -88 234 4 -83 300 -11 -83 300 -16 -83 270 -6 -83 348 -11 -83 96 -11 -88 282 -6 -83 288 -1 -83 186 9 -83 354 4 -83 234 -1 -88 6 4 -88 258 -11 -83 354 4 -88 6 -6 -83 342 -11 -88 96 14 -83 270 -11 -83 348 14 -88 12 14 -83 132 14 -88 108 4 -88 156 14 -83 186 4 -83 66 14 -88 66 -16 -88 342 -11 -88 300 -1 -83 156 14 -88 234 -6 -88 186 -1 -83 66 9 -88 132 19 -83 30 9 -88 354 19 -83 6 9 -88 282 4 -88 66 -6 -88 300 
21 4 1 2 bottle_2 1 7 9 -88 270 19 -88 180 -21 -88 342 -1 -88 288 4 -88 132 9 -88 120 -21 -83 12 
22 4 0 
23 4 1 2 bottle_2 0.0532544 3 -1 -3 348 -11 -3 12 9 82 156 
24 4 1 2 bottle_2 0.0502793 3 39 57 6 39 52 12 34 42 6 
25 4 1 2 bottle_2 0.333333 5 -1 22 288 29 27 186 24 27 234 4 22 288 -6 12 186 
26 4 1 2 bottle_2 0.97006 27 9 22 120 -6 22 180 19 22 96 14 22 120 24 22 66 19 27 96 19 27 186 19 17 156 24 22 108 19 27 12 9 22 288 24 27 96 19 27 6 -6 22 300 19 7 120 24 22 96 19 22 156 19 7 132 -6 22 282 24 27 120 14 27 354 19 12 156 24 7 132 19 2 156 29 27 120 19 7 156 29 17 108 
27 4 1 2 bottle_2 0.285714 1 9 7 12 
28 4 1 2 bottle_2 0.0697674 1 19 7 12 
29 4 1 2 bottle_2 0.90785 1330 34 2 120 -1 72 132 39 22 66 -11 77 12 -6 82 186 9 7 354 34 27 180 39 17 120 -1 67 96 9 12 342 24 27 300 34 27 6 -6 32 120 -11 82 342 34 27 234 -16 32 348 29 17 282 4 32 234 9 32 180 24 7 348 -11 42 186 -11 82 348 29 17 270 -16 32 354 -16 37 348 -16 17 234 -6 27 96 29 2 132 39 27 96 9 27 348 4 27 348 9 32 66 -21 32 288 -6 37 96 34 17 234 -6 27 132 39 27 108 -11 62 12 4 12 270 24 32 270 -16 47 270 -11 72 30 4 12 282 9 37 156 -16 57 258 4 22 348 14 17 180 -36 22 6 29 17 348 29 17 354 -11 77 6 -16 22 354 19 7 234 24 32 258 14 52 120 -16 42 342 34 27 12 -16 22 12 -26 12 300 -1 27 258 -16 12 156 34 27 354 -6 22 120 19 7 258 -16 12 132 4 32 6 9 37 180 24 27 258 29 32 270 -6 52 66 -1 87 66 -11 57 288 -1 37 282 -36 27 12 14 47 108 34 7 180 -11 12 108 29 32 30 -6 67 66 -11 22 6 29 32 108 -16 72 270 -11 62 354 -1 37 270 14 7 270 4 37 234 -6 42 156 34 17 66 34 22 348 -36 17 6 -31 27 66 -1 32 270 9 17 234 -11 12 96 14 7 186 9 17 186 14 12 30 -26 12 186 -16 47 342 -31 27 180 -11 22 156 9 17 270 -11 32 66 9 27 354 9 12 186 34 12 180 -6 37 66 -11 87 354 29 37 156 -1 57 156 -1 87 108 4 47 354 -1 87 96 -6 62 270 14 47 96 24 7 30 -1 52 270 -16 37 270 -1 57 270 -16 47 348 -36 22 354 -1 32 234 14 12 342 24 37 186 34 7 108 -6 62 66 -11 62 6 -26 27 96 19 32 258 24 17 156 -21 22 348 -11 82 6 4 47 12 14 52 96 -11 27 132 -16 27 300 9 37 120 39 32 96 9 62 180 4 12 12 -1 57 288 -31 32 186 -1 27 342 24 27 354 -6 27 30 34 12 354 -6 22 6 -11 57 258 -21 27 342 -1 87 180 -21 37 342 -6 52 180 -11 27 120 -11 52 180 -16 47 282 -16 22 258 14 22 66 -1 22 132 -16 57 288 9 52 66 9 32 96 -1 22 342 -16 17 66 -6 62 288 -11 57 12 -16 47 354 4 67 120 -36 32 342 4 82 108 29 37 186 34 27 342 19 22 288 -6 32 156 -11 72 288 -16 32 6 -6 82 66 4 32 300 4 42 342 -16 47 288 -1 32 12 4 27 156 34 12 108 24 27 348 -21 37 348 19 22 300 -11 17 96 14 12 6 -1 27 348 -1 17 288 -11 62 282 9 12 300 24 32 186 -36 17 354 -6 32 66 -11 12 186 -1 52 66 -6 62 258 -6 92 180 -1 62 180 34 12 96 29 47 156 4 47 30 -11 47 156 24 17 6 -31 27 108 4 92 66 -6 52 120 -11 57 354 39 32 66 -11 37 132 -6 32 6 -11 27 270 4 17 66 -26 32 156 -11 57 342 -11 57 270 19 37 282 -1 17 6 14 37 120 4 27 258 24 12 354 19 17 30 14 77 156 14 57 96 -1 47 354 -16 47 12 4 17 300 -1 27 96 24 32 66 29 32 120 4 82 96 4 42 270 -6 27 12 -26 32 300 14 42 300 -1 67 180 19 7 180 14 22 342 29 42 108 -31 17 156 29 37 66 -36 12 234 -6 97 258 4 87 132 34 87 12 -1 42 348 34 87 120 14 47 300 -11 32 300 -11 92 348 34 87 30 -16 32 66 -1 92 12 -11 37 108 24 37 6 4 17 6 -6 87 66 -26 72 12 29 67 66 -6 22 30 24 12 180 34 12 30 39 52 186 -6 62 186 -11 47 12 34 87 234 -16 92 288 -16 82 342 24 37 180 -11 57 348 34 12 132 -1 57 96 29 7 342 -1 37 234 39 17 30 29 72 66 -1 17 354 -36 37 234 24 57 12 9 32 132 29 52 300 34 62 270 29 62 288 19 77 300 29 47 288 34 62 300 29 57 270 34 52 30 39 32 348 -1 27 66 24 72 30 29 47 348 34 77 120 34 27 300 19 62 282 39 27 258 19 67 288 39 37 348 39 42 30 39 42 348 39 47 348 39 47 270 29 37 234 39 57 282 39 42 66 39 37 186 24 62 30 19 7 270 34 62 96 39 47 186 39 42 186 29 52 6 34 47 282 34 27 288 39 42 354 34 67 186 34 32 342 39 37 6 39 52 258 39 57 258 19 42 342 29 52 258 39 57 234 34 57 156 34 82 66 -6 72 108 -16 107 186 29 47 354 34 77 30 34 57 258 29 82 180 34 37 282 34 62 288 29 72 342 29 37 6 39 72 108 29 62 186 34 52 186 34 47 234 34 52 66 34 72 186 14 42 282 9 32 354 34 97 132 29 92 108 -36 22 180 39 57 12 -1 17 270 29 17 66 -16 107 342 19 17 300 34 82 12 34 67 6 34 97 66 9 27 12 -21 107 12 34 92 354 -21 47 288 -36 32 300 24 37 258 34 67 354 34 72 282 34 82 120 34 82 348 34 92 282 -16 107 30 34 87 354 39 87 96 29 87 12 9 57 132 34 87 270 39 87 12 -16 17 186 -16 82 234 -21 42 342 -6 92 6 34 97 288 -1 57 354 19 32 96 29 92 30 29 92 6 34 97 234 -26 37 300 4 62 12 -21 32 12 29 17 186 24 77 348 34 72 348 34 82 30 39 57 96 34 67 96 39 57 30 4 37 186 34 67 12 39 67 342 34 42 180 34 27 270 29 82 282 14 7 12 24 72 234 29 72 180 34 72 258 24 67 300 29 77 282 34 77 180 19 47 258 24 67 234 34 62 66 24 77 282 39 72 270 34 67 108 34 82 258 9 17 96 -16 17 354 -1 47 348 29 62 234 29 47 66 34 67 282 19 62 270 24 67 354 -16 102 156 -1 12 270 24 62 348 24 62 354 39 67 30 -1 97 180 39 77 6 39 62 96 -11 107 354 -16 67 108 -31 107 282 24 47 6 -31 82 282 -21 107 108 -31 77 66 24 47 270 39 27 282 -21 102 12 24 42 348 39 17 6 34 17 282 -21 97 132 -11 102 186 -16 102 108 39 37 354 29 47 30 -16 107 354 29 52 66 14 52 270 -11 107 12 39 32 288 -11 107 6 -16 102 282 -31 72 12 -16 102 354 -31 107 108 39 22 288 -31 72 108 -21 107 120 -21 107 30 -21 102 288 -31 67 108 -31 77 270 39 27 288 -31 62 156 -31 62 96 39 17 342 -31 67 300 29 102 120 29 92 270 39 92 282 29 97 6 29 97 12 -6 97 132 -16 97 156 29 97 66 29 97 132 29 97 234 34 97 30 39 97 234 39 92 96 39 97 348 39 97 282 19 62 342 34 92 180 24 37 156 34 62 342 14 37 270 4 27 66 34 102 96 -11 102 6 29 97 108 9 42 108 -16 42 288 4 27 96 -6 67 96 14 32 288 39 87 120 24 92 66 39 97 186 39 87 234 19 92 288 39 82 186 24 97 132 9 97 282 9 97 300 24 82 234 19 87 12 24 87 354 34 97 180 34 92 108 -1 97 30 -6 97 120 29 47 342 19 82 342 24 82 300 -16 102 300 24 72 342 19 42 348 39 77 156 34 47 186 39 22 234 -16 102 132 -16 102 12 34 72 342 39 42 108 39 77 12 -11 102 132 -16 97 108 34 37 342 -16 97 66 39 67 108 39 102 6 29 37 342 -16 62 120 39 67 96 34 67 342 34 102 288 39 97 300 39 102 354 34 102 66 34 102 120 34 72 288 39 72 120 29 92 342 19 82 282 -11 107 282 34 72 66 39 67 348 24 82 354 29 82 270 39 92 234 29 82 288 39 82 66 39 77 348 34 77 342 39 102 342 39 7 300 -31 57 96 -1 92 342 -31 17 270 -26 37 186 4 77 270 -31 72 186 -36 97 342 -16 87 348 -1 52 12 4 82 234 -31 22 6 -31 67 96 9 37 96 -31 72 66 4 87 6 -31 97 156 -31 62 132 -36 107 96 -31 17 120 -36 37 6 -31 102 30 -31 77 234 39 12 6 19 22 180 -31 102 108 -36 17 180 -36 102 348 -36 107 12 -36 102 96 -36 107 108 -36 107 66 -16 72 96 -31 97 120 -31 97 270 -36 42 288 19 52 258 -31 72 300 -31 52 108 -31 42 120 9 12 282 39 17 12 -31 102 96 4 17 108 -36 102 354 39 12 342 -1 22 108 -31 72 288 39 7 6 -31 82 66 -31 102 180 29 102 342 29 102 354 -26 102 288 -31 97 66 -31 47 156 39 102 108 34 102 6 -31 47 96 -26 97 6 -36 52 108 -16 87 108 -11 32 282 19 102 156 -31 32 348 39 107 108 29 107 156 -36 97 348 29 107 6 -36 37 156 -36 42 12 -16 92 96 -36 82 6 14 37 282 -36 102 270 19 102 354 -1 107 30 9 102 258 -26 87 96 -11 22 270 -16 52 96 -36 82 66 -1 102 66 -36 92 348 -36 97 258 4 92 30 29 102 66 -26 97 180 -16 97 282 -16 42 96 -36 77 30 29 57 132 14 102 342 -36 97 300 -36 42 108 -1 97 300 24 102 186 -26 102 258 -1 17 234 -36 42 120 14 102 270 29 102 132 -36 67 30 -16 82 108 39 102 282 14 102 288 -21 92 120 -6 102 288 -11 102 96 -36 42 186 19 72 342 -26 87 180 -36 102 282 -6 107 186 19 47 30 -21 12 6 -36 102 132 4 102 300 -1 102 300 -31 92 342 -36 87 6 -36 102 186 -31 87 234 -6 102 186 -6 102 132 -36 102 66 29 107 12 29 57 108 -31 92 6 -6 102 270 -36 102 234 -6 102 108 -11 102 282 -36 87 156 4 102 186 -16 52 108 -36 47 300 -36 102 156 -36 37 354 -36 82 180 -26 42 288 -31 42 12 34 52 108 -31 97 186 -36 37 186 -36 87 288 -26 97 270 -36 87 132 -31 102 258 29 102 12 24 107 270 -31 42 156 39 107 6 -6 102 6 -31 102 66 4 102 354 14 107 156 -31 97 6 39 7 258 -1 102 348 -36 57 66 -31 87 342 19 107 282 9 102 96 -31 97 108 -31 52 66 4 102 342 -1 102 354 -36 72 120 -1 62 288 -6 102 354 -36 82 342 -36 77 96 -31 97 234 4 107 288 39 107 186 -36 62 282 -26 97 282 14 97 30 19 97 354 -31 57 30 14 97 120 -26 17 66 -16 47 6 -26 92 354 -26 102 234 -31 57 66 -26 57 108 -31 52 6 24 47 258 -1 92 270 -26 107 120 -26 77 186 -26 57 30 -6 22 342 -26 67 96 9 57 156 24 92 354 4 97 120 14 107 354 4 107 132 19 92 12 -1 57 12 4 97 108 -26 82 120 9 107 108 9 107 96 -26 102 300 9 97 348 -26 87 132 -31 57 120 -26 67 132 -36 82 282 -1 87 288 -6 27 300 -26 57 96 -36 32 108 -6 87 354 -31 107 288 4 107 300 -31 52 132 4 82 348 4 82 6 -36 62 6 9 107 132 -31 107 258 -26 107 30 -26 107 12 -36 67 12 -31 72 30 -36 37 96 4 87 348 -6 82 132 -31 67 30 -36 62 348 -36 62 12 -36 27 132 -31 42 234 -36 57 180 -16 42 66 -36 72 180 -36 67 66 -11 107 96 -36 37 108 -36 27 120 -36 67 288 -31 67 270 29 97 96 -6 97 108 -1 62 234 39 107 258 24 107 180 24 47 234 -36 42 282 -6 107 282 -36 47 120 24 107 288 -36 37 342 -21 97 30 -16 42 30 -21 72 180 29 97 180 -16 97 258 -26 107 282 29 97 354 29 102 234 -21 97 6 -26 107 342 -11 42 96 19 102 108 -1 62 258 -36 17 156 -36 57 282 24 107 6 14 107 66 14 107 108 -36 37 30 9 107 354 9 97 96 -6 107 156 4 107 342 -1 102 234 24 97 66 -36 77 258 -11 52 258 39 107 348 -6 47 30 24 97 6 -26 62 120 24 97 108 -1 107 354 29 107 108 -6 77 120 9 97 30 9 107 270 -36 37 300 24 97 96 9 102 234 9 97 66 19 97 300 19 102 120 -36 37 66 -36 62 234 19 107 66 -36 62 180 34 102 234 -11 97 348 -36 32 156 34 107 66 19 107 342 19 97 96 19 47 6 -21 47 108 -26 57 348 -21 42 30 -6 42 30 -26 47 156 -1 42 156 -6 82 12 -26 22 66 -1 82 288 -11 47 96 9 32 258 9 7 282 -1 32 132 -11 57 180 -6 57 288 -31 52 258 4 22 66 4 87 300 9 97 186 24 102 12 4 87 66 24 17 342 -1 92 258 -6 77 108 24 102 66 4 87 342 -36 12 288 14 87 96 4 62 6 14 87 120 -26 42 342 -6 92 282 -36 67 186 -21 67 96 -21 57 108 -26 42 96 -36 72 96 -26 87 108 -21 62 66 -26 82 186 -31 42 30 -1 107 342 -26 77 66 -21 77 108 29 82 96 -16 97 288 -36 42 270 -26 67 30 -21 92 66 -36 72 186 -36 62 354 -26 37 120 -21 82 66 24 57 186 29 107 180 14 37 186 -21 97 66 34 47 66 39 107 120 -11 97 180 -31 37 354 -6 107 6 -36 52 354 -21 72 96 -1 97 258 -21 77 120 -21 82 156 -31 42 354 -36 47 234 -36 52 180 -36 42 66 -36 82 288 -21 77 96 -26 57 354 -1 22 96 -36 42 342 -26 102 156 -16 52 120 -36 62 270 9 107 300 24 107 66 -1 97 270 -31 42 6 -36 47 348 -21 82 108 -36 52 120 9 107 288 -26 82 66 29 107 300 -1 97 282 29 107 342 9 107 30 -31 12 108 -26 22 270 29 12 186 34 37 108 14 97 180 19 12 66 -11 92 66 -1 27 6 -26 42 66 29 12 30 -16 92 30 9 32 12 29 67 96 -26 17 30 -11 22 300 -16 57 108 14 97 186 4 97 258 4 22 96 -31 17 300 14 82 120 -31 17 354 -1 32 30 -31 52 348 14 22 288 -31 52 270 -11 42 288 -6 67 120 14 77 132 -11 47 300 -16 92 342 -6 27 348 -6 47 342 4 27 132 -31 12 12 -1 42 66 -6 57 270 -6 47 282 -1 22 66 -6 42 186 4 82 270 -16 42 120 19 72 12 19 12 288 -31 52 288 9 52 96 19 87 132 9 77 234 -11 92 96 -21 92 300 -26 27 180 -1 22 6 -16 42 180 -6 92 258 -11 52 66 -21 42 96 -16 62 354 -16 17 132 4 47 120 4 17 30 9 12 30 4 82 66 14 92 66 -11 47 120 4 52 120 -1 87 354 14 72 132 29 2 108 -1 67 6 9 87 6 24 7 96 -6 52 288 -26 47 234 24 57 66 14 22 6 9 87 354 9 32 288 -6 52 270 -1 67 30 4 57 342 24 42 96 -21 92 342 -6 47 288 4 47 156 19 7 300 14 77 96 14 22 348 4 37 156 34 42 66 4 62 30 14 12 300 -11 92 120 9 92 30 19 87 30 -21 82 288 19 67 354 4 82 300 19 92 96 19 57 30 19 77 354 9 62 132 -11 37 258 -11 42 234 4 62 66 -16 37 132 -31 22 12 -16 17 96 14 47 180 -26 17 348 -21 12 108 19 12 342 4 47 66 -26 37 342 19 67 234 -21 47 30 -6 47 234 -6 37 30 -16 17 288 -11 37 270 -16 62 186 -16 87 66 -21 22 66 -21 87 270 -6 27 354 24 52 180 -1 72 282 19 82 234 24 62 180 24 7 282 9 42 6 9 42 132 -16 77 156 -21 67 282 29 7 96 24 67 108 24 67 120 9 87 120 19 17 258 -21 17 108 14 87 300 -6 17 66 24 17 186 -16 32 156 -11 62 156 -21 57 270 9 77 66 -26 17 6 -21 17 120 -21 32 6 14 62 66 4 37 180 34 7 234 9 72 66 19 37 180 -21 22 108 9 87 288 14 57 258 -11 12 132 24 72 108 9 72 348 -26 57 288 -21 47 66 -1 47 96 -36 12 348 9 67 30 19 22 342 14 87 6 14 42 156 14 62 300 -16 62 6 24 72 96 -11 12 66 14 32 234 -6 72 300 -21 22 132 -16 52 6 19 72 156 9 37 300 9 82 12 -16 57 12 -21 17 180 9 42 270 14 67 66 9 82 108 -1 82 348 -6 72 288 -26 17 342 19 82 132 -6 27 234 24 87 96 -21 87 258 24 67 180 -21 27 96 -26 47 12 24 87 108 19 87 66 14 52 180 14 47 186 9 67 66 4 67 282 -26 42 12 -6 22 348 9 67 132 -1 67 354 4 62 258 9 72 300 -6 52 300 14 87 342 29 72 108 29 12 180 14 62 156 19 72 180 -1 77 186 24 7 186 14 57 348 14 57 6 -11 62 66 -26 42 30 -21 62 282 -21 27 132 -11 32 348 9 67 96 9 82 120 39 7 180 24 87 156 14 62 354 -11 32 354 -31 42 258 9 82 132 24 82 66 -21 47 156 19 62 96 19 47 108 14 7 348 4 47 108 14 87 258 4 52 270 -11 67 66 -16 62 30 9 67 288 4 52 300 9 52 30 19 72 186 -6 22 354 19 72 96 -21 42 66 -21 37 186 -11 57 66 9 47 6 19 72 66 -1 72 234 9 52 234 9 47 234 14 47 354 -16 77 30 -21 82 258 -21 37 180 9 62 342 4 52 288 4 82 186 4 57 270 9 77 342 14 67 282 24 37 108 -21 57 288 24 62 66 -21 52 348 -31 42 288 9 62 348 -31 47 282 14 72 258 -11 72 156 -16 52 66 -26 42 6 9 72 156 24 77 96 24 82 132 -11 87 108 -11 42 348 -16 82 66 -36 12 300 19 17 234 14 67 348 19 77 186 -16 12 30 -11 77 66 24 77 108 14 62 12 19 77 108 14 72 6 29 7 12 -1 77 348 9 52 282 -21 82 342 -21 57 342 29 2 96 -21 57 348 -6 42 270 -16 22 132 -21 37 66 -21 72 342 9 72 96 14 47 12 19 77 6 19 52 186 -21 62 30 14 52 348 24 82 156 4 62 288 19 52 156 -26 67 282 -26 67 300 19 47 156 -21 27 156 -16 87 186 -6 42 300 -31 22 282 -31 17 234 4 57 282 19 47 66 -6 42 258 -26 72 258 24 57 120 14 37 6 19 67 30 -21 62 12 9 52 6 19 42 66 -31 27 258 -16 32 96 -6 37 354 -1 72 6 19 47 120 -21 72 348 14 62 180 -16 32 120 19 57 120 -21 22 30 -11 67 108 -16 32 108 19 52 66 -11 82 96 9 57 6 14 57 66 -1 42 186 9 52 12 -21 82 234 19 57 132 -21 77 30 -1 37 120 -11 82 132 -1 37 6 -21 32 156 -16 27 132 14 77 282 24 72 66 -16 82 186 -26 82 282 9 57 300 -26 72 300 19 72 30 -11 72 96 -1 37 30 -16 72 66 -11 77 96 -26 77 270 -11 77 120 -11 77 108 -26 77 288 
30 4 1 2 bottle_2 0.0764331 2 -1 27 186 -1 42 30 
31 4 1 2 bottle_2 0.0243902 1 4 12 186 
32 4 1 2 bottle_2 1 43 9 -63 270 -1 -58 186 -6 -68 300 9 -63 66 -6 -68 288 14 -68 354 19 -73 66 4 -68 6 9 -58 282 4 -68 66 19 -68 30 4 -63 66 14 -58 342 4 -73 66 -16 -73 288 9 -68 6 -6 -73 12 -11 -68 270 14 -53 6 -6 -58 270 14 -58 354 -1 -68 300 -21 -73 270 9 -73 66 4 -68 354 14 -58 30 19 -58 30 4 -68 30 4 -58 354 19 -58 12 -1 -63 270 -6 -63 258 4 -73 96 -1 -63 258 4 -58 12 -1 -73 108 -1 -73 96 4 -63 348 -1 -63 96 -26 -68 288 -16 -68 108 -1 -58 12 -21 -63 282 
33 4 1 2 bottle_2 1 1 -26 -63 300 
34 4 1 2 bottle_2 0.962875 951 -36 12 96 -36 -8 66 39 -13 282 34 -33 288 39 -28 282 -36 -68 108 39 -23 258 39 -13 258 -36 -73 96 39 -18 348 39 -33 282 39 -33 288 -36 -18 66 -36 -58 96 39 -18 342 -36 -23 120 39 2 258 -36 -68 96 -36 -23 156 -36 -28 132 -36 -73 132 -36 -28 96 -36 7 66 -36 7 108 -36 -63 120 39 -8 258 -36 -63 96 39 -8 348 39 -28 342 34 -13 288 -36 -13 120 -36 -3 96 39 -8 288 39 -38 288 34 -8 288 39 -28 270 -36 -3 156 39 -8 234 34 -68 282 -36 -18 96 -36 -8 156 -36 -3 120 39 -33 342 -36 7 132 -36 -28 66 34 -48 282 -36 -73 108 39 -73 282 39 -43 354 39 -18 288 39 2 30 39 -18 282 39 -48 288 -36 -3 132 39 -23 288 -36 -33 120 39 -68 282 39 -43 348 39 -68 258 -36 -43 120 34 -18 282 39 -38 258 -36 -48 132 -36 2 66 -36 2 120 39 -43 258 34 -73 282 -36 -48 96 39 -73 342 -36 -48 156 -31 7 96 39 -43 30 39 -23 234 39 -48 348 39 -43 234 34 -3 270 34 -13 270 39 -63 234 34 -28 270 34 -23 270 -31 -3 96 -36 -68 156 -36 -13 180 34 -48 270 -36 -3 180 -36 -8 180 -36 -68 66 -31 -3 120 34 -13 342 -36 -73 156 34 -43 342 34 -18 342 -31 -28 96 34 -73 270 39 -43 12 39 2 12 39 -8 12 34 -73 342 39 -28 300 39 -68 30 39 -18 300 39 -8 300 39 -63 300 39 -43 300 39 2 300 -31 -43 120 -36 -53 180 -31 -48 120 39 -68 348 39 -73 348 39 -68 12 -31 -53 120 -31 -8 108 34 2 348 -31 -38 96 -31 -3 132 -36 -63 180 -31 -28 108 -36 -38 186 39 2 66 39 -3 186 -36 -68 180 34 -13 348 34 2 258 39 -3 66 -31 -33 108 39 -58 66 39 -38 66 39 -28 66 39 -33 66 39 -23 66 -31 -53 96 -36 -73 180 -36 -3 30 -36 -18 30 -31 -58 96 29 2 288 34 -43 300 34 -13 300 34 -73 300 29 -8 282 34 -13 258 39 -23 186 39 -68 66 29 -13 282 39 -73 66 34 -18 258 -31 -63 96 39 -38 6 29 -13 288 39 -43 186 34 -8 30 -36 -68 186 39 -48 6 34 -33 258 -31 -68 96 34 -43 258 39 -58 6 39 2 180 -31 -53 108 34 2 12 29 -28 282 29 -33 288 29 -3 342 29 -13 342 39 2 156 29 -3 348 39 -8 180 34 -28 30 29 -43 288 29 -33 342 -31 -8 156 29 -43 282 39 -3 156 34 -48 348 29 -43 342 29 -38 342 34 -28 12 29 -3 300 -36 7 342 39 2 108 39 -13 180 34 -33 354 29 -63 288 34 -68 234 -36 -48 6 29 -48 282 34 -38 354 39 -43 156 34 -73 234 -26 2 108 34 -38 12 29 -13 300 -36 -13 354 -36 -3 348 39 -68 156 -36 2 342 -36 -3 12 -36 -58 6 29 -58 342 -31 -18 156 -31 -48 66 -26 -8 96 34 -48 354 34 -53 354 39 -8 108 -36 -8 12 34 -63 354 34 -63 348 -26 -13 96 -36 -13 348 -31 -28 156 34 -3 186 -31 7 6 29 2 354 -26 -18 96 -26 2 66 -36 2 258 -26 -8 108 34 -13 6 -36 -18 348 -36 7 270 29 -23 270 -26 -18 120 29 -3 258 39 -8 96 34 -18 6 -31 -13 186 29 -73 342 39 -8 120 39 -3 132 29 -23 348 29 -33 300 34 -68 30 -26 -13 108 29 -8 234 -31 -8 30 -26 -23 120 -36 -8 234 29 -3 30 39 -13 96 39 -63 180 -31 -18 186 39 -18 120 -21 7 96 -31 -23 180 -26 -28 96 24 2 348 -36 -48 354 39 -28 120 -36 -23 342 -21 7 108 -36 -13 234 29 -58 300 -36 -43 348 34 -18 66 29 -63 300 24 -8 288 -36 -28 342 24 2 300 29 -68 300 24 2 270 24 -13 282 -36 -53 354 -21 7 132 24 -3 348 39 -23 132 -31 -3 354 -31 -73 66 39 -53 108 -36 -33 12 39 -48 120 -31 -8 6 -26 -38 120 -36 -18 234 -36 -13 258 -26 -23 132 -31 -28 186 -36 -8 270 -36 -53 348 -31 -28 30 29 -13 354 39 -63 120 -31 -3 348 24 -3 270 -26 -18 66 -26 -8 156 39 -68 108 29 -13 12 39 -28 96 29 2 186 34 -38 6 39 -73 120 -26 7 6 -26 -28 132 -36 -63 354 -21 7 156 29 -3 6 -36 -28 234 -36 -43 12 24 -23 288 39 -73 108 24 -18 342 29 -38 348 -26 -33 108 24 2 354 -26 -43 96 34 -38 66 -31 -63 156 -31 7 282 34 -13 156 -21 -3 108 -21 2 66 24 -23 342 39 -33 96 -31 -8 348 34 -33 186 -26 2 30 -31 -48 180 -26 -33 132 34 -43 66 -36 -18 300 -31 -68 156 24 -28 282 -26 -38 108 34 -8 108 -21 -8 96 -31 -8 12 -26 -28 66 29 -63 270 -16 7 96 -21 7 180 -31 -53 180 29 -8 6 29 -33 258 29 -28 30 -31 -73 156 -21 2 156 19 2 300 -31 -3 234 34 -23 156 -31 -13 348 -26 2 354 39 -43 96 -26 -43 108 -26 -3 30 34 -8 96 34 -43 186 -26 -53 96 24 -33 342 34 -13 108 -21 -8 108 -16 7 108 -26 -33 66 -16 7 132 -36 -78 354 -36 -73 348 -26 2 348 39 -53 132 29 -73 270 19 2 270 29 -33 30 19 -3 300 24 -38 282 34 -63 6 39 -63 132 -31 -33 6 -21 -18 120 -31 -3 300 -26 -48 132 -26 -18 180 24 -43 282 34 -43 156 -36 -68 342 -31 -3 282 -36 -53 234 34 -68 66 34 -33 180 -26 -43 66 24 2 186 -26 -53 132 -21 -23 96 -36 -73 342 24 -13 258 -36 -38 300 34 -28 108 34 -23 120 24 -13 354 -26 -68 96 -31 -28 348 -26 -23 180 29 -58 258 24 -3 6 19 2 258 -26 -3 342 -16 2 66 29 -13 180 24 2 66 29 -58 234 -36 -78 342 29 -63 348 -26 -58 132 34 -33 108 -31 -73 30 -31 -18 234 -26 -48 66 19 -18 282 -21 7 348 24 -43 300 14 2 300 -21 -28 96 19 -18 288 -16 12 348 -16 -3 108 -26 -73 96 29 -23 186 29 -28 6 29 -53 30 29 -58 12 -31 -38 354 -26 -28 180 24 -3 186 -21 2 6 -16 7 186 34 -63 156 34 -38 108 -11 7 108 -21 -8 180 -31 -78 30 19 -18 342 -26 -8 342 -26 -53 66 -26 -83 120 -31 -33 342 -36 -53 270 -26 2 282 29 -58 30 -26 -78 96 14 2 342 29 -73 348 24 -53 300 29 -58 354 -21 -33 96 -16 -3 66 24 -23 258 24 -18 12 -36 -53 300 34 -43 108 24 -68 288 34 -43 120 -26 -18 6 -21 -3 30 -21 7 282 29 -33 6 14 2 270 19 2 6 14 2 348 -21 2 348 19 -13 270 -26 -33 30 -11 12 6 -16 -8 108 29 -13 108 -21 -38 120 -26 -33 186 -16 -13 96 -21 2 354 -11 12 348 29 -68 354 -16 12 282 -1 12 120 -21 -18 156 34 -48 108 -26 -48 156 -36 -48 288 -26 -18 354 -31 -83 186 19 -28 282 -21 -38 96 24 -68 282 24 -13 6 19 -28 288 -11 2 132 -26 -3 270 -11 12 12 14 -8 300 -36 -78 234 34 -33 96 -16 7 12 -16 12 288 -16 7 354 -31 -23 270 -16 12 258 19 2 180 -16 -8 66 29 -38 66 -36 -63 300 29 -23 156 24 -28 234 -6 7 156 -36 -53 282 -1 12 96 -26 -63 66 -1 12 66 -31 -73 6 -16 -18 96 14 -3 348 24 -48 270 -16 2 30 4 7 282 -16 2 6 19 -33 282 -36 -68 300 -16 -3 180 -26 -18 342 -26 -18 12 34 -73 180 -6 12 348 -11 7 30 -36 -58 282 -16 -8 156 -31 -28 270 -21 -8 6 -26 -28 6 -31 -48 342 4 7 300 14 7 66 -31 -58 354 34 -43 132 19 -13 258 24 -13 66 4 12 108 19 2 108 29 -43 186 9 12 96 -26 -23 348 34 -63 120 -16 7 288 9 12 108 -16 2 354 14 7 108 -11 7 354 -36 -73 300 9 2 258 24 -18 186 -16 2 342 -16 -18 132 4 12 96 -16 -23 96 19 -38 342 -16 -18 108 -6 12 354 9 12 120 -1 7 66 9 2 348 24 -33 12 19 -33 300 -31 -33 300 34 -48 132 9 7 6 24 -48 348 -16 -23 120 9 -3 300 -11 7 342 14 -8 270 34 -68 108 -6 12 342 4 7 354 14 2 180 -21 -8 348 24 -18 66 19 -3 96 -11 -8 120 -6 12 258 -11 2 30 -11 2 348 29 -53 66 -16 2 270 19 -43 342 4 2 300 4 7 156 -11 7 300 14 2 66 19 -43 282 24 -8 120 24 -38 12 19 -43 288 -31 -33 288 -31 -48 234 -21 -33 156 -31 -58 342 9 7 96 -1 2 132 -11 -8 108 -1 7 288 24 -63 270 29 -28 120 19 -8 180 -26 -33 354 -16 -28 96 -1 2 108 -26 -13 288 4 2 348 19 -18 30 24 -48 258 14 -13 348 9 -3 348 -26 -23 234 19 -3 132 -26 -18 300 -6 7 300 24 -23 66 -1 7 342 9 -8 300 19 -48 288 24 -13 96 14 -13 270 34 -58 96 -21 -63 120 19 -13 6 14 -3 180 -1 7 234 19 -23 258 19 -33 270 14 2 120 -16 -13 180 -31 -48 258 -31 -43 300 -31 -73 354 -31 -38 282 29 -43 180 -26 -73 156 -11 -3 6 -36 -78 282 -21 -18 6 34 -63 132 34 -63 96 -21 -8 288 14 -23 282 4 2 108 -6 2 6 -26 -33 342 -11 -8 180 -1 2 282 -16 -28 108 -11 -13 96 -1 -3 132 -16 -28 132 -16 -3 258 -1 2 12 -21 -13 234 9 -8 258 -26 -28 234 19 -53 342 -6 -8 156 -6 -3 180 14 -23 342 19 -48 300 -11 2 258 34 -68 96 24 -28 66 -31 -68 12 29 -48 180 14 -8 6 -31 -78 354 -6 2 288 4 2 180 29 -33 132 -31 -43 288 14 -3 132 24 -18 96 4 -8 282 4 2 186 -16 -28 66 -31 -78 348 9 -13 270 29 -58 156 -6 -3 348 -21 -18 348 19 -28 354 9 -13 288 4 -8 288 -21 -33 30 19 -18 180 19 -18 186 -6 -13 132 -21 -18 342 -16 -38 96 -6 -3 30 -31 -58 258 -21 -53 66 14 -8 66 -16 -33 108 -11 -18 96 14 -28 342 -1 -3 300 14 -8 96 24 -33 66 -31 -53 300 24 -63 234 -26 -38 12 9 -3 66 4 -3 234 9 -13 258 -16 -13 234 -16 -13 354 29 -73 66 19 -28 30 -1 -3 354 -1 -3 180 9 -3 132 9 -13 348 19 -13 132 29 -58 180 -16 -43 120 -26 -48 348 -26 -73 30 9 -18 282 19 -23 6 -21 -43 180 -26 -43 342 24 -23 96 -31 -58 270 19 -33 354 -21 -73 96 14 -18 234 9 -8 186 4 -8 156 -21 -58 66 -16 -43 96 -26 -38 234 -21 -78 120 -21 -23 354 19 -63 300 -26 -43 12 14 -33 342 14 -13 66 4 -8 132 14 -13 156 14 -33 288 9 -8 96 -6 -13 180 9 -18 258 -21 -53 156 -16 -18 354 -26 -78 30 19 -38 258 -11 -13 234 24 -33 156 29 -53 120 14 -23 258 -31 -73 234 -1 -13 66 14 -18 6 -6 -8 300 19 -68 300 19 -68 282 24 -28 120 -6 -8 258 -21 -33 6 4 -8 186 19 -28 6 24 -43 66 24 -28 96 -16 -28 186 24 -73 354 19 -23 96 -16 -43 108 4 -18 288 -26 -33 282 29 -58 120 -11 -18 30 -26 -58 354 14 -18 66 -6 -13 6 19 -43 258 -31 -78 234 -26 -53 342 -6 -23 96 -16 -23 342 4 -13 96 -1 -18 96 -21 -78 108 -6 -13 300 -6 -13 288 -21 -38 6 14 -23 180 14 -33 348 9 -28 282 -11 -18 342 -31 -63 288 19 -43 354 -21 -53 186 -16 -48 132 -26 -63 354 19 -43 12 -21 -28 288 -11 -23 348 4 -23 300 -16 -28 6 19 -28 156 24 -33 132 -1 -18 300 -1 -23 156 -21 -58 180 -11 -33 96 -26 -63 348 14 -23 108 -1 -23 108 -21 -43 6 -11 -33 66 -21 -73 66 -16 -28 12 -16 -28 342 -26 -53 234 -21 -38 348 14 -38 270 4 -28 270 -16 -58 96 -11 -23 342 -21 -68 156 -21 -58 186 -16 -53 132 14 -48 288 -16 -53 108 -1 -18 6 4 -28 288 -11 -33 180 -1 -18 30 -11 -33 186 24 -58 186 -11 -28 348 -6 -33 120 19 -33 96 4 -23 108 -21 -63 180 19 -33 156 -11 -28 6 -21 -38 342 -21 -48 6 -31 -73 282 -16 -33 6 -1 -23 300 19 -58 348 -16 -33 234 -21 -38 234 9 -23 96 -26 -48 300 -21 -78 66 4 -23 180 -21 -38 12 24 -53 156 4 -23 66 4 -23 96 -16 -33 12 -16 -33 342 9 -33 354 -26 -58 234 9 -33 348 -26 -73 354 4 -33 282 14 -43 348 -21 -38 270 -11 -43 120 4 -28 156 -16 -48 156 14 -38 12 9 -28 180 4 -28 354 -11 -28 300 -21 -43 354 19 -58 234 9 -33 234 19 -38 66 4 -28 132 -11 -33 6 -11 -43 132 -1 -28 288 -11 -33 30 14 -33 96 9 -28 96 -6 -28 12 14 -38 186 4 -28 180 9 -38 342 -1 -28 12 -21 -43 282 -11 -43 66 14 -38 30 -16 -38 354 -26 -63 234 24 -68 186 -6 -28 288 19 -58 354 9 -38 354 19 -63 258 -21 -43 300 4 -38 270 9 -38 348 -16 -68 96 -16 -53 156 -21 -73 180 -11 -33 258 9 -43 270 14 -43 234 9 -38 12 -6 -43 132 -6 -33 234 4 -33 108 24 -68 66 19 -48 186 -6 -38 180 -1 -33 348 -26 -63 258 -11 -38 6 -6 -33 6 -21 -48 258 24 -73 186 9 -43 342 -21 -48 282 -11 -38 12 9 -48 300 -1 -33 234 4 -33 186 -16 -43 354 -1 -33 354 -1 -38 96 14 -63 282 -21 -48 12 9 -38 186 9 -48 282 14 -53 270 -16 -53 186 9 -38 180 -11 -48 180 24 -68 156 24 -53 96 -21 -53 354 -1 -33 6 19 -53 180 -11 -43 348 -1 -38 288 -1 -38 258 -16 -48 348 -11 -43 6 -11 -38 288 -1 -43 108 14 -43 66 -6 -38 30 14 -68 288 -11 -53 108 
35 4 1 2 bottle_2 0.970588 110 -26 -73 234 4 -38 186 -11 -43 354 -11 -43 12 -6 -38 288 -6 -48 96 -16 -48 354 -1 -43 66 -21 -58 348 4 -38 30 -16 -78 96 -21 -53 270 9 -43 180 -11 -58 120 9 -48 348 4 -43 354 14 -53 12 4 -43 234 9 -53 288 -1 -38 30 -6 -53 156 19 -53 66 -26 -68 270 -11 -58 156 14 -48 96 -16 -53 6 14 -48 66 -6 -43 30 -1 -43 234 -6 -53 66 4 -43 66 14 -73 282 -1 -48 96 9 -48 186 4 -53 270 9 -48 30 9 -48 180 24 -63 96 -16 -53 270 -16 -68 156 -16 -53 282 -11 -48 342 -16 -78 108 -6 -48 234 -6 -58 120 -1 -43 6 -1 -43 30 19 -58 96 -11 -53 234 9 -48 108 -6 -48 6 14 -53 66 14 -58 180 9 -63 300 -6 -58 96 -11 -53 12 -1 -53 96 -6 -48 354 -16 -58 12 -11 -53 258 -11 -53 300 -6 -58 180 4 -53 132 -1 -53 300 -1 -48 30 -11 -58 30 14 -58 108 -21 -68 282 -6 -53 282 4 -53 96 4 -53 66 -11 -58 12 -16 -63 300 -6 -63 180 -6 -68 132 -6 -68 156 -21 -68 288 -16 -68 348 9 -58 120 4 -58 186 -11 -63 30 -6 -58 6 -16 -68 258 -6 -58 282 -16 -68 354 -11 -78 120 -1 -58 342 -11 -63 342 -1 -68 132 4 -63 108 4 -68 300 -16 -68 288 -11 -68 348 -11 -68 6 -16 -73 6 -6 -63 6 -6 -63 30 4 -63 96 4 -68 342 -6 -63 342 -11 -73 234 -1 -68 348 -1 -63 30 9 -68 96 14 -73 96 -11 -73 30 -6 -68 354 -1 -68 342 9 -73 108 -1 -68 30 
36 4 1 2 bottle_2 0.375 2 -31 -78 96 -36 -78 66 
37 4 1 2 bottle_2 0.0789474 1 -1 -73 30 
38 4 1 2 bottle_2 0.107143 5 -26 -83 156 -31 -83 12 -36 -83 108 -36 -83 66 -36 -83 300 
39 4 1 2 bottle_2 0.929577 11 -36 -83 156 4 -73 108 -6 -73 120 -1 -73 120 -6 -78 120 -36 -83 12 -31 -83 66 -31 -88 108 -36 -83 30 -31 -83 108 -36 -83 6 
40 4 1 2 bottle_2 0.0239411 13 -11 82 258 -6 67 6 -1 67 66 4 72 66 -1 82 186 -1 77 120 4 72 108 -11 77 270 -11 77 348 4 77 66 -6 77 12 -11 77 300 -6 77 354 
